 0.000000e+000  1.308105e-005  0.000000e+000
 2.500000e-001 -1.405405e-005 -7.480341e-006
 5.000000e-001 -2.251285e-005 -2.024395e-005
 7.500000e-001 -4.312112e-005 -1.292568e-005
 1.000000e+000 -3.080082e-005 -1.482179e-005
 1.250000e+000 -5.223738e-005  8.618253e-006
 1.500000e+000 -5.913582e-005 -5.818244e-006
 1.750000e+000 -6.006976e-005 -4.281284e-006
 2.000000e+000 -5.693912e-005 -8.314999e-006
 2.250000e+000 -5.160648e-005 -1.616114e-005
 2.500000e+000 -5.747747e-005 -2.767268e-005
 2.750000e+000 -6.543670e-005 -3.463226e-005
 3.000000e+000 -7.442080e-005 -3.192326e-005
 3.250000e+000 -8.384684e-005 -3.159481e-005
 3.500000e+000 -9.251163e-005 -2.512258e-005
 3.750000e+000 -8.455323e-005  1.103405e-005
 4.000000e+000 -1.165047e-004  2.994677e-005
 4.250000e+000 -9.940811e-005  2.930132e-005
 4.500000e+000 -9.559127e-005  3.258037e-005
 4.750000e+000 -9.579960e-005  4.265794e-005
 5.000000e+000 -8.428439e-005  4.698187e-005
 5.250000e+000 -7.710588e-005  4.017864e-005
 5.500000e+000 -6.567883e-005  4.088457e-005
 5.750000e+000 -6.198604e-005  3.575599e-005
 6.000000e+000 -6.269902e-005  2.682495e-005
 6.250000e+000 -6.006819e-005  2.589123e-005
 6.500000e+000 -6.109006e-005  1.813150e-005
 6.750000e+000 -6.190757e-005  1.902410e-005
 7.000000e+000 -6.427752e-005  1.133972e-005
 7.250000e+000 -6.354579e-005  8.577873e-006
 7.500000e+000 -6.717010e-005  7.029699e-006
 7.750000e+000 -6.790467e-005  6.544215e-006
 8.000000e+000 -7.078980e-005  3.364889e-006
 8.250000e+000 -6.887835e-005  4.141890e-006
 8.500000e+000 -7.051922e-005  1.866130e-006
 8.750000e+000 -7.224795e-005  1.481853e-006
 9.000000e+000 -7.567025e-005  8.677080e-007
 9.250000e+000 -7.588298e-005 -9.524889e-007
 9.500000e+000 -7.815380e-005  2.660567e-007
 9.750000e+000 -7.964472e-005 -2.394326e-006
 1.000000e+001 -8.222547e-005 -4.325744e-006
 1.025000e+001 -8.030346e-005 -3.005798e-006
 1.050000e+001 -8.358383e-005 -3.084094e-006
 1.075000e+001 -8.493626e-005 -2.592330e-006
 1.100000e+001 -8.792697e-005 -3.148852e-006
 1.125000e+001 -8.934112e-005 -4.547138e-006
 1.150000e+001 -9.070257e-005 -2.603269e-006
 1.175000e+001 -9.282342e-005 -2.361983e-006
 1.200000e+001 -9.513471e-005 -1.581245e-006
 1.225000e+001 -9.517941e-005 -2.427833e-006
 1.250000e+001 -9.606766e-005 -4.208844e-006
 1.275000e+001 -9.688477e-005 -4.658577e-006
 1.300000e+001 -9.811992e-005 -2.633177e-006
 1.325000e+001 -1.000067e-004 -2.667532e-006
 1.350000e+001 -1.013302e-004 -3.500681e-006
 1.375000e+001 -1.031774e-004 -3.869584e-006
 1.400000e+001 -1.048322e-004 -4.090310e-006
 1.425000e+001 -1.060107e-004 -5.574151e-006
 1.450000e+001 -1.092038e-004 -6.283532e-006
 1.475000e+001 -1.112278e-004 -7.680568e-006
 1.500000e+001 -1.168169e-004 -7.380864e-006
 1.525000e+001 -1.164872e-004 -7.941552e-006
 1.550000e+001 -1.203937e-004 -1.002428e-005
 1.575000e+001 -1.251078e-004 -8.158393e-006
 1.600000e+001 -1.276906e-004 -9.268396e-006
 1.625000e+001 -1.317686e-004 -9.568895e-006
 1.650000e+001 -1.365161e-004 -1.034680e-005
 1.675000e+001 -1.409091e-004 -1.259043e-005
 1.700000e+001 -1.445110e-004 -1.232485e-005
 1.725000e+001 -1.510610e-004 -1.303242e-005
 1.750000e+001 -1.560870e-004 -1.328161e-005
 1.775000e+001 -1.628897e-004 -1.481014e-005
 1.800000e+001 -1.712326e-004 -1.690367e-005
 1.825000e+001 -1.795029e-004 -1.685058e-005
 1.850000e+001 -1.869856e-004 -1.820778e-005
 1.875000e+001 -1.977308e-004 -2.041733e-005
 1.900000e+001 -2.081757e-004 -2.223521e-005
 1.925000e+001 -2.247865e-004 -2.354794e-005
 1.950000e+001 -2.382812e-004 -2.565835e-005
 1.975000e+001 -2.570947e-004 -2.682229e-005
 2.000000e+001 -2.822765e-004 -2.972065e-005
 2.025000e+001 -3.083883e-004 -3.013515e-005
 2.050000e+001 -3.422126e-004 -3.564679e-005
 2.075000e+001 -3.860552e-004 -3.390083e-005
 2.100000e+001 -4.392463e-004 -4.066329e-005
 2.125000e+001 -5.192839e-004 -4.976595e-005
 2.150000e+001 -6.250494e-004 -4.647933e-005
 2.175000e+001 -7.991389e-004 -4.193498e-005
 2.200000e+001 -1.137330e-003 -5.779784e-006
 2.225000e+001 -1.683371e-003  4.110448e-004
 2.250000e+001 -3.610163e-003  1.777863e-003
 2.275000e+001  5.873950e-003  3.223889e-003
 2.300000e+001  1.689861e-003  4.857374e-004
 2.325000e+001  1.020249e-003  2.304535e-004
 2.350000e+001  7.203886e-004  1.475240e-004
 2.375000e+001  5.477557e-004  1.107918e-004
 2.400000e+001  4.517523e-004  8.775205e-005
 2.425000e+001  3.796573e-004  7.441524e-005
 2.450000e+001  3.221432e-004  6.174028e-005
 2.475000e+001  2.837030e-004  5.072298e-005
 2.500000e+001  2.509893e-004  4.448737e-005
 2.525000e+001  2.221977e-004  4.185719e-005
 2.550000e+001  2.016043e-004  3.833992e-005
 2.575000e+001  1.836969e-004  3.281253e-005
 2.600000e+001  1.690913e-004  3.093909e-005
 2.625000e+001  1.550503e-004  2.834318e-005
 2.650000e+001  1.454150e-004  2.696743e-005
 2.675000e+001  1.341885e-004  2.448178e-005
 2.700000e+001  1.244506e-004  2.204467e-005
 2.725000e+001  1.174772e-004  2.303845e-005
 2.750000e+001  1.097518e-004  2.078153e-005
 2.775000e+001  1.024705e-004  1.970422e-005
 2.800000e+001  9.655035e-005  1.876056e-005
 2.825000e+001  9.242694e-005  1.879636e-005
 2.850000e+001  8.707847e-005  1.558113e-005
 2.875000e+001  8.230040e-005  1.645166e-005
 2.900000e+001  7.839347e-005  1.522232e-005
 2.925000e+001  7.387148e-005  1.471932e-005
 2.950000e+001  7.057196e-005  1.341314e-005
 2.975000e+001  6.745173e-005  1.316294e-005
 3.000000e+001  6.447717e-005  1.268553e-005
 3.025000e+001  6.140702e-005  1.278475e-005
 3.050000e+001  5.897894e-005  1.215738e-005
 3.075000e+001  5.676135e-005  1.096066e-005
 3.100000e+001  5.470610e-005  1.100469e-005
 3.125000e+001  5.154207e-005  1.082792e-005
 3.150000e+001  5.003328e-005  1.011787e-005
 3.175000e+001  4.794464e-005  9.893494e-006
 3.200000e+001  4.640638e-005  1.006273e-005
 3.225000e+001  4.403625e-005  8.934403e-006
 3.250000e+001  4.192246e-005  9.059417e-006
 3.275000e+001  4.067420e-005  8.615843e-006
 3.300000e+001  3.893917e-005  8.190087e-006
 3.325000e+001  3.763218e-005  8.332119e-006
 3.350000e+001  3.611375e-005  8.010063e-006
 3.375000e+001  3.480266e-005  7.736450e-006
 3.400000e+001  3.364943e-005  7.503499e-006
 3.425000e+001  3.235809e-005  7.108255e-006
 3.450000e+001  3.124149e-005  7.660199e-006
 3.475000e+001  3.008957e-005  6.984536e-006
 3.500000e+001  2.942017e-005  6.782298e-006
 3.525000e+001  2.830306e-005  6.607428e-006
 3.550000e+001  2.736217e-005  5.921622e-006
 3.575000e+001  2.630454e-005  6.037766e-006
 3.600000e+001  2.531948e-005  5.960643e-006
 3.625000e+001  2.454851e-005  5.887249e-006
 3.650000e+001  2.362936e-005  5.619450e-006
 3.675000e+001  2.272985e-005  5.446456e-006
 3.700000e+001  2.216658e-005  5.265083e-006
 3.725000e+001  2.150999e-005  5.370797e-006
 3.750000e+001  2.048977e-005  5.238229e-006
 3.775000e+001  1.990982e-005  5.110302e-006
 3.800000e+001  1.927195e-005  4.910442e-006
 3.825000e+001  1.854612e-005  4.915682e-006
 3.850000e+001  1.795940e-005  4.517643e-006
 3.875000e+001  1.738492e-005  4.680540e-006
 3.900000e+001  1.658131e-005  4.624140e-006
 3.925000e+001  1.633020e-005  4.437781e-006
 3.950000e+001  1.569004e-005  4.369585e-006
 3.975000e+001  1.533857e-005  4.327561e-006
 4.000000e+001  1.475703e-005  3.927384e-006
 4.025000e+001  1.423607e-005  3.980123e-006
 4.050000e+001  1.349220e-005  3.888393e-006
 4.075000e+001  1.319753e-005  3.905506e-006
 4.100000e+001  1.254189e-005  3.650548e-006
 4.125000e+001  1.229479e-005  3.525519e-006
 4.150000e+001  1.185251e-005  3.566265e-006
 4.175000e+001  1.132283e-005  3.574897e-006
 4.200000e+001  1.089893e-005  3.319791e-006
 4.225000e+001  1.055132e-005  3.245642e-006
 4.250000e+001  1.018130e-005  3.069931e-006
 4.275000e+001  9.828516e-006  3.109799e-006
 4.300000e+001  9.526079e-006  3.140320e-006
 4.325000e+001  9.083837e-006  2.920783e-006
 4.350000e+001  8.786054e-006  2.857504e-006
 4.375000e+001  8.386145e-006  2.749835e-006
 4.400000e+001  7.876431e-006  2.611678e-006
 4.425000e+001  7.692818e-006  2.648645e-006
 4.450000e+001  7.316860e-006  2.459423e-006
 4.475000e+001  6.757304e-006  2.098544e-006
 4.500000e+001  6.202559e-006  2.302178e-006
 4.525000e+001  4.833709e-006  2.422763e-006
 4.550000e+001  6.077678e-006  3.561739e-006
 4.575000e+001  5.848564e-006  2.965315e-006
 4.600000e+001  5.648176e-006  2.858086e-006
 4.625000e+001  5.249974e-006  2.517007e-006
 4.650000e+001  5.002678e-006  2.602042e-006
 4.675000e+001  4.752542e-006  2.424567e-006
 4.700000e+001  4.513378e-006  2.289269e-006
 4.725000e+001  4.165331e-006  2.261152e-006
 4.750000e+001  3.954220e-006  2.181552e-006
 4.775000e+001  3.815925e-006  2.256414e-006
 4.800000e+001  3.478641e-006  2.131397e-006
 4.825000e+001  3.216248e-006  2.045744e-006
 4.850000e+001  3.000392e-006  2.091169e-006
 4.875000e+001  2.747373e-006  2.031708e-006
 4.900000e+001  2.512969e-006  1.881366e-006
 4.925000e+001  2.497218e-006  1.970578e-006
 4.950000e+001  2.200827e-006  1.860849e-006
 4.975000e+001  1.981810e-006  1.845755e-006
 5.000000e+001  1.657588e-006  1.745179e-006
 5.025000e+001  1.449111e-006  1.785227e-006
 5.050000e+001  1.283020e-006  1.662998e-006
 5.075000e+001  1.093882e-006  1.599716e-006
 5.100000e+001  8.594970e-007  1.651768e-006
 5.125000e+001  7.067432e-007  1.526749e-006
 5.150000e+001  3.981138e-007  1.579601e-006
 5.175000e+001  2.438429e-007  1.521761e-006
 5.200000e+001 -3.016822e-009  1.515413e-006
 5.225000e+001 -1.520530e-007  1.502730e-006
 5.250000e+001 -4.711660e-007  1.544687e-006
 5.275000e+001 -5.858619e-007  1.364123e-006
 5.300000e+001 -7.328697e-007  1.333680e-006
 5.325000e+001 -9.489094e-007  1.296419e-006
 5.350000e+001 -1.177387e-006  1.276960e-006
 5.375000e+001 -1.436900e-006  1.367206e-006
 5.400000e+001 -1.598692e-006  1.209895e-006
 5.425000e+001 -1.687761e-006  1.187868e-006
 5.450000e+001 -1.895043e-006  1.225202e-006
 5.475000e+001 -1.950042e-006  1.154972e-006
 5.500000e+001 -2.307764e-006  1.183980e-006
 5.525000e+001 -2.588652e-006  1.232942e-006
 5.550000e+001 -2.557217e-006  1.347467e-006
 5.575000e+001 -2.774168e-006  1.281732e-006
 5.600000e+001 -2.917825e-006  1.392511e-006
 5.625000e+001 -2.964400e-006  1.644837e-006
 5.650000e+001 -2.967950e-006  1.787228e-006
 5.675000e+001 -2.461749e-006  1.597191e-006
 5.700000e+001 -2.727281e-006  2.431255e-007
 5.725000e+001 -3.700203e-006  3.761202e-007
 5.750000e+001 -3.992111e-006  7.868339e-007
 5.775000e+001 -3.970186e-006  6.019853e-007
 5.800000e+001 -4.257583e-006  8.092342e-007
 5.825000e+001 -4.341263e-006  7.536251e-007
 5.850000e+001 -4.598633e-006  7.146695e-007
 5.875000e+001 -4.918372e-006  7.273349e-007
 5.900000e+001 -4.979848e-006  6.154648e-007
 5.925000e+001 -5.280196e-006  7.346242e-007
 5.950000e+001 -5.318133e-006  5.709612e-007
 5.975000e+001 -5.551319e-006  7.033517e-007
 6.000000e+001 -5.653451e-006  7.195471e-007
 6.025000e+001 -6.018510e-006  5.824723e-007
 6.050000e+001 -6.116133e-006  4.325220e-007
 6.075000e+001 -6.318688e-006  3.701080e-007
 6.100000e+001 -6.642623e-006  5.273312e-007
 6.125000e+001 -6.754001e-006  2.599435e-007
 6.150000e+001 -6.947120e-006  2.640041e-007
 6.175000e+001 -7.284755e-006  3.522742e-007
 6.200000e+001 -7.485335e-006  4.911026e-007
 6.225000e+001 -7.943323e-006  3.834773e-007
 6.250000e+001 -8.198879e-006  4.238060e-007
 6.275000e+001 -8.527818e-006  5.280068e-007
 6.300000e+001 -8.669160e-006  3.400768e-007
 6.325000e+001 -8.918526e-006  4.222608e-007
 6.350000e+001 -9.298062e-006  3.904243e-007
 6.375000e+001 -9.541911e-006  3.984721e-007
 6.400000e+001 -9.627527e-006  5.445241e-007
 6.425000e+001 -9.879893e-006  4.727835e-007
 6.450000e+001 -1.026450e-005  2.950310e-007
 6.475000e+001 -1.066783e-005  4.836240e-007
 6.500000e+001 -1.078919e-005  5.540607e-007
 6.525000e+001 -1.136602e-005  5.909146e-007
 6.550000e+001 -1.135418e-005  7.434270e-007
 6.575000e+001 -1.179710e-005  7.364092e-007
 6.600000e+001 -1.192931e-005  5.515726e-007
 6.625000e+001 -1.253842e-005  3.780439e-007
 6.650000e+001 -1.252332e-005  4.985371e-007
 6.675000e+001 -1.310535e-005  5.773377e-007
 6.700000e+001 -1.339595e-005  5.966253e-007
 6.725000e+001 -1.392438e-005  5.156513e-007
 6.750000e+001 -1.408186e-005  7.651654e-007
 6.775000e+001 -1.446047e-005  1.061423e-006
 6.800000e+001 -1.448110e-005  7.324003e-007
 6.825000e+001 -1.567152e-005  6.438744e-007
 6.850000e+001 -1.632310e-005  5.696230e-007
 6.875000e+001 -1.667365e-005  4.816923e-007
 6.900000e+001 -1.716597e-005  5.733882e-007
 6.925000e+001 -1.747153e-005  6.555079e-007
 6.950000e+001 -1.815738e-005  1.047946e-006
 6.975000e+001 -1.895523e-005  8.182898e-007
 7.000000e+001 -1.925676e-005  8.069071e-007
 7.025000e+001 -2.014403e-005  1.228357e-006
 7.050000e+001 -2.052645e-005  1.330973e-006
 7.075000e+001 -2.125011e-005  9.840334e-007
 7.100000e+001 -2.178174e-005  1.232511e-006
 7.125000e+001 -2.273568e-005  1.276771e-006
 7.150000e+001 -2.374260e-005  1.487387e-006
 7.175000e+001 -2.482000e-005  1.359296e-006
 7.200000e+001 -2.584233e-005  1.571936e-006
 7.225000e+001 -2.691443e-005  1.620134e-006
 7.250000e+001 -2.834798e-005  2.551398e-006
 7.275000e+001 -2.927898e-005  3.288864e-006
 7.300000e+001 -2.921963e-005  4.870881e-006
 7.325000e+001 -2.915031e-005  2.833122e-006
 7.350000e+001 -3.139612e-005  2.435975e-006
 7.375000e+001 -3.322385e-005  2.622338e-006
 7.400000e+001 -3.564959e-005  3.029760e-006
 7.425000e+001 -3.720204e-005  2.632410e-006
 7.450000e+001 -3.927032e-005  3.199745e-006
 7.475000e+001 -4.166778e-005  2.442330e-006
 7.500000e+001 -4.418523e-005  3.551546e-006
 7.525000e+001 -4.715796e-005  4.335462e-006
 7.550000e+001 -5.082724e-005  3.890731e-006
 7.575000e+001 -5.476316e-005  5.279750e-006
 7.600000e+001 -5.942745e-005  5.659833e-006
 7.625000e+001 -6.346598e-005  7.357746e-006
 7.650000e+001 -6.973624e-005  8.348929e-006
 7.675000e+001 -7.586464e-005  1.017019e-005
 7.700000e+001 -8.471360e-005  1.190323e-005
 7.725000e+001 -9.501319e-005  1.626774e-005
 7.750000e+001 -1.055754e-004  1.921050e-005
 7.775000e+001 -1.207284e-004  2.718059e-005
 7.800000e+001 -1.415204e-004  3.513569e-005
 7.825000e+001 -1.674071e-004  5.233594e-005
 7.850000e+001 -2.036994e-004  7.764902e-005
 7.875000e+001 -2.534952e-004  1.280643e-004
 7.900000e+001 -3.181755e-004  2.285869e-004
 7.925000e+001 -3.527731e-004  4.955774e-004
 7.950000e+001  1.248945e-004  9.229712e-004
 7.975000e+001  5.319070e-004  2.106676e-004
 8.000000e+001  3.044864e-004  7.093222e-005
 8.025000e+001  2.162141e-004  3.650003e-005
 8.050000e+001  1.699207e-004  2.573425e-005
 8.075000e+001  1.387907e-004  2.148391e-005
 8.100000e+001  1.198960e-004  1.734855e-005
 8.125000e+001  1.042565e-004  1.460236e-005
 8.150000e+001  9.292603e-005  1.400750e-005
 8.175000e+001  8.549022e-005  1.219800e-005
 8.200000e+001  7.759544e-005  1.232523e-005
 8.225000e+001  7.303398e-005  1.198729e-005
 8.250000e+001  6.861567e-005  1.178077e-005
 8.275000e+001  6.556419e-005  1.111500e-005
 8.300000e+001  6.270400e-005  9.567822e-006
 8.325000e+001  6.063158e-005  8.747679e-006
 8.350000e+001  5.837300e-005  7.027506e-006
 8.375000e+001  5.625305e-005  4.916441e-006
 8.400000e+001  5.394123e-005  4.360319e-006
 8.425000e+001  5.240979e-005  2.275068e-006
 8.450000e+001  4.934921e-005  7.548701e-007
 8.475000e+001  4.759925e-005 -1.368968e-007
 8.500000e+001  4.456996e-005 -7.776980e-007
 8.525000e+001  4.272134e-005 -1.263675e-006
 8.550000e+001  4.058710e-005 -1.542545e-006
 8.575000e+001  3.882366e-005 -1.537398e-006
 8.600000e+001  3.730884e-005 -1.521428e-006
 8.625000e+001  3.581218e-005 -1.858825e-006
 8.650000e+001  3.432646e-005 -2.260048e-006
 8.675000e+001  3.314966e-005 -1.922608e-006
 8.700000e+001  3.164626e-005 -1.664865e-006
 8.725000e+001  3.086152e-005 -2.386653e-006
 8.750000e+001  2.991243e-005 -1.999305e-006
 8.775000e+001  2.895374e-005 -1.950448e-006
 8.800000e+001  2.798973e-005 -1.935090e-006
 8.825000e+001  2.738542e-005 -2.160389e-006
 8.850000e+001  2.676149e-005 -1.902321e-006
 8.875000e+001  2.573508e-005 -1.896127e-006
 8.900000e+001  2.513178e-005 -1.876174e-006
 8.925000e+001  2.456819e-005 -1.841970e-006
 8.950000e+001  2.390462e-005 -1.668864e-006
 8.975000e+001  2.336664e-005 -1.939858e-006
 9.000000e+001  2.284632e-005 -1.687656e-006
 9.025000e+001  2.206092e-005 -1.583918e-006
 9.050000e+001  2.206950e-005 -1.714188e-006
 9.075000e+001  2.149622e-005 -1.641850e-006
 9.100000e+001  2.138107e-005 -1.762450e-006
 9.125000e+001  2.075946e-005 -1.666006e-006
 9.150000e+001  2.041834e-005 -1.867432e-006
 9.175000e+001  1.980082e-005 -1.927200e-006
 9.200000e+001  1.953219e-005 -1.617812e-006
 9.225000e+001  1.917004e-005 -1.881784e-006
 9.250000e+001  1.889073e-005 -1.950852e-006
 9.275000e+001  1.826948e-005 -1.616158e-006
 9.300000e+001  1.805627e-005 -1.792044e-006
 9.325000e+001  1.762066e-005 -1.772222e-006
 9.350000e+001  1.729487e-005 -1.603081e-006
 9.375000e+001  1.713126e-005 -1.621634e-006
 9.400000e+001  1.682901e-005 -1.456182e-006
 9.425000e+001  1.678318e-005 -1.692555e-006
 9.450000e+001  1.613195e-005 -1.507032e-006
 9.475000e+001  1.597400e-005 -1.403107e-006
 9.500000e+001  1.590182e-005 -1.545098e-006
 9.525000e+001  1.563548e-005 -1.614119e-006
 9.550000e+001  1.524393e-005 -1.616816e-006
 9.575000e+001  1.500852e-005 -1.436913e-006
 9.600000e+001  1.498122e-005 -1.351695e-006
 9.625000e+001  1.470493e-005 -1.576960e-006
 9.650000e+001  1.458669e-005 -1.343648e-006
 9.675000e+001  1.416097e-005 -1.414100e-006
 9.700000e+001  1.402106e-005 -1.394743e-006
 9.725000e+001  1.392521e-005 -1.330631e-006
 9.750000e+001  1.372490e-005 -1.366270e-006
 9.775000e+001  1.361154e-005 -1.279179e-006
 9.800000e+001  1.345373e-005 -1.372502e-006
 9.825000e+001  1.322671e-005 -1.257308e-006
 9.850000e+001  1.303481e-005 -1.217431e-006
 9.875000e+001  1.283941e-005 -1.233724e-006
 9.900000e+001  1.271283e-005 -1.273680e-006
 9.925000e+001  1.260927e-005 -1.189451e-006
 9.950000e+001  1.237017e-005 -1.358927e-006
 9.975000e+001  1.227859e-005 -1.264313e-006
 1.000000e+002  1.200733e-005 -1.203671e-006
 1.002500e+002  1.193318e-005 -1.288816e-006
 1.005000e+002  1.180093e-005 -1.347959e-006
 1.007500e+002  1.154991e-005 -1.161201e-006
 1.010000e+002  1.151983e-005 -1.174545e-006
 1.012500e+002  1.136393e-005 -1.346688e-006
 1.015000e+002  1.123074e-005 -1.450775e-006
 1.017500e+002  1.091718e-005 -1.327880e-006
 1.020000e+002  1.043966e-005 -1.224930e-006
 1.022500e+002  1.002304e-005 -6.396497e-007
 1.025000e+002  1.055684e-005 -6.519565e-007
 1.027500e+002  1.052340e-005 -7.087051e-007
 1.030000e+002  1.049132e-005 -7.842969e-007
 1.032500e+002  1.027020e-005 -8.023312e-007
 1.035000e+002  1.021628e-005 -7.403596e-007
 1.037500e+002  1.004361e-005 -7.614585e-007
 1.040000e+002  1.000991e-005 -8.428377e-007
 1.042500e+002  9.856436e-006 -7.671813e-007
 1.045000e+002  9.803776e-006 -7.499425e-007
 1.047500e+002  9.789868e-006 -8.015208e-007
 1.050000e+002  9.754967e-006 -7.109901e-007
 1.052500e+002  9.462606e-006 -8.001079e-007
 1.055000e+002  9.431457e-006 -6.102429e-007
 1.057500e+002  9.127736e-006 -7.609968e-007
 1.060000e+002  9.089025e-006 -5.865012e-007
 1.062500e+002  9.306537e-006 -5.465261e-007
 1.065000e+002  9.011762e-006 -5.799900e-007
 1.067500e+002  8.804843e-006 -4.771656e-007
 1.070000e+002  8.662925e-006 -5.703140e-007
 1.072500e+002  8.597988e-006 -5.772629e-007
 1.075000e+002  8.440643e-006 -4.355321e-007
 1.077500e+002  8.343875e-006 -4.602343e-007
 1.080000e+002  8.263613e-006 -4.022043e-007
 1.082500e+002  8.163410e-006 -4.452729e-007
 1.085000e+002  8.043678e-006 -4.181084e-007
 1.087500e+002  7.919379e-006 -3.117917e-007
 1.090000e+002  7.629268e-006 -3.152831e-007
 1.092500e+002  7.646640e-006 -1.504271e-007
 1.095000e+002  7.550166e-006 -9.639738e-008
 1.097500e+002  7.225411e-006 -7.667823e-008
 1.100000e+002  7.219915e-006 -5.670138e-008
 1.102500e+002  6.956513e-006  4.075884e-009
 1.105000e+002  6.877519e-006  2.553308e-007
 1.107500e+002  6.604757e-006  4.638374e-007
 1.110000e+002  6.431917e-006  5.589012e-007
 1.112500e+002  6.236009e-006  4.815673e-007
 1.115000e+002  6.160639e-006  1.080734e-006
 1.117500e+002  5.707518e-006  1.156841e-006
 1.120000e+002  5.619762e-006  1.686544e-006
 1.122500e+002  5.379628e-006  2.264872e-006
 1.125000e+002  5.193155e-006  2.955569e-006
 1.127500e+002  5.222552e-006  3.747155e-006
 1.130000e+002  5.662177e-006  4.912680e-006
 1.132500e+002  6.615129e-006  6.129019e-006
 1.135000e+002  7.955106e-006  6.865581e-006
 1.137500e+002  1.036010e-005  6.391417e-006
 1.140000e+002  1.175986e-005  5.009568e-006
 1.142500e+002  1.230012e-005  3.212121e-006
 1.145000e+002  1.192115e-005  2.033037e-006
 1.147500e+002  1.125805e-005  1.294561e-006
 1.150000e+002  1.105099e-005  9.402756e-007
 1.152500e+002  1.046382e-005  5.201309e-007
 1.155000e+002  1.026969e-005  3.428191e-007
 1.157500e+002  9.884692e-006  2.858550e-007
 1.160000e+002  9.801845e-006  2.442161e-009
 1.162500e+002  9.438286e-006  1.159338e-007
 1.165000e+002  9.219172e-006 -8.624217e-008
 1.167500e+002  9.055225e-006 -9.346060e-008
 1.170000e+002  8.930111e-006 -1.282877e-007
 1.172500e+002  8.871703e-006 -1.391174e-007
 1.175000e+002  8.624643e-006 -1.940637e-007
 1.177500e+002  8.521037e-006 -1.510997e-007
 1.180000e+002  8.502016e-006 -2.429726e-007
 1.182500e+002  8.185634e-006 -2.158366e-007
 1.185000e+002  8.223008e-006 -2.691771e-007
 1.187500e+002  8.167146e-006 -3.812206e-007
 1.190000e+002  8.047106e-006 -3.739686e-007
 1.192500e+002  7.854867e-006 -1.719949e-007
 1.195000e+002  7.707988e-006 -3.746765e-007
 1.197500e+002  7.741994e-006 -3.445314e-007
 1.200000e+002  7.713953e-006 -2.390865e-007
 1.202500e+002  7.547613e-006 -2.028598e-007
 1.205000e+002  7.497514e-006 -1.340278e-007
 1.207500e+002  7.347717e-006 -2.527437e-007
 1.210000e+002  7.309798e-006 -2.432478e-007
 1.212500e+002  7.251205e-006 -2.916908e-007
 1.215000e+002  7.058073e-006 -2.721875e-007
 1.217500e+002  7.087950e-006 -1.076400e-007
 1.220000e+002  7.227803e-006 -2.044310e-007
 1.222500e+002  6.888929e-006 -3.405520e-007
 1.225000e+002  6.856929e-006 -1.517530e-007
 1.227500e+002  6.988426e-006 -2.318877e-007
 1.230000e+002  6.792176e-006 -2.840979e-007
 1.232500e+002  6.766176e-006 -2.661166e-007
 1.235000e+002  6.735044e-006 -2.149122e-007
 1.237500e+002  6.658405e-006 -1.653188e-007
 1.240000e+002  6.710743e-006 -2.770027e-007
 1.242500e+002  6.564406e-006 -1.400478e-007
 1.245000e+002  6.589138e-006 -1.804640e-007
 1.247500e+002  6.437403e-006 -1.523253e-007
 1.250000e+002  6.345296e-006 -1.676734e-007
 1.252500e+002  6.349622e-006 -1.758261e-007
 1.255000e+002  6.269990e-006 -2.382149e-007
 1.257500e+002  6.301979e-006 -1.900502e-007
 1.260000e+002  6.130731e-006 -1.531839e-007
 1.262500e+002  6.150438e-006 -1.203274e-007
 1.265000e+002  6.122548e-006 -1.005249e-007
 1.267500e+002  6.072859e-006 -1.819610e-007
 1.270000e+002  6.103416e-006 -1.254427e-007
 1.272500e+002  6.050575e-006 -1.330530e-007
 1.275000e+002  6.030712e-006 -1.286652e-007
 1.277500e+002  5.985580e-006 -9.905300e-008
 1.280000e+002  5.879697e-006  6.529577e-008
 1.282500e+002  5.870098e-006  6.379401e-009
 1.285000e+002  5.894108e-006 -2.793293e-008
 1.287500e+002  5.815229e-006 -1.562898e-008
 1.290000e+002  5.765885e-006 -1.427044e-007
 1.292500e+002  5.705544e-006  1.485511e-008
 1.295000e+002  5.718558e-006  1.254909e-007
 1.297500e+002  5.666492e-006 -3.523102e-009
 1.300000e+002  5.602760e-006 -4.401816e-008
 1.302500e+002  5.521783e-006  7.626766e-008
 1.305000e+002  5.479432e-006  3.138561e-009
 1.307500e+002  5.287337e-006 -4.251559e-008
 1.310000e+002  5.429058e-006 -1.193370e-007
 1.312500e+002  5.322404e-006  8.132204e-008
 1.315000e+002  5.272557e-006 -4.089241e-008
 1.317500e+002  5.277376e-006  9.813564e-008
 1.320000e+002  5.163669e-006  6.524679e-008
 1.322500e+002  5.051683e-006  1.341173e-007
 1.325000e+002  5.076972e-006  1.592323e-007
 1.327500e+002  5.269537e-006  2.672387e-007
 1.330000e+002  5.082706e-006  2.448466e-008
 1.332500e+002  5.121934e-006 -7.176836e-008
 1.335000e+002  5.176843e-006  1.087190e-007
 1.337500e+002  4.893559e-006  1.177568e-007
 1.340000e+002  4.981722e-006 -7.486374e-008
 1.342500e+002  5.087599e-006  1.469795e-007
 1.345000e+002  4.877905e-006  1.245718e-007
 1.347500e+002  4.847496e-006 -8.767402e-008
 1.350000e+002  4.972021e-006  6.489931e-008
 1.352500e+002  4.993919e-006 -1.470766e-008
 1.355000e+002  4.877353e-006  5.642419e-008
 1.357500e+002  4.922422e-006  1.326697e-007
 1.360000e+002  4.717651e-006 -1.345355e-007
 1.362500e+002  4.667708e-006  5.888449e-008
 1.365000e+002  4.527761e-006 -1.075404e-008
 1.367500e+002  4.596791e-006  1.138106e-007
 1.370000e+002  4.596672e-006  6.210075e-008
 1.372500e+002  4.597211e-006  1.720126e-007
 1.375000e+002  4.639568e-006  8.694999e-008
 1.377500e+002  4.466622e-006  9.723306e-008
 1.380000e+002  4.646557e-006  2.690032e-007
 1.382500e+002  4.508862e-006  1.986592e-007
 1.385000e+002  4.561629e-006  6.276996e-008
 1.387500e+002  4.445749e-006  2.073790e-007
 1.390000e+002  4.354004e-006  1.184023e-007
 1.392500e+002  4.269543e-006  1.327285e-007
 1.395000e+002  4.385499e-006  1.550527e-007
 1.397500e+002  4.346319e-006  1.354530e-007
 1.400000e+002  4.197421e-006  1.868782e-007
 1.402500e+002  4.278979e-006  2.642825e-007
 1.405000e+002  4.148982e-006  1.156180e-007
 1.407500e+002  4.149699e-006  2.130186e-007
 1.410000e+002  4.281218e-006  1.149317e-007
 1.412500e+002  4.208707e-006  5.308724e-008
 1.415000e+002  4.303941e-006  1.991806e-007
 1.417500e+002  4.142005e-006  1.047819e-007
 1.420000e+002  4.083751e-006  1.776569e-007
 1.422500e+002  4.137562e-006  1.612538e-007
 1.425000e+002  4.181295e-006  2.430849e-007
 1.427500e+002  3.999177e-006  7.614916e-008
 1.430000e+002  4.137024e-006  6.472484e-008
 1.432500e+002  4.104925e-006 -6.304653e-008
 1.435000e+002  3.884713e-006  7.944789e-008
 1.437500e+002  3.926172e-006  2.044044e-007
 1.440000e+002  3.904105e-006  1.531154e-007
 1.442500e+002  3.838409e-006  1.026448e-007
 1.445000e+002  3.899358e-006  1.230718e-007
 1.447500e+002  3.813308e-006  6.961454e-008
 1.450000e+002  3.860334e-006  3.824365e-008
 1.452500e+002  3.800836e-006  1.415010e-007
 1.455000e+002  3.679208e-006  1.295491e-007
 1.457500e+002  3.790070e-006  5.191736e-009
 1.460000e+002  3.637303e-006  5.274314e-008
 1.462500e+002  3.619573e-006  1.077140e-007
 1.465000e+002  3.586753e-006  1.010189e-007
 1.467500e+002  3.576225e-006  1.280493e-007
 1.470000e+002  3.736986e-006  5.722848e-008
 1.472500e+002  3.558035e-006  1.804156e-007
 1.475000e+002  3.606488e-006  8.976966e-008
 1.477500e+002  3.540459e-006  2.600857e-007
 1.480000e+002  3.650039e-006  1.229848e-007
 1.482500e+002  3.509791e-006  5.785960e-008
 1.485000e+002  3.474114e-006  7.806054e-008
 1.487500e+002  3.555426e-006  1.315127e-007
 1.490000e+002  3.423682e-006  5.550214e-008
 1.492500e+002  3.500697e-006  6.178532e-008
 1.495000e+002  3.469714e-006  3.630528e-008
 1.497500e+002  3.546301e-006  1.059701e-007
 1.500000e+002  3.403762e-006  3.523282e-008
 1.502500e+002  3.427757e-006  2.084627e-007
 1.505000e+002  3.381688e-006  1.379489e-007
 1.507500e+002  3.345850e-006  9.814091e-008
 1.510000e+002  3.372573e-006  1.839550e-008
 1.512500e+002  3.331101e-006 -1.207321e-008
 1.515000e+002  3.212865e-006  2.008574e-007
 1.517500e+002  3.269164e-006  4.651008e-008
 1.520000e+002  3.208355e-006 -5.176986e-008
 1.522500e+002  3.364280e-006  8.949462e-008
 1.525000e+002  3.178565e-006  7.610977e-008
 1.527500e+002  3.226953e-006  1.486393e-007
 1.530000e+002  3.146393e-006  6.194629e-009
 1.532500e+002  3.314420e-006  8.326153e-008
 1.535000e+002  3.108530e-006  6.167481e-008
 1.537500e+002  3.086268e-006 -1.658248e-008
 1.540000e+002  3.078354e-006 -4.037369e-008
 1.542500e+002  2.936300e-006 -4.331080e-008
 1.545000e+002  3.231834e-006  1.165409e-007
 1.547500e+002  3.239646e-006 -6.806655e-008
 1.550000e+002  3.015437e-006  6.695779e-008
 1.552500e+002  3.093835e-006 -9.109745e-008
 1.555000e+002  2.866182e-006 -8.257242e-008
 1.557500e+002  3.042722e-006  2.492621e-008
 1.560000e+002  2.931635e-006  3.579897e-008
 1.562500e+002  3.003944e-006 -1.516924e-008
 1.565000e+002  2.947552e-006 -1.498379e-007
 1.567500e+002  2.897504e-006 -1.418361e-007
 1.570000e+002  2.764397e-006 -6.096649e-008
 1.572500e+002  2.830274e-006 -7.383479e-008
 1.575000e+002  2.728631e-006 -1.074330e-007
 1.577500e+002  2.834377e-006 -1.450984e-007
 1.580000e+002  2.908473e-006 -2.675008e-007
 1.582500e+002  2.701502e-006 -2.368115e-007
 1.585000e+002  2.661098e-006 -2.181599e-007
 1.587500e+002  2.292319e-006 -2.832105e-007
 1.590000e+002  2.335393e-006 -1.933240e-007
 1.592500e+002  2.524116e-006  1.998556e-007
 1.595000e+002  2.613290e-006  2.077255e-007
 1.597500e+002  2.788488e-006  1.018235e-007
 1.600000e+002  2.704713e-006  1.305024e-007
 1.602500e+002  2.521287e-006  1.021097e-007
 1.605000e+002  2.460891e-006  1.394338e-007
 1.607500e+002  2.717672e-006  1.441853e-007
 1.610000e+002  2.563145e-006  2.879118e-007
 1.612500e+002  2.537059e-006  4.851552e-008
 1.615000e+002  2.640385e-006  6.459331e-008
 1.617500e+002  2.449348e-006  1.039665e-007
 1.620000e+002  2.657967e-006  3.720073e-008
 1.622500e+002  2.644844e-006 -9.368314e-009
 1.625000e+002  2.491280e-006 -1.211792e-007
 1.627500e+002  2.699286e-006  1.016364e-007
 1.630000e+002  2.638680e-006  1.339017e-007
 1.632500e+002  2.621946e-006 -3.520949e-008
 1.635000e+002  2.653568e-006 -2.177413e-007
 1.637500e+002  2.460185e-006 -5.154616e-008
 1.640000e+002  2.503620e-006 -8.682615e-008
 1.642500e+002  2.625841e-006 -6.237222e-008
 1.645000e+002  2.628048e-006  1.454275e-007
 1.647500e+002  2.535743e-006 -9.119705e-008
 1.650000e+002  2.479059e-006 -1.891977e-008
 1.652500e+002  2.527209e-006 -2.003904e-007
 1.655000e+002  2.506453e-006 -5.584130e-008
 1.657500e+002  2.528508e-006 -1.160011e-007
 1.660000e+002  2.565629e-006 -1.118859e-007
 1.662500e+002  2.401463e-006 -9.692318e-008
 1.665000e+002  2.519975e-006 -1.185344e-007
 1.667500e+002  2.395704e-006 -1.996539e-007
 1.670000e+002  2.272625e-006  5.537335e-009
 1.672500e+002  2.475639e-006 -2.451128e-008
 1.675000e+002  2.391266e-006 -2.287364e-007
 1.677500e+002  2.426733e-006 -1.378810e-007
 1.680000e+002  2.253921e-006 -8.076196e-008
 1.682500e+002  2.342319e-006 -1.674934e-007
 1.685000e+002  2.319028e-006 -1.738770e-007
 1.687500e+002  2.439360e-006 -9.062776e-008
 1.690000e+002  2.352238e-006 -1.820464e-007
 1.692500e+002  2.352019e-006 -1.177194e-007
 1.695000e+002  2.352095e-006 -1.847746e-007
 1.697500e+002  2.454521e-006 -1.871922e-007
 1.700000e+002  2.326197e-006 -2.129949e-007
 1.702500e+002  2.345396e-006 -2.406580e-007
 1.705000e+002  2.224224e-006 -9.428285e-008
 1.707500e+002  2.317682e-006 -1.814986e-007
 1.710000e+002  2.241091e-006 -1.104343e-007
 1.712500e+002  2.409692e-006 -1.176563e-007
 1.715000e+002  2.306620e-006 -1.495239e-007
 1.717500e+002  2.060828e-006 -2.224056e-007
 1.720000e+002  2.352593e-006 -2.512128e-007
 1.722500e+002  2.247108e-006 -1.214515e-007
 1.725000e+002  2.211481e-006 -1.600167e-007
 1.727500e+002  2.363738e-006 -2.082973e-007
 1.730000e+002  2.226122e-006 -3.351160e-007
 1.732500e+002  2.153736e-006 -1.815392e-007
 1.735000e+002  2.071499e-006 -2.399215e-007
 1.737500e+002  2.142834e-006 -2.018398e-007
 1.740000e+002  2.132509e-006 -3.109577e-007
 1.742500e+002  2.179526e-006 -7.353569e-008
 1.745000e+002  2.209226e-006 -1.795931e-007
 1.747500e+002  2.192465e-006 -2.764608e-007
 1.750000e+002  2.247560e-006 -2.413550e-007
 1.752500e+002  2.219365e-006 -2.139455e-007
 1.755000e+002  2.191703e-006 -2.684518e-007
 1.757500e+002  2.194138e-006 -2.709746e-007
 1.760000e+002  2.214106e-006 -2.790877e-007
 1.762500e+002  2.162484e-006 -2.660819e-007
 1.765000e+002  2.027970e-006 -3.190193e-007
 1.767500e+002  2.184423e-006 -3.855798e-007
 1.770000e+002  2.188767e-006 -2.640521e-007
 1.772500e+002  2.231159e-006 -2.874767e-007
 1.775000e+002  2.107566e-006 -3.171964e-007
 1.777500e+002  2.155688e-006 -1.240886e-007
 1.780000e+002  2.043237e-006 -2.380009e-007
 1.782500e+002  2.109058e-006 -1.996003e-007
 1.785000e+002  2.162820e-006 -2.363428e-007
 1.787500e+002  2.071290e-006 -2.095746e-007
 1.790000e+002  2.145427e-006 -3.198020e-007
 1.792500e+002  2.146795e-006 -3.427591e-007
 1.795000e+002  2.088203e-006 -2.682395e-007
 1.797500e+002  2.119971e-006 -4.000523e-007
 1.800000e+002  2.073770e-006 -1.722408e-007
 1.802500e+002  1.946474e-006 -1.995755e-007
 1.805000e+002  1.940577e-006 -2.095709e-007
 1.807500e+002  2.027801e-006 -2.443551e-007
 1.810000e+002  2.096378e-006 -2.771872e-007
 1.812500e+002  2.222657e-006 -1.595126e-007
 1.815000e+002  2.184120e-006 -2.184525e-007
 1.817500e+002  2.227884e-006 -2.208113e-007
 1.820000e+002  2.204672e-006 -4.004025e-007
 1.822500e+002  2.187032e-006 -4.474866e-007
 1.825000e+002  2.139679e-006 -4.447077e-007
 1.827500e+002  2.046467e-006 -2.861393e-007
 1.830000e+002  2.118509e-006 -3.284382e-007
 1.832500e+002  2.112599e-006 -3.954396e-007
 1.835000e+002  2.095463e-006 -3.662281e-007
 1.837500e+002  1.972615e-006 -5.803856e-007
 1.840000e+002  2.120933e-006 -2.702792e-007
 1.842500e+002  2.073123e-006 -4.104591e-007
 1.845000e+002  2.117380e-006 -2.503769e-007
 1.847500e+002  2.134659e-006 -3.638116e-007
 1.850000e+002  2.073552e-006 -4.606718e-007
 1.852500e+002  2.145436e-006 -3.724072e-007
 1.855000e+002  2.194754e-006 -4.085840e-007
 1.857500e+002  2.012253e-006 -5.646282e-007
 1.860000e+002  1.886249e-006 -3.368924e-007
 1.862500e+002  2.093747e-006 -3.527849e-007
 1.865000e+002  1.920644e-006 -3.889950e-007
 1.867500e+002  2.116692e-006 -3.353913e-007
 1.870000e+002  1.914909e-006 -3.422335e-007
 1.872500e+002  1.979115e-006 -1.989953e-007
 1.875000e+002  2.126121e-006 -1.567180e-007
 1.877500e+002  2.176638e-006 -3.907583e-007
 1.880000e+002  1.918247e-006 -2.921890e-007
 1.882500e+002  2.043168e-006 -1.901395e-007
 1.885000e+002  2.024682e-006 -1.876108e-007
 1.887500e+002  1.933653e-006 -2.314003e-007
 1.890000e+002  1.913919e-006 -4.152799e-007
 1.892500e+002  2.037536e-006 -3.604203e-007
 1.895000e+002  2.064309e-006 -3.185435e-007
 1.897500e+002  1.929839e-006 -4.054731e-007
 1.900000e+002  1.979322e-006 -3.130525e-007
 1.902500e+002  1.924633e-006 -3.156227e-007
 1.905000e+002  2.006990e-006 -3.143756e-007
 1.907500e+002  1.923949e-006 -4.295688e-007
 1.910000e+002  2.069287e-006 -2.261252e-007
 1.912500e+002  2.084144e-006 -3.051373e-007
 1.915000e+002  1.945512e-006 -2.659461e-007
 1.917500e+002  1.962172e-006 -2.915013e-007
 1.920000e+002  2.049006e-006 -4.000959e-007
 1.922500e+002  1.951968e-006 -3.103955e-007
 1.925000e+002  1.964073e-006 -5.036617e-007
 1.927500e+002  1.836416e-006 -3.903078e-007
 1.930000e+002  2.066050e-006 -4.500748e-007
 1.932500e+002  1.963331e-006 -4.413934e-007
 1.935000e+002  1.955939e-006 -3.986840e-007
 1.937500e+002  1.904283e-006 -4.387326e-007
 1.940000e+002  1.769716e-006 -3.329854e-007
 1.942500e+002  1.974410e-006 -3.595463e-007
 1.945000e+002  1.844618e-006 -2.767378e-007
 1.947500e+002  1.851690e-006 -2.903356e-007
 1.950000e+002  1.899615e-006 -3.665647e-007
 1.952500e+002  1.969498e-006 -2.716835e-007
 1.955000e+002  1.931229e-006 -2.186188e-007
 1.957500e+002  1.940404e-006 -3.311014e-007
 1.960000e+002  1.896028e-006 -6.786962e-008
 1.962500e+002  1.938623e-006 -2.792859e-007
 1.965000e+002  1.881565e-006 -2.484793e-007
 1.967500e+002  1.852567e-006 -2.507977e-007
 1.970000e+002  1.867496e-006 -2.889365e-007
 1.972500e+002  1.941242e-006 -8.833908e-008
 1.975000e+002  1.756675e-006 -2.373159e-007
 1.977500e+002  1.827866e-006 -1.766477e-007
 1.980000e+002  1.856042e-006 -3.639172e-007
 1.982500e+002  1.887085e-006 -1.703942e-007
 1.985000e+002  1.868569e-006 -1.347536e-007
 1.987500e+002  1.873318e-006 -3.618152e-007
 1.990000e+002  1.722361e-006 -2.733173e-007
 1.992500e+002  1.933213e-006 -3.063484e-007
 1.995000e+002  1.875796e-006 -2.856025e-007
 1.997500e+002  1.756643e-006 -1.728296e-007
 2.000000e+002  1.971219e-006 -5.241046e-008
 2.002500e+002  1.837465e-006 -2.809211e-007
 2.005000e+002  1.880899e-006 -2.169765e-007
 2.007500e+002  1.899818e-006 -1.343873e-007
 2.010000e+002  1.851797e-006 -1.644359e-007
 2.012500e+002  1.806412e-006 -3.194124e-007
 2.015000e+002  1.855356e-006 -2.076186e-007
 2.017500e+002  1.970239e-006 -3.061281e-007
 2.020000e+002  1.782348e-006 -2.169082e-007
 2.022500e+002  1.852495e-006 -2.812099e-007
 2.025000e+002  1.880514e-006 -3.401837e-007
 2.027500e+002  1.889821e-006  8.829174e-008
 2.030000e+002  1.862656e-006 -1.882291e-007
 2.032500e+002  1.723024e-006 -1.265515e-007
 2.035000e+002  1.776662e-006 -3.056658e-007
 2.037500e+002  1.648312e-006 -1.917687e-007
 2.040000e+002  1.644721e-006  1.508674e-007
 2.042500e+002  1.725796e-006 -4.871051e-008
 2.045000e+002  1.907123e-006 -1.488476e-008
 2.047500e+002  1.670867e-006 -7.762946e-010
 2.050000e+002  1.675421e-006 -1.100504e-007
 2.052500e+002  1.725385e-006  6.014712e-008
 2.055000e+002  1.783954e-006 -2.606929e-007
 2.057500e+002  1.819563e-006  2.293928e-008
 2.060000e+002  1.913536e-006 -1.677806e-007
 2.062500e+002  1.762319e-006 -3.731935e-008
 2.065000e+002  1.744812e-006 -6.782472e-008
 2.067500e+002  1.810207e-006  3.183368e-008
 2.070000e+002  1.812524e-006  7.433515e-008
 2.072500e+002  1.863664e-006 -2.271515e-009
 2.075000e+002  1.599601e-006 -6.054595e-008
 2.077500e+002  1.617837e-006 -4.512175e-008
 2.080000e+002  1.696572e-006 -1.204234e-007
 2.082500e+002  1.558626e-006  1.214041e-007
 2.085000e+002  1.684508e-006  6.645312e-009
 2.087500e+002  1.626185e-006 -3.125032e-008
 2.090000e+002  1.644158e-006  1.172369e-007
 2.092500e+002  1.692665e-006  6.095394e-008
 2.095000e+002  1.776592e-006  7.511286e-010
 2.097500e+002  1.681274e-006  9.409491e-008
 2.100000e+002  1.675352e-006  5.629892e-008
 2.102500e+002  1.697530e-006 -7.082978e-008
 2.105000e+002  1.704798e-006  2.761800e-008
 2.107500e+002  1.786850e-006 -3.944241e-008
 2.110000e+002  1.603920e-006  1.508129e-008
 2.112500e+002  1.698898e-006 -1.773150e-008
 2.115000e+002  1.726635e-006  2.816196e-008
 2.117500e+002  1.708676e-006  5.183584e-008
 2.120000e+002  1.551051e-006 -1.070954e-008
 2.122500e+002  1.670702e-006  1.038521e-007
 2.125000e+002  1.478962e-006  1.507944e-007
 2.127500e+002  1.573136e-006  4.520955e-008
 2.130000e+002  1.419457e-006  1.779684e-008
 2.132500e+002  1.632682e-006  6.880977e-008
 2.135000e+002  1.498896e-006  1.256723e-007
 2.137500e+002  1.452540e-006  4.995275e-008
 2.140000e+002  1.521479e-006  2.471614e-007
 2.142500e+002  1.634782e-006  7.559456e-008
 2.145000e+002  1.577438e-006  3.318596e-008
 2.147500e+002  1.305062e-006  9.544662e-008
 2.150000e+002  1.617305e-006  1.106982e-007
 2.152500e+002  1.429696e-006  2.022111e-007
 2.155000e+002  1.461391e-006  1.250695e-007
 2.157500e+002  1.349877e-006  4.817779e-008
 2.160000e+002  1.236026e-006  1.864086e-007
 2.162500e+002  1.432528e-006  1.503645e-007
 2.165000e+002  1.406027e-006  1.142229e-007
 2.167500e+002  1.534823e-006  2.053682e-007
 2.170000e+002  1.323193e-006  2.693589e-007
 2.172500e+002  1.271487e-006  1.761938e-007
 2.175000e+002  1.277273e-006  1.326171e-007
 2.177500e+002  1.326904e-006  1.695706e-007
 2.180000e+002  1.255818e-006  8.650422e-008
 2.182500e+002  1.276827e-006  3.501017e-007
 2.185000e+002  1.303914e-006  2.339876e-007
 2.187500e+002  1.331675e-006  1.117504e-007
 2.190000e+002  1.276002e-006  3.212442e-007
 2.192500e+002  1.349486e-006  2.943660e-007
 2.195000e+002  1.198372e-006  2.491692e-007
 2.197500e+002  1.259606e-006  2.056703e-007
 2.200000e+002  1.219825e-006  9.369090e-008
 2.202500e+002  1.074913e-006  3.103228e-007
 2.205000e+002  1.189737e-006  5.314698e-008
 2.207500e+002  1.192468e-006  1.044925e-007
 2.210000e+002  9.357022e-007  2.035840e-007
 2.212500e+002  1.110379e-006  2.065412e-007
 2.215000e+002  1.168324e-006  1.068417e-007
 2.217500e+002  9.960206e-007  3.210701e-007
 2.220000e+002  1.048813e-006  2.349929e-007
 2.222500e+002  9.803067e-007  2.001049e-007
 2.225000e+002  1.026010e-006  2.885000e-007
 2.227500e+002  9.157320e-007  2.645680e-007
 2.230000e+002  1.017371e-006  2.857083e-007
 2.232500e+002  1.051587e-006  2.237133e-007
 2.235000e+002  7.556237e-007  1.965988e-007
 2.237500e+002  8.682338e-007  3.986374e-007
 2.240000e+002  8.960111e-007  3.717424e-007
 2.242500e+002  7.707236e-007  2.672177e-007
 2.245000e+002  7.008923e-007  2.671755e-007
 2.247500e+002  7.422678e-007  2.439721e-007
 2.250000e+002  8.581429e-007  3.460872e-007
 2.252500e+002  8.481299e-007  3.530530e-007
 2.255000e+002  7.661287e-007  4.240936e-007
 2.257500e+002  8.166894e-007  1.990155e-007
 2.260000e+002  7.691308e-007  4.068386e-007
 2.262500e+002  6.204268e-007  3.854108e-007
 2.265000e+002  6.110862e-007  2.702623e-007
 2.267500e+002  6.308287e-007  3.924544e-007
 2.270000e+002  5.549607e-007  4.279968e-007
 2.272500e+002  7.057717e-007  3.794525e-007
 2.275000e+002  6.842288e-007  4.154148e-007
 2.277500e+002  6.366194e-007  4.887241e-007
 2.280000e+002  5.435059e-007  4.434075e-007
 2.282500e+002  4.976505e-007  4.359714e-007
 2.285000e+002  6.279445e-007  5.286390e-007
 2.287500e+002  4.079017e-007  5.147553e-007
 2.290000e+002  6.419062e-007  3.868391e-007
 2.292500e+002  4.734465e-007  6.896248e-007
 2.295000e+002  6.029209e-007  4.287896e-007
 2.297500e+002  5.428029e-007  4.241232e-007
 2.300000e+002  5.421173e-007  5.996571e-007
 2.302500e+002  3.980782e-007  4.930172e-007
 2.305000e+002  4.229236e-007  4.956967e-007
 2.307500e+002  3.108494e-007  5.811295e-007
 2.310000e+002  4.130596e-007  7.039816e-007
 2.312500e+002  2.554206e-007  5.750207e-007
 2.315000e+002  2.485997e-007  2.507639e-007
 2.317500e+002  3.694764e-007  6.545889e-007
 2.320000e+002  2.659515e-007  5.061639e-007
 2.322500e+002  6.759438e-008  4.166631e-007
 2.325000e+002  1.167563e-007  5.135336e-007
 2.327500e+002  1.380072e-007  5.866500e-007
 2.330000e+002  1.539141e-007  6.105707e-007
 2.332500e+002 -3.554157e-008  6.636430e-007
 2.335000e+002  5.636447e-008  6.443256e-007
 2.337500e+002 -1.484034e-007  6.951299e-007
 2.340000e+002 -1.525098e-007  8.594705e-007
 2.342500e+002 -6.643385e-008  6.138646e-007
 2.345000e+002 -2.149559e-007  7.842894e-007
 2.347500e+002 -2.095450e-007  8.313835e-007
 2.350000e+002 -1.185861e-007  7.438684e-007
 2.352500e+002 -7.788722e-008  7.532146e-007
 2.355000e+002 -2.899317e-007  8.291435e-007
 2.357500e+002 -2.188833e-007  9.107351e-007
 2.360000e+002 -3.159613e-007  1.013441e-006
 2.362500e+002 -4.286725e-007  8.465923e-007
 2.365000e+002 -1.978896e-007  1.014620e-006
 2.367500e+002 -2.410970e-007  1.147721e-006
 2.370000e+002 -1.726356e-007  1.092792e-006
 2.372500e+002 -2.655127e-007  1.206627e-006
 2.375000e+002 -3.895237e-007  1.133767e-006
 2.377500e+002 -3.641580e-007  1.098430e-006
 2.380000e+002 -3.636329e-007  8.745768e-007
 2.382500e+002 -5.881108e-007  1.010571e-006
 2.385000e+002 -6.323427e-007  1.100072e-006
 2.387500e+002 -6.914514e-007  1.316503e-006
 2.390000e+002 -6.235436e-007  1.110115e-006
 2.392500e+002 -8.140611e-007  1.187611e-006
 2.395000e+002 -9.751781e-007  1.346696e-006
 2.397500e+002 -1.197791e-006  1.591290e-006
 2.400000e+002 -1.236264e-006  1.676888e-006
 2.402500e+002 -1.514691e-006  2.127262e-006
 2.405000e+002 -1.502448e-006  2.214853e-006
 2.407500e+002 -1.780976e-006  2.581799e-006
 2.410000e+002 -1.641590e-006  2.944219e-006
 2.412500e+002 -1.805401e-006  3.537055e-006
 2.415000e+002 -1.761398e-006  3.974426e-006
 2.417500e+002 -1.475357e-006  4.415988e-006
 2.420000e+002 -1.179621e-006  4.909969e-006
 2.422500e+002 -8.632199e-007  5.422150e-006
 2.425000e+002 -1.352768e-007  6.121240e-006
 2.427500e+002  5.568791e-007  6.482770e-006
 2.430000e+002  1.388306e-006  6.708305e-006
 2.432500e+002  2.575886e-006  6.664403e-006
 2.435000e+002  3.633384e-006  6.132817e-006
 2.437500e+002  4.411024e-006  5.697462e-006
 2.440000e+002  4.865788e-006  4.736707e-006
 2.442500e+002  5.105789e-006  4.134693e-006
 2.445000e+002  5.247044e-006  3.594003e-006
 2.447500e+002  5.262770e-006  2.967681e-006
 2.450000e+002  5.394768e-006  2.411650e-006
 2.452500e+002  5.220531e-006  1.849720e-006
 2.455000e+002  5.067548e-006  1.548243e-006
 2.457500e+002  4.808146e-006  1.248255e-006
 2.460000e+002  4.918621e-006  9.202818e-007
 2.462500e+002  4.471698e-006  4.952611e-007
 2.465000e+002  4.345829e-006  4.810176e-007
 2.467500e+002  4.032990e-006  4.635111e-007
 2.470000e+002  3.958519e-006  3.097244e-007
 2.472500e+002  3.772570e-006  2.152518e-007
 2.475000e+002  3.753713e-006  3.875467e-007
 2.477500e+002  3.679867e-006  2.583121e-007
 2.480000e+002  3.417431e-006  3.180135e-007
 2.482500e+002  3.358395e-006  4.486865e-007
 2.485000e+002  3.545894e-006  2.267850e-007
 2.487500e+002  3.642037e-006  9.916814e-008
 2.490000e+002  3.642132e-006 -2.521545e-008
 2.492500e+002  3.660508e-006 -4.662333e-008
 2.495000e+002  3.472101e-006  5.477779e-008
 2.497500e+002  3.233624e-006 -1.191990e-007
 2.500000e+002  3.088483e-006  3.510546e-008
 2.502500e+002  3.162222e-006  2.915316e-009
 2.505000e+002  3.296701e-006 -2.801018e-007
 2.507500e+002  3.020456e-006 -3.321225e-007
 2.510000e+002  3.074495e-006 -4.661937e-008
 2.512500e+002  3.309641e-006 -3.471418e-007
 2.515000e+002  2.947688e-006 -2.114713e-007
 2.517500e+002  3.116304e-006 -1.737483e-007
 2.520000e+002  3.146005e-006 -2.284377e-007
 2.522500e+002  2.910291e-006 -1.602963e-007
 2.525000e+002  3.112024e-006 -1.192868e-007
 2.527500e+002  3.035027e-006 -3.069426e-007
 2.530000e+002  2.855877e-006 -2.236478e-007
 2.532500e+002  2.722821e-006 -1.873251e-007
 2.535000e+002  2.838494e-006 -2.720741e-007
 2.537500e+002  2.706162e-006 -1.040170e-007
 2.540000e+002  2.973585e-006 -2.811116e-007
 2.542500e+002  2.896891e-006 -1.216682e-008
 2.545000e+002  2.928331e-006 -2.338401e-007
 2.547500e+002  2.955941e-006 -2.958100e-007
 2.550000e+002  2.900362e-006 -1.385669e-007
 2.552500e+002  2.733561e-006 -4.722361e-008
 2.555000e+002  2.861048e-006 -1.238766e-007
 2.557500e+002  2.898536e-006 -5.982722e-008
 2.560000e+002  2.627396e-006  1.669339e-009
