 0.000000e+000 -3.860554e-005  0.000000e+000
 2.500000e-001 -8.180705e-006 -5.943702e-006
 5.000000e-001 -1.533397e-005 -1.570824e-005
 7.500000e-001 -3.070707e-005 -9.259236e-006
 1.000000e+000 -2.160887e-005 -1.006872e-005
 1.250000e+000 -3.625441e-005  5.656279e-006
 1.500000e+000 -4.085551e-005 -4.407599e-006
 1.750000e+000 -4.164099e-005 -3.075553e-006
 2.000000e+000 -3.932746e-005 -6.049502e-006
 2.250000e+000 -3.564189e-005 -1.140392e-005
 2.500000e+000 -3.959422e-005 -1.957523e-005
 2.750000e+000 -4.541381e-005 -2.443504e-005
 3.000000e+000 -5.129492e-005 -2.319116e-005
 3.250000e+000 -5.839918e-005 -2.204685e-005
 3.500000e+000 -6.480329e-005 -1.794030e-005
 3.750000e+000 -5.928963e-005  7.328436e-006
 4.000000e+000 -8.332529e-005  2.311566e-005
 4.250000e+000 -6.820217e-005  1.845343e-005
 4.500000e+000 -6.621242e-005  2.166393e-005
 4.750000e+000 -6.697483e-005  2.856584e-005
 5.000000e+000 -5.872096e-005  3.199625e-005
 5.250000e+000 -5.373477e-005  2.713906e-005
 5.500000e+000 -4.590779e-005  2.783645e-005
 5.750000e+000 -4.330668e-005  2.453307e-005
 6.000000e+000 -4.348840e-005  1.807398e-005
 6.250000e+000 -4.232672e-005  1.772242e-005
 6.500000e+000 -4.287219e-005  1.225779e-005
 6.750000e+000 -4.342112e-005  1.292685e-005
 7.000000e+000 -4.493272e-005  7.285579e-006
 7.250000e+000 -4.450377e-005  5.518045e-006
 7.500000e+000 -4.710943e-005  4.324841e-006
 7.750000e+000 -4.771239e-005  3.994810e-006
 8.000000e+000 -4.985951e-005  1.628257e-006
 8.250000e+000 -4.864157e-005  2.183857e-006
 8.500000e+000 -4.966975e-005  7.176667e-007
 8.750000e+000 -5.110712e-005  4.781171e-007
 9.000000e+000 -5.369893e-005  1.026458e-007
 9.250000e+000 -5.377630e-005 -1.392650e-006
 9.500000e+000 -5.560804e-005 -4.913576e-007
 9.750000e+000 -5.660953e-005 -2.731980e-006
 1.000000e+001 -5.856427e-005 -4.205354e-006
 1.025000e+001 -5.713145e-005 -3.027791e-006
 1.050000e+001 -5.967839e-005 -3.025896e-006
 1.075000e+001 -6.092717e-005 -2.768830e-006
 1.100000e+001 -6.333385e-005 -2.672170e-006
 1.125000e+001 -6.366835e-005 -4.329982e-006
 1.150000e+001 -6.537658e-005 -3.064500e-006
 1.175000e+001 -6.728943e-005 -2.768389e-006
 1.200000e+001 -6.897848e-005 -1.834857e-006
 1.225000e+001 -6.903627e-005 -2.591299e-006
 1.250000e+001 -6.970301e-005 -4.352131e-006
 1.275000e+001 -7.033633e-005 -4.695542e-006
 1.300000e+001 -7.168795e-005 -3.077669e-006
 1.325000e+001 -7.311844e-005 -3.306987e-006
 1.350000e+001 -7.432018e-005 -3.675435e-006
 1.375000e+001 -7.579388e-005 -3.889431e-006
 1.400000e+001 -7.734773e-005 -4.277750e-006
 1.425000e+001 -7.827368e-005 -5.186712e-006
 1.450000e+001 -8.079061e-005 -5.810484e-006
 1.475000e+001 -8.236636e-005 -6.865615e-006
 1.500000e+001 -8.700234e-005 -6.753172e-006
 1.525000e+001 -8.697779e-005 -7.146640e-006
 1.550000e+001 -9.004718e-005 -9.059897e-006
 1.575000e+001 -9.406628e-005 -7.709867e-006
 1.600000e+001 -9.595493e-005 -8.577939e-006
 1.625000e+001 -9.943512e-005 -8.816007e-006
 1.650000e+001 -1.035297e-004 -9.422428e-006
 1.675000e+001 -1.069479e-004 -1.098752e-005
 1.700000e+001 -1.100178e-004 -1.081620e-005
 1.725000e+001 -1.157387e-004 -1.126030e-005
 1.750000e+001 -1.198087e-004 -1.174447e-005
 1.775000e+001 -1.259010e-004 -1.299630e-005
 1.800000e+001 -1.322023e-004 -1.460775e-005
 1.825000e+001 -1.393428e-004 -1.467042e-005
 1.850000e+001 -1.456985e-004 -1.570024e-005
 1.875000e+001 -1.546008e-004 -1.756478e-005
 1.900000e+001 -1.630619e-004 -1.889690e-005
 1.925000e+001 -1.775881e-004 -2.023220e-005
 1.950000e+001 -1.883876e-004 -2.229754e-005
 1.975000e+001 -2.044844e-004 -2.289782e-005
 2.000000e+001 -2.253547e-004 -2.530634e-005
 2.025000e+001 -2.473280e-004 -2.573803e-005
 2.050000e+001 -2.755171e-004 -3.034889e-005
 2.075000e+001 -3.123672e-004 -2.875768e-005
 2.100000e+001 -3.568034e-004 -3.418326e-005
 2.125000e+001 -4.237325e-004 -4.172604e-005
 2.150000e+001 -5.123827e-004 -3.890996e-005
 2.175000e+001 -6.576638e-004 -3.503837e-005
 2.200000e+001 -9.383112e-004 -4.090356e-006
 2.225000e+001 -1.402596e-003  3.289408e-004
 2.250000e+001 -3.015651e-003  1.484548e-003
 2.275000e+001  4.936022e-003  2.699470e-003
 2.300000e+001  1.426506e-003  4.083787e-004
 2.325000e+001  8.672154e-004  1.932299e-004
 2.350000e+001  6.159592e-004  1.235116e-004
 2.375000e+001  4.710517e-004  9.235905e-005
 2.400000e+001  3.906190e-004  7.282145e-005
 2.425000e+001  3.301677e-004  6.162546e-005
 2.450000e+001  2.820567e-004  5.107695e-005
 2.475000e+001  2.496791e-004  4.172696e-005
 2.500000e+001  2.222743e-004  3.623775e-005
 2.525000e+001  1.980693e-004  3.428050e-005
 2.550000e+001  1.807974e-004  3.118617e-005
 2.575000e+001  1.655252e-004  2.642706e-005
 2.600000e+001  1.536712e-004  2.498434e-005
 2.625000e+001  1.416060e-004  2.297590e-005
 2.650000e+001  1.338523e-004  2.184800e-005
 2.675000e+001  1.240833e-004  1.956096e-005
 2.700000e+001  1.159020e-004  1.764329e-005
 2.725000e+001  1.105594e-004  1.859313e-005
 2.750000e+001  1.040588e-004  1.660504e-005
 2.775000e+001  9.777745e-005  1.567819e-005
 2.800000e+001  9.313612e-005  1.479668e-005
 2.825000e+001  8.948996e-005  1.499239e-005
 2.850000e+001  8.528271e-005  1.204626e-005
 2.875000e+001  8.099628e-005  1.280478e-005
 2.900000e+001  7.792923e-005  1.193044e-005
 2.925000e+001  7.410538e-005  1.143969e-005
 2.950000e+001  7.117891e-005  1.023904e-005
 2.975000e+001  6.883059e-005  1.018307e-005
 3.000000e+001  6.634020e-005  9.657709e-006
 3.025000e+001  6.375425e-005  9.571475e-006
 3.050000e+001  6.180479e-005  9.350460e-006
 3.075000e+001  5.977414e-005  8.206937e-006
 3.100000e+001  5.833867e-005  8.437441e-006
 3.125000e+001  5.571987e-005  8.109769e-006
 3.150000e+001  5.452425e-005  7.658648e-006
 3.175000e+001  5.264540e-005  7.512965e-006
 3.200000e+001  5.143045e-005  7.544085e-006
 3.225000e+001  4.918823e-005  6.841920e-006
 3.250000e+001  4.778069e-005  6.827022e-006
 3.275000e+001  4.652248e-005  6.491871e-006
 3.300000e+001  4.534637e-005  6.155492e-006
 3.325000e+001  4.451770e-005  6.332884e-006
 3.350000e+001  4.337042e-005  6.054051e-006
 3.375000e+001  4.232405e-005  5.951015e-006
 3.400000e+001  4.202147e-005  5.520627e-006
 3.425000e+001  4.190837e-005  3.297936e-006
 3.450000e+001  3.842562e-005  3.904543e-006
 3.475000e+001  3.751801e-005  4.339601e-006
 3.500000e+001  3.744346e-005  4.245302e-006
 3.525000e+001  3.647937e-005  4.339519e-006
 3.550000e+001  3.572305e-005  3.742077e-006
 3.575000e+001  3.491469e-005  3.848419e-006
 3.600000e+001  3.398818e-005  4.005169e-006
 3.625000e+001  3.346959e-005  3.741100e-006
 3.650000e+001  3.275753e-005  3.405278e-006
 3.675000e+001  3.206947e-005  3.380521e-006
 3.700000e+001  3.154426e-005  3.289903e-006
 3.725000e+001  3.135704e-005  3.514199e-006
 3.750000e+001  3.034974e-005  3.256847e-006
 3.775000e+001  2.982681e-005  3.107557e-006
 3.800000e+001  2.942489e-005  2.717923e-006
 3.825000e+001  2.901203e-005  3.054099e-006
 3.850000e+001  2.840041e-005  2.730682e-006
 3.875000e+001  2.822405e-005  2.725559e-006
 3.900000e+001  2.741106e-005  2.715078e-006
 3.925000e+001  2.725736e-005  2.289703e-006
 3.950000e+001  2.683171e-005  2.413344e-006
 3.975000e+001  2.628210e-005  2.418123e-006
 4.000000e+001  2.602217e-005  2.085918e-006
 4.025000e+001  2.563373e-005  2.250226e-006
 4.050000e+001  2.510773e-005  2.183071e-006
 4.075000e+001  2.482646e-005  1.752576e-006
 4.100000e+001  2.448466e-005  1.926858e-006
 4.125000e+001  2.426986e-005  1.708885e-006
 4.150000e+001  2.412819e-005  1.693710e-006
 4.175000e+001  2.342512e-005  2.019435e-006
 4.200000e+001  2.293238e-005  1.688838e-006
 4.225000e+001  2.319563e-005  1.669103e-006
 4.250000e+001  2.263054e-005  1.775949e-006
 4.275000e+001  2.255145e-005  1.625656e-006
 4.300000e+001  2.230989e-005  1.815131e-006
 4.325000e+001  2.173500e-005  1.255629e-006
 4.350000e+001  2.216465e-005  1.419330e-006
 4.375000e+001  2.150724e-005  1.139506e-006
 4.400000e+001  2.153563e-005  1.120108e-006
 4.425000e+001  2.129091e-005  9.256193e-007
 4.450000e+001  2.190466e-005  6.124975e-007
 4.475000e+001  2.124171e-005  5.556558e-007
 4.500000e+001  2.122797e-005  3.317935e-007
 4.525000e+001  1.892234e-005 -1.901573e-007
 4.550000e+001  2.129526e-005  1.965696e-006
 4.575000e+001  2.062694e-005  8.973409e-007
 4.600000e+001  2.031424e-005  9.625951e-007
 4.625000e+001  1.969834e-005  1.121522e-006
 4.650000e+001  1.987974e-005  9.088923e-007
 4.675000e+001  1.974227e-005  4.181639e-007
 4.700000e+001  1.955756e-005  5.484395e-007
 4.725000e+001  1.936441e-005  3.193232e-007
 4.750000e+001  1.936478e-005  5.959307e-007
 4.775000e+001  1.933175e-005  2.977815e-007
 4.800000e+001  1.871921e-005  1.545930e-007
 4.825000e+001  1.877691e-005  2.373089e-007
 4.850000e+001  1.876745e-005  1.291859e-007
 4.875000e+001  1.879745e-005  8.727440e-008
 4.900000e+001  1.847156e-005 -1.806889e-008
 4.925000e+001  1.858428e-005 -4.213593e-008
 4.950000e+001  1.833616e-005  8.997681e-008
 4.975000e+001  1.846245e-005  2.060678e-007
 5.000000e+001  1.807832e-005  9.243525e-008
 5.025000e+001  1.812066e-005  1.821268e-008
 5.050000e+001  1.818283e-005 -5.643940e-007
 5.075000e+001  1.791263e-005 -4.403088e-007
 5.100000e+001  1.789830e-005 -2.233043e-008
 5.125000e+001  1.776703e-005 -2.061571e-007
 5.150000e+001  1.761791e-005  4.254155e-008
 5.175000e+001  1.785488e-005 -2.732164e-007
 5.200000e+001  1.775973e-005 -1.729472e-007
 5.225000e+001  1.763242e-005 -3.949118e-007
 5.250000e+001  1.761203e-005 -5.741094e-007
 5.275000e+001  1.737008e-005 -6.359436e-007
 5.300000e+001  1.785242e-005 -8.663706e-007
 5.325000e+001  1.763318e-005 -3.539961e-007
 5.350000e+001  1.768450e-005 -8.068834e-007
 5.375000e+001  1.717640e-005 -6.486727e-007
 5.400000e+001  1.735818e-005 -1.037396e-006
 5.425000e+001  1.770191e-005 -5.661630e-007
 5.450000e+001  1.768125e-005 -7.161993e-007
 5.475000e+001  1.746246e-005 -7.549433e-007
 5.500000e+001  1.753811e-005 -6.853381e-007
 5.525000e+001  1.774087e-005 -8.422850e-007
 5.550000e+001  1.774390e-005 -1.006617e-006
 5.575000e+001  1.770024e-005 -1.102687e-006
 5.600000e+001  1.757104e-005 -1.105834e-006
 5.625000e+001  1.754120e-005 -1.411905e-006
 5.650000e+001  1.786091e-005 -1.351575e-006
 5.675000e+001  1.673494e-005 -1.562395e-006
 5.700000e+001  1.710938e-005 -5.229451e-007
 5.725000e+001  1.779387e-005 -8.037899e-007
 5.750000e+001  1.774582e-005 -1.161120e-006
 5.775000e+001  1.792341e-005 -1.156951e-006
 5.800000e+001  1.789902e-005 -1.374703e-006
 5.825000e+001  1.777175e-005 -1.191507e-006
 5.850000e+001  1.791048e-005 -1.159080e-006
 5.875000e+001  1.810804e-005 -1.589620e-006
 5.900000e+001  1.792908e-005 -1.383693e-006
 5.925000e+001  1.807036e-005 -1.280212e-006
 5.950000e+001  1.815105e-005 -1.220670e-006
 5.975000e+001  1.826465e-005 -1.259071e-006
 6.000000e+001  1.825841e-005 -1.394048e-006
 6.025000e+001  1.841021e-005 -1.268899e-006
 6.050000e+001  1.849039e-005 -1.160048e-006
 6.075000e+001  1.851292e-005 -1.251045e-006
 6.100000e+001  1.889484e-005 -1.254213e-006
 6.125000e+001  1.876192e-005 -1.285544e-006
 6.150000e+001  1.894906e-005 -1.205433e-006
 6.175000e+001  1.919392e-005 -1.317361e-006
 6.200000e+001  1.941653e-005 -1.477495e-006
 6.225000e+001  1.982978e-005 -1.268203e-006
 6.250000e+001  1.991457e-005 -1.727978e-006
 6.275000e+001  1.997123e-005 -1.701094e-006
 6.300000e+001  2.017882e-005 -1.552884e-006
 6.325000e+001  2.026715e-005 -1.491791e-006
 6.350000e+001  2.050363e-005 -1.697371e-006
 6.375000e+001  2.071469e-005 -1.713730e-006
 6.400000e+001  2.079361e-005 -1.864194e-006
 6.425000e+001  2.115468e-005 -1.494044e-006
 6.450000e+001  2.139866e-005 -1.840859e-006
 6.475000e+001  2.194371e-005 -1.830639e-006
 6.500000e+001  2.169318e-005 -1.919075e-006
 6.525000e+001  2.230264e-005 -1.987715e-006
 6.550000e+001  2.235236e-005 -1.904099e-006
 6.575000e+001  2.280554e-005 -2.054553e-006
 6.600000e+001  2.320283e-005 -1.946805e-006
 6.625000e+001  2.339475e-005 -2.048506e-006
 6.650000e+001  2.332029e-005 -2.114516e-006
 6.675000e+001  2.387816e-005 -2.195997e-006
 6.700000e+001  2.414434e-005 -2.425753e-006
 6.725000e+001  2.456287e-005 -2.454443e-006
 6.750000e+001  2.505111e-005 -2.493944e-006
 6.775000e+001  2.545595e-005 -3.276226e-006
 6.800000e+001  2.450056e-005 -3.067757e-006
 6.825000e+001  2.620681e-005 -2.400456e-006
 6.850000e+001  2.720914e-005 -2.336990e-006
 6.875000e+001  2.737541e-005 -2.313770e-006
 6.900000e+001  2.783575e-005 -2.323830e-006
 6.925000e+001  2.837396e-005 -2.601405e-006
 6.950000e+001  2.886249e-005 -2.746067e-006
 6.975000e+001  2.985347e-005 -2.891666e-006
 7.000000e+001  3.025081e-005 -2.758683e-006
 7.025000e+001  3.084149e-005 -3.596141e-006
 7.050000e+001  3.132604e-005 -3.245536e-006
 7.075000e+001  3.230294e-005 -3.382926e-006
 7.100000e+001  3.265122e-005 -3.412136e-006
 7.125000e+001  3.365648e-005 -3.594556e-006
 7.150000e+001  3.488961e-005 -3.834329e-006
 7.175000e+001  3.606284e-005 -3.699842e-006
 7.200000e+001  3.712923e-005 -3.839747e-006
 7.225000e+001  3.825905e-005 -3.951568e-006
 7.250000e+001  3.963478e-005 -5.150129e-006
 7.275000e+001  4.051641e-005 -5.932353e-006
 7.300000e+001  4.037985e-005 -7.710839e-006
 7.325000e+001  4.014272e-005 -5.518309e-006
 7.350000e+001  4.283335e-005 -4.993730e-006
 7.375000e+001  4.483189e-005 -5.196836e-006
 7.400000e+001  4.760495e-005 -5.667486e-006
 7.425000e+001  4.960973e-005 -5.103031e-006
 7.450000e+001  5.157077e-005 -6.159117e-006
 7.475000e+001  5.460476e-005 -5.619083e-006
 7.500000e+001  5.719297e-005 -6.121138e-006
 7.525000e+001  6.066287e-005 -6.872251e-006
 7.550000e+001  6.520563e-005 -6.767564e-006
 7.575000e+001  6.927121e-005 -8.262416e-006
 7.600000e+001  7.434170e-005 -9.101630e-006
 7.625000e+001  7.910673e-005 -1.087189e-005
 7.650000e+001  8.590588e-005 -1.166384e-005
 7.675000e+001  9.293320e-005 -1.393113e-005
 7.700000e+001  1.031788e-004 -1.627068e-005
 7.725000e+001  1.142548e-004 -2.133126e-005
 7.750000e+001  1.267559e-004 -2.466764e-005
 7.775000e+001  1.437523e-004 -3.416901e-005
 7.800000e+001  1.672290e-004 -4.354349e-005
 7.825000e+001  1.961196e-004 -6.331336e-005
 7.850000e+001  2.370930e-004 -9.206940e-005
 7.875000e+001  2.928539e-004 -1.497086e-004
 7.900000e+001  3.650823e-004 -2.644799e-004
 7.925000e+001  4.016223e-004 -5.667571e-004
 7.950000e+001 -1.417204e-004 -1.046322e-003
 7.975000e+001 -5.977799e-004 -2.382569e-004
 8.000000e+001 -3.401503e-004 -8.070667e-005
 8.025000e+001 -2.400579e-004 -4.187646e-005
 8.050000e+001 -1.875463e-004 -2.984185e-005
 8.075000e+001 -1.520102e-004 -2.508929e-005
 8.100000e+001 -1.307208e-004 -2.062820e-005
 8.125000e+001 -1.128174e-004 -1.738680e-005
 8.150000e+001 -9.987674e-005 -1.645648e-005
 8.175000e+001 -9.147374e-005 -1.428673e-005
 8.200000e+001 -8.242103e-005 -1.420107e-005
 8.225000e+001 -7.698838e-005 -1.410552e-005
 8.250000e+001 -7.182246e-005 -1.393380e-005
 8.275000e+001 -6.822425e-005 -1.286487e-005
 8.300000e+001 -6.459565e-005 -1.108157e-005
 8.325000e+001 -6.241794e-005 -1.021162e-005
 8.350000e+001 -5.944206e-005 -8.356099e-006
 8.375000e+001 -5.706188e-005 -6.298385e-006
 8.400000e+001 -5.413592e-005 -5.865032e-006
 8.425000e+001 -5.245292e-005 -3.648940e-006
 8.450000e+001 -4.893908e-005 -2.095789e-006
 8.475000e+001 -4.724425e-005 -1.412133e-006
 8.500000e+001 -4.378949e-005 -6.556665e-007
 8.525000e+001 -4.201697e-005 -4.598746e-007
 8.550000e+001 -3.964264e-005  2.352366e-008
 8.575000e+001 -3.762894e-005  1.654523e-007
 8.600000e+001 -3.570287e-005  1.167483e-007
 8.625000e+001 -3.419329e-005 -9.536134e-008
 8.650000e+001 -3.285394e-005  8.642053e-007
 8.675000e+001 -3.165664e-005  5.930871e-008
 8.700000e+001 -2.969660e-005 -3.776111e-008
 8.725000e+001 -2.897179e-005  4.341417e-007
 8.750000e+001 -2.771138e-005  3.081016e-007
 8.775000e+001 -2.682178e-005  2.207827e-007
 8.800000e+001 -2.573478e-005  4.450310e-007
 8.825000e+001 -2.510062e-005  5.498682e-007
 8.850000e+001 -2.444613e-005  1.474525e-007
 8.875000e+001 -2.332979e-005  7.191672e-009
 8.900000e+001 -2.276290e-005  2.984029e-007
 8.925000e+001 -2.226927e-005  4.132481e-007
 8.950000e+001 -2.157171e-005  2.593993e-007
 8.975000e+001 -2.080505e-005  2.885107e-007
 9.000000e+001 -2.038023e-005  3.204696e-007
 9.025000e+001 -1.969835e-005  2.422503e-007
 9.050000e+001 -1.935515e-005  4.042213e-007
 9.075000e+001 -1.878106e-005  1.970041e-007
 9.100000e+001 -1.848797e-005  1.377128e-007
 9.125000e+001 -1.804983e-005 -3.328506e-008
 9.150000e+001 -1.762696e-005  2.833077e-007
 9.175000e+001 -1.694127e-005  5.163126e-007
 9.200000e+001 -1.693011e-005  2.261066e-007
 9.225000e+001 -1.627251e-005  3.074079e-007
 9.250000e+001 -1.613295e-005  4.508312e-007
 9.275000e+001 -1.543004e-005  9.602447e-008
 9.300000e+001 -1.526833e-005  1.057034e-007
 9.325000e+001 -1.505764e-005  2.372532e-007
 9.350000e+001 -1.434533e-005  2.249457e-007
 9.375000e+001 -1.439173e-005  2.494217e-007
 9.400000e+001 -1.405777e-005  3.360356e-008
 9.425000e+001 -1.379327e-005  3.712185e-007
 9.450000e+001 -1.333755e-005  3.434798e-008
 9.475000e+001 -1.308532e-005  1.260751e-007
 9.500000e+001 -1.306834e-005  3.164377e-007
 9.525000e+001 -1.286443e-005  3.378837e-007
 9.550000e+001 -1.250219e-005  4.741599e-007
 9.575000e+001 -1.223379e-005  4.457827e-008
 9.600000e+001 -1.219084e-005  8.204890e-008
 9.625000e+001 -1.192756e-005  5.487137e-007
 9.650000e+001 -1.163113e-005  1.326607e-007
 9.675000e+001 -1.163205e-005  2.600317e-007
 9.700000e+001 -1.123335e-005  3.499784e-007
 9.725000e+001 -1.119230e-005  1.341312e-007
 9.750000e+001 -1.099912e-005  2.579459e-007
 9.775000e+001 -1.074541e-005  3.545583e-008
 9.800000e+001 -1.080284e-005  2.383916e-007
 9.825000e+001 -1.055870e-005  5.344772e-009
 9.850000e+001 -1.041471e-005  3.113068e-007
 9.875000e+001 -1.041133e-005  2.490195e-007
 9.900000e+001 -9.978002e-006  2.184716e-007
 9.925000e+001 -1.008264e-005  2.690172e-007
 9.950000e+001 -9.901447e-006  5.848183e-007
 9.975000e+001 -9.715462e-006  5.362258e-007
 1.000000e+002 -9.461781e-006  4.765505e-007
 1.002500e+002 -9.376711e-006  5.097374e-007
 1.005000e+002 -9.406945e-006  5.775962e-007
 1.007500e+002 -9.081875e-006  6.948201e-007
 1.010000e+002 -8.828545e-006  5.452799e-007
 1.012500e+002 -8.664216e-006  8.407775e-007
 1.015000e+002 -8.339112e-006  8.272720e-007
 1.017500e+002 -7.924901e-006  1.066276e-006
 1.020000e+002 -6.559283e-006  4.074325e-007
 1.022500e+002 -6.885758e-006 -1.952271e-006
 1.025000e+002 -8.462612e-006 -1.164861e-006
 1.027500e+002 -8.946684e-006 -9.771691e-007
 1.030000e+002 -8.754584e-006 -5.399610e-007
 1.032500e+002 -8.683306e-006 -2.381465e-007
 1.035000e+002 -8.666412e-006 -1.898093e-007
 1.037500e+002 -8.598054e-006 -2.664879e-007
 1.040000e+002 -8.381136e-006 -3.743033e-007
 1.042500e+002 -8.644645e-006 -1.822870e-007
 1.045000e+002 -8.614346e-006 -2.456170e-007
 1.047500e+002 -8.649710e-006 -4.129928e-008
 1.050000e+002 -8.691496e-006  7.559723e-008
 1.052500e+002 -8.459811e-006 -6.943728e-008
 1.055000e+002 -8.404388e-006  2.573418e-007
 1.057500e+002 -8.339912e-006  3.045365e-007
 1.060000e+002 -8.578781e-006  5.046297e-007
 1.062500e+002 -8.506711e-006  5.639223e-007
 1.065000e+002 -8.407241e-006  5.484324e-007
 1.067500e+002 -8.262753e-006  9.043958e-007
 1.070000e+002 -8.310588e-006  5.425961e-007
 1.072500e+002 -8.162444e-006  7.012304e-007
 1.075000e+002 -8.265019e-006  5.123321e-007
 1.077500e+002 -8.481767e-006  7.204888e-007
 1.080000e+002 -8.377332e-006  9.078893e-007
 1.082500e+002 -8.675615e-006  7.371082e-007
 1.085000e+002 -8.452370e-006  1.046107e-006
 1.087500e+002 -8.835990e-006  8.906123e-007
 1.090000e+002 -8.954385e-006  1.248631e-006
 1.092500e+002 -8.890523e-006  1.134583e-006
 1.095000e+002 -9.085982e-006  1.236370e-006
 1.097500e+002 -9.049746e-006  1.448473e-006
 1.100000e+002 -9.295144e-006  1.363418e-006
 1.102500e+002 -9.759270e-006  1.842877e-006
 1.105000e+002 -1.001290e-005  2.171171e-006
 1.107500e+002 -1.042037e-005  2.460703e-006
 1.110000e+002 -1.060144e-005  3.048840e-006
 1.112500e+002 -1.114644e-005  3.301312e-006
 1.115000e+002 -1.131168e-005  4.000049e-006
 1.117500e+002 -1.163828e-005  4.936297e-006
 1.120000e+002 -1.224126e-005  6.271275e-006
 1.122500e+002 -1.275144e-005  7.421471e-006
 1.125000e+002 -1.298631e-005  9.260474e-006
 1.127500e+002 -1.251879e-005  1.148859e-005
 1.130000e+002 -1.183970e-005  1.488430e-005
 1.132500e+002 -8.535285e-006  1.820073e-005
 1.135000e+002 -4.628263e-006  2.039556e-005
 1.137500e+002  2.324899e-006  1.967841e-005
 1.140000e+002  6.833604e-006  1.533592e-005
 1.142500e+002  8.086375e-006  1.086793e-005
 1.145000e+002  7.587789e-006  7.373484e-006
 1.147500e+002  6.287846e-006  5.281489e-006
 1.150000e+002  5.418433e-006  3.909608e-006
 1.152500e+002  4.521446e-006  2.999064e-006
 1.155000e+002  3.764656e-006  2.392623e-006
 1.157500e+002  3.072209e-006  1.923776e-006
 1.160000e+002  2.608198e-006  1.632107e-006
 1.162500e+002  2.140167e-006  1.140981e-006
 1.165000e+002  1.612247e-006  1.168609e-006
 1.167500e+002  1.278763e-006  9.670347e-007
 1.170000e+002  1.008436e-006  8.152653e-007
 1.172500e+002  7.929516e-007  8.679063e-007
 1.175000e+002  6.092772e-007  6.365973e-007
 1.177500e+002  5.926935e-007  4.160359e-007
 1.180000e+002  3.419456e-007  6.087753e-007
 1.182500e+002  1.396396e-007  5.742105e-007
 1.185000e+002  1.160724e-007  4.450269e-007
 1.187500e+002 -1.329620e-007  3.015273e-007
 1.190000e+002 -1.060408e-007  3.037520e-007
 1.192500e+002 -9.274287e-008  3.266374e-007
 1.195000e+002 -4.051364e-007  3.162419e-007
 1.197500e+002 -3.727433e-007  2.369379e-007
 1.200000e+002 -3.739352e-007  1.827037e-007
 1.202500e+002 -5.486514e-007  4.021695e-007
 1.205000e+002 -7.068882e-007  1.639984e-007
 1.207500e+002 -7.858100e-007  7.182824e-008
 1.210000e+002 -8.851365e-007  2.081811e-007
 1.212500e+002 -7.289891e-007  1.112347e-007
 1.215000e+002 -9.183634e-007  2.433183e-007
 1.217500e+002 -9.852166e-007 -2.589539e-008
 1.220000e+002 -1.010096e-006  1.391324e-007
 1.222500e+002 -1.106942e-006 -2.483788e-008
 1.225000e+002 -1.027340e-006  2.771226e-007
 1.227500e+002 -1.109624e-006  2.192134e-007
 1.230000e+002 -8.521478e-007  2.071278e-007
 1.232500e+002 -1.135616e-006  2.949949e-007
 1.235000e+002 -1.345414e-006  2.520245e-007
 1.237500e+002 -1.045105e-006  1.716035e-007
 1.240000e+002 -1.240269e-006  1.725207e-007
 1.242500e+002 -1.066235e-006  2.372986e-007
 1.245000e+002 -1.164783e-006  1.096289e-007
 1.247500e+002 -1.313572e-006  8.553109e-008
 1.250000e+002 -1.392650e-006  1.331293e-007
 1.252500e+002 -1.505674e-006  1.512890e-007
 1.255000e+002 -1.413473e-006  2.087664e-007
 1.257500e+002 -1.280836e-006  1.537529e-007
 1.260000e+002 -1.537010e-006  1.914479e-007
 1.262500e+002 -1.410321e-006  1.184973e-007
 1.265000e+002 -1.326769e-006  2.850364e-007
 1.267500e+002 -1.440218e-006  2.360353e-007
 1.270000e+002 -1.282264e-006  2.714209e-007
 1.272500e+002 -1.348495e-006  1.259072e-007
 1.275000e+002 -1.346364e-006  2.470031e-007
 1.277500e+002 -1.477787e-006  3.993579e-008
 1.280000e+002 -1.362447e-006  1.426863e-007
 1.282500e+002 -1.216965e-006  2.632012e-007
 1.285000e+002 -1.688512e-006  3.201949e-007
 1.287500e+002 -1.509419e-006  2.956026e-007
 1.290000e+002 -1.376863e-006  1.092731e-007
 1.292500e+002 -1.338146e-006  1.568080e-007
 1.295000e+002 -1.340374e-006  2.479254e-007
 1.297500e+002 -1.235463e-006  1.669136e-007
 1.300000e+002 -1.237949e-006  1.795843e-007
 1.302500e+002 -1.376282e-006  2.754294e-007
 1.305000e+002 -1.155246e-006  4.675698e-007
 1.307500e+002 -1.462113e-006  3.172561e-007
 1.310000e+002 -1.469120e-006  2.941552e-007
 1.312500e+002 -1.437654e-006  4.146667e-007
 1.315000e+002 -1.550423e-006  3.073340e-007
 1.317500e+002 -1.447235e-006  1.994276e-007
 1.320000e+002 -1.398955e-006  2.166077e-007
 1.322500e+002 -1.501769e-006  2.880993e-007
 1.325000e+002 -1.392570e-006  3.918192e-007
 1.327500e+002 -1.612125e-006  4.687289e-007
 1.330000e+002 -1.522159e-006  3.558404e-007
 1.332500e+002 -1.450758e-006  2.628762e-007
 1.335000e+002 -1.437890e-006  6.718837e-008
 1.337500e+002 -1.488730e-006  4.115050e-007
 1.340000e+002 -1.389317e-006  2.371825e-007
 1.342500e+002 -1.202523e-006  3.124880e-007
 1.345000e+002 -1.376267e-006  3.144776e-007
 1.347500e+002 -1.571784e-006  3.219852e-007
 1.350000e+002 -1.419394e-006  3.040371e-007
 1.352500e+002 -1.193072e-006  2.260344e-007
 1.355000e+002 -1.234695e-006  1.910941e-007
 1.357500e+002 -1.040098e-006  4.373141e-008
 1.360000e+002 -1.672790e-006  3.013090e-007
 1.362500e+002 -1.553966e-006  3.804406e-007
 1.365000e+002 -1.490600e-006  4.131513e-007
 1.367500e+002 -1.270099e-006  6.367060e-007
 1.370000e+002 -1.535025e-006  1.317391e-007
 1.372500e+002 -1.268023e-006  2.688446e-007
 1.375000e+002 -1.347003e-006  2.599651e-007
 1.377500e+002 -1.561020e-006  4.938882e-007
 1.380000e+002 -1.349452e-006  2.702731e-007
 1.382500e+002 -1.253930e-006  1.929771e-007
 1.385000e+002 -1.017933e-006  3.006263e-007
 1.387500e+002 -1.308266e-006  3.770342e-007
 1.390000e+002 -1.171548e-006  5.148727e-007
 1.392500e+002 -1.248437e-006  4.218330e-007
 1.395000e+002 -1.416240e-006  3.967213e-007
 1.397500e+002 -1.559807e-006  3.253114e-007
 1.400000e+002 -1.577569e-006  4.221042e-007
 1.402500e+002 -1.300078e-006  2.953477e-007
 1.405000e+002 -1.297007e-006  4.832320e-007
 1.407500e+002 -1.607353e-006 -4.296752e-008
 1.410000e+002 -1.439167e-006  3.260103e-007
 1.412500e+002 -1.427296e-006  3.222454e-007
 1.415000e+002 -1.238998e-006  1.706422e-007
 1.417500e+002 -1.143731e-006  4.513165e-008
 1.420000e+002 -1.454893e-006  3.088194e-007
 1.422500e+002 -1.204265e-006  4.242401e-007
 1.425000e+002 -1.160893e-006  2.846054e-007
 1.427500e+002 -1.418579e-006  3.163582e-008
 1.430000e+002 -1.146211e-006  2.550950e-007
 1.432500e+002 -1.439753e-006  3.467628e-007
 1.435000e+002 -1.225356e-006  2.172122e-007
 1.437500e+002 -1.528549e-006  2.634952e-007
 1.440000e+002 -1.397532e-006  3.403639e-007
 1.442500e+002 -1.149413e-006  3.554732e-007
 1.445000e+002 -1.399096e-006  3.360139e-007
 1.447500e+002 -1.268257e-006  3.108467e-007
 1.450000e+002 -1.247081e-006  2.040365e-007
 1.452500e+002 -1.333415e-006  2.300885e-007
 1.455000e+002 -1.387482e-006  2.446866e-007
 1.457500e+002 -1.088876e-006  1.290255e-007
 1.460000e+002 -1.457108e-006  2.643366e-007
 1.462500e+002 -1.245565e-006  2.304135e-007
 1.465000e+002 -1.312948e-006  4.089600e-007
 1.467500e+002 -1.492622e-006  1.938735e-007
 1.470000e+002 -1.149114e-006  2.942711e-007
 1.472500e+002 -1.469946e-006  3.569135e-007
 1.475000e+002 -1.287264e-006  1.140996e-007
 1.477500e+002 -1.344116e-006  3.984862e-007
 1.480000e+002 -1.339214e-006  3.475716e-007
 1.482500e+002 -1.498444e-006  1.621516e-007
 1.485000e+002 -1.416530e-006  3.414883e-007
 1.487500e+002 -1.302740e-006  1.227066e-007
 1.490000e+002 -1.414899e-006  2.898182e-007
 1.492500e+002 -1.361552e-006  2.346733e-007
 1.495000e+002 -1.415991e-006  2.797397e-007
 1.497500e+002 -1.409326e-006  3.553338e-007
 1.500000e+002 -1.194937e-006  1.994209e-007
 1.502500e+002 -1.202149e-006  1.206148e-007
 1.505000e+002 -1.316182e-006  2.155102e-007
 1.507500e+002 -1.127115e-006  2.497164e-007
 1.510000e+002 -1.354559e-006  2.386620e-007
 1.512500e+002 -1.233084e-006  1.000787e-007
 1.515000e+002 -1.207937e-006  4.778487e-007
 1.517500e+002 -1.156486e-006  3.200246e-007
 1.520000e+002 -1.301956e-006  2.277843e-007
 1.522500e+002 -1.149499e-006  1.130997e-007
 1.525000e+002 -1.373934e-006  1.955444e-007
 1.527500e+002 -1.018501e-006  2.665273e-007
 1.530000e+002 -1.054072e-006  2.781722e-007
 1.532500e+002 -1.224781e-006  1.062187e-007
 1.535000e+002 -1.487917e-006  1.379324e-007
 1.537500e+002 -1.263357e-006  2.526407e-007
 1.540000e+002 -1.080242e-006  9.279457e-008
 1.542500e+002 -1.435545e-006  1.125430e-007
 1.545000e+002 -1.115349e-006  5.167625e-008
 1.547500e+002 -1.094614e-006  1.351982e-007
 1.550000e+002 -1.147564e-006  2.329063e-007
 1.552500e+002 -1.155581e-006  2.476207e-007
 1.555000e+002 -1.313048e-006  7.987127e-008
 1.557500e+002 -1.237070e-006  1.885430e-007
 1.560000e+002 -1.231531e-006  3.598688e-007
 1.562500e+002 -1.159145e-006  2.232812e-007
 1.565000e+002 -1.339555e-006  2.978817e-008
 1.567500e+002 -1.255210e-006  2.203606e-007
 1.570000e+002 -1.291588e-006  1.231649e-007
 1.572500e+002 -1.269828e-006  1.024972e-007
 1.575000e+002 -1.183589e-006  2.009459e-007
 1.577500e+002 -1.152284e-006  4.319671e-008
 1.580000e+002 -1.218586e-006 -1.228716e-007
 1.582500e+002 -1.144015e-006 -1.314741e-007
 1.585000e+002 -1.185746e-006 -1.645125e-007
 1.587500e+002 -1.585661e-006 -1.125795e-007
 1.590000e+002 -1.663519e-006 -2.225031e-007
 1.592500e+002 -1.610706e-006  1.443136e-007
 1.595000e+002 -1.476982e-006  1.285638e-007
 1.597500e+002 -1.532766e-006 -9.547208e-008
 1.600000e+002 -1.463000e-006  2.561620e-007
 1.602500e+002 -1.403915e-006  2.605132e-007
 1.605000e+002 -1.476313e-006  1.674212e-008
 1.607500e+002 -1.469386e-006  1.044641e-007
 1.610000e+002 -1.458082e-006  2.334315e-007
 1.612500e+002 -1.520840e-006  2.735695e-007
 1.615000e+002 -1.474237e-006  1.411929e-007
 1.617500e+002 -1.458253e-006  3.989373e-007
 1.620000e+002 -1.504433e-006  2.908883e-007
 1.622500e+002 -1.361392e-006  7.762615e-008
 1.625000e+002 -1.461917e-006  3.855616e-007
 1.627500e+002 -1.240106e-006  7.063514e-007
 1.630000e+002 -1.322479e-006  4.120470e-007
 1.632500e+002 -1.087899e-006  4.481295e-007
 1.635000e+002 -1.544147e-006  5.266171e-007
 1.637500e+002 -1.424205e-006  5.003024e-007
 1.640000e+002 -1.465676e-006  2.254574e-007
 1.642500e+002 -1.194631e-006  1.413685e-007
 1.645000e+002 -1.516177e-006 -1.328598e-007
 1.647500e+002 -1.058033e-006  3.481793e-008
 1.650000e+002 -1.136580e-006  3.372819e-008
 1.652500e+002 -1.343780e-006  2.549278e-007
 1.655000e+002 -1.399530e-006  8.678574e-009
 1.657500e+002 -9.915097e-007  2.564265e-007
 1.660000e+002 -1.072644e-006  5.969175e-008
 1.662500e+002 -8.998899e-007  1.608056e-007
 1.665000e+002 -1.555844e-006  5.694221e-008
 1.667500e+002 -1.326112e-006  1.717677e-007
 1.670000e+002 -1.368769e-006  4.120588e-007
 1.672500e+002 -1.271969e-006  3.359642e-007
 1.675000e+002 -1.067814e-006  3.591643e-007
 1.677500e+002 -1.195831e-006  1.130213e-007
 1.680000e+002 -1.381833e-006  1.175625e-008
 1.682500e+002 -9.442382e-007 -2.515642e-007
 1.685000e+002 -1.160346e-006 -8.447387e-008
 1.687500e+002 -1.206337e-006 -5.082748e-008
 1.690000e+002 -1.127135e-006 -6.150028e-008
 1.692500e+002 -1.425557e-006  4.155664e-007
 1.695000e+002 -1.289347e-006 -2.539497e-008
 1.697500e+002 -1.375125e-006  4.678223e-008
 1.700000e+002 -1.178591e-006 -8.359150e-008
 1.702500e+002 -1.120218e-006 -1.402353e-007
 1.705000e+002 -1.298299e-006  2.866201e-007
 1.707500e+002 -1.194266e-006 -6.663561e-008
 1.710000e+002 -1.233998e-006 -2.579348e-007
 1.712500e+002 -1.063846e-006  7.253768e-008
 1.715000e+002 -1.039867e-006  2.070902e-007
 1.717500e+002 -1.029283e-006  1.198591e-007
 1.720000e+002 -1.319026e-006  1.381910e-007
 1.722500e+002 -1.411621e-006  2.056887e-007
 1.725000e+002 -1.042182e-006  1.016513e-007
 1.727500e+002 -1.352117e-006  3.781064e-008
 1.730000e+002 -1.178144e-006 -2.694650e-007
 1.732500e+002 -1.258771e-006  2.598980e-009
 1.735000e+002 -1.092704e-006 -2.094879e-008
 1.737500e+002 -1.075684e-006  1.012725e-007
 1.740000e+002 -9.773442e-007 -7.785957e-008
 1.742500e+002 -1.091081e-006  4.755262e-008
 1.745000e+002 -1.075175e-006 -2.191478e-007
 1.747500e+002 -1.452314e-006 -1.562474e-007
 1.750000e+002 -1.136124e-006  3.915312e-008
 1.752500e+002 -1.106397e-006  2.045246e-007
 1.755000e+002 -9.147726e-007 -5.803763e-008
 1.757500e+002 -1.075690e-006 -3.635180e-007
 1.760000e+002 -1.292541e-006  4.562012e-008
 1.762500e+002 -1.327852e-006 -6.016296e-009
 1.765000e+002 -1.332961e-006  5.500609e-009
 1.767500e+002 -1.202791e-006 -1.648127e-007
 1.770000e+002 -1.019919e-006  5.754791e-008
 1.772500e+002 -1.018132e-006 -8.640306e-008
 1.775000e+002 -1.017593e-006 -9.933408e-009
 1.777500e+002 -9.524331e-007  4.136229e-008
 1.780000e+002 -1.043046e-006  1.561335e-007
 1.782500e+002 -1.233242e-006 -3.751925e-008
 1.785000e+002 -1.143630e-006 -2.037339e-008
 1.787500e+002 -9.713326e-007  2.164942e-008
 1.790000e+002 -9.696995e-007  2.842725e-008
 1.792500e+002 -1.045564e-006 -8.602437e-008
 1.795000e+002 -1.129545e-006  9.994146e-008
 1.797500e+002 -1.096115e-006 -3.159225e-008
 1.800000e+002 -9.253591e-007  6.376765e-008
 1.802500e+002 -1.163831e-006  2.632879e-008
 1.805000e+002 -1.169357e-006  9.986350e-008
 1.807500e+002 -1.100610e-006 -5.378908e-008
 1.810000e+002 -1.174243e-006 -9.504552e-008
 1.812500e+002 -8.687019e-007 -3.301634e-008
 1.815000e+002 -1.114414e-006  1.115126e-009
 1.817500e+002 -8.469206e-007 -2.515103e-009
 1.820000e+002 -8.446670e-007 -7.148209e-008
 1.822500e+002 -1.057482e-006  1.758024e-007
 1.825000e+002 -9.956662e-007  5.564456e-009
 1.827500e+002 -9.322071e-007 -9.348973e-008
 1.830000e+002 -9.524177e-007 -1.522201e-008
 1.832500e+002 -9.525280e-007  9.640954e-009
 1.835000e+002 -9.292421e-007 -1.116674e-007
 1.837500e+002 -1.064826e-006 -9.123846e-008
 1.840000e+002 -9.641305e-007 -1.759321e-010
 1.842500e+002 -1.007723e-006  1.797557e-008
 1.845000e+002 -7.839186e-007  8.213534e-008
 1.847500e+002 -9.226491e-007 -3.244910e-008
 1.850000e+002 -9.099613e-007 -1.232784e-007
 1.852500e+002 -9.592538e-007 -6.234504e-008
 1.855000e+002 -1.047959e-006 -1.039432e-007
 1.857500e+002 -8.521043e-007 -2.304711e-007
 1.860000e+002 -1.239705e-006 -1.763972e-008
 1.862500e+002 -9.642707e-007 -1.063222e-007
 1.865000e+002 -9.900166e-007 -1.867285e-007
 1.867500e+002 -6.864580e-007 -7.628406e-008
 1.870000e+002 -9.509443e-007  6.072981e-008
 1.872500e+002 -1.001389e-006 -3.197373e-008
 1.875000e+002 -9.841848e-007  8.922043e-008
 1.877500e+002 -7.838337e-007  1.951402e-008
 1.880000e+002 -7.029591e-007 -2.344833e-007
 1.882500e+002 -9.422037e-007 -8.425832e-008
 1.885000e+002 -7.084869e-007 -1.534026e-007
 1.887500e+002 -9.901239e-007 -2.220978e-007
 1.890000e+002 -1.230780e-006 -2.293484e-007
 1.892500e+002 -7.421125e-007 -2.014212e-007
 1.895000e+002 -1.038779e-006  1.247115e-007
 1.897500e+002 -7.226288e-007 -2.516946e-007
 1.900000e+002 -7.736056e-007 -1.610682e-007
 1.902500e+002 -9.873541e-007 -7.127657e-008
 1.905000e+002 -6.404933e-007 -8.550760e-008
 1.907500e+002 -6.215469e-007 -1.069665e-007
 1.910000e+002 -9.091364e-007  2.355611e-007
 1.912500e+002 -8.532147e-007  1.665613e-008
 1.915000e+002 -9.513391e-007  7.103422e-008
 1.917500e+002 -1.086143e-006  1.487458e-007
 1.920000e+002 -8.588274e-007 -3.679497e-007
 1.922500e+002 -8.798998e-007  2.817968e-008
 1.925000e+002 -7.416984e-007 -1.585722e-008
 1.927500e+002 -8.306675e-007 -8.315974e-008
 1.930000e+002 -6.101662e-007 -3.545146e-007
 1.932500e+002 -9.072851e-007  1.403978e-007
 1.935000e+002 -1.042259e-006  1.730611e-007
 1.937500e+002 -1.217469e-006 -4.833519e-008
 1.940000e+002 -1.097931e-006  1.248086e-007
 1.942500e+002 -1.008750e-006 -4.454667e-009
 1.945000e+002 -1.301122e-006 -3.729099e-007
 1.947500e+002 -8.592642e-007 -2.734080e-007
 1.950000e+002 -9.114667e-007  1.755987e-008
 1.952500e+002 -8.236560e-007 -2.724644e-008
 1.955000e+002 -9.307896e-007 -1.816875e-007
 1.957500e+002 -6.680701e-007  1.372725e-007
 1.960000e+002 -1.020843e-006 -2.145863e-008
 1.962500e+002 -7.797587e-007  7.808146e-008
 1.965000e+002 -6.683111e-007 -5.463222e-008
 1.967500e+002 -9.578374e-007 -7.493956e-008
 1.970000e+002 -7.401634e-007 -4.933047e-007
 1.972500e+002 -1.329860e-006  2.232019e-007
 1.975000e+002 -7.501561e-007 -2.324665e-008
 1.977500e+002 -3.786815e-007  2.680740e-007
 1.980000e+002 -1.397360e-006 -2.249794e-007
 1.982500e+002 -1.034128e-006 -2.238998e-007
 1.985000e+002 -9.353627e-007  1.009600e-007
 1.987500e+002 -8.654800e-007 -7.236494e-008
 1.990000e+002 -2.784753e-007 -2.373379e-007
 1.992500e+002 -8.251671e-007  3.194188e-007
 1.995000e+002 -1.325307e-006  4.153557e-007
 1.997500e+002 -1.087458e-006 -1.815039e-007
 2.000000e+002 -7.920649e-007 -5.704583e-008
 2.002500e+002 -8.006743e-007 -1.392879e-007
 2.005000e+002 -8.473351e-007  2.971112e-007
 2.007500e+002 -6.610377e-007  2.378395e-007
 2.010000e+002 -7.222449e-007  1.494202e-007
 2.012500e+002 -6.596054e-007  5.645434e-009
 2.015000e+002 -6.716540e-007  2.120405e-007
 2.017500e+002 -8.372965e-007 -5.518310e-008
 2.020000e+002 -8.668463e-007  1.579111e-008
 2.022500e+002 -7.476953e-007 -2.494731e-008
 2.025000e+002 -6.792168e-007  2.076801e-007
 2.027500e+002 -1.038300e-006 -1.637093e-007
 2.030000e+002 -6.824673e-007 -4.341574e-008
 2.032500e+002 -7.938376e-007  1.748386e-007
 2.035000e+002 -7.886131e-007 -8.739354e-008
 2.037500e+002 -8.690008e-007  1.078505e-008
 2.040000e+002 -9.475755e-007  6.270671e-008
 2.042500e+002 -1.027932e-006  1.714879e-007
 2.045000e+002 -8.328713e-007  3.365922e-007
 2.047500e+002 -7.890845e-007  1.719069e-007
 2.050000e+002 -8.709672e-007  2.238284e-007
 2.052500e+002 -6.586376e-007  1.193787e-007
 2.055000e+002 -8.341433e-007  8.887030e-009
 2.057500e+002 -7.995518e-007  7.541096e-008
 2.060000e+002 -6.917641e-007  3.093593e-007
 2.062500e+002 -9.406956e-007  2.100019e-008
 2.065000e+002 -9.674475e-007  6.906517e-008
 2.067500e+002 -9.998667e-007 -8.354058e-010
 2.070000e+002 -7.612073e-007  1.931702e-007
 2.072500e+002 -7.301309e-007  2.368530e-007
 2.075000e+002 -8.601814e-007  3.360086e-007
 2.077500e+002 -7.938903e-007  2.187021e-007
 2.080000e+002 -9.941470e-007  1.816611e-007
 2.082500e+002 -8.209340e-007  3.103843e-007
 2.085000e+002 -9.718886e-007  1.153742e-007
 2.087500e+002 -8.884511e-007  1.515954e-007
 2.090000e+002 -8.058615e-007  3.435031e-007
 2.092500e+002 -7.715354e-007  2.519808e-007
 2.095000e+002 -9.855139e-007  2.846722e-007
 2.097500e+002 -9.348825e-007  3.197224e-007
 2.100000e+002 -7.167082e-007  2.086074e-007
 2.102500e+002 -8.844627e-007  1.318550e-007
 2.105000e+002 -6.983860e-007  2.276144e-007
 2.107500e+002 -8.795353e-007  3.084495e-007
 2.110000e+002 -9.524711e-007  1.545401e-007
 2.112500e+002 -7.695513e-007  2.007894e-007
 2.115000e+002 -1.134259e-006  1.569161e-007
 2.117500e+002 -8.465252e-007  1.397436e-009
 2.120000e+002 -8.656145e-007  1.917226e-007
 2.122500e+002 -9.183441e-007 -2.304041e-008
 2.125000e+002 -8.147166e-007  1.457535e-007
 2.127500e+002 -8.453918e-007  6.941291e-008
 2.130000e+002 -8.796881e-007  2.794730e-007
 2.132500e+002 -7.786405e-007  9.796968e-008
 2.135000e+002 -7.892378e-007  2.715280e-007
 2.137500e+002 -1.129656e-006  1.090978e-007
 2.140000e+002 -1.090398e-006  1.848731e-007
 2.142500e+002 -7.367357e-007  2.237516e-007
 2.145000e+002 -8.132727e-007  1.994929e-007
 2.147500e+002 -1.100102e-006 -2.217254e-008
 2.150000e+002 -9.331080e-007  3.464359e-007
 2.152500e+002 -1.059816e-006  4.210720e-007
 2.155000e+002 -9.960793e-007  2.715154e-007
 2.157500e+002 -1.011223e-006  4.273592e-007
 2.160000e+002 -1.067415e-006  4.086258e-007
 2.162500e+002 -9.626404e-007  3.455477e-007
 2.165000e+002 -8.461504e-007  1.523123e-007
 2.167500e+002 -1.095618e-006  2.664529e-007
 2.170000e+002 -8.701461e-007  1.532256e-007
 2.172500e+002 -9.608138e-007  3.112939e-007
 2.175000e+002 -9.959553e-007  3.462620e-007
 2.177500e+002 -9.577871e-007  2.748567e-007
 2.180000e+002 -1.214484e-006  1.626924e-007
 2.182500e+002 -1.045285e-006  3.697340e-007
 2.185000e+002 -1.036777e-006  2.697689e-007
 2.187500e+002 -1.153534e-006  7.697251e-008
 2.190000e+002 -8.467005e-007  3.233987e-007
 2.192500e+002 -8.715658e-007  3.314203e-007
 2.195000e+002 -7.724647e-007  2.741455e-007
 2.197500e+002 -9.007684e-007  1.632444e-007
 2.200000e+002 -1.095861e-006  2.481593e-007
 2.202500e+002 -1.152750e-006  4.593780e-007
 2.205000e+002 -9.457952e-007  2.441811e-007
 2.207500e+002 -1.123080e-006  4.484785e-007
 2.210000e+002 -1.297684e-006  4.013493e-008
 2.212500e+002 -1.061271e-006  2.232395e-007
 2.215000e+002 -1.139958e-006  4.003308e-007
 2.217500e+002 -1.171027e-006  9.639451e-008
 2.220000e+002 -1.205519e-006 -3.830883e-008
 2.222500e+002 -1.212477e-006  3.108327e-007
 2.225000e+002 -1.308964e-006  4.652122e-008
 2.227500e+002 -1.561587e-006  4.303028e-007
 2.230000e+002 -1.268637e-006  3.075578e-007
 2.232500e+002 -1.429600e-006  1.226145e-007
 2.235000e+002 -1.332871e-006  4.617597e-007
 2.237500e+002 -1.315753e-006  3.935196e-007
 2.240000e+002 -1.282477e-006  3.264565e-007
 2.242500e+002 -1.230900e-006  3.776286e-007
 2.245000e+002 -1.440072e-006  4.143726e-007
 2.247500e+002 -1.463739e-006  3.403448e-007
 2.250000e+002 -1.386098e-006  3.328858e-007
 2.252500e+002 -1.557886e-006  6.716338e-007
 2.255000e+002 -1.500966e-006  3.369303e-007
 2.257500e+002 -1.396584e-006  2.300557e-007
 2.260000e+002 -1.367159e-006  4.585466e-007
 2.262500e+002 -1.622750e-006  3.154450e-007
 2.265000e+002 -1.522417e-006  3.326400e-007
 2.267500e+002 -1.451245e-006  4.053455e-007
 2.270000e+002 -1.707738e-006  6.235171e-007
 2.272500e+002 -1.495967e-006  5.006848e-007
 2.275000e+002 -1.464746e-006  3.914550e-007
 2.277500e+002 -1.533059e-006  5.463425e-007
 2.280000e+002 -1.485376e-006  5.156189e-007
 2.282500e+002 -1.681752e-006  4.339913e-007
 2.285000e+002 -1.580536e-006  5.837126e-007
 2.287500e+002 -1.699621e-006  3.639437e-007
 2.290000e+002 -1.638888e-006  4.306430e-007
 2.292500e+002 -1.869943e-006  3.595366e-007
 2.295000e+002 -1.461506e-006  5.038549e-007
 2.297500e+002 -1.770424e-006  3.730666e-007
 2.300000e+002 -1.634117e-006  4.753127e-007
 2.302500e+002 -1.546699e-006  3.902345e-007
 2.305000e+002 -1.840473e-006  7.553548e-007
 2.307500e+002 -1.730672e-006  4.951579e-007
 2.310000e+002 -1.841658e-006  6.292703e-007
 2.312500e+002 -1.747862e-006  6.873784e-007
 2.315000e+002 -1.633413e-006  4.146328e-007
 2.317500e+002 -1.939743e-006  8.450114e-007
 2.320000e+002 -1.893056e-006  7.501416e-007
 2.322500e+002 -1.932732e-006  5.306252e-007
 2.325000e+002 -2.068362e-006  7.119648e-007
 2.327500e+002 -1.979878e-006  7.056754e-007
 2.330000e+002 -1.733327e-006  5.114672e-007
 2.332500e+002 -1.910907e-006  5.663150e-007
 2.335000e+002 -2.043679e-006  7.748270e-007
 2.337500e+002 -1.780363e-006  6.467033e-007
 2.340000e+002 -1.929527e-006  8.187647e-007
 2.342500e+002 -2.251456e-006  7.177707e-007
 2.345000e+002 -2.071928e-006  9.371054e-007
 2.347500e+002 -2.077649e-006  1.171516e-006
 2.350000e+002 -2.213888e-006  8.323992e-007
 2.352500e+002 -2.438303e-006  1.081751e-006
 2.355000e+002 -2.116349e-006  1.262873e-006
 2.357500e+002 -2.061779e-006  1.016038e-006
 2.360000e+002 -2.130620e-006  1.044705e-006
 2.362500e+002 -2.011463e-006  1.050899e-006
 2.365000e+002 -1.996561e-006  1.012062e-006
 2.367500e+002 -2.167992e-006  1.045321e-006
 2.370000e+002 -2.136720e-006  1.385657e-006
 2.372500e+002 -2.255049e-006  1.187002e-006
 2.375000e+002 -2.190867e-006  1.363919e-006
 2.377500e+002 -2.245085e-006  1.141935e-006
 2.380000e+002 -2.420075e-006  1.141572e-006
 2.382500e+002 -2.549446e-006  1.221494e-006
 2.385000e+002 -2.441344e-006  1.261835e-006
 2.387500e+002 -2.497474e-006  1.359115e-006
 2.390000e+002 -2.558745e-006  1.394479e-006
 2.392500e+002 -2.577617e-006  1.294102e-006
 2.395000e+002 -2.830797e-006  1.222214e-006
 2.397500e+002 -2.994666e-006  1.551428e-006
 2.400000e+002 -3.329558e-006  1.900636e-006
 2.402500e+002 -3.533179e-006  1.987328e-006
 2.405000e+002 -3.561449e-006  2.228298e-006
 2.407500e+002 -3.710273e-006  2.914284e-006
 2.410000e+002 -3.640635e-006  3.093958e-006
 2.412500e+002 -4.014135e-006  3.564304e-006
 2.415000e+002 -3.603007e-006  4.193562e-006
 2.417500e+002 -3.373338e-006  4.626101e-006
 2.420000e+002 -3.238934e-006  5.041839e-006
 2.422500e+002 -2.865516e-006  5.729801e-006
 2.425000e+002 -2.054310e-006  6.272777e-006
 2.427500e+002 -1.267547e-006  6.842095e-006
 2.430000e+002 -2.272502e-007  6.819708e-006
 2.432500e+002  7.123636e-007  7.053360e-006
 2.435000e+002  1.395480e-006  6.311442e-006
 2.437500e+002  2.755357e-006  5.882509e-006
 2.440000e+002  3.248658e-006  5.173434e-006
 2.442500e+002  3.287144e-006  4.412595e-006
 2.445000e+002  3.598026e-006  3.760194e-006
 2.447500e+002  3.460548e-006  3.042585e-006
 2.450000e+002  3.411666e-006  2.311762e-006
 2.452500e+002  3.359596e-006  1.990601e-006
 2.455000e+002  3.270853e-006  1.672582e-006
 2.457500e+002  2.903973e-006  1.442898e-006
 2.460000e+002  2.650968e-006  1.352704e-006
 2.462500e+002  2.766697e-006  7.466455e-007
 2.465000e+002  2.486821e-006  8.837596e-007
 2.467500e+002  2.251805e-006  7.896041e-007
 2.470000e+002  2.277148e-006  4.554989e-007
 2.472500e+002  2.073967e-006  3.718561e-007
 2.475000e+002  1.635881e-006  3.053561e-007
 2.477500e+002  1.797136e-006  4.980377e-007
 2.480000e+002  1.612126e-006  4.660753e-007
 2.482500e+002  1.342093e-006  3.011542e-007
 2.485000e+002  1.637596e-006  1.619298e-007
 2.487500e+002  1.491387e-006  3.815489e-007
 2.490000e+002  1.478808e-006  3.152280e-007
 2.492500e+002  1.576559e-006  1.158737e-007
 2.495000e+002  1.643681e-006  3.786054e-007
 2.497500e+002  1.327733e-006 -3.073619e-008
 2.500000e+002  1.051714e-006 -1.518459e-007
 2.502500e+002  1.373619e-006  1.765543e-007
 2.505000e+002  1.170050e-006 -1.929048e-007
 2.507500e+002  1.302644e-006 -2.268412e-008
 2.510000e+002  1.140935e-006 -2.358601e-007
 2.512500e+002  1.346126e-006  1.166836e-007
 2.515000e+002  1.156937e-006  1.170519e-007
 2.517500e+002  9.662912e-007 -2.792147e-007
 2.520000e+002  8.899458e-007 -1.517146e-007
 2.522500e+002  9.895469e-007 -1.481646e-007
 2.525000e+002  1.163170e-006 -3.274694e-007
 2.527500e+002  1.025696e-006 -2.710035e-007
 2.530000e+002  7.583398e-007 -9.682889e-010
 2.532500e+002  9.391911e-007 -9.296841e-008
 2.535000e+002  8.580379e-007 -4.835327e-009
 2.537500e+002  9.968404e-007  2.167443e-008
 2.540000e+002  6.651213e-007 -3.990764e-008
 2.542500e+002  5.341466e-007 -5.205644e-007
 2.545000e+002  8.857670e-007 -7.954091e-008
 2.547500e+002  9.843789e-007 -2.006374e-007
 2.550000e+002  1.039970e-006 -1.091392e-007
 2.552500e+002  7.512466e-007 -2.288104e-007
 2.555000e+002  8.980976e-007 -3.031217e-007
 2.557500e+002  9.472019e-007  2.194683e-008
 2.560000e+002  1.575429e-007  2.288257e-012
