 0.000000e+000  9.767670e-001  0.000000e+000
 2.500000e-001  5.573975e-001  0.000000e+000
 5.000000e-001  3.802214e-001  0.000000e+000
 7.500000e-001  3.311579e-001  0.000000e+000
 1.000000e+000  2.457486e-001  0.000000e+000
 1.250000e+000  6.700432e-001  0.000000e+000
 1.500000e+000  7.931498e-001  0.000000e+000
 1.750000e+000  8.241440e-001  0.000000e+000
 2.000000e+000  8.158182e-001  0.000000e+000
 2.250000e+000  8.734800e-001  0.000000e+000
 2.500000e+000  7.723527e-001  0.000000e+000
 2.750000e+000  7.932816e-001  0.000000e+000
 3.000000e+000  6.420079e-001  0.000000e+000
 3.250000e+000  6.741797e-001  0.000000e+000
 3.500000e+000  7.251989e-001  0.000000e+000
 3.750000e+000  5.628427e-001  0.000000e+000
 4.000000e+000  6.709224e-001  0.000000e+000
 4.250000e+000  7.843103e-001  0.000000e+000
 4.500000e+000  7.961538e-001  0.000000e+000
 4.750000e+000  8.509923e-001  0.000000e+000
 5.000000e+000  8.450040e-001  0.000000e+000
 5.250000e+000  8.894981e-001  0.000000e+000
 5.500000e+000  8.777693e-001  0.000000e+000
 5.750000e+000  8.927149e-001  0.000000e+000
 6.000000e+000  9.064814e-001  0.000000e+000
 6.250000e+000  9.317834e-001  0.000000e+000
 6.500000e+000  9.367300e-001  0.000000e+000
 6.750000e+000  9.612082e-001  0.000000e+000
 7.000000e+000  9.588288e-001  0.000000e+000
 7.250000e+000  9.665921e-001  0.000000e+000
 7.500000e+000  9.693026e-001  0.000000e+000
 7.750000e+000  9.749746e-001  0.000000e+000
 8.000000e+000  9.814156e-001  0.000000e+000
 8.250000e+000  9.763124e-001  0.000000e+000
 8.500000e+000  9.748874e-001  0.000000e+000
 8.750000e+000  9.773642e-001  0.000000e+000
 9.000000e+000  9.835543e-001  0.000000e+000
 9.250000e+000  9.808211e-001  0.000000e+000
 9.500000e+000  9.831795e-001  0.000000e+000
 9.750000e+000  9.885675e-001  0.000000e+000
 1.000000e+001  9.827957e-001  0.000000e+000
 1.025000e+001  9.859598e-001  0.000000e+000
 1.050000e+001  9.861707e-001  0.000000e+000
 1.075000e+001  9.900783e-001  0.000000e+000
 1.100000e+001  9.891081e-001  0.000000e+000
 1.125000e+001  9.869244e-001  0.000000e+000
 1.150000e+001  9.866565e-001  0.000000e+000
 1.175000e+001  9.861985e-001  0.000000e+000
 1.200000e+001  9.838662e-001  0.000000e+000
 1.225000e+001  9.873281e-001  0.000000e+000
 1.250000e+001  9.870632e-001  0.000000e+000
 1.275000e+001  9.875039e-001  0.000000e+000
 1.300000e+001  9.845781e-001  0.000000e+000
 1.325000e+001  9.884642e-001  0.000000e+000
 1.350000e+001  9.875330e-001  0.000000e+000
 1.375000e+001  9.838161e-001  0.000000e+000
 1.400000e+001  9.897436e-001  0.000000e+000
 1.425000e+001  9.892743e-001  0.000000e+000
 1.450000e+001  9.881161e-001  0.000000e+000
 1.475000e+001  9.843048e-001  0.000000e+000
 1.500000e+001  9.887201e-001  0.000000e+000
 1.525000e+001  9.861562e-001  0.000000e+000
 1.550000e+001  9.894276e-001  0.000000e+000
 1.575000e+001  9.871860e-001  0.000000e+000
 1.600000e+001  9.897418e-001  0.000000e+000
 1.625000e+001  9.889152e-001  0.000000e+000
 1.650000e+001  9.902855e-001  0.000000e+000
 1.675000e+001  9.897821e-001  0.000000e+000
 1.700000e+001  9.879574e-001  0.000000e+000
 1.725000e+001  9.872861e-001  0.000000e+000
 1.750000e+001  9.893396e-001  0.000000e+000
 1.775000e+001  9.858606e-001  0.000000e+000
 1.800000e+001  9.867492e-001  0.000000e+000
 1.825000e+001  9.870156e-001  0.000000e+000
 1.850000e+001  9.877996e-001  0.000000e+000
 1.875000e+001  9.884903e-001  0.000000e+000
 1.900000e+001  9.854516e-001  0.000000e+000
 1.925000e+001  9.861142e-001  0.000000e+000
 1.950000e+001  9.877881e-001  0.000000e+000
 1.975000e+001  9.862131e-001  0.000000e+000
 2.000000e+001  9.832490e-001  0.000000e+000
 2.025000e+001  9.837216e-001  0.000000e+000
 2.050000e+001  9.835625e-001  0.000000e+000
 2.075000e+001  9.861804e-001  0.000000e+000
 2.100000e+001  9.846550e-001  0.000000e+000
 2.125000e+001  9.850475e-001  0.000000e+000
 2.150000e+001  9.858577e-001  0.000000e+000
 2.175000e+001  9.811211e-001  0.000000e+000
 2.200000e+001  9.844444e-001  0.000000e+000
 2.225000e+001  9.838265e-001  0.000000e+000
 2.250000e+001  9.742266e-001  0.000000e+000
 2.275000e+001  9.783003e-001  0.000000e+000
 2.300000e+001  9.814238e-001  0.000000e+000
 2.325000e+001  9.837462e-001  0.000000e+000
 2.350000e+001  9.812598e-001  0.000000e+000
 2.375000e+001  9.821230e-001  0.000000e+000
 2.400000e+001  9.800564e-001  0.000000e+000
 2.425000e+001  9.822903e-001  0.000000e+000
 2.450000e+001  9.784486e-001  0.000000e+000
 2.475000e+001  9.810653e-001  0.000000e+000
 2.500000e+001  9.757531e-001  0.000000e+000
 2.525000e+001  9.773238e-001  0.000000e+000
 2.550000e+001  9.787083e-001  0.000000e+000
 2.575000e+001  9.783436e-001  0.000000e+000
 2.600000e+001  9.770980e-001  0.000000e+000
 2.625000e+001  9.792372e-001  0.000000e+000
 2.650000e+001  9.771876e-001  0.000000e+000
 2.675000e+001  9.764801e-001  0.000000e+000
 2.700000e+001  9.780811e-001  0.000000e+000
 2.725000e+001  9.771737e-001  0.000000e+000
 2.750000e+001  9.758694e-001  0.000000e+000
 2.775000e+001  9.756094e-001  0.000000e+000
 2.800000e+001  9.745608e-001  0.000000e+000
 2.825000e+001  9.742271e-001  0.000000e+000
 2.850000e+001  9.703960e-001  0.000000e+000
 2.875000e+001  9.753665e-001  0.000000e+000
 2.900000e+001  9.721204e-001  0.000000e+000
 2.925000e+001  9.744156e-001  0.000000e+000
 2.950000e+001  9.707603e-001  0.000000e+000
 2.975000e+001  9.728309e-001  0.000000e+000
 3.000000e+001  9.690077e-001  0.000000e+000
 3.025000e+001  9.686757e-001  0.000000e+000
 3.050000e+001  9.676489e-001  0.000000e+000
 3.075000e+001  9.675432e-001  0.000000e+000
 3.100000e+001  9.647974e-001  0.000000e+000
 3.125000e+001  9.651420e-001  0.000000e+000
 3.150000e+001  9.665968e-001  0.000000e+000
 3.175000e+001  9.645134e-001  0.000000e+000
 3.200000e+001  9.618778e-001  0.000000e+000
 3.225000e+001  9.608027e-001  0.000000e+000
 3.250000e+001  9.591809e-001  0.000000e+000
 3.275000e+001  9.609214e-001  0.000000e+000
 3.300000e+001  9.570712e-001  0.000000e+000
 3.325000e+001  9.544182e-001  0.000000e+000
 3.350000e+001  9.555812e-001  0.000000e+000
 3.375000e+001  9.539973e-001  0.000000e+000
 3.400000e+001  9.540398e-001  0.000000e+000
 3.425000e+001  9.506266e-001  0.000000e+000
 3.450000e+001  9.493375e-001  0.000000e+000
 3.475000e+001  9.473647e-001  0.000000e+000
 3.500000e+001  9.519481e-001  0.000000e+000
 3.525000e+001  9.431178e-001  0.000000e+000
 3.550000e+001  9.418203e-001  0.000000e+000
 3.575000e+001  9.406955e-001  0.000000e+000
 3.600000e+001  9.426416e-001  0.000000e+000
 3.625000e+001  9.409574e-001  0.000000e+000
 3.650000e+001  9.341267e-001  0.000000e+000
 3.675000e+001  9.361826e-001  0.000000e+000
 3.700000e+001  9.305683e-001  0.000000e+000
 3.725000e+001  9.298949e-001  0.000000e+000
 3.750000e+001  9.262496e-001  0.000000e+000
 3.775000e+001  9.233302e-001  0.000000e+000
 3.800000e+001  9.231455e-001  0.000000e+000
 3.825000e+001  9.216521e-001  0.000000e+000
 3.850000e+001  9.234606e-001  0.000000e+000
 3.875000e+001  9.134962e-001  0.000000e+000
 3.900000e+001  9.151978e-001  0.000000e+000
 3.925000e+001  9.075503e-001  0.000000e+000
 3.950000e+001  9.045399e-001  0.000000e+000
 3.975000e+001  8.992810e-001  0.000000e+000
 4.000000e+001  8.999916e-001  0.000000e+000
 4.025000e+001  8.951170e-001  0.000000e+000
 4.050000e+001  8.888617e-001  0.000000e+000
 4.075000e+001  8.832379e-001  0.000000e+000
 4.100000e+001  8.818069e-001  0.000000e+000
 4.125000e+001  8.822783e-001  0.000000e+000
 4.150000e+001  8.716422e-001  0.000000e+000
 4.175000e+001  8.698294e-001  0.000000e+000
 4.200000e+001  8.526245e-001  0.000000e+000
 4.225000e+001  8.544088e-001  0.000000e+000
 4.250000e+001  8.544289e-001  0.000000e+000
 4.275000e+001  8.509316e-001  0.000000e+000
 4.300000e+001  8.404246e-001  0.000000e+000
 4.325000e+001  8.281368e-001  0.000000e+000
 4.350000e+001  8.197927e-001  0.000000e+000
 4.375000e+001  8.161184e-001  0.000000e+000
 4.400000e+001  7.988922e-001  0.000000e+000
 4.425000e+001  7.904022e-001  0.000000e+000
 4.450000e+001  7.853245e-001  0.000000e+000
 4.475000e+001  7.660841e-001  0.000000e+000
 4.500000e+001  7.337071e-001  0.000000e+000
 4.525000e+001  6.662149e-001  0.000000e+000
 4.550000e+001  7.547971e-001  0.000000e+000
 4.575000e+001  7.292415e-001  0.000000e+000
 4.600000e+001  7.172415e-001  0.000000e+000
 4.625000e+001  6.875908e-001  0.000000e+000
 4.650000e+001  6.991746e-001  0.000000e+000
 4.675000e+001  6.691300e-001  0.000000e+000
 4.700000e+001  6.511545e-001  0.000000e+000
 4.725000e+001  6.304551e-001  0.000000e+000
 4.750000e+001  6.001146e-001  0.000000e+000
 4.775000e+001  6.091642e-001  0.000000e+000
 4.800000e+001  5.658862e-001  0.000000e+000
 4.825000e+001  5.300893e-001  0.000000e+000
 4.850000e+001  5.136071e-001  0.000000e+000
 4.875000e+001  4.884812e-001  0.000000e+000
 4.900000e+001  4.459859e-001  0.000000e+000
 4.925000e+001  4.630395e-001  0.000000e+000
 4.950000e+001  4.193182e-001  0.000000e+000
 4.975000e+001  3.787225e-001  0.000000e+000
 5.000000e+001  3.458454e-001  0.000000e+000
 5.025000e+001  3.258439e-001  0.000000e+000
 5.050000e+001  2.823830e-001  0.000000e+000
 5.075000e+001  2.627546e-001  0.000000e+000
 5.100000e+001  2.507914e-001  0.000000e+000
 5.125000e+001  2.230599e-001  0.000000e+000
 5.150000e+001  2.016610e-001  0.000000e+000
 5.175000e+001  2.048392e-001  0.000000e+000
 5.200000e+001  1.877671e-001  0.000000e+000
 5.225000e+001  1.827550e-001  0.000000e+000
 5.250000e+001  2.205615e-001  0.000000e+000
 5.275000e+001  1.837567e-001  0.000000e+000
 5.300000e+001  2.035414e-001  0.000000e+000
 5.325000e+001  2.242392e-001  0.000000e+000
 5.350000e+001  2.518735e-001  0.000000e+000
 5.375000e+001  3.057142e-001  0.000000e+000
 5.400000e+001  3.210226e-001  0.000000e+000
 5.425000e+001  3.279804e-001  0.000000e+000
 5.450000e+001  3.831210e-001  0.000000e+000
 5.475000e+001  3.855787e-001  0.000000e+000
 5.500000e+001  4.381219e-001  0.000000e+000
 5.525000e+001  5.227628e-001  0.000000e+000
 5.550000e+001  5.156459e-001  0.000000e+000
 5.575000e+001  5.349879e-001  0.000000e+000
 5.600000e+001  5.729563e-001  0.000000e+000
 5.625000e+001  5.830081e-001  0.000000e+000
 5.650000e+001  5.822954e-001  0.000000e+000
 5.675000e+001  5.216382e-001  0.000000e+000
 5.700000e+001  4.909362e-001  0.000000e+000
 5.725000e+001  6.508416e-001  0.000000e+000
 5.750000e+001  7.144483e-001  0.000000e+000
 5.775000e+001  6.777799e-001  0.000000e+000
 5.800000e+001  7.151583e-001  0.000000e+000
 5.825000e+001  7.303369e-001  0.000000e+000
 5.850000e+001  7.525426e-001  0.000000e+000
 5.875000e+001  7.658158e-001  0.000000e+000
 5.900000e+001  7.945164e-001  0.000000e+000
 5.925000e+001  8.078258e-001  0.000000e+000
 5.950000e+001  8.072138e-001  0.000000e+000
 5.975000e+001  8.345985e-001  0.000000e+000
 6.000000e+001  8.039653e-001  0.000000e+000
 6.025000e+001  8.452489e-001  0.000000e+000
 6.050000e+001  8.536765e-001  0.000000e+000
 6.075000e+001  8.759117e-001  0.000000e+000
 6.100000e+001  8.879634e-001  0.000000e+000
 6.125000e+001  8.831528e-001  0.000000e+000
 6.150000e+001  8.917270e-001  0.000000e+000
 6.175000e+001  8.984794e-001  0.000000e+000
 6.200000e+001  9.048584e-001  0.000000e+000
 6.225000e+001  9.080909e-001  0.000000e+000
 6.250000e+001  9.239827e-001  0.000000e+000
 6.275000e+001  9.335904e-001  0.000000e+000
 6.300000e+001  9.286599e-001  0.000000e+000
 6.325000e+001  9.389274e-001  0.000000e+000
 6.350000e+001  9.351307e-001  0.000000e+000
 6.375000e+001  9.390978e-001  0.000000e+000
 6.400000e+001  9.499681e-001  0.000000e+000
 6.425000e+001  9.454892e-001  0.000000e+000
 6.450000e+001  9.505941e-001  0.000000e+000
 6.475000e+001  9.535645e-001  0.000000e+000
 6.500000e+001  9.622409e-001  0.000000e+000
 6.525000e+001  9.591460e-001  0.000000e+000
 6.550000e+001  9.612990e-001  0.000000e+000
 6.575000e+001  9.626349e-001  0.000000e+000
 6.600000e+001  9.660275e-001  0.000000e+000
 6.625000e+001  9.763824e-001  0.000000e+000
 6.650000e+001  9.689190e-001  0.000000e+000
 6.675000e+001  9.733136e-001  0.000000e+000
 6.700000e+001  9.744010e-001  0.000000e+000
 6.725000e+001  9.773450e-001  0.000000e+000
 6.750000e+001  9.804856e-001  0.000000e+000
 6.775000e+001  9.785616e-001  0.000000e+000
 6.800000e+001  9.836305e-001  0.000000e+000
 6.825000e+001  9.790255e-001  0.000000e+000
 6.850000e+001  9.792151e-001  0.000000e+000
 6.875000e+001  9.825922e-001  0.000000e+000
 6.900000e+001  9.819356e-001  0.000000e+000
 6.925000e+001  9.818463e-001  0.000000e+000
 6.950000e+001  9.855772e-001  0.000000e+000
 6.975000e+001  9.869886e-001  0.000000e+000
 7.000000e+001  9.878489e-001  0.000000e+000
 7.025000e+001  9.865645e-001  0.000000e+000
 7.050000e+001  9.897642e-001  0.000000e+000
 7.075000e+001  9.886630e-001  0.000000e+000
 7.100000e+001  9.879436e-001  0.000000e+000
 7.125000e+001  9.915928e-001  0.000000e+000
 7.150000e+001  9.909317e-001  0.000000e+000
 7.175000e+001  9.939242e-001  0.000000e+000
 7.200000e+001  9.920965e-001  0.000000e+000
 7.225000e+001  9.937210e-001  0.000000e+000
 7.250000e+001  9.923152e-001  0.000000e+000
 7.275000e+001  9.921796e-001  0.000000e+000
 7.300000e+001  9.881904e-001  0.000000e+000
 7.325000e+001  9.905136e-001  0.000000e+000
 7.350000e+001  9.935167e-001  0.000000e+000
 7.375000e+001  9.952393e-001  0.000000e+000
 7.400000e+001  9.949049e-001  0.000000e+000
 7.425000e+001  9.959183e-001  0.000000e+000
 7.450000e+001  9.964328e-001  0.000000e+000
 7.475000e+001  9.969814e-001  0.000000e+000
 7.500000e+001  9.964951e-001  0.000000e+000
 7.525000e+001  9.964491e-001  0.000000e+000
 7.550000e+001  9.963431e-001  0.000000e+000
 7.575000e+001  9.967420e-001  0.000000e+000
 7.600000e+001  9.983163e-001  0.000000e+000
 7.625000e+001  9.976437e-001  0.000000e+000
 7.650000e+001  9.986871e-001  0.000000e+000
 7.675000e+001  9.981935e-001  0.000000e+000
 7.700000e+001  9.982939e-001  0.000000e+000
 7.725000e+001  9.980526e-001  0.000000e+000
 7.750000e+001  9.981790e-001  0.000000e+000
 7.775000e+001  9.983931e-001  0.000000e+000
 7.800000e+001  9.982761e-001  0.000000e+000
 7.825000e+001  9.979094e-001  0.000000e+000
 7.850000e+001  9.982121e-001  0.000000e+000
 7.875000e+001  9.977668e-001  0.000000e+000
 7.900000e+001  9.962876e-001  0.000000e+000
 7.925000e+001  9.959655e-001  0.000000e+000
 7.950000e+001  9.906754e-001  0.000000e+000
 7.975000e+001  9.881096e-001  0.000000e+000
 8.000000e+001  9.952819e-001  0.000000e+000
 8.025000e+001  9.960427e-001  0.000000e+000
 8.050000e+001  9.956301e-001  0.000000e+000
 8.075000e+001  9.973359e-001  0.000000e+000
 8.100000e+001  9.971863e-001  0.000000e+000
 8.125000e+001  9.968674e-001  0.000000e+000
 8.150000e+001  9.960070e-001  0.000000e+000
 8.175000e+001  9.955716e-001  0.000000e+000
 8.200000e+001  9.964871e-001  0.000000e+000
 8.225000e+001  9.967611e-001  0.000000e+000
 8.250000e+001  9.957594e-001  0.000000e+000
 8.275000e+001  9.964198e-001  0.000000e+000
 8.300000e+001  9.969735e-001  0.000000e+000
 8.325000e+001  9.976969e-001  0.000000e+000
 8.350000e+001  9.975113e-001  0.000000e+000
 8.375000e+001  9.979773e-001  0.000000e+000
 8.400000e+001  9.979731e-001  0.000000e+000
 8.425000e+001  9.977244e-001  0.000000e+000
 8.450000e+001  9.978087e-001  0.000000e+000
 8.475000e+001  9.978389e-001  0.000000e+000
 8.500000e+001  9.972608e-001  0.000000e+000
 8.525000e+001  9.961294e-001  0.000000e+000
 8.550000e+001  9.970572e-001  0.000000e+000
 8.575000e+001  9.968610e-001  0.000000e+000
 8.600000e+001  9.967462e-001  0.000000e+000
 8.625000e+001  9.975373e-001  0.000000e+000
 8.650000e+001  9.970058e-001  0.000000e+000
 8.675000e+001  9.960014e-001  0.000000e+000
 8.700000e+001  9.955108e-001  0.000000e+000
 8.725000e+001  9.961579e-001  0.000000e+000
 8.750000e+001  9.956818e-001  0.000000e+000
 8.775000e+001  9.948646e-001  0.000000e+000
 8.800000e+001  9.953839e-001  0.000000e+000
 8.825000e+001  9.953964e-001  0.000000e+000
 8.850000e+001  9.948942e-001  0.000000e+000
 8.875000e+001  9.965129e-001  0.000000e+000
 8.900000e+001  9.940874e-001  0.000000e+000
 8.925000e+001  9.930371e-001  0.000000e+000
 8.950000e+001  9.932793e-001  0.000000e+000
 8.975000e+001  9.933215e-001  0.000000e+000
 9.000000e+001  9.937617e-001  0.000000e+000
 9.025000e+001  9.906771e-001  0.000000e+000
 9.050000e+001  9.921739e-001  0.000000e+000
 9.075000e+001  9.929350e-001  0.000000e+000
 9.100000e+001  9.928534e-001  0.000000e+000
 9.125000e+001  9.933437e-001  0.000000e+000
 9.150000e+001  9.929176e-001  0.000000e+000
 9.175000e+001  9.923798e-001  0.000000e+000
 9.200000e+001  9.914686e-001  0.000000e+000
 9.225000e+001  9.932035e-001  0.000000e+000
 9.250000e+001  9.921399e-001  0.000000e+000
 9.275000e+001  9.919116e-001  0.000000e+000
 9.300000e+001  9.913267e-001  0.000000e+000
 9.325000e+001  9.908194e-001  0.000000e+000
 9.350000e+001  9.909367e-001  0.000000e+000
 9.375000e+001  9.918903e-001  0.000000e+000
 9.400000e+001  9.900199e-001  0.000000e+000
 9.425000e+001  9.909407e-001  0.000000e+000
 9.450000e+001  9.884627e-001  0.000000e+000
 9.475000e+001  9.899622e-001  0.000000e+000
 9.500000e+001  9.900576e-001  0.000000e+000
 9.525000e+001  9.898675e-001  0.000000e+000
 9.550000e+001  9.881543e-001  0.000000e+000
 9.575000e+001  9.885229e-001  0.000000e+000
 9.600000e+001  9.883546e-001  0.000000e+000
 9.625000e+001  9.879715e-001  0.000000e+000
 9.650000e+001  9.872977e-001  0.000000e+000
 9.675000e+001  9.865375e-001  0.000000e+000
 9.700000e+001  9.866055e-001  0.000000e+000
 9.725000e+001  9.870237e-001  0.000000e+000
 9.750000e+001  9.857377e-001  0.000000e+000
 9.775000e+001  9.877262e-001  0.000000e+000
 9.800000e+001  9.869516e-001  0.000000e+000
 9.825000e+001  9.872978e-001  0.000000e+000
 9.850000e+001  9.859432e-001  0.000000e+000
 9.875000e+001  9.833168e-001  0.000000e+000
 9.900000e+001  9.852284e-001  0.000000e+000
 9.925000e+001  9.869344e-001  0.000000e+000
 9.950000e+001  9.846402e-001  0.000000e+000
 9.975000e+001  9.873459e-001  0.000000e+000
 1.000000e+002  9.841328e-001  0.000000e+000
 1.002500e+002  9.839405e-001  0.000000e+000
 1.005000e+002  9.834266e-001  0.000000e+000
 1.007500e+002  9.833282e-001  0.000000e+000
 1.010000e+002  9.851504e-001  0.000000e+000
 1.012500e+002  9.830370e-001  0.000000e+000
 1.015000e+002  9.812592e-001  0.000000e+000
 1.017500e+002  9.805803e-001  0.000000e+000
 1.020000e+002  9.805793e-001  0.000000e+000
 1.022500e+002  9.727610e-001  0.000000e+000
 1.025000e+002  9.779583e-001  0.000000e+000
 1.027500e+002  9.824829e-001  0.000000e+000
 1.030000e+002  9.809132e-001  0.000000e+000
 1.032500e+002  9.797317e-001  0.000000e+000
 1.035000e+002  9.803953e-001  0.000000e+000
 1.037500e+002  9.806265e-001  0.000000e+000
 1.040000e+002  9.795523e-001  0.000000e+000
 1.042500e+002  9.776831e-001  0.000000e+000
 1.045000e+002  9.776621e-001  0.000000e+000
 1.047500e+002  9.761092e-001  0.000000e+000
 1.050000e+002  9.742329e-001  0.000000e+000
 1.052500e+002  9.735700e-001  0.000000e+000
 1.055000e+002  9.804382e-001  0.000000e+000
 1.057500e+002  9.777690e-001  0.000000e+000
 1.060000e+002  9.739087e-001  0.000000e+000
 1.062500e+002  9.737577e-001  0.000000e+000
 1.065000e+002  9.756740e-001  0.000000e+000
 1.067500e+002  9.746186e-001  0.000000e+000
 1.070000e+002  9.775615e-001  0.000000e+000
 1.072500e+002  9.741021e-001  0.000000e+000
 1.075000e+002  9.712681e-001  0.000000e+000
 1.077500e+002  9.694085e-001  0.000000e+000
 1.080000e+002  9.730049e-001  0.000000e+000
 1.082500e+002  9.680527e-001  0.000000e+000
 1.085000e+002  9.694932e-001  0.000000e+000
 1.087500e+002  9.730523e-001  0.000000e+000
 1.090000e+002  9.664385e-001  0.000000e+000
 1.092500e+002  9.692464e-001  0.000000e+000
 1.095000e+002  9.600852e-001  0.000000e+000
 1.097500e+002  9.677157e-001  0.000000e+000
 1.100000e+002  9.592777e-001  0.000000e+000
 1.102500e+002  9.560601e-001  0.000000e+000
 1.105000e+002  9.628181e-001  0.000000e+000
 1.107500e+002  9.567972e-001  0.000000e+000
 1.110000e+002  9.537039e-001  0.000000e+000
 1.112500e+002  9.406267e-001  0.000000e+000
 1.115000e+002  9.505892e-001  0.000000e+000
 1.117500e+002  9.438146e-001  0.000000e+000
 1.120000e+002  9.572957e-001  0.000000e+000
 1.122500e+002  9.493039e-001  0.000000e+000
 1.125000e+002  9.487531e-001  0.000000e+000
 1.127500e+002  9.573112e-001  0.000000e+000
 1.130000e+002  9.746478e-001  0.000000e+000
 1.132500e+002  9.790400e-001  0.000000e+000
 1.135000e+002  9.870786e-001  0.000000e+000
 1.137500e+002  9.833163e-001  0.000000e+000
 1.140000e+002  9.851145e-001  0.000000e+000
 1.142500e+002  9.839313e-001  0.000000e+000
 1.145000e+002  9.829144e-001  0.000000e+000
 1.147500e+002  9.853183e-001  0.000000e+000
 1.150000e+002  9.842367e-001  0.000000e+000
 1.152500e+002  9.793546e-001  0.000000e+000
 1.155000e+002  9.838967e-001  0.000000e+000
 1.157500e+002  9.833260e-001  0.000000e+000
 1.160000e+002  9.773194e-001  0.000000e+000
 1.162500e+002  9.794640e-001  0.000000e+000
 1.165000e+002  9.746122e-001  0.000000e+000
 1.167500e+002  9.747969e-001  0.000000e+000
 1.170000e+002  9.794403e-001  0.000000e+000
 1.172500e+002  9.731460e-001  0.000000e+000
 1.175000e+002  9.795048e-001  0.000000e+000
 1.177500e+002  9.787054e-001  0.000000e+000
 1.180000e+002  9.783628e-001  0.000000e+000
 1.182500e+002  9.736865e-001  0.000000e+000
 1.185000e+002  9.775872e-001  0.000000e+000
 1.187500e+002  9.722492e-001  0.000000e+000
 1.190000e+002  9.691746e-001  0.000000e+000
 1.192500e+002  9.736515e-001  0.000000e+000
 1.195000e+002  9.715536e-001  0.000000e+000
 1.197500e+002  9.707749e-001  0.000000e+000
 1.200000e+002  9.730424e-001  0.000000e+000
 1.202500e+002  9.736831e-001  0.000000e+000
 1.205000e+002  9.654007e-001  0.000000e+000
 1.207500e+002  9.698024e-001  0.000000e+000
 1.210000e+002  9.660764e-001  0.000000e+000
 1.212500e+002  9.713532e-001  0.000000e+000
 1.215000e+002  9.667958e-001  0.000000e+000
 1.217500e+002  9.654199e-001  0.000000e+000
 1.220000e+002  9.715301e-001  0.000000e+000
 1.222500e+002  9.680596e-001  0.000000e+000
 1.225000e+002  9.654679e-001  0.000000e+000
 1.227500e+002  9.663360e-001  0.000000e+000
 1.230000e+002  9.644797e-001  0.000000e+000
 1.232500e+002  9.630976e-001  0.000000e+000
 1.235000e+002  9.672204e-001  0.000000e+000
 1.237500e+002  9.602215e-001  0.000000e+000
 1.240000e+002  9.664844e-001  0.000000e+000
 1.242500e+002  9.614230e-001  0.000000e+000
 1.245000e+002  9.596179e-001  0.000000e+000
 1.247500e+002  9.589552e-001  0.000000e+000
 1.250000e+002  9.604883e-001  0.000000e+000
 1.252500e+002  9.600163e-001  0.000000e+000
 1.255000e+002  9.601340e-001  0.000000e+000
 1.257500e+002  9.560513e-001  0.000000e+000
 1.260000e+002  9.584010e-001  0.000000e+000
 1.262500e+002  9.616210e-001  0.000000e+000
 1.265000e+002  9.576849e-001  0.000000e+000
 1.267500e+002  9.606665e-001  0.000000e+000
 1.270000e+002  9.601719e-001  0.000000e+000
 1.272500e+002  9.572957e-001  0.000000e+000
 1.275000e+002  9.622887e-001  0.000000e+000
 1.277500e+002  9.472099e-001  0.000000e+000
 1.280000e+002  9.467700e-001  0.000000e+000
 1.282500e+002  9.440321e-001  0.000000e+000
 1.285000e+002  9.540123e-001  0.000000e+000
 1.287500e+002  9.497885e-001  0.000000e+000
 1.290000e+002  9.525038e-001  0.000000e+000
 1.292500e+002  9.515629e-001  0.000000e+000
 1.295000e+002  9.515188e-001  0.000000e+000
 1.297500e+002  9.544405e-001  0.000000e+000
 1.300000e+002  9.580407e-001  0.000000e+000
 1.302500e+002  9.364735e-001  0.000000e+000
 1.305000e+002  9.493271e-001  0.000000e+000
 1.307500e+002  9.360346e-001  0.000000e+000
 1.310000e+002  9.440618e-001  0.000000e+000
 1.312500e+002  9.253446e-001  0.000000e+000
 1.315000e+002  9.354145e-001  0.000000e+000
 1.317500e+002  9.486153e-001  0.000000e+000
 1.320000e+002  9.514340e-001  0.000000e+000
 1.322500e+002  9.398941e-001  0.000000e+000
 1.325000e+002  9.422767e-001  0.000000e+000
 1.327500e+002  9.568842e-001  0.000000e+000
 1.330000e+002  9.463066e-001  0.000000e+000
 1.332500e+002  9.242256e-001  0.000000e+000
 1.335000e+002  9.531406e-001  0.000000e+000
 1.337500e+002  9.447829e-001  0.000000e+000
 1.340000e+002  9.349975e-001  0.000000e+000
 1.342500e+002  9.493108e-001  0.000000e+000
 1.345000e+002  9.396642e-001  0.000000e+000
 1.347500e+002  9.344364e-001  0.000000e+000
 1.350000e+002  9.524831e-001  0.000000e+000
 1.352500e+002  9.527744e-001  0.000000e+000
 1.355000e+002  9.375597e-001  0.000000e+000
 1.357500e+002  9.461101e-001  0.000000e+000
 1.360000e+002  9.430001e-001  0.000000e+000
 1.362500e+002  9.408783e-001  0.000000e+000
 1.365000e+002  9.335412e-001  0.000000e+000
 1.367500e+002  9.409743e-001  0.000000e+000
 1.370000e+002  9.293733e-001  0.000000e+000
 1.372500e+002  9.289855e-001  0.000000e+000
 1.375000e+002  9.475557e-001  0.000000e+000
 1.377500e+002  9.502081e-001  0.000000e+000
 1.380000e+002  9.479731e-001  0.000000e+000
 1.382500e+002  9.502664e-001  0.000000e+000
 1.385000e+002  9.474719e-001  0.000000e+000
 1.387500e+002  9.275296e-001  0.000000e+000
 1.390000e+002  9.422137e-001  0.000000e+000
 1.392500e+002  9.335540e-001  0.000000e+000
 1.395000e+002  9.247158e-001  0.000000e+000
 1.397500e+002  9.311558e-001  0.000000e+000
 1.400000e+002  9.274222e-001  0.000000e+000
 1.402500e+002  9.255214e-001  0.000000e+000
 1.405000e+002  9.132146e-001  0.000000e+000
 1.407500e+002  9.331170e-001  0.000000e+000
 1.410000e+002  9.235888e-001  0.000000e+000
 1.412500e+002  9.246108e-001  0.000000e+000
 1.415000e+002  9.183238e-001  0.000000e+000
 1.417500e+002  9.286733e-001  0.000000e+000
 1.420000e+002  9.173244e-001  0.000000e+000
 1.422500e+002  9.320863e-001  0.000000e+000
 1.425000e+002  9.439514e-001  0.000000e+000
 1.427500e+002  9.210359e-001  0.000000e+000
 1.430000e+002  9.316109e-001  0.000000e+000
 1.432500e+002  9.225449e-001  0.000000e+000
 1.435000e+002  9.243285e-001  0.000000e+000
 1.437500e+002  9.281292e-001  0.000000e+000
 1.440000e+002  9.219419e-001  0.000000e+000
 1.442500e+002  9.011050e-001  0.000000e+000
 1.445000e+002  9.280682e-001  0.000000e+000
 1.447500e+002  9.055758e-001  0.000000e+000
 1.450000e+002  9.255815e-001  0.000000e+000
 1.452500e+002  9.185315e-001  0.000000e+000
 1.455000e+002  9.060981e-001  0.000000e+000
 1.457500e+002  9.119956e-001  0.000000e+000
 1.460000e+002  9.100260e-001  0.000000e+000
 1.462500e+002  9.119424e-001  0.000000e+000
 1.465000e+002  9.136378e-001  0.000000e+000
 1.467500e+002  9.190245e-001  0.000000e+000
 1.470000e+002  9.121537e-001  0.000000e+000
 1.472500e+002  9.167292e-001  0.000000e+000
 1.475000e+002  9.123772e-001  0.000000e+000
 1.477500e+002  8.972756e-001  0.000000e+000
 1.480000e+002  9.125589e-001  0.000000e+000
 1.482500e+002  9.103926e-001  0.000000e+000
 1.485000e+002  9.004712e-001  0.000000e+000
 1.487500e+002  9.101187e-001  0.000000e+000
 1.490000e+002  9.028595e-001  0.000000e+000
 1.492500e+002  9.112378e-001  0.000000e+000
 1.495000e+002  8.843894e-001  0.000000e+000
 1.497500e+002  9.207909e-001  0.000000e+000
 1.500000e+002  9.007475e-001  0.000000e+000
 1.502500e+002  9.002839e-001  0.000000e+000
 1.505000e+002  9.149118e-001  0.000000e+000
 1.507500e+002  9.215487e-001  0.000000e+000
 1.510000e+002  8.981634e-001  0.000000e+000
 1.512500e+002  8.870364e-001  0.000000e+000
 1.515000e+002  9.061942e-001  0.000000e+000
 1.517500e+002  9.056249e-001  0.000000e+000
 1.520000e+002  9.016587e-001  0.000000e+000
 1.522500e+002  9.046600e-001  0.000000e+000
 1.525000e+002  8.744302e-001  0.000000e+000
 1.527500e+002  8.936446e-001  0.000000e+000
 1.530000e+002  8.801704e-001  0.000000e+000
 1.532500e+002  9.102168e-001  0.000000e+000
 1.535000e+002  8.890046e-001  0.000000e+000
 1.537500e+002  8.942395e-001  0.000000e+000
 1.540000e+002  8.850646e-001  0.000000e+000
 1.542500e+002  8.566741e-001  0.000000e+000
 1.545000e+002  8.822360e-001  0.000000e+000
 1.547500e+002  9.003602e-001  0.000000e+000
 1.550000e+002  9.004615e-001  0.000000e+000
 1.552500e+002  8.991275e-001  0.000000e+000
 1.555000e+002  8.780390e-001  0.000000e+000
 1.557500e+002  8.573167e-001  0.000000e+000
 1.560000e+002  8.640521e-001  0.000000e+000
 1.562500e+002  8.764483e-001  0.000000e+000
 1.565000e+002  8.701063e-001  0.000000e+000
 1.567500e+002  8.764889e-001  0.000000e+000
 1.570000e+002  8.318898e-001  0.000000e+000
 1.572500e+002  8.806359e-001  0.000000e+000
 1.575000e+002  8.433865e-001  0.000000e+000
 1.577500e+002  8.389750e-001  0.000000e+000
 1.580000e+002  8.497875e-001  0.000000e+000
 1.582500e+002  8.390222e-001  0.000000e+000
 1.585000e+002  8.140943e-001  0.000000e+000
 1.587500e+002  8.171968e-001  0.000000e+000
 1.590000e+002  8.413135e-001  0.000000e+000
 1.592500e+002  8.415965e-001  0.000000e+000
 1.595000e+002  8.289824e-001  0.000000e+000
 1.597500e+002  8.596660e-001  0.000000e+000
 1.600000e+002  8.436281e-001  0.000000e+000
 1.602500e+002  8.486226e-001  0.000000e+000
 1.605000e+002  8.318161e-001  0.000000e+000
 1.607500e+002  8.766355e-001  0.000000e+000
 1.610000e+002  8.542576e-001  0.000000e+000
 1.612500e+002  8.593723e-001  0.000000e+000
 1.615000e+002  8.591998e-001  0.000000e+000
 1.617500e+002  8.781435e-001  0.000000e+000
 1.620000e+002  8.847388e-001  0.000000e+000
 1.622500e+002  8.584480e-001  0.000000e+000
 1.625000e+002  8.094344e-001  0.000000e+000
 1.627500e+002  8.840502e-001  0.000000e+000
 1.630000e+002  8.494816e-001  0.000000e+000
 1.632500e+002  8.281927e-001  0.000000e+000
 1.635000e+002  8.644904e-001  0.000000e+000
 1.637500e+002  8.515285e-001  0.000000e+000
 1.640000e+002  8.571306e-001  0.000000e+000
 1.642500e+002  8.820876e-001  0.000000e+000
 1.645000e+002  8.941097e-001  0.000000e+000
 1.647500e+002  8.814497e-001  0.000000e+000
 1.650000e+002  8.375930e-001  0.000000e+000
 1.652500e+002  8.586439e-001  0.000000e+000
 1.655000e+002  8.606228e-001  0.000000e+000
 1.657500e+002  8.712410e-001  0.000000e+000
 1.660000e+002  8.923891e-001  0.000000e+000
 1.662500e+002  8.309273e-001  0.000000e+000
 1.665000e+002  8.709531e-001  0.000000e+000
 1.667500e+002  8.642814e-001  0.000000e+000
 1.670000e+002  7.942107e-001  0.000000e+000
 1.672500e+002  8.702574e-001  0.000000e+000
 1.675000e+002  8.583164e-001  0.000000e+000
 1.677500e+002  8.659462e-001  0.000000e+000
 1.680000e+002  8.232401e-001  0.000000e+000
 1.682500e+002  8.844880e-001  0.000000e+000
 1.685000e+002  8.721210e-001  0.000000e+000
 1.687500e+002  8.650994e-001  0.000000e+000
 1.690000e+002  8.640298e-001  0.000000e+000
 1.692500e+002  8.507488e-001  0.000000e+000
 1.695000e+002  8.422711e-001  0.000000e+000
 1.697500e+002  8.476798e-001  0.000000e+000
 1.700000e+002  8.854275e-001  0.000000e+000
 1.702500e+002  8.395908e-001  0.000000e+000
 1.705000e+002  8.541351e-001  0.000000e+000
 1.707500e+002  8.657687e-001  0.000000e+000
 1.710000e+002  8.291714e-001  0.000000e+000
 1.712500e+002  8.455636e-001  0.000000e+000
 1.715000e+002  8.548620e-001  0.000000e+000
 1.717500e+002  8.208489e-001  0.000000e+000
 1.720000e+002  8.416740e-001  0.000000e+000
 1.722500e+002  8.323622e-001  0.000000e+000
 1.725000e+002  8.259014e-001  0.000000e+000
 1.727500e+002  8.448445e-001  0.000000e+000
 1.730000e+002  8.246788e-001  0.000000e+000
 1.732500e+002  8.414666e-001  0.000000e+000
 1.735000e+002  8.192446e-001  0.000000e+000
 1.737500e+002  8.080546e-001  0.000000e+000
 1.740000e+002  8.002846e-001  0.000000e+000
 1.742500e+002  8.014952e-001  0.000000e+000
 1.745000e+002  8.281977e-001  0.000000e+000
 1.747500e+002  8.575588e-001  0.000000e+000
 1.750000e+002  8.459350e-001  0.000000e+000
 1.752500e+002  8.446534e-001  0.000000e+000
 1.755000e+002  8.421496e-001  0.000000e+000
 1.757500e+002  8.064718e-001  0.000000e+000
 1.760000e+002  8.412728e-001  0.000000e+000
 1.762500e+002  8.446432e-001  0.000000e+000
 1.765000e+002  7.898736e-001  0.000000e+000
 1.767500e+002  8.503811e-001  0.000000e+000
 1.770000e+002  8.045862e-001  0.000000e+000
 1.772500e+002  8.636293e-001  0.000000e+000
 1.775000e+002  8.018798e-001  0.000000e+000
 1.777500e+002  7.924232e-001  0.000000e+000
 1.780000e+002  8.209057e-001  0.000000e+000
 1.782500e+002  8.276080e-001  0.000000e+000
 1.785000e+002  8.204647e-001  0.000000e+000
 1.787500e+002  8.358642e-001  0.000000e+000
 1.790000e+002  8.199275e-001  0.000000e+000
 1.792500e+002  8.277877e-001  0.000000e+000
 1.795000e+002  8.514993e-001  0.000000e+000
 1.797500e+002  8.258910e-001  0.000000e+000
 1.800000e+002  8.572975e-001  0.000000e+000
 1.802500e+002  8.145098e-001  0.000000e+000
 1.805000e+002  7.845389e-001  0.000000e+000
 1.807500e+002  8.363293e-001  0.000000e+000
 1.810000e+002  8.201445e-001  0.000000e+000
 1.812500e+002  8.268460e-001  0.000000e+000
 1.815000e+002  8.334855e-001  0.000000e+000
 1.817500e+002  8.584744e-001  0.000000e+000
 1.820000e+002  8.431526e-001  0.000000e+000
 1.822500e+002  8.611625e-001  0.000000e+000
 1.825000e+002  8.467449e-001  0.000000e+000
 1.827500e+002  7.916845e-001  0.000000e+000
 1.830000e+002  7.903803e-001  0.000000e+000
 1.832500e+002  8.332055e-001  0.000000e+000
 1.835000e+002  8.359526e-001  0.000000e+000
 1.837500e+002  8.318383e-001  0.000000e+000
 1.840000e+002  8.316106e-001  0.000000e+000
 1.842500e+002  8.218826e-001  0.000000e+000
 1.845000e+002  8.393676e-001  0.000000e+000
 1.847500e+002  8.184239e-001  0.000000e+000
 1.850000e+002  8.251948e-001  0.000000e+000
 1.852500e+002  8.335692e-001  0.000000e+000
 1.855000e+002  8.387356e-001  0.000000e+000
 1.857500e+002  8.435676e-001  0.000000e+000
 1.860000e+002  7.698530e-001  0.000000e+000
 1.862500e+002  8.716592e-001  0.000000e+000
 1.865000e+002  8.048882e-001  0.000000e+000
 1.867500e+002  8.343716e-001  0.000000e+000
 1.870000e+002  8.090177e-001  0.000000e+000
 1.872500e+002  8.092288e-001  0.000000e+000
 1.875000e+002  8.579227e-001  0.000000e+000
 1.877500e+002  8.762450e-001  0.000000e+000
 1.880000e+002  7.690917e-001  0.000000e+000
 1.882500e+002  8.420849e-001  0.000000e+000
 1.885000e+002  8.165165e-001  0.000000e+000
 1.887500e+002  8.004559e-001  0.000000e+000
 1.890000e+002  8.270802e-001  0.000000e+000
 1.892500e+002  8.534455e-001  0.000000e+000
 1.895000e+002  8.675107e-001  0.000000e+000
 1.897500e+002  8.268763e-001  0.000000e+000
 1.900000e+002  8.158045e-001  0.000000e+000
 1.902500e+002  8.180329e-001  0.000000e+000
 1.905000e+002  8.119808e-001  0.000000e+000
 1.907500e+002  8.177847e-001  0.000000e+000
 1.910000e+002  8.325628e-001  0.000000e+000
 1.912500e+002  8.098472e-001  0.000000e+000
 1.915000e+002  7.931785e-001  0.000000e+000
 1.917500e+002  7.701174e-001  0.000000e+000
 1.920000e+002  8.337592e-001  0.000000e+000
 1.922500e+002  8.136361e-001  0.000000e+000
 1.925000e+002  8.022845e-001  0.000000e+000
 1.927500e+002  7.641890e-001  0.000000e+000
 1.930000e+002  8.021821e-001  0.000000e+000
 1.932500e+002  8.078813e-001  0.000000e+000
 1.935000e+002  7.999309e-001  0.000000e+000
 1.937500e+002  7.997773e-001  0.000000e+000
 1.940000e+002  7.832742e-001  0.000000e+000
 1.942500e+002  8.216902e-001  0.000000e+000
 1.945000e+002  7.720415e-001  0.000000e+000
 1.947500e+002  7.918575e-001  0.000000e+000
 1.950000e+002  7.749649e-001  0.000000e+000
 1.952500e+002  8.252762e-001  0.000000e+000
 1.955000e+002  8.145434e-001  0.000000e+000
 1.957500e+002  7.864317e-001  0.000000e+000
 1.960000e+002  8.038152e-001  0.000000e+000
 1.962500e+002  8.182905e-001  0.000000e+000
 1.965000e+002  7.520378e-001  0.000000e+000
 1.967500e+002  7.883731e-001  0.000000e+000
 1.970000e+002  7.922211e-001  0.000000e+000
 1.972500e+002  7.722812e-001  0.000000e+000
 1.975000e+002  8.183333e-001  0.000000e+000
 1.977500e+002  7.177095e-001  0.000000e+000
 1.980000e+002  7.614388e-001  0.000000e+000
 1.982500e+002  7.948979e-001  0.000000e+000
 1.985000e+002  7.834827e-001  0.000000e+000
 1.987500e+002  8.019484e-001  0.000000e+000
 1.990000e+002  7.501817e-001  0.000000e+000
 1.992500e+002  8.255308e-001  0.000000e+000
 1.995000e+002  7.665132e-001  0.000000e+000
 1.997500e+002  7.097856e-001  0.000000e+000
 2.000000e+002  7.604373e-001  0.000000e+000
 2.002500e+002  8.088557e-001  0.000000e+000
 2.005000e+002  7.732819e-001  0.000000e+000
 2.007500e+002  8.025790e-001  0.000000e+000
 2.010000e+002  7.904478e-001  0.000000e+000
 2.012500e+002  7.476938e-001  0.000000e+000
 2.015000e+002  7.760273e-001  0.000000e+000
 2.017500e+002  7.895220e-001  0.000000e+000
 2.020000e+002  7.617679e-001  0.000000e+000
 2.022500e+002  7.712351e-001  0.000000e+000
 2.025000e+002  7.947377e-001  0.000000e+000
 2.027500e+002  7.055476e-001  0.000000e+000
 2.030000e+002  7.640464e-001  0.000000e+000
 2.032500e+002  6.813643e-001  0.000000e+000
 2.035000e+002  7.527919e-001  0.000000e+000
 2.037500e+002  6.948419e-001  0.000000e+000
 2.040000e+002  6.601995e-001  0.000000e+000
 2.042500e+002  7.298071e-001  0.000000e+000
 2.045000e+002  8.088328e-001  0.000000e+000
 2.047500e+002  6.903050e-001  0.000000e+000
 2.050000e+002  7.275240e-001  0.000000e+000
 2.052500e+002  7.418610e-001  0.000000e+000
 2.055000e+002  6.926373e-001  0.000000e+000
 2.057500e+002  7.530324e-001  0.000000e+000
 2.060000e+002  7.427266e-001  0.000000e+000
 2.062500e+002  7.602515e-001  0.000000e+000
 2.065000e+002  6.947737e-001  0.000000e+000
 2.067500e+002  7.324338e-001  0.000000e+000
 2.070000e+002  7.361080e-001  0.000000e+000
 2.072500e+002  7.364080e-001  0.000000e+000
 2.075000e+002  6.920366e-001  0.000000e+000
 2.077500e+002  6.374684e-001  0.000000e+000
 2.080000e+002  7.214890e-001  0.000000e+000
 2.082500e+002  6.254621e-001  0.000000e+000
 2.085000e+002  7.465874e-001  0.000000e+000
 2.087500e+002  6.534768e-001  0.000000e+000
 2.090000e+002  6.826108e-001  0.000000e+000
 2.092500e+002  7.197939e-001  0.000000e+000
 2.095000e+002  7.114091e-001  0.000000e+000
 2.097500e+002  7.178744e-001  0.000000e+000
 2.100000e+002  7.371297e-001  0.000000e+000
 2.102500e+002  7.170215e-001  0.000000e+000
 2.105000e+002  7.464296e-001  0.000000e+000
 2.107500e+002  7.380483e-001  0.000000e+000
 2.110000e+002  6.726668e-001  0.000000e+000
 2.112500e+002  7.397171e-001  0.000000e+000
 2.115000e+002  6.691232e-001  0.000000e+000
 2.117500e+002  7.141515e-001  0.000000e+000
 2.120000e+002  6.283413e-001  0.000000e+000
 2.122500e+002  7.385313e-001  0.000000e+000
 2.125000e+002  6.155234e-001  0.000000e+000
 2.127500e+002  6.991773e-001  0.000000e+000
 2.130000e+002  6.957186e-001  0.000000e+000
 2.132500e+002  7.041495e-001  0.000000e+000
 2.135000e+002  7.291809e-001  0.000000e+000
 2.137500e+002  6.107169e-001  0.000000e+000
 2.140000e+002  7.106037e-001  0.000000e+000
 2.142500e+002  6.676931e-001  0.000000e+000
 2.145000e+002  6.315765e-001  0.000000e+000
 2.147500e+002  5.862647e-001  0.000000e+000
 2.150000e+002  6.670357e-001  0.000000e+000
 2.152500e+002  6.137439e-001  0.000000e+000
 2.155000e+002  6.247182e-001  0.000000e+000
 2.157500e+002  6.153194e-001  0.000000e+000
 2.160000e+002  5.351329e-001  0.000000e+000
 2.162500e+002  6.117153e-001  0.000000e+000
 2.165000e+002  5.433579e-001  0.000000e+000
 2.167500e+002  6.375434e-001  0.000000e+000
 2.170000e+002  6.341283e-001  0.000000e+000
 2.172500e+002  5.309866e-001  0.000000e+000
 2.175000e+002  5.563694e-001  0.000000e+000
 2.177500e+002  6.093379e-001  0.000000e+000
 2.180000e+002  5.696039e-001  0.000000e+000
 2.182500e+002  4.930136e-001  0.000000e+000
 2.185000e+002  5.505874e-001  0.000000e+000
 2.187500e+002  5.267355e-001  0.000000e+000
 2.190000e+002  5.669551e-001  0.000000e+000
 2.192500e+002  5.958109e-001  0.000000e+000
 2.195000e+002  4.683643e-001  0.000000e+000
 2.197500e+002  5.039091e-001  0.000000e+000
 2.200000e+002  4.791695e-001  0.000000e+000
 2.202500e+002  4.765926e-001  0.000000e+000
 2.205000e+002  5.172799e-001  0.000000e+000
 2.207500e+002  4.973564e-001  0.000000e+000
 2.210000e+002  3.613538e-001  0.000000e+000
 2.212500e+002  4.761221e-001  0.000000e+000
 2.215000e+002  4.698800e-001  0.000000e+000
 2.217500e+002  4.417103e-001  0.000000e+000
 2.220000e+002  4.643330e-001  0.000000e+000
 2.222500e+002  4.103026e-001  0.000000e+000
 2.225000e+002  4.172476e-001  0.000000e+000
 2.227500e+002  3.553756e-001  0.000000e+000
 2.230000e+002  4.227407e-001  0.000000e+000
 2.232500e+002  4.200817e-001  0.000000e+000
 2.235000e+002  2.912348e-001  0.000000e+000
 2.237500e+002  3.520520e-001  0.000000e+000
 2.240000e+002  3.646282e-001  0.000000e+000
 2.242500e+002  2.601335e-001  0.000000e+000
 2.245000e+002  2.417354e-001  0.000000e+000
 2.247500e+002  2.863935e-001  0.000000e+000
 2.250000e+002  3.295826e-001  0.000000e+000
 2.252500e+002  3.191812e-001  0.000000e+000
 2.255000e+002  3.104691e-001  0.000000e+000
 2.257500e+002  3.344440e-001  0.000000e+000
 2.260000e+002  2.862896e-001  0.000000e+000
 2.262500e+002  2.431913e-001  0.000000e+000
 2.265000e+002  1.866613e-001  0.000000e+000
 2.267500e+002  2.381621e-001  0.000000e+000
 2.270000e+002  1.946983e-001  0.000000e+000
 2.272500e+002  2.655353e-001  0.000000e+000
 2.275000e+002  2.710359e-001  0.000000e+000
 2.277500e+002  3.167240e-001  0.000000e+000
 2.280000e+002  2.049739e-001  0.000000e+000
 2.282500e+002  1.933903e-001  0.000000e+000
 2.285000e+002  3.333255e-001  0.000000e+000
 2.287500e+002  2.014371e-001  0.000000e+000
 2.290000e+002  2.225573e-001  0.000000e+000
 2.292500e+002  2.709072e-001  0.000000e+000
 2.295000e+002  2.184995e-001  0.000000e+000
 2.297500e+002  1.742659e-001  0.000000e+000
 2.300000e+002  2.086314e-001  0.000000e+000
 2.302500e+002  1.526345e-001  0.000000e+000
 2.305000e+002  1.759888e-001  0.000000e+000
 2.307500e+002  1.729431e-001  0.000000e+000
 2.310000e+002  2.635374e-001  0.000000e+000
 2.312500e+002  1.567819e-001  0.000000e+000
 2.315000e+002  5.904413e-002  0.000000e+000
 2.317500e+002  1.961316e-001  0.000000e+000
 2.320000e+002  1.329843e-001  0.000000e+000
 2.322500e+002  8.303025e-002  0.000000e+000
 2.325000e+002  1.197755e-001  0.000000e+000
 2.327500e+002  1.627184e-001  0.000000e+000
 2.330000e+002  1.522227e-001  0.000000e+000
 2.332500e+002  1.503981e-001  0.000000e+000
 2.335000e+002  1.864205e-001  0.000000e+000
 2.337500e+002  1.957317e-001  0.000000e+000
 2.340000e+002  2.675311e-001  0.000000e+000
 2.342500e+002  1.423894e-001  0.000000e+000
 2.345000e+002  2.174079e-001  0.000000e+000
 2.347500e+002  2.106383e-001  0.000000e+000
 2.350000e+002  1.781176e-001  0.000000e+000
 2.352500e+002  1.676100e-001  0.000000e+000
 2.355000e+002  2.071362e-001  0.000000e+000
 2.357500e+002  2.627740e-001  0.000000e+000
 2.360000e+002  3.103096e-001  0.000000e+000
 2.362500e+002  2.411071e-001  0.000000e+000
 2.365000e+002  2.358505e-001  0.000000e+000
 2.367500e+002  3.167257e-001  0.000000e+000
 2.370000e+002  3.250140e-001  0.000000e+000
 2.372500e+002  3.563344e-001  0.000000e+000
 2.375000e+002  3.202731e-001  0.000000e+000
 2.377500e+002  3.070344e-001  0.000000e+000
 2.380000e+002  2.167221e-001  0.000000e+000
 2.382500e+002  2.619202e-001  0.000000e+000
 2.385000e+002  3.066370e-001  0.000000e+000
 2.387500e+002  3.832816e-001  0.000000e+000
 2.390000e+002  2.846861e-001  0.000000e+000
 2.392500e+002  3.445250e-001  0.000000e+000
 2.395000e+002  4.050801e-001  0.000000e+000
 2.397500e+002  4.577717e-001  0.000000e+000
 2.400000e+002  4.992318e-001  0.000000e+000
 2.402500e+002  5.937127e-001  0.000000e+000
 2.405000e+002  5.941342e-001  0.000000e+000
 2.407500e+002  6.219453e-001  0.000000e+000
 2.410000e+002  6.402285e-001  0.000000e+000
 2.412500e+002  7.166297e-001  0.000000e+000
 2.415000e+002  7.356941e-001  0.000000e+000
 2.417500e+002  7.781680e-001  0.000000e+000
 2.420000e+002  7.852490e-001  0.000000e+000
 2.422500e+002  8.050188e-001  0.000000e+000
 2.425000e+002  8.173820e-001  0.000000e+000
 2.427500e+002  8.287792e-001  0.000000e+000
 2.430000e+002  8.468529e-001  0.000000e+000
 2.432500e+002  8.459297e-001  0.000000e+000
 2.435000e+002  8.434519e-001  0.000000e+000
 2.437500e+002  8.449001e-001  0.000000e+000
 2.440000e+002  8.400491e-001  0.000000e+000
 2.442500e+002  8.499980e-001  0.000000e+000
 2.445000e+002  8.445809e-001  0.000000e+000
 2.447500e+002  8.338566e-001  0.000000e+000
 2.450000e+002  8.340372e-001  0.000000e+000
 2.452500e+002  8.309975e-001  0.000000e+000
 2.455000e+002  8.282213e-001  0.000000e+000
 2.457500e+002  8.003230e-001  0.000000e+000
 2.460000e+002  8.016188e-001  0.000000e+000
 2.462500e+002  7.850202e-001  0.000000e+000
 2.465000e+002  7.998087e-001  0.000000e+000
 2.467500e+002  7.694603e-001  0.000000e+000
 2.470000e+002  7.579972e-001  0.000000e+000
 2.472500e+002  7.426304e-001  0.000000e+000
 2.475000e+002  7.471551e-001  0.000000e+000
 2.477500e+002  6.742707e-001  0.000000e+000
 2.480000e+002  6.781039e-001  0.000000e+000
 2.482500e+002  6.598743e-001  0.000000e+000
 2.485000e+002  6.917943e-001  0.000000e+000
 2.487500e+002  6.939713e-001  0.000000e+000
 2.490000e+002  7.371255e-001  0.000000e+000
 2.492500e+002  6.747023e-001  0.000000e+000
 2.495000e+002  7.143634e-001  0.000000e+000
 2.497500e+002  6.146833e-001  0.000000e+000
 2.500000e+002  6.087686e-001  0.000000e+000
 2.502500e+002  6.187202e-001  0.000000e+000
 2.505000e+002  6.723267e-001  0.000000e+000
 2.507500e+002  6.032751e-001  0.000000e+000
 2.510000e+002  6.353770e-001  0.000000e+000
 2.512500e+002  6.292126e-001  0.000000e+000
 2.515000e+002  6.063699e-001  0.000000e+000
 2.517500e+002  6.102579e-001  0.000000e+000
 2.520000e+002  6.077924e-001  0.000000e+000
 2.522500e+002  5.477977e-001  0.000000e+000
 2.525000e+002  5.784895e-001  0.000000e+000
 2.527500e+002  6.085326e-001  0.000000e+000
 2.530000e+002  5.444950e-001  0.000000e+000
 2.532500e+002  5.203502e-001  0.000000e+000
 2.535000e+002  5.675181e-001  0.000000e+000
 2.537500e+002  5.384893e-001  0.000000e+000
 2.540000e+002  5.992867e-001  0.000000e+000
 2.542500e+002  5.408523e-001  0.000000e+000
 2.545000e+002  5.629254e-001  0.000000e+000
 2.547500e+002  6.217123e-001  0.000000e+000
 2.550000e+002  5.778394e-001  0.000000e+000
 2.552500e+002  5.444696e-001  0.000000e+000
 2.555000e+002  5.813566e-001  0.000000e+000
 2.557500e+002  5.999200e-001  0.000000e+000
 2.560000e+002  5.401565e-001  0.000000e+000
