 0.000000e+000  4.149606e-007  0.000000e+000
 1.000000e+000  4.759976e-007 -1.239505e-006
 2.000000e+000 -5.887830e-008 -6.155346e-007
 3.000000e+000 -7.163216e-007 -8.411398e-008
 4.000000e+000 -3.637829e-007 -2.868357e-007
 5.000000e+000 -8.841261e-007 -3.975062e-007
 6.000000e+000  7.985191e-006  5.960016e-006
 7.000000e+000 -5.594156e-008  1.881501e-007
 8.000000e+000 -1.179490e-007  2.812230e-008
 9.000000e+000 -1.378699e-007  3.205783e-007
 1.000000e+001 -2.046319e-007  1.277673e-007
 1.100000e+001 -1.229667e-007  7.966888e-007
 1.200000e+001 -8.195452e-006 -2.847490e-006
 1.300000e+001 -1.114544e-006  3.801475e-008
 1.400000e+001 -8.736478e-007  2.116369e-007
 1.500000e+001 -1.032253e-006  2.452040e-007
 1.600000e+001 -1.174449e-006  3.375680e-007
 1.700000e+001 -1.561837e-006 -3.217840e-008
 1.800000e+001 -4.204821e-006  1.147824e-005
 1.900000e+001 -1.868688e-006  7.456557e-007
 2.000000e+001 -2.933678e-006  1.342613e-006
 2.100000e+001 -6.157515e-006  3.195984e-006
 2.200000e+001 -3.391988e-005  1.795305e-004
 2.300000e+001  6.923621e-006 -2.390927e-006
 2.400000e+001  3.829695e-006 -6.380895e-007
 2.500000e+001  2.517906e-006 -1.356978e-006
 2.600000e+001  1.945823e-006 -9.621640e-007
 2.700000e+001  1.658547e-006 -8.000449e-007
 2.800000e+001  1.514152e-006 -7.066909e-007
 2.900000e+001  1.356825e-006 -5.996004e-007
 3.000000e+001  1.190864e-006 -1.736582e-006
 3.100000e+001  1.061097e-006 -6.049437e-007
 3.200000e+001  9.300192e-007 -6.105713e-007
 3.300000e+001  9.628845e-007 -5.010150e-007
 3.400000e+001  8.831696e-007 -5.085475e-007
 3.500000e+001  9.482313e-007 -5.455475e-007
 3.600000e+001  2.183394e-007  6.658183e-007
 3.700000e+001  7.998151e-007 -3.916488e-007
 3.800000e+001  7.815602e-007 -2.625139e-007
 3.900000e+001  8.138383e-007 -2.557016e-007
 4.000000e+001  8.119519e-007 -2.232678e-007
 4.100000e+001  6.410781e-007 -1.529332e-007
 4.200000e+001  1.136767e-006 -1.183668e-006
 4.300000e+001  8.585484e-007 -4.915375e-007
 4.400000e+001  9.534756e-007 -3.961801e-007
 4.500000e+001  8.528433e-007 -4.240080e-007
 4.600000e+001  8.963234e-007 -4.175110e-007
 4.700000e+001  8.629867e-007 -4.555269e-007
 4.800000e+001  5.046323e-007  7.358429e-007
 4.900000e+001  8.676228e-007 -9.100903e-008
 5.000000e+001  8.564140e-007 -1.166697e-007
 5.100000e+001  8.716135e-007 -2.341886e-007
 5.200000e+001  9.479441e-007 -2.168582e-007
 5.300000e+001  7.824448e-007 -1.872118e-007
 5.400000e+001  4.092552e-006  1.080811e-006
 5.500000e+001  1.088370e-006 -2.832507e-007
 5.600000e+001  1.182631e-006 -2.195763e-007
 5.700000e+001  1.177100e-006 -3.200494e-007
 5.800000e+001  1.188874e-006 -3.023021e-007
 5.900000e+001  1.182615e-006 -2.356658e-007
 6.000000e+001  1.986429e-006 -7.415183e-007
 6.100000e+001  1.389261e-006 -4.496137e-007
 6.200000e+001  1.502815e-006 -4.216763e-007
 6.300000e+001  1.645139e-006 -4.553841e-007
 6.400000e+001  1.728296e-006 -3.468103e-007
 6.500000e+001  1.691477e-006 -1.459125e-007
 6.600000e+001  2.674748e-006 -1.470211e-006
 6.700000e+001  2.350853e-006 -5.233786e-007
 6.800000e+001  2.677493e-006 -6.343344e-007
 6.900000e+001  3.179928e-006 -6.048631e-007
 7.000000e+001  4.103884e-006 -8.479431e-007
 7.100000e+001  6.514817e-006 -1.124924e-006
 7.200000e+001  1.201116e-005 -3.816374e-006
 7.300000e+001 -1.072274e-005 -1.283478e-005
 7.400000e+001 -4.606646e-006 -3.417719e-006
 7.500000e+001 -2.797482e-006 -2.174605e-006
 7.600000e+001 -1.980937e-006 -1.908731e-006
 7.700000e+001 -1.449511e-006 -1.519866e-006
 7.800000e+001 -1.610429e-006 -1.609884e-006
 7.900000e+001 -1.139731e-006 -1.463535e-006
 8.000000e+001 -8.974559e-007 -1.373446e-006
 8.100000e+001 -9.100974e-007 -1.313708e-006
 8.200000e+001 -8.678881e-007 -1.314254e-006
 8.300000e+001 -6.909421e-007 -1.174026e-006
 8.400000e+001 -1.066297e-006 -7.907760e-007
 8.500000e+001 -6.781512e-007 -8.495051e-007
 8.600000e+001 -5.278579e-007 -8.859769e-007
 8.700000e+001 -2.338352e-007 -8.192460e-007
 8.800000e+001  1.860379e-007 -9.631034e-007
 8.900000e+001  5.986956e-007 -1.186199e-006
 9.000000e+001 -2.147712e-007 -5.198353e-006
 9.100000e+001 -2.391645e-006 -1.993354e-006
 9.200000e+001 -1.730848e-006 -1.178944e-006
 9.300000e+001 -1.466562e-006 -9.147068e-007
 9.400000e+001 -1.378590e-006 -7.360333e-007
 9.500000e+001 -1.218383e-006 -4.029433e-007
 9.600000e+001 -1.074807e-006 -6.290610e-007
 9.700000e+001 -1.051294e-006 -4.308133e-007
 9.800000e+001 -9.757508e-007 -3.634369e-007
 9.900000e+001 -8.868552e-007 -3.725296e-007
 1.000000e+002 -8.784268e-007 -2.511238e-007
 1.010000e+002 -7.345923e-007 -6.949811e-009
 1.020000e+002 -1.848114e-006 -1.461009e-006
 1.030000e+002 -7.492165e-007 -4.479407e-007
 1.040000e+002 -6.173034e-007 -3.823638e-007
 1.050000e+002 -5.917287e-007 -3.107150e-007
 1.060000e+002 -6.062249e-007 -3.209689e-007
 1.070000e+002 -5.213099e-007 -2.737036e-007
 1.080000e+002 -5.549106e-007 -4.099126e-007
 1.090000e+002 -4.095414e-007 -1.610269e-007
 1.100000e+002 -4.489241e-007 -1.252483e-007
 1.110000e+002 -4.918220e-007 -1.914286e-007
 1.120000e+002 -3.902086e-007 -1.371538e-007
 1.130000e+002 -5.147589e-007 -1.412723e-007
 1.140000e+002 -5.349321e-007  2.790617e-008
 1.150000e+002 -4.077423e-007 -1.723472e-007
 1.160000e+002 -3.197560e-007 -2.046323e-007
 1.170000e+002 -3.297321e-007 -1.829052e-007
 1.180000e+002 -3.318509e-007 -9.371449e-008
 1.190000e+002 -3.012831e-007 -1.772994e-007
 1.200000e+002  4.444941e-008  2.231974e-007
 1.210000e+002 -3.125042e-007 -1.923851e-007
 1.220000e+002 -3.210742e-007 -1.631561e-007
 1.230000e+002 -3.354615e-007 -1.670587e-007
 1.240000e+002 -2.759650e-007 -1.507927e-007
 1.250000e+002 -2.749928e-007 -2.349134e-007
 1.260000e+002 -1.322019e-006 -4.098237e-007
 1.270000e+002  3.475405e-008 -1.874097e-007
 1.280000e+002 -8.350151e-008 -4.498824e-008
 1.290000e+002 -1.775932e-007 -1.115523e-007
 1.300000e+002 -2.035273e-007 -2.260480e-007
 1.310000e+002 -9.402225e-008 -1.430126e-007
 1.320000e+002 -2.048606e-007 -2.217288e-007
 1.330000e+002 -1.007439e-007 -1.910299e-007
 1.340000e+002 -1.335058e-007 -1.759730e-007
 1.350000e+002 -1.760206e-007 -1.789861e-007
 1.360000e+002 -1.030868e-007 -2.479340e-007
 1.370000e+002 -1.885447e-007 -2.835068e-007
 1.380000e+002 -8.376846e-007  1.665901e-007
 1.390000e+002  4.942195e-009 -4.105697e-008
 1.400000e+002  5.875882e-008 -1.594805e-007
 1.410000e+002 -3.839475e-008 -1.378292e-007
 1.420000e+002  3.624393e-008 -8.280913e-008
 1.430000e+002  5.713460e-008 -1.954140e-007
 1.440000e+002  7.989092e-009 -1.887760e-007
 1.450000e+002 -6.142373e-008  3.938439e-008
 1.460000e+002 -1.139136e-007 -5.636380e-008
 1.470000e+002 -3.144166e-008 -1.176935e-007
 1.480000e+002 -9.285958e-008 -8.141536e-008
 1.490000e+002 -4.769101e-008 -1.675873e-007
 1.500000e+002 -7.317912e-008 -5.958825e-007
 1.510000e+002  4.994229e-008 -8.753359e-009
 1.520000e+002 -1.539657e-008 -3.667173e-008
 1.530000e+002  4.337541e-008 -1.057775e-007
 1.540000e+002 -4.404423e-008 -9.992686e-008
 1.550000e+002  1.642103e-008 -4.560839e-008
 1.560000e+002  6.841185e-008 -8.389536e-008
 1.570000e+002 -2.141557e-008 -7.597260e-008
 1.580000e+002 -5.467246e-008 -1.080775e-007
 1.590000e+002 -5.267025e-008 -7.814818e-008
 1.600000e+002 -1.409815e-008 -1.014236e-007
 1.610000e+002 -7.706099e-008 -2.686307e-008
 1.620000e+002 -3.716342e-007  5.180114e-007
 1.630000e+002  6.080273e-008 -7.793778e-008
 1.640000e+002  7.931022e-008 -9.902718e-008
 1.650000e+002  4.653619e-008 -3.202141e-008
 1.660000e+002  2.440966e-008 -8.264040e-008
 1.670000e+002  1.158305e-007 -6.648218e-008
 1.680000e+002  6.233372e-008 -5.148217e-009
 1.690000e+002  6.419250e-008 -5.053285e-008
 1.700000e+002  6.421243e-008 -5.184884e-008
 1.710000e+002  6.568411e-008 -1.939506e-007
 1.720000e+002  2.086556e-008 -2.611068e-008
 1.730000e+002  6.238444e-008 -2.072734e-008
 1.740000e+002  6.931514e-007 -2.091571e-007
 1.750000e+002 -1.178243e-007 -2.622326e-008
 1.760000e+002 -3.384905e-008 -3.112649e-008
 1.770000e+002  2.034545e-008 -8.312071e-008
 1.780000e+002 -7.868141e-009  2.095647e-008
 1.790000e+002  5.663198e-008  9.420384e-008
 1.800000e+002 -5.944469e-008  1.017527e-007
 1.810000e+002  8.571467e-008  3.410628e-008
 1.820000e+002  8.306724e-008 -8.017767e-008
 1.830000e+002  3.612184e-009 -4.679712e-008
 1.840000e+002  4.247263e-008 -2.067345e-008
 1.850000e+002  6.719028e-008 -1.858751e-008
 1.860000e+002 -2.125925e-007 -1.216183e-007
 1.870000e+002 -2.518516e-008  6.522998e-009
 1.880000e+002  1.076333e-007 -2.547339e-008
 1.890000e+002  5.502112e-008 -1.884752e-008
 1.900000e+002  1.331368e-008 -6.390356e-008
 1.910000e+002 -9.268725e-009 -7.869733e-008
 1.920000e+002  4.602942e-008 -4.566680e-008
 1.930000e+002  8.035597e-008  5.054817e-008
 1.940000e+002  6.955803e-008  1.028648e-007
 1.950000e+002  4.606286e-008 -1.023637e-008
 1.960000e+002 -1.772468e-009  1.114578e-007
 1.970000e+002 -4.525524e-008  1.205485e-007
 1.980000e+002  1.693757e-008  1.711141e-007
 1.990000e+002  1.432975e-007 -9.154268e-008
 2.000000e+002  4.619328e-008 -2.295364e-008
 2.010000e+002  6.229652e-008 -3.763943e-009
 2.020000e+002  3.058504e-008  3.703223e-008
 2.030000e+002  1.972127e-009  3.368830e-008
 2.040000e+002 -5.899688e-009  1.484559e-007
 2.050000e+002  9.278673e-008  8.555063e-008
 2.060000e+002  6.274778e-008  4.964034e-008
 2.070000e+002  2.680510e-009 -1.870976e-008
 2.080000e+002  9.501832e-008  5.143807e-008
 2.090000e+002 -2.377085e-009  1.552113e-007
 2.100000e+002  2.476466e-007  9.883672e-007
 2.110000e+002  3.648326e-008 -6.137535e-008
 2.120000e+002 -2.604388e-008 -2.701403e-008
 2.130000e+002  6.292844e-008 -1.859744e-008
 2.140000e+002 -1.567033e-009 -1.847358e-008
 2.150000e+002  6.831190e-008  4.900823e-008
 2.160000e+002  1.732174e-008  9.658158e-008
 2.170000e+002  2.777625e-008 -3.124724e-008
 2.180000e+002  6.505798e-008  2.507272e-008
 2.190000e+002  6.487320e-008  1.028784e-007
 2.200000e+002  5.936811e-008 -6.977476e-009
 2.210000e+002  1.194186e-007 -6.288689e-008
 2.220000e+002  2.456810e-007  7.958540e-007
 2.230000e+002  6.831525e-009  1.225303e-007
 2.240000e+002  5.677722e-008  1.202764e-007
 2.250000e+002  1.018401e-007  2.753449e-008
 2.260000e+002 -3.924669e-008  8.690910e-008
 2.270000e+002 -4.744626e-008  4.523321e-008
 2.280000e+002  3.331290e-008  9.496653e-008
 2.290000e+002  2.357058e-008  4.635696e-008
 2.300000e+002  9.278053e-008  8.545224e-008
 2.310000e+002  1.153057e-009  1.220778e-007
 2.320000e+002  3.881557e-008  2.210765e-007
 2.330000e+002  5.999566e-008  1.889536e-007
 2.340000e+002  5.760683e-007  1.268629e-006
 2.350000e+002 -5.610520e-008 -1.383456e-007
 2.360000e+002 -1.116880e-007 -3.879720e-008
 2.370000e+002 -4.896409e-008  5.341822e-008
 2.380000e+002  2.184652e-008  5.402793e-008
 2.390000e+002 -3.347513e-008  3.297134e-008
 2.400000e+002 -2.685743e-008  6.010202e-008
 2.410000e+002 -7.125152e-008 -1.287115e-009
 2.420000e+002 -2.730508e-008 -8.019642e-008
 2.430000e+002 -1.814206e-007 -4.952488e-008
 2.440000e+002 -1.823163e-007  3.275290e-008
 2.450000e+002 -1.511232e-007  1.312409e-007
 2.460000e+002 -1.373497e-007  4.804343e-007
 2.470000e+002 -7.752286e-009  1.136678e-007
 2.480000e+002  1.198212e-007  1.384094e-007
 2.490000e+002  1.991063e-007 -5.701732e-008
 2.500000e+002  3.159802e-007 -1.262530e-007
 2.510000e+002 -7.111277e-008 -1.758942e-008
 2.520000e+002 -8.152054e-008 -1.085050e-008
 2.530000e+002 -1.200157e-007  5.796259e-008
 2.540000e+002 -1.223445e-008  5.130728e-009
 2.550000e+002 -5.180801e-008  4.551697e-008
 2.560000e+002 -1.080471e-007  4.927289e-008
 2.570000e+002 -1.316799e-007  1.004402e-008
 2.580000e+002  3.162665e-007  8.702406e-007
 2.590000e+002 -1.118614e-007  1.143091e-007
 2.600000e+002 -5.252681e-008  8.418124e-008
 2.610000e+002 -5.135532e-008  1.206058e-007
 2.620000e+002 -3.116348e-008  6.217240e-008
 2.630000e+002 -8.637951e-009  9.366556e-008
 2.640000e+002 -2.259864e-008  6.972505e-008
 2.650000e+002 -4.152712e-008  3.904058e-008
 2.660000e+002 -3.507178e-008  6.884851e-008
 2.670000e+002 -1.093789e-007  8.290961e-008
 2.680000e+002 -1.781967e-007  2.950238e-008
 2.690000e+002 -2.922730e-007 -5.521701e-008
 2.700000e+002 -7.712261e-007 -5.816381e-007
 2.710000e+002  3.379628e-007  3.723255e-007
 2.720000e+002  4.152991e-008  1.908174e-007
 2.730000e+002 -3.444697e-008  1.402714e-007
 2.740000e+002 -1.732813e-009  2.549793e-007
 2.750000e+002  4.615676e-008  1.186393e-007
 2.760000e+002 -1.584151e-007  2.838740e-008
 2.770000e+002 -3.665026e-008  2.553080e-007
 2.780000e+002 -3.933556e-008  2.233156e-007
 2.790000e+002  2.841529e-008  2.362816e-007
 2.800000e+002 -2.148167e-008  1.901658e-007
 2.810000e+002 -1.040092e-007  1.809069e-007
 2.820000e+002  1.626589e-008  6.331506e-007
 2.830000e+002 -1.694201e-007 -3.464423e-008
 2.840000e+002  9.045794e-008  1.612068e-007
 2.850000e+002 -7.344500e-008  2.326388e-007
 2.860000e+002  5.732295e-009  1.901475e-007
 2.870000e+002 -2.665585e-008  2.653275e-007
 2.880000e+002  1.357408e-007  4.264251e-007
 2.890000e+002 -2.233758e-007  1.016177e-007
 2.900000e+002 -2.796287e-007  4.136427e-008
 2.910000e+002  1.371590e-007  2.377963e-007
 2.920000e+002  4.637417e-008 -2.641195e-008
 2.930000e+002 -3.577726e-007  1.472153e-007
 2.940000e+002  2.964090e-008  2.668515e-007
 2.950000e+002  2.739886e-007  2.121887e-007
 2.960000e+002 -1.286152e-007  3.710606e-009
 2.970000e+002 -1.312752e-007  1.939273e-007
 2.980000e+002 -1.044480e-007  1.720230e-008
 2.990000e+002  1.111094e-008 -3.924770e-008
 3.000000e+002 -2.234783e-007 -1.162594e-007
 3.010000e+002 -4.119816e-007  1.948646e-008
 3.020000e+002 -1.366310e-007  6.851763e-008
 3.030000e+002 -3.349817e-007  1.616989e-007
 3.040000e+002 -3.170978e-007  6.235219e-008
 3.050000e+002 -1.763225e-007  1.876467e-007
 3.060000e+002 -1.839518e-007  3.953497e-008
 3.070000e+002 -2.351151e-007  8.598236e-008
 3.080000e+002 -1.253359e-007  1.419355e-007
 3.090000e+002 -2.123463e-007  9.368449e-008
 3.100000e+002 -1.523514e-007  1.849454e-007
 3.110000e+002 -3.269066e-008  2.446192e-007
 3.120000e+002 -2.557985e-007  1.588765e-007
 3.130000e+002 -8.776013e-008  9.676040e-008
 3.140000e+002 -9.804673e-008  7.276986e-008
 3.150000e+002 -1.821500e-007  1.588395e-007
 3.160000e+002 -1.915554e-007  1.828060e-008
 3.170000e+002 -2.120070e-007  8.855723e-008
 3.180000e+002 -4.077930e-007  7.339682e-007
 3.190000e+002  1.396988e-007 -2.513456e-007
 3.200000e+002 -1.126921e-007 -2.210397e-007
 3.210000e+002 -1.043729e-007 -1.548109e-007
 3.220000e+002 -3.645843e-007 -1.132632e-007
 3.230000e+002 -3.597389e-007  1.082883e-007
 3.240000e+002  2.034687e-007 -2.695611e-007
 3.250000e+002 -2.226790e-007 -2.260744e-007
 3.260000e+002 -5.460950e-007 -2.275437e-007
 3.270000e+002 -3.844951e-007 -1.173911e-007
 3.280000e+002 -4.748071e-007  2.020555e-008
 3.290000e+002 -4.797277e-007 -4.881562e-007
 3.300000e+002 -5.370962e-007 -5.021410e-007
 3.310000e+002 -3.134575e-007  7.980345e-007
 3.320000e+002 -6.603237e-007  5.792878e-007
 3.330000e+002 -2.782944e-007  8.440854e-007
 3.340000e+002 -5.922769e-009  4.759780e-007
 3.350000e+002  7.523273e-009  5.639527e-007
 3.360000e+002  3.213607e-009  6.049618e-007
 3.370000e+002  7.408816e-008  3.955248e-007
 3.380000e+002  1.557437e-007  3.058328e-007
 3.390000e+002  1.775750e-007  6.140411e-008
 3.400000e+002  1.895683e-007  1.988217e-007
 3.410000e+002  1.318338e-007  8.126513e-008
 3.420000e+002  5.947137e-007 -4.177288e-007
 3.430000e+002  9.001117e-008  1.451133e-007
 3.440000e+002  1.658332e-007  7.887807e-008
 3.450000e+002  1.026084e-007 -4.163097e-008
 3.460000e+002  1.189404e-007 -2.544733e-009
 3.470000e+002  1.022494e-007  1.315934e-008
 3.480000e+002  8.483861e-008  1.852735e-007
 3.490000e+002 -2.701849e-010 -5.379792e-009
 3.500000e+002  3.614321e-008 -1.277044e-007
 3.510000e+002 -1.630801e-008  4.285163e-009
 3.520000e+002 -3.619693e-008 -9.045686e-008
 3.530000e+002 -9.293932e-008 -3.881998e-008
 3.540000e+002  9.173305e-008 -3.449346e-007
 3.550000e+002  1.327164e-007  2.613947e-008
 3.560000e+002  2.463139e-008  6.511635e-008
 3.570000e+002 -1.012954e-008 -3.062626e-008
 3.580000e+002  8.835299e-008 -3.129509e-008
 3.590000e+002 -7.008365e-010 -3.024178e-008
 3.600000e+002  4.037236e-007  1.381729e-008
 3.610000e+002 -1.596135e-008  1.042586e-007
 3.620000e+002 -1.586538e-008  5.375261e-009
 3.630000e+002  1.809261e-008 -3.213758e-008
 3.640000e+002  6.655529e-008  6.050205e-008
 3.650000e+002  5.963665e-008  1.992886e-008
 3.660000e+002  1.107085e-007  7.983324e-008
 3.670000e+002 -1.948178e-008 -4.621336e-008
 3.680000e+002 -5.358271e-008 -1.304396e-007
 3.690000e+002  6.984862e-008 -2.495099e-008
 3.700000e+002  2.450128e-009  3.430604e-008
 3.710000e+002  4.053168e-008  2.403462e-008
 3.720000e+002 -1.145254e-008  9.444340e-009
 3.730000e+002  9.355788e-009 -1.536103e-008
 3.740000e+002  8.980455e-009 -6.368928e-009
 3.750000e+002  4.009576e-008 -5.292731e-008
 3.760000e+002 -2.968213e-008 -2.878558e-008
 3.770000e+002 -1.102539e-007  2.426778e-008
 3.780000e+002 -5.830252e-007  2.164969e-007
 3.790000e+002  2.591818e-007 -4.884820e-008
 3.800000e+002  6.306364e-008 -7.448768e-008
 3.810000e+002  1.137327e-007 -2.864362e-008
 3.820000e+002  2.109807e-008 -2.268531e-008
 3.830000e+002  1.485870e-007 -6.507769e-008
 3.840000e+002  1.164106e-007  7.770568e-009
 3.850000e+002  1.007248e-007  2.711819e-008
 3.860000e+002  9.118604e-008 -1.536550e-008
 3.870000e+002  4.088440e-008 -5.717521e-008
 3.880000e+002  3.008467e-008 -9.132716e-008
 3.890000e+002  9.789218e-008  2.361699e-009
 3.900000e+002 -1.749436e-008  1.551419e-007
 3.910000e+002  1.062151e-007  4.240966e-009
 3.920000e+002  1.441414e-008 -5.621793e-008
 3.930000e+002  1.282781e-007 -2.558426e-008
 3.940000e+002  1.260505e-007  1.483801e-008
 3.950000e+002  1.199665e-007  1.741079e-008
 3.960000e+002  1.714731e-007 -4.592223e-008
 3.970000e+002 -2.045641e-008 -1.265658e-007
 3.980000e+002  1.125634e-007 -2.290596e-008
 3.990000e+002  5.435511e-009 -1.441553e-008
 4.000000e+002  1.001796e-007  8.372183e-008
 4.010000e+002  1.195920e-007  3.434035e-008
 4.020000e+002  2.720699e-007 -1.505130e-008
 4.030000e+002  1.324441e-007 -1.098704e-007
 4.040000e+002  7.867372e-008 -2.964371e-008
 4.050000e+002  8.443924e-008 -4.178623e-008
 4.060000e+002  4.588004e-008  4.915608e-008
 4.070000e+002 -3.492078e-008 -1.885763e-008
 4.080000e+002  2.029177e-007  1.896999e-008
 4.090000e+002  9.508712e-008 -2.387705e-008
 4.100000e+002  1.528401e-007 -9.323609e-008
 4.110000e+002  2.062032e-007 -7.247335e-008
 4.120000e+002  8.401090e-008  9.866152e-009
 4.130000e+002  6.544059e-008  2.925842e-008
 4.140000e+002  1.715116e-007  1.046040e-007
 4.150000e+002  2.875139e-008 -1.942827e-007
 4.160000e+002  1.126341e-007 -1.169083e-007
 4.170000e+002  1.395926e-007  2.639821e-008
 4.180000e+002  1.677692e-007  2.423144e-008
 4.190000e+002  1.526708e-007 -5.722742e-008
 4.200000e+002  3.586002e-008  1.292259e-007
 4.210000e+002  8.013046e-008  7.716413e-008
 4.220000e+002  1.269516e-007 -6.938444e-008
 4.230000e+002 -1.730191e-008  2.409869e-008
 4.240000e+002  9.845678e-008  2.710280e-008
 4.250000e+002  1.145336e-007  6.896531e-009
 4.260000e+002  1.048088e-007  1.385491e-007
 4.270000e+002  3.127396e-008 -3.522208e-008
 4.280000e+002  4.119870e-008  1.069638e-007
 4.290000e+002  7.422442e-008  2.558900e-008
 4.300000e+002  1.507884e-007 -6.339066e-008
 4.310000e+002  1.271400e-008  9.505970e-008
 4.320000e+002 -3.415573e-008  9.835372e-008
 4.330000e+002  2.046896e-007 -1.345443e-007
 4.340000e+002  1.469298e-007  2.601087e-008
 4.350000e+002  1.924432e-007  1.021032e-007
 4.360000e+002  9.993225e-008 -7.848134e-009
 4.370000e+002  1.099002e-007  7.555477e-008
 4.380000e+002  1.359972e-007  5.465253e-008
 4.390000e+002 -5.212064e-009 -3.799840e-008
 4.400000e+002  3.552625e-008  4.500265e-008
 4.410000e+002  1.284884e-007  3.565415e-008
 4.420000e+002  9.292053e-008 -8.704606e-008
 4.430000e+002  1.104088e-008  7.660830e-008
 4.440000e+002  1.723173e-008  1.092630e-007
 4.450000e+002  2.597114e-007  6.445269e-008
 4.460000e+002  2.247542e-007  6.570959e-008
 4.470000e+002  2.395735e-007  7.816258e-008
 4.480000e+002  1.867430e-008 -1.819713e-007
 4.490000e+002 -3.593010e-008  3.258297e-008
 4.500000e+002  3.602507e-007 -9.870136e-008
 4.510000e+002  1.864170e-008  1.740665e-007
 4.520000e+002  3.199154e-008  8.257828e-008
 4.530000e+002  8.536555e-008  3.104654e-008
 4.540000e+002  3.177370e-008  8.267781e-008
 4.550000e+002  1.843633e-009  1.816581e-007
 4.560000e+002  1.538387e-008  1.861996e-008
 4.570000e+002  2.091053e-008  2.170850e-008
 4.580000e+002 -6.307318e-009  9.865980e-008
 4.590000e+002  3.622916e-008 -1.511373e-007
 4.600000e+002 -3.367143e-008  7.123616e-008
 4.610000e+002  3.299017e-008  7.657834e-008
 4.620000e+002  1.404541e-007  1.658543e-007
 4.630000e+002  7.139952e-008  1.629475e-007
 4.640000e+002 -6.023809e-008 -6.300374e-008
 4.650000e+002  1.668201e-007  2.097493e-007
 4.660000e+002  2.161757e-008 -7.076492e-008
 4.670000e+002 -6.508779e-008  1.023923e-007
 4.680000e+002  1.724967e-007  3.824792e-008
 4.690000e+002 -1.099566e-007  8.295752e-009
 4.700000e+002 -5.240440e-008  3.486461e-007
 4.710000e+002 -1.889409e-007  1.287006e-008
 4.720000e+002 -4.318742e-009 -5.845681e-008
 4.730000e+002 -1.333249e-007 -8.255015e-008
 4.740000e+002  3.322024e-007  2.385696e-007
 4.750000e+002  4.787284e-008 -7.725551e-008
 4.760000e+002  5.924723e-008  1.770168e-007
 4.770000e+002 -3.940164e-008  2.135263e-007
 4.780000e+002  1.677412e-008 -1.556769e-008
 4.790000e+002  2.045778e-008  6.131163e-008
 4.800000e+002 -7.552291e-008  9.676459e-008
 4.810000e+002 -1.065187e-007  7.134946e-008
 4.820000e+002 -1.660132e-007  2.465781e-007
 4.830000e+002 -1.490856e-007  1.368802e-007
 4.840000e+002  6.574715e-008  4.032143e-008
 4.850000e+002  5.406626e-009  5.172941e-008
 4.860000e+002  1.838496e-007  2.293030e-007
 4.870000e+002  1.616940e-009  5.539404e-009
 4.880000e+002 -1.524631e-007  1.299511e-007
 4.890000e+002 -7.167372e-008  1.059110e-007
 4.900000e+002 -4.501099e-008  1.074702e-007
 4.910000e+002 -8.395338e-008 -1.693801e-008
 4.920000e+002 -1.865442e-007  4.338160e-008
 4.930000e+002 -8.167161e-008  2.651827e-008
 4.940000e+002 -1.477963e-007  7.719192e-008
 4.950000e+002 -1.329012e-007  2.518063e-008
 4.960000e+002 -1.263669e-007  1.048397e-007
 4.970000e+002  9.049911e-008  3.503122e-008
 4.980000e+002  3.275999e-007  9.708999e-008
 4.990000e+002 -4.614345e-009 -2.676036e-007
 5.000000e+002 -2.341606e-008  4.294123e-009
 5.010000e+002 -7.573318e-008  1.660709e-008
 5.020000e+002  1.610385e-008  6.251385e-008
 5.030000e+002 -1.515803e-007  3.104690e-008
 5.040000e+002 -2.339197e-008  1.352731e-007
 5.050000e+002 -2.594647e-007 -6.226594e-008
 5.060000e+002 -8.296646e-008  3.044246e-008
 5.070000e+002 -7.578341e-008  8.086065e-008
 5.080000e+002 -1.406192e-007 -9.203274e-009
 5.090000e+002 -1.174630e-007 -6.434489e-008
 5.100000e+002  1.622888e-007 -4.140181e-008
 5.110000e+002 -2.829346e-007  3.552453e-008
 5.120000e+002 -7.683593e-008 -1.061547e-010
