 0.000000e+000  9.992223e-001  0.000000e+000
 1.000000e+000  7.952220e-001  0.000000e+000
 2.000000e+000  7.585868e-001  0.000000e+000
 3.000000e+000  7.525991e-001  0.000000e+000
 4.000000e+000  5.232390e-001  0.000000e+000
 5.000000e+000  3.324066e-001  0.000000e+000
 6.000000e+000  2.149531e-002  0.000000e+000
 7.000000e+000  4.050156e-001  0.000000e+000
 8.000000e+000  6.782991e-001  0.000000e+000
 9.000000e+000  6.729270e-001  0.000000e+000
 1.000000e+001  5.799728e-001  0.000000e+000
 1.100000e+001  4.842331e-001  0.000000e+000
 1.200000e+001  1.479984e-002  0.000000e+000
 1.300000e+001  2.976726e-001  0.000000e+000
 1.400000e+001  6.006783e-001  0.000000e+000
 1.500000e+001  8.068183e-001  0.000000e+000
 1.600000e+001  7.086009e-001  0.000000e+000
 1.700000e+001  5.052516e-001  0.000000e+000
 1.800000e+001  6.914621e-002  0.000000e+000
 1.900000e+001  6.873160e-001  0.000000e+000
 2.000000e+001  7.456626e-001  0.000000e+000
 2.100000e+001  8.768741e-001  0.000000e+000
 2.200000e+001  8.689074e-001  0.000000e+000
 2.300000e+001  5.603999e-001  0.000000e+000
 2.400000e+001  5.554384e-001  0.000000e+000
 2.500000e+001  6.933712e-001  0.000000e+000
 2.600000e+001  6.155484e-001  0.000000e+000
 2.700000e+001  6.272541e-001  0.000000e+000
 2.800000e+001  6.253917e-001  0.000000e+000
 2.900000e+001  4.207921e-001  0.000000e+000
 3.000000e+001  5.620636e-002  0.000000e+000
 3.100000e+001  5.551319e-001  0.000000e+000
 3.200000e+001  4.764220e-001  0.000000e+000
 3.300000e+001  4.673000e-001  0.000000e+000
 3.400000e+001  3.180970e-001  0.000000e+000
 3.500000e+001  4.568527e-001  0.000000e+000
 3.600000e+001  1.018191e-002  0.000000e+000
 3.700000e+001  5.943283e-001  0.000000e+000
 3.800000e+001  7.235467e-001  0.000000e+000
 3.900000e+001  6.457915e-001  0.000000e+000
 4.000000e+001  4.577879e-001  0.000000e+000
 4.100000e+001  4.909840e-001  0.000000e+000
 4.200000e+001  1.282245e-001  0.000000e+000
 4.300000e+001  4.583783e-001  0.000000e+000
 4.400000e+001  6.423898e-001  0.000000e+000
 4.500000e+001  6.774341e-001  0.000000e+000
 4.600000e+001  5.045826e-001  0.000000e+000
 4.700000e+001  3.186748e-001  0.000000e+000
 4.800000e+001  1.629477e-001  0.000000e+000
 4.900000e+001  6.601409e-001  0.000000e+000
 5.000000e+001  8.106527e-001  0.000000e+000
 5.100000e+001  8.546990e-001  0.000000e+000
 5.200000e+001  7.588171e-001  0.000000e+000
 5.300000e+001  6.288205e-001  0.000000e+000
 5.400000e+001  3.727356e-003  0.000000e+000
 5.500000e+001  6.479731e-001  0.000000e+000
 5.600000e+001  8.055663e-001  0.000000e+000
 5.700000e+001  8.987689e-001  0.000000e+000
 5.800000e+001  8.081774e-001  0.000000e+000
 5.900000e+001  6.201375e-001  0.000000e+000
 6.000000e+001  1.210953e-001  0.000000e+000
 6.100000e+001  6.356180e-001  0.000000e+000
 6.200000e+001  9.112278e-001  0.000000e+000
 6.300000e+001  8.768954e-001  0.000000e+000
 6.400000e+001  8.839457e-001  0.000000e+000
 6.500000e+001  7.106669e-001  0.000000e+000
 6.600000e+001  1.078143e-001  0.000000e+000
 6.700000e+001  8.890985e-001  0.000000e+000
 6.800000e+001  9.527621e-001  0.000000e+000
 6.900000e+001  9.667075e-001  0.000000e+000
 7.000000e+001  9.445437e-001  0.000000e+000
 7.100000e+001  9.085867e-001  0.000000e+000
 7.200000e+001  9.474496e-001  0.000000e+000
 7.300000e+001  9.662114e-001  0.000000e+000
 7.400000e+001  9.753088e-001  0.000000e+000
 7.500000e+001  9.634177e-001  0.000000e+000
 7.600000e+001  9.614354e-001  0.000000e+000
 7.700000e+001  9.086419e-001  0.000000e+000
 7.800000e+001  4.599607e-001  0.000000e+000
 7.900000e+001  8.918215e-001  0.000000e+000
 8.000000e+001  9.485428e-001  0.000000e+000
 8.100000e+001  9.653331e-001  0.000000e+000
 8.200000e+001  9.443763e-001  0.000000e+000
 8.300000e+001  8.155320e-001  0.000000e+000
 8.400000e+001  4.709925e-001  0.000000e+000
 8.500000e+001  9.228563e-001  0.000000e+000
 8.600000e+001  9.507740e-001  0.000000e+000
 8.700000e+001  9.558062e-001  0.000000e+000
 8.800000e+001  9.123373e-001  0.000000e+000
 8.900000e+001  7.216338e-001  0.000000e+000
 9.000000e+001  2.233781e-001  0.000000e+000
 9.100000e+001  8.862602e-001  0.000000e+000
 9.200000e+001  9.417157e-001  0.000000e+000
 9.300000e+001  9.567983e-001  0.000000e+000
 9.400000e+001  9.315985e-001  0.000000e+000
 9.500000e+001  7.456701e-001  0.000000e+000
 9.600000e+001  2.713595e-001  0.000000e+000
 9.700000e+001  7.952815e-001  0.000000e+000
 9.800000e+001  8.717569e-001  0.000000e+000
 9.900000e+001  8.380067e-001  0.000000e+000
 1.000000e+002  8.719125e-001  0.000000e+000
 1.010000e+002  7.280746e-001  0.000000e+000
 1.020000e+002  5.064409e-002  0.000000e+000
 1.030000e+002  7.809233e-001  0.000000e+000
 1.040000e+002  8.170903e-001  0.000000e+000
 1.050000e+002  8.315969e-001  0.000000e+000
 1.060000e+002  8.018237e-001  0.000000e+000
 1.070000e+002  5.075050e-001  0.000000e+000
 1.080000e+002  1.108467e-001  0.000000e+000
 1.090000e+002  5.246413e-001  0.000000e+000
 1.100000e+002  7.055820e-001  0.000000e+000
 1.110000e+002  6.493275e-001  0.000000e+000
 1.120000e+002  7.143145e-001  0.000000e+000
 1.130000e+002  5.852033e-001  0.000000e+000
 1.140000e+002  2.305089e-002  0.000000e+000
 1.150000e+002  4.748290e-001  0.000000e+000
 1.160000e+002  6.218316e-001  0.000000e+000
 1.170000e+002  6.893992e-001  0.000000e+000
 1.180000e+002  6.685111e-001  0.000000e+000
 1.190000e+002  5.367889e-001  0.000000e+000
 1.200000e+002  2.157384e-001  0.000000e+000
 1.210000e+002  6.407685e-001  0.000000e+000
 1.220000e+002  6.746790e-001  0.000000e+000
 1.230000e+002  6.465395e-001  0.000000e+000
 1.240000e+002  7.473713e-001  0.000000e+000
 1.250000e+002  6.218942e-001  0.000000e+000
 1.260000e+002  5.183692e-002  0.000000e+000
 1.270000e+002  5.198161e-001  0.000000e+000
 1.280000e+002  6.303982e-001  0.000000e+000
 1.290000e+002  5.612818e-001  0.000000e+000
 1.300000e+002  7.107058e-001  0.000000e+000
 1.310000e+002  6.961543e-001  0.000000e+000
 1.320000e+002  4.014963e-001  0.000000e+000
 1.330000e+002  6.149807e-001  0.000000e+000
 1.340000e+002  7.047155e-001  0.000000e+000
 1.350000e+002  6.703272e-001  0.000000e+000
 1.360000e+002  6.758243e-001  0.000000e+000
 1.370000e+002  4.078488e-001  0.000000e+000
 1.380000e+002  6.858833e-003  0.000000e+000
 1.390000e+002  5.210854e-001  0.000000e+000
 1.400000e+002  8.157106e-001  0.000000e+000
 1.410000e+002  7.354332e-001  0.000000e+000
 1.420000e+002  7.016261e-001  0.000000e+000
 1.430000e+002  6.161007e-001  0.000000e+000
 1.440000e+002  2.495932e-001  0.000000e+000
 1.450000e+002  6.468747e-001  0.000000e+000
 1.460000e+002  6.672398e-001  0.000000e+000
 1.470000e+002  6.146106e-001  0.000000e+000
 1.480000e+002  5.115928e-001  0.000000e+000
 1.490000e+002  6.121785e-001  0.000000e+000
 1.500000e+002  1.349440e-001  0.000000e+000
 1.510000e+002  3.364412e-001  0.000000e+000
 1.520000e+002  5.568820e-001  0.000000e+000
 1.530000e+002  6.734659e-001  0.000000e+000
 1.540000e+002  5.310526e-001  0.000000e+000
 1.550000e+002  5.940243e-001  0.000000e+000
 1.560000e+002  4.963293e-001  0.000000e+000
 1.570000e+002  5.592732e-001  0.000000e+000
 1.580000e+002  5.617285e-001  0.000000e+000
 1.590000e+002  4.079687e-001  0.000000e+000
 1.600000e+002  4.471409e-001  0.000000e+000
 1.610000e+002  1.777870e-001  0.000000e+000
 1.620000e+002  1.025312e-002  0.000000e+000
 1.630000e+002  1.208901e-001  0.000000e+000
 1.640000e+002  2.675983e-001  0.000000e+000
 1.650000e+002  4.653171e-001  0.000000e+000
 1.660000e+002  5.882148e-001  0.000000e+000
 1.670000e+002  4.908316e-001  0.000000e+000
 1.680000e+002  1.652354e-001  0.000000e+000
 1.690000e+002  5.254218e-001  0.000000e+000
 1.700000e+002  5.310594e-001  0.000000e+000
 1.710000e+002  6.511583e-001  0.000000e+000
 1.720000e+002  5.496230e-001  0.000000e+000
 1.730000e+002  5.096182e-001  0.000000e+000
 1.740000e+002  5.854412e-002  0.000000e+000
 1.750000e+002  2.763816e-001  0.000000e+000
 1.760000e+002  6.268307e-001  0.000000e+000
 1.770000e+002  7.120139e-001  0.000000e+000
 1.780000e+002  6.035466e-001  0.000000e+000
 1.790000e+002  7.367066e-001  0.000000e+000
 1.800000e+002  9.869321e-002  0.000000e+000
 1.810000e+002  7.413775e-001  0.000000e+000
 1.820000e+002  6.136937e-001  0.000000e+000
 1.830000e+002  5.739522e-001  0.000000e+000
 1.840000e+002  5.180061e-001  0.000000e+000
 1.850000e+002  3.922834e-001  0.000000e+000
 1.860000e+002  1.807261e-003  0.000000e+000
 1.870000e+002  2.933477e-001  0.000000e+000
 1.880000e+002  5.751891e-001  0.000000e+000
 1.890000e+002  6.186527e-001  0.000000e+000
 1.900000e+002  4.530525e-001  0.000000e+000
 1.910000e+002  5.370219e-001  0.000000e+000
 1.920000e+002  5.211986e-002  0.000000e+000
 1.930000e+002  5.639995e-001  0.000000e+000
 1.940000e+002  5.456229e-001  0.000000e+000
 1.950000e+002  4.667031e-001  0.000000e+000
 1.960000e+002  3.476865e-001  0.000000e+000
 1.970000e+002  1.419405e-001  0.000000e+000
 1.980000e+002  5.786705e-003  0.000000e+000
 1.990000e+002  2.699871e-001  0.000000e+000
 2.000000e+002  3.143334e-001  0.000000e+000
 2.010000e+002  4.695666e-001  0.000000e+000
 2.020000e+002  5.067653e-001  0.000000e+000
 2.030000e+002  5.221481e-001  0.000000e+000
 2.040000e+002  2.422897e-001  0.000000e+000
 2.050000e+002  5.052404e-001  0.000000e+000
 2.060000e+002  5.279067e-001  0.000000e+000
 2.070000e+002  3.832868e-001  0.000000e+000
 2.080000e+002  5.129192e-001  0.000000e+000
 2.090000e+002  4.420507e-001  0.000000e+000
 2.100000e+002  1.736359e-001  0.000000e+000
 2.110000e+002  4.316290e-001  0.000000e+000
 2.120000e+002  6.795825e-001  0.000000e+000
 2.130000e+002  6.070102e-001  0.000000e+000
 2.140000e+002  5.059148e-001  0.000000e+000
 2.150000e+002  3.636707e-001  0.000000e+000
 2.160000e+002  4.428391e-002  0.000000e+000
 2.170000e+002  2.932157e-001  0.000000e+000
 2.180000e+002  4.498224e-001  0.000000e+000
 2.190000e+002  5.002691e-001  0.000000e+000
 2.200000e+002  4.673353e-001  0.000000e+000
 2.210000e+002  4.451629e-001  0.000000e+000
 2.220000e+002  8.776045e-002  0.000000e+000
 2.230000e+002  2.774647e-001  0.000000e+000
 2.240000e+002  4.577239e-001  0.000000e+000
 2.250000e+002  2.933449e-001  0.000000e+000
 2.260000e+002  3.824620e-001  0.000000e+000
 2.270000e+002  1.960911e-001  0.000000e+000
 2.280000e+002  1.171069e-001  0.000000e+000
 2.290000e+002  2.281443e-001  0.000000e+000
 2.300000e+002  2.953504e-001  0.000000e+000
 2.310000e+002  1.428736e-001  0.000000e+000
 2.320000e+002  1.547523e-001  0.000000e+000
 2.330000e+002  5.668647e-002  0.000000e+000
 2.340000e+002  6.097012e-002  0.000000e+000
 2.350000e+002  5.918690e-003  0.000000e+000
 2.360000e+002  9.615898e-003  0.000000e+000
 2.370000e+002  4.421547e-002  0.000000e+000
 2.380000e+002  8.945281e-002  0.000000e+000
 2.390000e+002  1.244228e-001  0.000000e+000
 2.400000e+002  7.556367e-003  0.000000e+000
 2.410000e+002  6.709538e-002  0.000000e+000
 2.420000e+002  1.858266e-001  0.000000e+000
 2.430000e+002  1.956712e-002  0.000000e+000
 2.440000e+002  1.118227e-002  0.000000e+000
 2.450000e+002  2.652869e-002  0.000000e+000
 2.460000e+002  2.733860e-002  0.000000e+000
 2.470000e+002  1.135576e-001  0.000000e+000
 2.480000e+002  2.201027e-001  0.000000e+000
 2.490000e+002  3.370258e-001  0.000000e+000
 2.500000e+002  3.445199e-001  0.000000e+000
 2.510000e+002  1.362499e-001  0.000000e+000
 2.520000e+002  2.694176e-002  0.000000e+000
 2.530000e+002  6.755008e-003  0.000000e+000
 2.540000e+002  1.900403e-001  0.000000e+000
 2.550000e+002  7.291496e-002  0.000000e+000
 2.560000e+002  5.668927e-002  0.000000e+000
 2.570000e+002  4.610077e-002  0.000000e+000
 2.580000e+002  6.954321e-002  0.000000e+000
 2.590000e+002  1.076121e-001  0.000000e+000
 2.600000e+002  2.132935e-001  0.000000e+000
 2.610000e+002  7.789615e-002  0.000000e+000
 2.620000e+002  2.292034e-001  0.000000e+000
 2.630000e+002  1.888516e-001  0.000000e+000
 2.640000e+002  8.537496e-002  0.000000e+000
 2.650000e+002  2.505920e-001  0.000000e+000
 2.660000e+002  2.432867e-001  0.000000e+000
 2.670000e+002  8.405048e-002  0.000000e+000
 2.680000e+002  1.943935e-001  0.000000e+000
 2.690000e+002  8.064025e-003  0.000000e+000
 2.700000e+002  9.287444e-002  0.000000e+000
 2.710000e+002  4.110358e-001  0.000000e+000
 2.720000e+002  3.896507e-001  0.000000e+000
 2.730000e+002  2.444576e-001  0.000000e+000
 2.740000e+002  4.196848e-001  0.000000e+000
 2.750000e+002  3.908643e-001  0.000000e+000
 2.760000e+002  1.512377e-001  0.000000e+000
 2.770000e+002  2.212526e-001  0.000000e+000
 2.780000e+002  1.619244e-001  0.000000e+000
 2.790000e+002  1.806150e-001  0.000000e+000
 2.800000e+002  2.669765e-001  0.000000e+000
 2.810000e+002  3.280858e-001  0.000000e+000
 2.820000e+002  9.887083e-002  0.000000e+000
 2.830000e+002  2.553608e-002  0.000000e+000
 2.840000e+002  1.868149e-002  0.000000e+000
 2.850000e+002  1.966200e-001  0.000000e+000
 2.860000e+002  1.599279e-001  0.000000e+000
 2.870000e+002  4.948327e-002  0.000000e+000
 2.880000e+002  7.072297e-002  0.000000e+000
 2.890000e+002  5.428847e-002  0.000000e+000
 2.900000e+002  2.346430e-002  0.000000e+000
 2.910000e+002  4.924831e-002  0.000000e+000
 2.920000e+002  6.467356e-002  0.000000e+000
 2.930000e+002  1.406322e-001  0.000000e+000
 2.940000e+002  1.828111e-002  0.000000e+000
 2.950000e+002  9.820505e-002  0.000000e+000
 2.960000e+002  1.982148e-001  0.000000e+000
 2.970000e+002  1.361495e-001  0.000000e+000
 2.980000e+002  1.122306e-001  0.000000e+000
 2.990000e+002  2.111573e-001  0.000000e+000
 3.000000e+002  1.574199e-002  0.000000e+000
 3.010000e+002  8.169864e-002  0.000000e+000
 3.020000e+002  2.121467e-001  0.000000e+000
 3.030000e+002  3.373554e-002  0.000000e+000
 3.040000e+002  3.519478e-003  0.000000e+000
 3.050000e+002  3.614553e-002  0.000000e+000
 3.060000e+002  6.689275e-003  0.000000e+000
 3.070000e+002  7.291773e-003  0.000000e+000
 3.080000e+002  1.073326e-002  0.000000e+000
 3.090000e+002  2.002195e-002  0.000000e+000
 3.100000e+002  1.113756e-001  0.000000e+000
 3.110000e+002  1.774897e-004  0.000000e+000
 3.120000e+002  3.437966e-002  0.000000e+000
 3.130000e+002  1.548894e-001  0.000000e+000
 3.140000e+002  2.484909e-001  0.000000e+000
 3.150000e+002  6.904004e-002  0.000000e+000
 3.160000e+002  6.414172e-002  0.000000e+000
 3.170000e+002  5.064601e-002  0.000000e+000
 3.180000e+002  1.611740e-001  0.000000e+000
 3.190000e+002  2.912773e-001  0.000000e+000
 3.200000e+002  2.074008e-001  0.000000e+000
 3.210000e+002  2.966371e-001  0.000000e+000
 3.220000e+002  1.337949e-001  0.000000e+000
 3.230000e+002  1.093719e-001  0.000000e+000
 3.240000e+002  1.946334e-003  0.000000e+000
 3.250000e+002  1.937344e-001  0.000000e+000
 3.260000e+002  2.957238e-001  0.000000e+000
 3.270000e+002  5.950933e-002  0.000000e+000
 3.280000e+002  1.109205e-001  0.000000e+000
 3.290000e+002  2.413915e-002  0.000000e+000
 3.300000e+002  5.817869e-003  0.000000e+000
 3.310000e+002  4.587851e-002  0.000000e+000
 3.320000e+002  1.795883e-001  0.000000e+000
 3.330000e+002  9.459531e-002  0.000000e+000
 3.340000e+002  1.027957e-001  0.000000e+000
 3.350000e+002  2.418143e-001  0.000000e+000
 3.360000e+002  3.096898e-001  0.000000e+000
 3.370000e+002  2.545468e-001  0.000000e+000
 3.380000e+002  2.117880e-001  0.000000e+000
 3.390000e+002  3.871517e-001  0.000000e+000
 3.400000e+002  1.352510e-001  0.000000e+000
 3.410000e+002  7.540809e-002  0.000000e+000
 3.420000e+002  9.845541e-002  0.000000e+000
 3.430000e+002  8.152961e-002  0.000000e+000
 3.440000e+002  9.665883e-002  0.000000e+000
 3.450000e+002  2.162889e-001  0.000000e+000
 3.460000e+002  7.220113e-002  0.000000e+000
 3.470000e+002  3.953809e-002  0.000000e+000
 3.480000e+002  5.714343e-003  0.000000e+000
 3.490000e+002  1.460832e-001  0.000000e+000
 3.500000e+002  2.844689e-001  0.000000e+000
 3.510000e+002  1.419291e-001  0.000000e+000
 3.520000e+002  2.429788e-001  0.000000e+000
 3.530000e+002  1.755843e-001  0.000000e+000
 3.540000e+002  7.615213e-002  0.000000e+000
 3.550000e+002  4.388826e-002  0.000000e+000
 3.560000e+002  2.362307e-002  0.000000e+000
 3.570000e+002  5.228799e-002  0.000000e+000
 3.580000e+002  1.490987e-002  0.000000e+000
 3.590000e+002  1.941029e-002  0.000000e+000
 3.600000e+002  2.334012e-002  0.000000e+000
 3.610000e+002  8.948116e-003  0.000000e+000
 3.620000e+002  4.699389e-003  0.000000e+000
 3.630000e+002  8.206969e-003  0.000000e+000
 3.640000e+002  4.891726e-003  0.000000e+000
 3.650000e+002  3.060750e-002  0.000000e+000
 3.660000e+002  4.903138e-003  0.000000e+000
 3.670000e+002  1.200721e-001  0.000000e+000
 3.680000e+002  8.523819e-002  0.000000e+000
 3.690000e+002  2.059278e-002  0.000000e+000
 3.700000e+002  1.738900e-002  0.000000e+000
 3.710000e+002  1.523762e-001  0.000000e+000
 3.720000e+002  7.817331e-003  0.000000e+000
 3.730000e+002  5.287350e-002  0.000000e+000
 3.740000e+002  6.817505e-002  0.000000e+000
 3.750000e+002  8.338481e-002  0.000000e+000
 3.760000e+002  1.692981e-001  0.000000e+000
 3.770000e+002  4.970350e-002  0.000000e+000
 3.780000e+002  7.708415e-002  0.000000e+000
 3.790000e+002  1.994704e-001  0.000000e+000
 3.800000e+002  6.478458e-002  0.000000e+000
 3.810000e+002  2.286252e-001  0.000000e+000
 3.820000e+002  8.482779e-002  0.000000e+000
 3.830000e+002  3.352889e-001  0.000000e+000
 3.840000e+002  5.950748e-002  0.000000e+000
 3.850000e+002  2.837191e-002  0.000000e+000
 3.860000e+002  1.545577e-001  0.000000e+000
 3.870000e+002  3.433869e-002  0.000000e+000
 3.880000e+002  1.290030e-001  0.000000e+000
 3.890000e+002  5.072484e-002  0.000000e+000
 3.900000e+002  1.975615e-002  0.000000e+000
 3.910000e+002  1.093262e-001  0.000000e+000
 3.920000e+002  3.995383e-002  0.000000e+000
 3.930000e+002  3.551992e-002  0.000000e+000
 3.940000e+002  1.072878e-002  0.000000e+000
 3.950000e+002  5.923904e-002  0.000000e+000
 3.960000e+002  5.827559e-003  0.000000e+000
 3.970000e+002  7.193565e-003  0.000000e+000
 3.980000e+002  1.031965e-002  0.000000e+000
 3.990000e+002  4.155756e-002  0.000000e+000
 4.000000e+002  3.642980e-002  0.000000e+000
 4.010000e+002  8.407325e-002  0.000000e+000
 4.020000e+002  6.607362e-002  0.000000e+000
 4.030000e+002  9.521981e-002  0.000000e+000
 4.040000e+002  1.770730e-002  0.000000e+000
 4.050000e+002  1.667116e-001  0.000000e+000
 4.060000e+002  9.102213e-002  0.000000e+000
 4.070000e+002  6.950445e-002  0.000000e+000
 4.080000e+002  2.829920e-002  0.000000e+000
 4.090000e+002  5.599751e-002  0.000000e+000
 4.100000e+002  2.351933e-002  0.000000e+000
 4.110000e+002  2.459211e-001  0.000000e+000
 4.120000e+002  1.796546e-001  0.000000e+000
 4.130000e+002  7.458241e-002  0.000000e+000
 4.140000e+002  1.401887e-001  0.000000e+000
 4.150000e+002  1.272617e-001  0.000000e+000
 4.160000e+002  6.960393e-002  0.000000e+000
 4.170000e+002  5.797741e-002  0.000000e+000
 4.180000e+002  8.405943e-002  0.000000e+000
 4.190000e+002  1.858955e-001  0.000000e+000
 4.200000e+002  2.122700e-002  0.000000e+000
 4.210000e+002  3.312305e-003  0.000000e+000
 4.220000e+002  1.863448e-001  0.000000e+000
 4.230000e+002  2.273329e-002  0.000000e+000
 4.240000e+002  1.391607e-002  0.000000e+000
 4.250000e+002  1.053543e-002  0.000000e+000
 4.260000e+002  7.153251e-002  0.000000e+000
 4.270000e+002  8.966454e-002  0.000000e+000
 4.280000e+002  3.285714e-002  0.000000e+000
 4.290000e+002  9.963615e-002  0.000000e+000
 4.300000e+002  7.399129e-002  0.000000e+000
 4.310000e+002  1.987763e-002  0.000000e+000
 4.320000e+002  8.296445e-003  0.000000e+000
 4.330000e+002  2.099188e-002  0.000000e+000
 4.340000e+002  2.456468e-002  0.000000e+000
 4.350000e+002  1.464360e-001  0.000000e+000
 4.360000e+002  3.347775e-002  0.000000e+000
 4.370000e+002  7.667590e-002  0.000000e+000
 4.380000e+002  5.382194e-002  0.000000e+000
 4.390000e+002  1.932107e-002  0.000000e+000
 4.400000e+002  1.031564e-001  0.000000e+000
 4.410000e+002  4.945201e-002  0.000000e+000
 4.420000e+002  1.338022e-001  0.000000e+000
 4.430000e+002  1.766313e-002  0.000000e+000
 4.440000e+002  9.345888e-002  0.000000e+000
 4.450000e+002  9.116199e-002  0.000000e+000
 4.460000e+002  7.645217e-002  0.000000e+000
 4.470000e+002  7.942159e-002  0.000000e+000
 4.480000e+002  8.343058e-002  0.000000e+000
 4.490000e+002  2.510780e-002  0.000000e+000
 4.500000e+002  6.729645e-002  0.000000e+000
 4.510000e+002  3.145441e-002  0.000000e+000
 4.520000e+002  3.277335e-002  0.000000e+000
 4.530000e+002  4.298050e-002  0.000000e+000
 4.540000e+002  2.822229e-003  0.000000e+000
 4.550000e+002  5.005611e-002  0.000000e+000
 4.560000e+002  4.459212e-002  0.000000e+000
 4.570000e+002  6.284705e-004  0.000000e+000
 4.580000e+002  1.229533e-001  0.000000e+000
 4.590000e+002  3.902127e-002  0.000000e+000
 4.600000e+002  6.179097e-002  0.000000e+000
 4.610000e+002  7.905056e-002  0.000000e+000
 4.620000e+002  5.204962e-003  0.000000e+000
 4.630000e+002  9.957366e-002  0.000000e+000
 4.640000e+002  5.785532e-003  0.000000e+000
 4.650000e+002  1.864664e-002  0.000000e+000
 4.660000e+002  7.850495e-002  0.000000e+000
 4.670000e+002  7.326686e-002  0.000000e+000
 4.680000e+002  4.954427e-002  0.000000e+000
 4.690000e+002  3.184017e-002  0.000000e+000
 4.700000e+002  1.422206e-001  0.000000e+000
 4.710000e+002  8.163287e-002  0.000000e+000
 4.720000e+002  5.455171e-002  0.000000e+000
 4.730000e+002  2.170024e-001  0.000000e+000
 4.740000e+002  1.042275e-001  0.000000e+000
 4.750000e+002  1.137686e-003  0.000000e+000
 4.760000e+002  3.028949e-001  0.000000e+000
 4.770000e+002  3.859236e-002  0.000000e+000
 4.780000e+002  1.047056e-002  0.000000e+000
 4.790000e+002  3.387292e-002  0.000000e+000
 4.800000e+002  5.417893e-002  0.000000e+000
 4.810000e+002  4.440876e-002  0.000000e+000
 4.820000e+002  1.437094e-001  0.000000e+000
 4.830000e+002  7.384263e-002  0.000000e+000
 4.840000e+002  2.967322e-002  0.000000e+000
 4.850000e+002  1.440214e-002  0.000000e+000
 4.860000e+002  2.595413e-002  0.000000e+000
 4.870000e+002  5.059651e-002  0.000000e+000
 4.880000e+002  2.864898e-002  0.000000e+000
 4.890000e+002  8.964066e-003  0.000000e+000
 4.900000e+002  1.295082e-001  0.000000e+000
 4.910000e+002  7.473947e-002  0.000000e+000
 4.920000e+002  6.694750e-003  0.000000e+000
 4.930000e+002  2.268886e-002  0.000000e+000
 4.940000e+002  8.344699e-002  0.000000e+000
 4.950000e+002  4.683927e-002  0.000000e+000
 4.960000e+002  8.128050e-002  0.000000e+000
 4.970000e+002  1.791997e-003  0.000000e+000
 4.980000e+002  9.489816e-002  0.000000e+000
 4.990000e+002  5.754886e-002  0.000000e+000
 5.000000e+002  6.487765e-002  0.000000e+000
 5.010000e+002  2.465338e-002  0.000000e+000
 5.020000e+002  2.360017e-002  0.000000e+000
 5.030000e+002  7.006337e-002  0.000000e+000
 5.040000e+002  5.325979e-002  0.000000e+000
 5.050000e+002  1.735483e-001  0.000000e+000
 5.060000e+002  1.432429e-001  0.000000e+000
 5.070000e+002  3.774089e-002  0.000000e+000
 5.080000e+002  9.171162e-002  0.000000e+000
 5.090000e+002  7.671510e-002  0.000000e+000
 5.100000e+002  5.285279e-002  0.000000e+000
 5.110000e+002  2.672837e-001  0.000000e+000
 5.120000e+002  4.841861e-001  0.000000e+000
