 0.000000e+000  9.794914e-001  0.000000e+000
 5.000000e-001  5.178529e-002  0.000000e+000
 1.000000e+000  1.096899e-002  0.000000e+000
 1.500000e+000  4.103999e-002  0.000000e+000
 2.000000e+000  4.936860e-002  0.000000e+000
 2.500000e+000  1.287487e-002  0.000000e+000
 3.000000e+000  6.775100e-002  0.000000e+000
 3.500000e+000  3.360875e-002  0.000000e+000
 4.000000e+000  3.716135e-002  0.000000e+000
 4.500000e+000  1.253653e-001  0.000000e+000
 5.000000e+000  9.743139e-002  0.000000e+000
 5.500000e+000  1.776357e-001  0.000000e+000
 6.000000e+000  9.639006e-003  0.000000e+000
 6.500000e+000  1.239669e-001  0.000000e+000
 7.000000e+000  3.742218e-002  0.000000e+000
 7.500000e+000  2.667328e-002  0.000000e+000
 8.000000e+000  4.993864e-002  0.000000e+000
 8.500000e+000  1.092790e-001  0.000000e+000
 9.000000e+000  1.953830e-001  0.000000e+000
 9.500000e+000  1.117497e-001  0.000000e+000
 1.000000e+001  1.141137e-001  0.000000e+000
 1.050000e+001  4.444631e-002  0.000000e+000
 1.100000e+001  1.350821e-001  0.000000e+000
 1.150000e+001  2.549536e-002  0.000000e+000
 1.200000e+001  8.420630e-003  0.000000e+000
 1.250000e+001  1.710904e-001  0.000000e+000
 1.300000e+001  1.659708e-002  0.000000e+000
 1.350000e+001  4.595309e-002  0.000000e+000
 1.400000e+001  1.641337e-001  0.000000e+000
 1.450000e+001  1.023306e-001  0.000000e+000
 1.500000e+001  2.535006e-001  0.000000e+000
 1.550000e+001  2.155914e-001  0.000000e+000
 1.600000e+001  2.874523e-001  0.000000e+000
 1.650000e+001  2.658053e-001  0.000000e+000
 1.700000e+001  3.127373e-001  0.000000e+000
 1.750000e+001  2.368754e-001  0.000000e+000
 1.800000e+001  3.136085e-001  0.000000e+000
 1.850000e+001  2.715655e-001  0.000000e+000
 1.900000e+001  2.074911e-001  0.000000e+000
 1.950000e+001  3.765764e-001  0.000000e+000
 2.000000e+001  3.587188e-001  0.000000e+000
 2.050000e+001  5.443217e-001  0.000000e+000
 2.100000e+001  6.288691e-001  0.000000e+000
 2.150000e+001  8.561014e-001  0.000000e+000
 2.200000e+001  9.670532e-001  0.000000e+000
 2.250000e+001  9.651400e-001  0.000000e+000
 2.300000e+001  8.509248e-001  0.000000e+000
 2.350000e+001  5.725681e-001  0.000000e+000
 2.400000e+001  3.979371e-001  0.000000e+000
 2.450000e+001  3.434587e-001  0.000000e+000
 2.500000e+001  1.989984e-001  0.000000e+000
 2.550000e+001  1.569278e-001  0.000000e+000
 2.600000e+001  7.353276e-002  0.000000e+000
 2.650000e+001  4.198018e-002  0.000000e+000
 2.700000e+001  2.894818e-002  0.000000e+000
 2.750000e+001  2.387976e-002  0.000000e+000
 2.800000e+001  1.253095e-002  0.000000e+000
 2.850000e+001  3.452200e-002  0.000000e+000
 2.900000e+001  3.223294e-002  0.000000e+000
 2.950000e+001  3.767002e-002  0.000000e+000
 3.000000e+001  3.880480e-002  0.000000e+000
 3.050000e+001  3.325077e-002  0.000000e+000
 3.100000e+001  4.413204e-002  0.000000e+000
 3.150000e+001  4.846830e-002  0.000000e+000
 3.200000e+001  4.126513e-002  0.000000e+000
 3.250000e+001  3.497022e-002  0.000000e+000
 3.300000e+001  2.183731e-002  0.000000e+000
 3.350000e+001  3.888997e-002  0.000000e+000
 3.400000e+001  7.130795e-002  0.000000e+000
 3.450000e+001  2.969719e-002  0.000000e+000
 3.500000e+001  4.131684e-002  0.000000e+000
 3.550000e+001  3.634399e-003  0.000000e+000
 3.600000e+001  2.277036e-002  0.000000e+000
 3.650000e+001  1.106359e-001  0.000000e+000
 3.700000e+001  2.237129e-002  0.000000e+000
 3.750000e+001  8.938055e-002  0.000000e+000
 3.800000e+001  8.803718e-002  0.000000e+000
 3.850000e+001  1.650245e-002  0.000000e+000
 3.900000e+001  1.113989e-001  0.000000e+000
 3.950000e+001  1.577830e-001  0.000000e+000
 4.000000e+001  7.277299e-002  0.000000e+000
 4.050000e+001  1.348296e-001  0.000000e+000
 4.100000e+001  5.781139e-002  0.000000e+000
 4.150000e+001  3.144714e-002  0.000000e+000
 4.200000e+001  5.005849e-002  0.000000e+000
 4.250000e+001  1.637985e-001  0.000000e+000
 4.300000e+001  7.341910e-002  0.000000e+000
 4.350000e+001  1.015368e-001  0.000000e+000
 4.400000e+001  7.496753e-002  0.000000e+000
 4.450000e+001  7.126936e-002  0.000000e+000
 4.500000e+001  2.818295e-002  0.000000e+000
 4.550000e+001  3.969973e-002  0.000000e+000
 4.600000e+001  3.825539e-002  0.000000e+000
 4.650000e+001  7.816833e-002  0.000000e+000
 4.700000e+001  7.673314e-002  0.000000e+000
 4.750000e+001  1.675152e-001  0.000000e+000
 4.800000e+001  4.821994e-002  0.000000e+000
 4.850000e+001  4.060431e-003  0.000000e+000
 4.900000e+001  3.466598e-002  0.000000e+000
 4.950000e+001  1.007619e-001  0.000000e+000
 5.000000e+001  1.131007e-001  0.000000e+000
 5.050000e+001  2.595715e-002  0.000000e+000
 5.100000e+001  3.037235e-002  0.000000e+000
 5.150000e+001  2.629897e-002  0.000000e+000
 5.200000e+001  1.562782e-002  0.000000e+000
 5.250000e+001  2.080517e-002  0.000000e+000
 5.300000e+001  2.246458e-002  0.000000e+000
 5.350000e+001  6.992707e-003  0.000000e+000
 5.400000e+001  2.062768e-002  0.000000e+000
 5.450000e+001  1.366851e-002  0.000000e+000
 5.500000e+001  5.083909e-002  0.000000e+000
 5.550000e+001  3.843215e-002  0.000000e+000
 5.600000e+001  5.174026e-002  0.000000e+000
 5.650000e+001  4.619005e-003  0.000000e+000
 5.700000e+001  2.396031e-002  0.000000e+000
 5.750000e+001  7.432082e-002  0.000000e+000
 5.800000e+001  1.194456e-003  0.000000e+000
 5.850000e+001  8.657685e-003  0.000000e+000
 5.900000e+001  1.437834e-001  0.000000e+000
 5.950000e+001  2.412598e-002  0.000000e+000
 6.000000e+001  5.933405e-002  0.000000e+000
 6.050000e+001  1.828969e-002  0.000000e+000
 6.100000e+001  8.255695e-002  0.000000e+000
 6.150000e+001  7.865220e-002  0.000000e+000
 6.200000e+001  7.637676e-002  0.000000e+000
 6.250000e+001  2.220619e-003  0.000000e+000
 6.300000e+001  1.058162e-001  0.000000e+000
 6.350000e+001  1.649226e-002  0.000000e+000
 6.400000e+001  1.387638e-001  0.000000e+000
 6.450000e+001  1.828808e-002  0.000000e+000
 6.500000e+001  3.700115e-002  0.000000e+000
 6.550000e+001  2.124451e-002  0.000000e+000
 6.600000e+001  1.843529e-001  0.000000e+000
 6.650000e+001  9.912628e-002  0.000000e+000
 6.700000e+001  1.260184e-004  0.000000e+000
 6.750000e+001  1.510824e-001  0.000000e+000
 6.800000e+001  2.256820e-002  0.000000e+000
 6.850000e+001  2.487673e-002  0.000000e+000
 6.900000e+001  1.157974e-001  0.000000e+000
 6.950000e+001  1.517126e-001  0.000000e+000
 7.000000e+001  1.588673e-002  0.000000e+000
 7.050000e+001  5.437014e-002  0.000000e+000
 7.100000e+001  1.188864e-001  0.000000e+000
 7.150000e+001  4.795251e-002  0.000000e+000
 7.200000e+001  1.868063e-001  0.000000e+000
 7.250000e+001  4.832556e-002  0.000000e+000
 7.300000e+001  7.928161e-002  0.000000e+000
 7.350000e+001  4.364155e-002  0.000000e+000
 7.400000e+001  8.429863e-002  0.000000e+000
 7.450000e+001  2.462318e-002  0.000000e+000
 7.500000e+001  2.241044e-001  0.000000e+000
 7.550000e+001  1.270949e-001  0.000000e+000
 7.600000e+001  7.568451e-002  0.000000e+000
 7.650000e+001  1.130708e-001  0.000000e+000
 7.700000e+001  1.563599e-001  0.000000e+000
 7.750000e+001  7.997411e-002  0.000000e+000
 7.800000e+001  7.778929e-002  0.000000e+000
 7.850000e+001  1.847400e-001  0.000000e+000
 7.900000e+001  2.568725e-001  0.000000e+000
 7.950000e+001  1.597753e-001  0.000000e+000
 8.000000e+001  6.564771e-002  0.000000e+000
 8.050000e+001  5.864817e-003  0.000000e+000
 8.100000e+001  3.285109e-002  0.000000e+000
 8.150000e+001  2.335814e-002  0.000000e+000
 8.200000e+001  4.909066e-002  0.000000e+000
 8.250000e+001  3.092268e-002  0.000000e+000
 8.300000e+001  7.275809e-003  0.000000e+000
 8.350000e+001  1.508303e-002  0.000000e+000
 8.400000e+001  1.798104e-002  0.000000e+000
 8.450000e+001  2.249618e-002  0.000000e+000
 8.500000e+001  1.576967e-002  0.000000e+000
 8.550000e+001  1.042134e-002  0.000000e+000
 8.600000e+001  1.693979e-003  0.000000e+000
 8.650000e+001  5.361918e-003  0.000000e+000
 8.700000e+001  1.636461e-002  0.000000e+000
 8.750000e+001  2.613679e-002  0.000000e+000
 8.800000e+001  3.069478e-003  0.000000e+000
 8.850000e+001  3.118432e-002  0.000000e+000
 8.900000e+001  4.465994e-002  0.000000e+000
 8.950000e+001  1.406933e-002  0.000000e+000
 9.000000e+001  2.422573e-003  0.000000e+000
 9.050000e+001  2.429915e-003  0.000000e+000
 9.100000e+001  4.600227e-002  0.000000e+000
 9.150000e+001  3.261240e-002  0.000000e+000
 9.200000e+001  8.843409e-003  0.000000e+000
 9.250000e+001  1.415146e-002  0.000000e+000
 9.300000e+001  3.150798e-002  0.000000e+000
 9.350000e+001  3.846679e-003  0.000000e+000
 9.400000e+001  1.929665e-002  0.000000e+000
 9.450000e+001  2.853739e-002  0.000000e+000
 9.500000e+001  3.635196e-002  0.000000e+000
 9.550000e+001  4.048137e-002  0.000000e+000
 9.600000e+001  1.188160e-002  0.000000e+000
 9.650000e+001  5.912733e-002  0.000000e+000
 9.700000e+001  2.203162e-002  0.000000e+000
 9.750000e+001  1.224701e-002  0.000000e+000
 9.800000e+001  3.818722e-002  0.000000e+000
 9.850000e+001  2.945871e-003  0.000000e+000
 9.900000e+001  2.359935e-002  0.000000e+000
 9.950000e+001  9.406384e-003  0.000000e+000
 1.000000e+002  1.335139e-002  0.000000e+000
 1.005000e+002  9.476026e-002  0.000000e+000
 1.010000e+002  2.958203e-003  0.000000e+000
 1.015000e+002  1.137090e-001  0.000000e+000
 1.020000e+002  1.009525e-001  0.000000e+000
 1.025000e+002  1.818234e-002  0.000000e+000
 1.030000e+002  1.065998e-002  0.000000e+000
 1.035000e+002  1.399502e-001  0.000000e+000
 1.040000e+002  1.958532e-002  0.000000e+000
 1.045000e+002  8.353785e-002  0.000000e+000
 1.050000e+002  9.570665e-002  0.000000e+000
 1.055000e+002  5.962348e-003  0.000000e+000
 1.060000e+002  1.588934e-002  0.000000e+000
 1.065000e+002  9.411561e-002  0.000000e+000
 1.070000e+002  1.108484e-002  0.000000e+000
 1.075000e+002  2.546019e-002  0.000000e+000
 1.080000e+002  6.640878e-002  0.000000e+000
 1.085000e+002  7.387773e-002  0.000000e+000
 1.090000e+002  3.860652e-002  0.000000e+000
 1.095000e+002  3.270368e-002  0.000000e+000
 1.100000e+002  3.129118e-002  0.000000e+000
 1.105000e+002  4.296652e-004  0.000000e+000
 1.110000e+002  5.185768e-002  0.000000e+000
 1.115000e+002  3.237581e-002  0.000000e+000
 1.120000e+002  1.112284e-001  0.000000e+000
 1.125000e+002  5.534289e-002  0.000000e+000
 1.130000e+002  3.500637e-002  0.000000e+000
 1.135000e+002  2.656832e-002  0.000000e+000
 1.140000e+002  9.904172e-002  0.000000e+000
 1.145000e+002  1.087134e-001  0.000000e+000
 1.150000e+002  1.769942e-003  0.000000e+000
 1.155000e+002  1.826829e-002  0.000000e+000
 1.160000e+002  5.364544e-002  0.000000e+000
 1.165000e+002  4.900013e-002  0.000000e+000
 1.170000e+002  1.359966e-001  0.000000e+000
 1.175000e+002  1.518337e-003  0.000000e+000
 1.180000e+002  2.891341e-002  0.000000e+000
 1.185000e+002  1.152815e-001  0.000000e+000
 1.190000e+002  3.238619e-002  0.000000e+000
 1.195000e+002  7.223794e-002  0.000000e+000
 1.200000e+002  4.589767e-002  0.000000e+000
 1.205000e+002  4.358501e-002  0.000000e+000
 1.210000e+002  9.991631e-003  0.000000e+000
 1.215000e+002  8.131992e-003  0.000000e+000
 1.220000e+002  3.205243e-001  0.000000e+000
 1.225000e+002  3.517585e-004  0.000000e+000
 1.230000e+002  3.225295e-002  0.000000e+000
 1.235000e+002  1.508705e-002  0.000000e+000
 1.240000e+002  4.419669e-002  0.000000e+000
 1.245000e+002  8.362160e-002  0.000000e+000
 1.250000e+002  5.401688e-002  0.000000e+000
 1.255000e+002  1.574678e-002  0.000000e+000
 1.260000e+002  2.158464e-002  0.000000e+000
 1.265000e+002  2.332050e-002  0.000000e+000
 1.270000e+002  3.895877e-002  0.000000e+000
 1.275000e+002  3.115679e-002  0.000000e+000
 1.280000e+002  7.872812e-003  0.000000e+000
 1.285000e+002  9.799722e-002  0.000000e+000
 1.290000e+002  7.280575e-002  0.000000e+000
 1.295000e+002  1.364518e-003  0.000000e+000
 1.300000e+002  3.545238e-002  0.000000e+000
 1.305000e+002  1.552206e-002  0.000000e+000
 1.310000e+002  7.858393e-002  0.000000e+000
 1.315000e+002  5.972638e-002  0.000000e+000
 1.320000e+002  3.642640e-002  0.000000e+000
 1.325000e+002  4.565238e-002  0.000000e+000
 1.330000e+002  5.134198e-002  0.000000e+000
 1.335000e+002  5.596677e-002  0.000000e+000
 1.340000e+002  2.177655e-002  0.000000e+000
 1.345000e+002  9.309056e-002  0.000000e+000
 1.350000e+002  1.465166e-001  0.000000e+000
 1.355000e+002  3.195999e-002  0.000000e+000
 1.360000e+002  1.173609e-002  0.000000e+000
 1.365000e+002  1.004787e-002  0.000000e+000
 1.370000e+002  3.542717e-003  0.000000e+000
 1.375000e+002  7.514138e-002  0.000000e+000
 1.380000e+002  2.986889e-002  0.000000e+000
 1.385000e+002  2.920875e-003  0.000000e+000
 1.390000e+002  1.538394e-002  0.000000e+000
 1.395000e+002  4.059377e-002  0.000000e+000
 1.400000e+002  1.201131e-002  0.000000e+000
 1.405000e+002  9.996450e-003  0.000000e+000
 1.410000e+002  2.008314e-003  0.000000e+000
 1.415000e+002  2.706058e-003  0.000000e+000
 1.420000e+002  1.217981e-001  0.000000e+000
 1.425000e+002  1.355463e-001  0.000000e+000
 1.430000e+002  2.844180e-002  0.000000e+000
 1.435000e+002  4.363572e-002  0.000000e+000
 1.440000e+002  9.540971e-002  0.000000e+000
 1.445000e+002  1.173779e-001  0.000000e+000
 1.450000e+002  1.089777e-002  0.000000e+000
 1.455000e+002  1.626457e-002  0.000000e+000
 1.460000e+002  1.864661e-002  0.000000e+000
 1.465000e+002  9.641431e-002  0.000000e+000
 1.470000e+002  5.210422e-003  0.000000e+000
 1.475000e+002  2.690304e-002  0.000000e+000
 1.480000e+002  3.811856e-002  0.000000e+000
 1.485000e+002  7.388183e-003  0.000000e+000
 1.490000e+002  2.269197e-003  0.000000e+000
 1.495000e+002  9.646991e-002  0.000000e+000
 1.500000e+002  6.458547e-003  0.000000e+000
 1.505000e+002  6.966554e-002  0.000000e+000
 1.510000e+002  7.808155e-002  0.000000e+000
 1.515000e+002  2.057917e-002  0.000000e+000
 1.520000e+002  4.374246e-002  0.000000e+000
 1.525000e+002  2.139868e-002  0.000000e+000
 1.530000e+002  8.492731e-003  0.000000e+000
 1.535000e+002  1.015658e-002  0.000000e+000
 1.540000e+002  4.126078e-002  0.000000e+000
 1.545000e+002  3.181198e-002  0.000000e+000
 1.550000e+002  4.431786e-002  0.000000e+000
 1.555000e+002  9.916763e-003  0.000000e+000
 1.560000e+002  1.675905e-002  0.000000e+000
 1.565000e+002  1.255731e-002  0.000000e+000
 1.570000e+002  1.044591e-002  0.000000e+000
 1.575000e+002  3.818268e-002  0.000000e+000
 1.580000e+002  8.625145e-003  0.000000e+000
 1.585000e+002  4.127177e-003  0.000000e+000
 1.590000e+002  1.300541e-003  0.000000e+000
 1.595000e+002  4.863645e-002  0.000000e+000
 1.600000e+002  1.162408e-001  0.000000e+000
 1.605000e+002  4.074823e-002  0.000000e+000
 1.610000e+002  5.143967e-002  0.000000e+000
 1.615000e+002  8.586172e-003  0.000000e+000
 1.620000e+002  7.140191e-002  0.000000e+000
 1.625000e+002  1.095021e-001  0.000000e+000
 1.630000e+002  1.621725e-001  0.000000e+000
 1.635000e+002  4.548799e-003  0.000000e+000
 1.640000e+002  1.122628e-001  0.000000e+000
 1.645000e+002  1.622211e-002  0.000000e+000
 1.650000e+002  3.060587e-002  0.000000e+000
 1.655000e+002  3.803795e-002  0.000000e+000
 1.660000e+002  1.212591e-002  0.000000e+000
 1.665000e+002  1.325393e-002  0.000000e+000
 1.670000e+002  8.217715e-002  0.000000e+000
 1.675000e+002  3.408901e-002  0.000000e+000
 1.680000e+002  1.060622e-002  0.000000e+000
 1.685000e+002  3.207725e-003  0.000000e+000
 1.690000e+002  7.377962e-002  0.000000e+000
 1.695000e+002  4.700414e-002  0.000000e+000
 1.700000e+002  1.734774e-002  0.000000e+000
 1.705000e+002  1.729078e-002  0.000000e+000
 1.710000e+002  6.291577e-002  0.000000e+000
 1.715000e+002  1.262274e-002  0.000000e+000
 1.720000e+002  3.536690e-002  0.000000e+000
 1.725000e+002  4.588328e-002  0.000000e+000
 1.730000e+002  6.613663e-002  0.000000e+000
 1.735000e+002  6.756831e-002  0.000000e+000
 1.740000e+002  9.889759e-002  0.000000e+000
 1.745000e+002  7.930499e-002  0.000000e+000
 1.750000e+002  4.054036e-002  0.000000e+000
 1.755000e+002  1.863977e-002  0.000000e+000
 1.760000e+002  2.674400e-002  0.000000e+000
 1.765000e+002  1.795902e-003  0.000000e+000
 1.770000e+002  5.715188e-003  0.000000e+000
 1.775000e+002  4.127096e-002  0.000000e+000
 1.780000e+002  1.021490e-001  0.000000e+000
 1.785000e+002  2.043839e-002  0.000000e+000
 1.790000e+002  2.641319e-002  0.000000e+000
 1.795000e+002  1.801634e-002  0.000000e+000
 1.800000e+002  3.358764e-002  0.000000e+000
 1.805000e+002  1.158560e-001  0.000000e+000
 1.810000e+002  1.094439e-002  0.000000e+000
 1.815000e+002  1.007959e-002  0.000000e+000
 1.820000e+002  1.823213e-001  0.000000e+000
 1.825000e+002  4.191418e-002  0.000000e+000
 1.830000e+002  1.356877e-002  0.000000e+000
 1.835000e+002  5.498627e-002  0.000000e+000
 1.840000e+002  8.212648e-003  0.000000e+000
 1.845000e+002  6.427262e-003  0.000000e+000
 1.850000e+002  3.227385e-002  0.000000e+000
 1.855000e+002  8.256018e-002  0.000000e+000
 1.860000e+002  6.578774e-002  0.000000e+000
 1.865000e+002  2.620429e-002  0.000000e+000
 1.870000e+002  3.797687e-002  0.000000e+000
 1.875000e+002  2.934522e-001  0.000000e+000
 1.880000e+002  3.829657e-002  0.000000e+000
 1.885000e+002  1.885578e-002  0.000000e+000
 1.890000e+002  4.326719e-002  0.000000e+000
 1.895000e+002  1.841950e-001  0.000000e+000
 1.900000e+002  2.079822e-001  0.000000e+000
 1.905000e+002  2.637913e-002  0.000000e+000
 1.910000e+002  1.123237e-001  0.000000e+000
 1.915000e+002  1.174941e-001  0.000000e+000
 1.920000e+002  5.112492e-003  0.000000e+000
 1.925000e+002  1.114466e-001  0.000000e+000
 1.930000e+002  6.631269e-002  0.000000e+000
 1.935000e+002  3.237159e-002  0.000000e+000
 1.940000e+002  1.663434e-001  0.000000e+000
 1.945000e+002  1.894256e-002  0.000000e+000
 1.950000e+002  1.686056e-002  0.000000e+000
 1.955000e+002  9.376991e-002  0.000000e+000
 1.960000e+002  8.762810e-002  0.000000e+000
 1.965000e+002  6.438518e-002  0.000000e+000
 1.970000e+002  1.815871e-002  0.000000e+000
 1.975000e+002  1.219332e-001  0.000000e+000
 1.980000e+002  1.158060e-002  0.000000e+000
 1.985000e+002  2.970949e-002  0.000000e+000
 1.990000e+002  3.624834e-002  0.000000e+000
 1.995000e+002  2.917889e-002  0.000000e+000
 2.000000e+002  5.676868e-002  0.000000e+000
 2.005000e+002  1.672899e-001  0.000000e+000
 2.010000e+002  1.419462e-001  0.000000e+000
 2.015000e+002  1.791788e-002  0.000000e+000
 2.020000e+002  5.339503e-002  0.000000e+000
 2.025000e+002  2.494347e-002  0.000000e+000
 2.030000e+002  9.799475e-002  0.000000e+000
 2.035000e+002  4.096113e-002  0.000000e+000
 2.040000e+002  1.974916e-002  0.000000e+000
 2.045000e+002  1.064036e-002  0.000000e+000
 2.050000e+002  2.116293e-002  0.000000e+000
 2.055000e+002  4.647556e-002  0.000000e+000
 2.060000e+002  6.977340e-002  0.000000e+000
 2.065000e+002  2.283508e-002  0.000000e+000
 2.070000e+002  1.393287e-001  0.000000e+000
 2.075000e+002  1.876777e-001  0.000000e+000
 2.080000e+002  4.688289e-002  0.000000e+000
 2.085000e+002  1.802173e-002  0.000000e+000
 2.090000e+002  3.941798e-002  0.000000e+000
 2.095000e+002  4.211838e-003  0.000000e+000
 2.100000e+002  4.483924e-002  0.000000e+000
 2.105000e+002  6.838269e-003  0.000000e+000
 2.110000e+002  1.830500e-004  0.000000e+000
 2.115000e+002  4.520198e-002  0.000000e+000
 2.120000e+002  5.106213e-002  0.000000e+000
 2.125000e+002  2.964518e-002  0.000000e+000
 2.130000e+002  1.159458e-002  0.000000e+000
 2.135000e+002  1.279385e-002  0.000000e+000
 2.140000e+002  1.451612e-002  0.000000e+000
 2.145000e+002  1.176038e-003  0.000000e+000
 2.150000e+002  4.132377e-002  0.000000e+000
 2.155000e+002  8.013643e-002  0.000000e+000
 2.160000e+002  7.518879e-003  0.000000e+000
 2.165000e+002  2.096102e-002  0.000000e+000
 2.170000e+002  9.490956e-002  0.000000e+000
 2.175000e+002  3.678178e-002  0.000000e+000
 2.180000e+002  3.468624e-002  0.000000e+000
 2.185000e+002  1.829766e-002  0.000000e+000
 2.190000e+002  2.345456e-002  0.000000e+000
 2.195000e+002  3.633054e-002  0.000000e+000
 2.200000e+002  8.535606e-002  0.000000e+000
 2.205000e+002  7.308830e-002  0.000000e+000
 2.210000e+002  7.630242e-002  0.000000e+000
 2.215000e+002  4.570662e-002  0.000000e+000
 2.220000e+002  1.307205e-001  0.000000e+000
 2.225000e+002  6.964571e-003  0.000000e+000
 2.230000e+002  7.019757e-002  0.000000e+000
 2.235000e+002  1.884678e-002  0.000000e+000
 2.240000e+002  1.936960e-002  0.000000e+000
 2.245000e+002  1.890943e-002  0.000000e+000
 2.250000e+002  2.057554e-002  0.000000e+000
 2.255000e+002  2.795451e-002  0.000000e+000
 2.260000e+002  2.096966e-001  0.000000e+000
 2.265000e+002  2.288681e-003  0.000000e+000
 2.270000e+002  3.270852e-002  0.000000e+000
 2.275000e+002  1.396391e-002  0.000000e+000
 2.280000e+002  4.792846e-002  0.000000e+000
 2.285000e+002  3.112951e-002  0.000000e+000
 2.290000e+002  5.199917e-002  0.000000e+000
 2.295000e+002  1.765193e-001  0.000000e+000
 2.300000e+002  5.782543e-002  0.000000e+000
 2.305000e+002  1.605603e-001  0.000000e+000
 2.310000e+002  5.890923e-002  0.000000e+000
 2.315000e+002  9.135561e-003  0.000000e+000
 2.320000e+002  3.333114e-002  0.000000e+000
 2.325000e+002  4.824007e-002  0.000000e+000
 2.330000e+002  6.741218e-002  0.000000e+000
 2.335000e+002  1.321937e-001  0.000000e+000
 2.340000e+002  9.781738e-002  0.000000e+000
 2.345000e+002  8.458039e-002  0.000000e+000
 2.350000e+002  2.076210e-002  0.000000e+000
 2.355000e+002  2.349609e-002  0.000000e+000
 2.360000e+002  3.738981e-002  0.000000e+000
 2.365000e+002  2.380492e-002  0.000000e+000
 2.370000e+002  4.438198e-002  0.000000e+000
 2.375000e+002  1.444644e-002  0.000000e+000
 2.380000e+002  3.325087e-002  0.000000e+000
 2.385000e+002  1.011122e-001  0.000000e+000
 2.390000e+002  1.916718e-001  0.000000e+000
 2.395000e+002  1.796353e-001  0.000000e+000
 2.400000e+002  2.727017e-001  0.000000e+000
 2.405000e+002  8.713385e-002  0.000000e+000
 2.410000e+002  7.854868e-003  0.000000e+000
 2.415000e+002  1.394959e-002  0.000000e+000
 2.420000e+002  6.737044e-002  0.000000e+000
 2.425000e+002  1.159849e-002  0.000000e+000
 2.430000e+002  3.779947e-002  0.000000e+000
 2.435000e+002  7.353441e-003  0.000000e+000
 2.440000e+002  7.149255e-002  0.000000e+000
 2.445000e+002  1.736284e-002  0.000000e+000
 2.450000e+002  6.601092e-002  0.000000e+000
 2.455000e+002  3.748899e-002  0.000000e+000
 2.460000e+002  5.450491e-002  0.000000e+000
 2.465000e+002  8.597482e-002  0.000000e+000
 2.470000e+002  6.126487e-002  0.000000e+000
 2.475000e+002  1.162786e-001  0.000000e+000
 2.480000e+002  2.013755e-002  0.000000e+000
 2.485000e+002  1.791297e-001  0.000000e+000
 2.490000e+002  4.198371e-002  0.000000e+000
 2.495000e+002  2.086969e-001  0.000000e+000
 2.500000e+002  1.344648e-001  0.000000e+000
 2.505000e+002  2.862180e-003  0.000000e+000
 2.510000e+002  4.969984e-002  0.000000e+000
 2.515000e+002  1.315837e-001  0.000000e+000
 2.520000e+002  5.412133e-002  0.000000e+000
 2.525000e+002  2.322842e-002  0.000000e+000
 2.530000e+002  6.898419e-002  0.000000e+000
 2.535000e+002  2.074323e-002  0.000000e+000
 2.540000e+002  4.063020e-002  0.000000e+000
 2.545000e+002  4.671575e-002  0.000000e+000
 2.550000e+002  8.264143e-002  0.000000e+000
 2.555000e+002  8.907756e-002  0.000000e+000
 2.560000e+002  3.946408e-002  0.000000e+000
 2.565000e+002  3.934208e-002  0.000000e+000
 2.570000e+002  6.476161e-003  0.000000e+000
 2.575000e+002  3.934684e-002  0.000000e+000
 2.580000e+002  7.781905e-002  0.000000e+000
 2.585000e+002  3.882050e-002  0.000000e+000
 2.590000e+002  1.860575e-002  0.000000e+000
 2.595000e+002  4.736026e-002  0.000000e+000
 2.600000e+002  8.767927e-003  0.000000e+000
 2.605000e+002  5.181593e-002  0.000000e+000
 2.610000e+002  1.049191e-001  0.000000e+000
 2.615000e+002  5.254111e-002  0.000000e+000
 2.620000e+002  8.263806e-003  0.000000e+000
 2.625000e+002  8.359484e-002  0.000000e+000
 2.630000e+002  2.166465e-002  0.000000e+000
 2.635000e+002  4.120271e-002  0.000000e+000
 2.640000e+002  6.095477e-002  0.000000e+000
 2.645000e+002  1.789193e-002  0.000000e+000
 2.650000e+002  5.245680e-002  0.000000e+000
 2.655000e+002  3.552812e-002  0.000000e+000
 2.660000e+002  8.342484e-002  0.000000e+000
 2.665000e+002  8.123001e-002  0.000000e+000
 2.670000e+002  8.070296e-002  0.000000e+000
 2.675000e+002  1.519003e-001  0.000000e+000
 2.680000e+002  5.226720e-003  0.000000e+000
 2.685000e+002  1.602862e-002  0.000000e+000
 2.690000e+002  7.668808e-003  0.000000e+000
 2.695000e+002  5.669616e-003  0.000000e+000
 2.700000e+002  3.663559e-002  0.000000e+000
 2.705000e+002  1.999852e-002  0.000000e+000
 2.710000e+002  1.107097e-001  0.000000e+000
 2.715000e+002  8.216296e-003  0.000000e+000
 2.720000e+002  2.026873e-002  0.000000e+000
 2.725000e+002  2.804381e-002  0.000000e+000
 2.730000e+002  5.297951e-002  0.000000e+000
 2.735000e+002  6.126928e-002  0.000000e+000
 2.740000e+002  1.144366e-001  0.000000e+000
 2.745000e+002  6.205950e-002  0.000000e+000
 2.750000e+002  1.159553e-003  0.000000e+000
 2.755000e+002  5.371908e-002  0.000000e+000
 2.760000e+002  1.346534e-001  0.000000e+000
 2.765000e+002  2.807962e-002  0.000000e+000
 2.770000e+002  2.371161e-002  0.000000e+000
 2.775000e+002  1.407812e-001  0.000000e+000
 2.780000e+002  1.127524e-002  0.000000e+000
 2.785000e+002  2.207990e-002  0.000000e+000
 2.790000e+002  4.857190e-002  0.000000e+000
 2.795000e+002  1.798464e-002  0.000000e+000
 2.800000e+002  4.021255e-002  0.000000e+000
 2.805000e+002  2.115607e-002  0.000000e+000
 2.810000e+002  2.592988e-002  0.000000e+000
 2.815000e+002  2.264515e-002  0.000000e+000
 2.820000e+002  2.755670e-002  0.000000e+000
 2.825000e+002  6.555269e-004  0.000000e+000
 2.830000e+002  4.837723e-004  0.000000e+000
 2.835000e+002  6.522529e-003  0.000000e+000
 2.840000e+002  1.339727e-002  0.000000e+000
 2.845000e+002  5.611905e-002  0.000000e+000
 2.850000e+002  1.252097e-002  0.000000e+000
 2.855000e+002  6.652197e-002  0.000000e+000
 2.860000e+002  1.689568e-002  0.000000e+000
 2.865000e+002  3.779170e-002  0.000000e+000
 2.870000e+002  3.231155e-002  0.000000e+000
 2.875000e+002  6.287670e-002  0.000000e+000
 2.880000e+002  3.276711e-002  0.000000e+000
 2.885000e+002  9.449004e-003  0.000000e+000
 2.890000e+002  5.167866e-002  0.000000e+000
 2.895000e+002  1.284650e-001  0.000000e+000
 2.900000e+002  4.486091e-002  0.000000e+000
 2.905000e+002  1.174350e-001  0.000000e+000
 2.910000e+002  7.764640e-003  0.000000e+000
 2.915000e+002  3.969669e-002  0.000000e+000
 2.920000e+002  1.499745e-001  0.000000e+000
 2.925000e+002  2.185318e-001  0.000000e+000
 2.930000e+002  3.928480e-002  0.000000e+000
 2.935000e+002  1.287221e-003  0.000000e+000
 2.940000e+002  1.184449e-002  0.000000e+000
 2.945000e+002  1.714939e-003  0.000000e+000
 2.950000e+002  1.257297e-002  0.000000e+000
 2.955000e+002  6.436315e-002  0.000000e+000
 2.960000e+002  3.744675e-002  0.000000e+000
 2.965000e+002  5.617089e-002  0.000000e+000
 2.970000e+002  1.832188e-002  0.000000e+000
 2.975000e+002  1.340232e-001  0.000000e+000
 2.980000e+002  9.607035e-002  0.000000e+000
 2.985000e+002  6.624372e-003  0.000000e+000
 2.990000e+002  5.686577e-002  0.000000e+000
 2.995000e+002  3.445704e-002  0.000000e+000
 3.000000e+002  5.283745e-002  0.000000e+000
 3.005000e+002  3.560228e-003  0.000000e+000
 3.010000e+002  3.763932e-002  0.000000e+000
 3.015000e+002  3.552157e-002  0.000000e+000
 3.020000e+002  1.125163e-001  0.000000e+000
 3.025000e+002  3.436399e-002  0.000000e+000
 3.030000e+002  7.926045e-002  0.000000e+000
 3.035000e+002  1.085651e-001  0.000000e+000
 3.040000e+002  1.729311e-002  0.000000e+000
 3.045000e+002  2.638588e-002  0.000000e+000
 3.050000e+002  3.510098e-002  0.000000e+000
 3.055000e+002  6.928268e-002  0.000000e+000
 3.060000e+002  1.526498e-002  0.000000e+000
 3.065000e+002  7.050060e-002  0.000000e+000
 3.070000e+002  6.352153e-002  0.000000e+000
 3.075000e+002  1.244423e-003  0.000000e+000
 3.080000e+002  4.053848e-003  0.000000e+000
 3.085000e+002  1.171224e-001  0.000000e+000
 3.090000e+002  1.357477e-002  0.000000e+000
 3.095000e+002  1.344042e-001  0.000000e+000
 3.100000e+002  1.217013e-001  0.000000e+000
 3.105000e+002  4.746027e-002  0.000000e+000
 3.110000e+002  1.215528e-001  0.000000e+000
 3.115000e+002  1.682046e-002  0.000000e+000
 3.120000e+002  3.194461e-002  0.000000e+000
 3.125000e+002  3.181444e-002  0.000000e+000
 3.130000e+002  4.136761e-002  0.000000e+000
 3.135000e+002  1.416161e-001  0.000000e+000
 3.140000e+002  2.511891e-002  0.000000e+000
 3.145000e+002  4.397459e-003  0.000000e+000
 3.150000e+002  7.075095e-002  0.000000e+000
 3.155000e+002  6.604662e-003  0.000000e+000
 3.160000e+002  1.318659e-002  0.000000e+000
 3.165000e+002  4.184857e-002  0.000000e+000
 3.170000e+002  9.810238e-002  0.000000e+000
 3.175000e+002  1.177433e-001  0.000000e+000
 3.180000e+002  4.446222e-002  0.000000e+000
 3.185000e+002  3.805506e-002  0.000000e+000
 3.190000e+002  1.171100e-001  0.000000e+000
 3.195000e+002  3.920480e-002  0.000000e+000
 3.200000e+002  2.654944e-002  0.000000e+000
 3.205000e+002  1.113643e-001  0.000000e+000
 3.210000e+002  4.664176e-002  0.000000e+000
 3.215000e+002  1.113272e-002  0.000000e+000
 3.220000e+002  4.632055e-003  0.000000e+000
 3.225000e+002  1.220033e-001  0.000000e+000
 3.230000e+002  1.286087e-002  0.000000e+000
 3.235000e+002  3.448356e-002  0.000000e+000
 3.240000e+002  5.087348e-002  0.000000e+000
 3.245000e+002  2.291060e-002  0.000000e+000
 3.250000e+002  5.567306e-002  0.000000e+000
 3.255000e+002  5.469941e-002  0.000000e+000
 3.260000e+002  1.218908e-001  0.000000e+000
 3.265000e+002  1.012613e-001  0.000000e+000
 3.270000e+002  7.658821e-002  0.000000e+000
 3.275000e+002  1.785202e-001  0.000000e+000
 3.280000e+002  5.319051e-002  0.000000e+000
 3.285000e+002  1.127078e-001  0.000000e+000
 3.290000e+002  2.382053e-001  0.000000e+000
 3.295000e+002  8.412122e-002  0.000000e+000
 3.300000e+002  1.769857e-001  0.000000e+000
 3.305000e+002  2.786636e-002  0.000000e+000
 3.310000e+002  9.559748e-002  0.000000e+000
 3.315000e+002  2.554176e-003  0.000000e+000
 3.320000e+002  2.380109e-003  0.000000e+000
 3.325000e+002  4.300953e-002  0.000000e+000
 3.330000e+002  4.696306e-002  0.000000e+000
 3.335000e+002  7.237735e-002  0.000000e+000
 3.340000e+002  6.659159e-002  0.000000e+000
 3.345000e+002  2.722088e-001  0.000000e+000
 3.350000e+002  4.028522e-002  0.000000e+000
 3.355000e+002  5.276330e-003  0.000000e+000
 3.360000e+002  5.505590e-002  0.000000e+000
 3.365000e+002  2.754763e-003  0.000000e+000
 3.370000e+002  7.109404e-002  0.000000e+000
 3.375000e+002  6.170885e-002  0.000000e+000
 3.380000e+002  4.733292e-002  0.000000e+000
 3.385000e+002  4.285621e-002  0.000000e+000
 3.390000e+002  7.783338e-002  0.000000e+000
 3.395000e+002  1.054293e-002  0.000000e+000
 3.400000e+002  9.910747e-002  0.000000e+000
 3.405000e+002  2.414327e-002  0.000000e+000
 3.410000e+002  1.906297e-002  0.000000e+000
 3.415000e+002  8.369157e-002  0.000000e+000
 3.420000e+002  9.209099e-003  0.000000e+000
 3.425000e+002  1.941856e-003  0.000000e+000
 3.430000e+002  1.487429e-002  0.000000e+000
 3.435000e+002  7.093727e-003  0.000000e+000
 3.440000e+002  9.183819e-003  0.000000e+000
 3.445000e+002  5.709470e-002  0.000000e+000
 3.450000e+002  1.678964e-003  0.000000e+000
 3.455000e+002  3.360618e-002  0.000000e+000
 3.460000e+002  6.344127e-002  0.000000e+000
 3.465000e+002  8.191417e-003  0.000000e+000
 3.470000e+002  4.094371e-002  0.000000e+000
 3.475000e+002  6.592239e-002  0.000000e+000
 3.480000e+002  1.259756e-001  0.000000e+000
 3.485000e+002  1.066911e-001  0.000000e+000
 3.490000e+002  6.605990e-002  0.000000e+000
 3.495000e+002  1.498674e-001  0.000000e+000
 3.500000e+002  1.388711e-001  0.000000e+000
 3.505000e+002  2.472381e-001  0.000000e+000
 3.510000e+002  8.227336e-002  0.000000e+000
 3.515000e+002  1.375377e-002  0.000000e+000
 3.520000e+002  2.155716e-002  0.000000e+000
 3.525000e+002  4.404568e-002  0.000000e+000
 3.530000e+002  2.767273e-002  0.000000e+000
 3.535000e+002  3.050613e-003  0.000000e+000
 3.540000e+002  7.222208e-002  0.000000e+000
 3.545000e+002  5.730776e-003  0.000000e+000
 3.550000e+002  1.090102e-001  0.000000e+000
 3.555000e+002  5.992088e-002  0.000000e+000
 3.560000e+002  7.430234e-002  0.000000e+000
 3.565000e+002  2.611777e-001  0.000000e+000
 3.570000e+002  5.423011e-002  0.000000e+000
 3.575000e+002  4.395979e-003  0.000000e+000
 3.580000e+002  1.097085e-001  0.000000e+000
 3.585000e+002  3.696239e-003  0.000000e+000
 3.590000e+002  1.382309e-001  0.000000e+000
 3.595000e+002  7.916570e-003  0.000000e+000
 3.600000e+002  6.527988e-002  0.000000e+000
 3.605000e+002  1.853374e-001  0.000000e+000
 3.610000e+002  9.120184e-002  0.000000e+000
 3.615000e+002  4.085249e-002  0.000000e+000
 3.620000e+002  8.394436e-002  0.000000e+000
 3.625000e+002  2.088635e-001  0.000000e+000
 3.630000e+002  8.506027e-002  0.000000e+000
 3.635000e+002  7.043375e-002  0.000000e+000
 3.640000e+002  2.042199e-001  0.000000e+000
 3.645000e+002  1.324067e-001  0.000000e+000
 3.650000e+002  1.329766e-001  0.000000e+000
 3.655000e+002  5.059458e-002  0.000000e+000
 3.660000e+002  3.604825e-002  0.000000e+000
 3.665000e+002  3.674804e-002  0.000000e+000
 3.670000e+002  4.633750e-002  0.000000e+000
 3.675000e+002  1.890253e-001  0.000000e+000
 3.680000e+002  7.322215e-002  0.000000e+000
 3.685000e+002  4.034872e-002  0.000000e+000
 3.690000e+002  5.980828e-004  0.000000e+000
 3.695000e+002  1.047113e-001  0.000000e+000
 3.700000e+002  3.214056e-002  0.000000e+000
 3.705000e+002  1.890824e-002  0.000000e+000
 3.710000e+002  3.724290e-002  0.000000e+000
 3.715000e+002  1.388013e-002  0.000000e+000
 3.720000e+002  1.173411e-002  0.000000e+000
 3.725000e+002  1.191527e-002  0.000000e+000
 3.730000e+002  1.329145e-002  0.000000e+000
 3.735000e+002  1.382864e-002  0.000000e+000
 3.740000e+002  3.409475e-003  0.000000e+000
 3.745000e+002  1.009046e-001  0.000000e+000
 3.750000e+002  3.839241e-002  0.000000e+000
 3.755000e+002  1.327392e-002  0.000000e+000
 3.760000e+002  1.106132e-002  0.000000e+000
 3.765000e+002  8.156897e-002  0.000000e+000
 3.770000e+002  6.968414e-002  0.000000e+000
 3.775000e+002  6.535754e-002  0.000000e+000
 3.780000e+002  6.794579e-002  0.000000e+000
 3.785000e+002  3.300144e-002  0.000000e+000
 3.790000e+002  2.823046e-002  0.000000e+000
 3.795000e+002  4.072823e-003  0.000000e+000
 3.800000e+002  2.861759e-002  0.000000e+000
 3.805000e+002  2.416147e-003  0.000000e+000
 3.810000e+002  4.544092e-002  0.000000e+000
 3.815000e+002  2.944277e-002  0.000000e+000
 3.820000e+002  4.419722e-002  0.000000e+000
 3.825000e+002  1.119346e-001  0.000000e+000
 3.830000e+002  7.983481e-002  0.000000e+000
 3.835000e+002  2.877770e-002  0.000000e+000
 3.840000e+002  6.890652e-002  0.000000e+000
 3.845000e+002  1.148583e-002  0.000000e+000
 3.850000e+002  1.258034e-001  0.000000e+000
 3.855000e+002  1.970091e-002  0.000000e+000
 3.860000e+002  1.759447e-002  0.000000e+000
 3.865000e+002  7.857274e-002  0.000000e+000
 3.870000e+002  4.796864e-003  0.000000e+000
 3.875000e+002  1.026627e-002  0.000000e+000
 3.880000e+002  6.708518e-002  0.000000e+000
 3.885000e+002  1.561969e-001  0.000000e+000
 3.890000e+002  1.780855e-002  0.000000e+000
 3.895000e+002  2.937467e-002  0.000000e+000
 3.900000e+002  1.711426e-002  0.000000e+000
 3.905000e+002  1.438680e-002  0.000000e+000
 3.910000e+002  1.169284e-001  0.000000e+000
 3.915000e+002  1.835689e-001  0.000000e+000
 3.920000e+002  7.002082e-002  0.000000e+000
 3.925000e+002  4.750000e-002  0.000000e+000
 3.930000e+002  4.292297e-002  0.000000e+000
 3.935000e+002  2.863889e-002  0.000000e+000
 3.940000e+002  1.567028e-002  0.000000e+000
 3.945000e+002  4.533879e-002  0.000000e+000
 3.950000e+002  2.492640e-002  0.000000e+000
 3.955000e+002  5.229171e-002  0.000000e+000
 3.960000e+002  2.886286e-002  0.000000e+000
 3.965000e+002  9.594539e-002  0.000000e+000
 3.970000e+002  1.050975e-001  0.000000e+000
 3.975000e+002  5.471135e-002  0.000000e+000
 3.980000e+002  4.106188e-003  0.000000e+000
 3.985000e+002  1.904087e-002  0.000000e+000
 3.990000e+002  1.892875e-002  0.000000e+000
 3.995000e+002  1.005509e-002  0.000000e+000
 4.000000e+002  9.174558e-002  0.000000e+000
 4.005000e+002  2.097059e-002  0.000000e+000
 4.010000e+002  4.673942e-002  0.000000e+000
 4.015000e+002  2.633556e-002  0.000000e+000
 4.020000e+002  5.841808e-002  0.000000e+000
 4.025000e+002  5.441858e-002  0.000000e+000
 4.030000e+002  2.121734e-003  0.000000e+000
 4.035000e+002  1.607155e-002  0.000000e+000
 4.040000e+002  7.165010e-002  0.000000e+000
 4.045000e+002  3.731621e-003  0.000000e+000
 4.050000e+002  1.375189e-002  0.000000e+000
 4.055000e+002  3.794916e-002  0.000000e+000
 4.060000e+002  4.539597e-002  0.000000e+000
 4.065000e+002  2.729347e-004  0.000000e+000
 4.070000e+002  2.996287e-002  0.000000e+000
 4.075000e+002  7.233138e-003  0.000000e+000
 4.080000e+002  2.714853e-004  0.000000e+000
 4.085000e+002  1.501424e-001  0.000000e+000
 4.090000e+002  7.153305e-003  0.000000e+000
 4.095000e+002  1.339656e-002  0.000000e+000
 4.100000e+002  2.677168e-002  0.000000e+000
 4.105000e+002  5.320079e-002  0.000000e+000
 4.110000e+002  1.272621e-001  0.000000e+000
 4.115000e+002  5.914753e-002  0.000000e+000
 4.120000e+002  5.565190e-002  0.000000e+000
 4.125000e+002  3.250891e-002  0.000000e+000
 4.130000e+002  4.401688e-002  0.000000e+000
 4.135000e+002  6.978694e-002  0.000000e+000
 4.140000e+002  1.004091e-001  0.000000e+000
 4.145000e+002  4.777854e-002  0.000000e+000
 4.150000e+002  2.651068e-003  0.000000e+000
 4.155000e+002  3.891061e-002  0.000000e+000
 4.160000e+002  7.963336e-002  0.000000e+000
 4.165000e+002  3.287643e-002  0.000000e+000
 4.170000e+002  7.032146e-002  0.000000e+000
 4.175000e+002  1.536870e-001  0.000000e+000
 4.180000e+002  1.111965e-002  0.000000e+000
 4.185000e+002  8.804593e-002  0.000000e+000
 4.190000e+002  2.972312e-001  0.000000e+000
 4.195000e+002  1.169184e-001  0.000000e+000
 4.200000e+002  2.126797e-001  0.000000e+000
 4.205000e+002  8.120738e-002  0.000000e+000
 4.210000e+002  8.048290e-002  0.000000e+000
 4.215000e+002  2.008078e-002  0.000000e+000
 4.220000e+002  4.817915e-002  0.000000e+000
 4.225000e+002  1.259065e-001  0.000000e+000
 4.230000e+002  1.177210e-001  0.000000e+000
 4.235000e+002  2.739693e-001  0.000000e+000
 4.240000e+002  7.007595e-002  0.000000e+000
 4.245000e+002  4.667034e-004  0.000000e+000
 4.250000e+002  1.430545e-002  0.000000e+000
 4.255000e+002  2.934095e-002  0.000000e+000
 4.260000e+002  1.868062e-003  0.000000e+000
 4.265000e+002  5.416104e-002  0.000000e+000
 4.270000e+002  7.874998e-002  0.000000e+000
 4.275000e+002  1.594663e-001  0.000000e+000
 4.280000e+002  6.909969e-002  0.000000e+000
 4.285000e+002  1.273579e-001  0.000000e+000
 4.290000e+002  3.415297e-002  0.000000e+000
 4.295000e+002  4.549142e-002  0.000000e+000
 4.300000e+002  1.964632e-002  0.000000e+000
 4.305000e+002  3.265769e-002  0.000000e+000
 4.310000e+002  2.920246e-002  0.000000e+000
 4.315000e+002  1.351063e-002  0.000000e+000
 4.320000e+002  1.105993e-001  0.000000e+000
 4.325000e+002  1.342753e-003  0.000000e+000
 4.330000e+002  5.240644e-002  0.000000e+000
 4.335000e+002  6.741547e-003  0.000000e+000
 4.340000e+002  2.466039e-002  0.000000e+000
 4.345000e+002  7.294576e-003  0.000000e+000
 4.350000e+002  2.928442e-002  0.000000e+000
 4.355000e+002  3.468252e-002  0.000000e+000
 4.360000e+002  2.099900e-003  0.000000e+000
 4.365000e+002  5.257804e-002  0.000000e+000
 4.370000e+002  8.898056e-002  0.000000e+000
 4.375000e+002  4.197929e-002  0.000000e+000
 4.380000e+002  3.212015e-002  0.000000e+000
 4.385000e+002  2.022524e-001  0.000000e+000
 4.390000e+002  2.464648e-002  0.000000e+000
 4.395000e+002  1.065482e-001  0.000000e+000
 4.400000e+002  2.838561e-002  0.000000e+000
 4.405000e+002  2.139806e-002  0.000000e+000
 4.410000e+002  1.881720e-002  0.000000e+000
 4.415000e+002  3.829580e-002  0.000000e+000
 4.420000e+002  4.539597e-002  0.000000e+000
 4.425000e+002  1.543691e-003  0.000000e+000
 4.430000e+002  2.258361e-002  0.000000e+000
 4.435000e+002  5.397417e-002  0.000000e+000
 4.440000e+002  8.180088e-002  0.000000e+000
 4.445000e+002  2.199530e-002  0.000000e+000
 4.450000e+002  4.546735e-003  0.000000e+000
 4.455000e+002  6.919948e-002  0.000000e+000
 4.460000e+002  1.527892e-003  0.000000e+000
 4.465000e+002  7.627057e-003  0.000000e+000
 4.470000e+002  4.673170e-002  0.000000e+000
 4.475000e+002  1.969950e-002  0.000000e+000
 4.480000e+002  6.903647e-003  0.000000e+000
 4.485000e+002  3.380919e-003  0.000000e+000
 4.490000e+002  1.316257e-003  0.000000e+000
 4.495000e+002  2.728147e-002  0.000000e+000
 4.500000e+002  1.220307e-001  0.000000e+000
 4.505000e+002  2.295348e-002  0.000000e+000
 4.510000e+002  6.946323e-002  0.000000e+000
 4.515000e+002  1.662659e-001  0.000000e+000
 4.520000e+002  6.957119e-004  0.000000e+000
 4.525000e+002  3.612083e-002  0.000000e+000
 4.530000e+002  1.091594e-001  0.000000e+000
 4.535000e+002  1.154760e-001  0.000000e+000
 4.540000e+002  1.294351e-001  0.000000e+000
 4.545000e+002  3.663764e-002  0.000000e+000
 4.550000e+002  8.042161e-002  0.000000e+000
 4.555000e+002  1.813768e-002  0.000000e+000
 4.560000e+002  2.226144e-001  0.000000e+000
 4.565000e+002  4.596160e-002  0.000000e+000
 4.570000e+002  7.361313e-002  0.000000e+000
 4.575000e+002  4.358400e-002  0.000000e+000
 4.580000e+002  4.566268e-002  0.000000e+000
 4.585000e+002  3.088535e-003  0.000000e+000
 4.590000e+002  6.521864e-002  0.000000e+000
 4.595000e+002  7.583055e-002  0.000000e+000
 4.600000e+002  5.671985e-002  0.000000e+000
 4.605000e+002  9.421521e-002  0.000000e+000
 4.610000e+002  6.091631e-003  0.000000e+000
 4.615000e+002  6.089027e-004  0.000000e+000
 4.620000e+002  3.065663e-002  0.000000e+000
 4.625000e+002  4.519342e-002  0.000000e+000
 4.630000e+002  1.868782e-001  0.000000e+000
 4.635000e+002  2.667899e-002  0.000000e+000
 4.640000e+002  1.905690e-002  0.000000e+000
 4.645000e+002  5.523006e-002  0.000000e+000
 4.650000e+002  2.208487e-002  0.000000e+000
 4.655000e+002  2.686598e-002  0.000000e+000
 4.660000e+002  6.953038e-003  0.000000e+000
 4.665000e+002  6.136775e-002  0.000000e+000
 4.670000e+002  1.174606e-001  0.000000e+000
 4.675000e+002  1.204560e-002  0.000000e+000
 4.680000e+002  7.064287e-002  0.000000e+000
 4.685000e+002  4.708485e-002  0.000000e+000
 4.690000e+002  1.008902e-001  0.000000e+000
 4.695000e+002  2.352810e-002  0.000000e+000
 4.700000e+002  1.586585e-001  0.000000e+000
 4.705000e+002  3.664051e-002  0.000000e+000
 4.710000e+002  7.357982e-003  0.000000e+000
 4.715000e+002  2.363895e-003  0.000000e+000
 4.720000e+002  3.037389e-002  0.000000e+000
 4.725000e+002  4.582463e-002  0.000000e+000
 4.730000e+002  1.297134e-002  0.000000e+000
 4.735000e+002  1.178952e-002  0.000000e+000
 4.740000e+002  1.245568e-003  0.000000e+000
 4.745000e+002  9.569474e-003  0.000000e+000
 4.750000e+002  3.613247e-002  0.000000e+000
 4.755000e+002  1.858312e-003  0.000000e+000
 4.760000e+002  6.153935e-002  0.000000e+000
 4.765000e+002  7.083104e-002  0.000000e+000
 4.770000e+002  9.747048e-003  0.000000e+000
 4.775000e+002  1.293565e-001  0.000000e+000
 4.780000e+002  1.598273e-002  0.000000e+000
 4.785000e+002  8.617855e-002  0.000000e+000
 4.790000e+002  2.575525e-002  0.000000e+000
 4.795000e+002  3.164136e-004  0.000000e+000
 4.800000e+002  9.157575e-003  0.000000e+000
 4.805000e+002  4.546300e-002  0.000000e+000
 4.810000e+002  2.557797e-001  0.000000e+000
 4.815000e+002  1.919558e-002  0.000000e+000
 4.820000e+002  2.503514e-002  0.000000e+000
 4.825000e+002  7.997042e-003  0.000000e+000
 4.830000e+002  3.202400e-002  0.000000e+000
 4.835000e+002  4.769456e-002  0.000000e+000
 4.840000e+002  5.504668e-002  0.000000e+000
 4.845000e+002  4.140613e-002  0.000000e+000
 4.850000e+002  3.443107e-002  0.000000e+000
 4.855000e+002  8.246020e-004  0.000000e+000
 4.860000e+002  1.276759e-001  0.000000e+000
 4.865000e+002  2.902847e-002  0.000000e+000
 4.870000e+002  3.082662e-003  0.000000e+000
 4.875000e+002  3.514741e-002  0.000000e+000
 4.880000e+002  3.447735e-002  0.000000e+000
 4.885000e+002  1.653968e-002  0.000000e+000
 4.890000e+002  2.829752e-002  0.000000e+000
 4.895000e+002  1.033020e-001  0.000000e+000
 4.900000e+002  2.271133e-002  0.000000e+000
 4.905000e+002  5.617571e-004  0.000000e+000
 4.910000e+002  4.370662e-003  0.000000e+000
 4.915000e+002  1.964791e-002  0.000000e+000
 4.920000e+002  1.324708e-001  0.000000e+000
 4.925000e+002  1.361529e-002  0.000000e+000
 4.930000e+002  5.393760e-002  0.000000e+000
 4.935000e+002  9.043448e-002  0.000000e+000
 4.940000e+002  2.589029e-002  0.000000e+000
 4.945000e+002  7.600921e-002  0.000000e+000
 4.950000e+002  1.054114e-002  0.000000e+000
 4.955000e+002  1.114943e-002  0.000000e+000
 4.960000e+002  1.333193e-001  0.000000e+000
 4.965000e+002  3.771553e-002  0.000000e+000
 4.970000e+002  1.261670e-002  0.000000e+000
 4.975000e+002  1.178106e-001  0.000000e+000
 4.980000e+002  1.261127e-002  0.000000e+000
 4.985000e+002  1.022743e-001  0.000000e+000
 4.990000e+002  5.591252e-002  0.000000e+000
 4.995000e+002  2.593092e-002  0.000000e+000
 5.000000e+002  5.852739e-002  0.000000e+000
 5.005000e+002  1.884678e-002  0.000000e+000
 5.010000e+002  5.689725e-002  0.000000e+000
 5.015000e+002  6.711380e-002  0.000000e+000
 5.020000e+002  8.739340e-002  0.000000e+000
 5.025000e+002  4.814062e-002  0.000000e+000
 5.030000e+002  5.367504e-002  0.000000e+000
 5.035000e+002  4.757316e-002  0.000000e+000
 5.040000e+002  4.462651e-003  0.000000e+000
 5.045000e+002  1.283957e-002  0.000000e+000
 5.050000e+002  6.046301e-002  0.000000e+000
 5.055000e+002  3.955143e-002  0.000000e+000
 5.060000e+002  6.292254e-002  0.000000e+000
 5.065000e+002  7.929109e-003  0.000000e+000
 5.070000e+002  2.633701e-002  0.000000e+000
 5.075000e+002  2.306650e-002  0.000000e+000
 5.080000e+002  5.313066e-003  0.000000e+000
 5.085000e+002  9.012867e-003  0.000000e+000
 5.090000e+002  5.816301e-002  0.000000e+000
 5.095000e+002  1.575373e-002  0.000000e+000
 5.100000e+002  1.133266e-001  0.000000e+000
 5.105000e+002  1.624101e-002  0.000000e+000
 5.110000e+002  1.582126e-002  0.000000e+000
 5.115000e+002  1.324712e-001  0.000000e+000
 5.120000e+002  1.726786e-002  0.000000e+000
