 0.000000e+000  1.323817e-006  0.000000e+000
 5.000000e-001 -1.975645e-006 -1.106965e-006
 1.000000e+000 -1.851490e-006 -1.015581e-006
 1.500000e+000 -1.835498e-006 -1.255939e-006
 2.000000e+000 -1.169102e-006 -7.196738e-007
 2.500000e+000 -1.739899e-006 -3.171167e-007
 3.000000e+000 -1.224828e-006 -2.875156e-007
 3.500000e+000 -1.307777e-006 -1.564817e-007
 4.000000e+000 -1.469629e-006  2.180625e-007
 4.500000e+000 -1.516632e-006  9.419253e-008
 5.000000e+000 -1.644145e-006  3.978459e-008
 5.500000e+000 -1.257879e-006  6.594006e-008
 6.000000e+000 -1.076786e-006 -6.690525e-007
 6.500000e+000 -1.563550e-006 -2.773174e-007
 7.000000e+000 -1.618294e-006  1.290230e-007
 7.500000e+000 -1.824680e-006 -2.302821e-007
 8.000000e+000 -1.598840e-006  9.791451e-008
 8.500000e+000 -1.941099e-006 -4.589248e-008
 9.000000e+000 -1.669478e-006 -3.499682e-007
 9.500000e+000 -1.859560e-006  2.077899e-007
 1.000000e+001 -2.068791e-006 -2.126005e-008
 1.050000e+001 -2.453506e-006 -5.327521e-008
 1.100000e+001 -1.964319e-006 -4.912712e-007
 1.150000e+001 -2.620045e-006 -7.203954e-007
 1.200000e+001 -1.659705e-006 -3.930064e-007
 1.250000e+001 -1.902223e-006 -3.190121e-007
 1.300000e+001 -1.922944e-006 -7.820807e-007
 1.350000e+001 -2.703704e-006 -5.181930e-007
 1.400000e+001 -2.352101e-006  1.461706e-007
 1.450000e+001 -2.054774e-006 -6.013100e-007
 1.500000e+001 -2.792678e-006  4.951024e-009
 1.550000e+001 -2.902150e-006 -5.414254e-007
 1.600000e+001 -3.303973e-006 -9.979823e-007
 1.650000e+001 -3.327572e-006 -5.649417e-007
 1.700000e+001 -3.164579e-006 -4.614883e-007
 1.750000e+001 -4.272246e-006 -2.994751e-007
 1.800000e+001 -4.614566e-006 -8.687370e-007
 1.850000e+001 -4.679702e-006 -1.099878e-006
 1.900000e+001 -5.574886e-006 -2.214038e-007
 1.950000e+001 -6.910321e-006 -6.732829e-007
 2.000000e+001 -7.855851e-006 -1.296109e-006
 2.050000e+001 -1.010979e-005 -1.613292e-006
 2.100000e+001 -1.500188e-005 -1.322609e-006
 2.150000e+001 -2.685020e-005 -1.966055e-006
 2.200000e+001 -3.244119e-005  1.459569e-005
 2.250000e+001  5.117595e-005  2.309744e-005
 2.300000e+001  1.940551e-005  5.159768e-006
 2.350000e+001  1.180682e-005  2.208244e-006
 2.400000e+001  9.173350e-006  2.141881e-006
 2.450000e+001  6.630031e-006  1.281974e-006
 2.500000e+001  5.333260e-006  7.628116e-007
 2.550000e+001  4.471392e-006  2.993221e-007
 2.600000e+001  3.048483e-006  1.702433e-007
 2.650000e+001  2.911510e-006  2.117049e-008
 2.700000e+001  2.474691e-006  4.611072e-007
 2.750000e+001  1.957923e-006 -8.349273e-007
 2.800000e+001 -2.281583e-005 -3.055463e-005
 2.850000e+001  3.514313e-006  2.472788e-006
 2.900000e+001  2.348598e-006  7.701517e-007
 2.950000e+001  2.155840e-006  1.318557e-006
 3.000000e+001  2.076547e-006  1.327881e-006
 3.050000e+001  1.831934e-006  4.605598e-007
 3.100000e+001  1.457982e-006  5.672396e-007
 3.150000e+001  2.196742e-006  3.140163e-007
 3.200000e+001  1.406937e-006  1.591057e-007
 3.250000e+001  1.488012e-006  5.493796e-007
 3.300000e+001  1.013043e-006  2.562069e-007
 3.350000e+001  1.190063e-006  2.046579e-007
 3.400000e+001  1.618111e-006  7.536331e-007
 3.450000e+001  1.906541e-006  2.678360e-007
 3.500000e+001  1.383109e-006  4.732389e-007
 3.550000e+001  1.188620e-006  9.592482e-007
 3.600000e+001  1.245995e-006 -1.682231e-007
 3.650000e+001  1.378517e-006  2.305445e-007
 3.700000e+001  8.227072e-007  9.137562e-008
 3.750000e+001  6.838691e-007  1.704110e-007
 3.800000e+001  1.029534e-006 -4.805672e-007
 3.850000e+001  9.420455e-007  4.340499e-007
 3.900000e+001  6.373617e-007 -2.253605e-007
 3.950000e+001  7.914178e-007  1.234425e-007
 4.000000e+001  6.218081e-007  4.038548e-007
 4.050000e+001  7.132140e-007  4.339354e-007
 4.100000e+001  7.744403e-007  4.823338e-007
 4.150000e+001  1.221771e-006  1.001365e-007
 4.200000e+001  1.764154e-007  5.726746e-007
 4.250000e+001  8.363582e-007  7.512457e-007
 4.300000e+001  8.840157e-007 -5.375940e-008
 4.350000e+001  6.699635e-007 -2.277299e-007
 4.400000e+001  1.336108e-007 -1.276205e-007
 4.450000e+001  2.657345e-007 -1.206033e-007
 4.500000e+001  6.772241e-007 -5.683041e-008
 4.550000e+001  6.172748e-007 -3.650930e-007
 4.600000e+001  4.237636e-007  5.726967e-008
 4.650000e+001  4.042020e-007 -1.439989e-007
 4.700000e+001  1.266715e-006 -7.675310e-008
 4.750000e+001  2.509095e-007 -9.940900e-008
 4.800000e+001  7.088789e-007 -1.742967e-007
 4.850000e+001 -2.900826e-007  3.150811e-007
 4.900000e+001  5.184498e-007  2.548102e-007
 4.950000e+001  5.490473e-007  5.103903e-007
 5.000000e+001  8.025545e-007  1.897192e-007
 5.050000e+001  5.107429e-007  4.766700e-007
 5.100000e+001  5.100388e-007 -1.442479e-007
 5.150000e+001  7.913380e-007  2.085152e-007
 5.200000e+001  1.067856e-006 -6.782565e-008
 5.250000e+001  9.242359e-009  3.918355e-007
 5.300000e+001  1.531004e-006  4.600403e-007
 5.350000e+001  4.466586e-007  4.937604e-007
 5.400000e+001  1.028106e-006 -3.796472e-007
 5.450000e+001  1.073799e-007  2.470658e-007
 5.500000e+001  8.921556e-007  3.195905e-007
 5.550000e+001  5.637561e-007  5.911002e-007
 5.600000e+001 -2.207474e-006  1.394934e-006
 5.650000e+001  5.894495e-007  2.877183e-007
 5.700000e+001  3.392875e-007 -2.236665e-007
 5.750000e+001  7.347934e-007  9.127298e-009
 5.800000e+001 -7.060687e-008  1.213170e-006
 5.850000e+001  6.154694e-007 -3.846733e-007
 5.900000e+001  1.061463e-006  3.803428e-007
 5.950000e+001  1.003019e-006 -3.034025e-007
 6.000000e+001  1.082823e-006  9.472872e-008
 6.050000e+001  1.476115e-006  6.987122e-007
 6.100000e+001  6.939050e-007  7.558859e-007
 6.150000e+001  1.081911e-006  1.422540e-007
 6.200000e+001  5.977244e-007 -5.088189e-007
 6.250000e+001  2.900733e-007  3.604080e-007
 6.300000e+001  1.143774e-006  5.551417e-007
 6.350000e+001  5.523910e-007  9.346920e-008
 6.400000e+001  1.159750e-006 -5.570401e-007
 6.450000e+001  6.016040e-007  2.389647e-007
 6.500000e+001  8.106185e-007 -1.876966e-007
 6.550000e+001  7.844186e-007 -1.167967e-007
 6.600000e+001  2.075240e-007  6.163896e-008
 6.650000e+001  6.511795e-007 -3.919652e-008
 6.700000e+001  7.869323e-007 -6.587653e-007
 6.750000e+001  3.151958e-007 -1.398450e-007
 6.800000e+001  8.608770e-008 -1.716693e-007
 6.850000e+001  9.087999e-007 -9.584619e-007
 6.900000e+001  5.589242e-007 -3.430722e-007
 6.950000e+001  9.265715e-007 -6.738732e-008
 7.000000e+001  7.492191e-007  3.592547e-007
 7.050000e+001  4.393786e-007 -1.576304e-007
 7.100000e+001  6.447511e-007  8.436531e-007
 7.150000e+001  1.815687e-006 -4.691162e-007
 7.200000e+001  4.070517e-007 -4.562952e-008
 7.250000e+001  1.054993e-006  9.905380e-007
 7.300000e+001  1.392997e-006  1.901009e-007
 7.350000e+001  1.611539e-006 -3.018553e-008
 7.400000e+001  2.257535e-006 -3.915198e-007
 7.450000e+001  1.852178e-006 -3.480791e-007
 7.500000e+001  2.178778e-006  4.383469e-007
 7.550000e+001  8.279062e-007 -5.748938e-008
 7.600000e+001  2.326346e-006 -3.424902e-007
 7.650000e+001  2.930866e-006  1.396518e-007
 7.700000e+001  3.088068e-006 -3.361548e-007
 7.750000e+001  4.764340e-006 -1.593235e-006
 7.800000e+001  4.717515e-006 -2.326688e-006
 7.850000e+001  7.474710e-006 -5.176861e-006
 7.900000e+001  1.651172e-006 -1.246497e-005
 7.950000e+001 -5.505173e-006 -6.684015e-006
 8.000000e+001 -5.073045e-006 -1.986082e-006
 8.050000e+001 -2.819546e-006 -3.619450e-007
 8.100000e+001 -2.509190e-006 -7.955652e-007
 8.150000e+001 -1.831759e-006 -3.828323e-007
 8.200000e+001 -1.269972e-006  5.092647e-007
 8.250000e+001 -1.453575e-006 -2.952956e-007
 8.300000e+001 -5.457500e-007 -1.582780e-007
 8.350000e+001  1.087051e-007  3.250849e-007
 8.400000e+001  3.269439e-006  4.589937e-006
 8.450000e+001 -7.798438e-006  2.731083e-006
 8.500000e+001 -2.648655e-006  1.157532e-006
 8.550000e+001 -1.876713e-006 -5.048957e-007
 8.600000e+001 -4.383577e-008 -7.191543e-008
 8.650000e+001 -2.456810e-007  1.737914e-007
 8.700000e+001 -5.671301e-007 -5.771653e-007
 8.750000e+001 -1.212158e-006 -2.268104e-007
 8.800000e+001 -5.016656e-007 -5.496331e-008
 8.850000e+001 -3.871047e-007 -2.607384e-007
 8.900000e+001 -6.738886e-007  2.501624e-007
 8.950000e+001 -2.677855e-007 -2.225687e-007
 9.000000e+001 -2.434210e-007 -2.087139e-007
 9.050000e+001 -1.092996e-006 -3.081324e-007
 9.100000e+001 -7.121952e-007  4.795484e-007
 9.150000e+001 -8.910483e-007 -6.643141e-007
 9.200000e+001 -1.442224e-007 -7.364071e-007
 9.250000e+001 -3.991511e-007  9.076677e-009
 9.300000e+001  1.420786e-007  5.807085e-008
 9.350000e+001 -3.358787e-008  1.678674e-007
 9.400000e+001 -9.159592e-007 -9.120742e-009
 9.450000e+001 -1.012835e-007 -1.675083e-007
 9.500000e+001 -1.287041e-007  6.998337e-008
 9.550000e+001 -8.848802e-007  2.967206e-007
 9.600000e+001 -5.810882e-008 -5.474192e-007
 9.650000e+001 -1.869376e-007 -1.546389e-007
 9.700000e+001 -1.065348e-006 -6.029259e-007
 9.750000e+001  4.803394e-008 -3.432975e-007
 9.800000e+001  2.524748e-007 -6.609002e-008
 9.850000e+001 -1.754397e-007  3.391451e-008
 9.900000e+001 -3.536202e-007  4.610217e-008
 9.950000e+001  1.612566e-007 -3.101448e-007
 1.000000e+002 -8.922607e-007  2.195648e-007
 1.005000e+002  2.067066e-007  7.257361e-007
 1.010000e+002  3.577686e-007 -3.962478e-008
 1.015000e+002 -1.881653e-007 -3.260104e-007
 1.020000e+002 -9.740695e-007  9.026753e-007
 1.025000e+002  6.196009e-007 -5.618300e-008
 1.030000e+002 -7.780985e-007  7.159078e-007
 1.035000e+002 -4.927051e-007 -5.763275e-007
 1.040000e+002  3.355334e-007 -1.694046e-007
 1.045000e+002 -2.787267e-007 -8.722908e-007
 1.050000e+002 -7.538132e-008 -5.305899e-008
 1.055000e+002 -1.057341e-006  4.018198e-007
 1.060000e+002  1.761019e-007 -3.451513e-007
 1.065000e+002  3.266922e-007 -5.549759e-007
 1.070000e+002  1.117824e-007 -4.747418e-007
 1.075000e+002 -3.502832e-007 -4.026805e-007
 1.080000e+002 -6.835103e-007  1.136667e-007
 1.085000e+002 -6.339644e-007 -3.094915e-007
 1.090000e+002  6.694919e-007 -5.502235e-007
 1.095000e+002  2.978763e-008  2.071924e-008
 1.100000e+002  3.555157e-007 -8.125941e-007
 1.105000e+002  4.478925e-007 -1.543049e-007
 1.110000e+002 -5.895623e-008  7.909007e-008
 1.115000e+002 -6.377140e-007  3.181602e-007
 1.120000e+002 -5.914645e-007  8.284704e-007
 1.125000e+002 -3.712342e-007  5.293199e-007
 1.130000e+002 -3.736548e-007 -2.125202e-007
 1.135000e+002  5.537732e-007  5.284478e-007
 1.140000e+002 -3.906461e-007  1.974129e-007
 1.145000e+002 -2.427421e-007 -3.151401e-007
 1.150000e+002 -1.076816e-006  9.180794e-007
 1.155000e+002 -4.015508e-007  8.299204e-007
 1.160000e+002  6.683626e-008 -6.762234e-007
 1.165000e+002 -1.511610e-007  6.543071e-007
 1.170000e+002  5.733515e-007 -1.951383e-007
 1.175000e+002 -3.125338e-007 -5.405248e-007
 1.180000e+002 -6.121810e-007  8.536503e-008
 1.185000e+002 -6.464308e-007 -2.796229e-007
 1.190000e+002  2.675176e-007 -1.600791e-007
 1.195000e+002 -5.152962e-007 -2.166009e-007
 1.200000e+002  4.897929e-007  1.027235e-006
 1.205000e+002 -1.142330e-008 -1.430097e-008
 1.210000e+002  2.330612e-007  5.836336e-007
 1.215000e+002 -1.595519e-007 -7.411028e-007
 1.220000e+002  1.039467e-006  8.203275e-007
 1.225000e+002 -1.976592e-008  3.530692e-007
 1.230000e+002 -7.050118e-008  3.120086e-007
 1.235000e+002  6.087256e-007  9.800294e-007
 1.240000e+002  2.368582e-007  7.941390e-007
 1.245000e+002  6.596447e-008  5.492391e-007
 1.250000e+002 -1.441549e-007 -1.584430e-008
 1.255000e+002  1.755037e-007  1.800583e-007
 1.260000e+002 -2.110031e-007 -6.329283e-008
 1.265000e+002  1.641061e-007  3.105725e-007
 1.270000e+002 -4.218632e-007 -5.591335e-008
 1.275000e+002 -3.389556e-007 -1.596712e-007
 1.280000e+002  3.647001e-007 -6.694581e-008
 1.285000e+002  2.728234e-007  1.200333e-007
 1.290000e+002 -2.091553e-007 -1.381717e-007
 1.295000e+002 -1.837297e-008 -1.123443e-007
 1.300000e+002 -6.707410e-007  4.011449e-007
 1.305000e+002 -7.082244e-007  1.683173e-007
 1.310000e+002  4.907483e-008 -4.309854e-007
 1.315000e+002 -2.621155e-007 -1.357140e-007
 1.320000e+002  9.703094e-008  2.084117e-007
 1.325000e+002 -7.260089e-007 -2.797109e-007
 1.330000e+002 -1.275371e-006 -1.768988e-006
 1.335000e+002 -3.525417e-007  4.765474e-007
 1.340000e+002  5.114022e-007  5.337638e-007
 1.345000e+002  6.868441e-007  2.386915e-007
 1.350000e+002 -2.957522e-007  3.715550e-008
 1.355000e+002 -8.645358e-008 -1.224344e-007
 1.360000e+002 -8.740743e-008 -1.833869e-008
 1.365000e+002  5.183843e-007  2.853876e-007
 1.370000e+002  6.429265e-007 -2.180221e-007
 1.375000e+002 -6.167354e-008  7.023059e-007
 1.380000e+002  2.551379e-007 -2.084915e-008
 1.385000e+002 -1.577990e-007 -7.061006e-008
 1.390000e+002 -3.913699e-007  1.179536e-007
 1.395000e+002 -7.093774e-007 -4.471546e-007
 1.400000e+002  1.983201e-007 -2.866205e-007
 1.405000e+002  3.303533e-007  3.957405e-007
 1.410000e+002  6.065056e-008  5.753470e-007
 1.415000e+002 -4.761793e-007  2.233902e-007
 1.420000e+002 -8.620879e-007 -3.049877e-007
 1.425000e+002 -3.753896e-008 -1.854648e-007
 1.430000e+002 -2.348748e-007 -4.231305e-007
 1.435000e+002 -2.491938e-007 -4.461389e-007
 1.440000e+002  2.052887e-008 -2.346985e-007
 1.445000e+002  1.762956e-007 -2.359703e-007
 1.450000e+002 -4.674854e-007  4.275451e-007
 1.455000e+002 -3.284760e-007 -4.717871e-008
 1.460000e+002 -2.863807e-007 -2.115062e-007
 1.465000e+002  1.598710e-007  3.602356e-007
 1.470000e+002 -6.854979e-008  4.546723e-008
 1.475000e+002 -1.845890e-007 -9.796112e-008
 1.480000e+002 -1.532015e-007  4.066058e-007
 1.485000e+002 -4.293279e-007 -8.088850e-008
 1.490000e+002 -5.122273e-007  5.894046e-008
 1.495000e+002 -1.963763e-007  2.329188e-007
 1.500000e+002 -2.621084e-007 -5.063651e-007
 1.505000e+002  1.010638e-007 -6.420810e-008
 1.510000e+002  2.786967e-008  6.636732e-008
 1.515000e+002 -5.531493e-007 -7.015478e-008
 1.520000e+002  4.103958e-007  6.899886e-008
 1.525000e+002 -5.115161e-007 -2.072443e-007
 1.530000e+002 -1.827504e-007  1.824274e-007
 1.535000e+002 -4.453202e-007 -4.879329e-007
 1.540000e+002 -2.570211e-007 -6.092631e-007
 1.545000e+002  3.776145e-007  3.551151e-007
 1.550000e+002 -8.137956e-008  5.666536e-007
 1.555000e+002 -9.596956e-007  4.264510e-008
 1.560000e+002  4.592944e-007 -1.465450e-007
 1.565000e+002 -3.034639e-008 -2.599435e-007
 1.570000e+002 -2.050028e-008 -2.674539e-007
 1.575000e+002 -3.284064e-007 -3.716522e-007
 1.580000e+002 -1.355541e-007 -3.409345e-007
 1.585000e+002 -1.878625e-007  6.619518e-007
 1.590000e+002  8.748763e-008  2.048711e-007
 1.595000e+002 -4.273962e-007 -1.146629e-007
 1.600000e+002 -2.531384e-007 -8.483956e-008
 1.605000e+002  2.250650e-007 -1.555815e-007
 1.610000e+002 -3.271022e-007  3.210523e-007
 1.615000e+002  9.375015e-008  2.058200e-007
 1.620000e+002 -6.868537e-008  3.282660e-007
 1.625000e+002  4.348813e-008 -1.072956e-007
 1.630000e+002  3.271249e-007 -1.692310e-007
 1.635000e+002 -4.583331e-007 -5.665303e-007
 1.640000e+002  2.862747e-007 -6.350514e-008
 1.645000e+002  1.382012e-008  1.375118e-007
 1.650000e+002  2.722170e-007  2.422655e-007
 1.655000e+002 -8.254991e-008  3.076207e-007
 1.660000e+002  1.390040e-007 -2.312801e-007
 1.665000e+002  1.741786e-007 -8.479089e-009
 1.670000e+002 -7.523963e-008  3.133663e-007
 1.675000e+002 -7.545561e-008  1.065981e-007
 1.680000e+002 -5.225479e-007  4.504303e-007
 1.685000e+002 -9.712797e-010  3.179934e-008
 1.690000e+002  3.002701e-008  3.454919e-007
 1.695000e+002 -1.420082e-007  2.669349e-007
 1.700000e+002  3.781719e-007  5.237297e-007
 1.705000e+002  7.250076e-008  1.410735e-007
 1.710000e+002  2.420179e-007 -2.732257e-007
 1.715000e+002 -3.900405e-007 -2.449135e-007
 1.720000e+002 -3.723423e-007 -6.972286e-008
 1.725000e+002 -1.207777e-007 -2.088550e-007
 1.730000e+002  1.361345e-007  8.917610e-008
 1.735000e+002 -1.257085e-007 -5.527398e-008
 1.740000e+002 -1.260326e-007 -3.754537e-007
 1.745000e+002  2.909715e-007 -5.034991e-007
 1.750000e+002  6.499112e-008  2.447580e-008
 1.755000e+002  6.869601e-008  3.886441e-007
 1.760000e+002 -7.218071e-008  1.779213e-007
 1.765000e+002 -1.958697e-007  6.748485e-008
 1.770000e+002  3.261304e-007  1.294212e-007
 1.775000e+002 -3.003987e-008  2.459063e-007
 1.780000e+002 -4.818205e-008 -5.420786e-008
 1.785000e+002 -4.822595e-007 -1.531053e-007
 1.790000e+002 -3.245073e-007 -7.770294e-008
 1.795000e+002 -2.723611e-007 -3.425956e-008
 1.800000e+002 -4.322850e-007 -3.569401e-007
 1.805000e+002 -5.766615e-007  1.067170e-007
 1.810000e+002 -2.165924e-007 -1.880990e-007
 1.815000e+002 -7.696209e-008  1.835900e-007
 1.820000e+002 -1.434598e-007  3.328194e-007
 1.825000e+002 -4.539453e-007 -1.212897e-007
 1.830000e+002 -2.676031e-007  3.070838e-008
 1.835000e+002 -9.250856e-008 -3.536025e-007
 1.840000e+002  1.668354e-007  1.048880e-007
 1.845000e+002 -6.040029e-007  7.566141e-009
 1.850000e+002 -2.025912e-007 -4.580086e-007
 1.855000e+002 -7.735553e-008 -1.242993e-007
 1.860000e+002  8.942431e-008 -3.131456e-008
 1.865000e+002  5.529662e-007 -2.977822e-007
 1.870000e+002 -2.756153e-007 -5.873743e-007
 1.875000e+002  2.597094e-007  8.107006e-008
 1.880000e+002 -8.078280e-007  7.812426e-007
 1.885000e+002  1.269571e-007  7.210976e-008
 1.890000e+002 -3.832385e-007  6.537229e-007
 1.895000e+002  3.895710e-007 -2.617413e-008
 1.900000e+002 -7.140234e-008 -7.926407e-007
 1.905000e+002  1.973022e-007 -1.985147e-007
 1.910000e+002 -4.871847e-007 -3.200234e-008
 1.915000e+002  5.398943e-008 -4.476448e-007
 1.920000e+002  3.813655e-007  2.543731e-007
 1.925000e+002  4.952908e-007 -2.803905e-007
 1.930000e+002  1.776845e-007 -1.615551e-007
 1.935000e+002  1.562801e-007  4.544462e-007
 1.940000e+002 -2.316359e-007 -1.642112e-007
 1.945000e+002  4.250259e-009  3.456493e-007
 1.950000e+002 -8.009296e-009  7.590775e-008
 1.955000e+002 -4.333015e-007  3.253161e-007
 1.960000e+002  3.979742e-007  8.152443e-007
 1.965000e+002  1.986764e-007 -6.891656e-007
 1.970000e+002 -2.801706e-007 -6.544890e-007
 1.975000e+002  4.473522e-007 -8.258877e-007
 1.980000e+002  9.194510e-007  2.451662e-007
 1.985000e+002  2.962251e-007 -2.843203e-007
 1.990000e+002  3.418698e-008  9.706851e-008
 1.995000e+002 -1.483265e-007  2.796618e-007
 2.000000e+002  5.882886e-007 -6.894232e-008
 2.005000e+002 -4.745783e-007  3.568041e-007
 2.010000e+002  6.624225e-008 -5.810681e-007
 2.015000e+002 -2.455191e-007 -2.819152e-007
 2.020000e+002 -6.095126e-007 -4.891567e-007
 2.025000e+002 -7.869156e-007  9.809739e-008
 2.030000e+002 -2.031236e-007  2.430028e-007
 2.035000e+002 -7.306176e-007  7.694001e-008
 2.040000e+002 -2.314463e-007  3.814322e-007
 2.045000e+002  4.818967e-007 -6.544575e-007
 2.050000e+002  2.593897e-007 -5.454188e-008
 2.055000e+002  9.159461e-008  1.692556e-007
 2.060000e+002  4.388140e-007 -1.722166e-007
 2.065000e+002  1.636787e-007  4.881588e-008
 2.070000e+002 -6.502217e-007 -6.281698e-009
 2.075000e+002  1.050219e-008  1.839105e-007
 2.080000e+002 -3.587805e-007  4.367777e-008
 2.085000e+002 -1.034188e-006  4.392882e-007
 2.090000e+002  9.902904e-008 -2.103678e-007
 2.095000e+002  3.038640e-007 -2.193525e-007
 2.100000e+002 -5.077086e-007  3.473481e-007
 2.105000e+002  1.806807e-007  5.414095e-007
 2.110000e+002  2.201952e-007 -5.557213e-007
 2.115000e+002 -6.488993e-007  3.951918e-007
 2.120000e+002 -1.551742e-007 -7.155417e-007
 2.125000e+002 -6.414590e-007 -1.948857e-007
 2.130000e+002 -6.171314e-007 -2.774291e-007
 2.135000e+002 -3.736883e-007  2.457418e-007
 2.140000e+002 -2.616894e-007  7.911966e-008
 2.145000e+002 -2.084304e-007  4.707768e-008
 2.150000e+002  1.292213e-007  1.161173e-006
 2.155000e+002  9.575032e-008 -2.912947e-007
 2.160000e+002 -2.878710e-007  2.292974e-007
 2.165000e+002  1.798897e-008  4.503220e-007
 2.170000e+002 -9.095616e-008 -8.001085e-009
 2.175000e+002 -5.197771e-007 -9.013748e-008
 2.180000e+002 -4.477431e-007  1.882682e-007
 2.185000e+002  1.718715e-007  3.996247e-007
 2.190000e+002 -1.889609e-007 -2.925243e-007
 2.195000e+002 -1.057489e-007 -8.699418e-008
 2.200000e+002 -1.469618e-007 -2.149541e-008
 2.205000e+002 -4.047959e-007 -1.266042e-007
 2.210000e+002 -3.214143e-007  8.025185e-007
 2.215000e+002  3.460453e-007  1.911379e-007
 2.220000e+002  3.443026e-007 -4.350491e-007
 2.225000e+002 -6.211518e-007  9.477545e-007
 2.230000e+002 -2.235441e-007  4.860161e-007
 2.235000e+002 -5.890475e-007  2.528625e-007
 2.240000e+002 -4.867060e-007  1.679400e-007
 2.245000e+002  4.354876e-007 -1.054333e-006
 2.250000e+002 -5.682643e-007 -4.631883e-007
 2.255000e+002  5.390743e-007 -6.165682e-007
 2.260000e+002 -1.126162e-007  5.334074e-007
 2.265000e+002 -4.603286e-007 -2.147272e-007
 2.270000e+002  5.475052e-007  3.228541e-007
 2.275000e+002 -6.559727e-007  9.702544e-007
 2.280000e+002 -9.987304e-008 -1.285916e-006
 2.285000e+002 -5.904730e-008  3.308281e-007
 2.290000e+002 -4.254579e-007  4.306145e-007
 2.295000e+002  1.717496e-007 -4.246683e-007
 2.300000e+002 -6.142443e-007 -6.953966e-007
 2.305000e+002 -5.668312e-007 -8.297715e-007
 2.310000e+002 -6.191040e-007 -1.847219e-007
 2.315000e+002 -1.857364e-007 -7.207753e-007
 2.320000e+002 -1.146915e-006 -1.537182e-007
 2.325000e+002  1.961294e-007 -6.856377e-007
 2.330000e+002 -1.211523e-006 -3.073519e-007
 2.335000e+002  2.420158e-007  3.070187e-007
 2.340000e+002  2.214475e-007  3.630789e-007
 2.345000e+002 -2.076368e-007 -4.411682e-007
 2.350000e+002  4.352566e-007 -7.394233e-007
 2.355000e+002  1.407095e-007 -1.455132e-006
 2.360000e+002 -2.507745e-007 -5.906468e-008
 2.365000e+002 -8.908653e-007  1.240928e-006
 2.370000e+002  2.551071e-007  2.802988e-007
 2.375000e+002 -4.860147e-007  4.050252e-007
 2.380000e+002  7.801617e-007 -4.748591e-007
 2.385000e+002 -8.436575e-007  3.953434e-007
 2.390000e+002 -5.558580e-008  2.896622e-007
 2.395000e+002  3.024205e-007 -1.266153e-007
 2.400000e+002  4.730010e-007  4.066201e-007
 2.405000e+002  3.848169e-007  1.143729e-006
 2.410000e+002 -3.488451e-007  3.239618e-007
 2.415000e+002  3.504879e-007 -4.167881e-007
 2.420000e+002  4.962664e-007  1.640428e-007
 2.425000e+002  3.558596e-007 -5.919447e-007
 2.430000e+002  2.682646e-007 -7.077893e-007
 2.435000e+002  1.047911e-006  1.135976e-007
 2.440000e+002 -9.359097e-007  8.918694e-007
 2.445000e+002  1.394680e-007 -6.443225e-007
 2.450000e+002  5.192116e-007  6.886095e-007
 2.455000e+002 -3.333997e-007  3.943924e-008
 2.460000e+002  5.044303e-007 -4.873431e-007
 2.465000e+002 -8.528702e-008 -4.443375e-007
 2.470000e+002 -6.064176e-008 -5.123511e-007
 2.475000e+002 -1.194194e-007 -8.900738e-007
 2.480000e+002 -3.395809e-007  9.929593e-007
 2.485000e+002  6.135042e-007  9.062966e-007
 2.490000e+002  8.832319e-007 -3.211159e-007
 2.495000e+002 -7.357957e-007  7.931177e-008
 2.500000e+002  6.313262e-008  2.083390e-007
 2.505000e+002  9.868526e-007 -2.497374e-007
 2.510000e+002  1.807059e-008 -7.253706e-007
 2.515000e+002  1.423119e-007 -8.137879e-007
 2.520000e+002  7.714530e-007 -8.379662e-007
 2.525000e+002 -3.206999e-007  7.769342e-007
 2.530000e+002  2.554062e-006  2.157651e-006
 2.535000e+002  1.312428e-007  1.282925e-006
 2.540000e+002  5.904841e-007  9.928163e-008
 2.545000e+002  3.953749e-007 -2.363998e-007
 2.550000e+002 -3.251226e-007  2.611535e-007
 2.555000e+002 -2.677372e-007 -5.592530e-007
 2.560000e+002  4.096836e-007 -1.948118e-007
 2.565000e+002  4.642225e-007 -4.153716e-007
 2.570000e+002 -3.680240e-008 -1.374951e-006
 2.575000e+002  3.350661e-007 -6.007323e-007
 2.580000e+002  3.241228e-007  4.974941e-007
 2.585000e+002  2.237607e-007 -3.030200e-007
 2.590000e+002 -2.896486e-007  4.955995e-007
 2.595000e+002 -3.532763e-007 -7.926145e-007
 2.600000e+002 -5.909297e-007 -7.517784e-007
 2.605000e+002 -2.490375e-007  1.758316e-006
 2.610000e+002  2.381688e-007 -5.189055e-007
 2.615000e+002  6.468853e-008  2.478772e-007
 2.620000e+002 -1.400178e-006 -8.326154e-007
 2.625000e+002  5.261535e-007 -1.162712e-006
 2.630000e+002  3.882664e-007  1.311026e-007
 2.635000e+002  3.383220e-007  8.961387e-007
 2.640000e+002 -2.860336e-007  6.494827e-007
 2.645000e+002 -4.656493e-007  5.992979e-007
 2.650000e+002 -8.863005e-008 -7.573736e-008
 2.655000e+002 -4.268930e-007 -2.068995e-008
 2.660000e+002 -2.137436e-007  5.542036e-007
 2.665000e+002 -2.683773e-007  2.954733e-007
 2.670000e+002  3.961199e-007 -1.101545e-007
 2.675000e+002  3.232685e-007  1.524770e-008
 2.680000e+002  2.835024e-008  1.467067e-007
 2.685000e+002  6.223035e-007 -2.115487e-007
 2.690000e+002  5.686831e-007  1.803615e-007
 2.695000e+002 -2.519945e-007  3.187000e-007
 2.700000e+002 -2.264269e-007 -3.110579e-007
 2.705000e+002  9.886570e-007  2.737734e-007
 2.710000e+002  6.178977e-007  6.299536e-007
 2.715000e+002 -1.807598e-007  1.249750e-007
 2.720000e+002  1.145509e-007 -4.896235e-007
 2.725000e+002 -5.959630e-007  3.676547e-007
 2.730000e+002 -1.031042e-007  3.737131e-007
 2.735000e+002  5.654017e-007  2.494629e-007
 2.740000e+002 -7.944993e-007  1.165671e-008
 2.745000e+002 -3.253343e-007 -6.697382e-007
 2.750000e+002 -3.465544e-007 -5.733100e-007
 2.755000e+002  3.798859e-007  1.441649e-007
 2.760000e+002  5.285145e-007 -7.356121e-007
 2.765000e+002  9.623170e-008  1.944148e-007
 2.770000e+002 -6.364274e-007  1.006187e-007
 2.775000e+002 -8.843135e-008  3.279378e-007
 2.780000e+002 -2.333943e-007  2.238726e-007
 2.785000e+002  2.676612e-007  2.197616e-007
 2.790000e+002  2.639737e-007  9.060457e-007
 2.795000e+002  1.128770e-006  6.189192e-007
 2.800000e+002  3.017985e-006  9.368017e-007
 2.805000e+002  2.114123e-007  1.330027e-007
 2.810000e+002 -2.345087e-007  4.362138e-007
 2.815000e+002 -9.414136e-007 -3.521551e-007
 2.820000e+002 -5.191222e-007  4.742455e-007
 2.825000e+002  1.435717e-007  5.767736e-007
 2.830000e+002 -1.229041e-006  3.459148e-008
 2.835000e+002 -5.342164e-007  5.989667e-007
 2.840000e+002  8.980772e-007 -5.491782e-007
 2.845000e+002 -7.861360e-007 -2.973025e-007
 2.850000e+002 -2.432766e-007  3.191002e-007
 2.855000e+002  2.232071e-007  1.966513e-007
 2.860000e+002 -1.945144e-007 -1.664539e-007
 2.865000e+002 -4.695948e-007  1.492977e-007
 2.870000e+002 -3.953721e-007  2.483164e-007
 2.875000e+002  7.473660e-007 -2.144627e-008
 2.880000e+002  6.317645e-007 -5.042360e-007
 2.885000e+002 -3.448873e-007  2.554281e-007
 2.890000e+002 -2.924532e-007 -4.571803e-007
 2.895000e+002 -3.840807e-007  4.027937e-007
 2.900000e+002 -4.912913e-007 -2.469908e-007
 2.905000e+002 -5.082338e-007  7.176849e-007
 2.910000e+002 -4.273981e-007 -3.513217e-008
 2.915000e+002 -5.019391e-007  1.269487e-007
 2.920000e+002 -4.822234e-007 -4.452724e-007
 2.925000e+002 -5.503352e-007  5.332252e-007
 2.930000e+002  6.366360e-007  7.098298e-007
 2.935000e+002  1.187430e-006 -4.301456e-007
 2.940000e+002  3.632235e-007  6.289757e-007
 2.945000e+002 -8.268903e-007  3.682710e-007
 2.950000e+002 -8.417733e-007  5.959709e-007
 2.955000e+002 -1.810284e-007  3.567808e-007
 2.960000e+002  4.202612e-008  3.489920e-007
 2.965000e+002  6.392193e-007  6.527220e-007
 2.970000e+002 -2.392829e-007 -1.018278e-007
 2.975000e+002  8.365134e-007  9.463827e-007
 2.980000e+002  1.552750e-007  6.989818e-008
 2.985000e+002 -1.065805e-007 -4.587100e-007
 2.990000e+002 -1.718210e-008  3.296633e-007
 2.995000e+002  6.267918e-008 -1.176460e-006
 3.000000e+002 -1.190910e-008 -6.954507e-007
 3.005000e+002  2.410598e-007  4.341497e-007
 3.010000e+002 -2.250868e-007 -4.450850e-008
 3.015000e+002  2.107243e-007 -1.073860e-006
 3.020000e+002  1.074608e-007  7.904921e-007
 3.025000e+002  1.004989e-007  5.938232e-008
 3.030000e+002 -3.595571e-007 -2.086899e-007
 3.035000e+002  8.020388e-007  4.014036e-007
 3.040000e+002  1.059961e-006  5.044118e-007
 3.045000e+002  1.212490e-006  3.515192e-007
 3.050000e+002 -5.435990e-007  4.851803e-007
 3.055000e+002  2.177886e-007  3.515628e-007
 3.060000e+002 -6.747537e-008 -6.142392e-007
 3.065000e+002  4.791305e-007 -7.588886e-007
 3.070000e+002 -1.517617e-007  8.147585e-007
 3.075000e+002  5.331983e-007  4.114191e-007
 3.080000e+002  7.807247e-007  9.616183e-007
 3.085000e+002 -1.247171e-006  3.059383e-007
 3.090000e+002 -4.897020e-007  2.058410e-008
 3.095000e+002 -7.692940e-007 -6.840798e-007
 3.100000e+002 -1.165106e-006  5.870552e-008
 3.105000e+002  1.377883e-007  5.419916e-007
 3.110000e+002  3.390653e-007 -1.132793e-006
 3.115000e+002  2.510474e-007  4.234305e-007
 3.120000e+002 -2.589247e-007 -6.067830e-007
 3.125000e+002 -1.040754e-006 -1.306985e-007
 3.130000e+002  1.236114e-007 -1.836282e-007
 3.135000e+002 -3.294981e-007 -7.771781e-007
 3.140000e+002  4.268983e-008 -3.368092e-007
 3.145000e+002 -2.637995e-008 -4.388069e-007
 3.150000e+002 -1.204436e-006  1.913293e-007
 3.155000e+002 -6.779383e-007  5.153248e-007
 3.160000e+002  9.693748e-008 -5.783908e-007
 3.165000e+002  7.082383e-007 -6.619016e-007
 3.170000e+002  1.974697e-007 -6.357270e-007
 3.175000e+002 -3.188132e-007 -5.947508e-007
 3.180000e+002 -7.970752e-007 -6.229903e-007
 3.185000e+002 -4.257242e-007 -1.874271e-007
 3.190000e+002 -3.757362e-007 -1.829476e-007
 3.195000e+002  3.781290e-008 -3.130595e-007
 3.200000e+002 -6.585145e-007 -4.846619e-007
 3.205000e+002 -3.171694e-007 -7.814445e-007
 3.210000e+002 -5.241294e-007  2.687423e-007
 3.215000e+002 -7.753392e-007 -1.493023e-007
 3.220000e+002  2.055287e-007  1.772542e-007
 3.225000e+002 -2.790570e-007 -2.969508e-008
 3.230000e+002 -8.419798e-007 -1.002096e-007
 3.235000e+002  4.686634e-007  3.031176e-007
 3.240000e+002 -9.389822e-008  4.647966e-007
 3.245000e+002 -5.863563e-007 -8.084116e-007
 3.250000e+002  2.408669e-007  4.126083e-007
 3.255000e+002 -1.386917e-008 -3.043088e-007
 3.260000e+002 -2.840740e-007  2.496049e-007
 3.265000e+002 -1.510347e-007  6.067209e-008
 3.270000e+002  6.874968e-008  8.081432e-007
 3.275000e+002 -4.769314e-007  6.996242e-007
 3.280000e+002  9.902472e-008  1.772080e-007
 3.285000e+002  1.310252e-007 -1.552123e-007
 3.290000e+002 -2.048544e-007  3.726625e-008
 3.295000e+002 -2.257498e-007  3.500187e-007
 3.300000e+002  4.793138e-007  8.989740e-007
 3.305000e+002  4.820220e-007 -2.407711e-008
 3.310000e+002 -1.145772e-007  3.280433e-007
 3.315000e+002  3.985327e-007  5.553557e-007
 3.320000e+002  2.746701e-007 -1.011883e-007
 3.325000e+002  1.467734e-007  1.855649e-007
 3.330000e+002  2.754327e-007  1.999303e-007
 3.335000e+002 -4.650319e-008  1.112695e-006
 3.340000e+002 -5.311003e-007 -8.811662e-008
 3.345000e+002 -2.503523e-007  4.286634e-007
 3.350000e+002  5.435083e-008  5.874288e-007
 3.355000e+002  2.807911e-007 -1.456690e-007
 3.360000e+002  3.953240e-007 -3.133560e-008
 3.365000e+002 -3.357924e-007  3.763972e-007
 3.370000e+002 -9.222023e-007  4.041999e-007
 3.375000e+002  1.093991e-007  2.116530e-007
 3.380000e+002 -2.292995e-007  7.522582e-007
 3.385000e+002  4.745746e-007  1.873193e-007
 3.390000e+002 -2.251051e-007 -3.570022e-007
 3.395000e+002  3.089078e-007  6.778113e-007
 3.400000e+002 -6.962313e-007  2.067056e-006
 3.405000e+002 -4.396657e-008  7.600160e-007
 3.410000e+002  4.141856e-008 -2.593596e-008
 3.415000e+002  3.782381e-007 -4.823618e-007
 3.420000e+002 -2.444913e-007  1.325340e-007
 3.425000e+002  9.018994e-008  3.155250e-007
 3.430000e+002  1.878874e-007 -9.143830e-009
 3.435000e+002  3.355641e-007 -1.650101e-007
 3.440000e+002  2.478193e-007  4.192086e-007
 3.445000e+002  2.513599e-007 -1.994358e-007
 3.450000e+002 -3.026337e-007 -3.209869e-007
 3.455000e+002  4.793057e-007  1.331507e-007
 3.460000e+002 -3.796925e-007 -1.251364e-007
 3.465000e+002  4.467749e-007 -3.375376e-007
 3.470000e+002 -4.178693e-007 -1.754909e-007
 3.475000e+002  3.099498e-008  7.931827e-009
 3.480000e+002  1.175243e-006  7.496759e-007
 3.485000e+002 -3.156976e-007  6.207132e-008
 3.490000e+002  2.078006e-007  7.306313e-007
 3.495000e+002  4.459858e-007  6.961299e-007
 3.500000e+002  3.498715e-007  6.199424e-007
 3.505000e+002  6.591976e-007  3.839340e-007
 3.510000e+002 -5.611039e-007 -1.244414e-008
 3.515000e+002 -3.015718e-007  1.579992e-007
 3.520000e+002  7.677996e-007 -1.798211e-007
 3.525000e+002 -3.823852e-008  6.761003e-007
 3.530000e+002  9.767881e-007  2.677836e-007
 3.535000e+002 -2.964970e-007  4.406184e-007
 3.540000e+002  2.044204e-007  5.603994e-007
 3.545000e+002  1.242352e-006  3.978311e-007
 3.550000e+002  6.465226e-007  3.537035e-007
 3.555000e+002 -1.705852e-007  4.253959e-007
 3.560000e+002  3.508947e-008 -3.139745e-008
 3.565000e+002 -3.456719e-007  2.615280e-007
 3.570000e+002 -4.401734e-007 -5.537986e-007
 3.575000e+002 -1.157230e-006  9.305572e-007
 3.580000e+002  3.328443e-007  4.254378e-007
 3.585000e+002  8.075082e-008 -1.357166e-006
 3.590000e+002 -7.085801e-007  5.370946e-007
 3.595000e+002 -3.726633e-007  4.085102e-007
 3.600000e+002  2.400586e-007 -5.080145e-007
 3.605000e+002  1.294386e-006 -4.300841e-007
 3.610000e+002  3.941346e-007  1.018411e-007
 3.615000e+002  9.659144e-008 -6.402082e-007
 3.620000e+002  2.165967e-007 -1.128948e-007
 3.625000e+002  5.047610e-007 -1.534487e-006
 3.630000e+002  3.596350e-007 -1.797946e-010
 3.635000e+002 -1.384684e-007  2.619789e-007
 3.640000e+002  1.026424e-006 -9.599585e-008
 3.645000e+002 -5.949682e-007 -5.871858e-008
 3.650000e+002 -1.605877e-007 -2.050452e-007
 3.655000e+002  7.658768e-007 -6.337667e-007
 3.660000e+002 -2.759319e-007  2.000578e-007
 3.665000e+002  7.980157e-007 -1.669339e-007
 3.670000e+002 -1.795931e-007  3.012127e-007
 3.675000e+002 -4.560275e-007  6.116360e-007
 3.680000e+002  3.462356e-007  4.344244e-007
 3.685000e+002  6.859115e-007  1.549765e-007
 3.690000e+002 -9.992367e-007  4.839738e-007
 3.695000e+002 -2.133453e-007 -5.424310e-007
 3.700000e+002 -2.194863e-007 -1.709610e-006
 3.705000e+002 -4.102954e-007  3.622901e-007
 3.710000e+002 -4.336079e-007  4.385216e-007
 3.715000e+002 -6.035228e-007  9.781543e-008
 3.720000e+002  1.788053e-007 -2.400434e-007
 3.725000e+002 -2.478423e-007  5.576516e-008
 3.730000e+002  8.827441e-007  1.656116e-007
 3.735000e+002 -3.359866e-008 -3.404101e-007
 3.740000e+002  7.850264e-007  9.421666e-007
 3.745000e+002  3.679666e-007  1.317064e-006
 3.750000e+002 -5.574751e-007  9.966528e-008
 3.755000e+002  6.322850e-007 -3.372543e-007
 3.760000e+002  1.733854e-006  1.837629e-008
 3.765000e+002 -9.061594e-007  1.052660e-006
 3.770000e+002  5.386159e-007  2.516440e-007
 3.775000e+002  4.675877e-007 -5.010306e-007
 3.780000e+002 -5.725243e-007 -1.433471e-006
 3.785000e+002 -7.888156e-008 -3.380616e-007
 3.790000e+002 -3.712759e-008 -4.124375e-007
 3.795000e+002  1.263104e-007 -2.175164e-007
 3.800000e+002 -1.517641e-007 -7.487307e-007
 3.805000e+002 -4.371721e-007 -1.273281e-006
 3.810000e+002 -4.216944e-007 -2.566091e-007
 3.815000e+002  4.231444e-007 -6.375518e-008
 3.820000e+002  1.666042e-006  4.102560e-007
 3.825000e+002  1.054635e-006  3.316883e-007
 3.830000e+002 -1.399609e-007  7.514662e-007
 3.835000e+002  6.937352e-007  4.139952e-008
 3.840000e+002 -1.382673e-007  3.784457e-007
 3.845000e+002 -1.103412e-006 -7.948427e-007
 3.850000e+002  1.703785e-007  2.925642e-007
 3.855000e+002 -1.823489e-007  6.991464e-007
 3.860000e+002  3.963799e-007  6.585223e-007
 3.865000e+002  2.530054e-007  2.910715e-007
 3.870000e+002  1.966955e-007  4.489742e-007
 3.875000e+002  8.899058e-007 -1.334920e-006
 3.880000e+002  6.398948e-008  7.718579e-007
 3.885000e+002 -4.778468e-007  3.535852e-007
 3.890000e+002  3.505513e-007 -1.091642e-007
 3.895000e+002  9.741807e-009  1.781412e-006
 3.900000e+002 -1.304714e-007 -5.816007e-007
 3.905000e+002  1.097963e-006 -1.436318e-007
 3.910000e+002 -4.286196e-007 -1.328226e-006
 3.915000e+002 -2.637188e-007  8.935093e-008
 3.920000e+002 -9.165937e-007  5.501353e-007
 3.925000e+002  2.895493e-008 -5.035670e-007
 3.930000e+002 -4.156975e-007 -7.940386e-007
 3.935000e+002 -7.017562e-007 -1.738266e-006
 3.940000e+002 -3.617166e-007 -7.907512e-007
 3.945000e+002  1.288951e-006  6.085640e-007
 3.950000e+002 -8.998691e-007 -1.971822e-008
 3.955000e+002  1.090608e-006  4.483290e-008
 3.960000e+002  1.238538e-007  1.649220e-007
 3.965000e+002 -6.297593e-007 -2.628483e-006
 3.970000e+002 -1.121238e-006 -1.505827e-006
 3.975000e+002  5.056520e-007 -3.493669e-007
 3.980000e+002 -1.283243e-006 -8.769920e-007
 3.985000e+002 -1.363327e-007  5.224476e-009
 3.990000e+002  5.498162e-008  7.590565e-007
 3.995000e+002 -9.305042e-007  1.425921e-007
 4.000000e+002 -1.258275e-006  1.904950e-007
 4.005000e+002  7.923718e-007 -6.250817e-008
 4.010000e+002 -4.990923e-007 -1.203322e-006
 4.015000e+002 -4.306924e-008  4.505320e-007
 4.020000e+002  9.683033e-008  9.347927e-007
 4.025000e+002  4.332420e-007 -2.207609e-007
 4.030000e+002  8.633315e-007  1.201848e-006
 4.035000e+002  7.373005e-007  1.514706e-006
 4.040000e+002  4.048630e-007 -6.809244e-007
 4.045000e+002 -1.619783e-006 -4.762011e-008
 4.050000e+002 -1.131764e-006  1.642771e-007
 4.055000e+002  1.260310e-006 -4.393596e-007
 4.060000e+002  2.278747e-007  1.058291e-006
 4.065000e+002 -6.238681e-007  2.547405e-007
 4.070000e+002 -9.550505e-007  7.235694e-007
 4.075000e+002  1.003383e-006  3.475288e-007
 4.080000e+002 -1.202376e-006 -7.111286e-008
 4.085000e+002 -8.302915e-007  7.116558e-007
 4.090000e+002 -4.865679e-007 -4.168964e-008
 4.095000e+002 -1.430218e-006 -7.806907e-007
 4.100000e+002 -8.884820e-007 -5.589805e-007
 4.105000e+002  8.466593e-007  1.055136e-007
 4.110000e+002 -9.975395e-007 -3.251223e-007
 4.115000e+002 -1.753403e-006 -6.161425e-007
 4.120000e+002  8.033620e-007 -6.737930e-008
 4.125000e+002  9.973580e-007  3.315612e-007
 4.130000e+002 -1.403274e-006 -5.368185e-007
 4.135000e+002  7.052438e-008 -3.701284e-007
 4.140000e+002 -6.645077e-007 -1.694306e-006
 4.145000e+002  6.977768e-007  9.130177e-007
 4.150000e+002 -5.874803e-007  7.439802e-008
 4.155000e+002  7.733857e-007 -1.879769e-007
 4.160000e+002  2.695488e-008 -5.616124e-007
 4.165000e+002 -9.251853e-007  2.380898e-007
 4.170000e+002 -2.020036e-006 -2.393522e-007
 4.175000e+002 -8.188507e-007 -7.091304e-007
 4.180000e+002 -4.298518e-007 -1.214535e-007
 4.185000e+002  1.194381e-006  6.126411e-007
 4.190000e+002 -6.127926e-007  3.915028e-007
 4.195000e+002 -9.542827e-007 -1.436782e-007
 4.200000e+002  1.841870e-006  8.645516e-008
 4.205000e+002 -1.088842e-006 -4.023873e-008
 4.210000e+002 -1.173651e-006 -3.124156e-007
 4.215000e+002 -1.287515e-006 -1.499479e-007
 4.220000e+002  2.865764e-006  5.860907e-008
 4.225000e+002 -1.819035e-006 -7.617997e-009
 4.230000e+002  1.204309e-006  3.994462e-008
 4.235000e+002 -6.896556e-007  8.387131e-007
 4.240000e+002 -4.166888e-007 -1.368602e-006
 4.245000e+002  1.329262e-007  1.800625e-006
 4.250000e+002  1.127932e-006 -2.349474e-007
 4.255000e+002 -6.715389e-008 -2.858008e-007
 4.260000e+002  1.447925e-006  1.847470e-007
 4.265000e+002  2.289006e-007 -7.623581e-007
 4.270000e+002  4.639336e-008 -1.003976e-007
 4.275000e+002 -8.306449e-007  5.663407e-007
 4.280000e+002  3.247295e-007  2.738923e-008
 4.285000e+002  2.725616e-007 -1.027381e-006
 4.290000e+002  6.266686e-007  5.832573e-007
 4.295000e+002 -3.260011e-007  3.611568e-008
 4.300000e+002  4.460976e-007  1.315926e-007
 4.305000e+002 -1.399742e-006 -3.425271e-007
 4.310000e+002  1.459154e-006 -1.730260e-006
 4.315000e+002  4.458001e-007  2.696811e-007
 4.320000e+002 -3.452261e-008  7.986905e-007
 4.325000e+002 -4.758266e-007 -5.642867e-007
 4.330000e+002  2.723386e-007  1.519574e-006
 4.335000e+002 -1.029404e-006  2.404172e-007
 4.340000e+002 -5.380096e-008 -1.289555e-006
 4.345000e+002 -5.363863e-007  2.823865e-007
 4.350000e+002 -2.881599e-007  5.917605e-009
 4.355000e+002  9.241024e-007  4.459986e-007
 4.360000e+002  2.513052e-007  1.039408e-006
 4.365000e+002 -1.183431e-006  1.770092e-006
 4.370000e+002  5.607846e-007 -6.120908e-008
 4.375000e+002 -1.130027e-006 -1.194283e-006
 4.380000e+002  7.566047e-007 -9.751115e-007
 4.385000e+002 -3.848857e-007 -3.672303e-007
 4.390000e+002 -4.009707e-007 -9.020453e-008
 4.395000e+002  4.083761e-007 -3.184362e-007
 4.400000e+002  8.192148e-007 -3.301607e-007
 4.405000e+002  1.120391e-006 -1.458452e-008
 4.410000e+002  3.633415e-007  4.137560e-007
 4.415000e+002  1.188523e-006 -1.249994e-007
 4.420000e+002  3.009485e-007  1.427455e-006
 4.425000e+002  5.316993e-008 -1.658764e-006
 4.430000e+002  1.589791e-007 -3.955533e-007
 4.435000e+002 -2.764966e-007 -7.574349e-007
 4.440000e+002 -4.390574e-007  1.079019e-007
 4.445000e+002  1.189852e-006  8.673563e-007
 4.450000e+002  2.674025e-007  7.580076e-007
 4.455000e+002 -2.744610e-007  1.835415e-006
 4.460000e+002 -7.952413e-007 -1.968814e-007
 4.465000e+002 -3.647234e-007  8.865555e-007
 4.470000e+002 -4.588220e-007 -1.262139e-007
 4.475000e+002  4.901562e-007 -1.951895e-007
 4.480000e+002  2.416005e-007  9.135572e-008
 4.485000e+002 -3.982948e-007  1.868950e-007
 4.490000e+002  7.649700e-007 -3.034723e-007
 4.495000e+002  7.096007e-007  3.956230e-007
 4.500000e+002 -1.028614e-006  4.557578e-007
 4.505000e+002  9.309159e-008 -6.376266e-007
 4.510000e+002  2.169672e-007  6.843726e-008
 4.515000e+002 -1.106979e-006 -1.048058e-006
 4.520000e+002  1.114355e-006 -2.581742e-007
 4.525000e+002 -2.684317e-007  6.312367e-007
 4.530000e+002  2.077020e-007 -3.300370e-008
 4.535000e+002  4.057863e-008 -5.872894e-007
 4.540000e+002 -1.423291e-007  2.667785e-007
 4.545000e+002 -9.287099e-007 -8.675998e-007
 4.550000e+002 -1.965408e-007  7.283056e-007
 4.555000e+002  6.499551e-007 -2.374347e-007
 4.560000e+002  2.654080e-007  2.821316e-007
 4.565000e+002  3.851446e-007 -4.620425e-007
 4.570000e+002 -4.990484e-007 -2.587599e-007
 4.575000e+002 -2.919033e-007  1.742026e-007
 4.580000e+002 -9.852473e-007 -3.682783e-007
 4.585000e+002  1.364068e-007  3.353435e-007
 4.590000e+002  4.902382e-007 -8.928334e-007
 4.595000e+002  4.861916e-007  3.800255e-007
 4.600000e+002  3.407762e-007  7.374498e-007
 4.605000e+002  1.704555e-007 -2.864710e-007
 4.610000e+002  4.655352e-007  9.553906e-008
 4.615000e+002 -5.769629e-007 -1.165301e-006
 4.620000e+002 -1.321569e-007  2.293039e-007
 4.625000e+002  3.915241e-008  5.639537e-007
 4.630000e+002 -7.829684e-008 -1.517948e-007
 4.635000e+002  4.672125e-007 -5.119609e-008
 4.640000e+002 -2.963493e-007 -6.066981e-007
 4.645000e+002  6.241495e-007  7.218270e-008
 4.650000e+002  4.303406e-008  1.839699e-007
 4.655000e+002 -1.880335e-007  6.939722e-008
 4.660000e+002 -3.324764e-007 -6.219997e-007
 4.665000e+002 -2.193872e-007 -1.212897e-007
 4.670000e+002 -2.808357e-007 -8.399981e-008
 4.675000e+002  3.911169e-007 -1.861267e-007
 4.680000e+002 -2.448397e-007 -8.555823e-008
 4.685000e+002  3.384259e-007 -7.091760e-007
 4.690000e+002 -6.310230e-009 -5.337688e-007
 4.695000e+002  3.922012e-007 -2.642641e-007
 4.700000e+002 -3.925427e-007  7.689880e-008
 4.705000e+002  5.704153e-008 -5.606232e-007
 4.710000e+002  5.991262e-007  4.856134e-007
 4.715000e+002  5.684400e-008  3.708039e-007
 4.720000e+002 -3.826428e-007  1.066439e-008
 4.725000e+002 -4.824386e-008  1.480483e-007
 4.730000e+002 -5.157920e-007  2.711926e-007
 4.735000e+002 -1.645437e-007  2.959296e-007
 4.740000e+002 -5.763314e-008  1.308651e-007
 4.745000e+002 -2.199418e-007  2.159054e-007
 4.750000e+002  4.422273e-007 -1.497055e-007
 4.755000e+002 -1.536471e-007  1.713591e-007
 4.760000e+002 -2.239157e-007  2.809629e-007
 4.765000e+002 -3.266217e-007  4.606646e-008
 4.770000e+002 -4.685474e-008 -2.825971e-007
 4.775000e+002  9.158373e-008 -4.593827e-008
 4.780000e+002 -1.510162e-007  6.757514e-008
 4.785000e+002  3.874398e-008  6.946502e-007
 4.790000e+002 -1.692463e-008  2.404252e-008
 4.795000e+002  4.496823e-008  3.515328e-007
 4.800000e+002 -4.541376e-007  8.798429e-008
 4.805000e+002 -1.005277e-007  3.274214e-008
 4.810000e+002 -3.518270e-007  4.796928e-007
 4.815000e+002 -1.829396e-007  5.215609e-007
 4.820000e+002 -2.318029e-007  7.461569e-007
 4.825000e+002  4.569820e-008  4.972442e-007
 4.830000e+002 -2.169806e-007  4.365109e-008
 4.835000e+002 -8.292558e-008  6.251915e-008
 4.840000e+002  3.371142e-007  1.072395e-007
 4.845000e+002 -5.211533e-007  1.624510e-009
 4.850000e+002  5.529125e-008 -7.958207e-008
 4.855000e+002 -5.915576e-007 -5.544453e-008
 4.860000e+002 -1.860287e-007 -1.971031e-007
 4.865000e+002 -3.206619e-008  1.374245e-007
 4.870000e+002 -1.925444e-008 -9.746464e-008
 4.875000e+002  3.267926e-007 -2.511452e-007
 4.880000e+002 -2.708080e-008  3.784936e-008
 4.885000e+002 -1.175795e-007 -1.237824e-007
 4.890000e+002  3.307711e-007  5.725660e-007
 4.895000e+002  2.096275e-007 -2.106387e-008
 4.900000e+002  2.660040e-007 -1.020740e-008
 4.905000e+002 -3.984448e-008 -1.852303e-007
 4.910000e+002 -1.240397e-007 -1.706510e-007
 4.915000e+002 -1.756927e-007  3.971152e-007
 4.920000e+002 -4.322941e-007 -2.323580e-007
 4.925000e+002  1.082731e-007  3.056713e-007
 4.930000e+002  8.237268e-008  4.639684e-007
 4.935000e+002  8.314173e-008  2.787245e-007
 4.940000e+002 -7.483279e-008  4.480112e-008
 4.945000e+002  8.561682e-008  1.944752e-007
 4.950000e+002 -2.284569e-007  3.212592e-007
 4.955000e+002  2.152001e-007  1.334231e-007
 4.960000e+002 -3.338102e-007  1.406778e-007
 4.965000e+002  7.078908e-008 -3.921178e-008
 4.970000e+002  3.326731e-008 -3.654892e-007
 4.975000e+002  1.123566e-007  2.046608e-007
 4.980000e+002  3.534274e-007 -1.100227e-007
 4.985000e+002 -3.456221e-007  7.059708e-008
 4.990000e+002  1.790539e-008  2.839874e-007
 4.995000e+002  2.690185e-007  4.518553e-008
 5.000000e+002  2.710074e-008  2.681608e-008
 5.005000e+002  1.842852e-008  3.008701e-007
 5.010000e+002  5.228477e-007 -1.477233e-007
 5.015000e+002  3.298098e-007  7.192355e-008
 5.020000e+002 -2.567775e-007  9.188318e-008
 5.025000e+002  9.961655e-008  5.377431e-007
 5.030000e+002  2.626844e-007  3.931147e-007
 5.035000e+002  6.156200e-008  4.890958e-008
 5.040000e+002  3.092781e-007  3.408550e-008
 5.045000e+002  2.619406e-008  8.535453e-009
 5.050000e+002 -1.817174e-007 -1.376325e-008
 5.055000e+002 -2.608655e-007  6.345888e-008
 5.060000e+002 -1.908909e-007  1.931625e-007
 5.065000e+002  2.479533e-008 -5.341793e-008
 5.070000e+002  3.969338e-007 -2.918233e-007
 5.075000e+002  4.536227e-007  2.219910e-007
 5.080000e+002 -5.987960e-008 -3.533488e-007
 5.085000e+002  3.572476e-007 -2.532592e-007
 5.090000e+002  3.264100e-007 -2.464515e-007
 5.095000e+002 -2.260393e-007 -8.171835e-008
 5.100000e+002  2.119395e-007  3.340752e-007
 5.105000e+002 -1.679444e-007 -2.859512e-008
 5.110000e+002 -1.359295e-007  8.845359e-008
 5.115000e+002  1.101016e-007 -3.458134e-007
 5.120000e+002 -5.117764e-007 -8.975271e-010
