 0.000000e+000  4.644805e-002  0.000000e+000
 1.000000e+000  9.267613e-001  0.000000e+000
 2.000000e+000  9.393644e-001  0.000000e+000
 3.000000e+000  9.471617e-001  0.000000e+000
 4.000000e+000  9.068384e-001  0.000000e+000
 5.000000e+000  9.305436e-001  0.000000e+000
 6.000000e+000  9.284144e-001  0.000000e+000
 7.000000e+000  8.293518e-001  0.000000e+000
 8.000000e+000  9.215722e-001  0.000000e+000
 9.000000e+000  9.392331e-001  0.000000e+000
 1.000000e+001  9.507566e-001  0.000000e+000
 1.100000e+001  9.472254e-001  0.000000e+000
 1.200000e+001  9.487802e-001  0.000000e+000
 1.300000e+001  9.378750e-001  0.000000e+000
 1.400000e+001  9.320079e-001  0.000000e+000
 1.500000e+001  8.985786e-001  0.000000e+000
 1.600000e+001  9.090049e-001  0.000000e+000
 1.700000e+001  8.555721e-001  0.000000e+000
 1.800000e+001  9.636109e-002  0.000000e+000
 1.900000e+001  9.064884e-001  0.000000e+000
 2.000000e+001  9.397041e-001  0.000000e+000
 2.100000e+001  9.518244e-001  0.000000e+000
 2.200000e+001  9.766223e-001  0.000000e+000
 2.300000e+001  9.634173e-001  0.000000e+000
 2.400000e+001  9.583382e-001  0.000000e+000
 2.500000e+001  9.416686e-001  0.000000e+000
 2.600000e+001  9.521344e-001  0.000000e+000
 2.700000e+001  9.519033e-001  0.000000e+000
 2.800000e+001  9.409987e-001  0.000000e+000
 2.900000e+001  9.337025e-001  0.000000e+000
 3.000000e+001  9.244601e-001  0.000000e+000
 3.100000e+001  9.260985e-001  0.000000e+000
 3.200000e+001  9.161716e-001  0.000000e+000
 3.300000e+001  9.339444e-001  0.000000e+000
 3.400000e+001  9.063379e-001  0.000000e+000
 3.500000e+001  9.111378e-001  0.000000e+000
 3.600000e+001  9.736197e-002  0.000000e+000
 3.700000e+001  8.796289e-001  0.000000e+000
 3.800000e+001  8.754959e-001  0.000000e+000
 3.900000e+001  8.564831e-001  0.000000e+000
 4.000000e+001  8.403862e-001  0.000000e+000
 4.100000e+001  5.984496e-001  0.000000e+000
 4.200000e+001  1.356636e-001  0.000000e+000
 4.300000e+001  2.345852e-001  0.000000e+000
 4.400000e+001  5.514408e-001  0.000000e+000
 4.500000e+001  5.642263e-001  0.000000e+000
 4.600000e+001  5.497642e-001  0.000000e+000
 4.700000e+001  4.667179e-001  0.000000e+000
 4.800000e+001  3.811181e-001  0.000000e+000
 4.900000e+001  3.340738e-001  0.000000e+000
 5.000000e+001  2.111168e-001  0.000000e+000
 5.100000e+001  1.280376e-001  0.000000e+000
 5.200000e+001  3.263578e-002  0.000000e+000
 5.300000e+001  7.628401e-003  0.000000e+000
 5.400000e+001  1.926882e-002  0.000000e+000
 5.500000e+001  1.630493e-002  0.000000e+000
 5.600000e+001  2.770315e-002  0.000000e+000
 5.700000e+001  6.391069e-002  0.000000e+000
 5.800000e+001  1.035290e-001  0.000000e+000
 5.900000e+001  1.469435e-001  0.000000e+000
 6.000000e+001  1.354180e-001  0.000000e+000
 6.100000e+001  3.213270e-001  0.000000e+000
 6.200000e+001  2.742070e-001  0.000000e+000
 6.300000e+001  3.195258e-001  0.000000e+000
 6.400000e+001  3.979374e-001  0.000000e+000
 6.500000e+001  4.222182e-001  0.000000e+000
 6.600000e+001  1.419954e-002  0.000000e+000
 6.700000e+001  2.961747e-001  0.000000e+000
 6.800000e+001  3.167177e-001  0.000000e+000
 6.900000e+001  5.338650e-001  0.000000e+000
 7.000000e+001  4.557405e-001  0.000000e+000
 7.100000e+001  5.482033e-001  0.000000e+000
 7.200000e+001  2.010637e-002  0.000000e+000
 7.300000e+001  6.800973e-001  0.000000e+000
 7.400000e+001  7.705224e-001  0.000000e+000
 7.500000e+001  8.055534e-001  0.000000e+000
 7.600000e+001  8.122569e-001  0.000000e+000
 7.700000e+001  8.370566e-001  0.000000e+000
 7.800000e+001  8.271015e-001  0.000000e+000
 7.900000e+001  8.652001e-001  0.000000e+000
 8.000000e+001  8.399665e-001  0.000000e+000
 8.100000e+001  8.782127e-001  0.000000e+000
 8.200000e+001  8.995989e-001  0.000000e+000
 8.300000e+001  8.833488e-001  0.000000e+000
 8.400000e+001  8.701784e-001  0.000000e+000
 8.500000e+001  8.975165e-001  0.000000e+000
 8.600000e+001  8.921227e-001  0.000000e+000
 8.700000e+001  8.727365e-001  0.000000e+000
 8.800000e+001  8.908265e-001  0.000000e+000
 8.900000e+001  8.379781e-001  0.000000e+000
 9.000000e+001  9.650335e-002  0.000000e+000
 9.100000e+001  8.956650e-001  0.000000e+000
 9.200000e+001  9.254175e-001  0.000000e+000
 9.300000e+001  9.325128e-001  0.000000e+000
 9.400000e+001  9.110385e-001  0.000000e+000
 9.500000e+001  8.811385e-001  0.000000e+000
 9.600000e+001  8.985976e-001  0.000000e+000
 9.700000e+001  8.934692e-001  0.000000e+000
 9.800000e+001  8.710972e-001  0.000000e+000
 9.900000e+001  8.715758e-001  0.000000e+000
 1.000000e+002  8.606661e-001  0.000000e+000
 1.010000e+002  6.507785e-001  0.000000e+000
 1.020000e+002  3.478086e-001  0.000000e+000
 1.030000e+002  6.741179e-001  0.000000e+000
 1.040000e+002  4.955868e-001  0.000000e+000
 1.050000e+002  5.821463e-001  0.000000e+000
 1.060000e+002  4.769987e-001  0.000000e+000
 1.070000e+002  1.973621e-001  0.000000e+000
 1.080000e+002  7.590394e-002  0.000000e+000
 1.090000e+002  4.139743e-001  0.000000e+000
 1.100000e+002  4.895483e-001  0.000000e+000
 1.110000e+002  4.554158e-001  0.000000e+000
 1.120000e+002  2.195251e-001  0.000000e+000
 1.130000e+002  2.362479e-001  0.000000e+000
 1.140000e+002  2.596067e-001  0.000000e+000
 1.150000e+002  2.932886e-002  0.000000e+000
 1.160000e+002  5.179430e-001  0.000000e+000
 1.170000e+002  6.202361e-001  0.000000e+000
 1.180000e+002  5.902688e-001  0.000000e+000
 1.190000e+002  2.951194e-001  0.000000e+000
 1.200000e+002  5.418934e-001  0.000000e+000
 1.210000e+002  6.806615e-001  0.000000e+000
 1.220000e+002  4.933163e-001  0.000000e+000
 1.230000e+002  6.744876e-001  0.000000e+000
 1.240000e+002  6.478198e-001  0.000000e+000
 1.250000e+002  4.605465e-001  0.000000e+000
 1.260000e+002  9.832097e-002  0.000000e+000
 1.270000e+002  3.317370e-001  0.000000e+000
 1.280000e+002  6.644104e-001  0.000000e+000
 1.290000e+002  6.004806e-001  0.000000e+000
 1.300000e+002  6.234128e-001  0.000000e+000
 1.310000e+002  6.507694e-001  0.000000e+000
 1.320000e+002  7.077734e-001  0.000000e+000
 1.330000e+002  7.094107e-001  0.000000e+000
 1.340000e+002  5.961436e-001  0.000000e+000
 1.350000e+002  5.883300e-001  0.000000e+000
 1.360000e+002  7.152830e-001  0.000000e+000
 1.370000e+002  6.812630e-001  0.000000e+000
 1.380000e+002  4.041907e-003  0.000000e+000
 1.390000e+002  5.761414e-001  0.000000e+000
 1.400000e+002  6.965347e-001  0.000000e+000
 1.410000e+002  6.830305e-001  0.000000e+000
 1.420000e+002  5.828072e-001  0.000000e+000
 1.430000e+002  5.120657e-001  0.000000e+000
 1.440000e+002  4.416040e-002  0.000000e+000
 1.450000e+002  4.013923e-001  0.000000e+000
 1.460000e+002  4.592462e-001  0.000000e+000
 1.470000e+002  3.865204e-001  0.000000e+000
 1.480000e+002  5.845973e-001  0.000000e+000
 1.490000e+002  5.007020e-001  0.000000e+000
 1.500000e+002  4.146936e-001  0.000000e+000
 1.510000e+002  3.809236e-002  0.000000e+000
 1.520000e+002  1.417984e-001  0.000000e+000
 1.530000e+002  1.889817e-001  0.000000e+000
 1.540000e+002  3.556750e-001  0.000000e+000
 1.550000e+002  1.971115e-001  0.000000e+000
 1.560000e+002  2.067867e-001  0.000000e+000
 1.570000e+002  1.963974e-001  0.000000e+000
 1.580000e+002  4.550098e-002  0.000000e+000
 1.590000e+002  6.492539e-002  0.000000e+000
 1.600000e+002  5.192170e-002  0.000000e+000
 1.610000e+002  6.225296e-003  0.000000e+000
 1.620000e+002  4.959475e-003  0.000000e+000
 1.630000e+002  4.031132e-002  0.000000e+000
 1.640000e+002  8.912726e-002  0.000000e+000
 1.650000e+002  1.092900e-001  0.000000e+000
 1.660000e+002  8.243377e-002  0.000000e+000
 1.670000e+002  1.017236e-001  0.000000e+000
 1.680000e+002  6.103978e-002  0.000000e+000
 1.690000e+002  6.089995e-002  0.000000e+000
 1.700000e+002  8.285604e-002  0.000000e+000
 1.710000e+002  8.208618e-002  0.000000e+000
 1.720000e+002  2.639899e-002  0.000000e+000
 1.730000e+002  6.430569e-002  0.000000e+000
 1.740000e+002  7.184717e-002  0.000000e+000
 1.750000e+002  1.668810e-001  0.000000e+000
 1.760000e+002  2.414479e-001  0.000000e+000
 1.770000e+002  2.120466e-001  0.000000e+000
 1.780000e+002  2.756679e-001  0.000000e+000
 1.790000e+002  1.897945e-001  0.000000e+000
 1.800000e+002  4.800150e-002  0.000000e+000
 1.810000e+002  7.767498e-002  0.000000e+000
 1.820000e+002  9.736171e-002  0.000000e+000
 1.830000e+002  7.319915e-002  0.000000e+000
 1.840000e+002  2.771634e-001  0.000000e+000
 1.850000e+002  1.063189e-001  0.000000e+000
 1.860000e+002  2.762080e-002  0.000000e+000
 1.870000e+002  3.747577e-002  0.000000e+000
 1.880000e+002  3.740288e-002  0.000000e+000
 1.890000e+002  2.187837e-002  0.000000e+000
 1.900000e+002  1.087370e-001  0.000000e+000
 1.910000e+002  5.012748e-002  0.000000e+000
 1.920000e+002  2.063543e-002  0.000000e+000
 1.930000e+002  9.176697e-002  0.000000e+000
 1.940000e+002  1.517975e-001  0.000000e+000
 1.950000e+002  1.309930e-002  0.000000e+000
 1.960000e+002  4.226806e-002  0.000000e+000
 1.970000e+002  2.338793e-002  0.000000e+000
 1.980000e+002  3.070736e-002  0.000000e+000
 1.990000e+002  1.056463e-002  0.000000e+000
 2.000000e+002  5.454122e-002  0.000000e+000
 2.010000e+002  1.903616e-002  0.000000e+000
 2.020000e+002  2.498064e-002  0.000000e+000
 2.030000e+002  1.581554e-002  0.000000e+000
 2.040000e+002  1.631843e-003  0.000000e+000
 2.050000e+002  3.432591e-003  0.000000e+000
 2.060000e+002  7.303166e-002  0.000000e+000
 2.070000e+002  1.608550e-002  0.000000e+000
 2.080000e+002  2.178140e-002  0.000000e+000
 2.090000e+002  1.180024e-002  0.000000e+000
 2.100000e+002  3.444404e-002  0.000000e+000
 2.110000e+002  2.733385e-002  0.000000e+000
 2.120000e+002  6.201150e-002  0.000000e+000
 2.130000e+002  5.106121e-002  0.000000e+000
 2.140000e+002  1.025109e-003  0.000000e+000
 2.150000e+002  1.903522e-002  0.000000e+000
 2.160000e+002  1.324917e-002  0.000000e+000
 2.170000e+002  8.733749e-002  0.000000e+000
 2.180000e+002  2.468200e-001  0.000000e+000
 2.190000e+002  2.571007e-001  0.000000e+000
 2.200000e+002  2.533128e-001  0.000000e+000
 2.210000e+002  8.915875e-002  0.000000e+000
 2.220000e+002  2.741191e-002  0.000000e+000
 2.230000e+002  3.786429e-003  0.000000e+000
 2.240000e+002  2.306021e-002  0.000000e+000
 2.250000e+002  3.839402e-002  0.000000e+000
 2.260000e+002  2.764149e-002  0.000000e+000
 2.270000e+002  6.277560e-002  0.000000e+000
 2.280000e+002  2.089725e-001  0.000000e+000
 2.290000e+002  8.970325e-002  0.000000e+000
 2.300000e+002  1.850611e-001  0.000000e+000
 2.310000e+002  1.701729e-001  0.000000e+000
 2.320000e+002  5.591031e-002  0.000000e+000
 2.330000e+002  1.379383e-002  0.000000e+000
 2.340000e+002  8.273012e-002  0.000000e+000
 2.350000e+002  9.401880e-002  0.000000e+000
 2.360000e+002  1.050153e-001  0.000000e+000
 2.370000e+002  7.607356e-002  0.000000e+000
 2.380000e+002  1.541003e-001  0.000000e+000
 2.390000e+002  2.819833e-001  0.000000e+000
 2.400000e+002  2.034151e-002  0.000000e+000
 2.410000e+002  6.104732e-002  0.000000e+000
 2.420000e+002  5.890034e-002  0.000000e+000
 2.430000e+002  1.525394e-001  0.000000e+000
 2.440000e+002  3.824165e-002  0.000000e+000
 2.450000e+002  1.252474e-001  0.000000e+000
 2.460000e+002  2.203523e-002  0.000000e+000
 2.470000e+002  1.465991e-001  0.000000e+000
 2.480000e+002  2.128997e-001  0.000000e+000
 2.490000e+002  1.414906e-001  0.000000e+000
 2.500000e+002  1.890104e-001  0.000000e+000
 2.510000e+002  1.845833e-001  0.000000e+000
 2.520000e+002  2.534072e-002  0.000000e+000
 2.530000e+002  2.813999e-001  0.000000e+000
 2.540000e+002  1.813546e-001  0.000000e+000
 2.550000e+002  1.764263e-001  0.000000e+000
 2.560000e+002  2.786113e-002  0.000000e+000
 2.570000e+002  8.638432e-002  0.000000e+000
 2.580000e+002  1.271526e-001  0.000000e+000
 2.590000e+002  1.765129e-001  0.000000e+000
 2.600000e+002  1.804366e-001  0.000000e+000
 2.610000e+002  1.565970e-001  0.000000e+000
 2.620000e+002  1.038088e-001  0.000000e+000
 2.630000e+002  9.339804e-002  0.000000e+000
 2.640000e+002  9.113728e-002  0.000000e+000
 2.650000e+002  2.483190e-001  0.000000e+000
 2.660000e+002  1.409918e-002  0.000000e+000
 2.670000e+002  1.549356e-001  0.000000e+000
 2.680000e+002  3.007464e-002  0.000000e+000
 2.690000e+002  2.953931e-002  0.000000e+000
 2.700000e+002  5.152097e-003  0.000000e+000
 2.710000e+002  2.303959e-002  0.000000e+000
 2.720000e+002  5.366457e-002  0.000000e+000
 2.730000e+002  2.148960e-001  0.000000e+000
 2.740000e+002  2.453458e-001  0.000000e+000
 2.750000e+002  2.057427e-001  0.000000e+000
 2.760000e+002  3.089509e-001  0.000000e+000
 2.770000e+002  2.905390e-001  0.000000e+000
 2.780000e+002  1.656218e-001  0.000000e+000
 2.790000e+002  2.150600e-001  0.000000e+000
 2.800000e+002  2.320526e-001  0.000000e+000
 2.810000e+002  2.208808e-001  0.000000e+000
 2.820000e+002  1.299023e-001  0.000000e+000
 2.830000e+002  2.590740e-002  0.000000e+000
 2.840000e+002  4.996153e-003  0.000000e+000
 2.850000e+002  2.222471e-002  0.000000e+000
 2.860000e+002  3.727977e-002  0.000000e+000
 2.870000e+002  2.107784e-001  0.000000e+000
 2.880000e+002  9.153641e-002  0.000000e+000
 2.890000e+002  8.869611e-002  0.000000e+000
 2.900000e+002  1.138893e-001  0.000000e+000
 2.910000e+002  2.510363e-001  0.000000e+000
 2.920000e+002  2.335087e-001  0.000000e+000
 2.930000e+002  8.906004e-002  0.000000e+000
 2.940000e+002  7.261434e-003  0.000000e+000
 2.950000e+002  4.353555e-002  0.000000e+000
 2.960000e+002  1.765167e-001  0.000000e+000
 2.970000e+002  2.629365e-001  0.000000e+000
 2.980000e+002  3.663742e-001  0.000000e+000
 2.990000e+002  1.663568e-001  0.000000e+000
 3.000000e+002  1.595280e-002  0.000000e+000
 3.010000e+002  1.529869e-001  0.000000e+000
 3.020000e+002  3.254602e-001  0.000000e+000
 3.030000e+002  4.017867e-001  0.000000e+000
 3.040000e+002  2.315285e-001  0.000000e+000
 3.050000e+002  1.297204e-001  0.000000e+000
 3.060000e+002  9.609705e-003  0.000000e+000
 3.070000e+002  2.020584e-001  0.000000e+000
 3.080000e+002  2.484547e-001  0.000000e+000
 3.090000e+002  4.017683e-001  0.000000e+000
 3.100000e+002  4.188266e-001  0.000000e+000
 3.110000e+002  5.383921e-001  0.000000e+000
 3.120000e+002  4.028230e-001  0.000000e+000
 3.130000e+002  3.634374e-001  0.000000e+000
 3.140000e+002  3.860868e-001  0.000000e+000
 3.150000e+002  3.804947e-001  0.000000e+000
 3.160000e+002  3.091427e-001  0.000000e+000
 3.170000e+002  2.620320e-001  0.000000e+000
 3.180000e+002  2.051473e-001  0.000000e+000
 3.190000e+002  3.521086e-001  0.000000e+000
 3.200000e+002  4.702518e-001  0.000000e+000
 3.210000e+002  3.208547e-001  0.000000e+000
 3.220000e+002  3.497891e-001  0.000000e+000
 3.230000e+002  4.633382e-001  0.000000e+000
 3.240000e+002  4.037623e-001  0.000000e+000
 3.250000e+002  6.786519e-002  0.000000e+000
 3.260000e+002  2.664855e-001  0.000000e+000
 3.270000e+002  3.018629e-001  0.000000e+000
 3.280000e+002  4.605193e-001  0.000000e+000
 3.290000e+002  2.851813e-001  0.000000e+000
 3.300000e+002  2.836212e-002  0.000000e+000
 3.310000e+002  9.252471e-002  0.000000e+000
 3.320000e+002  1.990974e-001  0.000000e+000
 3.330000e+002  2.394464e-001  0.000000e+000
 3.340000e+002  2.331065e-001  0.000000e+000
 3.350000e+002  5.638590e-002  0.000000e+000
 3.360000e+002  4.147663e-002  0.000000e+000
 3.370000e+002  1.203751e-001  0.000000e+000
 3.380000e+002  7.157765e-002  0.000000e+000
 3.390000e+002  1.532479e-002  0.000000e+000
 3.400000e+002  1.059330e-001  0.000000e+000
 3.410000e+002  9.683258e-002  0.000000e+000
 3.420000e+002  1.787940e-002  0.000000e+000
 3.430000e+002  6.888067e-002  0.000000e+000
 3.440000e+002  4.444738e-003  0.000000e+000
 3.450000e+002  4.448280e-002  0.000000e+000
 3.460000e+002  9.657114e-003  0.000000e+000
 3.470000e+002  6.274509e-003  0.000000e+000
 3.480000e+002  1.469470e-002  0.000000e+000
 3.490000e+002  1.824817e-001  0.000000e+000
 3.500000e+002  9.831008e-002  0.000000e+000
 3.510000e+002  5.938040e-003  0.000000e+000
 3.520000e+002  1.080321e-001  0.000000e+000
 3.530000e+002  5.577961e-003  0.000000e+000
 3.540000e+002  4.010373e-002  0.000000e+000
 3.550000e+002  1.028116e-002  0.000000e+000
 3.560000e+002  6.402095e-002  0.000000e+000
 3.570000e+002  7.376137e-002  0.000000e+000
 3.580000e+002  1.932283e-004  0.000000e+000
 3.590000e+002  5.199454e-003  0.000000e+000
 3.600000e+002  3.054838e-002  0.000000e+000
 3.610000e+002  1.878695e-001  0.000000e+000
 3.620000e+002  1.317018e-001  0.000000e+000
 3.630000e+002  1.150123e-001  0.000000e+000
 3.640000e+002  2.476211e-002  0.000000e+000
 3.650000e+002  9.826543e-002  0.000000e+000
 3.660000e+002  2.297133e-002  0.000000e+000
 3.670000e+002  2.027484e-002  0.000000e+000
 3.680000e+002  1.166806e-002  0.000000e+000
 3.690000e+002  1.535165e-003  0.000000e+000
 3.700000e+002  1.324107e-001  0.000000e+000
 3.710000e+002  1.506827e-002  0.000000e+000
 3.720000e+002  1.309047e-001  0.000000e+000
 3.730000e+002  9.105973e-005  0.000000e+000
 3.740000e+002  1.425365e-002  0.000000e+000
 3.750000e+002  8.549263e-002  0.000000e+000
 3.760000e+002  3.301517e-002  0.000000e+000
 3.770000e+002  9.095795e-003  0.000000e+000
 3.780000e+002  8.881135e-002  0.000000e+000
 3.790000e+002  1.719656e-002  0.000000e+000
 3.800000e+002  1.658140e-002  0.000000e+000
 3.810000e+002  2.906617e-002  0.000000e+000
 3.820000e+002  1.537134e-001  0.000000e+000
 3.830000e+002  1.087303e-002  0.000000e+000
 3.840000e+002  2.649798e-001  0.000000e+000
 3.850000e+002  1.708391e-001  0.000000e+000
 3.860000e+002  5.598781e-002  0.000000e+000
 3.870000e+002  1.136315e-001  0.000000e+000
 3.880000e+002  2.074368e-002  0.000000e+000
 3.890000e+002  2.932020e-002  0.000000e+000
 3.900000e+002  2.472626e-002  0.000000e+000
 3.910000e+002  2.124608e-002  0.000000e+000
 3.920000e+002  1.574701e-002  0.000000e+000
 3.930000e+002  8.511735e-002  0.000000e+000
 3.940000e+002  5.079155e-002  0.000000e+000
 3.950000e+002  4.112225e-002  0.000000e+000
 3.960000e+002  1.788395e-001  0.000000e+000
 3.970000e+002  2.500137e-002  0.000000e+000
 3.980000e+002  2.039056e-002  0.000000e+000
 3.990000e+002  8.845890e-002  0.000000e+000
 4.000000e+002  2.767235e-001  0.000000e+000
 4.010000e+002  2.130342e-002  0.000000e+000
 4.020000e+002  2.026174e-002  0.000000e+000
 4.030000e+002  1.026175e-002  0.000000e+000
 4.040000e+002  2.477433e-003  0.000000e+000
 4.050000e+002  1.103347e-002  0.000000e+000
 4.060000e+002  3.068681e-002  0.000000e+000
 4.070000e+002  4.236718e-002  0.000000e+000
 4.080000e+002  5.715004e-003  0.000000e+000
 4.090000e+002  8.365893e-002  0.000000e+000
 4.100000e+002  3.996474e-002  0.000000e+000
 4.110000e+002  3.344633e-002  0.000000e+000
 4.120000e+002  1.132482e-001  0.000000e+000
 4.130000e+002  5.909776e-003  0.000000e+000
 4.140000e+002  1.424559e-002  0.000000e+000
 4.150000e+002  1.781601e-001  0.000000e+000
 4.160000e+002  3.234383e-002  0.000000e+000
 4.170000e+002  5.498773e-002  0.000000e+000
 4.180000e+002  7.015210e-002  0.000000e+000
 4.190000e+002  1.653002e-002  0.000000e+000
 4.200000e+002  5.601268e-002  0.000000e+000
 4.210000e+002  3.584931e-003  0.000000e+000
 4.220000e+002  4.819745e-002  0.000000e+000
 4.230000e+002  9.444372e-002  0.000000e+000
 4.240000e+002  4.235821e-002  0.000000e+000
 4.250000e+002  1.915637e-002  0.000000e+000
 4.260000e+002  1.715265e-002  0.000000e+000
 4.270000e+002  3.243968e-002  0.000000e+000
 4.280000e+002  1.502085e-001  0.000000e+000
 4.290000e+002  8.738887e-002  0.000000e+000
 4.300000e+002  8.586992e-002  0.000000e+000
 4.310000e+002  1.656737e-001  0.000000e+000
 4.320000e+002  2.615472e-002  0.000000e+000
 4.330000e+002  4.984422e-003  0.000000e+000
 4.340000e+002  1.430523e-001  0.000000e+000
 4.350000e+002  7.390220e-002  0.000000e+000
 4.360000e+002  7.450447e-002  0.000000e+000
 4.370000e+002  8.543265e-002  0.000000e+000
 4.380000e+002  1.305325e-001  0.000000e+000
 4.390000e+002  9.580137e-002  0.000000e+000
 4.400000e+002  1.390904e-001  0.000000e+000
 4.410000e+002  1.652290e-001  0.000000e+000
 4.420000e+002  1.008150e-001  0.000000e+000
 4.430000e+002  1.801484e-001  0.000000e+000
 4.440000e+002  1.352821e-001  0.000000e+000
 4.450000e+002  2.796700e-001  0.000000e+000
 4.460000e+002  5.883170e-002  0.000000e+000
 4.470000e+002  1.189675e-001  0.000000e+000
 4.480000e+002  2.522132e-001  0.000000e+000
 4.490000e+002  4.767236e-002  0.000000e+000
 4.500000e+002  8.012570e-002  0.000000e+000
 4.510000e+002  4.544596e-002  0.000000e+000
 4.520000e+002  6.902629e-002  0.000000e+000
 4.530000e+002  3.778438e-002  0.000000e+000
 4.540000e+002  2.430994e-002  0.000000e+000
 4.550000e+002  2.018382e-001  0.000000e+000
 4.560000e+002  1.747490e-001  0.000000e+000
 4.570000e+002  2.039366e-001  0.000000e+000
 4.580000e+002  1.727560e-001  0.000000e+000
 4.590000e+002  2.382841e-001  0.000000e+000
 4.600000e+002  1.524330e-001  0.000000e+000
 4.610000e+002  6.851409e-002  0.000000e+000
 4.620000e+002  1.585783e-002  0.000000e+000
 4.630000e+002  4.102642e-002  0.000000e+000
 4.640000e+002  2.219326e-003  0.000000e+000
 4.650000e+002  8.885277e-002  0.000000e+000
 4.660000e+002  2.718613e-002  0.000000e+000
 4.670000e+002  2.986860e-002  0.000000e+000
 4.680000e+002  6.395961e-002  0.000000e+000
 4.690000e+002  7.454409e-002  0.000000e+000
 4.700000e+002  8.632919e-002  0.000000e+000
 4.710000e+002  1.912010e-001  0.000000e+000
 4.720000e+002  1.422934e-002  0.000000e+000
 4.730000e+002  2.601416e-002  0.000000e+000
 4.740000e+002  2.295285e-002  0.000000e+000
 4.750000e+002  4.414133e-002  0.000000e+000
 4.760000e+002  1.202438e-001  0.000000e+000
 4.770000e+002  1.389425e-001  0.000000e+000
 4.780000e+002  4.232662e-002  0.000000e+000
 4.790000e+002  1.350949e-001  0.000000e+000
 4.800000e+002  8.963042e-003  0.000000e+000
 4.810000e+002  7.209995e-002  0.000000e+000
 4.820000e+002  1.015868e-001  0.000000e+000
 4.830000e+002  7.577886e-002  0.000000e+000
 4.840000e+002  4.528080e-002  0.000000e+000
 4.850000e+002  5.799042e-002  0.000000e+000
 4.860000e+002  5.449048e-002  0.000000e+000
 4.870000e+002  9.662098e-002  0.000000e+000
 4.880000e+002  1.850547e-001  0.000000e+000
 4.890000e+002  1.567632e-001  0.000000e+000
 4.900000e+002  1.817818e-001  0.000000e+000
 4.910000e+002  1.837840e-001  0.000000e+000
 4.920000e+002  1.644624e-001  0.000000e+000
 4.930000e+002  7.480951e-002  0.000000e+000
 4.940000e+002  3.783910e-002  0.000000e+000
 4.950000e+002  6.583636e-002  0.000000e+000
 4.960000e+002  1.983952e-001  0.000000e+000
 4.970000e+002  1.007519e-001  0.000000e+000
 4.980000e+002  2.724394e-001  0.000000e+000
 4.990000e+002  1.182977e-003  0.000000e+000
 5.000000e+002  1.725998e-001  0.000000e+000
 5.010000e+002  1.786023e-002  0.000000e+000
 5.020000e+002  2.373653e-002  0.000000e+000
 5.030000e+002  6.529197e-002  0.000000e+000
 5.040000e+002  5.873927e-002  0.000000e+000
 5.050000e+002  9.889690e-002  0.000000e+000
 5.060000e+002  1.986777e-001  0.000000e+000
 5.070000e+002  1.774589e-001  0.000000e+000
 5.080000e+002  4.092462e-002  0.000000e+000
 5.090000e+002  8.942685e-002  0.000000e+000
 5.100000e+002  1.942679e-001  0.000000e+000
 5.110000e+002  1.196501e-002  0.000000e+000
 5.120000e+002  1.739918e-002  0.000000e+000
