 0.000000e+000  4.517558e-002  0.000000e+000
 1.000000e+000  8.553131e-001  0.000000e+000
 2.000000e+000  8.213161e-001  0.000000e+000
 3.000000e+000  8.538334e-001  0.000000e+000
 4.000000e+000  8.525314e-001  0.000000e+000
 5.000000e+000  8.615673e-001  0.000000e+000
 6.000000e+000  8.838801e-001  0.000000e+000
 7.000000e+000  7.446542e-001  0.000000e+000
 8.000000e+000  8.510619e-001  0.000000e+000
 9.000000e+000  8.896956e-001  0.000000e+000
 1.000000e+001  8.905351e-001  0.000000e+000
 1.100000e+001  8.982202e-001  0.000000e+000
 1.200000e+001  9.173621e-001  0.000000e+000
 1.300000e+001  8.888374e-001  0.000000e+000
 1.400000e+001  9.002392e-001  0.000000e+000
 1.500000e+001  8.697385e-001  0.000000e+000
 1.600000e+001  8.784199e-001  0.000000e+000
 1.700000e+001  8.363373e-001  0.000000e+000
 1.800000e+001  9.454976e-002  0.000000e+000
 1.900000e+001  8.996933e-001  0.000000e+000
 2.000000e+001  9.308397e-001  0.000000e+000
 2.100000e+001  9.475986e-001  0.000000e+000
 2.200000e+001  9.767143e-001  0.000000e+000
 2.300000e+001  9.638492e-001  0.000000e+000
 2.400000e+001  9.616275e-001  0.000000e+000
 2.500000e+001  9.522734e-001  0.000000e+000
 2.600000e+001  9.600874e-001  0.000000e+000
 2.700000e+001  9.619834e-001  0.000000e+000
 2.800000e+001  9.564242e-001  0.000000e+000
 2.900000e+001  9.618222e-001  0.000000e+000
 3.000000e+001  9.453790e-001  0.000000e+000
 3.100000e+001  9.495095e-001  0.000000e+000
 3.200000e+001  9.583009e-001  0.000000e+000
 3.300000e+001  9.578216e-001  0.000000e+000
 3.400000e+001  9.483413e-001  0.000000e+000
 3.500000e+001  9.268422e-001  0.000000e+000
 3.600000e+001  3.510753e-002  0.000000e+000
 3.700000e+001  9.497520e-001  0.000000e+000
 3.800000e+001  9.666950e-001  0.000000e+000
 3.900000e+001  9.454343e-001  0.000000e+000
 4.000000e+001  9.312568e-001  0.000000e+000
 4.100000e+001  9.022726e-001  0.000000e+000
 4.200000e+001  6.565934e-001  0.000000e+000
 4.300000e+001  8.170131e-001  0.000000e+000
 4.400000e+001  9.180719e-001  0.000000e+000
 4.500000e+001  9.077002e-001  0.000000e+000
 4.600000e+001  8.820126e-001  0.000000e+000
 4.700000e+001  8.754772e-001  0.000000e+000
 4.800000e+001  7.975600e-001  0.000000e+000
 4.900000e+001  7.881308e-001  0.000000e+000
 5.000000e+001  6.905210e-001  0.000000e+000
 5.100000e+001  5.911349e-001  0.000000e+000
 5.200000e+001  3.964370e-001  0.000000e+000
 5.300000e+001  1.578146e-001  0.000000e+000
 5.400000e+001  4.474554e-003  0.000000e+000
 5.500000e+001  1.035644e-001  0.000000e+000
 5.600000e+001  3.498636e-001  0.000000e+000
 5.700000e+001  5.293300e-001  0.000000e+000
 5.800000e+001  6.809009e-001  0.000000e+000
 5.900000e+001  7.721204e-001  0.000000e+000
 6.000000e+001  6.870645e-001  0.000000e+000
 6.100000e+001  8.307694e-001  0.000000e+000
 6.200000e+001  8.523104e-001  0.000000e+000
 6.300000e+001  8.319061e-001  0.000000e+000
 6.400000e+001  8.727579e-001  0.000000e+000
 6.500000e+001  8.378828e-001  0.000000e+000
 6.600000e+001  5.446115e-001  0.000000e+000
 6.700000e+001  9.035425e-001  0.000000e+000
 6.800000e+001  8.717750e-001  0.000000e+000
 6.900000e+001  8.620883e-001  0.000000e+000
 7.000000e+001  8.980771e-001  0.000000e+000
 7.100000e+001  8.769067e-001  0.000000e+000
 7.200000e+001  1.019779e-001  0.000000e+000
 7.300000e+001  8.702090e-001  0.000000e+000
 7.400000e+001  8.896142e-001  0.000000e+000
 7.500000e+001  9.008527e-001  0.000000e+000
 7.600000e+001  8.843253e-001  0.000000e+000
 7.700000e+001  8.735328e-001  0.000000e+000
 7.800000e+001  8.671694e-001  0.000000e+000
 7.900000e+001  8.613518e-001  0.000000e+000
 8.000000e+001  8.042325e-001  0.000000e+000
 8.100000e+001  8.112525e-001  0.000000e+000
 8.200000e+001  8.196400e-001  0.000000e+000
 8.300000e+001  7.285612e-001  0.000000e+000
 8.400000e+001  7.466918e-001  0.000000e+000
 8.500000e+001  7.216551e-001  0.000000e+000
 8.600000e+001  6.207370e-001  0.000000e+000
 8.700000e+001  6.263568e-001  0.000000e+000
 8.800000e+001  4.458400e-001  0.000000e+000
 8.900000e+001  4.548442e-001  0.000000e+000
 9.000000e+001  9.850241e-003  0.000000e+000
 9.100000e+001  3.483410e-001  0.000000e+000
 9.200000e+001  2.316743e-001  0.000000e+000
 9.300000e+001  1.745258e-001  0.000000e+000
 9.400000e+001  1.614524e-001  0.000000e+000
 9.500000e+001  1.681966e-001  0.000000e+000
 9.600000e+001  1.813529e-002  0.000000e+000
 9.700000e+001  6.531702e-002  0.000000e+000
 9.800000e+001  1.620981e-001  0.000000e+000
 9.900000e+001  1.588335e-001  0.000000e+000
 1.000000e+002  1.573603e-001  0.000000e+000
 1.010000e+002  2.247858e-001  0.000000e+000
 1.020000e+002  4.111129e-003  0.000000e+000
 1.030000e+002  1.260361e-001  0.000000e+000
 1.040000e+002  7.682416e-002  0.000000e+000
 1.050000e+002  2.250473e-002  0.000000e+000
 1.060000e+002  6.039668e-002  0.000000e+000
 1.070000e+002  5.644399e-002  0.000000e+000
 1.080000e+002  4.136137e-002  0.000000e+000
 1.090000e+002  3.222338e-002  0.000000e+000
 1.100000e+002  1.146771e-002  0.000000e+000
 1.110000e+002  5.619407e-002  0.000000e+000
 1.120000e+002  2.667772e-002  0.000000e+000
 1.130000e+002  1.701230e-001  0.000000e+000
 1.140000e+002  1.323311e-001  0.000000e+000
 1.150000e+002  6.988142e-002  0.000000e+000
 1.160000e+002  1.619486e-001  0.000000e+000
 1.170000e+002  8.427485e-002  0.000000e+000
 1.180000e+002  2.218601e-001  0.000000e+000
 1.190000e+002  1.192474e-001  0.000000e+000
 1.200000e+002  9.482254e-002  0.000000e+000
 1.210000e+002  2.851279e-001  0.000000e+000
 1.220000e+002  9.237967e-002  0.000000e+000
 1.230000e+002  1.168927e-001  0.000000e+000
 1.240000e+002  3.127185e-001  0.000000e+000
 1.250000e+002  1.756198e-001  0.000000e+000
 1.260000e+002  1.186127e-001  0.000000e+000
 1.270000e+002  2.010795e-001  0.000000e+000
 1.280000e+002  2.194871e-001  0.000000e+000
 1.290000e+002  1.678811e-001  0.000000e+000
 1.300000e+002  1.889069e-001  0.000000e+000
 1.310000e+002  1.241367e-001  0.000000e+000
 1.320000e+002  3.299375e-001  0.000000e+000
 1.330000e+002  3.538148e-001  0.000000e+000
 1.340000e+002  2.355867e-001  0.000000e+000
 1.350000e+002  2.139462e-001  0.000000e+000
 1.360000e+002  3.070058e-001  0.000000e+000
 1.370000e+002  2.289722e-001  0.000000e+000
 1.380000e+002  3.693849e-002  0.000000e+000
 1.390000e+002  2.321172e-001  0.000000e+000
 1.400000e+002  3.334138e-001  0.000000e+000
 1.410000e+002  3.741787e-001  0.000000e+000
 1.420000e+002  4.847717e-001  0.000000e+000
 1.430000e+002  4.501009e-001  0.000000e+000
 1.440000e+002  7.696763e-002  0.000000e+000
 1.450000e+002  2.254251e-001  0.000000e+000
 1.460000e+002  3.769865e-001  0.000000e+000
 1.470000e+002  1.632959e-001  0.000000e+000
 1.480000e+002  3.532842e-001  0.000000e+000
 1.490000e+002  2.140825e-001  0.000000e+000
 1.500000e+002  1.935807e-001  0.000000e+000
 1.510000e+002  3.055598e-002  0.000000e+000
 1.520000e+002  2.063869e-001  0.000000e+000
 1.530000e+002  1.933635e-001  0.000000e+000
 1.540000e+002  1.805129e-001  0.000000e+000
 1.550000e+002  1.061133e-001  0.000000e+000
 1.560000e+002  1.238253e-001  0.000000e+000
 1.570000e+002  8.983351e-002  0.000000e+000
 1.580000e+002  1.167561e-001  0.000000e+000
 1.590000e+002  7.056731e-002  0.000000e+000
 1.600000e+002  8.820185e-002  0.000000e+000
 1.610000e+002  3.461538e-002  0.000000e+000
 1.620000e+002  2.668018e-003  0.000000e+000
 1.630000e+002  1.466814e-002  0.000000e+000
 1.640000e+002  1.399317e-002  0.000000e+000
 1.650000e+002  9.589284e-003  0.000000e+000
 1.660000e+002  9.776904e-003  0.000000e+000
 1.670000e+002  1.061321e-001  0.000000e+000
 1.680000e+002  7.303097e-002  0.000000e+000
 1.690000e+002  3.449449e-002  0.000000e+000
 1.700000e+002  1.355903e-001  0.000000e+000
 1.710000e+002  4.784589e-002  0.000000e+000
 1.720000e+002  5.004723e-002  0.000000e+000
 1.730000e+002  3.528550e-002  0.000000e+000
 1.740000e+002  4.509772e-002  0.000000e+000
 1.750000e+002  2.640986e-001  0.000000e+000
 1.760000e+002  3.019806e-001  0.000000e+000
 1.770000e+002  2.827084e-001  0.000000e+000
 1.780000e+002  3.053765e-001  0.000000e+000
 1.790000e+002  7.898472e-002  0.000000e+000
 1.800000e+002  3.075549e-002  0.000000e+000
 1.810000e+002  2.052584e-001  0.000000e+000
 1.820000e+002  3.131364e-001  0.000000e+000
 1.830000e+002  4.220487e-001  0.000000e+000
 1.840000e+002  3.562393e-001  0.000000e+000
 1.850000e+002  3.430798e-001  0.000000e+000
 1.860000e+002  1.232252e-002  0.000000e+000
 1.870000e+002  1.355672e-001  0.000000e+000
 1.880000e+002  2.830013e-001  0.000000e+000
 1.890000e+002  2.683346e-001  0.000000e+000
 1.900000e+002  2.563289e-001  0.000000e+000
 1.910000e+002  7.706797e-002  0.000000e+000
 1.920000e+002  2.757133e-001  0.000000e+000
 1.930000e+002  2.615559e-001  0.000000e+000
 1.940000e+002  2.148248e-001  0.000000e+000
 1.950000e+002  3.111915e-001  0.000000e+000
 1.960000e+002  2.141960e-001  0.000000e+000
 1.970000e+002  1.030054e-001  0.000000e+000
 1.980000e+002  5.475744e-002  0.000000e+000
 1.990000e+002  5.561721e-002  0.000000e+000
 2.000000e+002  2.303325e-001  0.000000e+000
 2.010000e+002  3.916014e-001  0.000000e+000
 2.020000e+002  3.504806e-001  0.000000e+000
 2.030000e+002  3.278705e-001  0.000000e+000
 2.040000e+002  3.876384e-001  0.000000e+000
 2.050000e+002  2.723220e-001  0.000000e+000
 2.060000e+002  2.068138e-001  0.000000e+000
 2.070000e+002  2.587481e-001  0.000000e+000
 2.080000e+002  3.312219e-001  0.000000e+000
 2.090000e+002  1.616042e-001  0.000000e+000
 2.100000e+002  3.231323e-001  0.000000e+000
 2.110000e+002  2.790522e-001  0.000000e+000
 2.120000e+002  3.191037e-001  0.000000e+000
 2.130000e+002  2.754722e-001  0.000000e+000
 2.140000e+002  4.168958e-002  0.000000e+000
 2.150000e+002  7.770786e-002  0.000000e+000
 2.160000e+002  2.733178e-002  0.000000e+000
 2.170000e+002  1.071211e-001  0.000000e+000
 2.180000e+002  1.731000e-001  0.000000e+000
 2.190000e+002  3.729832e-001  0.000000e+000
 2.200000e+002  2.974738e-001  0.000000e+000
 2.210000e+002  2.138019e-001  0.000000e+000
 2.220000e+002  1.538046e-001  0.000000e+000
 2.230000e+002  2.543391e-001  0.000000e+000
 2.240000e+002  3.325385e-001  0.000000e+000
 2.250000e+002  1.660566e-001  0.000000e+000
 2.260000e+002  2.946808e-001  0.000000e+000
 2.270000e+002  1.205179e-001  0.000000e+000
 2.280000e+002  2.952235e-001  0.000000e+000
 2.290000e+002  2.361566e-001  0.000000e+000
 2.300000e+002  2.101274e-001  0.000000e+000
 2.310000e+002  2.456996e-001  0.000000e+000
 2.320000e+002  2.220086e-001  0.000000e+000
 2.330000e+002  1.394596e-001  0.000000e+000
 2.340000e+002  5.558822e-002  0.000000e+000
 2.350000e+002  1.138706e-003  0.000000e+000
 2.360000e+002  8.319078e-002  0.000000e+000
 2.370000e+002  1.575201e-001  0.000000e+000
 2.380000e+002  2.312667e-001  0.000000e+000
 2.390000e+002  3.171579e-001  0.000000e+000
 2.400000e+002  3.860147e-002  0.000000e+000
 2.410000e+002  4.180478e-001  0.000000e+000
 2.420000e+002  1.839136e-001  0.000000e+000
 2.430000e+002  3.456573e-001  0.000000e+000
 2.440000e+002  2.881933e-001  0.000000e+000
 2.450000e+002  3.346879e-001  0.000000e+000
 2.460000e+002  2.355455e-001  0.000000e+000
 2.470000e+002  2.444132e-001  0.000000e+000
 2.480000e+002  2.429164e-001  0.000000e+000
 2.490000e+002  2.470560e-001  0.000000e+000
 2.500000e+002  1.380125e-001  0.000000e+000
 2.510000e+002  2.126849e-001  0.000000e+000
 2.520000e+002  2.804935e-002  0.000000e+000
 2.530000e+002  3.644616e-001  0.000000e+000
 2.540000e+002  1.561461e-001  0.000000e+000
 2.550000e+002  2.949517e-001  0.000000e+000
 2.560000e+002  1.971844e-001  0.000000e+000
 2.570000e+002  1.685949e-001  0.000000e+000
 2.580000e+002  3.942160e-002  0.000000e+000
 2.590000e+002  5.485317e-002  0.000000e+000
 2.600000e+002  4.861436e-001  0.000000e+000
 2.610000e+002  9.399346e-002  0.000000e+000
 2.620000e+002  1.285999e-001  0.000000e+000
 2.630000e+002  1.840745e-001  0.000000e+000
 2.640000e+002  2.401595e-001  0.000000e+000
 2.650000e+002  2.336341e-001  0.000000e+000
 2.660000e+002  6.642450e-002  0.000000e+000
 2.670000e+002  1.221211e-001  0.000000e+000
 2.680000e+002  1.204236e-001  0.000000e+000
 2.690000e+002  1.149112e-001  0.000000e+000
 2.700000e+002  5.000572e-002  0.000000e+000
 2.710000e+002  1.852292e-003  0.000000e+000
 2.720000e+002  2.634071e-002  0.000000e+000
 2.730000e+002  1.265533e-001  0.000000e+000
 2.740000e+002  1.195001e-001  0.000000e+000
 2.750000e+002  1.642738e-001  0.000000e+000
 2.760000e+002  3.128173e-002  0.000000e+000
 2.770000e+002  1.138199e-001  0.000000e+000
 2.780000e+002  1.132117e-001  0.000000e+000
 2.790000e+002  1.056887e-001  0.000000e+000
 2.800000e+002  2.475243e-002  0.000000e+000
 2.810000e+002  1.160928e-001  0.000000e+000
 2.820000e+002  1.179381e-001  0.000000e+000
 2.830000e+002  2.253536e-002  0.000000e+000
 2.840000e+002  4.723452e-002  0.000000e+000
 2.850000e+002  3.733621e-002  0.000000e+000
 2.860000e+002  1.624681e-002  0.000000e+000
 2.870000e+002  1.122375e-002  0.000000e+000
 2.880000e+002  1.345446e-002  0.000000e+000
 2.890000e+002  2.213052e-002  0.000000e+000
 2.900000e+002  3.506859e-002  0.000000e+000
 2.910000e+002  7.044925e-002  0.000000e+000
 2.920000e+002  5.634848e-002  0.000000e+000
 2.930000e+002  8.834719e-003  0.000000e+000
 2.940000e+002  9.157512e-004  0.000000e+000
 2.950000e+002  7.214551e-002  0.000000e+000
 2.960000e+002  4.934767e-002  0.000000e+000
 2.970000e+002  1.518433e-002  0.000000e+000
 2.980000e+002  4.373549e-001  0.000000e+000
 2.990000e+002  2.163313e-003  0.000000e+000
 3.000000e+002  3.348453e-002  0.000000e+000
 3.010000e+002  5.109483e-002  0.000000e+000
 3.020000e+002  2.834989e-002  0.000000e+000
 3.030000e+002  5.894259e-003  0.000000e+000
 3.040000e+002  1.172140e-001  0.000000e+000
 3.050000e+002  1.384311e-002  0.000000e+000
 3.060000e+002  1.951037e-002  0.000000e+000
 3.070000e+002  1.308110e-001  0.000000e+000
 3.080000e+002  5.157105e-002  0.000000e+000
 3.090000e+002  4.571223e-002  0.000000e+000
 3.100000e+002  1.431795e-001  0.000000e+000
 3.110000e+002  2.207922e-002  0.000000e+000
 3.120000e+002  2.284510e-002  0.000000e+000
 3.130000e+002  2.166407e-001  0.000000e+000
 3.140000e+002  2.154080e-002  0.000000e+000
 3.150000e+002  2.059770e-003  0.000000e+000
 3.160000e+002  1.498485e-002  0.000000e+000
 3.170000e+002  5.819445e-002  0.000000e+000
 3.180000e+002  8.784317e-002  0.000000e+000
 3.190000e+002  2.660685e-002  0.000000e+000
 3.200000e+002  1.181418e-002  0.000000e+000
 3.210000e+002  2.799767e-002  0.000000e+000
 3.220000e+002  2.707711e-002  0.000000e+000
 3.230000e+002  1.593529e-002  0.000000e+000
 3.240000e+002  2.551892e-002  0.000000e+000
 3.250000e+002  1.514555e-002  0.000000e+000
 3.260000e+002  3.568138e-002  0.000000e+000
 3.270000e+002  1.480470e-001  0.000000e+000
 3.280000e+002  1.230179e-001  0.000000e+000
 3.290000e+002  1.837336e-002  0.000000e+000
 3.300000e+002  1.734638e-002  0.000000e+000
 3.310000e+002  6.454252e-002  0.000000e+000
 3.320000e+002  1.715955e-001  0.000000e+000
 3.330000e+002  3.367269e-002  0.000000e+000
 3.340000e+002  2.449177e-001  0.000000e+000
 3.350000e+002  8.917253e-002  0.000000e+000
 3.360000e+002  2.509757e-001  0.000000e+000
 3.370000e+002  8.485602e-002  0.000000e+000
 3.380000e+002  8.384079e-002  0.000000e+000
 3.390000e+002  5.352329e-002  0.000000e+000
 3.400000e+002  1.032851e-001  0.000000e+000
 3.410000e+002  1.170004e-001  0.000000e+000
 3.420000e+002  1.097558e-002  0.000000e+000
 3.430000e+002  1.919346e-001  0.000000e+000
 3.440000e+002  8.515257e-002  0.000000e+000
 3.450000e+002  1.900402e-001  0.000000e+000
 3.460000e+002  1.116568e-001  0.000000e+000
 3.470000e+002  3.725442e-002  0.000000e+000
 3.480000e+002  1.028436e-002  0.000000e+000
 3.490000e+002  1.288444e-001  0.000000e+000
 3.500000e+002  1.551401e-001  0.000000e+000
 3.510000e+002  2.497745e-001  0.000000e+000
 3.520000e+002  1.656927e-001  0.000000e+000
 3.530000e+002  1.975855e-001  0.000000e+000
 3.540000e+002  3.247183e-002  0.000000e+000
 3.550000e+002  1.443016e-001  0.000000e+000
 3.560000e+002  1.894637e-001  0.000000e+000
 3.570000e+002  4.883906e-002  0.000000e+000
 3.580000e+002  3.351046e-002  0.000000e+000
 3.590000e+002  7.010712e-002  0.000000e+000
 3.600000e+002  9.554923e-003  0.000000e+000
 3.610000e+002  7.287074e-002  0.000000e+000
 3.620000e+002  1.809718e-002  0.000000e+000
 3.630000e+002  9.065747e-002  0.000000e+000
 3.640000e+002  2.283062e-001  0.000000e+000
 3.650000e+002  1.350741e-001  0.000000e+000
 3.660000e+002  5.120675e-002  0.000000e+000
 3.670000e+002  2.686633e-002  0.000000e+000
 3.680000e+002  7.636441e-002  0.000000e+000
 3.690000e+002  6.648026e-002  0.000000e+000
 3.700000e+002  1.602560e-001  0.000000e+000
 3.710000e+002  5.590928e-002  0.000000e+000
 3.720000e+002  6.423054e-002  0.000000e+000
 3.730000e+002  8.076525e-002  0.000000e+000
 3.740000e+002  2.497564e-002  0.000000e+000
 3.750000e+002  1.665741e-001  0.000000e+000
 3.760000e+002  1.294382e-002  0.000000e+000
 3.770000e+002  6.087055e-002  0.000000e+000
 3.780000e+002  1.222216e-001  0.000000e+000
 3.790000e+002  2.420556e-002  0.000000e+000
 3.800000e+002  2.881290e-002  0.000000e+000
 3.810000e+002  1.744617e-002  0.000000e+000
 3.820000e+002  5.260813e-002  0.000000e+000
 3.830000e+002  1.388066e-001  0.000000e+000
 3.840000e+002  1.610478e-001  0.000000e+000
 3.850000e+002  2.966932e-001  0.000000e+000
 3.860000e+002  5.307899e-002  0.000000e+000
 3.870000e+002  1.522591e-001  0.000000e+000
 3.880000e+002  1.146296e-002  0.000000e+000
 3.890000e+002  1.811788e-002  0.000000e+000
 3.900000e+002  1.932784e-002  0.000000e+000
 3.910000e+002  3.653156e-002  0.000000e+000
 3.920000e+002  3.235569e-002  0.000000e+000
 3.930000e+002  1.164162e-001  0.000000e+000
 3.940000e+002  1.246435e-001  0.000000e+000
 3.950000e+002  7.651328e-002  0.000000e+000
 3.960000e+002  7.569939e-002  0.000000e+000
 3.970000e+002  9.100714e-002  0.000000e+000
 3.980000e+002  3.081116e-002  0.000000e+000
 3.990000e+002  1.318595e-001  0.000000e+000
 4.000000e+002  2.715709e-002  0.000000e+000
 4.010000e+002  5.255886e-003  0.000000e+000
 4.020000e+002  1.707971e-002  0.000000e+000
 4.030000e+002  2.444656e-002  0.000000e+000
 4.040000e+002  2.330690e-002  0.000000e+000
 4.050000e+002  5.893368e-002  0.000000e+000
 4.060000e+002  1.678145e-002  0.000000e+000
 4.070000e+002  2.656383e-002  0.000000e+000
 4.080000e+002  2.554088e-003  0.000000e+000
 4.090000e+002  1.024405e-002  0.000000e+000
 4.100000e+002  2.279229e-002  0.000000e+000
 4.110000e+002  6.761522e-003  0.000000e+000
 4.120000e+002  1.459061e-001  0.000000e+000
 4.130000e+002  2.724681e-002  0.000000e+000
 4.140000e+002  9.733497e-003  0.000000e+000
 4.150000e+002  1.732409e-001  0.000000e+000
 4.160000e+002  4.818116e-002  0.000000e+000
 4.170000e+002  3.521175e-002  0.000000e+000
 4.180000e+002  1.530038e-001  0.000000e+000
 4.190000e+002  1.022476e-001  0.000000e+000
 4.200000e+002  3.951304e-002  0.000000e+000
 4.210000e+002  2.212537e-002  0.000000e+000
 4.220000e+002  6.576421e-002  0.000000e+000
 4.230000e+002  1.761232e-003  0.000000e+000
 4.240000e+002  1.072978e-001  0.000000e+000
 4.250000e+002  2.047079e-002  0.000000e+000
 4.260000e+002  3.264707e-002  0.000000e+000
 4.270000e+002  2.611005e-003  0.000000e+000
 4.280000e+002  9.054020e-003  0.000000e+000
 4.290000e+002  7.831791e-002  0.000000e+000
 4.300000e+002  9.750109e-002  0.000000e+000
 4.310000e+002  1.303806e-001  0.000000e+000
 4.320000e+002  7.464616e-002  0.000000e+000
 4.330000e+002  2.922684e-003  0.000000e+000
 4.340000e+002  4.953264e-002  0.000000e+000
 4.350000e+002  5.632630e-002  0.000000e+000
 4.360000e+002  7.860579e-002  0.000000e+000
 4.370000e+002  8.485863e-002  0.000000e+000
 4.380000e+002  2.871271e-001  0.000000e+000
 4.390000e+002  9.366748e-002  0.000000e+000
 4.400000e+002  1.165106e-001  0.000000e+000
 4.410000e+002  1.470190e-001  0.000000e+000
 4.420000e+002  6.488534e-002  0.000000e+000
 4.430000e+002  6.381713e-002  0.000000e+000
 4.440000e+002  1.832892e-001  0.000000e+000
 4.450000e+002  2.074545e-001  0.000000e+000
 4.460000e+002  1.019222e-001  0.000000e+000
 4.470000e+002  1.822157e-001  0.000000e+000
 4.480000e+002  3.767199e-001  0.000000e+000
 4.490000e+002  6.464377e-002  0.000000e+000
 4.500000e+002  1.610591e-002  0.000000e+000
 4.510000e+002  4.386219e-002  0.000000e+000
 4.520000e+002  1.102471e-001  0.000000e+000
 4.530000e+002  1.847803e-001  0.000000e+000
 4.540000e+002  2.658548e-002  0.000000e+000
 4.550000e+002  1.202065e-001  0.000000e+000
 4.560000e+002  2.073000e-001  0.000000e+000
 4.570000e+002  3.364989e-001  0.000000e+000
 4.580000e+002  8.067145e-002  0.000000e+000
 4.590000e+002  2.095176e-001  0.000000e+000
 4.600000e+002  2.195517e-001  0.000000e+000
 4.610000e+002  6.416741e-002  0.000000e+000
 4.620000e+002  5.364404e-003  0.000000e+000
 4.630000e+002  4.944064e-002  0.000000e+000
 4.640000e+002  2.755869e-002  0.000000e+000
 4.650000e+002  1.391481e-001  0.000000e+000
 4.660000e+002  8.490711e-002  0.000000e+000
 4.670000e+002  2.887639e-002  0.000000e+000
 4.680000e+002  1.308153e-001  0.000000e+000
 4.690000e+002  6.362824e-002  0.000000e+000
 4.700000e+002  1.075792e-001  0.000000e+000
 4.710000e+002  1.616968e-001  0.000000e+000
 4.720000e+002  6.486413e-003  0.000000e+000
 4.730000e+002  8.068351e-002  0.000000e+000
 4.740000e+002  2.814882e-002  0.000000e+000
 4.750000e+002  3.523418e-002  0.000000e+000
 4.760000e+002  1.196166e-001  0.000000e+000
 4.770000e+002  8.235298e-002  0.000000e+000
 4.780000e+002  2.351652e-002  0.000000e+000
 4.790000e+002  1.346482e-001  0.000000e+000
 4.800000e+002  2.262790e-002  0.000000e+000
 4.810000e+002  8.873633e-002  0.000000e+000
 4.820000e+002  1.522984e-001  0.000000e+000
 4.830000e+002  7.324465e-002  0.000000e+000
 4.840000e+002  7.129481e-002  0.000000e+000
 4.850000e+002  7.366285e-002  0.000000e+000
 4.860000e+002  9.901512e-002  0.000000e+000
 4.870000e+002  8.292567e-002  0.000000e+000
 4.880000e+002  1.890745e-001  0.000000e+000
 4.890000e+002  1.189967e-001  0.000000e+000
 4.900000e+002  2.259542e-001  0.000000e+000
 4.910000e+002  1.018935e-001  0.000000e+000
 4.920000e+002  2.336911e-001  0.000000e+000
 4.930000e+002  1.366197e-001  0.000000e+000
 4.940000e+002  6.958803e-002  0.000000e+000
 4.950000e+002  1.521978e-001  0.000000e+000
 4.960000e+002  5.800017e-002  0.000000e+000
 4.970000e+002  5.128729e-002  0.000000e+000
 4.980000e+002  1.925562e-001  0.000000e+000
 4.990000e+002  1.604673e-002  0.000000e+000
 5.000000e+002  8.710652e-002  0.000000e+000
 5.010000e+002  7.898282e-002  0.000000e+000
 5.020000e+002  7.826658e-002  0.000000e+000
 5.030000e+002  1.679796e-001  0.000000e+000
 5.040000e+002  1.116517e-001  0.000000e+000
 5.050000e+002  4.379635e-002  0.000000e+000
 5.060000e+002  2.367173e-001  0.000000e+000
 5.070000e+002  1.820500e-001  0.000000e+000
 5.080000e+002  7.322458e-002  0.000000e+000
 5.090000e+002  2.006469e-001  0.000000e+000
 5.100000e+002  6.516361e-002  0.000000e+000
 5.110000e+002  1.366054e-002  0.000000e+000
 5.120000e+002  8.871692e-002  0.000000e+000
