 0.000000e+000  2.237972e-005  0.000000e+000
 1.000000e+000 -1.954198e-006 -1.150740e-006
 2.000000e+000 -2.393915e-006 -5.705452e-007
 3.000000e+000 -2.569315e-006 -3.703303e-007
 4.000000e+000 -2.633177e-006 -7.255611e-008
 5.000000e+000 -2.779417e-006  4.215291e-008
 6.000000e+000 -2.818230e-006  6.282058e-008
 7.000000e+000 -2.955089e-006  2.469788e-007
 8.000000e+000 -2.855359e-006  4.065571e-007
 9.000000e+000 -3.103727e-006  4.982502e-007
 1.000000e+001 -3.266799e-006  5.044507e-007
 1.100000e+001 -3.420042e-006  6.931921e-007
 1.200000e+001 -3.633327e-006  8.680535e-007
 1.300000e+001 -3.963811e-006  1.001793e-006
 1.400000e+001 -4.469909e-006  1.344659e-006
 1.500000e+001 -4.717264e-006  1.329638e-006
 1.600000e+001 -5.301245e-006  1.780416e-006
 1.700000e+001 -6.176035e-006  2.207479e-006
 1.800000e+001 -1.093105e-004  1.558462e-005
 1.900000e+001 -1.008865e-005  3.646586e-006
 2.000000e+001 -1.474955e-005  5.850453e-006
 2.100000e+001 -2.479837e-005  1.073810e-005
 2.200000e+001 -8.412732e-005  1.125884e-004
 2.300000e+001  4.147564e-005 -1.391725e-005
 2.400000e+001  1.684668e-005 -6.840841e-006
 2.500000e+001  1.074760e-005 -4.542822e-006
 2.600000e+001  7.513231e-006 -3.381946e-006
 2.700000e+001  5.936314e-006 -2.815864e-006
 2.800000e+001  4.707967e-006 -2.358623e-006
 2.900000e+001  4.059145e-006 -1.903178e-006
 3.000000e+001  3.334175e-006 -1.824306e-006
 3.100000e+001  2.945160e-006 -1.533772e-006
 3.200000e+001  2.560116e-006 -1.449373e-006
 3.300000e+001  2.419330e-006 -1.276620e-006
 3.400000e+001  1.998068e-006 -1.158025e-006
 3.500000e+001  1.847889e-006 -1.147852e-006
 3.600000e+001  5.153499e-006 -3.390292e-006
 3.700000e+001  1.542421e-006 -9.730951e-007
 3.800000e+001  1.426374e-006 -8.636900e-007
 3.900000e+001  1.279725e-006 -8.232417e-007
 4.000000e+001  1.210765e-006 -7.998972e-007
 4.100000e+001  9.478045e-007 -6.520416e-007
 4.200000e+001  7.424675e-007 -6.210281e-007
 4.300000e+001  8.987977e-007 -7.111132e-007
 4.400000e+001  9.211261e-007 -6.042725e-007
 4.500000e+001  7.964848e-007 -6.314384e-007
 4.600000e+001  7.368923e-007 -6.090907e-007
 4.700000e+001  4.978046e-007 -6.129297e-007
 4.800000e+001  5.073861e-007 -4.826216e-007
 4.900000e+001  5.502047e-007 -4.586231e-007
 5.000000e+001  4.667946e-007 -3.676019e-007
 5.100000e+001  4.544778e-007 -3.594095e-007
 5.200000e+001  3.438246e-007 -2.532000e-007
 5.300000e+001  2.915073e-007 -2.487997e-007
 5.400000e+001 -1.871668e-006  5.303918e-006
 5.500000e+001  7.926959e-008 -7.624635e-007
 5.600000e+001  1.070783e-007 -4.705665e-007
 5.700000e+001  4.996757e-009 -5.186303e-007
 5.800000e+001 -6.271458e-010 -5.350514e-007
 5.900000e+001 -6.872387e-008 -5.046697e-007
 6.000000e+001 -5.792354e-008 -6.722302e-007
 6.100000e+001 -3.396926e-007 -5.949982e-007
 6.200000e+001 -4.065658e-007 -3.391120e-007
 6.300000e+001 -5.162749e-007 -3.703716e-007
 6.400000e+001 -6.333174e-007 -4.730568e-007
 6.500000e+001 -1.080167e-006 -4.713992e-007
 6.600000e+001  2.668941e-007 -8.458313e-007
 6.700000e+001 -7.423746e-007 -5.308870e-007
 6.800000e+001 -8.625571e-007 -4.133040e-007
 6.900000e+001 -1.270529e-006 -5.591662e-007
 7.000000e+001 -1.238905e-006 -6.553107e-007
 7.100000e+001 -1.723540e-006 -6.723313e-007
 7.200000e+001 -1.202383e-006 -2.055612e-006
 7.300000e+001 -2.253636e-006 -3.965076e-007
 7.400000e+001 -2.820990e-006 -7.457959e-007
 7.500000e+001 -3.867826e-006 -7.146073e-007
 7.600000e+001 -5.263370e-006 -1.579639e-006
 7.700000e+001 -8.958970e-006 -1.132556e-006
 7.800000e+001 -1.927204e-005  5.113834e-007
 7.900000e+001  1.508779e-005  5.170888e-005
 8.000000e+001  1.374379e-005  7.515994e-006
 8.100000e+001  7.946249e-006  3.124031e-006
 8.200000e+001  5.650223e-006  2.026896e-006
 8.300000e+001  4.379777e-006  1.490637e-006
 8.400000e+001  3.570516e-006  1.244025e-006
 8.500000e+001  3.135816e-006  9.841147e-007
 8.600000e+001  2.892422e-006  1.037643e-006
 8.700000e+001  2.438970e-006  7.695806e-007
 8.800000e+001  2.356409e-006  6.208233e-007
 8.900000e+001  2.155836e-006  6.678138e-007
 9.000000e+001  1.868000e-006  4.651598e-007
 9.100000e+001  1.693786e-006  6.736735e-007
 9.200000e+001  1.687043e-006  5.784104e-007
 9.300000e+001  1.590496e-006  5.447155e-007
 9.400000e+001  1.425704e-006  5.117328e-007
 9.500000e+001  1.393490e-006  4.568638e-007
 9.600000e+001  1.351413e-006  4.437983e-007
 9.700000e+001  1.220835e-006  3.544411e-007
 9.800000e+001  1.127014e-006  4.390347e-007
 9.900000e+001  1.049951e-006  3.961249e-007
 1.000000e+002  1.015639e-006  3.406461e-007
 1.010000e+002  8.200280e-007  3.878704e-007
 1.020000e+002  9.750432e-007  9.318981e-008
 1.030000e+002  8.660726e-007  3.979875e-007
 1.040000e+002  9.157680e-007  4.548802e-007
 1.050000e+002  8.877022e-007  9.803125e-008
 1.060000e+002  7.370706e-007  3.810835e-007
 1.070000e+002  6.126344e-007  2.901162e-007
 1.080000e+002  4.024797e-006  1.956022e-006
 1.090000e+002  1.060197e-006 -7.966842e-008
 1.100000e+002  7.823256e-007 -1.838716e-007
 1.110000e+002  8.650386e-007  2.531137e-007
 1.120000e+002  7.891540e-007  2.016122e-007
 1.130000e+002  5.160719e-007  4.003010e-008
 1.140000e+002  5.331350e-007  2.611394e-007
 1.150000e+002  3.030539e-008  4.268624e-007
 1.160000e+002  5.937764e-007  5.005273e-007
 1.170000e+002  5.364769e-007  2.772632e-007
 1.180000e+002  4.987481e-007  3.037528e-007
 1.190000e+002  4.306494e-007  2.881495e-007
 1.200000e+002  6.237749e-007  4.391814e-007
 1.210000e+002  5.625023e-007  2.846125e-007
 1.220000e+002  4.419805e-007  1.686322e-007
 1.230000e+002  5.104703e-007  2.464582e-007
 1.240000e+002  4.232052e-007  3.546721e-007
 1.250000e+002  4.098861e-007  1.940377e-007
 1.260000e+002 -6.300323e-008  1.628614e-006
 1.270000e+002  2.510722e-007  2.848206e-007
 1.280000e+002  3.435933e-007  3.496946e-007
 1.290000e+002  2.921205e-007  2.836593e-007
 1.300000e+002  3.065911e-007  2.651870e-007
 1.310000e+002  2.837141e-007  2.842752e-007
 1.320000e+002  4.434784e-007  3.651040e-007
 1.330000e+002  2.915378e-007  2.678788e-007
 1.340000e+002  2.124044e-007  3.168943e-007
 1.350000e+002  3.022637e-007  2.813172e-007
 1.360000e+002  2.638189e-007  2.604778e-007
 1.370000e+002  2.368187e-007  2.899676e-007
 1.380000e+002  1.052109e-007  3.343918e-008
 1.390000e+002  2.846027e-007  2.944048e-007
 1.400000e+002  2.764054e-007  2.785643e-007
 1.410000e+002  2.493909e-007  3.097157e-007
 1.420000e+002  1.566590e-007  2.824282e-007
 1.430000e+002  1.995806e-007  3.404125e-007
 1.440000e+002  8.128648e-007 -7.959673e-007
 1.450000e+002  1.966713e-007  2.204238e-007
 1.460000e+002  1.137781e-007  2.738660e-007
 1.470000e+002  1.835876e-007  2.211577e-007
 1.480000e+002  1.950483e-007  3.196186e-007
 1.490000e+002  1.748088e-007  3.342362e-007
 1.500000e+002  2.848138e-007  5.112212e-007
 1.510000e+002  1.708198e-007 -1.887716e-007
 1.520000e+002  1.089794e-007  1.098199e-007
 1.530000e+002  1.684606e-007  1.215544e-007
 1.540000e+002  1.593676e-007  2.121722e-007
 1.550000e+002  9.901330e-008  1.373273e-007
 1.560000e+002  1.342843e-007  1.345616e-007
 1.570000e+002  1.161923e-007  1.259434e-007
 1.580000e+002  5.970720e-008  8.119472e-008
 1.590000e+002  4.905147e-008  1.349305e-007
 1.600000e+002 -2.774288e-008  1.790228e-007
 1.610000e+002 -2.568075e-008  1.064139e-007
 1.620000e+002  1.079672e-007 -3.262103e-007
 1.630000e+002  5.190319e-007  3.361350e-007
 1.640000e+002  2.911144e-007  2.203570e-007
 1.650000e+002  2.466648e-007  1.357014e-007
 1.660000e+002  1.248121e-007  1.500501e-007
 1.670000e+002  1.113314e-007  1.464417e-007
 1.680000e+002  8.568858e-008  6.107524e-008
 1.690000e+002  9.811816e-008  8.986034e-008
 1.700000e+002  1.366047e-007  7.402912e-008
 1.710000e+002  1.540450e-007  4.507443e-008
 1.720000e+002  1.150942e-007 -2.500295e-008
 1.730000e+002  2.270997e-007 -1.813098e-007
 1.740000e+002  7.068391e-007 -2.290200e-006
 1.750000e+002 -1.737681e-007  5.854953e-007
 1.760000e+002 -7.091762e-008  3.574146e-007
 1.770000e+002 -5.373919e-008  2.707139e-007
 1.780000e+002 -2.884294e-008  2.937134e-007
 1.790000e+002 -9.687776e-008  2.825358e-007
 1.800000e+002 -1.423396e-006  1.036107e-007
 1.810000e+002 -4.584895e-008  1.737535e-007
 1.820000e+002 -4.954501e-008  1.217977e-007
 1.830000e+002 -3.216827e-008  1.030733e-007
 1.840000e+002 -4.080701e-008  2.864698e-007
 1.850000e+002 -1.194210e-007  3.008395e-007
 1.860000e+002  3.279470e-007 -8.014881e-007
 1.870000e+002  1.404459e-007 -2.042424e-008
 1.880000e+002 -1.019822e-008  8.106857e-008
 1.890000e+002  3.827175e-008  5.682847e-008
 1.900000e+002 -5.761871e-009  1.402330e-007
 1.910000e+002  4.751166e-008  7.325504e-008
 1.920000e+002 -5.006194e-008  3.436846e-008
 1.930000e+002 -3.672465e-008  1.186337e-007
 1.940000e+002  1.395949e-008  1.318575e-007
 1.950000e+002 -1.291854e-008  4.276458e-008
 1.960000e+002  5.772140e-009  7.904667e-008
 1.970000e+002 -7.522359e-008  9.948791e-008
 1.980000e+002 -1.502090e-007 -8.055224e-007
 1.990000e+002  7.900487e-008 -3.244123e-008
 2.000000e+002  8.302948e-008 -7.396706e-008
 2.010000e+002 -4.735373e-008 -2.089134e-008
 2.020000e+002 -1.177388e-008  4.044423e-008
 2.030000e+002  7.834347e-009 -3.662822e-008
 2.040000e+002  8.985267e-009  2.073424e-009
 2.050000e+002 -2.038427e-008  3.377048e-009
 2.060000e+002  5.287759e-008 -7.077191e-008
 2.070000e+002  2.590777e-008  3.403213e-008
 2.080000e+002  3.852349e-008 -3.193726e-008
 2.090000e+002 -4.471265e-008 -4.350743e-008
 2.100000e+002 -3.289827e-008 -9.804246e-008
 2.110000e+002  2.003575e-008 -5.824628e-008
 2.120000e+002 -4.222319e-009 -7.214433e-008
 2.130000e+002 -5.585258e-008 -4.032308e-008
 2.140000e+002 -2.170815e-009  6.946963e-009
 2.150000e+002 -2.405582e-008 -3.819624e-008
 2.160000e+002  9.542851e-008 -2.734340e-007
 2.170000e+002  1.974226e-007 -1.222661e-007
 2.180000e+002  2.014120e-007 -5.695820e-008
 2.190000e+002  9.089341e-008 -1.621641e-007
 2.200000e+002  1.170761e-007 -1.058549e-007
 2.210000e+002  1.052714e-007 -4.936249e-008
 2.220000e+002 -2.482493e-007  5.567511e-008
 2.230000e+002 -1.929849e-008  2.008882e-008
 2.240000e+002 -5.751449e-008 -2.888595e-008
 2.250000e+002  5.474454e-008 -2.647300e-008
 2.260000e+002  4.490412e-008  2.124941e-008
 2.270000e+002  7.170297e-008 -4.225200e-008
 2.280000e+002  1.440882e-007 -2.284560e-007
 2.290000e+002  7.496904e-008 -9.281150e-008
 2.300000e+002  1.279806e-007 -9.654928e-008
 2.310000e+002  1.536442e-007 -8.991937e-008
 2.320000e+002  6.651721e-008 -1.080518e-007
 2.330000e+002  2.118720e-008 -8.222727e-008
 2.340000e+002  9.625255e-007 -6.709274e-007
 2.350000e+002  2.873636e-007 -8.323878e-008
 2.360000e+002  1.221051e-007 -2.146472e-007
 2.370000e+002  3.354109e-008 -1.626767e-007
 2.380000e+002 -1.366330e-008 -2.602154e-007
 2.390000e+002  5.266566e-008 -2.555349e-007
 2.400000e+002  1.631428e-007 -1.931513e-007
 2.410000e+002 -4.227901e-008 -1.104582e-007
 2.420000e+002  6.130649e-008 -5.933107e-008
 2.430000e+002  3.270587e-008 -1.418932e-007
 2.440000e+002  1.061651e-008 -7.700329e-008
 2.450000e+002  2.446469e-008 -1.514220e-007
 2.460000e+002  7.305055e-009 -9.913503e-008
 2.470000e+002 -2.656580e-008 -2.216209e-007
 2.480000e+002  1.368775e-007 -1.990794e-007
 2.490000e+002 -6.625072e-008 -2.548632e-007
 2.500000e+002  1.123181e-007 -2.498419e-007
 2.510000e+002  1.368753e-007 -3.479663e-007
 2.520000e+002  1.647941e-007 -5.155269e-007
 2.530000e+002  1.106218e-007 -3.714618e-007
 2.540000e+002  1.712595e-007 -2.100876e-007
 2.550000e+002  2.537480e-008 -1.843595e-007
 2.560000e+002 -3.319603e-008 -8.516689e-008
 2.570000e+002  4.166454e-008 -1.230796e-007
 2.580000e+002  6.232972e-007 -3.355699e-007
 2.590000e+002  5.605218e-007  1.385312e-007
 2.600000e+002  8.956852e-009 -1.833413e-007
 2.610000e+002  1.688535e-007 -2.065890e-007
 2.620000e+002  1.327024e-007 -4.805275e-009
 2.630000e+002  5.735163e-008 -1.216982e-007
 2.640000e+002  8.879833e-008 -1.357881e-007
 2.650000e+002  1.215422e-007 -1.961610e-007
 2.660000e+002  3.543422e-008 -4.516324e-008
 2.670000e+002  1.078740e-007 -2.088764e-007
 2.680000e+002  2.191228e-008 -1.163823e-007
 2.690000e+002  4.409812e-009 -1.887397e-007
 2.700000e+002  1.050192e-007 -2.936747e-007
 2.710000e+002  5.664664e-007  4.442712e-007
 2.720000e+002  3.007605e-007 -3.229600e-008
 2.730000e+002  4.011032e-007 -6.197668e-008
 2.740000e+002  2.938500e-007 -1.044371e-007
 2.750000e+002  2.507139e-007 -5.928725e-008
 2.760000e+002  3.162664e-007 -1.370085e-007
 2.770000e+002  3.191115e-007 -6.903202e-008
 2.780000e+002  2.524502e-007 -5.425932e-010
 2.790000e+002  2.940988e-007 -1.102749e-007
 2.800000e+002  3.626201e-007 -2.188103e-007
 2.810000e+002  5.542479e-007 -2.983920e-007
 2.820000e+002  1.267219e-006 -7.775784e-007
 2.830000e+002 -1.497811e-007  3.989430e-007
 2.840000e+002  1.838735e-008  7.241523e-008
 2.850000e+002  6.093131e-008  7.657775e-008
 2.860000e+002  1.220877e-007  6.981265e-008
 2.870000e+002  2.499539e-007  1.934484e-007
 2.880000e+002  1.835737e-007 -6.393217e-007
 2.890000e+002  2.100246e-007 -7.131878e-008
 2.900000e+002  1.727324e-007 -4.292990e-008
 2.910000e+002  2.825797e-007 -5.027907e-008
 2.920000e+002  3.278322e-007 -1.211821e-007
 2.930000e+002  2.549001e-007 -1.627367e-007
 2.940000e+002  5.790003e-007 -2.705826e-007
 2.950000e+002  2.534029e-007  1.585817e-009
 2.960000e+002  3.168324e-007 -4.077842e-008
 2.970000e+002  2.702543e-007 -1.080582e-007
 2.980000e+002  3.507831e-007 -8.568567e-008
 2.990000e+002  2.345797e-007 -4.307547e-008
 3.000000e+002  1.500291e-007  9.465149e-008
 3.010000e+002  2.592431e-007 -1.720783e-008
 3.020000e+002  2.623404e-007 -1.133833e-007
 3.030000e+002  3.844917e-007 -3.355574e-008
 3.040000e+002  2.818811e-007  5.191089e-008
 3.050000e+002  3.351719e-007 -2.410834e-008
 3.060000e+002  2.984539e-007 -6.069478e-008
 3.070000e+002  5.011550e-007  6.213792e-008
 3.080000e+002  2.901295e-007 -3.624605e-008
 3.090000e+002  2.962704e-007 -2.482572e-008
 3.100000e+002  3.726646e-007  3.929219e-009
 3.110000e+002  4.266250e-007 -1.331740e-007
 3.120000e+002  3.166293e-007 -1.667928e-007
 3.130000e+002  4.261803e-007  3.891084e-008
 3.140000e+002  3.555829e-007 -1.562441e-007
 3.150000e+002  3.423243e-007 -1.623665e-007
 3.160000e+002  3.465722e-007 -6.130843e-008
 3.170000e+002  4.760870e-007 -4.780315e-008
 3.180000e+002  2.348694e-007 -3.944832e-007
 3.190000e+002  3.532499e-007 -1.067730e-007
 3.200000e+002  2.954570e-007 -3.484663e-007
 3.210000e+002  2.711044e-007 -2.221357e-007
 3.220000e+002  2.813620e-007 -1.537419e-007
 3.230000e+002  3.715108e-007 -2.590887e-007
 3.240000e+002  7.246684e-007 -4.921275e-007
 3.250000e+002  2.741590e-007 -1.599592e-007
 3.260000e+002  2.628453e-007 -2.382818e-007
 3.270000e+002  1.704659e-007 -2.366060e-007
 3.280000e+002  3.054068e-007 -3.044055e-007
 3.290000e+002  3.895995e-007 -1.081956e-007
 3.300000e+002 -1.175847e-008 -1.592088e-007
 3.310000e+002 -5.618771e-008 -2.656476e-007
 3.320000e+002  2.457223e-008 -2.745106e-007
 3.330000e+002  4.566608e-008 -2.154840e-007
 3.340000e+002 -3.286999e-008 -2.651857e-007
 3.350000e+002  4.092469e-008 -8.898536e-008
 3.360000e+002  3.474669e-008 -9.999111e-008
 3.370000e+002  5.020182e-008 -1.579789e-007
 3.380000e+002  4.649471e-010 -1.469536e-007
 3.390000e+002  1.705831e-008 -5.150268e-008
 3.400000e+002 -1.432902e-007 -7.101103e-008
 3.410000e+002 -2.416636e-007 -8.328271e-008
 3.420000e+002  2.476116e-007 -2.588987e-008
 3.430000e+002  3.970204e-007  4.664232e-008
 3.440000e+002 -9.719428e-009  5.778305e-008
 3.450000e+002 -9.738105e-008  3.067369e-008
 3.460000e+002  2.791345e-008 -4.271896e-008
 3.470000e+002 -3.427877e-008  1.939022e-008
 3.480000e+002 -3.745149e-008  7.130711e-008
 3.490000e+002  2.097301e-007  1.812391e-008
 3.500000e+002  1.391600e-007  7.736428e-008
 3.510000e+002  3.027965e-008 -2.806168e-008
 3.520000e+002  1.103632e-007 -9.284946e-008
 3.530000e+002  4.342815e-008  1.474042e-008
 3.540000e+002  8.786536e-008  8.782823e-008
 3.550000e+002  9.071082e-008  1.835493e-008
 3.560000e+002  4.939021e-008  1.791725e-007
 3.570000e+002  2.990919e-008  1.246955e-007
 3.580000e+002  5.443225e-009 -3.839407e-009
 3.590000e+002  2.071154e-010  4.204677e-008
 3.600000e+002  1.682824e-007 -5.202767e-007
 3.610000e+002  1.374216e-007  2.798586e-007
 3.620000e+002 -9.870008e-009  1.540152e-007
 3.630000e+002  1.860176e-008  1.798134e-007
 3.640000e+002  3.444273e-008  6.926872e-008
 3.650000e+002  7.418865e-008  1.973917e-007
 3.660000e+002 -1.186465e-007  4.412328e-008
 3.670000e+002 -2.120190e-008  2.471212e-007
 3.680000e+002  7.250453e-008 -8.900537e-009
 3.690000e+002 -3.256907e-008 -3.289654e-009
 3.700000e+002  1.821084e-007  1.495723e-007
 3.710000e+002  2.655367e-008  5.872846e-008
 3.720000e+002  3.160620e-008  1.922558e-007
 3.730000e+002 -3.749009e-009 -2.749441e-009
 3.740000e+002 -3.585030e-008  5.148440e-008
 3.750000e+002 -2.035086e-008  1.603303e-007
 3.760000e+002  1.061381e-008  8.359939e-008
 3.770000e+002 -1.676036e-008  7.416343e-008
 3.780000e+002  4.847271e-007  5.972052e-007
 3.790000e+002 -1.423344e-007  1.042072e-006
 3.800000e+002 -8.116899e-008  3.935747e-008
 3.810000e+002 -7.738377e-008  4.317772e-008
 3.820000e+002 -1.197867e-009  2.410508e-007
 3.830000e+002 -4.804148e-008 -1.312475e-008
 3.840000e+002 -7.583113e-008  2.450189e-007
 3.850000e+002  7.599785e-008  2.389251e-007
 3.860000e+002 -6.786617e-008  1.356022e-007
 3.870000e+002  2.535009e-008  1.998154e-007
 3.880000e+002 -7.620987e-008 -2.625596e-008
 3.890000e+002  6.129264e-008  1.649329e-007
 3.900000e+002 -7.624153e-008  2.372217e-007
 3.910000e+002 -3.186976e-007  2.417235e-007
 3.920000e+002 -1.184466e-007  3.877398e-008
 3.930000e+002 -1.366326e-007  1.663886e-007
 3.940000e+002 -1.633277e-007  3.963681e-008
 3.950000e+002 -2.299032e-008  1.294819e-007
 3.960000e+002 -2.199006e-007  2.666734e-007
 3.970000e+002 -8.984419e-008  4.162712e-008
 3.980000e+002 -6.224260e-008  3.954256e-008
 3.990000e+002 -1.125621e-007  1.679505e-007
 4.000000e+002 -3.974963e-007  1.248469e-007
 4.010000e+002 -1.729511e-007  3.995461e-008
 4.020000e+002 -5.549168e-007  9.239880e-008
 4.030000e+002  2.086086e-007  1.490758e-007
 4.040000e+002 -3.675162e-008  2.919469e-008
 4.050000e+002  7.732334e-008  2.040084e-008
 4.060000e+002 -8.014423e-008  9.302115e-008
 4.070000e+002 -1.490245e-007  9.218995e-009
 4.080000e+002 -4.772631e-008 -3.220207e-008
 4.090000e+002 -2.015190e-007  1.357766e-007
 4.100000e+002 -9.920042e-008 -1.051860e-007
 4.110000e+002 -1.248504e-007  4.665245e-009
 4.120000e+002 -8.501581e-008  2.066231e-007
 4.130000e+002  3.461250e-008  5.146009e-008
 4.140000e+002  5.563942e-007  1.444210e-007
 4.150000e+002 -6.087817e-007  9.074156e-007
 4.160000e+002 -1.069953e-007  4.191220e-008
 4.170000e+002 -1.097405e-007 -3.684799e-008
 4.180000e+002 -1.678823e-007 -5.289012e-010
 4.190000e+002 -7.006882e-008 -3.680030e-008
 4.200000e+002 -1.976763e-007  2.781804e-007
 4.210000e+002 -6.090504e-008  3.389728e-009
 4.220000e+002 -1.234966e-007  1.249654e-007
 4.230000e+002 -1.896249e-007  1.658893e-008
 4.240000e+002  1.365054e-007 -6.262826e-009
 4.250000e+002  1.060774e-007 -7.816149e-008
 4.260000e+002 -3.761015e-007 -1.144209e-007
 4.270000e+002  1.350094e-008 -1.371931e-007
 4.280000e+002 -1.136549e-007 -1.919308e-007
 4.290000e+002 -2.239490e-007  1.370359e-008
 4.300000e+002 -7.738448e-008 -1.807668e-007
 4.310000e+002 -2.565816e-007  1.768609e-008
 4.320000e+002 -1.494431e-008 -1.457830e-007
 4.330000e+002 -1.464602e-007  8.920924e-008
 4.340000e+002 -2.272513e-007 -1.195996e-007
 4.350000e+002 -1.109197e-007  9.416961e-008
 4.360000e+002 -1.529351e-007 -9.449279e-008
 4.370000e+002 -1.178626e-007  1.680650e-007
 4.380000e+002 -2.956480e-007 -1.618493e-007
 4.390000e+002 -1.339847e-007 -9.541982e-008
 4.400000e+002 -2.557070e-007 -9.005686e-008
 4.410000e+002 -9.904559e-008 -2.283195e-007
 4.420000e+002 -1.317096e-007 -1.076098e-007
 4.430000e+002 -1.109982e-007 -2.545455e-007
 4.440000e+002 -1.495281e-007 -1.508592e-007
 4.450000e+002 -2.252828e-007 -2.929974e-007
 4.460000e+002 -1.030893e-007 -9.160941e-008
 4.470000e+002 -8.698670e-008 -2.086318e-007
 4.480000e+002 -1.272822e-007 -2.690113e-007
 4.490000e+002 -8.028679e-008 -2.508657e-007
 4.500000e+002 -5.868123e-008 -2.647463e-007
 4.510000e+002 -4.495808e-007  1.955993e-007
 4.520000e+002 -1.537600e-007 -1.329332e-007
 4.530000e+002 -6.108883e-008 -9.409095e-008
 4.540000e+002 -1.075779e-007  2.103969e-008
 4.550000e+002 -2.150149e-007 -1.947226e-007
 4.560000e+002 -7.198910e-008 -2.227964e-007
 4.570000e+002 -2.694933e-007 -5.034061e-008
 4.580000e+002 -2.469404e-007 -1.343559e-007
 4.590000e+002 -1.678826e-008 -2.696057e-007
 4.600000e+002 -1.923326e-007 -1.552717e-007
 4.610000e+002 -5.832137e-008 -1.479978e-007
 4.620000e+002  1.625366e-007 -8.139729e-008
 4.630000e+002  3.144882e-008 -1.669776e-007
 4.640000e+002  4.696890e-008 -1.010559e-009
 4.650000e+002  3.590010e-008 -1.318815e-007
 4.660000e+002  3.105414e-008 -7.845871e-008
 4.670000e+002 -2.617970e-008 -8.508093e-008
 4.680000e+002 -2.286943e-008 -1.706321e-007
 4.690000e+002 -7.481797e-008  1.703016e-007
 4.700000e+002 -8.154675e-008 -1.150881e-007
 4.710000e+002 -3.996320e-008 -2.476884e-007
 4.720000e+002 -2.706436e-008 -5.137883e-008
 4.730000e+002 -5.099689e-008 -6.945868e-008
 4.740000e+002 -9.384238e-008 -4.244173e-008
 4.750000e+002 -2.482117e-007  2.298699e-008
 4.760000e+002  1.915905e-007 -3.322130e-007
 4.770000e+002 -6.029030e-008 -2.581326e-007
 4.780000e+002  3.381206e-008 -1.696708e-007
 4.790000e+002  3.053778e-008 -1.784032e-007
 4.800000e+002  4.922069e-009 -6.796897e-008
 4.810000e+002 -1.632112e-008 -1.372923e-007
 4.820000e+002  1.100628e-007 -1.251353e-007
 4.830000e+002  7.807693e-008 -1.306290e-007
 4.840000e+002  1.224740e-008 -1.120392e-007
 4.850000e+002  9.181284e-008 -1.392035e-007
 4.860000e+002 -1.664460e-007 -8.086203e-008
 4.870000e+002 -8.280041e-007 -3.500962e-007
 4.880000e+002  3.543810e-007 -1.086984e-007
 4.890000e+002  1.431658e-007 -1.508813e-007
 4.900000e+002  2.852103e-007  5.850917e-008
 4.910000e+002  1.672982e-007 -7.614757e-008
 4.920000e+002  2.052311e-007 -4.996247e-008
 4.930000e+002  1.147125e-007 -8.948141e-010
 4.940000e+002 -5.526573e-008 -9.552206e-008
 4.950000e+002  1.093568e-007  2.231170e-008
 4.960000e+002  4.613119e-008 -1.584447e-007
 4.970000e+002  1.441956e-007 -2.342214e-008
 4.980000e+002  2.244990e-007 -2.962184e-007
 4.990000e+002  4.922178e-009 -4.022929e-008
 5.000000e+002  1.803302e-007 -4.831954e-008
 5.010000e+002  5.898488e-008 -5.034572e-008
 5.020000e+002  6.955457e-008 -4.995971e-008
 5.030000e+002  7.919657e-008 -5.469749e-008
 5.040000e+002  6.344648e-008  6.802265e-008
 5.050000e+002  1.193968e-007 -4.901165e-008
 5.060000e+002  2.191071e-007 -7.676691e-008
 5.070000e+002  1.073217e-007 -9.852665e-008
 5.080000e+002  7.186961e-008 -3.855845e-008
 5.090000e+002  1.088335e-007  1.813316e-008
 5.100000e+002  2.267572e-007  2.608149e-008
 5.110000e+002  1.603536e-008  7.854853e-008
 5.120000e+002 -6.486794e-008 -6.722067e-011
