 0.000000e+000  3.675497e-007  0.000000e+000
 1.000000e+000 -1.113526e-006 -1.433667e-006
 2.000000e+000 -1.725380e-006 -8.322798e-007
 3.000000e+000 -1.944594e-006 -1.913408e-007
 4.000000e+000 -1.676751e-006 -4.204240e-007
 5.000000e+000 -2.070800e-006 -8.244833e-007
 6.000000e+000 -2.377483e-006  3.097358e-007
 7.000000e+000 -1.987202e-006 -3.604664e-007
 8.000000e+000 -1.786563e-006  3.116525e-008
 9.000000e+000 -2.248380e-006  8.000435e-008
 1.000000e+001 -1.964479e-006 -3.296686e-007
 1.100000e+001 -2.264965e-006 -2.847897e-007
 1.200000e+001 -2.357963e-006 -3.409849e-007
 1.300000e+001 -2.981884e-006 -3.329266e-007
 1.400000e+001 -2.735717e-006  2.189543e-007
 1.500000e+001 -2.221397e-006  3.639903e-005
 1.600000e+001 -2.905535e-006 -3.583058e-007
 1.700000e+001 -3.373487e-006 -8.265549e-007
 1.800000e+001 -3.827485e-006 -2.140156e-006
 1.900000e+001 -5.072153e-006 -1.099719e-006
 2.000000e+001 -7.084380e-006 -1.971863e-006
 2.100000e+001 -1.386634e-005 -3.750448e-006
 2.200000e+001  1.701944e-005  2.525641e-004
 2.300000e+001  1.308328e-005  2.432191e-006
 2.400000e+001  4.989193e-006  7.087510e-007
 2.500000e+001  3.088070e-006  1.208891e-006
 2.600000e+001  2.082401e-006  3.552350e-007
 2.700000e+001  1.328671e-006  4.285651e-007
 2.800000e+001  1.267468e-006  1.299355e-007
 2.900000e+001  9.074315e-007  7.797882e-007
 3.000000e+001 -1.265286e-006  7.542947e-006
 3.100000e+001  5.930208e-007  3.359437e-007
 3.200000e+001  2.294429e-007  1.698784e-007
 3.300000e+001 -7.684695e-008  3.206707e-007
 3.400000e+001  1.569799e-009  1.389224e-007
 3.500000e+001  4.125033e-007 -1.251477e-007
 3.600000e+001 -2.399141e-007  7.144699e-008
 3.700000e+001 -3.881298e-007  1.738297e-007
 3.800000e+001 -6.394461e-007 -4.118640e-008
 3.900000e+001 -5.127071e-007 -1.905743e-008
 4.000000e+001 -7.034354e-008 -9.975643e-009
 4.100000e+001 -4.795970e-007 -3.814338e-008
 4.200000e+001 -1.368296e-007  9.824770e-008
 4.300000e+001 -1.117358e-006 -5.760321e-007
 4.400000e+001 -8.322993e-007 -5.340119e-007
 4.500000e+001 -4.836199e-006 -2.512949e-006
 4.600000e+001  1.382587e-007  5.672730e-007
 4.700000e+001  5.634419e-008  2.337487e-007
 4.800000e+001 -3.063553e-007  8.813817e-012
 4.900000e+001 -1.213433e-007 -1.658697e-007
 5.000000e+001 -5.912801e-007 -9.232485e-008
 5.100000e+001 -5.429693e-007 -7.787906e-009
 5.200000e+001 -8.118038e-007  1.537875e-007
 5.300000e+001 -1.036781e-006 -1.755636e-007
 5.400000e+001 -8.215011e-007 -1.279754e-007
 5.500000e+001 -7.750390e-007  1.286608e-007
 5.600000e+001 -1.077381e-006 -2.726358e-009
 5.700000e+001 -1.141343e-006 -1.587953e-007
 5.800000e+001 -1.129382e-006 -1.578904e-007
 5.900000e+001 -1.272340e-006  4.521598e-008
 6.000000e+001 -2.821788e-006  5.421070e-007
 6.100000e+001 -1.362235e-006  2.168434e-007
 6.200000e+001 -1.620400e-006  1.129306e-007
 6.300000e+001 -1.702042e-006 -4.366871e-007
 6.400000e+001 -1.372786e-006 -1.379737e-007
 6.500000e+001 -1.433006e-006  6.501593e-008
 6.600000e+001 -1.771211e-006  2.690703e-007
 6.700000e+001 -2.114248e-006 -3.452063e-007
 6.800000e+001 -2.553877e-006  2.637502e-007
 6.900000e+001 -3.210189e-006  5.105090e-007
 7.000000e+001 -4.194209e-006  4.561603e-009
 7.100000e+001 -5.662561e-006  9.836350e-007
 7.200000e+001 -1.169917e-005  8.639027e-006
 7.300000e+001  9.189542e-006  8.001433e-006
 7.400000e+001  4.046787e-006  1.831592e-006
 7.500000e+001  6.007753e-006  1.676627e-006
 7.600000e+001  1.531426e-006  1.022263e-006
 7.700000e+001  1.623375e-006  1.180430e-006
 7.800000e+001  8.218688e-007  8.383351e-007
 7.900000e+001  5.987626e-007  3.506831e-007
 8.000000e+001  8.958192e-007  7.903280e-007
 8.100000e+001  5.174278e-007  4.479339e-007
 8.200000e+001  3.150811e-007  7.829066e-007
 8.300000e+001  9.361952e-007  8.188331e-007
 8.400000e+001 -5.469886e-008  4.337658e-007
 8.500000e+001  2.947696e-007  6.064582e-007
 8.600000e+001  3.497064e-007  3.433473e-007
 8.700000e+001  2.028609e-007  6.052952e-007
 8.800000e+001 -8.000573e-007  5.097151e-007
 8.900000e+001 -1.023228e-006  1.348227e-006
 9.000000e+001  3.813960e-006  4.879032e-006
 9.100000e+001  2.351967e-006  9.263269e-007
 9.200000e+001  1.620233e-006  3.857550e-007
 9.300000e+001  1.677971e-006  7.884061e-010
 9.400000e+001  1.550979e-006  3.407136e-007
 9.500000e+001  1.310426e-006  4.104882e-007
 9.600000e+001  1.169600e-006  3.177395e-007
 9.700000e+001  1.059209e-006  4.326981e-007
 9.800000e+001  1.400637e-006 -1.941929e-007
 9.900000e+001  7.558595e-007 -5.894635e-008
 1.000000e+002  7.601500e-007 -3.502279e-007
 1.010000e+002  7.846135e-007 -1.326512e-007
 1.020000e+002  2.240124e-007 -4.202540e-007
 1.030000e+002  6.535540e-007  1.268755e-007
 1.040000e+002  3.369172e-008  1.542087e-007
 1.050000e+002  2.439652e-006 -1.164039e-006
 1.060000e+002  3.966936e-007 -8.311074e-008
 1.070000e+002  6.756058e-007 -1.634283e-007
 1.080000e+002  8.531697e-007 -2.756142e-007
 1.090000e+002  1.228276e-006 -2.500267e-007
 1.100000e+002  4.888310e-007 -3.950990e-007
 1.110000e+002  5.369986e-007 -2.880231e-007
 1.120000e+002 -2.984880e-008  1.652339e-007
 1.130000e+002  2.766038e-007  5.248568e-008
 1.140000e+002  1.065741e-006 -2.030724e-007
 1.150000e+002  1.514746e-007 -2.062940e-007
 1.160000e+002  2.890814e-007 -3.321102e-007
 1.170000e+002  3.775506e-007 -4.638961e-007
 1.180000e+002  3.264782e-007 -4.921289e-007
 1.190000e+002  1.336334e-007 -6.278572e-008
 1.200000e+002  1.069041e-007  7.751034e-007
 1.210000e+002  2.329265e-007 -3.729423e-007
 1.220000e+002  1.843518e-007 -1.972681e-007
 1.230000e+002  4.455104e-007  1.352941e-007
 1.240000e+002  4.139518e-007 -6.550132e-007
 1.250000e+002  3.632059e-008  2.850051e-008
 1.260000e+002  2.249566e-007 -1.376741e-007
 1.270000e+002  4.759330e-007 -4.325039e-009
 1.280000e+002  6.418199e-008 -5.380334e-007
 1.290000e+002  2.354657e-007 -2.391100e-007
 1.300000e+002  5.486247e-007 -9.059016e-008
 1.310000e+002  4.727377e-007  5.360451e-007
 1.320000e+002  3.270504e-007 -1.767239e-007
 1.330000e+002  4.241132e-007  2.204120e-007
 1.340000e+002  5.171448e-007 -4.363200e-008
 1.350000e+002  2.444865e-006  2.419664e-007
 1.360000e+002  8.240898e-008 -1.239658e-006
 1.370000e+002  6.429332e-008 -5.521022e-007
 1.380000e+002  3.725190e-007 -4.687326e-007
 1.390000e+002 -5.735389e-008 -2.276028e-007
 1.400000e+002  1.566946e-007  9.206787e-008
 1.410000e+002  5.469930e-007 -6.082453e-007
 1.420000e+002  8.425490e-007 -3.467104e-007
 1.430000e+002 -2.624103e-007 -4.152955e-007
 1.440000e+002  5.048151e-007 -2.510457e-007
 1.450000e+002  3.824096e-007 -4.845134e-007
 1.460000e+002  1.365908e-007  1.664799e-007
 1.470000e+002 -1.399038e-007 -3.904234e-007
 1.480000e+002  7.976921e-007  3.508294e-007
 1.490000e+002  6.128889e-007  6.933005e-007
 1.500000e+002  6.667079e-007 -8.227671e-008
 1.510000e+002  4.024197e-007 -7.346045e-007
 1.520000e+002  8.911227e-007 -2.904084e-007
 1.530000e+002  3.318441e-007  6.442028e-007
 1.540000e+002  1.835140e-007 -5.704562e-007
 1.550000e+002  1.529603e-008 -6.205454e-007
 1.560000e+002  8.930701e-007 -2.051256e-008
 1.570000e+002  1.256581e-007 -4.963172e-007
 1.580000e+002  4.073022e-007  6.868975e-008
 1.590000e+002  5.267485e-008 -3.371452e-007
 1.600000e+002  2.249859e-007 -1.496554e-007
 1.610000e+002  5.034901e-007 -3.105182e-007
 1.620000e+002  5.356709e-007 -4.037220e-008
 1.630000e+002  2.300606e-007 -8.809306e-008
 1.640000e+002  5.678368e-007  3.332413e-007
 1.650000e+002  7.794614e-007  3.481078e-007
 1.660000e+002  9.403931e-008 -6.874713e-007
 1.670000e+002  2.921909e-007 -2.065829e-007
 1.680000e+002  1.443630e-007  7.664534e-008
 1.690000e+002 -2.974576e-007 -9.196278e-008
 1.700000e+002  4.193169e-007  2.669859e-008
 1.710000e+002  2.679134e-007  8.314840e-009
 1.720000e+002  4.237700e-007 -3.800817e-007
 1.730000e+002  8.167589e-008 -6.905001e-007
 1.740000e+002  2.243552e-007 -7.704848e-008
 1.750000e+002  1.162601e-006 -2.720999e-007
 1.760000e+002  2.861005e-007 -5.151516e-007
 1.770000e+002  7.196296e-008 -7.106249e-008
 1.780000e+002 -2.520289e-007 -5.233977e-007
 1.790000e+002 -1.327289e-007 -1.198789e-007
 1.800000e+002 -1.345345e-006 -1.401286e-006
 1.810000e+002  4.055073e-007  4.538041e-007
 1.820000e+002  2.042053e-007  1.514543e-007
 1.830000e+002 -4.692093e-008  3.524204e-007
 1.840000e+002  7.241761e-007  1.472382e-007
 1.850000e+002  3.096904e-007  2.031053e-008
 1.860000e+002  6.992705e-007 -1.638676e-007
 1.870000e+002 -1.505671e-007 -3.330069e-007
 1.880000e+002  8.428445e-007 -2.511570e-007
 1.890000e+002  6.417780e-007  1.074568e-008
 1.900000e+002 -7.731084e-009 -5.669147e-007
 1.910000e+002  2.477247e-007  4.576896e-007
 1.920000e+002  1.112120e-007  3.697163e-008
 1.930000e+002  3.436578e-007  2.660516e-007
 1.940000e+002 -2.802936e-007 -8.847570e-008
 1.950000e+002  1.555061e-006 -4.785114e-007
 1.960000e+002  3.466515e-007  2.427415e-007
 1.970000e+002  3.852519e-007  1.533869e-007
 1.980000e+002 -2.857466e-007 -3.351640e-007
 1.990000e+002  4.429952e-007  3.783166e-007
 2.000000e+002  1.962603e-007  5.258331e-007
 2.010000e+002  3.249137e-007  2.464600e-007
 2.020000e+002  8.814844e-007  4.201235e-007
 2.030000e+002  4.453595e-007 -8.614691e-007
 2.040000e+002  5.457243e-007  3.460487e-007
 2.050000e+002  1.138125e-007 -6.680730e-008
 2.060000e+002 -5.341858e-008  1.021645e-007
 2.070000e+002  2.002094e-007 -2.877913e-007
 2.080000e+002  5.146368e-007  5.807652e-007
 2.090000e+002  4.567160e-008 -2.833541e-007
 2.100000e+002  6.408625e-008  4.074272e-007
 2.110000e+002  8.605471e-008  8.707037e-009
 2.120000e+002  2.881826e-007  1.654932e-008
 2.130000e+002 -2.177299e-008  1.460130e-009
 2.140000e+002  4.972766e-007 -1.343717e-007
 2.150000e+002  1.446756e-007 -2.913317e-007
 2.160000e+002  2.542560e-007  2.732241e-007
 2.170000e+002  1.775917e-007  9.843362e-008
 2.180000e+002  6.791968e-007 -4.554518e-007
 2.190000e+002  1.838653e-007  1.135109e-006
 2.200000e+002 -6.485824e-009  2.554924e-007
 2.210000e+002  1.972714e-007  1.839974e-007
 2.220000e+002  1.510587e-007  5.080100e-007
 2.230000e+002 -2.484507e-008  2.022732e-007
 2.240000e+002  2.269405e-007  3.695471e-007
 2.250000e+002 -3.829437e-007 -6.242781e-007
 2.260000e+002  1.166618e-007  3.306885e-008
 2.270000e+002  6.891030e-007  2.518845e-007
 2.280000e+002  6.778611e-007 -1.573768e-007
 2.290000e+002  3.758968e-007  4.202301e-007
 2.300000e+002  5.821748e-007 -4.016927e-007
 2.310000e+002  2.105004e-007  1.578894e-007
 2.320000e+002  3.240966e-007  4.750969e-007
 2.330000e+002  7.683839e-007  1.982194e-007
 2.340000e+002  3.886556e-007 -3.939282e-007
 2.350000e+002 -1.763945e-007  2.319479e-007
 2.360000e+002 -8.960560e-008 -2.157720e-008
 2.370000e+002  1.954365e-008  1.282915e-007
 2.380000e+002 -1.176078e-007  1.563189e-007
 2.390000e+002  6.006251e-008  2.351106e-007
 2.400000e+002  4.763035e-007  3.467690e-008
 2.410000e+002  7.831752e-007  8.179863e-008
 2.420000e+002  4.287248e-007  9.142920e-008
 2.430000e+002  7.007588e-008  3.454696e-008
 2.440000e+002  5.925300e-007 -2.700919e-007
 2.450000e+002 -5.580683e-008  1.405310e-007
 2.460000e+002 -2.509158e-007  1.808017e-007
 2.470000e+002  3.347016e-007  1.612437e-007
 2.480000e+002 -2.015365e-007  4.310095e-008
 2.490000e+002  8.184128e-007  5.333504e-007
 2.500000e+002  2.833776e-007  9.250969e-008
 2.510000e+002  1.205871e-007 -7.656992e-008
 2.520000e+002 -5.881896e-007  4.815733e-007
 2.530000e+002  1.956193e-007  1.219053e-007
 2.540000e+002 -2.746295e-008 -1.577098e-007
 2.550000e+002  1.489844e-007 -1.896214e-006
 2.560000e+002  1.015091e-007  5.919944e-007
 2.570000e+002 -2.572208e-007  2.847383e-007
 2.580000e+002 -2.495712e-007  3.017284e-007
 2.590000e+002  3.229872e-007  1.534412e-007
 2.600000e+002  8.249904e-008  1.170113e-007
 2.610000e+002 -7.848909e-008 -5.886303e-007
 2.620000e+002  3.829746e-008  3.868673e-007
 2.630000e+002  2.854095e-007  1.785463e-007
 2.640000e+002 -1.093773e-007 -2.184118e-008
 2.650000e+002  2.235642e-007  6.224670e-007
 2.660000e+002  3.056180e-008  1.704172e-007
 2.670000e+002  4.636047e-007  4.700056e-007
 2.680000e+002  5.157481e-007 -1.783721e-007
 2.690000e+002  3.163911e-007  2.688177e-007
 2.700000e+002 -1.521693e-007  5.951371e-009
 2.710000e+002  2.134236e-007  6.811120e-008
 2.720000e+002  2.302324e-007 -2.301222e-007
 2.730000e+002  3.411468e-007  1.948316e-007
 2.740000e+002  1.335557e-007  5.731445e-007
 2.750000e+002 -3.805603e-007  2.883004e-007
 2.760000e+002 -1.964786e-007  2.312491e-007
 2.770000e+002 -2.943827e-007 -1.399082e-007
 2.780000e+002  1.793717e-007  8.469878e-008
 2.790000e+002  1.634287e-007  1.053038e-007
 2.800000e+002  7.801103e-008 -2.481485e-007
 2.810000e+002 -1.779787e-007  9.145366e-008
 2.820000e+002  1.684897e-007 -5.879452e-007
 2.830000e+002 -3.306744e-007  6.181386e-008
 2.840000e+002  2.031930e-007 -2.317312e-007
 2.850000e+002  2.998717e-007 -5.974687e-007
 2.860000e+002 -2.748446e-007  5.526204e-007
 2.870000e+002  2.705806e-007 -1.588548e-007
 2.880000e+002 -2.480176e-007  1.036871e-008
 2.890000e+002 -5.632799e-007 -1.296677e-007
 2.900000e+002 -3.949796e-007 -7.474302e-008
 2.910000e+002 -2.033850e-007  1.740840e-007
 2.920000e+002 -1.799083e-007  1.817736e-007
 2.930000e+002 -2.518523e-008 -1.861876e-007
 2.940000e+002  5.420136e-008  1.780283e-007
 2.950000e+002 -9.098378e-008 -2.269511e-007
 2.960000e+002 -2.060255e-007 -2.745642e-007
 2.970000e+002 -1.822217e-007  3.808094e-007
 2.980000e+002 -4.267759e-007  5.011536e-007
 2.990000e+002 -1.879422e-007  5.634377e-008
 3.000000e+002 -2.314982e-007  4.954332e-007
 3.010000e+002 -3.404328e-007  2.265267e-007
 3.020000e+002 -9.072657e-008  8.519643e-008
 3.030000e+002 -3.178548e-007 -1.526328e-007
 3.040000e+002 -1.419553e-007 -1.473570e-007
 3.050000e+002 -2.273395e-007  4.423782e-007
 3.060000e+002 -7.418827e-008  1.087708e-007
 3.070000e+002 -3.938466e-008  1.611870e-007
 3.080000e+002 -4.497243e-008  1.851359e-007
 3.090000e+002 -1.147125e-007 -1.173437e-007
 3.100000e+002  3.026292e-007  9.271782e-008
 3.110000e+002 -9.158616e-008  2.164759e-008
 3.120000e+002 -4.149977e-007 -1.380907e-007
 3.130000e+002 -1.576960e-007 -3.478414e-007
 3.140000e+002 -1.045073e-007  1.057760e-007
 3.150000e+002 -1.883512e-007 -2.103863e-007
 3.160000e+002 -3.034996e-007  9.769797e-009
 3.170000e+002 -3.194610e-007  5.013127e-008
 3.180000e+002 -3.543441e-007  1.224364e-007
 3.190000e+002 -4.783843e-007  1.370798e-007
 3.200000e+002 -1.788099e-007  2.654942e-007
 3.210000e+002 -2.443856e-007  4.584889e-008
 3.220000e+002 -1.620200e-007  4.425392e-007
 3.230000e+002  1.282332e-007  1.930343e-007
 3.240000e+002  2.291217e-007  2.216648e-007
 3.250000e+002 -1.501697e-007  3.593695e-007
 3.260000e+002 -1.746480e-008  6.166559e-008
 3.270000e+002  1.807792e-007  2.688864e-007
 3.280000e+002  9.770144e-008 -1.489510e-007
 3.290000e+002  1.558833e-007 -2.396929e-008
 3.300000e+002  4.389892e-007 -1.509009e-007
 3.310000e+002  3.763668e-007  2.057400e-008
 3.320000e+002  3.020722e-007 -1.061303e-007
 3.330000e+002  1.917850e-007  2.057064e-007
 3.340000e+002 -3.078488e-008 -8.444617e-008
 3.350000e+002 -3.075361e-007 -2.719665e-007
 3.360000e+002 -7.515397e-008 -4.264711e-007
 3.370000e+002 -1.290607e-007 -1.385320e-007
 3.380000e+002  3.236353e-007  1.547659e-007
 3.390000e+002  1.266625e-007 -4.880771e-008
 3.400000e+002  2.386392e-008 -2.177602e-007
 3.410000e+002 -8.018764e-008 -2.367486e-007
 3.420000e+002 -1.055577e-007 -2.709390e-007
 3.430000e+002  7.793024e-008 -9.413061e-008
 3.440000e+002  1.495544e-009 -7.084679e-008
 3.450000e+002  8.297984e-008  2.296018e-008
 3.460000e+002  2.484444e-007  5.245087e-007
 3.470000e+002  4.496405e-008 -8.983913e-008
 3.480000e+002 -2.365308e-008 -1.199497e-007
 3.490000e+002  1.077172e-008 -1.145272e-007
 3.500000e+002  8.348142e-009 -2.089768e-007
 3.510000e+002  7.265816e-008 -9.374625e-008
 3.520000e+002 -1.291215e-007 -1.296383e-007
 3.530000e+002 -1.466567e-008 -9.626422e-008
 3.540000e+002 -1.047065e-007 -1.169352e-007
 3.550000e+002  3.092158e-008 -8.094825e-008
 3.560000e+002 -3.393338e-008 -2.010969e-008
 3.570000e+002 -1.454823e-007 -8.129615e-008
 3.580000e+002 -2.179231e-008 -2.319922e-007
 3.590000e+002  6.170656e-008 -5.036991e-008
 3.600000e+002  2.529742e-007  2.176250e-007
 3.610000e+002 -2.045350e-007 -1.461196e-007
 3.620000e+002  1.622542e-007 -2.226018e-007
 3.630000e+002 -9.885245e-008 -1.158506e-007
 3.640000e+002 -1.590286e-007 -2.384719e-007
 3.650000e+002  1.565719e-007 -1.884807e-007
 3.660000e+002  7.252017e-008 -6.469216e-008
 3.670000e+002  1.132693e-007 -1.075300e-007
 3.680000e+002  1.454902e-007 -1.794733e-007
 3.690000e+002  4.723376e-008 -8.119122e-009
 3.700000e+002  1.065168e-007 -1.323029e-007
 3.710000e+002  1.704430e-007 -5.435298e-008
 3.720000e+002  1.256884e-007 -8.807282e-008
 3.730000e+002  7.760423e-010 -1.575693e-007
 3.740000e+002  7.774684e-008 -2.063675e-007
 3.750000e+002  1.796885e-007 -5.972122e-008
 3.760000e+002  7.338055e-008 -1.932705e-007
 3.770000e+002 -1.302526e-007 -1.040482e-007
 3.780000e+002 -3.289327e-008 -1.011128e-007
 3.790000e+002 -1.148168e-008 -3.685721e-008
 3.800000e+002 -8.204272e-008 -5.243724e-008
 3.810000e+002  1.274710e-007 -1.942167e-008
 3.820000e+002  5.162689e-008 -1.424157e-007
 3.830000e+002  1.392789e-007 -1.509154e-007
 3.840000e+002  1.442513e-007 -2.502608e-008
 3.850000e+002  9.425099e-008 -9.841526e-008
 3.860000e+002  9.296875e-008 -1.012255e-007
 3.870000e+002  8.428736e-008 -1.749989e-007
 3.880000e+002  1.228401e-007 -7.104900e-009
 3.890000e+002 -2.851462e-008 -1.306773e-007
 3.900000e+002  1.198105e-007 -1.287007e-007
 3.910000e+002  2.349346e-007 -9.501265e-008
 3.920000e+002  1.983023e-007  2.648880e-008
 3.930000e+002  4.918587e-008 -1.262090e-007
 3.940000e+002  2.230643e-007 -2.606446e-007
 3.950000e+002  1.205156e-007 -7.231758e-009
 3.960000e+002  1.827997e-007 -9.943940e-008
 3.970000e+002  2.261857e-007 -1.762852e-007
 3.980000e+002  1.422482e-007 -2.519842e-008
 3.990000e+002  7.154975e-008 -4.783036e-008
 4.000000e+002  7.708373e-008  8.735227e-008
 4.010000e+002  2.666158e-008 -1.100990e-007
 4.020000e+002  1.760451e-007 -1.168200e-007
 4.030000e+002  1.163383e-007 -1.689907e-007
 4.040000e+002  3.316169e-008 -7.746643e-008
 4.050000e+002  2.516771e-007  2.831061e-007
 4.060000e+002  1.172584e-008 -2.677292e-007
 4.070000e+002  1.820456e-007 -2.375785e-007
 4.080000e+002  3.536022e-007 -3.521657e-008
 4.090000e+002  1.968403e-007  8.444501e-010
 4.100000e+002  1.404900e-007 -1.984324e-008
 4.110000e+002  8.323832e-008 -1.248394e-007
 4.120000e+002  1.286379e-007 -1.395606e-007
 4.130000e+002  1.258017e-007 -1.059152e-007
 4.140000e+002  2.750223e-007 -4.758208e-008
 4.150000e+002  9.396362e-008 -1.139568e-007
 4.160000e+002  2.516489e-007 -4.010468e-008
 4.170000e+002  1.593208e-007  2.395165e-008
 4.180000e+002  1.977564e-007  7.921241e-009
 4.190000e+002  2.380311e-008 -1.058515e-007
 4.200000e+002  2.386843e-007  9.215769e-008
 4.210000e+002  5.532312e-008 -2.193928e-008
 4.220000e+002  5.016369e-008 -2.575626e-007
 4.230000e+002  7.300845e-008 -1.860792e-007
 4.240000e+002  1.828426e-007 -6.672807e-008
 4.250000e+002  6.396914e-008 -1.386586e-007
 4.260000e+002  5.736706e-008 -1.245600e-007
 4.270000e+002  7.403480e-008 -1.194051e-007
 4.280000e+002 -7.216196e-008 -2.183377e-007
 4.290000e+002  3.024414e-008 -9.263710e-008
 4.300000e+002  9.477211e-008 -7.684946e-008
 4.310000e+002  1.019407e-007 -4.733923e-008
 4.320000e+002  4.697618e-008 -8.125864e-008
 4.330000e+002  4.255104e-008 -1.349113e-008
 4.340000e+002 -8.974701e-008 -1.310560e-007
 4.350000e+002  3.536030e-007 -2.125169e-007
 4.360000e+002  2.282358e-007  1.225835e-007
 4.370000e+002 -5.926166e-008 -5.616495e-008
 4.380000e+002 -2.193576e-008  5.935875e-008
 4.390000e+002 -3.721018e-009  3.604030e-008
 4.400000e+002  9.645251e-008  7.995907e-009
 4.410000e+002 -3.348724e-008  3.310611e-009
 4.420000e+002  3.043939e-008  5.171727e-008
 4.430000e+002  1.061766e-008  3.488426e-008
 4.440000e+002 -1.002191e-007  3.756034e-008
 4.450000e+002 -9.089535e-008  3.350438e-008
 4.460000e+002  1.157040e-007 -3.992551e-008
 4.470000e+002 -1.728374e-008  6.170038e-008
 4.480000e+002  2.041270e-008  1.724655e-008
 4.490000e+002  5.301393e-008  9.412140e-008
 4.500000e+002 -3.117551e-009  1.139720e-007
 4.510000e+002 -1.803398e-008  1.649824e-007
 4.520000e+002 -5.808740e-008  1.175833e-007
 4.530000e+002 -1.412891e-007  6.966826e-008
 4.540000e+002  4.754493e-008  1.416833e-007
 4.550000e+002 -7.413042e-008  3.807943e-008
 4.560000e+002 -3.619134e-008  2.434761e-008
 4.570000e+002  2.225572e-008  9.965920e-008
 4.580000e+002  6.012370e-009  8.316998e-008
 4.590000e+002 -1.984062e-010  9.398888e-008
 4.600000e+002 -1.810575e-008  1.350267e-008
 4.610000e+002 -4.461090e-008  4.681865e-008
 4.620000e+002 -3.255258e-008 -4.547890e-009
 4.630000e+002 -7.232629e-008  1.333441e-007
 4.640000e+002  1.021640e-008  9.545580e-008
 4.650000e+002  6.710705e-008  2.100356e-007
 4.660000e+002 -4.327572e-007  7.249015e-008
 4.670000e+002 -3.991237e-007  1.220598e-007
 4.680000e+002 -5.583719e-008  1.179502e-007
 4.690000e+002  9.946840e-008  7.951558e-008
 4.700000e+002 -3.737541e-008  8.926016e-008
 4.710000e+002 -8.386329e-008  4.327924e-008
 4.720000e+002  3.993989e-009 -1.086335e-008
 4.730000e+002 -1.345212e-007  7.669840e-008
 4.740000e+002 -2.961234e-008 -2.689439e-008
 4.750000e+002 -1.602636e-007  1.819569e-007
 4.760000e+002  9.537828e-008 -2.794055e-008
 4.770000e+002 -3.301711e-008  8.502621e-008
 4.780000e+002 -5.222611e-008  1.243063e-008
 4.790000e+002 -4.051947e-008 -2.511316e-008
 4.800000e+002 -2.612505e-008  3.866292e-008
 4.810000e+002 -1.191317e-007 -9.815809e-008
 4.820000e+002 -5.741872e-008  3.067866e-008
 4.830000e+002 -1.170944e-007 -5.784042e-008
 4.840000e+002 -1.731310e-007  3.623069e-008
 4.850000e+002  4.030242e-008 -8.418212e-008
 4.860000e+002 -2.714576e-008 -1.908149e-008
 4.870000e+002 -5.177176e-008  5.566654e-009
 4.880000e+002 -6.279436e-008  4.069812e-008
 4.890000e+002 -1.750538e-007  6.618309e-008
 4.900000e+002 -4.356472e-008  1.237387e-009
 4.910000e+002 -8.529491e-008  5.400092e-009
 4.920000e+002 -2.164118e-008 -7.789031e-008
 4.930000e+002 -1.412060e-007 -7.947873e-009
 4.940000e+002 -1.042050e-007  1.491820e-008
 4.950000e+002 -1.029251e-007 -1.437951e-007
 4.960000e+002 -1.871915e-007 -1.952394e-008
 4.970000e+002  4.525749e-009  1.525079e-007
 4.980000e+002 -1.249740e-007  4.191837e-008
 4.990000e+002 -4.973985e-008 -1.860708e-008
 5.000000e+002 -3.128933e-008 -8.077711e-011
 5.010000e+002 -3.051216e-008  4.887300e-008
 5.020000e+002 -4.483368e-008  3.420173e-008
 5.030000e+002 -1.213234e-007 -4.861058e-008
 5.040000e+002 -1.702699e-008  4.557964e-008
 5.050000e+002 -4.398611e-008 -3.133956e-008
 5.060000e+002 -6.861764e-008  2.124660e-008
 5.070000e+002 -1.272420e-007  3.532896e-008
 5.080000e+002 -4.982747e-008  3.734358e-008
 5.090000e+002 -7.313436e-008  8.940596e-009
 5.100000e+002  1.455470e-008 -4.931556e-008
 5.110000e+002 -7.292289e-008 -1.888433e-008
 5.120000e+002  1.630449e-009  2.252591e-012
