 0.000000e+000  2.479020e-007  0.000000e+000
 1.000000e+000 -6.333599e-007 -9.647991e-007
 2.000000e+000 -9.028672e-007 -5.063907e-007
 3.000000e+000 -1.053463e-006 -8.217845e-009
 4.000000e+000 -8.997136e-007 -3.181281e-007
 5.000000e+000 -9.907121e-007 -1.065286e-006
 6.000000e+000 -1.015170e-006  1.337414e-007
 7.000000e+000 -1.125669e-006 -3.176270e-007
 8.000000e+000 -1.361132e-006 -2.129581e-007
 9.000000e+000 -1.023756e-006 -2.904430e-007
 1.000000e+001 -1.328923e-006 -3.127490e-007
 1.100000e+001 -1.308202e-006 -4.195659e-007
 1.200000e+001 -1.387366e-006 -4.292951e-007
 1.300000e+001 -1.658618e-006 -2.391054e-007
 1.400000e+001 -1.908571e-006 -3.247910e-008
 1.500000e+001  6.801830e-006  3.211118e-005
 1.600000e+001 -2.011058e-006 -4.407241e-007
 1.700000e+001 -2.264752e-006 -7.800098e-007
 1.800000e+001 -2.938298e-006 -1.150612e-006
 1.900000e+001 -3.923577e-006 -1.468624e-006
 2.000000e+001 -5.844059e-006 -1.866346e-006
 2.100000e+001 -1.141757e-005 -3.483918e-006
 2.200000e+001  1.696202e-005  2.112725e-004
 2.300000e+001  1.232181e-005  2.542915e-006
 2.400000e+001  5.687831e-006  1.057390e-006
 2.500000e+001  3.731146e-006  9.802345e-007
 2.600000e+001  2.847053e-006  6.850375e-007
 2.700000e+001  2.359374e-006  4.517033e-007
 2.800000e+001  1.825705e-006  3.485683e-007
 2.900000e+001  1.580829e-006  1.485086e-007
 3.000000e+001  9.541573e-007 -5.822376e-006
 3.100000e+001  1.300649e-006  3.375297e-007
 3.200000e+001  1.075282e-006  1.702709e-007
 3.300000e+001  1.036326e-006  2.246282e-007
 3.400000e+001  9.359450e-007  1.376330e-007
 3.500000e+001  9.331388e-007  7.300423e-008
 3.600000e+001  8.408570e-007  4.177378e-008
 3.700000e+001  8.547108e-007 -6.665683e-008
 3.800000e+001  7.981057e-007  1.716456e-008
 3.900000e+001  6.676880e-007 -3.504974e-008
 4.000000e+001  6.349919e-007 -1.284836e-008
 4.100000e+001  6.042759e-007 -3.233281e-008
 4.200000e+001  6.390076e-007 -2.973722e-008
 4.300000e+001  5.802239e-007 -1.743107e-007
 4.400000e+001  3.775000e-007 -3.541316e-007
 4.500000e+001 -4.184413e-006 -3.329271e-007
 4.600000e+001  1.502338e-006  3.132860e-007
 4.700000e+001  1.205852e-006  1.308693e-007
 4.800000e+001  1.079464e-006  4.040090e-008
 4.900000e+001  1.009779e-006 -1.369044e-008
 5.000000e+001  1.005275e-006 -2.869231e-008
 5.100000e+001  1.031157e-006 -9.900887e-008
 5.200000e+001  1.136133e-006  1.198857e-008
 5.300000e+001  1.213224e-006 -2.265988e-007
 5.400000e+001  1.115458e-006 -1.003775e-007
 5.500000e+001  1.130702e-006 -1.373276e-007
 5.600000e+001  1.223963e-006 -1.308198e-007
 5.700000e+001  1.314445e-006 -2.538903e-007
 5.800000e+001  1.351452e-006 -1.642285e-007
 5.900000e+001  1.317516e-006 -3.260939e-007
 6.000000e+001  2.250440e-006 -4.579762e-007
 6.100000e+001  1.515789e-006 -2.670388e-007
 6.200000e+001  1.551874e-006 -3.874832e-007
 6.300000e+001  1.798630e-006 -3.254496e-007
 6.400000e+001  1.915408e-006 -4.857457e-007
 6.500000e+001  1.963006e-006 -6.398772e-007
 6.600000e+001  2.312620e-006 -5.320959e-007
 6.700000e+001  2.983307e-006 -2.290400e-007
 6.800000e+001  3.140327e-006 -5.750584e-007
 6.900000e+001  4.031515e-006 -1.029286e-006
 7.000000e+001  5.623169e-006 -1.058264e-006
 7.100000e+001  8.232790e-006 -2.714547e-006
 7.200000e+001  1.862521e-005 -1.480569e-005
 7.300000e+001 -1.580593e-005 -1.278634e-005
 7.400000e+001 -7.313163e-006 -3.331920e-006
 7.500000e+001 -3.733037e-006  1.148820e-006
 7.600000e+001 -3.715832e-006 -1.700934e-006
 7.700000e+001 -3.059471e-006 -1.373267e-006
 7.800000e+001 -2.614277e-006 -1.070788e-006
 7.900000e+001 -2.064391e-006 -8.753475e-007
 8.000000e+001 -2.012083e-006 -1.011872e-006
 8.100000e+001 -1.858219e-006 -8.938289e-007
 8.200000e+001 -1.718170e-006 -8.467015e-007
 8.300000e+001 -1.680735e-006 -7.102504e-007
 8.400000e+001 -1.552999e-006 -6.282974e-007
 8.500000e+001 -1.416309e-006 -5.737035e-007
 8.600000e+001 -1.254319e-006 -5.038802e-007
 8.700000e+001 -1.266787e-006 -4.880360e-007
 8.800000e+001 -1.063820e-006 -4.255448e-007
 8.900000e+001 -9.500927e-007 -5.069926e-007
 9.000000e+001 -7.662268e-007 -9.525473e-007
 9.100000e+001 -1.608073e-006 -1.968220e-007
 9.200000e+001 -1.228947e-006 -7.469739e-008
 9.300000e+001 -1.072148e-006 -7.894793e-008
 9.400000e+001 -9.984171e-007 -8.903328e-008
 9.500000e+001 -8.710013e-007 -8.214235e-008
 9.600000e+001 -8.377915e-007 -1.385930e-007
 9.700000e+001 -7.313641e-007 -6.177432e-008
 9.800000e+001 -7.019037e-007 -4.540047e-008
 9.900000e+001 -5.717639e-007 -1.070415e-007
 1.000000e+002 -6.351563e-007 -6.363566e-008
 1.010000e+002 -5.559908e-007 -1.937874e-007
 1.020000e+002 -5.815857e-007 -1.732336e-007
 1.030000e+002 -6.557863e-007 -2.213296e-007
 1.040000e+002 -7.097116e-007 -8.264973e-008
 1.050000e+002  1.144030e-006 -1.313202e-006
 1.060000e+002 -2.097670e-007 -2.592220e-007
 1.070000e+002 -1.701249e-007 -2.618656e-007
 1.080000e+002 -3.011049e-007 -3.120365e-007
 1.090000e+002 -2.429867e-007 -2.246561e-007
 1.100000e+002 -2.959527e-007 -2.573363e-007
 1.110000e+002 -3.275980e-007 -2.825252e-007
 1.120000e+002 -3.364488e-007 -1.807815e-007
 1.130000e+002 -2.795489e-007 -2.745413e-007
 1.140000e+002 -2.831121e-007 -2.824880e-007
 1.150000e+002 -2.756842e-007 -2.485055e-007
 1.160000e+002 -2.317906e-007 -2.471283e-007
 1.170000e+002 -2.724508e-007 -2.688639e-007
 1.180000e+002 -2.401016e-007 -2.173748e-007
 1.190000e+002 -2.074908e-007 -2.526381e-007
 1.200000e+002 -3.929976e-007 -1.688756e-006
 1.210000e+002 -2.044166e-007 -1.513740e-007
 1.220000e+002 -1.969248e-007 -1.582125e-007
 1.230000e+002 -1.495946e-007 -1.548689e-007
 1.240000e+002 -1.760603e-007 -1.587132e-007
 1.250000e+002 -1.629162e-007 -1.239302e-007
 1.260000e+002 -9.225735e-008 -1.223410e-007
 1.270000e+002 -1.097955e-007 -1.483033e-007
 1.280000e+002 -9.987972e-008 -1.115010e-007
 1.290000e+002 -8.312503e-008 -2.036708e-007
 1.300000e+002 -7.085845e-008 -1.868121e-007
 1.310000e+002 -7.795792e-008 -1.365694e-007
 1.320000e+002 -2.536170e-008 -1.955148e-007
 1.330000e+002 -6.981379e-008 -1.237279e-007
 1.340000e+002 -1.000802e-008 -6.974291e-008
 1.350000e+002  1.152376e-006 -6.376347e-007
 1.360000e+002 -8.464018e-008 -7.248662e-007
 1.370000e+002 -7.733006e-009 -3.466987e-007
 1.380000e+002 -6.860256e-008 -3.144753e-007
 1.390000e+002 -3.709369e-008 -2.175725e-007
 1.400000e+002  3.592027e-009 -2.552305e-007
 1.410000e+002 -3.831455e-008 -2.154952e-007
 1.420000e+002  5.491489e-008 -2.196998e-007
 1.430000e+002 -3.743189e-008 -1.957885e-007
 1.440000e+002  1.569031e-008 -2.203029e-007
 1.450000e+002  1.166299e-008 -2.105230e-007
 1.460000e+002 -5.011570e-009 -2.169242e-007
 1.470000e+002  2.041709e-008 -2.448207e-007
 1.480000e+002  3.441147e-008 -2.514198e-007
 1.490000e+002  2.220950e-008 -2.786682e-007
 1.500000e+002  4.508375e-007 -6.533821e-007
 1.510000e+002 -2.576734e-008 -7.868247e-008
 1.520000e+002 -7.196377e-009 -1.112485e-007
 1.530000e+002 -1.829089e-008 -1.243996e-007
 1.540000e+002 -6.389016e-009 -1.403013e-007
 1.550000e+002  5.074632e-008 -1.389003e-007
 1.560000e+002  2.180190e-008 -9.575494e-008
 1.570000e+002 -3.301512e-008 -1.133499e-007
 1.580000e+002  5.470532e-008 -1.118216e-007
 1.590000e+002  6.074392e-008 -8.339374e-008
 1.600000e+002  6.981110e-008 -1.194425e-007
 1.610000e+002  8.990886e-008 -8.928706e-008
 1.620000e+002  8.333232e-008 -9.328863e-008
 1.630000e+002  1.388312e-007 -1.012484e-007
 1.640000e+002  2.204159e-007 -3.625788e-008
 1.650000e+002  1.109579e-006  6.046134e-007
 1.660000e+002 -1.949549e-007 -2.637865e-007
 1.670000e+002  2.532121e-008 -1.655740e-007
 1.680000e+002  5.702075e-008 -1.132799e-007
 1.690000e+002  3.294699e-008 -1.095272e-007
 1.700000e+002  4.308902e-008 -1.445506e-007
 1.710000e+002  5.342400e-008 -1.272482e-007
 1.720000e+002  1.627351e-008 -1.413995e-007
 1.730000e+002  4.770291e-008 -9.721117e-008
 1.740000e+002  4.475852e-008 -1.103861e-007
 1.750000e+002  2.798906e-008 -1.171293e-007
 1.760000e+002  7.258191e-008 -1.202626e-007
 1.770000e+002  5.292909e-008 -1.453568e-007
 1.780000e+002  7.210330e-008 -1.095978e-007
 1.790000e+002  1.196978e-007 -1.756349e-007
 1.800000e+002  2.270646e-007 -6.146343e-007
 1.810000e+002 -6.204689e-008 -2.492974e-009
 1.820000e+002 -3.070443e-008  1.328730e-009
 1.830000e+002  4.714124e-008  1.925776e-008
 1.840000e+002  7.511844e-008 -4.294791e-008
 1.850000e+002  4.104698e-008 -7.333527e-008
 1.860000e+002  6.071966e-008 -2.996797e-009
 1.870000e+002  7.627422e-008 -3.457910e-008
 1.880000e+002  9.760470e-008  1.305599e-009
 1.890000e+002  1.185021e-007 -1.305129e-008
 1.900000e+002  1.262536e-007 -1.700979e-008
 1.910000e+002  8.064478e-008  2.256828e-008
 1.920000e+002  7.041463e-008  6.644854e-009
 1.930000e+002  1.177961e-007  7.032466e-008
 1.940000e+002  1.262244e-007  7.261235e-008
 1.950000e+002  1.227339e-006 -4.325742e-007
 1.960000e+002 -2.122649e-007 -2.572554e-007
 1.970000e+002  9.393583e-008 -3.779872e-008
 1.980000e+002  7.027611e-008 -4.135478e-008
 1.990000e+002  8.732209e-008 -4.916855e-008
 2.000000e+002  1.014505e-007 -3.000537e-008
 2.010000e+002  5.491472e-008 -3.270050e-008
 2.020000e+002  5.726259e-008  2.445171e-008
 2.030000e+002  1.007873e-007  2.349692e-008
 2.040000e+002  5.972035e-008  2.989143e-008
 2.050000e+002  8.705914e-008 -1.500994e-008
 2.060000e+002  7.320445e-008  4.061292e-008
 2.070000e+002  6.661753e-008  7.877375e-008
 2.080000e+002  1.238994e-007  2.095749e-008
 2.090000e+002  5.419681e-008  4.399773e-008
 2.100000e+002  2.230906e-009  2.094243e-007
 2.110000e+002  1.456991e-007  9.424964e-008
 2.120000e+002  1.058949e-007  3.325716e-008
 2.130000e+002  1.176261e-007  1.798885e-008
 2.140000e+002  7.769863e-008  1.641294e-008
 2.150000e+002  1.025771e-007  3.700032e-008
 2.160000e+002  8.734638e-008  5.810915e-008
 2.170000e+002  1.302028e-007  8.789215e-008
 2.180000e+002  1.111312e-007  1.084465e-007
 2.190000e+002  9.554388e-008  8.060858e-008
 2.200000e+002  1.034862e-007  1.036499e-007
 2.210000e+002  1.119851e-007  1.246870e-007
 2.220000e+002  1.046906e-007  8.788110e-008
 2.230000e+002  6.811726e-008  1.881214e-007
 2.240000e+002  1.822342e-007  2.084163e-007
 2.250000e+002  6.127452e-007  1.962284e-007
 2.260000e+002 -2.603476e-007 -6.570481e-007
 2.270000e+002 -6.198283e-008 -6.859894e-008
 2.280000e+002 -1.224273e-008  4.472479e-008
 2.290000e+002  2.306648e-008 -3.835247e-008
 2.300000e+002  5.766658e-008  4.005647e-008
 2.310000e+002  6.735407e-008  8.702861e-008
 2.320000e+002  8.272936e-008  5.524373e-010
 2.330000e+002  6.666118e-008  4.076623e-008
 2.340000e+002  6.137176e-008  9.209866e-008
 2.350000e+002  6.945680e-008  3.702380e-008
 2.360000e+002  3.347070e-008  1.086071e-007
 2.370000e+002  7.206399e-008  4.288535e-008
 2.380000e+002 -1.451072e-008  4.896565e-008
 2.390000e+002 -3.359658e-008  3.210793e-007
 2.400000e+002  5.694106e-007  6.982475e-007
 2.410000e+002 -4.947129e-008  4.963253e-008
 2.420000e+002  6.034777e-008  7.226920e-008
 2.430000e+002  5.509461e-009  6.753954e-008
 2.440000e+002  1.599377e-008  1.185747e-007
 2.450000e+002  5.436390e-008  1.737933e-007
 2.460000e+002  5.333401e-008  6.628872e-008
 2.470000e+002  8.650835e-008  1.642238e-008
 2.480000e+002  6.243912e-008  1.047562e-007
 2.490000e+002  1.047449e-008  3.246468e-008
 2.500000e+002 -6.508116e-008 -4.465224e-008
 2.510000e+002 -2.863717e-008 -9.532948e-008
 2.520000e+002 -5.590979e-008  4.167585e-008
 2.530000e+002 -1.012554e-007  8.137478e-008
 2.540000e+002 -4.660290e-009  2.157947e-007
 2.550000e+002 -2.885974e-007 -2.058136e-007
 2.560000e+002 -7.215314e-008  3.695768e-007
 2.570000e+002  1.996012e-008  2.013116e-007
 2.580000e+002  3.051339e-008  8.621802e-008
 2.590000e+002  2.996959e-008  1.218118e-007
 2.600000e+002 -2.945990e-008  9.352666e-008
 2.610000e+002 -3.994054e-008  1.404912e-007
 2.620000e+002 -2.205252e-008  8.973218e-008
 2.630000e+002 -4.104860e-008  7.233025e-008
 2.640000e+002 -8.976353e-008  1.302761e-007
 2.650000e+002 -5.343950e-008  8.444780e-008
 2.660000e+002 -2.354222e-008  1.241177e-007
 2.670000e+002 -1.228739e-008  9.695135e-008
 2.680000e+002 -5.785877e-008  1.193133e-007
 2.690000e+002 -3.295988e-008  9.927864e-008
 2.700000e+002 -7.713471e-008  1.309028e-007
 2.710000e+002  6.412934e-008 -7.424409e-008
 2.720000e+002 -2.276965e-008  1.305597e-007
 2.730000e+002 -8.029502e-009  1.629987e-007
 2.740000e+002 -5.357809e-008  1.525108e-007
 2.750000e+002 -5.206198e-008  7.847388e-008
 2.760000e+002 -5.784783e-008  1.020030e-007
 2.770000e+002 -4.628908e-008  6.638843e-008
 2.780000e+002  3.136562e-008  1.157063e-007
 2.790000e+002 -1.231123e-007  1.116857e-007
 2.800000e+002 -8.598184e-008  9.518023e-008
 2.810000e+002 -7.192080e-008  1.378843e-007
 2.820000e+002 -1.168582e-007  1.327733e-007
 2.830000e+002 -3.000177e-008  6.580944e-008
 2.840000e+002  2.153911e-008  5.051526e-008
 2.850000e+002  1.334029e-007  2.244870e-007
 2.860000e+002  1.480486e-007  1.644673e-007
 2.870000e+002 -5.698542e-008  1.839736e-007
 2.880000e+002 -8.516655e-008  1.004994e-007
 2.890000e+002 -9.718334e-008  1.175440e-007
 2.900000e+002 -1.159611e-007  1.020236e-007
 2.910000e+002 -9.959544e-008  1.293376e-007
 2.920000e+002 -1.500934e-007  8.491772e-008
 2.930000e+002 -1.004234e-007  1.048927e-007
 2.940000e+002 -1.140971e-007  1.052947e-007
 2.950000e+002 -8.183391e-008  6.895211e-008
 2.960000e+002 -6.129499e-008  9.525563e-008
 2.970000e+002 -1.054545e-007  8.759486e-008
 2.980000e+002 -7.629542e-008  1.262436e-007
 2.990000e+002 -1.370898e-007  1.191593e-007
 3.000000e+002  1.446628e-008  4.112891e-007
 3.010000e+002 -1.646699e-007 -4.821814e-008
 3.020000e+002 -1.955716e-007  9.593019e-008
 3.030000e+002 -1.325361e-007  9.682288e-008
 3.040000e+002 -1.897579e-007  5.866724e-008
 3.050000e+002 -2.027235e-007  5.110661e-008
 3.060000e+002 -1.260387e-007  8.970464e-008
 3.070000e+002 -1.323083e-007  9.537303e-008
 3.080000e+002 -8.905224e-008  5.715857e-008
 3.090000e+002 -1.044656e-007  2.022695e-008
 3.100000e+002 -1.251005e-007  9.137514e-008
 3.110000e+002 -1.109166e-007  3.501053e-008
 3.120000e+002 -1.388844e-007  1.035696e-007
 3.130000e+002 -4.195443e-008  6.980039e-008
 3.140000e+002 -1.679050e-007  8.955696e-008
 3.150000e+002  1.200343e-008 -4.854474e-008
 3.160000e+002 -3.216138e-007 -2.494481e-007
 3.170000e+002 -1.273560e-007  1.957934e-007
 3.180000e+002 -9.348184e-008  9.152850e-008
 3.190000e+002 -1.400498e-007  1.067298e-007
 3.200000e+002 -1.266644e-007  1.167933e-007
 3.210000e+002 -4.001602e-008  4.513309e-008
 3.220000e+002 -8.040738e-008  7.518567e-008
 3.230000e+002 -4.768957e-008  8.283994e-008
 3.240000e+002  3.169888e-008  1.180148e-007
 3.250000e+002  8.464741e-009  5.179807e-008
 3.260000e+002 -1.489772e-008 -6.916782e-009
 3.270000e+002  1.930891e-008  4.483817e-009
 3.280000e+002 -5.928072e-008 -2.556906e-008
 3.290000e+002 -1.098625e-007  6.819720e-008
 3.300000e+002 -9.194941e-008 -4.342173e-008
 3.310000e+002 -1.180264e-007 -8.107728e-008
 3.320000e+002 -1.457079e-007 -3.542180e-008
 3.330000e+002 -1.182159e-007  2.288740e-008
 3.340000e+002 -9.037209e-008 -3.936716e-008
 3.350000e+002 -6.719327e-008 -1.948857e-008
 3.360000e+002 -3.679799e-008 -5.817129e-009
 3.370000e+002 -7.347849e-008 -4.284166e-008
 3.380000e+002 -5.295162e-008 -4.453581e-008
 3.390000e+002 -5.990031e-008 -2.598625e-008
 3.400000e+002 -7.918495e-008 -3.508020e-008
 3.410000e+002 -6.907893e-008 -4.841263e-008
 3.420000e+002 -6.438444e-008 -3.763806e-008
 3.430000e+002 -6.223965e-008 -4.820412e-008
 3.440000e+002 -9.346582e-008 -8.914654e-008
 3.450000e+002 -1.184951e-007 -5.100694e-008
 3.460000e+002  7.726834e-008  4.759627e-007
 3.470000e+002 -9.436935e-008 -3.005432e-008
 3.480000e+002 -1.825904e-008 -4.739133e-009
 3.490000e+002 -3.315952e-008 -2.452653e-008
 3.500000e+002 -5.466398e-009 -3.552333e-008
 3.510000e+002 -3.504489e-008 -4.914463e-008
 3.520000e+002 -5.502476e-008  4.368275e-009
 3.530000e+002 -9.525223e-009 -1.513502e-008
 3.540000e+002 -7.098058e-008 -3.168215e-008
 3.550000e+002 -6.993043e-009 -6.512885e-008
 3.560000e+002 -5.133447e-008 -1.731404e-009
 3.570000e+002 -7.850946e-008 -2.364350e-008
 3.580000e+002  7.776522e-009 -5.054964e-011
 3.590000e+002 -6.743356e-008 -5.491868e-008
 3.600000e+002 -6.715742e-009  1.196877e-007
 3.610000e+002 -2.665933e-007 -7.597476e-008
 3.620000e+002  7.320478e-008  8.138982e-010
 3.630000e+002  2.402968e-008 -6.126158e-008
 3.640000e+002 -2.149354e-008 -6.298923e-008
 3.650000e+002  2.571889e-008 -3.892600e-008
 3.660000e+002  5.610455e-008 -2.378912e-008
 3.670000e+002  3.926078e-008 -4.507687e-008
 3.680000e+002  5.133277e-008 -2.973100e-008
 3.690000e+002  1.540712e-008 -3.709182e-008
 3.700000e+002  5.141036e-008 -1.128926e-008
 3.710000e+002  7.256233e-008 -6.464912e-008
 3.720000e+002  2.501441e-008 -4.392332e-008
 3.730000e+002  1.846430e-008 -2.846278e-009
 3.740000e+002  8.795403e-008  4.722080e-010
 3.750000e+002  1.511505e-007 -4.998649e-008
 3.760000e+002 -1.326349e-008 -6.487536e-008
 3.770000e+002 -2.418653e-007 -1.421324e-008
 3.780000e+002 -5.676522e-008 -7.762397e-008
 3.790000e+002 -6.260286e-009 -4.689272e-008
 3.800000e+002  1.424585e-008 -1.276750e-007
 3.810000e+002 -4.413615e-009 -3.863749e-008
 3.820000e+002 -1.304538e-008  2.947948e-009
 3.830000e+002  2.507974e-008 -2.831687e-008
 3.840000e+002  5.053319e-008 -3.857534e-008
 3.850000e+002 -2.222764e-008 -4.803388e-008
 3.860000e+002  6.505783e-008 -1.371274e-008
 3.870000e+002  3.622464e-008 -2.497818e-008
 3.880000e+002  8.233191e-008 -1.557080e-008
 3.890000e+002  5.812223e-008  4.471661e-008
 3.900000e+002  7.830565e-008 -5.532814e-009
 3.910000e+002  8.781839e-008 -1.255237e-008
 3.920000e+002  5.855429e-008  4.189035e-008
 3.930000e+002  5.656029e-008 -3.308125e-009
 3.940000e+002  7.357186e-008 -6.809051e-009
 3.950000e+002  5.511546e-008 -2.748517e-008
 3.960000e+002  1.206243e-007  1.555057e-008
 3.970000e+002  5.612327e-008 -8.594751e-010
 3.980000e+002  8.730732e-008 -4.775930e-008
 3.990000e+002  7.212167e-009 -1.142212e-008
 4.000000e+002 -4.357204e-009  4.125503e-008
 4.010000e+002  4.403175e-008  3.963018e-008
 4.020000e+002  4.701645e-008  3.777051e-008
 4.030000e+002 -3.396347e-008  2.338470e-008
 4.040000e+002  7.300130e-008  1.175904e-007
 4.050000e+002  1.675478e-007  4.481900e-007
 4.060000e+002 -2.026313e-007 -2.282850e-007
 4.070000e+002  1.711343e-007 -7.403750e-008
 4.080000e+002  1.414472e-007 -1.760569e-008
 4.090000e+002  1.423327e-007  2.014617e-008
 4.100000e+002  9.480205e-008 -1.590396e-008
 4.110000e+002  9.003871e-008 -6.517950e-008
 4.120000e+002  7.447464e-008 -1.453054e-008
 4.130000e+002  1.182841e-007  9.495233e-009
 4.140000e+002  1.011339e-007  6.000433e-008
 4.150000e+002  9.254822e-008  1.268762e-008
 4.160000e+002  1.124908e-007  6.226680e-008
 4.170000e+002  8.236859e-008  3.720082e-008
 4.180000e+002  7.903577e-008  7.350383e-008
 4.190000e+002  1.361382e-007  6.043959e-008
 4.200000e+002  2.501366e-007  2.068590e-007
 4.210000e+002  1.102953e-008  4.344512e-008
 4.220000e+002  8.245017e-008 -1.097626e-008
 4.230000e+002  1.036657e-007  1.528672e-008
 4.240000e+002  7.243140e-008  1.135860e-007
 4.250000e+002  1.311716e-007  7.923777e-008
 4.260000e+002  8.188249e-008 -3.649691e-009
 4.270000e+002  9.672754e-008  6.034763e-008
 4.280000e+002  1.497932e-007  6.370069e-008
 4.290000e+002  1.663707e-007 -3.722442e-009
 4.300000e+002  1.449970e-007  3.599015e-008
 4.310000e+002  1.478571e-007  1.763418e-008
 4.320000e+002  1.253308e-007  7.381341e-008
 4.330000e+002  1.099691e-007 -6.203554e-009
 4.340000e+002  1.711226e-007  6.174041e-009
 4.350000e+002  3.469550e-007 -3.869984e-008
 4.360000e+002  2.724099e-007  1.427681e-007
 4.370000e+002  2.272607e-009  3.362320e-008
 4.380000e+002  1.126705e-007  8.098059e-008
 4.390000e+002  6.802882e-008  1.472663e-007
 4.400000e+002  5.657315e-008  8.537992e-008
 4.410000e+002  4.927293e-008  7.638337e-008
 4.420000e+002  6.440473e-008  1.281230e-007
 4.430000e+002  7.700482e-008  8.372301e-008
 4.440000e+002  1.389657e-008  1.417521e-007
 4.450000e+002  8.553009e-008  8.892392e-008
 4.460000e+002  3.689815e-008  4.985418e-008
 4.470000e+002  2.247612e-008  1.022717e-007
 4.480000e+002  2.651162e-008  1.471518e-007
 4.490000e+002  8.302324e-008  1.158647e-007
 4.500000e+002 -3.081558e-008  1.301337e-007
 4.510000e+002  5.799789e-008  1.381827e-007
 4.520000e+002 -8.214705e-008  2.582864e-008
 4.530000e+002 -9.313049e-008  6.163381e-008
 4.540000e+002  3.813666e-009  5.900764e-008
 4.550000e+002 -5.003356e-008  5.901063e-008
 4.560000e+002  1.223465e-009  4.105284e-008
 4.570000e+002  3.262098e-008  9.131062e-008
 4.580000e+002  3.189125e-008  9.697120e-008
 4.590000e+002  8.231126e-008  8.042138e-008
 4.600000e+002 -1.743558e-008  8.526247e-008
 4.610000e+002 -3.218235e-008 -5.381245e-009
 4.620000e+002  3.910506e-008 -3.138287e-008
 4.630000e+002 -5.420947e-008  8.808672e-008
 4.640000e+002 -3.569056e-008  4.507797e-008
 4.650000e+002  4.146191e-008  1.373783e-008
 4.660000e+002 -2.863090e-007  8.173090e-008
 4.670000e+002 -2.353649e-007  1.090534e-007
 4.680000e+002 -4.115697e-008  8.935497e-008
 4.690000e+002  2.175887e-008  8.685699e-008
 4.700000e+002 -1.296069e-008 -1.259971e-008
 4.710000e+002 -2.494357e-008  1.858049e-008
 4.720000e+002 -4.029859e-008  4.257964e-008
 4.730000e+002 -3.944859e-008 -3.302211e-008
 4.740000e+002 -1.474975e-007  9.121553e-009
 4.750000e+002 -4.761874e-008  2.777782e-008
 4.760000e+002 -7.494743e-008  4.127944e-008
 4.770000e+002 -2.720105e-008  1.421820e-008
 4.780000e+002 -2.195370e-008  5.012594e-009
 4.790000e+002 -4.334704e-008  4.474607e-008
 4.800000e+002 -1.067256e-007  5.143913e-008
 4.810000e+002 -6.065609e-008  1.523836e-008
 4.820000e+002  5.399124e-008  5.662848e-008
 4.830000e+002 -1.423100e-007  9.549906e-009
 4.840000e+002 -4.665048e-008  4.329768e-008
 4.850000e+002 -3.708145e-008 -6.457914e-008
 4.860000e+002 -3.933896e-008 -4.734326e-008
 4.870000e+002 -9.706774e-008 -9.828565e-009
 4.880000e+002 -6.946802e-008  2.219628e-008
 4.890000e+002 -1.354930e-007  4.168317e-008
 4.900000e+002 -9.167976e-008  4.573334e-009
 4.910000e+002 -1.127590e-007 -1.075171e-008
 4.920000e+002 -8.455428e-008 -3.856381e-008
 4.930000e+002 -9.673451e-008  4.227612e-008
 4.940000e+002 -9.764404e-008  7.564541e-009
 4.950000e+002 -1.131871e-007 -8.815229e-008
 4.960000e+002 -1.516668e-007 -2.759074e-008
 4.970000e+002  5.665034e-008  8.458060e-008
 4.980000e+002 -5.510174e-008  6.640557e-008
 4.990000e+002  2.330457e-008  2.232326e-008
 5.000000e+002 -4.925950e-008  2.309121e-008
 5.010000e+002 -1.901811e-008 -1.250482e-008
 5.020000e+002 -3.415892e-008  2.379008e-008
 5.030000e+002 -2.936799e-008  1.136405e-008
 5.040000e+002 -4.121453e-008  4.411986e-008
 5.050000e+002 -5.505703e-008  6.806287e-009
 5.060000e+002 -1.033636e-007  3.360321e-008
 5.070000e+002 -3.122494e-008 -1.247506e-008
 5.080000e+002 -1.575395e-008  6.324594e-009
 5.090000e+002 -7.435204e-008 -3.072562e-009
 5.100000e+002 -3.591889e-008 -6.280902e-011
 5.110000e+002 -7.188411e-008  3.695761e-008
 5.120000e+002  4.249147e-010  4.342415e-013
