 0.000000e+000  9.985376e-001  0.000000e+000
 1.000000e+000  7.933028e-001  0.000000e+000
 2.000000e+000  7.427918e-001  0.000000e+000
 3.000000e+000  6.858453e-001  0.000000e+000
 4.000000e+000  5.905604e-001  0.000000e+000
 5.000000e+000  2.979864e-001  0.000000e+000
 6.000000e+000  5.303237e-001  0.000000e+000
 7.000000e+000  6.035562e-001  0.000000e+000
 8.000000e+000  5.312315e-001  0.000000e+000
 9.000000e+000  5.546014e-001  0.000000e+000
 1.000000e+001  6.509675e-001  0.000000e+000
 1.100000e+001  7.249897e-001  0.000000e+000
 1.200000e+001  6.113592e-001  0.000000e+000
 1.300000e+001  5.643557e-001  0.000000e+000
 1.400000e+001  4.179910e-001  0.000000e+000
 1.500000e+001  2.348563e-002  0.000000e+000
 1.600000e+001  3.744458e-001  0.000000e+000
 1.700000e+001  6.700178e-001  0.000000e+000
 1.800000e+001  8.192754e-001  0.000000e+000
 1.900000e+001  8.172975e-001  0.000000e+000
 2.000000e+001  8.323874e-001  0.000000e+000
 2.100000e+001  8.410763e-001  0.000000e+000
 2.200000e+001  7.744557e-001  0.000000e+000
 2.300000e+001  8.456509e-001  0.000000e+000
 2.400000e+001  8.381453e-001  0.000000e+000
 2.500000e+001  8.452701e-001  0.000000e+000
 2.600000e+001  8.086137e-001  0.000000e+000
 2.700000e+001  7.785140e-001  0.000000e+000
 2.800000e+001  6.428831e-001  0.000000e+000
 2.900000e+001  6.729011e-001  0.000000e+000
 3.000000e+001  2.129631e-002  0.000000e+000
 3.100000e+001  5.313884e-001  0.000000e+000
 3.200000e+001  5.609586e-001  0.000000e+000
 3.300000e+001  6.560561e-001  0.000000e+000
 3.400000e+001  6.265762e-001  0.000000e+000
 3.500000e+001  6.346692e-001  0.000000e+000
 3.600000e+001  5.500385e-001  0.000000e+000
 3.700000e+001  4.857054e-001  0.000000e+000
 3.800000e+001  3.991068e-001  0.000000e+000
 3.900000e+001  3.070938e-001  0.000000e+000
 4.000000e+001  2.367662e-001  0.000000e+000
 4.100000e+001  1.541846e-001  0.000000e+000
 4.200000e+001  1.002020e-001  0.000000e+000
 4.300000e+001  4.664672e-002  0.000000e+000
 4.400000e+001  1.034050e-002  0.000000e+000
 4.500000e+001  1.178731e-002  0.000000e+000
 4.600000e+001  4.628838e-002  0.000000e+000
 4.700000e+001  1.304597e-001  0.000000e+000
 4.800000e+001  2.079558e-001  0.000000e+000
 4.900000e+001  3.016187e-001  0.000000e+000
 5.000000e+001  4.069475e-001  0.000000e+000
 5.100000e+001  5.138046e-001  0.000000e+000
 5.200000e+001  2.247213e-001  0.000000e+000
 5.300000e+001  5.960147e-001  0.000000e+000
 5.400000e+001  6.931129e-001  0.000000e+000
 5.500000e+001  7.143039e-001  0.000000e+000
 5.600000e+001  8.100573e-001  0.000000e+000
 5.700000e+001  8.078750e-001  0.000000e+000
 5.800000e+001  7.270191e-001  0.000000e+000
 5.900000e+001  7.466999e-001  0.000000e+000
 6.000000e+001  2.036904e-001  0.000000e+000
 6.100000e+001  8.682343e-001  0.000000e+000
 6.200000e+001  8.951059e-001  0.000000e+000
 6.300000e+001  9.416490e-001  0.000000e+000
 6.400000e+001  9.456368e-001  0.000000e+000
 6.500000e+001  9.301726e-001  0.000000e+000
 6.600000e+001  9.227964e-001  0.000000e+000
 6.700000e+001  6.073330e-001  0.000000e+000
 6.800000e+001  8.931708e-001  0.000000e+000
 6.900000e+001  9.715579e-001  0.000000e+000
 7.000000e+001  9.614500e-001  0.000000e+000
 7.100000e+001  9.036586e-001  0.000000e+000
 7.200000e+001  9.542292e-001  0.000000e+000
 7.300000e+001  9.527936e-001  0.000000e+000
 7.400000e+001  9.256768e-001  0.000000e+000
 7.500000e+001  1.849410e-001  0.000000e+000
 7.600000e+001  9.294546e-001  0.000000e+000
 7.700000e+001  9.645733e-001  0.000000e+000
 7.800000e+001  9.608880e-001  0.000000e+000
 7.900000e+001  9.135277e-001  0.000000e+000
 8.000000e+001  9.520001e-001  0.000000e+000
 8.100000e+001  9.485703e-001  0.000000e+000
 8.200000e+001  9.275217e-001  0.000000e+000
 8.300000e+001  9.685484e-001  0.000000e+000
 8.400000e+001  9.427841e-001  0.000000e+000
 8.500000e+001  9.463153e-001  0.000000e+000
 8.600000e+001  9.399338e-001  0.000000e+000
 8.700000e+001  9.371021e-001  0.000000e+000
 8.800000e+001  8.935347e-001  0.000000e+000
 8.900000e+001  7.319008e-001  0.000000e+000
 9.000000e+001  1.198908e-001  0.000000e+000
 9.100000e+001  6.944892e-001  0.000000e+000
 9.200000e+001  8.830060e-001  0.000000e+000
 9.300000e+001  8.924344e-001  0.000000e+000
 9.400000e+001  8.764533e-001  0.000000e+000
 9.500000e+001  8.564131e-001  0.000000e+000
 9.600000e+001  8.875637e-001  0.000000e+000
 9.700000e+001  8.083789e-001  0.000000e+000
 9.800000e+001  8.305775e-001  0.000000e+000
 9.900000e+001  7.801390e-001  0.000000e+000
 1.000000e+002  7.632257e-001  0.000000e+000
 1.010000e+002  7.178097e-001  0.000000e+000
 1.020000e+002  7.367994e-001  0.000000e+000
 1.030000e+002  6.368039e-001  0.000000e+000
 1.040000e+002  4.643593e-001  0.000000e+000
 1.050000e+002  1.581564e-001  0.000000e+000
 1.060000e+002  6.035267e-002  0.000000e+000
 1.070000e+002  3.652242e-001  0.000000e+000
 1.080000e+002  6.808820e-001  0.000000e+000
 1.090000e+002  5.937077e-001  0.000000e+000
 1.100000e+002  7.261575e-001  0.000000e+000
 1.110000e+002  7.676745e-001  0.000000e+000
 1.120000e+002  6.968365e-001  0.000000e+000
 1.130000e+002  6.602880e-001  0.000000e+000
 1.140000e+002  7.427759e-001  0.000000e+000
 1.150000e+002  7.451918e-001  0.000000e+000
 1.160000e+002  7.288271e-001  0.000000e+000
 1.170000e+002  6.108404e-001  0.000000e+000
 1.180000e+002  5.837991e-001  0.000000e+000
 1.190000e+002  3.666293e-001  0.000000e+000
 1.200000e+002  1.111396e-001  0.000000e+000
 1.210000e+002  1.883292e-001  0.000000e+000
 1.220000e+002  3.944356e-001  0.000000e+000
 1.230000e+002  3.216828e-001  0.000000e+000
 1.240000e+002  3.588803e-001  0.000000e+000
 1.250000e+002  3.166534e-001  0.000000e+000
 1.260000e+002  2.760639e-001  0.000000e+000
 1.270000e+002  2.220065e-001  0.000000e+000
 1.280000e+002  1.788374e-001  0.000000e+000
 1.290000e+002  2.934560e-001  0.000000e+000
 1.300000e+002  2.524818e-001  0.000000e+000
 1.310000e+002  1.205709e-001  0.000000e+000
 1.320000e+002  1.130686e-001  0.000000e+000
 1.330000e+002  3.327298e-002  0.000000e+000
 1.340000e+002  3.041313e-003  0.000000e+000
 1.350000e+002  6.141771e-002  0.000000e+000
 1.360000e+002  5.101736e-002  0.000000e+000
 1.370000e+002  8.395075e-002  0.000000e+000
 1.380000e+002  1.784895e-001  0.000000e+000
 1.390000e+002  1.382311e-001  0.000000e+000
 1.400000e+002  2.829559e-001  0.000000e+000
 1.410000e+002  2.399847e-001  0.000000e+000
 1.420000e+002  3.463402e-001  0.000000e+000
 1.430000e+002  2.615246e-001  0.000000e+000
 1.440000e+002  3.308523e-001  0.000000e+000
 1.450000e+002  3.030710e-001  0.000000e+000
 1.460000e+002  3.347126e-001  0.000000e+000
 1.470000e+002  3.708070e-001  0.000000e+000
 1.480000e+002  3.268950e-001  0.000000e+000
 1.490000e+002  1.757854e-001  0.000000e+000
 1.500000e+002  2.106214e-002  0.000000e+000
 1.510000e+002  1.382746e-002  0.000000e+000
 1.520000e+002  9.267931e-002  0.000000e+000
 1.530000e+002  1.365153e-001  0.000000e+000
 1.540000e+002  2.305942e-001  0.000000e+000
 1.550000e+002  2.298940e-001  0.000000e+000
 1.560000e+002  1.319899e-001  0.000000e+000
 1.570000e+002  9.289408e-002  0.000000e+000
 1.580000e+002  1.629194e-001  0.000000e+000
 1.590000e+002  8.518501e-002  0.000000e+000
 1.600000e+002  1.517180e-001  0.000000e+000
 1.610000e+002  1.226085e-001  0.000000e+000
 1.620000e+002  8.544993e-002  0.000000e+000
 1.630000e+002  7.782457e-002  0.000000e+000
 1.640000e+002  4.837899e-002  0.000000e+000
 1.650000e+002  4.949669e-002  0.000000e+000
 1.660000e+002  5.356885e-002  0.000000e+000
 1.670000e+002  6.791288e-002  0.000000e+000
 1.680000e+002  9.412023e-002  0.000000e+000
 1.690000e+002  1.025125e-001  0.000000e+000
 1.700000e+002  2.326565e-001  0.000000e+000
 1.710000e+002  1.969961e-001  0.000000e+000
 1.720000e+002  2.265296e-001  0.000000e+000
 1.730000e+002  1.681158e-001  0.000000e+000
 1.740000e+002  2.217963e-001  0.000000e+000
 1.750000e+002  2.492325e-001  0.000000e+000
 1.760000e+002  3.621992e-001  0.000000e+000
 1.770000e+002  3.778889e-001  0.000000e+000
 1.780000e+002  2.766186e-001  0.000000e+000
 1.790000e+002  3.310289e-001  0.000000e+000
 1.800000e+002  1.241243e-001  0.000000e+000
 1.810000e+002  1.132765e-002  0.000000e+000
 1.820000e+002  1.113079e-002  0.000000e+000
 1.830000e+002  3.786746e-002  0.000000e+000
 1.840000e+002  1.183170e-001  0.000000e+000
 1.850000e+002  1.298970e-001  0.000000e+000
 1.860000e+002  5.786394e-002  0.000000e+000
 1.870000e+002  1.315598e-001  0.000000e+000
 1.880000e+002  2.662209e-001  0.000000e+000
 1.890000e+002  2.244884e-001  0.000000e+000
 1.900000e+002  2.102384e-001  0.000000e+000
 1.910000e+002  1.449950e-001  0.000000e+000
 1.920000e+002  7.088131e-002  0.000000e+000
 1.930000e+002  1.846677e-001  0.000000e+000
 1.940000e+002  1.143275e-001  0.000000e+000
 1.950000e+002  1.203487e-001  0.000000e+000
 1.960000e+002  7.002031e-002  0.000000e+000
 1.970000e+002  6.657851e-002  0.000000e+000
 1.980000e+002  9.409625e-002  0.000000e+000
 1.990000e+002  1.177096e-001  0.000000e+000
 2.000000e+002  1.586524e-001  0.000000e+000
 2.010000e+002  8.867530e-002  0.000000e+000
 2.020000e+002  9.281505e-002  0.000000e+000
 2.030000e+002  2.192593e-001  0.000000e+000
 2.040000e+002  6.253040e-002  0.000000e+000
 2.050000e+002  1.001149e-001  0.000000e+000
 2.060000e+002  1.228480e-001  0.000000e+000
 2.070000e+002  1.715692e-001  0.000000e+000
 2.080000e+002  2.196273e-001  0.000000e+000
 2.090000e+002  4.448234e-002  0.000000e+000
 2.100000e+002  8.181685e-003  0.000000e+000
 2.110000e+002  1.502021e-001  0.000000e+000
 2.120000e+002  1.757454e-001  0.000000e+000
 2.130000e+002  2.365014e-001  0.000000e+000
 2.140000e+002  9.844147e-002  0.000000e+000
 2.150000e+002  2.905995e-001  0.000000e+000
 2.160000e+002  2.013694e-001  0.000000e+000
 2.170000e+002  2.935432e-001  0.000000e+000
 2.180000e+002  3.130561e-001  0.000000e+000
 2.190000e+002  2.349344e-001  0.000000e+000
 2.200000e+002  2.426906e-001  0.000000e+000
 2.210000e+002  2.896110e-001  0.000000e+000
 2.220000e+002  1.640487e-001  0.000000e+000
 2.230000e+002  2.220606e-001  0.000000e+000
 2.240000e+002  1.694718e-001  0.000000e+000
 2.250000e+002  6.417138e-002  0.000000e+000
 2.260000e+002  3.460175e-002  0.000000e+000
 2.270000e+002  1.505687e-002  0.000000e+000
 2.280000e+002  1.262280e-002  0.000000e+000
 2.290000e+002  1.583585e-002  0.000000e+000
 2.300000e+002  4.623377e-002  0.000000e+000
 2.310000e+002  1.583380e-001  0.000000e+000
 2.320000e+002  7.761745e-002  0.000000e+000
 2.330000e+002  8.808097e-002  0.000000e+000
 2.340000e+002  1.924861e-001  0.000000e+000
 2.350000e+002  9.422818e-002  0.000000e+000
 2.360000e+002  1.509860e-001  0.000000e+000
 2.370000e+002  5.256911e-002  0.000000e+000
 2.380000e+002  1.145951e-002  0.000000e+000
 2.390000e+002  2.666017e-001  0.000000e+000
 2.400000e+002  1.770949e-001  0.000000e+000
 2.410000e+002  1.234519e-002  0.000000e+000
 2.420000e+002  9.218239e-002  0.000000e+000
 2.430000e+002  4.781849e-002  0.000000e+000
 2.440000e+002  1.692606e-001  0.000000e+000
 2.450000e+002  2.793555e-001  0.000000e+000
 2.460000e+002  9.816150e-002  0.000000e+000
 2.470000e+002  7.604982e-002  0.000000e+000
 2.480000e+002  9.437052e-002  0.000000e+000
 2.490000e+002  1.114155e-002  0.000000e+000
 2.500000e+002  3.576661e-002  0.000000e+000
 2.510000e+002  4.697543e-002  0.000000e+000
 2.520000e+002  2.509320e-002  0.000000e+000
 2.530000e+002  3.307240e-002  0.000000e+000
 2.540000e+002  3.848827e-002  0.000000e+000
 2.550000e+002  2.068986e-002  0.000000e+000
 2.560000e+002  2.186495e-002  0.000000e+000
 2.570000e+002  5.452301e-002  0.000000e+000
 2.580000e+002  2.722932e-002  0.000000e+000
 2.590000e+002  9.391662e-002  0.000000e+000
 2.600000e+002  7.409829e-002  0.000000e+000
 2.610000e+002  1.877504e-001  0.000000e+000
 2.620000e+002  7.595192e-002  0.000000e+000
 2.630000e+002  1.030497e-001  0.000000e+000
 2.640000e+002  3.609406e-001  0.000000e+000
 2.650000e+002  1.587238e-001  0.000000e+000
 2.660000e+002  2.339977e-001  0.000000e+000
 2.670000e+002  1.413687e-001  0.000000e+000
 2.680000e+002  2.849021e-001  0.000000e+000
 2.690000e+002  1.272492e-001  0.000000e+000
 2.700000e+002  5.124212e-002  0.000000e+000
 2.710000e+002  1.082902e-002  0.000000e+000
 2.720000e+002  1.936583e-001  0.000000e+000
 2.730000e+002  3.364220e-001  0.000000e+000
 2.740000e+002  3.009619e-001  0.000000e+000
 2.750000e+002  1.538420e-001  0.000000e+000
 2.760000e+002  2.454366e-001  0.000000e+000
 2.770000e+002  1.152324e-001  0.000000e+000
 2.780000e+002  2.888950e-001  0.000000e+000
 2.790000e+002  2.577856e-001  0.000000e+000
 2.800000e+002  1.896031e-001  0.000000e+000
 2.810000e+002  2.104667e-001  0.000000e+000
 2.820000e+002  2.450757e-001  0.000000e+000
 2.830000e+002  2.891998e-002  0.000000e+000
 2.840000e+002  6.498698e-003  0.000000e+000
 2.850000e+002  8.501820e-003  0.000000e+000
 2.860000e+002  1.539553e-002  0.000000e+000
 2.870000e+002  6.013729e-002  0.000000e+000
 2.880000e+002  9.863606e-002  0.000000e+000
 2.890000e+002  1.617782e-001  0.000000e+000
 2.900000e+002  2.619810e-001  0.000000e+000
 2.910000e+002  2.459206e-001  0.000000e+000
 2.920000e+002  3.511154e-001  0.000000e+000
 2.930000e+002  2.585872e-001  0.000000e+000
 2.940000e+002  3.339237e-001  0.000000e+000
 2.950000e+002  2.166519e-001  0.000000e+000
 2.960000e+002  2.344696e-001  0.000000e+000
 2.970000e+002  2.491300e-001  0.000000e+000
 2.980000e+002  3.061253e-001  0.000000e+000
 2.990000e+002  1.918628e-001  0.000000e+000
 3.000000e+002  1.584025e-001  0.000000e+000
 3.010000e+002  2.385148e-001  0.000000e+000
 3.020000e+002  3.905821e-001  0.000000e+000
 3.030000e+002  3.274581e-001  0.000000e+000
 3.040000e+002  3.730116e-001  0.000000e+000
 3.050000e+002  4.006242e-001  0.000000e+000
 3.060000e+002  4.007481e-001  0.000000e+000
 3.070000e+002  4.051102e-001  0.000000e+000
 3.080000e+002  1.950540e-001  0.000000e+000
 3.090000e+002  2.056278e-001  0.000000e+000
 3.100000e+002  2.701903e-001  0.000000e+000
 3.110000e+002  1.612687e-001  0.000000e+000
 3.120000e+002  4.619060e-001  0.000000e+000
 3.130000e+002  8.820114e-002  0.000000e+000
 3.140000e+002  2.009867e-001  0.000000e+000
 3.150000e+002  1.116903e-003  0.000000e+000
 3.160000e+002  3.032075e-002  0.000000e+000
 3.170000e+002  2.640047e-001  0.000000e+000
 3.180000e+002  2.191301e-001  0.000000e+000
 3.190000e+002  3.190920e-001  0.000000e+000
 3.200000e+002  2.884780e-001  0.000000e+000
 3.210000e+002  5.239819e-002  0.000000e+000
 3.220000e+002  1.478229e-001  0.000000e+000
 3.230000e+002  1.796282e-001  0.000000e+000
 3.240000e+002  1.929685e-001  0.000000e+000
 3.250000e+002  5.618243e-002  0.000000e+000
 3.260000e+002  5.753675e-003  0.000000e+000
 3.270000e+002  6.936324e-003  0.000000e+000
 3.280000e+002  6.955533e-002  0.000000e+000
 3.290000e+002  2.196854e-001  0.000000e+000
 3.300000e+002  1.390488e-001  0.000000e+000
 3.310000e+002  1.568428e-001  0.000000e+000
 3.320000e+002  1.617632e-001  0.000000e+000
 3.330000e+002  2.584307e-001  0.000000e+000
 3.340000e+002  1.560607e-001  0.000000e+000
 3.350000e+002  1.415183e-001  0.000000e+000
 3.360000e+002  3.309879e-002  0.000000e+000
 3.370000e+002  1.915883e-001  0.000000e+000
 3.380000e+002  1.475879e-001  0.000000e+000
 3.390000e+002  1.018953e-001  0.000000e+000
 3.400000e+002  1.476324e-001  0.000000e+000
 3.410000e+002  1.273359e-001  0.000000e+000
 3.420000e+002  7.911263e-002  0.000000e+000
 3.430000e+002  7.886104e-002  0.000000e+000
 3.440000e+002  1.290650e-001  0.000000e+000
 3.450000e+002  2.986639e-002  0.000000e+000
 3.460000e+002  7.983297e-002  0.000000e+000
 3.470000e+002  7.464162e-002  0.000000e+000
 3.480000e+002  8.772069e-003  0.000000e+000
 3.490000e+002  5.687709e-002  0.000000e+000
 3.500000e+002  2.119782e-002  0.000000e+000
 3.510000e+002  1.075574e-001  0.000000e+000
 3.520000e+002  9.870626e-002  0.000000e+000
 3.530000e+002  6.259094e-003  0.000000e+000
 3.540000e+002  1.688361e-001  0.000000e+000
 3.550000e+002  8.786140e-002  0.000000e+000
 3.560000e+002  8.135564e-002  0.000000e+000
 3.570000e+002  1.526351e-001  0.000000e+000
 3.580000e+002  1.644136e-003  0.000000e+000
 3.590000e+002  1.078329e-001  0.000000e+000
 3.600000e+002  3.884396e-002  0.000000e+000
 3.610000e+002  9.714362e-002  0.000000e+000
 3.620000e+002  2.854576e-002  0.000000e+000
 3.630000e+002  5.911662e-002  0.000000e+000
 3.640000e+002  8.353305e-002  0.000000e+000
 3.650000e+002  3.244538e-002  0.000000e+000
 3.660000e+002  8.743086e-002  0.000000e+000
 3.670000e+002  7.338402e-002  0.000000e+000
 3.680000e+002  8.067524e-002  0.000000e+000
 3.690000e+002  3.696419e-002  0.000000e+000
 3.700000e+002  3.708095e-002  0.000000e+000
 3.710000e+002  1.641885e-001  0.000000e+000
 3.720000e+002  2.751806e-002  0.000000e+000
 3.730000e+002  2.484695e-003  0.000000e+000
 3.740000e+002  2.769165e-002  0.000000e+000
 3.750000e+002  1.436346e-002  0.000000e+000
 3.760000e+002  1.991747e-003  0.000000e+000
 3.770000e+002  4.441837e-002  0.000000e+000
 3.780000e+002  4.570195e-002  0.000000e+000
 3.790000e+002  3.335889e-002  0.000000e+000
 3.800000e+002  1.484905e-001  0.000000e+000
 3.810000e+002  2.853938e-002  0.000000e+000
 3.820000e+002  4.041700e-003  0.000000e+000
 3.830000e+002  3.895089e-002  0.000000e+000
 3.840000e+002  8.361753e-002  0.000000e+000
 3.850000e+002  4.183796e-002  0.000000e+000
 3.860000e+002  1.128960e-001  0.000000e+000
 3.870000e+002  4.596963e-002  0.000000e+000
 3.880000e+002  1.232615e-001  0.000000e+000
 3.890000e+002  9.170137e-002  0.000000e+000
 3.900000e+002  6.743214e-002  0.000000e+000
 3.910000e+002  5.144970e-002  0.000000e+000
 3.920000e+002  5.150510e-002  0.000000e+000
 3.930000e+002  5.003866e-002  0.000000e+000
 3.940000e+002  8.178466e-002  0.000000e+000
 3.950000e+002  5.459374e-002  0.000000e+000
 3.960000e+002  2.043882e-001  0.000000e+000
 3.970000e+002  6.000391e-002  0.000000e+000
 3.980000e+002  1.887093e-001  0.000000e+000
 3.990000e+002  3.107998e-003  0.000000e+000
 4.000000e+002  2.514697e-002  0.000000e+000
 4.010000e+002  4.823599e-002  0.000000e+000
 4.020000e+002  4.483595e-002  0.000000e+000
 4.030000e+002  1.545364e-002  0.000000e+000
 4.040000e+002  7.835001e-002  0.000000e+000
 4.050000e+002  1.037710e-001  0.000000e+000
 4.060000e+002  3.219667e-002  0.000000e+000
 4.070000e+002  2.453113e-002  0.000000e+000
 4.080000e+002  1.022577e-001  0.000000e+000
 4.090000e+002  1.600634e-001  0.000000e+000
 4.100000e+002  1.124447e-001  0.000000e+000
 4.110000e+002  1.315766e-001  0.000000e+000
 4.120000e+002  1.224569e-001  0.000000e+000
 4.130000e+002  2.351754e-001  0.000000e+000
 4.140000e+002  1.743638e-001  0.000000e+000
 4.150000e+002  1.769702e-001  0.000000e+000
 4.160000e+002  2.431225e-001  0.000000e+000
 4.170000e+002  1.299691e-001  0.000000e+000
 4.180000e+002  9.976141e-002  0.000000e+000
 4.190000e+002  2.503272e-001  0.000000e+000
 4.200000e+002  2.471017e-001  0.000000e+000
 4.210000e+002  1.997005e-002  0.000000e+000
 4.220000e+002  4.429130e-002  0.000000e+000
 4.230000e+002  2.248871e-001  0.000000e+000
 4.240000e+002  2.602446e-001  0.000000e+000
 4.250000e+002  2.352089e-001  0.000000e+000
 4.260000e+002  1.038077e-001  0.000000e+000
 4.270000e+002  1.339208e-001  0.000000e+000
 4.280000e+002  3.981280e-001  0.000000e+000
 4.290000e+002  2.666350e-001  0.000000e+000
 4.300000e+002  3.218684e-001  0.000000e+000
 4.310000e+002  2.922104e-001  0.000000e+000
 4.320000e+002  2.590622e-001  0.000000e+000
 4.330000e+002  1.512833e-001  0.000000e+000
 4.340000e+002  1.699185e-001  0.000000e+000
 4.350000e+002  6.986573e-002  0.000000e+000
 4.360000e+002  5.026781e-002  0.000000e+000
 4.370000e+002  4.727399e-003  0.000000e+000
 4.380000e+002  1.945906e-001  0.000000e+000
 4.390000e+002  2.028059e-001  0.000000e+000
 4.400000e+002  1.301040e-001  0.000000e+000
 4.410000e+002  1.080642e-001  0.000000e+000
 4.420000e+002  2.810398e-001  0.000000e+000
 4.430000e+002  2.013643e-001  0.000000e+000
 4.440000e+002  2.376940e-001  0.000000e+000
 4.450000e+002  2.638341e-001  0.000000e+000
 4.460000e+002  5.898374e-002  0.000000e+000
 4.470000e+002  1.271579e-001  0.000000e+000
 4.480000e+002  3.128757e-001  0.000000e+000
 4.490000e+002  1.886553e-001  0.000000e+000
 4.500000e+002  1.248911e-001  0.000000e+000
 4.510000e+002  6.904134e-002  0.000000e+000
 4.520000e+002  9.533408e-003  0.000000e+000
 4.530000e+002  9.724206e-002  0.000000e+000
 4.540000e+002  3.542100e-002  0.000000e+000
 4.550000e+002  7.829522e-002  0.000000e+000
 4.560000e+002  2.281910e-002  0.000000e+000
 4.570000e+002  1.345009e-001  0.000000e+000
 4.580000e+002  1.382806e-001  0.000000e+000
 4.590000e+002  1.340789e-001  0.000000e+000
 4.600000e+002  8.647824e-002  0.000000e+000
 4.610000e+002  1.496025e-002  0.000000e+000
 4.620000e+002  3.356710e-002  0.000000e+000
 4.630000e+002  1.163182e-001  0.000000e+000
 4.640000e+002  2.568663e-002  0.000000e+000
 4.650000e+002  6.935870e-003  0.000000e+000
 4.660000e+002  9.602229e-002  0.000000e+000
 4.670000e+002  4.551101e-002  0.000000e+000
 4.680000e+002  9.211247e-002  0.000000e+000
 4.690000e+002  1.219487e-001  0.000000e+000
 4.700000e+002  4.930143e-003  0.000000e+000
 4.710000e+002  1.552037e-002  0.000000e+000
 4.720000e+002  4.258019e-002  0.000000e+000
 4.730000e+002  4.409071e-002  0.000000e+000
 4.740000e+002  2.235753e-001  0.000000e+000
 4.750000e+002  3.104500e-002  0.000000e+000
 4.760000e+002  7.465207e-002  0.000000e+000
 4.770000e+002  1.590747e-002  0.000000e+000
 4.780000e+002  5.947278e-003  0.000000e+000
 4.790000e+002  4.735538e-002  0.000000e+000
 4.800000e+002  9.567396e-002  0.000000e+000
 4.810000e+002  2.115621e-002  0.000000e+000
 4.820000e+002  8.194554e-002  0.000000e+000
 4.830000e+002  2.330334e-001  0.000000e+000
 4.840000e+002  4.978674e-002  0.000000e+000
 4.850000e+002  4.234686e-002  0.000000e+000
 4.860000e+002  5.179278e-002  0.000000e+000
 4.870000e+002  1.423880e-001  0.000000e+000
 4.880000e+002  6.738825e-002  0.000000e+000
 4.890000e+002  2.927339e-001  0.000000e+000
 4.900000e+002  1.264183e-001  0.000000e+000
 4.910000e+002  1.536389e-001  0.000000e+000
 4.920000e+002  1.330943e-001  0.000000e+000
 4.930000e+002  1.397389e-001  0.000000e+000
 4.940000e+002  9.639937e-002  0.000000e+000
 4.950000e+002  7.722362e-002  0.000000e+000
 4.960000e+002  4.442527e-002  0.000000e+000
 4.970000e+002  1.797050e-002  0.000000e+000
 4.980000e+002  3.414537e-002  0.000000e+000
 4.990000e+002  7.730476e-003  0.000000e+000
 5.000000e+002  2.491738e-002  0.000000e+000
 5.010000e+002  5.986734e-003  0.000000e+000
 5.020000e+002  2.223927e-002  0.000000e+000
 5.030000e+002  1.593061e-002  0.000000e+000
 5.040000e+002  6.013329e-002  0.000000e+000
 5.050000e+002  3.064972e-002  0.000000e+000
 5.060000e+002  1.393560e-001  0.000000e+000
 5.070000e+002  1.000610e-002  0.000000e+000
 5.080000e+002  3.728783e-003  0.000000e+000
 5.090000e+002  7.422035e-002  0.000000e+000
 5.100000e+002  1.580517e-002  0.000000e+000
 5.110000e+002  5.901990e-002  0.000000e+000
 5.120000e+002  1.441289e-006  0.000000e+000
