 0.000000e+000  4.822075e-005  0.000000e+000
 1.000000e+000 -2.155884e-006 -9.849236e-007
 2.000000e+000 -2.485660e-006 -4.829637e-007
 3.000000e+000 -2.832314e-006 -2.432090e-007
 4.000000e+000 -2.742341e-006 -3.931670e-007
 5.000000e+000 -2.837368e-006  2.079519e-007
 6.000000e+000 -3.032503e-006  3.202135e-007
 7.000000e+000 -2.932572e-006  4.038150e-007
 8.000000e+000 -3.411994e-006  8.820888e-007
 9.000000e+000  2.018547e-007 -1.196291e-005
 1.000000e+001 -3.347738e-006  2.591026e-007
 1.100000e+001 -3.672286e-006  5.793197e-007
 1.200000e+001 -3.956993e-006  8.360973e-007
 1.300000e+001 -4.228968e-006  9.713034e-007
 1.400000e+001 -4.709294e-006  1.255909e-006
 1.500000e+001 -5.335241e-006  1.001033e-006
 1.600000e+001 -5.480755e-006  2.044789e-006
 1.700000e+001 -6.581271e-006  2.381501e-006
 1.800000e+001 -1.286755e-005  3.115859e-006
 1.900000e+001 -1.108113e-005  4.272321e-006
 2.000000e+001 -1.509882e-005  6.139670e-006
 2.100000e+001 -2.650292e-005  1.210212e-005
 2.200000e+001 -9.446976e-005  8.108208e-005
 2.300000e+001  5.080061e-005 -1.335095e-005
 2.400000e+001  2.027464e-005 -7.111659e-006
 2.500000e+001  1.265617e-005 -5.027668e-006
 2.600000e+001  9.499888e-006 -3.296340e-006
 2.700000e+001  1.779326e-006 -6.610159e-006
 2.800000e+001  5.282130e-006 -2.624096e-006
 2.900000e+001  4.323887e-006 -2.182811e-006
 3.000000e+001  3.772000e-006 -1.874617e-006
 3.100000e+001  3.379665e-006 -1.667660e-006
 3.200000e+001  2.936503e-006 -1.481899e-006
 3.300000e+001  2.730901e-006 -1.302056e-006
 3.400000e+001  2.411562e-006 -1.180604e-006
 3.500000e+001  2.105055e-006 -1.081668e-006
 3.600000e+001  2.967393e-006 -1.374529e-006
 3.700000e+001  1.999820e-006 -1.049566e-006
 3.800000e+001  1.839734e-006 -9.358263e-007
 3.900000e+001  1.584122e-006 -1.123560e-006
 4.000000e+001  1.431726e-006 -7.642642e-007
 4.100000e+001  1.354986e-006 -6.893655e-007
 4.200000e+001  1.351434e-006 -6.225573e-007
 4.300000e+001  1.143844e-006 -5.909009e-007
 4.400000e+001  1.032653e-006 -4.984751e-007
 4.500000e+001  1.120367e-006 -1.139361e-006
 4.600000e+001  1.110297e-006 -6.030570e-007
 4.700000e+001  9.202794e-007 -4.245583e-007
 4.800000e+001  8.827277e-007 -4.124135e-007
 4.900000e+001  7.799882e-007 -3.051731e-007
 5.000000e+001  7.732504e-007 -4.116828e-007
 5.100000e+001  8.636939e-007 -3.599004e-007
 5.200000e+001  5.214539e-007 -3.307046e-007
 5.300000e+001  4.080946e-007 -4.060285e-007
 5.400000e+001  9.226570e-007  3.241485e-007
 5.500000e+001  4.370249e-007 -1.851953e-007
 5.600000e+001  4.040607e-007 -1.826774e-007
 5.700000e+001  2.995721e-007  8.665423e-008
 5.800000e+001  2.181046e-007 -2.109017e-007
 5.900000e+001  2.047022e-007 -7.436330e-008
 6.000000e+001  1.211329e-007 -4.063105e-007
 6.100000e+001  4.974913e-008 -1.944600e-007
 6.200000e+001 -2.734901e-007 -5.497524e-008
 6.300000e+001  7.735466e-008 -4.433915e-007
 6.400000e+001 -7.986394e-008 -1.601629e-007
 6.500000e+001 -3.058769e-007 -5.466036e-009
 6.600000e+001 -3.508302e-007 -4.994973e-008
 6.700000e+001 -5.933012e-007  3.807270e-008
 6.800000e+001 -7.069762e-007  1.593616e-007
 6.900000e+001 -9.150716e-007 -8.302730e-009
 7.000000e+001 -8.666197e-007  3.616274e-007
 7.100000e+001 -1.385529e-006  1.318495e-007
 7.200000e+001 -4.568755e-006  5.030970e-007
 7.300000e+001 -2.485732e-006  8.892013e-007
 7.400000e+001 -2.299376e-006  7.076715e-007
 7.500000e+001 -2.864155e-006  7.737745e-007
 7.600000e+001 -4.048910e-006  1.050788e-006
 7.700000e+001 -6.597253e-006  1.818489e-006
 7.800000e+001 -1.280150e-005  4.375692e-006
 7.900000e+001 -1.651519e-005  5.519475e-005
 8.000000e+001  1.686269e-005  3.399744e-006
 8.100000e+001  8.585673e-006  3.695700e-007
 8.200000e+001  5.969887e-006  2.073811e-007
 8.300000e+001  4.578115e-006  1.727625e-007
 8.400000e+001  3.788197e-006  2.588353e-007
 8.500000e+001  3.360279e-006  1.277254e-007
 8.600000e+001  2.904528e-006  1.657704e-007
 8.700000e+001  2.682340e-006  2.035767e-007
 8.800000e+001  2.283945e-006  4.240088e-007
 8.900000e+001  2.100646e-006  5.530435e-007
 9.000000e+001  2.118748e-006 -3.244902e-007
 9.100000e+001  1.953333e-006 -1.544644e-008
 9.200000e+001  1.792972e-006  1.465268e-008
 9.300000e+001  2.606148e-006 -9.298933e-008
 9.400000e+001  1.738744e-006  1.624029e-007
 9.500000e+001  1.699513e-006  2.004031e-007
 9.600000e+001  1.513556e-006  3.300601e-007
 9.700000e+001  1.545466e-006  4.126417e-007
 9.800000e+001  1.930566e-006  5.472180e-007
 9.900000e+001  6.423262e-007 -2.521907e-007
 1.000000e+002  1.099721e-006 -5.221626e-010
 1.010000e+002  1.113011e-006  8.001983e-008
 1.020000e+002  1.038007e-006  3.711226e-008
 1.030000e+002  1.146429e-006  8.629584e-008
 1.040000e+002  1.079978e-006  8.762577e-009
 1.050000e+002  1.134579e-006  3.317327e-007
 1.060000e+002  1.058315e-006  2.168787e-007
 1.070000e+002  1.328542e-006 -5.269746e-008
 1.080000e+002  1.145892e-006 -6.046918e-007
 1.090000e+002  8.864948e-007 -2.632794e-007
 1.100000e+002  7.710676e-007 -2.245129e-007
 1.110000e+002  4.260284e-007 -1.461200e-007
 1.120000e+002  7.252730e-007  9.682259e-008
 1.130000e+002  7.275223e-007 -3.474624e-008
 1.140000e+002  7.055300e-007  1.611889e-008
 1.150000e+002  7.560144e-007 -1.316343e-007
 1.160000e+002  5.717738e-007 -4.687285e-007
 1.170000e+002  5.314065e-007  1.042487e-006
 1.180000e+002  5.193067e-007  2.930394e-007
 1.190000e+002  4.027415e-007  2.013816e-007
 1.200000e+002  4.167542e-007  9.071829e-008
 1.210000e+002  3.650181e-007  3.338469e-007
 1.220000e+002  3.198162e-007  2.755325e-007
 1.230000e+002  7.415399e-007  2.124181e-007
 1.240000e+002  5.027990e-007  2.659697e-007
 1.250000e+002  4.816665e-007  4.203337e-007
 1.260000e+002  5.463737e-007  9.374149e-008
 1.270000e+002  4.567059e-007  1.693044e-007
 1.280000e+002  4.905886e-007  2.413517e-007
 1.290000e+002  7.074089e-007  2.423031e-007
 1.300000e+002  4.950194e-007  2.485134e-007
 1.310000e+002  4.147222e-007  2.598402e-007
 1.320000e+002  3.682641e-007  2.157608e-007
 1.330000e+002  3.457337e-007  2.394798e-007
 1.340000e+002  4.401564e-007  4.453277e-007
 1.350000e+002  7.020284e-007 -3.950122e-007
 1.360000e+002  3.949633e-007  1.437621e-008
 1.370000e+002  3.629051e-007  1.565551e-007
 1.380000e+002  3.520000e-007  1.366008e-007
 1.390000e+002  3.146561e-007  1.143611e-007
 1.400000e+002  3.139189e-007  1.688526e-007
 1.410000e+002  1.377889e-007  1.297138e-007
 1.420000e+002  3.201364e-007  1.368394e-007
 1.430000e+002  3.174404e-007  2.284061e-007
 1.440000e+002  1.732998e-007  1.800963e-007
 1.450000e+002  2.356028e-007  1.880266e-007
 1.460000e+002  2.393250e-007  2.040060e-007
 1.470000e+002  3.123509e-007  2.718133e-007
 1.480000e+002  2.369135e-007  2.643053e-007
 1.490000e+002  1.893004e-007  1.855068e-007
 1.500000e+002  2.740159e-007  3.067606e-007
 1.510000e+002  1.981620e-007  2.002755e-007
 1.520000e+002  1.649527e-007  2.158027e-007
 1.530000e+002  4.195064e-007  3.337632e-007
 1.540000e+002  2.734659e-007  2.430457e-007
 1.550000e+002  2.249370e-007  1.728779e-007
 1.560000e+002  2.344724e-007  1.585490e-007
 1.570000e+002  2.531421e-007  1.829692e-007
 1.580000e+002  2.759607e-007  2.148257e-007
 1.590000e+002  5.366906e-007  2.613482e-007
 1.600000e+002  2.041851e-007  5.738281e-008
 1.610000e+002  2.977672e-007  5.372528e-008
 1.620000e+002 -1.103759e-007  1.913629e-007
 1.630000e+002  9.451729e-008  2.005165e-007
 1.640000e+002  1.282807e-007  1.932178e-008
 1.650000e+002  1.936285e-007  1.683233e-007
 1.660000e+002  1.139194e-007  1.108715e-007
 1.670000e+002  1.297022e-007  8.245415e-008
 1.680000e+002  1.159126e-007  5.751379e-008
 1.690000e+002  1.345780e-007  1.652075e-007
 1.700000e+002  1.147324e-007  6.529049e-008
 1.710000e+002  1.481970e-007  9.796670e-008
 1.720000e+002  4.475587e-008  1.169890e-007
 1.730000e+002  1.423573e-007  1.120169e-007
 1.740000e+002  1.396641e-007  1.140365e-007
 1.750000e+002  1.447019e-007  9.779286e-008
 1.760000e+002  8.279373e-008  1.008710e-007
 1.770000e+002  7.529647e-007  3.539696e-007
 1.780000e+002  1.371454e-007  2.555621e-007
 1.790000e+002  3.608703e-007  3.988796e-009
 1.800000e+002 -2.023935e-007  1.422935e-007
 1.810000e+002  2.159637e-008  1.076047e-007
 1.820000e+002  8.367894e-008  1.039000e-007
 1.830000e+002 -1.111715e-007 -2.842816e-008
 1.840000e+002  3.833887e-008  6.994513e-008
 1.850000e+002  2.301546e-008  1.958151e-007
 1.860000e+002 -9.464743e-008  1.133894e-007
 1.870000e+002  1.813718e-008  9.225228e-008
 1.880000e+002  1.220430e-007  1.535335e-007
 1.890000e+002  5.061637e-007 -8.020855e-007
 1.900000e+002  8.936231e-008 -1.077781e-008
 1.910000e+002  8.053245e-008  3.391435e-008
 1.920000e+002  1.090537e-007  3.593847e-009
 1.930000e+002 -1.273034e-008  5.590471e-008
 1.940000e+002 -1.130218e-008  4.663252e-008
 1.950000e+002  4.432270e-008  1.904206e-007
 1.960000e+002  4.047729e-008  6.797160e-008
 1.970000e+002  1.387018e-007  1.465364e-008
 1.980000e+002  5.704996e-008  7.670779e-009
 1.990000e+002  8.478727e-008  8.627877e-009
 2.000000e+002 -3.256136e-008  2.391127e-009
 2.010000e+002  7.209646e-007 -9.185627e-007
 2.020000e+002  1.237052e-008 -9.858202e-010
 2.030000e+002 -4.294021e-008  8.727757e-009
 2.040000e+002  7.872386e-008  6.929991e-008
 2.050000e+002  9.402729e-008  2.615501e-008
 2.060000e+002  1.768625e-008  3.096233e-008
 2.070000e+002  4.875633e-008  1.058173e-007
 2.080000e+002  5.232569e-008  7.556798e-008
 2.090000e+002 -4.518488e-008  1.174543e-007
 2.100000e+002  2.874201e-008  1.165224e-007
 2.110000e+002  1.343694e-008 -8.819396e-009
 2.120000e+002  2.173851e-008  1.561943e-007
 2.130000e+002 -1.146522e-006  1.926211e-006
 2.140000e+002  1.062517e-007 -2.995942e-007
 2.150000e+002  1.024653e-007 -1.866490e-007
 2.160000e+002  1.102907e-007  1.906314e-008
 2.170000e+002  1.094288e-007 -3.200257e-008
 2.180000e+002  4.638794e-008 -1.934139e-007
 2.190000e+002  2.329027e-007 -9.670035e-008
 2.200000e+002  5.336059e-008  1.042852e-008
 2.210000e+002  1.265325e-007 -5.886828e-008
 2.220000e+002  1.774069e-008 -1.131582e-007
 2.230000e+002  1.147408e-007 -1.227071e-007
 2.240000e+002  8.764496e-008  8.515911e-010
 2.250000e+002  7.860546e-008 -2.150054e-007
 2.260000e+002  5.565932e-008 -5.750484e-008
 2.270000e+002  2.122283e-008 -2.952080e-008
 2.280000e+002  6.600821e-008 -9.274505e-008
 2.290000e+002  1.603839e-007 -5.348675e-008
 2.300000e+002  1.849254e-007 -1.186087e-007
 2.310000e+002  1.470087e-008  2.215469e-007
 2.320000e+002  1.333195e-007 -1.188976e-007
 2.330000e+002  1.170335e-007 -5.965015e-008
 2.340000e+002  2.176365e-007  3.086155e-008
 2.350000e+002  1.683375e-007 -1.367057e-007
 2.360000e+002  8.971782e-008 -5.521713e-008
 2.370000e+002  4.834241e-007 -1.047238e-007
 2.380000e+002  5.638929e-008 -1.924655e-007
 2.390000e+002  1.641409e-007 -9.652792e-008
 2.400000e+002 -1.587439e-007 -1.717264e-007
 2.410000e+002  5.344958e-007 -6.479577e-007
 2.420000e+002  7.456678e-008 -4.975808e-007
 2.430000e+002 -1.107366e-007  2.150058e-007
 2.440000e+002  1.216788e-008 -1.338340e-007
 2.450000e+002  1.251701e-007 -8.108354e-008
 2.460000e+002  2.856189e-007 -2.714744e-007
 2.470000e+002  2.587001e-007 -2.870672e-007
 2.480000e+002  2.101023e-007 -1.360948e-007
 2.490000e+002  4.898095e-007 -1.132691e-006
 2.500000e+002 -5.976366e-008 -3.952074e-007
 2.510000e+002 -6.927454e-008 -2.343118e-007
 2.520000e+002  4.304021e-008 -1.728593e-007
 2.530000e+002 -1.302723e-007 -1.276700e-007
 2.540000e+002  8.210751e-009 -2.042172e-007
 2.550000e+002  6.789279e-007  8.135874e-008
 2.560000e+002  8.926745e-008 -1.530839e-007
 2.570000e+002  2.512611e-008 -1.871520e-008
 2.580000e+002  2.475867e-008 -1.794101e-007
 2.590000e+002  2.730238e-008 -1.118577e-007
 2.600000e+002  6.530487e-008 -4.550704e-008
 2.610000e+002  2.558247e-007 -3.819223e-007
 2.620000e+002  4.765677e-009 -1.858892e-007
 2.630000e+002  7.050593e-008 -1.180380e-007
 2.640000e+002  1.148014e-007 -1.306743e-007
 2.650000e+002  1.738266e-007 -1.144014e-007
 2.660000e+002  1.467042e-007 -2.306788e-007
 2.670000e+002  6.203982e-007 -1.885485e-006
 2.680000e+002  1.446869e-007  2.156941e-007
 2.690000e+002  1.082202e-007 -2.701864e-008
 2.700000e+002  1.582475e-007 -1.276966e-008
 2.710000e+002  3.480730e-008 -7.184782e-008
 2.720000e+002  1.482668e-007 -1.910255e-008
 2.730000e+002  1.069165e-007 -1.197027e-008
 2.740000e+002  9.077611e-008 -1.017803e-007
 2.750000e+002  1.194026e-007 -6.453584e-008
 2.760000e+002  1.953733e-007 -1.368639e-008
 2.770000e+002  1.455261e-007  2.753616e-008
 2.780000e+002  1.893999e-007  4.868730e-009
 2.790000e+002  1.159930e-007 -1.143121e-009
 2.800000e+002  1.573156e-007 -1.857494e-007
 2.810000e+002  1.968273e-007 -1.063549e-007
 2.820000e+002  1.375045e-007 -6.700475e-008
 2.830000e+002  1.930865e-007 -4.321331e-008
 2.840000e+002  2.224706e-007  2.669147e-008
 2.850000e+002  4.125254e-008  9.403905e-008
 2.860000e+002  2.948054e-007 -1.872867e-007
 2.870000e+002  3.110416e-007  4.478494e-008
 2.880000e+002  2.626302e-007 -4.662990e-008
 2.890000e+002  3.187143e-007 -5.004323e-009
 2.900000e+002  2.724912e-007 -1.570235e-009
 2.910000e+002  2.717935e-007  9.269864e-008
 2.920000e+002  2.259455e-007 -4.591538e-008
 2.930000e+002  2.417375e-007 -7.184194e-008
 2.940000e+002  4.957874e-007 -8.033539e-008
 2.950000e+002  2.403769e-007 -1.233315e-007
 2.960000e+002  2.133464e-007 -1.967756e-007
 2.970000e+002  5.295689e-007  1.042590e-006
 2.980000e+002  3.238735e-007  7.691741e-008
 2.990000e+002  3.543625e-007  9.344337e-008
 3.000000e+002  5.076826e-007 -2.766271e-007
 3.010000e+002  3.172158e-007  4.544283e-008
 3.020000e+002  3.268238e-007 -1.672708e-007
 3.030000e+002  1.601487e-007 -1.039799e-007
 3.040000e+002  3.874707e-007 -1.146593e-007
 3.050000e+002  3.525078e-007 -1.579660e-007
 3.060000e+002  2.249669e-007 -1.186552e-007
 3.070000e+002  4.771796e-007 -1.683059e-007
 3.080000e+002  3.679338e-007 -7.719970e-008
 3.090000e+002  6.751484e-007  8.173100e-007
 3.100000e+002  3.651658e-007 -6.486421e-008
 3.110000e+002  3.003245e-007 -2.024662e-007
 3.120000e+002  3.972728e-007 -1.239586e-008
 3.130000e+002  4.734754e-007 -3.568108e-008
 3.140000e+002  3.710624e-007 -8.188636e-008
 3.150000e+002 -9.496833e-009 -8.836771e-008
 3.160000e+002  3.363059e-007 -1.386307e-007
 3.170000e+002  3.666684e-007 -6.564286e-008
 3.180000e+002  2.976829e-007 -1.589620e-007
 3.190000e+002  3.534558e-007 -1.022140e-007
 3.200000e+002  3.249729e-007 -5.993958e-009
 3.210000e+002 -7.507838e-007  4.194302e-007
 3.220000e+002  3.522302e-007 -2.096857e-007
 3.230000e+002  4.560342e-007 -2.922283e-007
 3.240000e+002  5.158405e-007 -1.308457e-007
 3.250000e+002  1.894460e-007 -2.792969e-007
 3.260000e+002  2.513214e-007 -1.346802e-007
 3.270000e+002  1.988518e-007 -2.530479e-007
 3.280000e+002  2.858951e-007 -2.041959e-007
 3.290000e+002  4.292756e-007 -1.687840e-007
 3.300000e+002  3.302749e-007 -7.141566e-008
 3.310000e+002  3.027055e-007 -2.103578e-007
 3.320000e+002  2.357706e-007 -9.411897e-008
 3.330000e+002  1.083029e-006 -3.729627e-007
 3.340000e+002  3.302151e-008 -1.228467e-007
 3.350000e+002 -1.071540e-008 -7.204994e-008
 3.360000e+002 -1.474949e-007  7.421963e-008
 3.370000e+002 -2.564665e-008 -3.907184e-008
 3.380000e+002  8.157182e-008 -1.021605e-007
 3.390000e+002  1.790445e-007 -5.839006e-008
 3.400000e+002  5.116819e-008 -8.522450e-008
 3.410000e+002  7.598967e-008 -1.727439e-007
 3.420000e+002  3.276566e-008  8.837390e-008
 3.430000e+002  1.137420e-007  1.308848e-007
 3.440000e+002  5.966217e-008 -1.549192e-007
 3.450000e+002  7.853562e-008 -1.641368e-007
 3.460000e+002  4.041694e-008  9.094030e-008
 3.470000e+002 -3.200435e-008 -1.604321e-008
 3.480000e+002  1.214937e-007 -7.657118e-008
 3.490000e+002  5.244583e-008  2.694054e-007
 3.500000e+002  6.221411e-008  3.801420e-007
 3.510000e+002  9.770398e-008 -7.933636e-008
 3.520000e+002  9.709226e-008 -2.623476e-007
 3.530000e+002  8.125322e-008  3.425402e-008
 3.540000e+002  6.293008e-008 -8.132456e-008
 3.550000e+002  3.863518e-008 -6.061430e-008
 3.560000e+002  5.368655e-008  1.096155e-007
 3.570000e+002  2.688671e-008  2.244966e-007
 3.580000e+002  8.703148e-008  2.358418e-008
 3.590000e+002  1.755283e-007  1.665752e-007
 3.600000e+002  8.519423e-007  6.730959e-007
 3.610000e+002 -2.683635e-007 -2.779128e-008
 3.620000e+002 -3.172381e-008  7.705533e-008
 3.630000e+002  6.014621e-007  1.930649e-007
 3.640000e+002  3.297845e-008  3.828766e-008
 3.650000e+002  6.991843e-008 -6.720735e-008
 3.660000e+002  5.031958e-008  3.012054e-007
 3.670000e+002 -2.776448e-009  5.591667e-008
 3.680000e+002 -1.460642e-008  2.024582e-008
 3.690000e+002  8.310806e-008  3.779619e-007
 3.700000e+002  3.234644e-008  1.633650e-007
 3.710000e+002 -5.974740e-008  8.538944e-008
 3.720000e+002  1.084997e-007  1.423151e-007
 3.730000e+002  1.374008e-007  8.714405e-008
 3.740000e+002 -1.862352e-007  2.440290e-007
 3.750000e+002  5.532758e-007  6.961262e-007
 3.760000e+002  1.844946e-007 -2.518945e-010
 3.770000e+002  8.272083e-009  7.135307e-008
 3.780000e+002 -1.111656e-007  3.163202e-007
 3.790000e+002 -1.254094e-007  2.595372e-007
 3.800000e+002  1.752939e-008  1.210201e-007
 3.810000e+002  4.798283e-008  7.656129e-008
 3.820000e+002 -7.306424e-008  1.923830e-007
 3.830000e+002  1.287939e-007  4.576714e-008
 3.840000e+002 -2.431151e-008 -9.950623e-008
 3.850000e+002 -8.064176e-008  9.843195e-008
 3.860000e+002 -1.885217e-007  2.212101e-008
 3.870000e+002 -3.082330e-007  1.721640e-007
 3.880000e+002  3.303401e-007  1.239833e-008
 3.890000e+002  5.408324e-008  1.023015e-007
 3.900000e+002  1.770864e-008 -4.677835e-008
 3.910000e+002  3.464004e-008  1.201184e-007
 3.920000e+002 -7.153308e-008  5.452733e-008
 3.930000e+002 -1.214118e-007  2.549857e-007
 3.940000e+002 -1.191747e-007  1.733036e-007
 3.950000e+002  6.132944e-008  4.849281e-008
 3.960000e+002 -2.467401e-007  1.017305e-008
 3.970000e+002 -3.737130e-008  1.027024e-007
 3.980000e+002 -2.035721e-007  8.090311e-008
 3.990000e+002 -4.751645e-007  1.218323e-008
 4.000000e+002  1.442597e-007  1.890992e-007
 4.010000e+002  1.277233e-007  1.129076e-007
 4.020000e+002 -6.860135e-008  3.565031e-007
 4.030000e+002 -2.284072e-007 -1.121694e-007
 4.040000e+002  1.707947e-008 -9.712717e-008
 4.050000e+002 -3.862313e-007 -2.658847e-008
 4.060000e+002  1.079105e-007  6.148207e-010
 4.070000e+002 -8.538874e-008 -9.841268e-008
 4.080000e+002 -2.438106e-008 -2.451619e-009
 4.090000e+002 -1.225489e-007 -5.512498e-008
 4.100000e+002 -1.110502e-007  6.488283e-008
 4.110000e+002 -1.902869e-007 -9.882681e-008
 4.120000e+002 -3.523195e-008  1.940331e-007
 4.130000e+002  2.520881e-008 -1.047173e-007
 4.140000e+002 -5.287190e-008  2.335782e-008
 4.150000e+002 -4.207820e-008 -2.188313e-007
 4.160000e+002 -5.699209e-008 -9.749543e-008
 4.170000e+002 -1.289229e-006  4.821838e-007
 4.180000e+002 -7.615884e-008 -3.685768e-009
 4.190000e+002 -1.998048e-007  8.646667e-008
 4.200000e+002 -2.289978e-007  4.008715e-008
 4.210000e+002 -1.395368e-007 -8.661978e-008
 4.220000e+002 -9.317482e-008 -9.641373e-008
 4.230000e+002 -2.763728e-007 -1.420965e-007
 4.240000e+002 -8.796840e-008 -7.527754e-008
 4.250000e+002 -2.784433e-007  1.025040e-007
 4.260000e+002 -1.259583e-007  4.266025e-008
 4.270000e+002 -8.693677e-008  2.769921e-008
 4.280000e+002  8.926988e-009 -1.658503e-007
 4.290000e+002 -5.428176e-007  4.249663e-008
 4.300000e+002 -1.961557e-007 -2.083634e-007
 4.310000e+002 -1.694785e-007 -8.470669e-008
 4.320000e+002  1.818856e-008  4.883695e-007
 4.330000e+002 -6.541711e-008  7.085025e-008
 4.340000e+002 -1.398627e-007 -1.730702e-007
 4.350000e+002 -2.040911e-007 -1.861397e-007
 4.360000e+002 -2.260102e-007 -1.852427e-008
 4.370000e+002 -1.814470e-007 -7.438939e-008
 4.380000e+002 -9.003596e-008 -8.893293e-008
 4.390000e+002 -2.251143e-007  2.283695e-008
 4.400000e+002  5.863786e-008 -1.456181e-007
 4.410000e+002 -5.368136e-007 -2.212621e-007
 4.420000e+002 -2.957737e-007 -8.656304e-008
 4.430000e+002 -2.595022e-007 -2.439945e-007
 4.440000e+002 -2.021003e-007 -2.622846e-007
 4.450000e+002 -1.530830e-007 -6.082511e-008
 4.460000e+002  6.300064e-008 -2.969164e-007
 4.470000e+002 -3.249421e-007  2.869140e-008
 4.480000e+002 -7.658370e-008 -1.144341e-007
 4.490000e+002 -2.634017e-007 -2.394278e-007
 4.500000e+002  8.345652e-008 -1.283313e-007
 4.510000e+002 -1.129090e-007 -1.305820e-007
 4.520000e+002 -1.761496e-007 -2.375021e-007
 4.530000e+002 -5.803914e-007 -2.553188e-007
 4.540000e+002  7.079728e-009  7.698217e-010
 4.550000e+002  3.561674e-008 -5.897533e-008
 4.560000e+002 -4.902446e-008 -1.937932e-007
 4.570000e+002 -1.269992e-007 -6.265121e-008
 4.580000e+002  3.537399e-009 -1.707509e-009
 4.590000e+002 -2.505097e-007 -1.723387e-007
 4.600000e+002  3.062443e-009 -1.354646e-007
 4.610000e+002 -6.797468e-008 -3.909591e-008
 4.620000e+002 -9.339172e-008 -3.784795e-007
 4.630000e+002 -1.266063e-007 -1.802714e-007
 4.640000e+002 -9.993000e-008 -7.758373e-008
 4.650000e+002 -4.855025e-008  1.260946e-008
 4.660000e+002 -1.977628e-007 -1.322747e-007
 4.670000e+002 -2.207907e-008 -1.605809e-007
 4.680000e+002 -1.183334e-007 -1.432572e-007
 4.690000e+002 -5.495138e-008 -7.935701e-008
 4.700000e+002  3.966257e-008 -9.066914e-008
 4.710000e+002  4.738783e-007  2.111251e-007
 4.720000e+002 -3.466272e-008 -3.457967e-007
 4.730000e+002  4.826038e-008 -1.741676e-007
 4.740000e+002  2.012512e-008  4.275421e-008
 4.750000e+002 -1.603123e-008 -2.499866e-007
 4.760000e+002  3.814807e-008 -1.802318e-007
 4.770000e+002 -7.377128e-008 -2.611055e-007
 4.780000e+002  1.495957e-007 -2.852401e-007
 4.790000e+002 -4.359672e-008 -1.933618e-007
 4.800000e+002  2.342305e-008 -8.564805e-008
 4.810000e+002 -4.780470e-009 -2.929392e-007
 4.820000e+002  4.584498e-008 -1.957178e-007
 4.830000e+002 -3.418975e-007 -4.122504e-007
 4.840000e+002  1.131448e-007 -1.492603e-007
 4.850000e+002  1.680498e-007 -1.936679e-007
 4.860000e+002 -8.647104e-008  2.989850e-007
 4.870000e+002  3.693377e-008  2.144864e-008
 4.880000e+002  1.705825e-007 -2.748598e-009
 4.890000e+002 -1.608847e-008  1.534231e-007
 4.900000e+002 -1.350997e-007 -1.744211e-007
 4.910000e+002  2.697143e-008 -1.829332e-007
 4.920000e+002  4.589844e-008 -2.262534e-007
 4.930000e+002  1.526594e-007 -3.228052e-008
 4.940000e+002  7.937312e-008 -1.109883e-007
 4.950000e+002 -7.165177e-008  2.122626e-008
 4.960000e+002  1.396007e-007 -9.205589e-008
 4.970000e+002  9.204623e-008 -3.800192e-008
 4.980000e+002  1.239767e-007 -7.795526e-008
 4.990000e+002  1.796835e-007 -1.215262e-007
 5.000000e+002  9.519901e-008 -7.987301e-008
 5.010000e+002  1.168908e-007 -7.946060e-008
 5.020000e+002  1.845877e-007 -3.370730e-008
 5.030000e+002  5.856677e-008 -2.204384e-008
 5.040000e+002  1.034626e-007 -8.158717e-008
 5.050000e+002 -1.679043e-008 -1.574920e-008
 5.060000e+002  1.259202e-007  4.078856e-008
 5.070000e+002 -2.146095e-009 -2.084666e-008
 5.080000e+002  1.855713e-007  9.241261e-008
 5.090000e+002  2.048370e-007  8.056049e-008
 5.100000e+002  1.286093e-007  5.542611e-008
 5.110000e+002  3.083731e-007  4.591306e-007
 5.120000e+002  7.663860e-008  1.034175e-010
