 0.000000e+000  9.839023e-001  0.000000e+000
 1.000000e+000  8.047531e-001  0.000000e+000
 2.000000e+000  8.435700e-001  0.000000e+000
 3.000000e+000  8.317508e-001  0.000000e+000
 4.000000e+000  5.803655e-001  0.000000e+000
 5.000000e+000  7.530065e-001  0.000000e+000
 6.000000e+000  8.038599e-001  0.000000e+000
 7.000000e+000  7.334688e-001  0.000000e+000
 8.000000e+000  6.759852e-001  0.000000e+000
 9.000000e+000  1.462561e-002  0.000000e+000
 1.000000e+001  6.375996e-001  0.000000e+000
 1.100000e+001  8.108991e-001  0.000000e+000
 1.200000e+001  8.697587e-001  0.000000e+000
 1.300000e+001  8.780713e-001  0.000000e+000
 1.400000e+001  8.947122e-001  0.000000e+000
 1.500000e+001  8.455884e-001  0.000000e+000
 1.600000e+001  8.235288e-001  0.000000e+000
 1.700000e+001  6.702567e-001  0.000000e+000
 1.800000e+001  8.355594e-002  0.000000e+000
 1.900000e+001  8.633236e-001  0.000000e+000
 2.000000e+001  9.617766e-001  0.000000e+000
 2.100000e+001  9.769616e-001  0.000000e+000
 2.200000e+001  9.826896e-001  0.000000e+000
 2.300000e+001  9.758605e-001  0.000000e+000
 2.400000e+001  9.751707e-001  0.000000e+000
 2.500000e+001  9.726192e-001  0.000000e+000
 2.600000e+001  9.686959e-001  0.000000e+000
 2.700000e+001  7.796148e-002  0.000000e+000
 2.800000e+001  9.577451e-001  0.000000e+000
 2.900000e+001  9.726866e-001  0.000000e+000
 3.000000e+001  9.664530e-001  0.000000e+000
 3.100000e+001  9.713174e-001  0.000000e+000
 3.200000e+001  9.691728e-001  0.000000e+000
 3.300000e+001  9.640645e-001  0.000000e+000
 3.400000e+001  9.625468e-001  0.000000e+000
 3.500000e+001  8.946040e-001  0.000000e+000
 3.600000e+001  3.800292e-001  0.000000e+000
 3.700000e+001  9.342222e-001  0.000000e+000
 3.800000e+001  9.567735e-001  0.000000e+000
 3.900000e+001  5.725582e-001  0.000000e+000
 4.000000e+001  9.548833e-001  0.000000e+000
 4.100000e+001  9.721114e-001  0.000000e+000
 4.200000e+001  9.664099e-001  0.000000e+000
 4.300000e+001  9.652832e-001  0.000000e+000
 4.400000e+001  9.412007e-001  0.000000e+000
 4.500000e+001  6.981748e-001  0.000000e+000
 4.600000e+001  9.648104e-001  0.000000e+000
 4.700000e+001  9.698072e-001  0.000000e+000
 4.800000e+001  9.610150e-001  0.000000e+000
 4.900000e+001  9.593233e-001  0.000000e+000
 5.000000e+001  9.469430e-001  0.000000e+000
 5.100000e+001  8.789961e-001  0.000000e+000
 5.200000e+001  9.212388e-001  0.000000e+000
 5.300000e+001  7.270870e-001  0.000000e+000
 5.400000e+001  3.447944e-002  0.000000e+000
 5.500000e+001  7.843920e-001  0.000000e+000
 5.600000e+001  8.937839e-001  0.000000e+000
 5.700000e+001  8.180486e-001  0.000000e+000
 5.800000e+001  9.430995e-001  0.000000e+000
 5.900000e+001  9.474008e-001  0.000000e+000
 6.000000e+001  6.635419e-001  0.000000e+000
 6.100000e+001  8.781685e-001  0.000000e+000
 6.200000e+001  7.494314e-001  0.000000e+000
 6.300000e+001  3.719919e-001  0.000000e+000
 6.400000e+001  9.095422e-001  0.000000e+000
 6.500000e+001  9.448986e-001  0.000000e+000
 6.600000e+001  9.585130e-001  0.000000e+000
 6.700000e+001  9.683061e-001  0.000000e+000
 6.800000e+001  9.629882e-001  0.000000e+000
 6.900000e+001  7.483151e-001  0.000000e+000
 7.000000e+001  9.282227e-001  0.000000e+000
 7.100000e+001  8.132038e-001  0.000000e+000
 7.200000e+001  6.301329e-001  0.000000e+000
 7.300000e+001  8.785990e-001  0.000000e+000
 7.400000e+001  9.459667e-001  0.000000e+000
 7.500000e+001  9.451783e-001  0.000000e+000
 7.600000e+001  9.717283e-001  0.000000e+000
 7.700000e+001  9.692268e-001  0.000000e+000
 7.800000e+001  9.678531e-001  0.000000e+000
 7.900000e+001  9.798266e-001  0.000000e+000
 8.000000e+001  8.801816e-001  0.000000e+000
 8.100000e+001  8.972897e-002  0.000000e+000
 8.200000e+001  8.507093e-001  0.000000e+000
 8.300000e+001  8.728490e-001  0.000000e+000
 8.400000e+001  8.198504e-001  0.000000e+000
 8.500000e+001  7.993744e-001  0.000000e+000
 8.600000e+001  7.431557e-001  0.000000e+000
 8.700000e+001  4.850027e-001  0.000000e+000
 8.800000e+001  2.069504e-001  0.000000e+000
 8.900000e+001  2.520746e-002  0.000000e+000
 9.000000e+001  6.650820e-002  0.000000e+000
 9.100000e+001  2.242468e-001  0.000000e+000
 9.200000e+001  3.053477e-001  0.000000e+000
 9.300000e+001  1.195185e-002  0.000000e+000
 9.400000e+001  3.298137e-001  0.000000e+000
 9.500000e+001  3.585242e-001  0.000000e+000
 9.600000e+001  2.421969e-001  0.000000e+000
 9.700000e+001  1.399637e-001  0.000000e+000
 9.800000e+001  3.066863e-003  0.000000e+000
 9.900000e+001  1.846955e-001  0.000000e+000
 1.000000e+002  3.000815e-001  0.000000e+000
 1.010000e+002  3.302321e-001  0.000000e+000
 1.020000e+002  3.224525e-001  0.000000e+000
 1.030000e+002  2.394222e-001  0.000000e+000
 1.040000e+002  1.645062e-001  0.000000e+000
 1.050000e+002  1.371797e-001  0.000000e+000
 1.060000e+002  1.139871e-001  0.000000e+000
 1.070000e+002  3.634646e-002  0.000000e+000
 1.080000e+002  1.489066e-002  0.000000e+000
 1.090000e+002  4.018829e-002  0.000000e+000
 1.100000e+002  8.675117e-002  0.000000e+000
 1.110000e+002  1.252827e-001  0.000000e+000
 1.120000e+002  1.976001e-001  0.000000e+000
 1.130000e+002  1.526312e-001  0.000000e+000
 1.140000e+002  1.480843e-001  0.000000e+000
 1.150000e+002  2.782875e-002  0.000000e+000
 1.160000e+002  4.485940e-003  0.000000e+000
 1.170000e+002  1.437513e-001  0.000000e+000
 1.180000e+002  3.113232e-001  0.000000e+000
 1.190000e+002  2.927551e-001  0.000000e+000
 1.200000e+002  1.146339e-001  0.000000e+000
 1.210000e+002  5.452266e-001  0.000000e+000
 1.220000e+002  4.073025e-001  0.000000e+000
 1.230000e+002  5.207303e-002  0.000000e+000
 1.240000e+002  2.655641e-001  0.000000e+000
 1.250000e+002  8.014465e-002  0.000000e+000
 1.260000e+002  5.264046e-003  0.000000e+000
 1.270000e+002  7.614063e-002  0.000000e+000
 1.280000e+002  3.678918e-001  0.000000e+000
 1.290000e+002  7.062420e-002  0.000000e+000
 1.300000e+002  2.971033e-001  0.000000e+000
 1.310000e+002  3.705879e-001  0.000000e+000
 1.320000e+002  4.195319e-001  0.000000e+000
 1.330000e+002  3.021666e-001  0.000000e+000
 1.340000e+002  5.345795e-002  0.000000e+000
 1.350000e+002  9.499896e-003  0.000000e+000
 1.360000e+002  1.715091e-001  0.000000e+000
 1.370000e+002  3.515637e-001  0.000000e+000
 1.380000e+002  3.340679e-001  0.000000e+000
 1.390000e+002  5.833995e-001  0.000000e+000
 1.400000e+002  4.693677e-001  0.000000e+000
 1.410000e+002  4.107590e-001  0.000000e+000
 1.420000e+002  4.187985e-001  0.000000e+000
 1.430000e+002  7.768185e-002  0.000000e+000
 1.440000e+002  1.227329e-001  0.000000e+000
 1.450000e+002  2.976820e-001  0.000000e+000
 1.460000e+002  2.986664e-001  0.000000e+000
 1.470000e+002  9.382371e-003  0.000000e+000
 1.480000e+002  4.523177e-001  0.000000e+000
 1.490000e+002  2.477992e-001  0.000000e+000
 1.500000e+002  2.783934e-001  0.000000e+000
 1.510000e+002  7.430901e-002  0.000000e+000
 1.520000e+002  4.562746e-003  0.000000e+000
 1.530000e+002  1.686094e-001  0.000000e+000
 1.540000e+002  3.619056e-001  0.000000e+000
 1.550000e+002  5.225487e-001  0.000000e+000
 1.560000e+002  4.016435e-001  0.000000e+000
 1.570000e+002  4.845688e-001  0.000000e+000
 1.580000e+002  4.987436e-001  0.000000e+000
 1.590000e+002  4.096520e-002  0.000000e+000
 1.600000e+002  2.579416e-001  0.000000e+000
 1.610000e+002  4.059210e-001  0.000000e+000
 1.620000e+002  2.452730e-001  0.000000e+000
 1.630000e+002  4.371900e-001  0.000000e+000
 1.640000e+002  2.671692e-001  0.000000e+000
 1.650000e+002  3.010546e-001  0.000000e+000
 1.660000e+002  5.880454e-001  0.000000e+000
 1.670000e+002  5.206066e-001  0.000000e+000
 1.680000e+002  3.766167e-001  0.000000e+000
 1.690000e+002  5.120581e-001  0.000000e+000
 1.700000e+002  1.889621e-001  0.000000e+000
 1.710000e+002  1.858895e-001  0.000000e+000
 1.720000e+002  3.549578e-001  0.000000e+000
 1.730000e+002  2.906806e-001  0.000000e+000
 1.740000e+002  3.991397e-001  0.000000e+000
 1.750000e+002  3.241695e-001  0.000000e+000
 1.760000e+002  4.173396e-001  0.000000e+000
 1.770000e+002  2.009553e-002  0.000000e+000
 1.780000e+002  3.722990e-001  0.000000e+000
 1.790000e+002  1.058341e-001  0.000000e+000
 1.800000e+002  1.721506e-001  0.000000e+000
 1.810000e+002  5.908734e-001  0.000000e+000
 1.820000e+002  4.680266e-001  0.000000e+000
 1.830000e+002  2.517814e-001  0.000000e+000
 1.840000e+002  3.930786e-001  0.000000e+000
 1.850000e+002  3.396087e-001  0.000000e+000
 1.860000e+002  6.124664e-001  0.000000e+000
 1.870000e+002  2.916549e-001  0.000000e+000
 1.880000e+002  2.524155e-001  0.000000e+000
 1.890000e+002  1.157241e-001  0.000000e+000
 1.900000e+002  4.228252e-001  0.000000e+000
 1.910000e+002  3.217939e-001  0.000000e+000
 1.920000e+002  2.581140e-001  0.000000e+000
 1.930000e+002  5.787998e-001  0.000000e+000
 1.940000e+002  4.902081e-001  0.000000e+000
 1.950000e+002  1.847153e-001  0.000000e+000
 1.960000e+002  2.866589e-001  0.000000e+000
 1.970000e+002  2.426673e-001  0.000000e+000
 1.980000e+002  3.470762e-001  0.000000e+000
 1.990000e+002  3.479812e-001  0.000000e+000
 2.000000e+002  4.090315e-001  0.000000e+000
 2.010000e+002  3.910881e-002  0.000000e+000
 2.020000e+002  4.295592e-001  0.000000e+000
 2.030000e+002  4.737312e-001  0.000000e+000
 2.040000e+002  3.143534e-001  0.000000e+000
 2.050000e+002  2.297068e-001  0.000000e+000
 2.060000e+002  3.781271e-001  0.000000e+000
 2.070000e+002  5.845228e-002  0.000000e+000
 2.080000e+002  1.855542e-001  0.000000e+000
 2.090000e+002  3.447210e-001  0.000000e+000
 2.100000e+002  1.846070e-001  0.000000e+000
 2.110000e+002  2.553823e-001  0.000000e+000
 2.120000e+002  2.529713e-001  0.000000e+000
 2.130000e+002  1.493290e-001  0.000000e+000
 2.140000e+002  1.833526e-001  0.000000e+000
 2.150000e+002  2.591964e-001  0.000000e+000
 2.160000e+002  5.730317e-002  0.000000e+000
 2.170000e+002  3.825220e-001  0.000000e+000
 2.180000e+002  3.245250e-001  0.000000e+000
 2.190000e+002  2.180414e-001  0.000000e+000
 2.200000e+002  1.386769e-001  0.000000e+000
 2.210000e+002  1.318608e-001  0.000000e+000
 2.220000e+002  3.053273e-001  0.000000e+000
 2.230000e+002  2.586945e-001  0.000000e+000
 2.240000e+002  1.839659e-001  0.000000e+000
 2.250000e+002  2.474356e-001  0.000000e+000
 2.260000e+002  2.757331e-001  0.000000e+000
 2.270000e+002  4.384843e-001  0.000000e+000
 2.280000e+002  2.971131e-001  0.000000e+000
 2.290000e+002  5.699055e-002  0.000000e+000
 2.300000e+002  6.146783e-002  0.000000e+000
 2.310000e+002  2.357970e-002  0.000000e+000
 2.320000e+002  3.301020e-001  0.000000e+000
 2.330000e+002  1.174946e-001  0.000000e+000
 2.340000e+002  3.864260e-002  0.000000e+000
 2.350000e+002  5.073224e-002  0.000000e+000
 2.360000e+002  3.854034e-001  0.000000e+000
 2.370000e+002  6.712266e-002  0.000000e+000
 2.380000e+002  2.609837e-001  0.000000e+000
 2.390000e+002  1.660639e-001  0.000000e+000
 2.400000e+002  7.180864e-002  0.000000e+000
 2.410000e+002  3.575083e-001  0.000000e+000
 2.420000e+002  2.906539e-001  0.000000e+000
 2.430000e+002  1.952942e-002  0.000000e+000
 2.440000e+002  2.336043e-001  0.000000e+000
 2.450000e+002  2.589532e-002  0.000000e+000
 2.460000e+002  7.557193e-002  0.000000e+000
 2.470000e+002  4.857023e-001  0.000000e+000
 2.480000e+002  3.700589e-002  0.000000e+000
 2.490000e+002  3.724723e-001  0.000000e+000
 2.500000e+002  3.581356e-001  0.000000e+000
 2.510000e+002  2.398263e-001  0.000000e+000
 2.520000e+002  1.971911e-001  0.000000e+000
 2.530000e+002  3.384137e-001  0.000000e+000
 2.540000e+002  2.785923e-001  0.000000e+000
 2.550000e+002  1.046127e-002  0.000000e+000
 2.560000e+002  1.267335e-001  0.000000e+000
 2.570000e+002  2.315604e-001  0.000000e+000
 2.580000e+002  2.465815e-001  0.000000e+000
 2.590000e+002  2.024640e-001  0.000000e+000
 2.600000e+002  8.535624e-002  0.000000e+000
 2.610000e+002  8.895180e-002  0.000000e+000
 2.620000e+002  2.817161e-001  0.000000e+000
 2.630000e+002  1.057966e-001  0.000000e+000
 2.640000e+002  1.612939e-001  0.000000e+000
 2.650000e+002  1.502375e-001  0.000000e+000
 2.660000e+002  1.129419e-001  0.000000e+000
 2.670000e+002  1.083549e-001  0.000000e+000
 2.680000e+002  1.683929e-001  0.000000e+000
 2.690000e+002  2.594937e-001  0.000000e+000
 2.700000e+002  4.272611e-002  0.000000e+000
 2.710000e+002  1.904184e-001  0.000000e+000
 2.720000e+002  3.742278e-002  0.000000e+000
 2.730000e+002  8.436627e-002  0.000000e+000
 2.740000e+002  2.042364e-001  0.000000e+000
 2.750000e+002  4.888531e-002  0.000000e+000
 2.760000e+002  8.050110e-002  0.000000e+000
 2.770000e+002  7.036328e-002  0.000000e+000
 2.780000e+002  3.601237e-003  0.000000e+000
 2.790000e+002  5.608656e-002  0.000000e+000
 2.800000e+002  1.093289e-002  0.000000e+000
 2.810000e+002  1.831892e-001  0.000000e+000
 2.820000e+002  1.097167e-001  0.000000e+000
 2.830000e+002  3.077706e-002  0.000000e+000
 2.840000e+002  1.354680e-001  0.000000e+000
 2.850000e+002  3.213723e-002  0.000000e+000
 2.860000e+002  1.090001e-002  0.000000e+000
 2.870000e+002  1.855222e-003  0.000000e+000
 2.880000e+002  4.056982e-002  0.000000e+000
 2.890000e+002  2.621967e-002  0.000000e+000
 2.900000e+002  8.508053e-002  0.000000e+000
 2.910000e+002  9.435531e-002  0.000000e+000
 2.920000e+002  5.629003e-003  0.000000e+000
 2.930000e+002  1.355520e-002  0.000000e+000
 2.940000e+002  3.201185e-002  0.000000e+000
 2.950000e+002  3.802935e-002  0.000000e+000
 2.960000e+002  1.021480e-001  0.000000e+000
 2.970000e+002  4.508900e-002  0.000000e+000
 2.980000e+002  1.254973e-001  0.000000e+000
 2.990000e+002  2.134625e-001  0.000000e+000
 3.000000e+002  8.321595e-002  0.000000e+000
 3.010000e+002  4.699155e-002  0.000000e+000
 3.020000e+002  3.702201e-003  0.000000e+000
 3.030000e+002  6.662862e-002  0.000000e+000
 3.040000e+002  6.791006e-002  0.000000e+000
 3.050000e+002  1.232130e-001  0.000000e+000
 3.060000e+002  6.974832e-002  0.000000e+000
 3.070000e+002  2.367608e-001  0.000000e+000
 3.080000e+002  1.591440e-001  0.000000e+000
 3.090000e+002  2.331278e-001  0.000000e+000
 3.100000e+002  2.220542e-001  0.000000e+000
 3.110000e+002  2.377868e-001  0.000000e+000
 3.120000e+002  3.734205e-002  0.000000e+000
 3.130000e+002  2.902412e-001  0.000000e+000
 3.140000e+002  2.458273e-001  0.000000e+000
 3.150000e+002  7.644582e-002  0.000000e+000
 3.160000e+002  6.659239e-002  0.000000e+000
 3.170000e+002  1.173461e-001  0.000000e+000
 3.180000e+002  7.946213e-002  0.000000e+000
 3.190000e+002  5.350274e-002  0.000000e+000
 3.200000e+002  6.116730e-002  0.000000e+000
 3.210000e+002  3.817048e-002  0.000000e+000
 3.220000e+002  6.817646e-002  0.000000e+000
 3.230000e+002  1.966523e-002  0.000000e+000
 3.240000e+002  6.603688e-002  0.000000e+000
 3.250000e+002  3.193038e-002  0.000000e+000
 3.260000e+002  1.535095e-001  0.000000e+000
 3.270000e+002  2.860333e-003  0.000000e+000
 3.280000e+002  1.191140e-001  0.000000e+000
 3.290000e+002  5.438852e-002  0.000000e+000
 3.300000e+002  1.300566e-002  0.000000e+000
 3.310000e+002  1.627153e-001  0.000000e+000
 3.320000e+002  2.055862e-001  0.000000e+000
 3.330000e+002  1.054639e-001  0.000000e+000
 3.340000e+002  2.130824e-001  0.000000e+000
 3.350000e+002  1.312758e-001  0.000000e+000
 3.360000e+002  2.156202e-001  0.000000e+000
 3.370000e+002  9.238019e-002  0.000000e+000
 3.380000e+002  2.339665e-001  0.000000e+000
 3.390000e+002  7.677496e-002  0.000000e+000
 3.400000e+002  4.529890e-001  0.000000e+000
 3.410000e+002  2.786182e-001  0.000000e+000
 3.420000e+002  1.136210e-001  0.000000e+000
 3.430000e+002  3.663635e-001  0.000000e+000
 3.440000e+002  1.846185e-001  0.000000e+000
 3.450000e+002  9.545457e-002  0.000000e+000
 3.460000e+002  2.464194e-001  0.000000e+000
 3.470000e+002  6.156955e-002  0.000000e+000
 3.480000e+002  3.548145e-002  0.000000e+000
 3.490000e+002  1.454099e-001  0.000000e+000
 3.500000e+002  1.743810e-001  0.000000e+000
 3.510000e+002  3.336786e-002  0.000000e+000
 3.520000e+002  6.938555e-002  0.000000e+000
 3.530000e+002  7.258032e-002  0.000000e+000
 3.540000e+002  9.091333e-002  0.000000e+000
 3.550000e+002  1.525068e-002  0.000000e+000
 3.560000e+002  2.168431e-002  0.000000e+000
 3.570000e+002  8.540808e-002  0.000000e+000
 3.580000e+002  1.716196e-001  0.000000e+000
 3.590000e+002  1.396595e-001  0.000000e+000
 3.600000e+002  1.742266e-001  0.000000e+000
 3.610000e+002  5.230055e-002  0.000000e+000
 3.620000e+002  5.503318e-002  0.000000e+000
 3.630000e+002  2.828744e-002  0.000000e+000
 3.640000e+002  7.474411e-002  0.000000e+000
 3.650000e+002  2.738840e-002  0.000000e+000
 3.660000e+002  1.364881e-001  0.000000e+000
 3.670000e+002  7.739519e-002  0.000000e+000
 3.680000e+002  8.514363e-002  0.000000e+000
 3.690000e+002  2.411264e-002  0.000000e+000
 3.700000e+002  1.956907e-001  0.000000e+000
 3.710000e+002  7.175371e-002  0.000000e+000
 3.720000e+002  4.221449e-002  0.000000e+000
 3.730000e+002  6.327182e-003  0.000000e+000
 3.740000e+002  1.367168e-001  0.000000e+000
 3.750000e+002  1.227261e-001  0.000000e+000
 3.760000e+002  1.369873e-003  0.000000e+000
 3.770000e+002  5.265672e-002  0.000000e+000
 3.780000e+002  3.279045e-002  0.000000e+000
 3.790000e+002  5.005827e-002  0.000000e+000
 3.800000e+002  8.752080e-002  0.000000e+000
 3.810000e+002  1.348013e-001  0.000000e+000
 3.820000e+002  1.639626e-001  0.000000e+000
 3.830000e+002  7.481502e-003  0.000000e+000
 3.840000e+002  6.470371e-003  0.000000e+000
 3.850000e+002  6.988226e-002  0.000000e+000
 3.860000e+002  8.982414e-002  0.000000e+000
 3.870000e+002  1.213033e-003  0.000000e+000
 3.880000e+002  4.769917e-002  0.000000e+000
 3.890000e+002  9.293923e-002  0.000000e+000
 3.900000e+002  1.237959e-001  0.000000e+000
 3.910000e+002  1.643355e-001  0.000000e+000
 3.920000e+002  1.295433e-002  0.000000e+000
 3.930000e+002  1.171650e-001  0.000000e+000
 3.940000e+002  8.373622e-002  0.000000e+000
 3.950000e+002  1.883045e-001  0.000000e+000
 3.960000e+002  1.230437e-002  0.000000e+000
 3.970000e+002  1.008580e-002  0.000000e+000
 3.980000e+002  3.292519e-002  0.000000e+000
 3.990000e+002  6.933196e-002  0.000000e+000
 4.000000e+002  3.477015e-003  0.000000e+000
 4.010000e+002  1.915178e-002  0.000000e+000
 4.020000e+002  1.104527e-001  0.000000e+000
 4.030000e+002  7.967549e-003  0.000000e+000
 4.040000e+002  4.928125e-002  0.000000e+000
 4.050000e+002  1.928345e-002  0.000000e+000
 4.060000e+002  2.538373e-001  0.000000e+000
 4.070000e+002  5.866626e-002  0.000000e+000
 4.080000e+002  2.029145e-002  0.000000e+000
 4.090000e+002  1.198349e-001  0.000000e+000
 4.100000e+002  4.484739e-002  0.000000e+000
 4.110000e+002  1.183564e-002  0.000000e+000
 4.120000e+002  3.224443e-002  0.000000e+000
 4.130000e+002  1.579700e-003  0.000000e+000
 4.140000e+002  1.565988e-001  0.000000e+000
 4.150000e+002  7.942862e-002  0.000000e+000
 4.160000e+002  2.640023e-002  0.000000e+000
 4.170000e+002  6.251919e-002  0.000000e+000
 4.180000e+002  2.432628e-002  0.000000e+000
 4.190000e+002  9.495710e-003  0.000000e+000
 4.200000e+002  1.233406e-001  0.000000e+000
 4.210000e+002  9.524472e-002  0.000000e+000
 4.220000e+002  3.857024e-002  0.000000e+000
 4.230000e+002  7.481432e-003  0.000000e+000
 4.240000e+002  3.345822e-002  0.000000e+000
 4.250000e+002  2.715318e-002  0.000000e+000
 4.260000e+002  1.751070e-001  0.000000e+000
 4.270000e+002  3.076072e-002  0.000000e+000
 4.280000e+002  6.255181e-002  0.000000e+000
 4.290000e+002  2.504554e-002  0.000000e+000
 4.300000e+002  3.859754e-002  0.000000e+000
 4.310000e+002  1.221418e-001  0.000000e+000
 4.320000e+002  4.743282e-003  0.000000e+000
 4.330000e+002  2.682372e-003  0.000000e+000
 4.340000e+002  1.996720e-003  0.000000e+000
 4.350000e+002  4.409610e-002  0.000000e+000
 4.360000e+002  2.390871e-001  0.000000e+000
 4.370000e+002  2.403015e-001  0.000000e+000
 4.380000e+002  4.558287e-002  0.000000e+000
 4.390000e+002  6.635941e-002  0.000000e+000
 4.400000e+002  2.506774e-001  0.000000e+000
 4.410000e+002  3.615551e-002  0.000000e+000
 4.420000e+002  1.880623e-001  0.000000e+000
 4.430000e+002  5.607257e-002  0.000000e+000
 4.440000e+002  1.520747e-002  0.000000e+000
 4.450000e+002  6.660561e-002  0.000000e+000
 4.460000e+002  3.269288e-002  0.000000e+000
 4.470000e+002  1.494151e-001  0.000000e+000
 4.480000e+002  5.082533e-002  0.000000e+000
 4.490000e+002  1.232862e-001  0.000000e+000
 4.500000e+002  9.189477e-004  0.000000e+000
 4.510000e+002  1.082821e-001  0.000000e+000
 4.520000e+002  4.920627e-002  0.000000e+000
 4.530000e+002  2.095260e-002  0.000000e+000
 4.540000e+002  4.128413e-002  0.000000e+000
 4.550000e+002  1.559498e-001  0.000000e+000
 4.560000e+002  7.711953e-002  0.000000e+000
 4.570000e+002  5.646890e-002  0.000000e+000
 4.580000e+002  1.632635e-002  0.000000e+000
 4.590000e+002  2.992007e-002  0.000000e+000
 4.600000e+002  1.424298e-002  0.000000e+000
 4.610000e+002  4.265909e-002  0.000000e+000
 4.620000e+002  3.296708e-001  0.000000e+000
 4.630000e+002  5.858843e-002  0.000000e+000
 4.640000e+002  2.165830e-002  0.000000e+000
 4.650000e+002  1.202622e-002  0.000000e+000
 4.660000e+002  2.061660e-001  0.000000e+000
 4.670000e+002  3.605241e-002  0.000000e+000
 4.680000e+002  3.737325e-002  0.000000e+000
 4.690000e+002  7.226332e-003  0.000000e+000
 4.700000e+002  1.249892e-001  0.000000e+000
 4.710000e+002  4.448050e-002  0.000000e+000
 4.720000e+002  1.573848e-001  0.000000e+000
 4.730000e+002  4.376059e-002  0.000000e+000
 4.740000e+002  2.156185e-001  0.000000e+000
 4.750000e+002  1.229417e-002  0.000000e+000
 4.760000e+002  1.128942e-001  0.000000e+000
 4.770000e+002  8.844507e-002  0.000000e+000
 4.780000e+002  1.905901e-001  0.000000e+000
 4.790000e+002  5.832912e-002  0.000000e+000
 4.800000e+002  1.026676e-001  0.000000e+000
 4.810000e+002  1.716544e-001  0.000000e+000
 4.820000e+002  7.276092e-002  0.000000e+000
 4.830000e+002  1.094291e-001  0.000000e+000
 4.840000e+002  1.259437e-001  0.000000e+000
 4.850000e+002  2.759799e-001  0.000000e+000
 4.860000e+002  3.342378e-002  0.000000e+000
 4.870000e+002  5.675514e-002  0.000000e+000
 4.880000e+002  7.948473e-002  0.000000e+000
 4.890000e+002  6.685457e-002  0.000000e+000
 4.900000e+002  1.744841e-001  0.000000e+000
 4.910000e+002  3.455424e-001  0.000000e+000
 4.920000e+002  2.291054e-001  0.000000e+000
 4.930000e+002  4.372881e-002  0.000000e+000
 4.940000e+002  7.868117e-002  0.000000e+000
 4.950000e+002  4.467103e-002  0.000000e+000
 4.960000e+002  1.323902e-001  0.000000e+000
 4.970000e+002  2.196113e-001  0.000000e+000
 4.980000e+002  1.629443e-001  0.000000e+000
 4.990000e+002  1.984061e-001  0.000000e+000
 5.000000e+002  1.269237e-001  0.000000e+000
 5.010000e+002  1.441188e-001  0.000000e+000
 5.020000e+002  1.545355e-001  0.000000e+000
 5.030000e+002  1.192774e-001  0.000000e+000
 5.040000e+002  1.815919e-001  0.000000e+000
 5.050000e+002  4.017169e-002  0.000000e+000
 5.060000e+002  2.707995e-001  0.000000e+000
 5.070000e+002  3.186321e-002  0.000000e+000
 5.080000e+002  1.740028e-001  0.000000e+000
 5.090000e+002  1.789599e-001  0.000000e+000
 5.100000e+002  1.727350e-001  0.000000e+000
 5.110000e+002  2.863120e-001  0.000000e+000
 5.120000e+002  1.616868e-001  0.000000e+000
