 0.000000e+000  9.986420e-001  0.000000e+000
 5.000000e-001  9.372290e-001  0.000000e+000
 1.000000e+000  9.299312e-001  0.000000e+000
 1.500000e+000  9.427846e-001  0.000000e+000
 2.000000e+000  9.362032e-001  0.000000e+000
 2.500000e+000  9.406404e-001  0.000000e+000
 3.000000e+000  9.353777e-001  0.000000e+000
 3.500000e+000  9.430009e-001  0.000000e+000
 4.000000e+000  9.350032e-001  0.000000e+000
 4.500000e+000  9.350620e-001  0.000000e+000
 5.000000e+000  9.426835e-001  0.000000e+000
 5.500000e+000  9.332209e-001  0.000000e+000
 6.000000e+000  9.529947e-001  0.000000e+000
 6.500000e+000  9.396255e-001  0.000000e+000
 7.000000e+000  9.453976e-001  0.000000e+000
 7.500000e+000  9.438812e-001  0.000000e+000
 8.000000e+000  9.469252e-001  0.000000e+000
 8.500000e+000  9.500398e-001  0.000000e+000
 9.000000e+000  9.483897e-001  0.000000e+000
 9.500000e+000  9.534720e-001  0.000000e+000
 1.000000e+001  9.525582e-001  0.000000e+000
 1.050000e+001  9.550166e-001  0.000000e+000
 1.100000e+001  9.596722e-001  0.000000e+000
 1.150000e+001  9.554538e-001  0.000000e+000
 1.200000e+001  9.599701e-001  0.000000e+000
 1.250000e+001  9.583058e-001  0.000000e+000
 1.300000e+001  9.611795e-001  0.000000e+000
 1.350000e+001  9.607153e-001  0.000000e+000
 1.400000e+001  9.602467e-001  0.000000e+000
 1.450000e+001  9.617853e-001  0.000000e+000
 1.500000e+001  9.634403e-001  0.000000e+000
 1.550000e+001  9.644936e-001  0.000000e+000
 1.600000e+001  9.646939e-001  0.000000e+000
 1.650000e+001  9.642822e-001  0.000000e+000
 1.700000e+001  9.649848e-001  0.000000e+000
 1.750000e+001  9.668676e-001  0.000000e+000
 1.800000e+001  9.675976e-001  0.000000e+000
 1.850000e+001  9.679806e-001  0.000000e+000
 1.900000e+001  9.687269e-001  0.000000e+000
 1.950000e+001  9.697961e-001  0.000000e+000
 2.000000e+001  9.699564e-001  0.000000e+000
 2.050000e+001  9.696625e-001  0.000000e+000
 2.100000e+001  9.713988e-001  0.000000e+000
 2.150000e+001  9.721435e-001  0.000000e+000
 2.200000e+001  9.777130e-001  0.000000e+000
 2.250000e+001  9.603561e-001  0.000000e+000
 2.300000e+001  9.699785e-001  0.000000e+000
 2.350000e+001  9.700664e-001  0.000000e+000
 2.400000e+001  9.706832e-001  0.000000e+000
 2.450000e+001  9.709417e-001  0.000000e+000
 2.500000e+001  9.714262e-001  0.000000e+000
 2.550000e+001  9.719761e-001  0.000000e+000
 2.600000e+001  9.723584e-001  0.000000e+000
 2.650000e+001  9.718915e-001  0.000000e+000
 2.700000e+001  9.711323e-001  0.000000e+000
 2.750000e+001  9.717844e-001  0.000000e+000
 2.800000e+001  9.728159e-001  0.000000e+000
 2.850000e+001  9.713448e-001  0.000000e+000
 2.900000e+001  9.721590e-001  0.000000e+000
 2.950000e+001  9.717724e-001  0.000000e+000
 3.000000e+001  9.720554e-001  0.000000e+000
 3.050000e+001  9.725746e-001  0.000000e+000
 3.100000e+001  9.721349e-001  0.000000e+000
 3.150000e+001  9.718227e-001  0.000000e+000
 3.200000e+001  9.733569e-001  0.000000e+000
 3.250000e+001  9.718429e-001  0.000000e+000
 3.300000e+001  9.724473e-001  0.000000e+000
 3.350000e+001  9.737735e-001  0.000000e+000
 3.400000e+001  9.734433e-001  0.000000e+000
 3.450000e+001  9.703998e-001  0.000000e+000
 3.500000e+001  9.743440e-001  0.000000e+000
 3.550000e+001  9.707268e-001  0.000000e+000
 3.600000e+001  9.725090e-001  0.000000e+000
 3.650000e+001  9.716861e-001  0.000000e+000
 3.700000e+001  9.714974e-001  0.000000e+000
 3.750000e+001  9.732060e-001  0.000000e+000
 3.800000e+001  9.734572e-001  0.000000e+000
 3.850000e+001  9.729275e-001  0.000000e+000
 3.900000e+001  9.716161e-001  0.000000e+000
 3.950000e+001  9.694714e-001  0.000000e+000
 4.000000e+001  9.737217e-001  0.000000e+000
 4.050000e+001  9.728230e-001  0.000000e+000
 4.100000e+001  9.727736e-001  0.000000e+000
 4.150000e+001  9.722712e-001  0.000000e+000
 4.200000e+001  9.716489e-001  0.000000e+000
 4.250000e+001  9.731709e-001  0.000000e+000
 4.300000e+001  9.724506e-001  0.000000e+000
 4.350000e+001  9.715531e-001  0.000000e+000
 4.400000e+001  9.730389e-001  0.000000e+000
 4.450000e+001  9.724001e-001  0.000000e+000
 4.500000e+001  9.718112e-001  0.000000e+000
 4.550000e+001  9.751188e-001  0.000000e+000
 4.600000e+001  9.755227e-001  0.000000e+000
 4.650000e+001  9.710395e-001  0.000000e+000
 4.700000e+001  9.715686e-001  0.000000e+000
 4.750000e+001  9.733693e-001  0.000000e+000
 4.800000e+001  9.706978e-001  0.000000e+000
 4.850000e+001  9.734510e-001  0.000000e+000
 4.900000e+001  9.715167e-001  0.000000e+000
 4.950000e+001  9.740754e-001  0.000000e+000
 5.000000e+001  9.718527e-001  0.000000e+000
 5.050000e+001  9.741963e-001  0.000000e+000
 5.100000e+001  9.700236e-001  0.000000e+000
 5.150000e+001  9.747787e-001  0.000000e+000
 5.200000e+001  9.754664e-001  0.000000e+000
 5.250000e+001  9.680229e-001  0.000000e+000
 5.300000e+001  9.722702e-001  0.000000e+000
 5.350000e+001  9.711228e-001  0.000000e+000
 5.400000e+001  9.717398e-001  0.000000e+000
 5.450000e+001  9.737606e-001  0.000000e+000
 5.500000e+001  9.746387e-001  0.000000e+000
 5.550000e+001  9.774763e-001  0.000000e+000
 5.600000e+001  9.784810e-001  0.000000e+000
 5.650000e+001  9.738342e-001  0.000000e+000
 5.700000e+001  9.736615e-001  0.000000e+000
 5.750000e+001  9.724970e-001  0.000000e+000
 5.800000e+001  9.719992e-001  0.000000e+000
 5.850000e+001  9.707330e-001  0.000000e+000
 5.900000e+001  9.756685e-001  0.000000e+000
 5.950000e+001  9.736704e-001  0.000000e+000
 6.000000e+001  9.699118e-001  0.000000e+000
 6.050000e+001  9.752694e-001  0.000000e+000
 6.100000e+001  9.739829e-001  0.000000e+000
 6.150000e+001  9.782380e-001  0.000000e+000
 6.200000e+001  9.779004e-001  0.000000e+000
 6.250000e+001  9.738114e-001  0.000000e+000
 6.300000e+001  9.779854e-001  0.000000e+000
 6.350000e+001  9.787293e-001  0.000000e+000
 6.400000e+001  9.790449e-001  0.000000e+000
 6.450000e+001  9.750644e-001  0.000000e+000
 6.500000e+001  9.742245e-001  0.000000e+000
 6.550000e+001  9.755719e-001  0.000000e+000
 6.600000e+001  9.832356e-001  0.000000e+000
 6.650000e+001  9.820147e-001  0.000000e+000
 6.700000e+001  9.831940e-001  0.000000e+000
 6.750000e+001  9.764352e-001  0.000000e+000
 6.800000e+001  9.829320e-001  0.000000e+000
 6.850000e+001  9.838831e-001  0.000000e+000
 6.900000e+001  9.801542e-001  0.000000e+000
 6.950000e+001  9.837580e-001  0.000000e+000
 7.000000e+001  9.844207e-001  0.000000e+000
 7.050000e+001  9.861561e-001  0.000000e+000
 7.100000e+001  9.870729e-001  0.000000e+000
 7.150000e+001  9.881851e-001  0.000000e+000
 7.200000e+001  9.885149e-001  0.000000e+000
 7.250000e+001  9.871345e-001  0.000000e+000
 7.300000e+001  9.902943e-001  0.000000e+000
 7.350000e+001  9.919644e-001  0.000000e+000
 7.400000e+001  9.918457e-001  0.000000e+000
 7.450000e+001  9.940715e-001  0.000000e+000
 7.500000e+001  9.947426e-001  0.000000e+000
 7.550000e+001  9.956424e-001  0.000000e+000
 7.600000e+001  9.966499e-001  0.000000e+000
 7.650000e+001  9.966548e-001  0.000000e+000
 7.700000e+001  9.971922e-001  0.000000e+000
 7.750000e+001  9.981014e-001  0.000000e+000
 7.800000e+001  9.982746e-001  0.000000e+000
 7.850000e+001  9.988641e-001  0.000000e+000
 7.900000e+001  9.991119e-001  0.000000e+000
 7.950000e+001  9.974732e-001  0.000000e+000
 8.000000e+001  9.959059e-001  0.000000e+000
 8.050000e+001  9.978647e-001  0.000000e+000
 8.100000e+001  9.982375e-001  0.000000e+000
 8.150000e+001  9.979371e-001  0.000000e+000
 8.200000e+001  9.982222e-001  0.000000e+000
 8.250000e+001  9.980546e-001  0.000000e+000
 8.300000e+001  9.969794e-001  0.000000e+000
 8.350000e+001  9.975239e-001  0.000000e+000
 8.400000e+001  9.964551e-001  0.000000e+000
 8.450000e+001  9.958698e-001  0.000000e+000
 8.500000e+001  9.953954e-001  0.000000e+000
 8.550000e+001  9.947721e-001  0.000000e+000
 8.600000e+001  9.948016e-001  0.000000e+000
 8.650000e+001  9.943131e-001  0.000000e+000
 8.700000e+001  9.926623e-001  0.000000e+000
 8.750000e+001  9.921550e-001  0.000000e+000
 8.800000e+001  9.897002e-001  0.000000e+000
 8.850000e+001  9.921221e-001  0.000000e+000
 8.900000e+001  9.923275e-001  0.000000e+000
 8.950000e+001  9.891391e-001  0.000000e+000
 9.000000e+001  9.888532e-001  0.000000e+000
 9.050000e+001  9.863388e-001  0.000000e+000
 9.100000e+001  9.851530e-001  0.000000e+000
 9.150000e+001  9.858786e-001  0.000000e+000
 9.200000e+001  9.830436e-001  0.000000e+000
 9.250000e+001  9.836150e-001  0.000000e+000
 9.300000e+001  9.803776e-001  0.000000e+000
 9.350000e+001  9.793518e-001  0.000000e+000
 9.400000e+001  9.769520e-001  0.000000e+000
 9.450000e+001  9.801711e-001  0.000000e+000
 9.500000e+001  9.788495e-001  0.000000e+000
 9.550000e+001  9.795189e-001  0.000000e+000
 9.600000e+001  9.724603e-001  0.000000e+000
 9.650000e+001  9.735757e-001  0.000000e+000
 9.700000e+001  9.758401e-001  0.000000e+000
 9.750000e+001  9.765832e-001  0.000000e+000
 9.800000e+001  9.719135e-001  0.000000e+000
 9.850000e+001  9.734345e-001  0.000000e+000
 9.900000e+001  9.725460e-001  0.000000e+000
 9.950000e+001  9.727733e-001  0.000000e+000
 1.000000e+002  9.726822e-001  0.000000e+000
 1.005000e+002  9.689069e-001  0.000000e+000
 1.010000e+002  9.712341e-001  0.000000e+000
 1.015000e+002  9.622144e-001  0.000000e+000
 1.020000e+002  9.662866e-001  0.000000e+000
 1.025000e+002  9.642529e-001  0.000000e+000
 1.030000e+002  9.634010e-001  0.000000e+000
 1.035000e+002  9.561956e-001  0.000000e+000
 1.040000e+002  9.671544e-001  0.000000e+000
 1.045000e+002  9.646266e-001  0.000000e+000
 1.050000e+002  9.609366e-001  0.000000e+000
 1.055000e+002  9.679238e-001  0.000000e+000
 1.060000e+002  9.709907e-001  0.000000e+000
 1.065000e+002  9.615267e-001  0.000000e+000
 1.070000e+002  9.624104e-001  0.000000e+000
 1.075000e+002  9.666021e-001  0.000000e+000
 1.080000e+002  9.632902e-001  0.000000e+000
 1.085000e+002  9.603712e-001  0.000000e+000
 1.090000e+002  9.598801e-001  0.000000e+000
 1.095000e+002  9.583446e-001  0.000000e+000
 1.100000e+002  9.657158e-001  0.000000e+000
 1.105000e+002  9.702220e-001  0.000000e+000
 1.110000e+002  9.652370e-001  0.000000e+000
 1.115000e+002  9.661728e-001  0.000000e+000
 1.120000e+002  9.760668e-001  0.000000e+000
 1.125000e+002  9.781068e-001  0.000000e+000
 1.130000e+002  9.799016e-001  0.000000e+000
 1.135000e+002  9.772173e-001  0.000000e+000
 1.140000e+002  9.363089e-001  0.000000e+000
 1.145000e+002  6.381358e-001  0.000000e+000
 1.150000e+002  8.222236e-002  0.000000e+000
 1.155000e+002  2.749610e-001  0.000000e+000
 1.160000e+002  6.041585e-001  0.000000e+000
 1.165000e+002  7.189437e-001  0.000000e+000
 1.170000e+002  7.654663e-001  0.000000e+000
 1.175000e+002  8.071654e-001  0.000000e+000
 1.180000e+002  7.841326e-001  0.000000e+000
 1.185000e+002  7.906082e-001  0.000000e+000
 1.190000e+002  8.111969e-001  0.000000e+000
 1.195000e+002  8.250734e-001  0.000000e+000
 1.200000e+002  8.304259e-001  0.000000e+000
 1.205000e+002  8.091754e-001  0.000000e+000
 1.210000e+002  8.025298e-001  0.000000e+000
 1.215000e+002  8.128224e-001  0.000000e+000
 1.220000e+002  8.339295e-001  0.000000e+000
 1.225000e+002  8.264384e-001  0.000000e+000
 1.230000e+002  8.248461e-001  0.000000e+000
 1.235000e+002  8.242768e-001  0.000000e+000
 1.240000e+002  8.005636e-001  0.000000e+000
 1.245000e+002  8.159767e-001  0.000000e+000
 1.250000e+002  8.438926e-001  0.000000e+000
 1.255000e+002  7.961095e-001  0.000000e+000
 1.260000e+002  8.148602e-001  0.000000e+000
 1.265000e+002  7.976984e-001  0.000000e+000
 1.270000e+002  8.742501e-001  0.000000e+000
 1.275000e+002  7.998858e-001  0.000000e+000
 1.280000e+002  8.120782e-001  0.000000e+000
 1.285000e+002  8.100268e-001  0.000000e+000
 1.290000e+002  7.697110e-001  0.000000e+000
 1.295000e+002  7.867491e-001  0.000000e+000
 1.300000e+002  8.151323e-001  0.000000e+000
 1.305000e+002  7.991484e-001  0.000000e+000
 1.310000e+002  8.041324e-001  0.000000e+000
 1.315000e+002  7.872336e-001  0.000000e+000
 1.320000e+002  8.072301e-001  0.000000e+000
 1.325000e+002  7.879579e-001  0.000000e+000
 1.330000e+002  8.069097e-001  0.000000e+000
 1.335000e+002  8.412362e-001  0.000000e+000
 1.340000e+002  7.973437e-001  0.000000e+000
 1.345000e+002  7.893118e-001  0.000000e+000
 1.350000e+002  7.295830e-001  0.000000e+000
 1.355000e+002  7.958336e-001  0.000000e+000
 1.360000e+002  7.707726e-001  0.000000e+000
 1.365000e+002  7.786344e-001  0.000000e+000
 1.370000e+002  7.009062e-001  0.000000e+000
 1.375000e+002  7.708768e-001  0.000000e+000
 1.380000e+002  7.372708e-001  0.000000e+000
 1.385000e+002  7.648497e-001  0.000000e+000
 1.390000e+002  7.498517e-001  0.000000e+000
 1.395000e+002  7.683026e-001  0.000000e+000
 1.400000e+002  7.917073e-001  0.000000e+000
 1.405000e+002  6.836017e-001  0.000000e+000
 1.410000e+002  6.491361e-001  0.000000e+000
 1.415000e+002  7.077590e-001  0.000000e+000
 1.420000e+002  7.363839e-001  0.000000e+000
 1.425000e+002  6.959379e-001  0.000000e+000
 1.430000e+002  6.994657e-001  0.000000e+000
 1.435000e+002  6.393797e-001  0.000000e+000
 1.440000e+002  7.438550e-001  0.000000e+000
 1.445000e+002  7.168593e-001  0.000000e+000
 1.450000e+002  6.241912e-001  0.000000e+000
 1.455000e+002  6.596977e-001  0.000000e+000
 1.460000e+002  6.762775e-001  0.000000e+000
 1.465000e+002  6.400111e-001  0.000000e+000
 1.470000e+002  6.897764e-001  0.000000e+000
 1.475000e+002  6.415466e-001  0.000000e+000
 1.480000e+002  6.229714e-001  0.000000e+000
 1.485000e+002  6.276882e-001  0.000000e+000
 1.490000e+002  6.144811e-001  0.000000e+000
 1.495000e+002  6.955467e-001  0.000000e+000
 1.500000e+002  6.137200e-001  0.000000e+000
 1.505000e+002  6.458637e-001  0.000000e+000
 1.510000e+002  6.609790e-001  0.000000e+000
 1.515000e+002  6.001850e-001  0.000000e+000
 1.520000e+002  5.779824e-001  0.000000e+000
 1.525000e+002  6.257320e-001  0.000000e+000
 1.530000e+002  6.362627e-001  0.000000e+000
 1.535000e+002  5.966529e-001  0.000000e+000
 1.540000e+002  5.969141e-001  0.000000e+000
 1.545000e+002  6.871266e-001  0.000000e+000
 1.550000e+002  5.546350e-001  0.000000e+000
 1.555000e+002  5.220565e-001  0.000000e+000
 1.560000e+002  6.419981e-001  0.000000e+000
 1.565000e+002  5.531944e-001  0.000000e+000
 1.570000e+002  5.025122e-001  0.000000e+000
 1.575000e+002  5.948519e-001  0.000000e+000
 1.580000e+002  6.023027e-001  0.000000e+000
 1.585000e+002  5.113961e-001  0.000000e+000
 1.590000e+002  5.239556e-001  0.000000e+000
 1.595000e+002  3.585604e-001  0.000000e+000
 1.600000e+002  4.838702e-001  0.000000e+000
 1.605000e+002  5.400581e-001  0.000000e+000
 1.610000e+002  4.453503e-001  0.000000e+000
 1.615000e+002  5.105616e-001  0.000000e+000
 1.620000e+002  5.579516e-001  0.000000e+000
 1.625000e+002  4.523822e-001  0.000000e+000
 1.630000e+002  5.044812e-001  0.000000e+000
 1.635000e+002  5.283710e-001  0.000000e+000
 1.640000e+002  4.836104e-001  0.000000e+000
 1.645000e+002  6.233647e-001  0.000000e+000
 1.650000e+002  5.882184e-001  0.000000e+000
 1.655000e+002  5.728362e-001  0.000000e+000
 1.660000e+002  5.891048e-001  0.000000e+000
 1.665000e+002  5.409850e-001  0.000000e+000
 1.670000e+002  5.341488e-001  0.000000e+000
 1.675000e+002  4.784422e-001  0.000000e+000
 1.680000e+002  6.037064e-001  0.000000e+000
 1.685000e+002  5.274722e-001  0.000000e+000
 1.690000e+002  5.753964e-001  0.000000e+000
 1.695000e+002  4.840844e-001  0.000000e+000
 1.700000e+002  4.720333e-001  0.000000e+000
 1.705000e+002  6.878570e-001  0.000000e+000
 1.710000e+002  5.220746e-001  0.000000e+000
 1.715000e+002  5.608517e-001  0.000000e+000
 1.720000e+002  6.113607e-001  0.000000e+000
 1.725000e+002  7.223628e-001  0.000000e+000
 1.730000e+002  6.629984e-001  0.000000e+000
 1.735000e+002  5.851286e-001  0.000000e+000
 1.740000e+002  4.921463e-001  0.000000e+000
 1.745000e+002  6.025371e-001  0.000000e+000
 1.750000e+002  5.413747e-001  0.000000e+000
 1.755000e+002  5.848481e-001  0.000000e+000
 1.760000e+002  6.049992e-001  0.000000e+000
 1.765000e+002  5.620258e-001  0.000000e+000
 1.770000e+002  6.352451e-001  0.000000e+000
 1.775000e+002  6.140200e-001  0.000000e+000
 1.780000e+002  6.983417e-001  0.000000e+000
 1.785000e+002  5.767918e-001  0.000000e+000
 1.790000e+002  6.800180e-001  0.000000e+000
 1.795000e+002  5.448290e-001  0.000000e+000
 1.800000e+002  6.111151e-001  0.000000e+000
 1.805000e+002  5.702603e-001  0.000000e+000
 1.810000e+002  6.255754e-001  0.000000e+000
 1.815000e+002  5.990237e-001  0.000000e+000
 1.820000e+002  6.925699e-001  0.000000e+000
 1.825000e+002  6.533148e-001  0.000000e+000
 1.830000e+002  5.860800e-001  0.000000e+000
 1.835000e+002  5.757498e-001  0.000000e+000
 1.840000e+002  5.586631e-001  0.000000e+000
 1.845000e+002  5.904518e-001  0.000000e+000
 1.850000e+002  7.090105e-001  0.000000e+000
 1.855000e+002  6.358762e-001  0.000000e+000
 1.860000e+002  5.857437e-001  0.000000e+000
 1.865000e+002  5.869212e-001  0.000000e+000
 1.870000e+002  6.439372e-001  0.000000e+000
 1.875000e+002  6.904153e-001  0.000000e+000
 1.880000e+002  6.486264e-001  0.000000e+000
 1.885000e+002  6.397799e-001  0.000000e+000
 1.890000e+002  6.265479e-001  0.000000e+000
 1.895000e+002  6.212493e-001  0.000000e+000
 1.900000e+002  6.746467e-001  0.000000e+000
 1.905000e+002  6.119868e-001  0.000000e+000
 1.910000e+002  6.453817e-001  0.000000e+000
 1.915000e+002  5.904137e-001  0.000000e+000
 1.920000e+002  6.434596e-001  0.000000e+000
 1.925000e+002  6.513889e-001  0.000000e+000
 1.930000e+002  6.798189e-001  0.000000e+000
 1.935000e+002  6.926926e-001  0.000000e+000
 1.940000e+002  6.494895e-001  0.000000e+000
 1.945000e+002  6.497954e-001  0.000000e+000
 1.950000e+002  6.178210e-001  0.000000e+000
 1.955000e+002  6.680806e-001  0.000000e+000
 1.960000e+002  5.821661e-001  0.000000e+000
 1.965000e+002  6.273829e-001  0.000000e+000
 1.970000e+002  6.699113e-001  0.000000e+000
 1.975000e+002  6.900784e-001  0.000000e+000
 1.980000e+002  6.246502e-001  0.000000e+000
 1.985000e+002  6.484596e-001  0.000000e+000
 1.990000e+002  7.217148e-001  0.000000e+000
 1.995000e+002  6.662180e-001  0.000000e+000
 2.000000e+002  6.127395e-001  0.000000e+000
 2.005000e+002  5.860228e-001  0.000000e+000
 2.010000e+002  6.294214e-001  0.000000e+000
 2.015000e+002  6.326215e-001  0.000000e+000
 2.020000e+002  6.679305e-001  0.000000e+000
 2.025000e+002  6.529614e-001  0.000000e+000
 2.030000e+002  6.800295e-001  0.000000e+000
 2.035000e+002  7.226145e-001  0.000000e+000
 2.040000e+002  5.732594e-001  0.000000e+000
 2.045000e+002  6.157596e-001  0.000000e+000
 2.050000e+002  6.922480e-001  0.000000e+000
 2.055000e+002  7.098704e-001  0.000000e+000
 2.060000e+002  6.611205e-001  0.000000e+000
 2.065000e+002  6.086657e-001  0.000000e+000
 2.070000e+002  6.733927e-001  0.000000e+000
 2.075000e+002  5.865206e-001  0.000000e+000
 2.080000e+002  6.269360e-001  0.000000e+000
 2.085000e+002  5.934190e-001  0.000000e+000
 2.090000e+002  6.778857e-001  0.000000e+000
 2.095000e+002  6.102869e-001  0.000000e+000
 2.100000e+002  6.410313e-001  0.000000e+000
 2.105000e+002  6.404893e-001  0.000000e+000
 2.110000e+002  6.215655e-001  0.000000e+000
 2.115000e+002  6.760171e-001  0.000000e+000
 2.120000e+002  6.496211e-001  0.000000e+000
 2.125000e+002  6.015062e-001  0.000000e+000
 2.130000e+002  6.623232e-001  0.000000e+000
 2.135000e+002  5.050835e-001  0.000000e+000
 2.140000e+002  5.846860e-001  0.000000e+000
 2.145000e+002  5.698023e-001  0.000000e+000
 2.150000e+002  6.101831e-001  0.000000e+000
 2.155000e+002  5.627034e-001  0.000000e+000
 2.160000e+002  5.525898e-001  0.000000e+000
 2.165000e+002  5.603223e-001  0.000000e+000
 2.170000e+002  5.858063e-001  0.000000e+000
 2.175000e+002  6.435021e-001  0.000000e+000
 2.180000e+002  5.720625e-001  0.000000e+000
 2.185000e+002  5.619671e-001  0.000000e+000
 2.190000e+002  4.996840e-001  0.000000e+000
 2.195000e+002  5.595285e-001  0.000000e+000
 2.200000e+002  6.226212e-001  0.000000e+000
 2.205000e+002  5.031799e-001  0.000000e+000
 2.210000e+002  4.720387e-001  0.000000e+000
 2.215000e+002  5.955833e-001  0.000000e+000
 2.220000e+002  4.972852e-001  0.000000e+000
 2.225000e+002  6.101344e-001  0.000000e+000
 2.230000e+002  4.739231e-001  0.000000e+000
 2.235000e+002  5.025328e-001  0.000000e+000
 2.240000e+002  5.167027e-001  0.000000e+000
 2.245000e+002  4.260793e-001  0.000000e+000
 2.250000e+002  4.858493e-001  0.000000e+000
 2.255000e+002  4.321886e-001  0.000000e+000
 2.260000e+002  5.070102e-001  0.000000e+000
 2.265000e+002  4.674603e-001  0.000000e+000
 2.270000e+002  3.925549e-001  0.000000e+000
 2.275000e+002  3.290266e-001  0.000000e+000
 2.280000e+002  3.704753e-001  0.000000e+000
 2.285000e+002  3.806235e-001  0.000000e+000
 2.290000e+002  4.214255e-001  0.000000e+000
 2.295000e+002  3.541153e-001  0.000000e+000
 2.300000e+002  3.282151e-001  0.000000e+000
 2.305000e+002  3.012784e-001  0.000000e+000
 2.310000e+002  2.968863e-001  0.000000e+000
 2.315000e+002  2.575695e-001  0.000000e+000
 2.320000e+002  2.459482e-001  0.000000e+000
 2.325000e+002  2.368211e-001  0.000000e+000
 2.330000e+002  1.631535e-001  0.000000e+000
 2.335000e+002  1.964190e-001  0.000000e+000
 2.340000e+002  2.008594e-001  0.000000e+000
 2.345000e+002  2.150614e-001  0.000000e+000
 2.350000e+002  1.593367e-001  0.000000e+000
 2.355000e+002  1.919115e-001  0.000000e+000
 2.360000e+002  8.259758e-002  0.000000e+000
 2.365000e+002  8.604125e-002  0.000000e+000
 2.370000e+002  6.086346e-002  0.000000e+000
 2.375000e+002  6.277489e-002  0.000000e+000
 2.380000e+002  4.883991e-002  0.000000e+000
 2.385000e+002  2.257782e-002  0.000000e+000
 2.390000e+002  5.534044e-002  0.000000e+000
 2.395000e+002  1.127335e-001  0.000000e+000
 2.400000e+002  1.650484e-001  0.000000e+000
 2.405000e+002  1.651527e-001  0.000000e+000
 2.410000e+002  2.197514e-001  0.000000e+000
 2.415000e+002  3.888479e-001  0.000000e+000
 2.420000e+002  3.704485e-001  0.000000e+000
 2.425000e+002  4.633405e-001  0.000000e+000
 2.430000e+002  4.944951e-001  0.000000e+000
 2.435000e+002  5.176851e-001  0.000000e+000
 2.440000e+002  4.764580e-001  0.000000e+000
 2.445000e+002  4.676431e-001  0.000000e+000
 2.450000e+002  4.084443e-001  0.000000e+000
 2.455000e+002  4.135604e-001  0.000000e+000
 2.460000e+002  3.547285e-001  0.000000e+000
 2.465000e+002  3.549227e-001  0.000000e+000
 2.470000e+002  3.488658e-001  0.000000e+000
 2.475000e+002  3.252804e-001  0.000000e+000
 2.480000e+002  2.577455e-001  0.000000e+000
 2.485000e+002  2.526880e-001  0.000000e+000
 2.490000e+002  3.022133e-001  0.000000e+000
 2.495000e+002  2.871764e-001  0.000000e+000
 2.500000e+002  2.377481e-001  0.000000e+000
 2.505000e+002  2.407391e-001  0.000000e+000
 2.510000e+002  2.768866e-001  0.000000e+000
 2.515000e+002  2.432015e-001  0.000000e+000
 2.520000e+002  2.766118e-001  0.000000e+000
 2.525000e+002  2.280523e-001  0.000000e+000
 2.530000e+002  2.295357e-001  0.000000e+000
 2.535000e+002  2.600130e-001  0.000000e+000
 2.540000e+002  2.388611e-001  0.000000e+000
 2.545000e+002  2.080667e-001  0.000000e+000
 2.550000e+002  2.680557e-001  0.000000e+000
 2.555000e+002  2.205403e-001  0.000000e+000
 2.560000e+002  2.243848e-001  0.000000e+000
