 0.000000e+000  4.597081e-003  0.000000e+000
 5.000000e-001 -3.931451e-006 -1.259122e-007
 1.000000e+000 -4.001702e-006  2.121744e-008
 1.500000e+000 -3.959838e-006  1.737145e-007
 2.000000e+000 -3.976613e-006  2.370138e-007
 2.500000e+000 -4.020021e-006  3.002322e-007
 3.000000e+000 -4.050072e-006  3.478016e-007
 3.500000e+000 -4.128443e-006  4.487110e-007
 4.000000e+000 -4.668194e-006  1.197844e-006
 4.500000e+000 -4.010618e-006  3.824541e-007
 5.000000e+000 -4.129746e-006  4.861657e-007
 5.500000e+000 -4.211173e-006  5.371923e-007
 6.000000e+000 -4.365753e-006  7.331250e-007
 6.500000e+000 -4.377595e-006  6.758584e-007
 7.000000e+000 -4.479242e-006  7.546927e-007
 7.500000e+000 -4.596962e-006  8.217962e-007
 8.000000e+000 -4.721437e-006  8.648138e-007
 8.500000e+000 -4.865555e-006  9.508750e-007
 9.000000e+000 -5.024737e-006  1.010158e-006
 9.500000e+000 -5.162167e-006  1.083491e-006
 1.000000e+001 -5.336948e-006  1.173143e-006
 1.050000e+001 -5.537223e-006  1.303180e-006
 1.100000e+001 -5.679394e-006  1.343296e-006
 1.150000e+001 -6.006825e-006  1.456137e-006
 1.200000e+001 -6.234074e-006  1.569388e-006
 1.250000e+001 -6.483737e-006  1.671255e-006
 1.300000e+001 -6.818940e-006  1.781447e-006
 1.350000e+001 -7.178750e-006  1.919509e-006
 1.400000e+001 -7.571947e-006  2.014405e-006
 1.450000e+001 -7.959790e-006  2.192214e-006
 1.500000e+001 -8.471770e-006  2.355868e-006
 1.550000e+001 -9.073929e-006  2.511940e-006
 1.600000e+001 -9.701862e-006  2.754389e-006
 1.650000e+001 -1.051996e-005  2.989770e-006
 1.700000e+001 -1.142118e-005  3.225346e-006
 1.750000e+001 -1.255781e-005  3.599373e-006
 1.800000e+001 -1.387697e-005  3.970086e-006
 1.850000e+001 -1.554358e-005  4.492769e-006
 1.900000e+001 -1.760043e-005  5.138322e-006
 1.950000e+001 -2.038113e-005  5.940711e-006
 2.000000e+001 -2.427237e-005  7.076906e-006
 2.050000e+001 -2.981630e-005  8.786691e-006
 2.100000e+001 -3.877851e-005  1.165395e-005
 2.150000e+001 -5.564018e-005  1.722335e-005
 2.200000e+001 -1.035520e-004  3.758714e-005
 2.250000e+001 -2.586177e-004  1.818643e-004
 2.300000e+001  2.050854e-004 -3.282961e-005
 2.350000e+001  7.873627e-005 -1.665471e-005
 2.400000e+001  4.887020e-005 -1.103130e-005
 2.450000e+001  3.536132e-005 -8.087565e-006
 2.500000e+001  2.766356e-005 -6.335891e-006
 2.550000e+001  2.277445e-005 -5.136389e-006
 2.600000e+001  1.935209e-005 -4.355104e-006
 2.650000e+001  1.676183e-005 -3.689635e-006
 2.700000e+001  1.483343e-005 -3.209426e-006
 2.750000e+001  1.326737e-005 -2.820331e-006
 2.800000e+001  1.204505e-005 -2.457588e-006
 2.850000e+001  1.095531e-005 -2.214753e-006
 2.900000e+001  1.006708e-005 -1.984925e-006
 2.950000e+001  9.299204e-006 -1.736987e-006
 3.000000e+001  8.668669e-006 -1.565561e-006
 3.050000e+001  8.134694e-006 -1.434235e-006
 3.100000e+001  7.581133e-006 -1.268352e-006
 3.150000e+001  7.172862e-006 -1.181879e-006
 3.200000e+001  6.735655e-006 -1.029497e-006
 3.250000e+001  6.395053e-006 -9.270167e-007
 3.300000e+001  6.051428e-006 -8.548459e-007
 3.350000e+001  5.772757e-006 -7.636195e-007
 3.400000e+001  5.497641e-006 -7.027615e-007
 3.450000e+001  5.166718e-006 -6.103161e-007
 3.500000e+001  4.953588e-006 -5.497681e-007
 3.550000e+001  4.768485e-006 -4.564399e-007
 3.600000e+001  4.535970e-006 -3.659824e-007
 3.650000e+001  4.360478e-006 -3.610573e-007
 3.700000e+001  4.189494e-006 -2.924302e-007
 3.750000e+001  4.053139e-006 -2.307953e-007
 3.800000e+001  3.889122e-006 -1.904717e-007
 3.850000e+001  3.687782e-006 -1.377327e-007
 3.900000e+001  3.576733e-006 -8.845024e-008
 3.950000e+001  3.448055e-006 -3.413144e-008
 4.000000e+001  3.307255e-006 -1.136862e-008
 4.050000e+001  3.174674e-006  5.671334e-008
 4.100000e+001  3.069977e-006  5.414922e-008
 4.150000e+001  2.945173e-006  1.151804e-007
 4.200000e+001  2.834464e-006  1.428228e-007
 4.250000e+001  2.730266e-006  1.802109e-007
 4.300000e+001  2.644136e-006  2.283009e-007
 4.350000e+001  2.537380e-006  2.343679e-007
 4.400000e+001  2.485042e-006  2.485726e-007
 4.450000e+001  2.374060e-006  2.881253e-007
 4.500000e+001  2.289187e-006  3.605220e-007
 4.550000e+001  2.196872e-006  3.394420e-007
 4.600000e+001  2.104476e-006  3.787134e-007
 4.650000e+001  2.018564e-006  4.102578e-007
 4.700000e+001  1.957694e-006  4.486960e-007
 4.750000e+001  1.866897e-006  4.517978e-007
 4.800000e+001  1.781121e-006  4.722525e-007
 4.850000e+001  1.709397e-006  5.000005e-007
 4.900000e+001  1.659697e-006  5.297187e-007
 4.950000e+001  1.617373e-006  5.430192e-007
 5.000000e+001  1.520548e-006  5.856643e-007
 5.050000e+001  1.478598e-006  5.685901e-007
 5.100000e+001  1.398345e-006  5.965470e-007
 5.150000e+001  1.345934e-006  6.165518e-007
 5.200000e+001  1.257026e-006  6.245198e-007
 5.250000e+001  1.197317e-006  6.675251e-007
 5.300000e+001  1.149737e-006  6.754035e-007
 5.350000e+001  1.111030e-006  6.650117e-007
 5.400000e+001  1.017969e-006  6.981808e-007
 5.450000e+001  9.478554e-007  7.219780e-007
 5.500000e+001  8.914614e-007  7.277425e-007
 5.550000e+001  8.413863e-007  7.312451e-007
 5.600000e+001  7.569503e-007  7.640787e-007
 5.650000e+001  7.397713e-007  7.939872e-007
 5.700000e+001  7.870509e-007  7.257749e-007
 5.750000e+001  6.020166e-007  7.805413e-007
 5.800000e+001  5.844748e-007  7.761112e-007
 5.850000e+001  4.834512e-007  8.087618e-007
 5.900000e+001  4.353092e-007  7.970491e-007
 5.950000e+001  3.940479e-007  8.249966e-007
 6.000000e+001  3.298899e-007  8.361927e-007
 6.050000e+001  2.650128e-007  8.326515e-007
 6.100000e+001  2.317211e-007  8.353980e-007
 6.150000e+001  1.358144e-007  8.607477e-007
 6.200000e+001  9.760454e-008  8.751341e-007
 6.250000e+001  2.804655e-008  8.577500e-007
 6.300000e+001 -4.007547e-009  8.724921e-007
 6.350000e+001 -8.925647e-008  8.938543e-007
 6.400000e+001 -1.657001e-007  8.801438e-007
 6.450000e+001 -2.064982e-007  9.206618e-007
 6.500000e+001 -3.028888e-007  9.183318e-007
 6.550000e+001 -3.685944e-007  9.439064e-007
 6.600000e+001 -4.153180e-007  9.600251e-007
 6.650000e+001 -4.801209e-007  9.528470e-007
 6.700000e+001 -5.677950e-007  9.639774e-007
 6.750000e+001 -6.460647e-007  9.673308e-007
 6.800000e+001 -7.304440e-007  1.001015e-006
 6.850000e+001 -8.466189e-007  9.551644e-007
 6.900000e+001 -9.428151e-007  9.859412e-007
 6.950000e+001 -1.052718e-006  1.029714e-006
 7.000000e+001 -1.171582e-006  1.031228e-006
 7.050000e+001 -1.264539e-006  1.044341e-006
 7.100000e+001 -1.406346e-006  1.077101e-006
 7.150000e+001 -1.513590e-006  1.086747e-006
 7.200000e+001 -1.696251e-006  1.091203e-006
 7.250000e+001 -1.850106e-006  1.105838e-006
 7.300000e+001 -2.090483e-006  1.115527e-006
 7.350000e+001 -2.274945e-006  1.201309e-006
 7.400000e+001 -2.583858e-006  1.232717e-006
 7.450000e+001 -2.905877e-006  1.298976e-006
 7.500000e+001 -3.266192e-006  1.410914e-006
 7.550000e+001 -3.708544e-006  1.509454e-006
 7.600000e+001 -4.283571e-006  1.629686e-006
 7.650000e+001 -5.016867e-006  1.830451e-006
 7.700000e+001 -6.041401e-006  2.115667e-006
 7.750000e+001 -7.525914e-006  2.589327e-006
 7.800000e+001 -9.899689e-006  3.440532e-006
 7.850000e+001 -1.427054e-005  5.309646e-006
 7.900000e+001 -2.468352e-005  1.212547e-005
 7.950000e+001 -3.504029e-005  7.829690e-005
 8.000000e+001  3.735160e-005  4.539563e-006
 8.050000e+001  1.767653e-005  2.030243e-007
 8.100000e+001  1.154392e-005 -2.440833e-007
 8.150000e+001  8.519943e-006 -2.174595e-007
 8.200000e+001  6.744307e-006 -1.383558e-007
 8.250000e+001  5.583392e-006 -4.500512e-008
 8.300000e+001  4.745120e-006  2.044304e-008
 8.350000e+001  4.116352e-006  8.196278e-008
 8.400000e+001  3.635348e-006  1.449964e-007
 8.450000e+001  3.242193e-006  2.104730e-007
 8.500000e+001  2.991005e-006  2.885907e-007
 8.550000e+001  2.749612e-006  2.873006e-007
 8.600000e+001  2.578334e-006  3.207977e-007
 8.650000e+001  2.431834e-006  2.917222e-007
 8.700000e+001  2.303432e-006  2.298224e-007
 8.750000e+001  2.145882e-006  2.285137e-007
 8.800000e+001  1.992921e-006  1.743599e-007
 8.850000e+001  1.880428e-006  1.598797e-007
 8.900000e+001  1.756054e-006  1.642296e-007
 8.950000e+001  1.668116e-006  1.567526e-007
 9.000000e+001  1.555436e-006  1.197100e-007
 9.050000e+001  1.380891e-006  1.073355e-007
 9.100000e+001  1.316720e-006  1.640265e-007
 9.150000e+001  1.271211e-006  1.336950e-007
 9.200000e+001  1.200512e-006  1.823522e-007
 9.250000e+001  1.144277e-006  1.633619e-007
 9.300000e+001  1.080091e-006  1.606966e-007
 9.350000e+001  1.012016e-006  1.200559e-007
 9.400000e+001  9.875929e-007  1.342249e-007
 9.450000e+001  9.190691e-007  1.536335e-007
 9.500000e+001  9.064609e-007  1.356944e-007
 9.550000e+001  8.786597e-007  1.219963e-007
 9.600000e+001  7.986679e-007  1.152020e-007
 9.650000e+001  7.672531e-007  9.579508e-008
 9.700000e+001  7.300374e-007  1.019948e-007
 9.750000e+001  7.403486e-007  8.286264e-008
 9.800000e+001  6.692356e-007  8.522589e-008
 9.850000e+001  6.529864e-007  6.555804e-008
 9.900000e+001  6.158049e-007  6.000533e-008
 9.950000e+001  5.852715e-007  6.121800e-008
 1.000000e+002  5.929830e-007  3.936949e-008
 1.005000e+002  5.337502e-007  2.559708e-008
 1.010000e+002  5.360237e-007  4.539491e-008
 1.015000e+002  4.856001e-007 -1.338496e-008
 1.020000e+002  4.782546e-007 -3.042815e-008
 1.025000e+002  4.311883e-007  5.697308e-008
 1.030000e+002  4.235444e-007  4.011296e-008
 1.035000e+002  4.195564e-007  1.498062e-008
 1.040000e+002  4.004665e-007 -1.905501e-008
 1.045000e+002  4.189461e-007 -1.281618e-008
 1.050000e+002  4.122918e-007 -2.881472e-008
 1.055000e+002  3.710345e-007 -6.199883e-008
 1.060000e+002  3.651874e-007 -4.726372e-008
 1.065000e+002  3.205782e-007 -6.237034e-008
 1.070000e+002  3.097250e-007 -6.938916e-008
 1.075000e+002  3.104444e-007 -6.307512e-008
 1.080000e+002  2.854630e-007 -8.832164e-008
 1.085000e+002  2.804047e-007 -8.551503e-008
 1.090000e+002  2.479872e-007 -9.088826e-008
 1.095000e+002  2.244976e-007 -9.458003e-008
 1.100000e+002  2.097958e-007 -8.007526e-008
 1.105000e+002  1.779946e-007 -8.933574e-008
 1.110000e+002  1.627579e-007 -6.687753e-008
 1.115000e+002  1.034803e-007 -1.546295e-008
 1.120000e+002  5.264439e-008  5.903643e-008
 1.125000e+002  2.751788e-008  1.150470e-007
 1.130000e+002  1.025885e-007  3.501044e-007
 1.135000e+002  4.894198e-007  4.642163e-007
 1.140000e+002  7.004228e-007  1.984081e-007
 1.145000e+002  6.426094e-007 -2.206213e-008
 1.150000e+002  5.940596e-007 -1.173637e-007
 1.155000e+002  5.627448e-007 -1.580429e-007
 1.160000e+002  4.668228e-007 -2.090253e-007
 1.165000e+002  4.516127e-007 -2.035703e-007
 1.170000e+002  4.639253e-007 -2.489549e-007
 1.175000e+002  4.168642e-007 -2.502911e-007
 1.180000e+002  4.239409e-007 -2.607135e-007
 1.185000e+002  3.956896e-007 -2.709399e-007
 1.190000e+002  3.948565e-007 -2.671819e-007
 1.195000e+002  4.039813e-007 -2.555679e-007
 1.200000e+002  3.775049e-007 -2.841701e-007
 1.205000e+002  3.759350e-007 -3.164028e-007
 1.210000e+002  4.117818e-007 -3.048469e-007
 1.215000e+002  3.846651e-007 -2.967566e-007
 1.220000e+002  3.508746e-007 -3.101818e-007
 1.225000e+002  3.676429e-007 -3.123981e-007
 1.230000e+002  3.542818e-007 -2.983587e-007
 1.235000e+002  3.537129e-007 -3.137423e-007
 1.240000e+002  3.555655e-007 -3.137063e-007
 1.245000e+002  3.463082e-007 -3.558551e-007
 1.250000e+002  3.647360e-007 -3.653551e-007
 1.255000e+002  3.556464e-007 -3.462802e-007
 1.260000e+002  3.621840e-007 -3.235829e-007
 1.265000e+002  3.860342e-007 -3.208247e-007
 1.270000e+002  3.611070e-007 -3.270797e-007
 1.275000e+002  3.464986e-007 -3.325218e-007
 1.280000e+002  3.677621e-007 -3.700488e-007
 1.285000e+002  3.722774e-007 -3.426039e-007
 1.290000e+002  3.641303e-007 -3.619308e-007
 1.295000e+002  3.860623e-007 -3.554044e-007
 1.300000e+002  3.548093e-007 -3.739489e-007
 1.305000e+002  3.794033e-007 -3.577921e-007
 1.310000e+002  3.820160e-007 -3.442479e-007
 1.315000e+002  3.670175e-007 -3.559674e-007
 1.320000e+002  3.735443e-007 -3.745265e-007
 1.325000e+002  3.918685e-007 -3.861156e-007
 1.330000e+002  3.655889e-007 -3.728743e-007
 1.335000e+002  3.912996e-007 -3.794990e-007
 1.340000e+002  3.939482e-007 -3.680998e-007
 1.345000e+002  3.892530e-007 -3.662054e-007
 1.350000e+002  4.026180e-007 -3.563446e-007
 1.355000e+002  3.683106e-007 -3.804632e-007
 1.360000e+002  4.166303e-007 -3.682006e-007
 1.365000e+002  4.084737e-007 -3.517591e-007
 1.370000e+002  4.206763e-007 -3.380404e-007
 1.375000e+002  4.329383e-007 -3.354932e-007
 1.380000e+002  4.135310e-007 -3.366875e-007
 1.385000e+002  4.392279e-007 -3.567264e-007
 1.390000e+002  4.387734e-007 -3.589245e-007
 1.395000e+002  4.144647e-007 -3.492057e-007
 1.400000e+002  4.309003e-007 -3.639744e-007
 1.405000e+002  4.509887e-007 -3.507649e-007
 1.410000e+002  4.208213e-007 -3.365359e-007
 1.415000e+002  4.632071e-007 -3.208909e-007
 1.420000e+002  4.506275e-007 -3.328184e-007
 1.425000e+002  4.341467e-007 -3.225275e-007
 1.430000e+002  4.496816e-007 -3.132713e-007
 1.435000e+002  4.679862e-007 -3.005408e-007
 1.440000e+002  4.539626e-007 -3.101944e-007
 1.445000e+002  4.622019e-007 -2.955048e-007
 1.450000e+002  4.497866e-007 -2.961523e-007
 1.455000e+002  4.523794e-007 -2.859730e-007
 1.460000e+002  4.755605e-007 -2.943140e-007
 1.465000e+002  4.707813e-007 -2.546454e-007
 1.470000e+002  4.674206e-007 -2.631576e-007
 1.475000e+002  4.868579e-007 -2.419435e-007
 1.480000e+002  4.850135e-007 -2.235356e-007
 1.485000e+002  4.936255e-007 -2.465382e-007
 1.490000e+002  4.947112e-007 -2.562034e-007
 1.495000e+002  4.964476e-007 -2.467641e-007
 1.500000e+002  4.852644e-007 -2.287928e-007
 1.505000e+002  4.903675e-007 -2.247451e-007
 1.510000e+002  4.882863e-007 -2.134129e-007
 1.515000e+002  5.046577e-007 -2.087096e-007
 1.520000e+002  4.919789e-007 -1.996501e-007
 1.525000e+002  4.938861e-007 -2.098524e-007
 1.530000e+002  5.260152e-007 -1.929872e-007
 1.535000e+002  4.947107e-007 -1.624510e-007
 1.540000e+002  5.007183e-007 -1.831746e-007
 1.545000e+002  5.060343e-007 -1.738521e-007
 1.550000e+002  5.216147e-007 -1.274806e-007
 1.555000e+002  5.065926e-007 -1.258955e-007
 1.560000e+002  5.170831e-007 -1.414511e-007
 1.565000e+002  4.962953e-007 -1.221638e-007
 1.570000e+002  4.816829e-007 -1.176116e-007
 1.575000e+002  5.053480e-007 -1.028106e-007
 1.580000e+002  5.161023e-007 -9.992331e-008
 1.585000e+002  4.969508e-007 -1.110834e-007
 1.590000e+002  4.933923e-007 -1.083455e-007
 1.595000e+002  4.626574e-007 -3.859856e-008
 1.600000e+002  4.775308e-007 -1.901655e-008
 1.605000e+002  5.084321e-007 -2.455869e-008
 1.610000e+002  4.710757e-007 -1.133610e-008
 1.615000e+002  4.921809e-007 -4.220573e-008
 1.620000e+002  4.761155e-007 -1.993791e-008
 1.625000e+002  4.682179e-007 -1.771040e-008
 1.630000e+002  4.956370e-007 -1.524068e-008
 1.635000e+002  4.811736e-007 -1.298402e-009
 1.640000e+002  4.701032e-007  1.111590e-008
 1.645000e+002  4.862850e-007 -1.410402e-009
 1.650000e+002  4.659960e-007  5.886221e-009
 1.655000e+002  4.476394e-007  4.078955e-008
 1.660000e+002  4.646013e-007  3.974151e-008
 1.665000e+002  4.696201e-007  7.893534e-008
 1.670000e+002  4.624180e-007  7.868938e-008
 1.675000e+002  4.366295e-007  8.332574e-008
 1.680000e+002  4.660698e-007  9.186675e-008
 1.685000e+002  4.294224e-007  8.289942e-008
 1.690000e+002  4.465772e-007  1.057303e-007
 1.695000e+002  4.155068e-007  1.039489e-007
 1.700000e+002  4.234061e-007  1.189641e-007
 1.705000e+002  4.455191e-007  1.178309e-007
 1.710000e+002  4.098821e-007  1.232323e-007
 1.715000e+002  4.008505e-007  1.305282e-007
 1.720000e+002  3.728674e-007  1.510396e-007
 1.725000e+002  4.135564e-007  1.514639e-007
 1.730000e+002  3.923087e-007  1.652642e-007
 1.735000e+002  3.981335e-007  1.617304e-007
 1.740000e+002  3.688100e-007  1.579874e-007
 1.745000e+002  3.751507e-007  1.894476e-007
 1.750000e+002  3.646162e-007  1.731107e-007
 1.755000e+002  3.438001e-007  1.898157e-007
 1.760000e+002  3.465874e-007  2.162734e-007
 1.765000e+002  3.377688e-007  2.232353e-007
 1.770000e+002  3.300910e-007  2.146971e-007
 1.775000e+002  3.174241e-007  2.108912e-007
 1.780000e+002  3.189026e-007  2.214701e-007
 1.785000e+002  3.348510e-007  2.183529e-007
 1.790000e+002  2.972839e-007  2.408618e-007
 1.795000e+002  2.720296e-007  2.148884e-007
 1.800000e+002  2.570958e-007  2.050665e-007
 1.805000e+002  2.547332e-007  2.434656e-007
 1.810000e+002  2.630798e-007  2.735899e-007
 1.815000e+002  2.424892e-007  2.365897e-007
 1.820000e+002  2.631994e-007  2.577588e-007
 1.825000e+002  2.291210e-007  2.293910e-007
 1.830000e+002  2.352661e-007  2.260772e-007
 1.835000e+002  2.357790e-007  2.427744e-007
 1.840000e+002  1.871427e-007  2.238606e-007
 1.845000e+002  1.715598e-007  2.377012e-007
 1.850000e+002  1.852695e-007  2.607833e-007
 1.855000e+002  1.757476e-007  2.581289e-007
 1.860000e+002  1.659725e-007  2.466018e-007
 1.865000e+002  1.415358e-007  2.416838e-007
 1.870000e+002  1.511424e-007  2.636783e-007
 1.875000e+002  1.135926e-007  2.491009e-007
 1.880000e+002  1.148755e-007  2.578124e-007
 1.885000e+002  1.257334e-007  2.390114e-007
 1.890000e+002  8.195826e-008  2.450337e-007
 1.895000e+002  1.080814e-007  2.436332e-007
 1.900000e+002  6.816216e-008  2.440598e-007
 1.905000e+002  9.730102e-008  2.523309e-007
 1.910000e+002  8.409944e-008  2.524287e-007
 1.915000e+002  5.584028e-008  2.126189e-007
 1.920000e+002  7.035272e-008  2.374453e-007
 1.925000e+002  5.468581e-008  1.929616e-007
 1.930000e+002  5.075217e-008  2.093413e-007
 1.935000e+002  4.104228e-008  2.091332e-007
 1.940000e+002  7.225120e-009  2.075884e-007
 1.945000e+002  2.827573e-008  1.959021e-007
 1.950000e+002  1.023293e-008  1.934918e-007
 1.955000e+002  1.895590e-008  1.968824e-007
 1.960000e+002  4.329551e-009  1.652109e-007
 1.965000e+002 -7.055455e-009  1.682279e-007
 1.970000e+002 -3.257489e-008  1.824535e-007
 1.975000e+002 -2.510670e-008  1.925347e-007
 1.980000e+002 -3.104687e-008  1.362796e-007
 1.985000e+002 -3.382542e-008  1.346009e-007
 1.990000e+002 -3.483415e-008  1.280367e-007
 1.995000e+002 -5.669563e-008  1.143931e-007
 2.000000e+002 -6.652462e-008  1.219679e-007
 2.005000e+002 -3.303470e-008  1.319622e-007
 2.010000e+002 -7.547354e-008  1.321662e-007
 2.015000e+002 -6.947334e-008  1.184108e-007
 2.020000e+002 -6.567066e-008  1.011702e-007
 2.025000e+002 -7.988113e-008  9.250091e-008
 2.030000e+002 -9.636351e-008  8.932354e-008
 2.035000e+002 -1.121299e-007  8.223990e-008
 2.040000e+002 -8.384695e-008  5.135078e-008
 2.045000e+002 -1.176000e-007  6.764501e-008
 2.050000e+002 -1.145421e-007  4.307731e-008
 2.055000e+002 -9.835691e-008  5.387158e-008
 2.060000e+002 -8.130710e-008 -1.578834e-008
 2.065000e+002 -8.112186e-008 -7.315042e-010
 2.070000e+002 -9.833553e-008 -9.400195e-009
 2.075000e+002 -9.809193e-008 -1.689320e-008
 2.080000e+002 -7.807455e-008 -3.205976e-008
 2.085000e+002 -1.354221e-007 -3.976181e-008
 2.090000e+002 -1.034335e-007 -2.341300e-008
 2.095000e+002 -8.867671e-008 -3.339705e-008
 2.100000e+002 -1.137706e-007 -7.752347e-008
 2.105000e+002 -1.016978e-007 -7.224272e-008
 2.110000e+002 -1.034393e-007 -9.657632e-008
 2.115000e+002 -1.011156e-007 -8.843650e-008
 2.120000e+002 -1.050801e-007 -1.145778e-007
 2.125000e+002 -1.063999e-007 -1.088140e-007
 2.130000e+002 -8.488409e-008 -1.371743e-007
 2.135000e+002 -6.373440e-008 -1.582954e-007
 2.140000e+002 -9.608505e-008 -1.476133e-007
 2.145000e+002 -6.002488e-008 -1.523405e-007
 2.150000e+002 -7.333176e-008 -1.731558e-007
 2.155000e+002 -7.354661e-008 -1.653924e-007
 2.160000e+002 -2.747567e-008 -2.064657e-007
 2.165000e+002 -2.909207e-008 -2.127491e-007
 2.170000e+002 -4.654348e-008 -2.256612e-007
 2.175000e+002 -6.382519e-008 -2.633451e-007
 2.180000e+002 -4.818153e-009 -2.410246e-007
 2.185000e+002 -3.304247e-008 -2.501144e-007
 2.190000e+002 -1.287163e-008 -2.391675e-007
 2.195000e+002 -4.267532e-008 -2.552517e-007
 2.200000e+002  5.935691e-009 -2.828000e-007
 2.205000e+002 -1.459944e-008 -2.495556e-007
 2.210000e+002  5.051313e-008 -2.799434e-007
 2.215000e+002  5.226827e-008 -2.834525e-007
 2.220000e+002  4.524363e-008 -2.852561e-007
 2.225000e+002  4.124863e-008 -3.188551e-007
 2.230000e+002  4.368655e-008 -2.703378e-007
 2.235000e+002  5.913269e-008 -3.066867e-007
 2.240000e+002  4.876836e-008 -3.195806e-007
 2.245000e+002  6.595237e-008 -3.300130e-007
 2.250000e+002  9.472920e-008 -3.251806e-007
 2.255000e+002  6.293761e-008 -2.946903e-007
 2.260000e+002  6.648114e-008 -2.866822e-007
 2.265000e+002  9.726648e-008 -3.277485e-007
 2.270000e+002  9.579654e-008 -3.209543e-007
 2.275000e+002  1.235881e-007 -2.782296e-007
 2.280000e+002  1.479352e-007 -3.320039e-007
 2.285000e+002  1.260929e-007 -2.846574e-007
 2.290000e+002  1.371862e-007 -3.075581e-007
 2.295000e+002  1.903724e-007 -3.273715e-007
 2.300000e+002  1.390621e-007 -3.032860e-007
 2.305000e+002  1.999715e-007 -2.864496e-007
 2.310000e+002  1.958634e-007 -2.969502e-007
 2.315000e+002  2.176774e-007 -2.508854e-007
 2.320000e+002  1.947212e-007 -2.512089e-007
 2.325000e+002  2.299550e-007 -2.662628e-007
 2.330000e+002  2.145606e-007 -2.455623e-007
 2.335000e+002  1.776419e-007 -2.446794e-007
 2.340000e+002  1.918527e-007 -2.521002e-007
 2.345000e+002  2.200288e-007 -2.333901e-007
 2.350000e+002  2.325510e-007 -2.281102e-007
 2.355000e+002  2.357514e-007 -2.002549e-007
 2.360000e+002  2.056341e-007 -1.892727e-007
 2.365000e+002  2.251880e-007 -1.583162e-007
 2.370000e+002  2.513812e-007 -1.902957e-007
 2.375000e+002  2.113666e-007 -1.626059e-007
 2.380000e+002  2.416118e-007 -9.865628e-008
 2.385000e+002  2.568521e-007 -3.916879e-008
 2.390000e+002  2.847422e-007  3.403567e-008
 2.395000e+002  3.073204e-007  4.074882e-008
 2.400000e+002  3.554210e-007  5.795076e-008
 2.405000e+002  3.733361e-007  8.253160e-008
 2.410000e+002  4.185381e-007  1.985307e-007
 2.415000e+002  4.545825e-007  2.316193e-007
 2.420000e+002  5.997467e-007  2.537856e-007
 2.425000e+002  7.938335e-007  1.944869e-007
 2.430000e+002  9.049914e-007  5.944841e-008
 2.435000e+002  9.137497e-007 -1.562936e-007
 2.440000e+002  7.802122e-007 -2.352496e-007
 2.445000e+002  7.197028e-007 -2.848580e-007
 2.450000e+002  6.219842e-007 -2.332465e-007
 2.455000e+002  6.028898e-007 -2.549519e-007
 2.460000e+002  5.392855e-007 -2.296868e-007
 2.465000e+002  5.528475e-007 -2.390934e-007
 2.470000e+002  4.823408e-007 -2.210527e-007
 2.475000e+002  5.094415e-007 -1.442760e-007
 2.480000e+002  4.831424e-007 -1.314700e-007
 2.485000e+002  4.961296e-007 -1.281221e-007
 2.490000e+002  4.580015e-007 -1.337519e-007
 2.495000e+002  4.667543e-007 -1.318842e-007
 2.500000e+002  4.788045e-007 -1.487010e-007
 2.505000e+002  4.718036e-007 -1.121485e-007
 2.510000e+002  4.554818e-007 -1.469098e-007
 2.515000e+002  4.463268e-007 -9.139111e-008
 2.520000e+002  4.665020e-007 -9.590045e-008
 2.525000e+002  4.011825e-007 -8.272560e-008
 2.530000e+002  4.284760e-007 -4.244796e-008
 2.535000e+002  4.310499e-007 -3.444807e-008
 2.540000e+002  4.094940e-007 -2.157801e-008
 2.545000e+002  4.139386e-007 -3.670066e-008
 2.550000e+002  4.043596e-007 -7.667977e-009
 2.555000e+002  4.449325e-007 -1.069967e-008
 2.560000e+002  3.936764e-007  3.251926e-010
