 0.000000e+000  6.213555e-003  0.000000e+000
 5.000000e-001 -2.347512e-006 -3.255475e-007
 1.000000e+000 -2.456711e-006 -1.004445e-007
 1.500000e+000 -2.500908e-006  7.357067e-008
 2.000000e+000 -2.441580e-006  1.627956e-007
 2.500000e+000 -2.488858e-006  2.133755e-007
 3.000000e+000 -2.536009e-006  2.960907e-007
 3.500000e+000 -2.616212e-006  3.898926e-007
 4.000000e+000 -3.072185e-006  1.032324e-006
 4.500000e+000 -2.465082e-006  3.141656e-007
 5.000000e+000 -2.596813e-006  4.121698e-007
 5.500000e+000 -2.642504e-006  4.570662e-007
 6.000000e+000 -2.777204e-006  5.772821e-007
 6.500000e+000 -2.809043e-006  5.853457e-007
 7.000000e+000 -2.869655e-006  6.605556e-007
 7.500000e+000 -2.969183e-006  7.160966e-007
 8.000000e+000 -3.046054e-006  7.708594e-007
 8.500000e+000 -3.198693e-006  8.449110e-007
 9.000000e+000 -3.338299e-006  8.849916e-007
 9.500000e+000 -3.458094e-006  9.459194e-007
 1.000000e+001 -3.586473e-006  1.030517e-006
 1.050000e+001 -3.743498e-006  1.131727e-006
 1.100000e+001 -3.866257e-006  1.172673e-006
 1.150000e+001 -4.136754e-006  1.239743e-006
 1.200000e+001 -4.333330e-006  1.341959e-006
 1.250000e+001 -4.528511e-006  1.455233e-006
 1.300000e+001 -4.819330e-006  1.530619e-006
 1.350000e+001 -5.128417e-006  1.676588e-006
 1.400000e+001 -5.433097e-006  1.754132e-006
 1.450000e+001 -5.738040e-006  1.921161e-006
 1.500000e+001 -6.173016e-006  2.042181e-006
 1.550000e+001 -6.675399e-006  2.197606e-006
 1.600000e+001 -7.209426e-006  2.368489e-006
 1.650000e+001 -7.883599e-006  2.578685e-006
 1.700000e+001 -8.621476e-006  2.804775e-006
 1.750000e+001 -9.576439e-006  3.064696e-006
 1.800000e+001 -1.065887e-005  3.392803e-006
 1.850000e+001 -1.203444e-005  3.822086e-006
 1.900000e+001 -1.374932e-005  4.364737e-006
 1.950000e+001 -1.608000e-005  5.039078e-006
 2.000000e+001 -1.931038e-005  5.978374e-006
 2.050000e+001 -2.389486e-005  7.395376e-006
 2.100000e+001 -3.133084e-005  9.826243e-006
 2.150000e+001 -4.528543e-005  1.440194e-005
 2.200000e+001 -8.465773e-005  3.109259e-005
 2.250000e+001 -2.152779e-004  1.517477e-004
 2.300000e+001  1.717645e-004 -2.733774e-005
 2.350000e+001  6.647117e-005 -1.378378e-005
 2.400000e+001  4.157618e-005 -9.095980e-006
 2.450000e+001  3.031717e-005 -6.663636e-006
 2.500000e+001  2.394701e-005 -5.187546e-006
 2.550000e+001  1.986714e-005 -4.202850e-006
 2.600000e+001  1.705016e-005 -3.533109e-006
 2.650000e+001  1.487187e-005 -3.009128e-006
 2.700000e+001  1.326806e-005 -2.560332e-006
 2.750000e+001  1.197272e-005 -2.258535e-006
 2.800000e+001  1.094107e-005 -1.962866e-006
 2.850000e+001  1.004012e-005 -1.748621e-006
 2.900000e+001  9.333400e-006 -1.569999e-006
 2.950000e+001  8.675315e-006 -1.354311e-006
 3.000000e+001  8.168395e-006 -1.210725e-006
 3.050000e+001  7.710170e-006 -1.124144e-006
 3.100000e+001  7.261298e-006 -9.399497e-007
 3.150000e+001  6.959056e-006 -8.962141e-007
 3.200000e+001  6.572493e-006 -7.763459e-007
 3.250000e+001  6.299763e-006 -6.689543e-007
 3.300000e+001  5.999813e-006 -6.176244e-007
 3.350000e+001  5.790935e-006 -5.451084e-007
 3.400000e+001  5.649377e-006 -4.026056e-007
 3.450000e+001  5.271787e-006 -5.671777e-007
 3.500000e+001  5.120075e-006 -4.039952e-007
 3.550000e+001  4.956360e-006 -3.273099e-007
 3.600000e+001  4.765143e-006 -2.668575e-007
 3.650000e+001  4.621047e-006 -2.618718e-007
 3.700000e+001  4.512029e-006 -1.968413e-007
 3.750000e+001  4.374281e-006 -1.332111e-007
 3.800000e+001  4.254991e-006 -1.169737e-007
 3.850000e+001  4.088864e-006 -7.065075e-008
 3.900000e+001  3.984177e-006 -5.586032e-008
 3.950000e+001  3.918714e-006  5.010462e-009
 4.000000e+001  3.780466e-006  2.944961e-008
 4.050000e+001  3.691122e-006  8.238383e-008
 4.100000e+001  3.600530e-006  5.539375e-008
 4.150000e+001  3.502932e-006  1.221792e-007
 4.200000e+001  3.443814e-006  1.376172e-007
 4.250000e+001  3.327112e-006  1.723130e-007
 4.300000e+001  3.287657e-006  1.787176e-007
 4.350000e+001  3.217057e-006  2.006905e-007
 4.400000e+001  3.171266e-006  2.122986e-007
 4.450000e+001  3.076147e-006  2.280730e-007
 4.500000e+001  3.017930e-006  2.808380e-007
 4.550000e+001  2.881112e-006  3.836876e-007
 4.600000e+001  2.906242e-006  2.915903e-007
 4.650000e+001  2.797962e-006  3.183787e-007
 4.700000e+001  2.781498e-006  3.230494e-007
 4.750000e+001  2.745009e-006  3.345934e-007
 4.800000e+001  2.663348e-006  3.513872e-007
 4.850000e+001  2.631427e-006  3.989836e-007
 4.900000e+001  2.574957e-006  3.604230e-007
 4.950000e+001  2.580789e-006  3.784389e-007
 5.000000e+001  2.504622e-006  4.189669e-007
 5.050000e+001  2.485270e-006  3.974248e-007
 5.100000e+001  2.409318e-006  3.947209e-007
 5.150000e+001  2.395939e-006  4.204391e-007
 5.200000e+001  2.329845e-006  4.263691e-007
 5.250000e+001  2.302695e-006  4.351188e-007
 5.300000e+001  2.258220e-006  4.489079e-007
 5.350000e+001  2.254379e-006  4.436072e-007
 5.400000e+001  2.203033e-006  4.744127e-007
 5.450000e+001  2.174786e-006  4.742121e-007
 5.500000e+001  2.130990e-006  4.390697e-007
 5.550000e+001  2.121167e-006  4.386419e-007
 5.600000e+001  2.069943e-006  4.458633e-007
 5.650000e+001  2.099129e-006  4.383085e-007
 5.700000e+001  1.998158e-006  4.517190e-007
 5.750000e+001  2.008990e-006  4.834553e-007
 5.800000e+001  2.032826e-006  4.869530e-007
 5.850000e+001  1.973084e-006  4.681498e-007
 5.900000e+001  1.947936e-006  4.779406e-007
 5.950000e+001  1.956743e-006  4.713692e-007
 6.000000e+001  1.951557e-006  4.681198e-007
 6.050000e+001  1.937625e-006  4.434393e-007
 6.100000e+001  1.959837e-006  4.246609e-007
 6.150000e+001  1.903902e-006  4.433712e-007
 6.200000e+001  1.901989e-006  4.386192e-007
 6.250000e+001  1.879639e-006  4.201754e-007
 6.300000e+001  1.923668e-006  4.344559e-007
 6.350000e+001  1.919574e-006  4.392986e-007
 6.400000e+001  1.913149e-006  4.052376e-007
 6.450000e+001  1.938679e-006  4.403504e-007
 6.500000e+001  1.924181e-006  4.253746e-007
 6.550000e+001  1.946692e-006  3.947623e-007
 6.600000e+001  2.012729e-006  4.085851e-007
 6.650000e+001  2.016069e-006  4.000889e-007
 6.700000e+001  2.058535e-006  3.419749e-007
 6.750000e+001  2.061976e-006  3.253949e-007
 6.800000e+001  2.087914e-006  2.786003e-007
 6.850000e+001  2.159881e-006  3.061903e-007
 6.900000e+001  2.180980e-006  2.588518e-007
 6.950000e+001  2.249684e-006  2.851921e-007
 7.000000e+001  2.300548e-006  2.412057e-007
 7.050000e+001  2.393015e-006  2.158290e-007
 7.100000e+001  2.505419e-006  2.022760e-007
 7.150000e+001  2.590527e-006  1.399328e-007
 7.200000e+001  2.707801e-006  1.381336e-007
 7.250000e+001  2.843362e-006  8.539454e-008
 7.300000e+001  3.141465e-006  9.408196e-008
 7.350000e+001  3.367022e-006  4.569019e-010
 7.400000e+001  3.567959e-006 -1.351082e-007
 7.450000e+001  3.871611e-006 -2.299813e-007
 7.500000e+001  4.209745e-006 -2.787101e-007
 7.550000e+001  4.699676e-006 -4.488192e-007
 7.600000e+001  5.263708e-006 -6.272547e-007
 7.650000e+001  6.023611e-006 -8.416307e-007
 7.700000e+001  7.170467e-006 -1.172774e-006
 7.750000e+001  8.822965e-006 -1.722667e-006
 7.800000e+001  1.141404e-005 -2.689939e-006
 7.850000e+001  1.627436e-005 -4.867094e-006
 7.900000e+001  2.791417e-005 -1.263336e-005
 7.950000e+001  3.923921e-005 -8.715946e-005
 8.000000e+001 -4.191625e-005 -3.805355e-006
 8.050000e+001 -1.983398e-005  9.150523e-007
 8.100000e+001 -1.292101e-005  1.401644e-006
 8.150000e+001 -9.536307e-006  1.318247e-006
 8.200000e+001 -7.590447e-006  1.189791e-006
 8.250000e+001 -6.313448e-006  1.122372e-006
 8.300000e+001 -5.388600e-006  9.939150e-007
 8.350000e+001 -4.758322e-006  9.188879e-007
 8.400000e+001 -4.209980e-006  8.215598e-007
 8.450000e+001 -3.822869e-006  7.180258e-007
 8.500000e+001 -3.502830e-006  6.676231e-007
 8.550000e+001 -3.302570e-006  5.862954e-007
 8.600000e+001 -3.108846e-006  5.612755e-007
 8.650000e+001 -2.954954e-006  5.428785e-007
 8.700000e+001 -2.813983e-006  5.428862e-007
 8.750000e+001 -2.667053e-006  5.867935e-007
 8.800000e+001 -2.516349e-006  5.343682e-007
 8.850000e+001 -2.368496e-006  5.153995e-007
 8.900000e+001 -2.277001e-006  5.351665e-007
 8.950000e+001 -2.180361e-006  5.405258e-007
 9.000000e+001 -2.088486e-006  4.851905e-007
 9.050000e+001 -2.024250e-006  4.538981e-007
 9.100000e+001 -1.939602e-006  4.338426e-007
 9.150000e+001 -1.889996e-006  4.141210e-007
 9.200000e+001 -1.819011e-006  4.129834e-007
 9.250000e+001 -1.794442e-006  4.024076e-007
 9.300000e+001 -1.735543e-006  3.732095e-007
 9.350000e+001 -1.698895e-006  3.196553e-007
 9.400000e+001 -1.654381e-006  3.024363e-007
 9.450000e+001 -1.649318e-006  3.186283e-007
 9.500000e+001 -1.588257e-006  3.026594e-007
 9.550000e+001 -1.528766e-006  2.792792e-007
 9.600000e+001 -1.537547e-006  2.620000e-007
 9.650000e+001 -1.498615e-006  2.213028e-007
 9.700000e+001 -1.482541e-006  2.254842e-007
 9.750000e+001 -1.417157e-006  1.967041e-007
 9.800000e+001 -1.425660e-006  1.942069e-007
 9.850000e+001 -1.404754e-006  1.529212e-007
 9.900000e+001 -1.409329e-006  1.567349e-007
 9.950000e+001 -1.381294e-006  1.548690e-007
 1.000000e+002 -1.311403e-006  1.281784e-007
 1.005000e+002 -1.362451e-006  1.181089e-007
 1.010000e+002 -1.326486e-006  1.453664e-007
 1.015000e+002 -1.320286e-006  1.153494e-007
 1.020000e+002 -1.221108e-006  1.390935e-007
 1.025000e+002 -1.198902e-006 -7.925510e-008
 1.030000e+002 -1.268283e-006 -4.323709e-009
 1.035000e+002 -1.252285e-006 -1.063112e-008
 1.040000e+002 -1.281153e-006 -2.756353e-008
 1.045000e+002 -1.238283e-006 -1.125286e-009
 1.050000e+002 -1.215617e-006 -1.019639e-008
 1.055000e+002 -1.247342e-006 -2.804316e-008
 1.060000e+002 -1.232943e-006 -3.797985e-008
 1.065000e+002 -1.251599e-006 -3.465444e-008
 1.070000e+002 -1.263389e-006 -6.465462e-008
 1.075000e+002 -1.272126e-006 -6.013322e-008
 1.080000e+002 -1.227295e-006 -5.938955e-008
 1.085000e+002 -1.280237e-006 -7.502223e-008
 1.090000e+002 -1.307175e-006 -5.324221e-008
 1.095000e+002 -1.293280e-006 -6.013238e-008
 1.100000e+002 -1.338640e-006 -2.334468e-009
 1.105000e+002 -1.410878e-006 -2.053013e-008
 1.110000e+002 -1.423226e-006  3.723417e-008
 1.115000e+002 -1.527981e-006  1.833953e-007
 1.120000e+002 -1.659813e-006  3.866578e-007
 1.125000e+002 -1.699141e-006  6.636562e-007
 1.130000e+002 -1.486218e-006  1.313255e-006
 1.135000e+002 -4.274072e-007  1.643691e-006
 1.140000e+002  2.557744e-007  8.968735e-007
 1.145000e+002  1.211322e-007  3.078454e-007
 1.150000e+002 -3.636081e-008  6.303999e-008
 1.155000e+002 -1.149185e-007 -6.273506e-008
 1.160000e+002 -2.660666e-007 -1.320439e-007
 1.165000e+002 -2.920660e-007 -1.799760e-007
 1.170000e+002 -3.080076e-007 -2.134153e-007
 1.175000e+002 -3.759704e-007 -2.346829e-007
 1.180000e+002 -3.703505e-007 -2.505813e-007
 1.185000e+002 -3.843105e-007 -2.478966e-007
 1.190000e+002 -3.913332e-007 -2.869787e-007
 1.195000e+002 -4.211575e-007 -2.828095e-007
 1.200000e+002 -4.322749e-007 -2.797289e-007
 1.205000e+002 -4.192094e-007 -3.129073e-007
 1.210000e+002 -3.910767e-007 -3.251169e-007
 1.215000e+002 -4.062269e-007 -2.848330e-007
 1.220000e+002 -4.268177e-007 -3.410176e-007
 1.225000e+002 -4.197705e-007 -3.300756e-007
 1.230000e+002 -4.061660e-007 -3.430817e-007
 1.235000e+002 -3.778200e-007 -3.349296e-007
 1.240000e+002 -3.957804e-007 -3.344453e-007
 1.245000e+002 -4.081790e-007 -3.356970e-007
 1.250000e+002 -3.787415e-007 -3.845282e-007
 1.255000e+002 -3.659652e-007 -3.620788e-007
 1.260000e+002 -3.551697e-007 -3.144976e-007
 1.265000e+002 -3.648244e-007 -3.570154e-007
 1.270000e+002 -3.291907e-007 -3.868968e-007
 1.275000e+002 -3.564977e-007 -3.701828e-007
 1.280000e+002 -3.283417e-007 -4.082949e-007
 1.285000e+002 -3.239114e-007 -3.594224e-007
 1.290000e+002 -3.161441e-007 -3.674000e-007
 1.295000e+002 -2.604470e-007 -3.832916e-007
 1.300000e+002 -3.014926e-007 -3.936557e-007
 1.305000e+002 -2.938513e-007 -3.938782e-007
 1.310000e+002 -2.407169e-007 -3.572542e-007
 1.315000e+002 -2.715875e-007 -3.577543e-007
 1.320000e+002 -2.235248e-007 -3.967846e-007
 1.325000e+002 -2.161406e-007 -4.033862e-007
 1.330000e+002 -2.519162e-007 -4.013931e-007
 1.335000e+002 -2.142462e-007 -4.077253e-007
 1.340000e+002 -1.621567e-007 -3.926719e-007
 1.345000e+002 -1.560664e-007 -3.731729e-007
 1.350000e+002 -1.385825e-007 -3.696102e-007
 1.355000e+002 -1.597831e-007 -3.897321e-007
 1.360000e+002 -1.446750e-007 -3.990728e-007
 1.365000e+002 -1.423243e-007 -3.668444e-007
 1.370000e+002 -1.213101e-007 -3.283889e-007
 1.375000e+002 -1.250137e-007 -3.637591e-007
 1.380000e+002 -1.259502e-007 -3.461711e-007
 1.385000e+002 -7.174095e-008 -3.585713e-007
 1.390000e+002 -7.406963e-008 -3.464278e-007
 1.395000e+002 -7.308563e-008 -3.521089e-007
 1.400000e+002 -6.293833e-008 -3.594137e-007
 1.405000e+002 -2.672626e-008 -3.767938e-007
 1.410000e+002 -4.868994e-008 -3.589132e-007
 1.415000e+002 -1.540021e-009 -3.480023e-007
 1.420000e+002 -2.924348e-008 -3.477316e-007
 1.425000e+002 -6.051057e-008 -3.292975e-007
 1.430000e+002  5.476967e-010 -3.331087e-007
 1.435000e+002  2.990948e-008 -3.194988e-007
 1.440000e+002 -1.809335e-008 -3.210352e-007
 1.445000e+002  3.542060e-008 -3.165761e-007
 1.450000e+002  1.756158e-008 -2.996701e-007
 1.455000e+002  4.075429e-008 -2.965756e-007
 1.460000e+002  7.087734e-008 -3.139841e-007
 1.465000e+002  5.487395e-008 -2.570817e-007
 1.470000e+002  7.912360e-008 -2.660495e-007
 1.475000e+002  9.264958e-008 -2.652864e-007
 1.480000e+002  8.232546e-008 -2.396911e-007
 1.485000e+002  7.878001e-008 -2.638492e-007
 1.490000e+002  1.186548e-007 -2.585242e-007
 1.495000e+002  1.111008e-007 -2.685853e-007
 1.500000e+002  1.181632e-007 -2.282382e-007
 1.505000e+002  1.197890e-007 -2.321878e-007
 1.510000e+002  1.182544e-007 -2.431417e-007
 1.515000e+002  1.645431e-007 -2.087614e-007
 1.520000e+002  1.520471e-007 -1.836857e-007
 1.525000e+002  1.219201e-007 -2.136292e-007
 1.530000e+002  1.915505e-007 -2.215766e-007
 1.535000e+002  1.667368e-007 -1.744900e-007
 1.540000e+002  1.777768e-007 -1.880051e-007
 1.545000e+002  1.788413e-007 -2.045255e-007
 1.550000e+002  2.007766e-007 -1.400555e-007
 1.555000e+002  1.950471e-007 -1.319560e-007
 1.560000e+002  1.897553e-007 -1.456734e-007
 1.565000e+002  1.926083e-007 -1.414134e-007
 1.570000e+002  1.530174e-007 -1.408841e-007
 1.575000e+002  1.994324e-007 -1.250239e-007
 1.580000e+002  2.199556e-007 -8.124938e-008
 1.585000e+002  2.052001e-007 -1.238122e-007
 1.590000e+002  1.795077e-007 -1.456325e-007
 1.595000e+002  1.556195e-007 -5.542037e-008
 1.600000e+002  1.941483e-007 -1.813116e-008
 1.605000e+002  1.998644e-007 -3.164223e-008
 1.610000e+002  1.632464e-007 -1.569223e-008
 1.615000e+002  2.029648e-007 -6.483382e-008
 1.620000e+002  2.026567e-007 -1.008603e-008
 1.625000e+002  1.827757e-007 -2.480557e-008
 1.630000e+002  1.905495e-007 -1.469834e-009
 1.635000e+002  1.989687e-007  1.661236e-009
 1.640000e+002  1.908925e-007  9.958905e-009
 1.645000e+002  2.183290e-007  2.045499e-009
 1.650000e+002  2.078614e-007  3.029442e-008
 1.655000e+002  1.927724e-007  4.166084e-008
 1.660000e+002  2.093883e-007  5.605273e-009
 1.665000e+002  2.035978e-007  6.949902e-008
 1.670000e+002  2.184772e-007  6.650347e-008
 1.675000e+002  1.846098e-007  7.353820e-008
 1.680000e+002  2.188860e-007  9.569875e-008
 1.685000e+002  1.921214e-007  1.013108e-007
 1.690000e+002  1.833320e-007  1.024120e-007
 1.695000e+002  1.711059e-007  1.110761e-007
 1.700000e+002  1.709470e-007  1.140674e-007
 1.705000e+002  2.128404e-007  1.256222e-007
 1.710000e+002  1.635878e-007  1.381142e-007
 1.715000e+002  1.805162e-007  1.336863e-007
 1.720000e+002  1.362549e-007  1.378518e-007
 1.725000e+002  1.938699e-007  1.681553e-007
 1.730000e+002  1.492690e-007  1.795878e-007
 1.735000e+002  1.568585e-007  1.693132e-007
 1.740000e+002  1.483322e-007  1.540762e-007
 1.745000e+002  1.403006e-007  1.872403e-007
 1.750000e+002  1.150457e-007  1.983494e-007
 1.755000e+002  9.847427e-008  1.994937e-007
 1.760000e+002  1.031875e-007  2.254187e-007
 1.765000e+002  1.121574e-007  2.081636e-007
 1.770000e+002  9.518834e-008  2.168845e-007
 1.775000e+002  8.992356e-008  2.111858e-007
 1.780000e+002  8.082104e-008  2.522570e-007
 1.785000e+002  1.179803e-007  2.220189e-007
 1.790000e+002  4.622973e-008  2.501454e-007
 1.795000e+002  5.861061e-008  2.034258e-007
 1.800000e+002  2.295868e-008  2.366356e-007
 1.805000e+002 -1.479340e-008  2.388123e-007
 1.810000e+002  4.833622e-008  2.694135e-007
 1.815000e+002  2.009279e-008  2.437225e-007
 1.820000e+002  3.185927e-008  2.692623e-007
 1.825000e+002 -7.155540e-009  2.372391e-007
 1.830000e+002  1.698657e-008  2.284522e-007
 1.835000e+002 -1.468926e-008  2.318731e-007
 1.840000e+002 -2.124993e-008  2.361277e-007
 1.845000e+002 -6.253319e-008  2.320675e-007
 1.850000e+002 -6.299600e-008  2.766879e-007
 1.855000e+002 -5.854202e-008  2.704364e-007
 1.860000e+002 -7.202264e-008  2.578401e-007
 1.865000e+002 -6.552115e-008  2.614940e-007
 1.870000e+002 -7.606345e-008  2.584416e-007
 1.875000e+002 -1.270648e-007  2.622975e-007
 1.880000e+002 -1.182340e-007  2.772705e-007
 1.885000e+002 -1.115273e-007  2.503997e-007
 1.890000e+002 -1.267261e-007  2.506417e-007
 1.895000e+002 -1.263164e-007  2.546903e-007
 1.900000e+002 -1.705530e-007  2.517895e-007
 1.905000e+002 -1.158533e-007  2.602835e-007
 1.910000e+002 -1.545663e-007  2.508535e-007
 1.915000e+002 -1.989901e-007  2.245988e-007
 1.920000e+002 -1.753652e-007  2.482957e-007
 1.925000e+002 -2.008674e-007  2.079832e-007
 1.930000e+002 -2.055082e-007  2.187143e-007
 1.935000e+002 -2.010104e-007  2.455386e-007
 1.940000e+002 -2.161869e-007  2.244708e-007
 1.945000e+002 -2.407796e-007  2.198585e-007
 1.950000e+002 -2.091403e-007  1.815239e-007
 1.955000e+002 -2.101174e-007  2.391214e-007
 1.960000e+002 -2.391403e-007  1.485060e-007
 1.965000e+002 -2.522071e-007  1.675228e-007
 1.970000e+002 -2.808728e-007  2.053896e-007
 1.975000e+002 -2.875909e-007  2.111648e-007
 1.980000e+002 -2.616603e-007  1.498544e-007
 1.985000e+002 -2.867405e-007  1.474526e-007
 1.990000e+002 -3.135648e-007  1.294983e-007
 1.995000e+002 -2.995564e-007  1.014972e-007
 2.000000e+002 -3.304782e-007  1.356530e-007
 2.005000e+002 -2.765596e-007  1.313552e-007
 2.010000e+002 -3.448951e-007  1.252365e-007
 2.015000e+002 -3.159615e-007  1.059434e-007
 2.020000e+002 -3.178109e-007  1.000436e-007
 2.025000e+002 -3.257511e-007  1.111030e-007
 2.030000e+002 -3.372974e-007  1.184571e-007
 2.035000e+002 -3.860778e-007  9.170389e-008
 2.040000e+002 -3.278799e-007  6.885794e-008
 2.045000e+002 -3.513448e-007  7.029321e-008
 2.050000e+002 -3.565999e-007  2.572860e-008
 2.055000e+002 -3.566725e-007  5.010505e-008
 2.060000e+002 -3.693681e-007  5.454275e-010
 2.065000e+002 -3.336292e-007  2.095411e-009
 2.070000e+002 -3.647799e-007 -1.720886e-008
 2.075000e+002 -3.477385e-007 -1.190070e-009
 2.080000e+002 -3.273184e-007 -2.997117e-008
 2.085000e+002 -3.662470e-007 -4.777173e-008
 2.090000e+002 -3.696865e-007 -5.476546e-008
 2.095000e+002 -3.362340e-007 -4.771789e-008
 2.100000e+002 -3.984294e-007 -9.455643e-008
 2.105000e+002 -3.620443e-007 -7.359179e-008
 2.110000e+002 -3.726754e-007 -8.539849e-008
 2.115000e+002 -4.027551e-007 -9.473569e-008
 2.120000e+002 -3.752343e-007 -1.016462e-007
 2.125000e+002 -3.735595e-007 -1.163431e-007
 2.130000e+002 -3.407798e-007 -1.490926e-007
 2.135000e+002 -3.091324e-007 -1.133742e-007
 2.140000e+002 -3.622144e-007 -1.501175e-007
 2.145000e+002 -3.270305e-007 -1.553530e-007
 2.150000e+002 -3.325119e-007 -1.873327e-007
 2.155000e+002 -3.248054e-007 -1.794431e-007
 2.160000e+002 -2.974327e-007 -2.176264e-007
 2.165000e+002 -2.751705e-007 -2.070444e-007
 2.170000e+002 -2.842943e-007 -2.248830e-007
 2.175000e+002 -3.017107e-007 -2.526374e-007
 2.180000e+002 -3.182126e-007 -2.344118e-007
 2.185000e+002 -2.876158e-007 -2.370605e-007
 2.190000e+002 -2.948565e-007 -2.165714e-007
 2.195000e+002 -2.918418e-007 -2.511279e-007
 2.200000e+002 -2.745834e-007 -2.782256e-007
 2.205000e+002 -2.773417e-007 -2.428958e-007
 2.210000e+002 -2.066142e-007 -2.919034e-007
 2.215000e+002 -2.216547e-007 -2.977279e-007
 2.220000e+002 -2.395431e-007 -2.878446e-007
 2.225000e+002 -2.406841e-007 -3.079637e-007
 2.230000e+002 -2.004191e-007 -2.851789e-007
 2.235000e+002 -1.537057e-007 -3.229141e-007
 2.240000e+002 -1.805398e-007 -3.287408e-007
 2.245000e+002 -1.797353e-007 -3.056771e-007
 2.250000e+002 -1.795161e-007 -3.158406e-007
 2.255000e+002 -1.780278e-007 -2.703610e-007
 2.260000e+002 -1.426139e-007 -3.369256e-007
 2.265000e+002 -1.078491e-007 -3.071985e-007
 2.270000e+002 -1.182625e-007 -2.968782e-007
 2.275000e+002 -1.316258e-007 -2.596085e-007
 2.280000e+002 -7.681660e-008 -2.950452e-007
 2.285000e+002 -9.769582e-008 -2.633591e-007
 2.290000e+002 -6.077409e-008 -3.055998e-007
 2.295000e+002 -4.605610e-008 -2.825520e-007
 2.300000e+002 -6.357615e-008 -2.944136e-007
 2.305000e+002 -8.867418e-008 -2.657231e-007
 2.310000e+002 -5.697425e-008 -2.601648e-007
 2.315000e+002 -3.498011e-008 -2.500106e-007
 2.320000e+002 -4.640202e-008 -2.317277e-007
 2.325000e+002 -2.867888e-009 -2.434701e-007
 2.330000e+002  5.776894e-009 -2.093231e-007
 2.335000e+002  1.737584e-008 -2.387519e-007
 2.340000e+002  1.982545e-008 -2.159950e-007
 2.345000e+002 -7.283635e-009 -2.301009e-007
 2.350000e+002  1.650353e-008 -2.147373e-007
 2.355000e+002  3.842524e-008 -2.191625e-007
 2.360000e+002  4.373329e-008 -1.238542e-007
 2.365000e+002  2.411834e-008 -1.527827e-007
 2.370000e+002  4.041680e-008 -1.113148e-007
 2.375000e+002  4.377329e-008 -1.161787e-007
 2.380000e+002  8.739973e-008 -6.603005e-008
 2.385000e+002  6.636323e-008 -9.605342e-009
 2.390000e+002  1.118838e-007  3.259345e-008
 2.395000e+002  1.726157e-007  4.625058e-008
 2.400000e+002  2.077646e-007  8.810992e-008
 2.405000e+002  2.060732e-007  1.281236e-007
 2.410000e+002  2.122741e-007  2.194755e-007
 2.415000e+002  3.553762e-007  3.132083e-007
 2.420000e+002  4.709270e-007  2.476495e-007
 2.425000e+002  6.542635e-007  2.287441e-007
 2.430000e+002  7.849628e-007  9.591493e-008
 2.435000e+002  7.976623e-007 -9.309158e-008
 2.440000e+002  6.601641e-007 -1.646517e-007
 2.445000e+002  6.141719e-007 -2.392925e-007
 2.450000e+002  5.101177e-007 -2.223908e-007
 2.455000e+002  4.648159e-007 -2.365873e-007
 2.460000e+002  4.299105e-007 -1.944062e-007
 2.465000e+002  4.403272e-007 -1.945878e-007
 2.470000e+002  4.518326e-007 -1.650743e-007
 2.475000e+002  4.205709e-007 -1.168785e-007
 2.480000e+002  3.936270e-007 -1.009338e-007
 2.485000e+002  3.718025e-007 -1.227344e-007
 2.490000e+002  4.002710e-007 -1.482154e-007
 2.495000e+002  3.522617e-007 -1.631620e-007
 2.500000e+002  3.791578e-007 -7.261383e-008
 2.505000e+002  3.604238e-007 -1.123085e-007
 2.510000e+002  3.906119e-007 -8.701716e-008
 2.515000e+002  3.856623e-007 -5.910847e-008
 2.520000e+002  3.768853e-007 -5.905425e-008
 2.525000e+002  3.567426e-007 -7.458018e-008
 2.530000e+002  3.520177e-007 -5.856974e-008
 2.535000e+002  3.916796e-007 -5.820112e-008
 2.540000e+002  3.697370e-007 -4.719389e-008
 2.545000e+002  3.484106e-007 -1.424787e-008
 2.550000e+002  3.991255e-007 -2.392653e-008
 2.555000e+002  3.480727e-007  2.128949e-008
 2.560000e+002  3.701321e-007  2.215508e-010
