 0.000000e+000  9.986416e-001  0.000000e+000
 5.000000e-001  9.652135e-001  0.000000e+000
 1.000000e+000  9.660075e-001  0.000000e+000
 1.500000e+000  9.680884e-001  0.000000e+000
 2.000000e+000  9.664617e-001  0.000000e+000
 2.500000e+000  9.686840e-001  0.000000e+000
 3.000000e+000  9.676037e-001  0.000000e+000
 3.500000e+000  9.669577e-001  0.000000e+000
 4.000000e+000  9.611908e-001  0.000000e+000
 4.500000e+000  9.655815e-001  0.000000e+000
 5.000000e+000  9.656686e-001  0.000000e+000
 5.500000e+000  9.643187e-001  0.000000e+000
 6.000000e+000  9.702033e-001  0.000000e+000
 6.500000e+000  9.651313e-001  0.000000e+000
 7.000000e+000  9.672616e-001  0.000000e+000
 7.500000e+000  9.678879e-001  0.000000e+000
 8.000000e+000  9.685904e-001  0.000000e+000
 8.500000e+000  9.689477e-001  0.000000e+000
 9.000000e+000  9.683543e-001  0.000000e+000
 9.500000e+000  9.693034e-001  0.000000e+000
 1.000000e+001  9.707283e-001  0.000000e+000
 1.050000e+001  9.700103e-001  0.000000e+000
 1.100000e+001  9.721699e-001  0.000000e+000
 1.150000e+001  9.698587e-001  0.000000e+000
 1.200000e+001  9.709198e-001  0.000000e+000
 1.250000e+001  9.707339e-001  0.000000e+000
 1.300000e+001  9.704363e-001  0.000000e+000
 1.350000e+001  9.709728e-001  0.000000e+000
 1.400000e+001  9.708575e-001  0.000000e+000
 1.450000e+001  9.703075e-001  0.000000e+000
 1.500000e+001  9.715462e-001  0.000000e+000
 1.550000e+001  9.722100e-001  0.000000e+000
 1.600000e+001  9.719551e-001  0.000000e+000
 1.650000e+001  9.714771e-001  0.000000e+000
 1.700000e+001  9.714288e-001  0.000000e+000
 1.750000e+001  9.719778e-001  0.000000e+000
 1.800000e+001  9.718646e-001  0.000000e+000
 1.850000e+001  9.717011e-001  0.000000e+000
 1.900000e+001  9.721789e-001  0.000000e+000
 1.950000e+001  9.724594e-001  0.000000e+000
 2.000000e+001  9.723363e-001  0.000000e+000
 2.050000e+001  9.721532e-001  0.000000e+000
 2.100000e+001  9.730070e-001  0.000000e+000
 2.150000e+001  9.734967e-001  0.000000e+000
 2.200000e+001  9.785962e-001  0.000000e+000
 2.250000e+001  9.603984e-001  0.000000e+000
 2.300000e+001  9.697205e-001  0.000000e+000
 2.350000e+001  9.693648e-001  0.000000e+000
 2.400000e+001  9.695310e-001  0.000000e+000
 2.450000e+001  9.694718e-001  0.000000e+000
 2.500000e+001  9.695087e-001  0.000000e+000
 2.550000e+001  9.692231e-001  0.000000e+000
 2.600000e+001  9.692765e-001  0.000000e+000
 2.650000e+001  9.679123e-001  0.000000e+000
 2.700000e+001  9.677619e-001  0.000000e+000
 2.750000e+001  9.669861e-001  0.000000e+000
 2.800000e+001  9.681874e-001  0.000000e+000
 2.850000e+001  9.666316e-001  0.000000e+000
 2.900000e+001  9.659617e-001  0.000000e+000
 2.950000e+001  9.655192e-001  0.000000e+000
 3.000000e+001  9.655614e-001  0.000000e+000
 3.050000e+001  9.654473e-001  0.000000e+000
 3.100000e+001  9.642588e-001  0.000000e+000
 3.150000e+001  9.639983e-001  0.000000e+000
 3.200000e+001  9.641392e-001  0.000000e+000
 3.250000e+001  9.621789e-001  0.000000e+000
 3.300000e+001  9.611996e-001  0.000000e+000
 3.350000e+001  9.629326e-001  0.000000e+000
 3.400000e+001  9.606851e-001  0.000000e+000
 3.450000e+001  9.593186e-001  0.000000e+000
 3.500000e+001  9.612502e-001  0.000000e+000
 3.550000e+001  9.581568e-001  0.000000e+000
 3.600000e+001  9.588326e-001  0.000000e+000
 3.650000e+001  9.556186e-001  0.000000e+000
 3.700000e+001  9.539582e-001  0.000000e+000
 3.750000e+001  9.581614e-001  0.000000e+000
 3.800000e+001  9.550880e-001  0.000000e+000
 3.850000e+001  9.528453e-001  0.000000e+000
 3.900000e+001  9.516213e-001  0.000000e+000
 3.950000e+001  9.497253e-001  0.000000e+000
 4.000000e+001  9.519528e-001  0.000000e+000
 4.050000e+001  9.477836e-001  0.000000e+000
 4.100000e+001  9.479662e-001  0.000000e+000
 4.150000e+001  9.437178e-001  0.000000e+000
 4.200000e+001  9.442318e-001  0.000000e+000
 4.250000e+001  9.460455e-001  0.000000e+000
 4.300000e+001  9.412252e-001  0.000000e+000
 4.350000e+001  9.392858e-001  0.000000e+000
 4.400000e+001  9.437948e-001  0.000000e+000
 4.450000e+001  9.400251e-001  0.000000e+000
 4.500000e+001  9.350939e-001  0.000000e+000
 4.550000e+001  9.406170e-001  0.000000e+000
 4.600000e+001  9.387945e-001  0.000000e+000
 4.650000e+001  9.301000e-001  0.000000e+000
 4.700000e+001  9.257060e-001  0.000000e+000
 4.750000e+001  9.253606e-001  0.000000e+000
 4.800000e+001  9.206907e-001  0.000000e+000
 4.850000e+001  9.231269e-001  0.000000e+000
 4.900000e+001  9.204102e-001  0.000000e+000
 4.950000e+001  9.207422e-001  0.000000e+000
 5.000000e+001  9.122352e-001  0.000000e+000
 5.050000e+001  9.119419e-001  0.000000e+000
 5.100000e+001  8.986722e-001  0.000000e+000
 5.150000e+001  9.120370e-001  0.000000e+000
 5.200000e+001  9.022715e-001  0.000000e+000
 5.250000e+001  8.938517e-001  0.000000e+000
 5.300000e+001  8.920183e-001  0.000000e+000
 5.350000e+001  8.899963e-001  0.000000e+000
 5.400000e+001  8.807437e-001  0.000000e+000
 5.450000e+001  8.880390e-001  0.000000e+000
 5.500000e+001  8.847829e-001  0.000000e+000
 5.550000e+001  8.830501e-001  0.000000e+000
 5.600000e+001  8.732690e-001  0.000000e+000
 5.650000e+001  8.787706e-001  0.000000e+000
 5.700000e+001  8.720398e-001  0.000000e+000
 5.750000e+001  8.618633e-001  0.000000e+000
 5.800000e+001  8.533251e-001  0.000000e+000
 5.850000e+001  8.505352e-001  0.000000e+000
 5.900000e+001  8.477322e-001  0.000000e+000
 5.950000e+001  8.532410e-001  0.000000e+000
 6.000000e+001  8.421052e-001  0.000000e+000
 6.050000e+001  8.532821e-001  0.000000e+000
 6.100000e+001  8.392830e-001  0.000000e+000
 6.150000e+001  8.533859e-001  0.000000e+000
 6.200000e+001  8.452503e-001  0.000000e+000
 6.250000e+001  8.431390e-001  0.000000e+000
 6.300000e+001  8.510482e-001  0.000000e+000
 6.350000e+001  8.693973e-001  0.000000e+000
 6.400000e+001  8.702089e-001  0.000000e+000
 6.450000e+001  8.770611e-001  0.000000e+000
 6.500000e+001  8.697604e-001  0.000000e+000
 6.550000e+001  8.983875e-001  0.000000e+000
 6.600000e+001  9.120792e-001  0.000000e+000
 6.650000e+001  9.205219e-001  0.000000e+000
 6.700000e+001  9.229919e-001  0.000000e+000
 6.750000e+001  9.221410e-001  0.000000e+000
 6.800000e+001  9.341028e-001  0.000000e+000
 6.850000e+001  9.345516e-001  0.000000e+000
 6.900000e+001  9.475645e-001  0.000000e+000
 6.950000e+001  9.588781e-001  0.000000e+000
 7.000000e+001  9.622836e-001  0.000000e+000
 7.050000e+001  9.667261e-001  0.000000e+000
 7.100000e+001  9.710775e-001  0.000000e+000
 7.150000e+001  9.733747e-001  0.000000e+000
 7.200000e+001  9.780406e-001  0.000000e+000
 7.250000e+001  9.797714e-001  0.000000e+000
 7.300000e+001  9.839076e-001  0.000000e+000
 7.350000e+001  9.862908e-001  0.000000e+000
 7.400000e+001  9.894555e-001  0.000000e+000
 7.450000e+001  9.910370e-001  0.000000e+000
 7.500000e+001  9.925549e-001  0.000000e+000
 7.550000e+001  9.948375e-001  0.000000e+000
 7.600000e+001  9.956824e-001  0.000000e+000
 7.650000e+001  9.967160e-001  0.000000e+000
 7.700000e+001  9.979964e-001  0.000000e+000
 7.750000e+001  9.985371e-001  0.000000e+000
 7.800000e+001  9.989250e-001  0.000000e+000
 7.850000e+001  9.990424e-001  0.000000e+000
 7.900000e+001  9.992070e-001  0.000000e+000
 7.950000e+001  9.974897e-001  0.000000e+000
 8.000000e+001  9.959090e-001  0.000000e+000
 8.050000e+001  9.975537e-001  0.000000e+000
 8.100000e+001  9.974800e-001  0.000000e+000
 8.150000e+001  9.970226e-001  0.000000e+000
 8.200000e+001  9.962332e-001  0.000000e+000
 8.250000e+001  9.951352e-001  0.000000e+000
 8.300000e+001  9.952457e-001  0.000000e+000
 8.350000e+001  9.938949e-001  0.000000e+000
 8.400000e+001  9.924098e-001  0.000000e+000
 8.450000e+001  9.907101e-001  0.000000e+000
 8.500000e+001  9.900789e-001  0.000000e+000
 8.550000e+001  9.872335e-001  0.000000e+000
 8.600000e+001  9.864631e-001  0.000000e+000
 8.650000e+001  9.865478e-001  0.000000e+000
 8.700000e+001  9.836909e-001  0.000000e+000
 8.750000e+001  9.831986e-001  0.000000e+000
 8.800000e+001  9.783489e-001  0.000000e+000
 8.850000e+001  9.812877e-001  0.000000e+000
 8.900000e+001  9.793404e-001  0.000000e+000
 8.950000e+001  9.762406e-001  0.000000e+000
 9.000000e+001  9.736809e-001  0.000000e+000
 9.050000e+001  9.643885e-001  0.000000e+000
 9.100000e+001  9.561293e-001  0.000000e+000
 9.150000e+001  9.628528e-001  0.000000e+000
 9.200000e+001  9.547870e-001  0.000000e+000
 9.250000e+001  9.442768e-001  0.000000e+000
 9.300000e+001  9.421823e-001  0.000000e+000
 9.350000e+001  9.360752e-001  0.000000e+000
 9.400000e+001  9.317310e-001  0.000000e+000
 9.450000e+001  9.333470e-001  0.000000e+000
 9.500000e+001  9.338548e-001  0.000000e+000
 9.550000e+001  9.269251e-001  0.000000e+000
 9.600000e+001  8.956352e-001  0.000000e+000
 9.650000e+001  9.029536e-001  0.000000e+000
 9.700000e+001  8.968784e-001  0.000000e+000
 9.750000e+001  9.020845e-001  0.000000e+000
 9.800000e+001  8.769122e-001  0.000000e+000
 9.850000e+001  8.813369e-001  0.000000e+000
 9.900000e+001  8.574051e-001  0.000000e+000
 9.950000e+001  8.589857e-001  0.000000e+000
 1.000000e+002  8.753785e-001  0.000000e+000
 1.005000e+002  8.312841e-001  0.000000e+000
 1.010000e+002  8.136668e-001  0.000000e+000
 1.015000e+002  7.962511e-001  0.000000e+000
 1.020000e+002  7.996210e-001  0.000000e+000
 1.025000e+002  7.775300e-001  0.000000e+000
 1.030000e+002  7.520177e-001  0.000000e+000
 1.035000e+002  7.361550e-001  0.000000e+000
 1.040000e+002  7.307929e-001  0.000000e+000
 1.045000e+002  7.595018e-001  0.000000e+000
 1.050000e+002  7.287158e-001  0.000000e+000
 1.055000e+002  7.825254e-001  0.000000e+000
 1.060000e+002  7.255015e-001  0.000000e+000
 1.065000e+002  6.370655e-001  0.000000e+000
 1.070000e+002  6.541610e-001  0.000000e+000
 1.075000e+002  6.240593e-001  0.000000e+000
 1.080000e+002  6.645455e-001  0.000000e+000
 1.085000e+002  6.354649e-001  0.000000e+000
 1.090000e+002  5.005082e-001  0.000000e+000
 1.095000e+002  4.818876e-001  0.000000e+000
 1.100000e+002  4.230815e-001  0.000000e+000
 1.105000e+002  4.170264e-001  0.000000e+000
 1.110000e+002  3.360591e-001  0.000000e+000
 1.115000e+002  1.432629e-001  0.000000e+000
 1.120000e+002  9.943280e-002  0.000000e+000
 1.125000e+002  1.900794e-001  0.000000e+000
 1.130000e+002  6.624469e-001  0.000000e+000
 1.135000e+002  8.767334e-001  0.000000e+000
 1.140000e+002  9.096271e-001  0.000000e+000
 1.145000e+002  8.731321e-001  0.000000e+000
 1.150000e+002  8.595362e-001  0.000000e+000
 1.155000e+002  8.652906e-001  0.000000e+000
 1.160000e+002  8.101867e-001  0.000000e+000
 1.165000e+002  8.414578e-001  0.000000e+000
 1.170000e+002  8.573244e-001  0.000000e+000
 1.175000e+002  8.251318e-001  0.000000e+000
 1.180000e+002  8.215919e-001  0.000000e+000
 1.185000e+002  7.882521e-001  0.000000e+000
 1.190000e+002  7.986310e-001  0.000000e+000
 1.195000e+002  8.041513e-001  0.000000e+000
 1.200000e+002  7.979071e-001  0.000000e+000
 1.205000e+002  7.569441e-001  0.000000e+000
 1.210000e+002  7.913078e-001  0.000000e+000
 1.215000e+002  8.040617e-001  0.000000e+000
 1.220000e+002  8.039963e-001  0.000000e+000
 1.225000e+002  8.117409e-001  0.000000e+000
 1.230000e+002  7.910590e-001  0.000000e+000
 1.235000e+002  7.886011e-001  0.000000e+000
 1.240000e+002  7.894881e-001  0.000000e+000
 1.245000e+002  8.053115e-001  0.000000e+000
 1.250000e+002  8.388233e-001  0.000000e+000
 1.255000e+002  7.558312e-001  0.000000e+000
 1.260000e+002  8.062021e-001  0.000000e+000
 1.265000e+002  8.089125e-001  0.000000e+000
 1.270000e+002  8.314400e-001  0.000000e+000
 1.275000e+002  7.727811e-001  0.000000e+000
 1.280000e+002  7.977752e-001  0.000000e+000
 1.285000e+002  7.806342e-001  0.000000e+000
 1.290000e+002  8.038628e-001  0.000000e+000
 1.295000e+002  8.232345e-001  0.000000e+000
 1.300000e+002  8.411258e-001  0.000000e+000
 1.305000e+002  8.304293e-001  0.000000e+000
 1.310000e+002  8.405448e-001  0.000000e+000
 1.315000e+002  8.042452e-001  0.000000e+000
 1.320000e+002  8.481097e-001  0.000000e+000
 1.325000e+002  8.425933e-001  0.000000e+000
 1.330000e+002  8.178374e-001  0.000000e+000
 1.335000e+002  8.567668e-001  0.000000e+000
 1.340000e+002  8.583433e-001  0.000000e+000
 1.345000e+002  8.446649e-001  0.000000e+000
 1.350000e+002  8.406447e-001  0.000000e+000
 1.355000e+002  8.346240e-001  0.000000e+000
 1.360000e+002  8.468335e-001  0.000000e+000
 1.365000e+002  8.547246e-001  0.000000e+000
 1.370000e+002  8.410469e-001  0.000000e+000
 1.375000e+002  8.581310e-001  0.000000e+000
 1.380000e+002  8.491708e-001  0.000000e+000
 1.385000e+002  8.620304e-001  0.000000e+000
 1.390000e+002  8.659319e-001  0.000000e+000
 1.395000e+002  8.800530e-001  0.000000e+000
 1.400000e+002  8.738718e-001  0.000000e+000
 1.405000e+002  8.492339e-001  0.000000e+000
 1.410000e+002  8.148293e-001  0.000000e+000
 1.415000e+002  8.678799e-001  0.000000e+000
 1.420000e+002  8.867716e-001  0.000000e+000
 1.425000e+002  8.552122e-001  0.000000e+000
 1.430000e+002  8.637814e-001  0.000000e+000
 1.435000e+002  8.489508e-001  0.000000e+000
 1.440000e+002  8.743276e-001  0.000000e+000
 1.445000e+002  8.781008e-001  0.000000e+000
 1.450000e+002  8.625279e-001  0.000000e+000
 1.455000e+002  8.685600e-001  0.000000e+000
 1.460000e+002  8.712220e-001  0.000000e+000
 1.465000e+002  8.668204e-001  0.000000e+000
 1.470000e+002  8.902385e-001  0.000000e+000
 1.475000e+002  8.711693e-001  0.000000e+000
 1.480000e+002  8.691074e-001  0.000000e+000
 1.485000e+002  8.708037e-001  0.000000e+000
 1.490000e+002  8.898135e-001  0.000000e+000
 1.495000e+002  9.053886e-001  0.000000e+000
 1.500000e+002  8.885599e-001  0.000000e+000
 1.505000e+002  8.775269e-001  0.000000e+000
 1.510000e+002  8.867922e-001  0.000000e+000
 1.515000e+002  8.765604e-001  0.000000e+000
 1.520000e+002  8.589535e-001  0.000000e+000
 1.525000e+002  9.027474e-001  0.000000e+000
 1.530000e+002  8.914269e-001  0.000000e+000
 1.535000e+002  8.621342e-001  0.000000e+000
 1.540000e+002  8.806252e-001  0.000000e+000
 1.545000e+002  8.952056e-001  0.000000e+000
 1.550000e+002  8.956251e-001  0.000000e+000
 1.555000e+002  8.548872e-001  0.000000e+000
 1.560000e+002  8.950945e-001  0.000000e+000
 1.565000e+002  8.684851e-001  0.000000e+000
 1.570000e+002  8.676408e-001  0.000000e+000
 1.575000e+002  8.869748e-001  0.000000e+000
 1.580000e+002  8.784134e-001  0.000000e+000
 1.585000e+002  8.401757e-001  0.000000e+000
 1.590000e+002  8.718612e-001  0.000000e+000
 1.595000e+002  8.504131e-001  0.000000e+000
 1.600000e+002  8.622816e-001  0.000000e+000
 1.605000e+002  8.881998e-001  0.000000e+000
 1.610000e+002  8.562447e-001  0.000000e+000
 1.615000e+002  8.534846e-001  0.000000e+000
 1.620000e+002  8.830937e-001  0.000000e+000
 1.625000e+002  8.549961e-001  0.000000e+000
 1.630000e+002  8.869438e-001  0.000000e+000
 1.635000e+002  8.757704e-001  0.000000e+000
 1.640000e+002  8.585744e-001  0.000000e+000
 1.645000e+002  8.806677e-001  0.000000e+000
 1.650000e+002  8.741277e-001  0.000000e+000
 1.655000e+002  8.465105e-001  0.000000e+000
 1.660000e+002  8.764221e-001  0.000000e+000
 1.665000e+002  8.596674e-001  0.000000e+000
 1.670000e+002  8.596081e-001  0.000000e+000
 1.675000e+002  8.542979e-001  0.000000e+000
 1.680000e+002  8.657097e-001  0.000000e+000
 1.685000e+002  8.222545e-001  0.000000e+000
 1.690000e+002  8.639776e-001  0.000000e+000
 1.695000e+002  8.375185e-001  0.000000e+000
 1.700000e+002  8.170191e-001  0.000000e+000
 1.705000e+002  8.537903e-001  0.000000e+000
 1.710000e+002  8.170530e-001  0.000000e+000
 1.715000e+002  8.283186e-001  0.000000e+000
 1.720000e+002  8.467782e-001  0.000000e+000
 1.725000e+002  8.409560e-001  0.000000e+000
 1.730000e+002  8.493118e-001  0.000000e+000
 1.735000e+002  8.467225e-001  0.000000e+000
 1.740000e+002  8.146250e-001  0.000000e+000
 1.745000e+002  8.439862e-001  0.000000e+000
 1.750000e+002  8.114811e-001  0.000000e+000
 1.755000e+002  8.125609e-001  0.000000e+000
 1.760000e+002  8.361737e-001  0.000000e+000
 1.765000e+002  8.241072e-001  0.000000e+000
 1.770000e+002  8.042814e-001  0.000000e+000
 1.775000e+002  7.904103e-001  0.000000e+000
 1.780000e+002  8.367895e-001  0.000000e+000
 1.785000e+002  7.920938e-001  0.000000e+000
 1.790000e+002  8.177965e-001  0.000000e+000
 1.795000e+002  7.821214e-001  0.000000e+000
 1.800000e+002  7.517871e-001  0.000000e+000
 1.805000e+002  7.438318e-001  0.000000e+000
 1.810000e+002  7.717358e-001  0.000000e+000
 1.815000e+002  7.333879e-001  0.000000e+000
 1.820000e+002  7.854890e-001  0.000000e+000
 1.825000e+002  7.608743e-001  0.000000e+000
 1.830000e+002  7.242926e-001  0.000000e+000
 1.835000e+002  7.678006e-001  0.000000e+000
 1.840000e+002  6.633134e-001  0.000000e+000
 1.845000e+002  7.034577e-001  0.000000e+000
 1.850000e+002  7.196529e-001  0.000000e+000
 1.855000e+002  7.116796e-001  0.000000e+000
 1.860000e+002  6.532548e-001  0.000000e+000
 1.865000e+002  6.319079e-001  0.000000e+000
 1.870000e+002  6.838769e-001  0.000000e+000
 1.875000e+002  6.516296e-001  0.000000e+000
 1.880000e+002  6.216264e-001  0.000000e+000
 1.885000e+002  6.212297e-001  0.000000e+000
 1.890000e+002  5.934296e-001  0.000000e+000
 1.895000e+002  5.918034e-001  0.000000e+000
 1.900000e+002  6.300929e-001  0.000000e+000
 1.905000e+002  6.167136e-001  0.000000e+000
 1.910000e+002  6.176201e-001  0.000000e+000
 1.915000e+002  5.220395e-001  0.000000e+000
 1.920000e+002  5.795113e-001  0.000000e+000
 1.925000e+002  4.533269e-001  0.000000e+000
 1.930000e+002  4.869091e-001  0.000000e+000
 1.935000e+002  5.414417e-001  0.000000e+000
 1.940000e+002  4.951578e-001  0.000000e+000
 1.945000e+002  4.260332e-001  0.000000e+000
 1.950000e+002  4.316181e-001  0.000000e+000
 1.955000e+002  4.654609e-001  0.000000e+000
 1.960000e+002  3.513512e-001  0.000000e+000
 1.965000e+002  3.382215e-001  0.000000e+000
 1.970000e+002  3.868668e-001  0.000000e+000
 1.975000e+002  4.205729e-001  0.000000e+000
 1.980000e+002  2.420988e-001  0.000000e+000
 1.985000e+002  2.614000e-001  0.000000e+000
 1.990000e+002  3.037975e-001  0.000000e+000
 1.995000e+002  2.356703e-001  0.000000e+000
 2.000000e+002  2.241669e-001  0.000000e+000
 2.005000e+002  2.604289e-001  0.000000e+000
 2.010000e+002  2.651203e-001  0.000000e+000
 2.015000e+002  2.243322e-001  0.000000e+000
 2.020000e+002  1.971063e-001  0.000000e+000
 2.025000e+002  2.006339e-001  0.000000e+000
 2.030000e+002  2.452753e-001  0.000000e+000
 2.035000e+002  2.615690e-001  0.000000e+000
 2.040000e+002  1.307097e-001  0.000000e+000
 2.045000e+002  2.215875e-001  0.000000e+000
 2.050000e+002  2.447411e-001  0.000000e+000
 2.055000e+002  1.985712e-001  0.000000e+000
 2.060000e+002  1.097610e-001  0.000000e+000
 2.065000e+002  9.176852e-002  0.000000e+000
 2.070000e+002  1.289161e-001  0.000000e+000
 2.075000e+002  1.028948e-001  0.000000e+000
 2.080000e+002  1.122082e-001  0.000000e+000
 2.085000e+002  2.022877e-001  0.000000e+000
 2.090000e+002  1.480258e-001  0.000000e+000
 2.095000e+002  1.137987e-001  0.000000e+000
 2.100000e+002  2.026504e-001  0.000000e+000
 2.105000e+002  2.043775e-001  0.000000e+000
 2.110000e+002  2.264225e-001  0.000000e+000
 2.115000e+002  1.969354e-001  0.000000e+000
 2.120000e+002  2.598419e-001  0.000000e+000
 2.125000e+002  2.128821e-001  0.000000e+000
 2.130000e+002  2.681792e-001  0.000000e+000
 2.135000e+002  2.543299e-001  0.000000e+000
 2.140000e+002  2.717154e-001  0.000000e+000
 2.145000e+002  2.086397e-001  0.000000e+000
 2.150000e+002  3.306125e-001  0.000000e+000
 2.155000e+002  2.523461e-001  0.000000e+000
 2.160000e+002  2.901659e-001  0.000000e+000
 2.165000e+002  3.661070e-001  0.000000e+000
 2.170000e+002  4.065170e-001  0.000000e+000
 2.175000e+002  4.977901e-001  0.000000e+000
 2.180000e+002  3.554007e-001  0.000000e+000
 2.185000e+002  3.853707e-001  0.000000e+000
 2.190000e+002  3.672045e-001  0.000000e+000
 2.195000e+002  3.842340e-001  0.000000e+000
 2.200000e+002  4.592684e-001  0.000000e+000
 2.205000e+002  3.386828e-001  0.000000e+000
 2.210000e+002  4.360436e-001  0.000000e+000
 2.215000e+002  4.449366e-001  0.000000e+000
 2.220000e+002  4.212254e-001  0.000000e+000
 2.225000e+002  4.943344e-001  0.000000e+000
 2.230000e+002  3.496663e-001  0.000000e+000
 2.235000e+002  4.112260e-001  0.000000e+000
 2.240000e+002  4.243712e-001  0.000000e+000
 2.245000e+002  4.591341e-001  0.000000e+000
 2.250000e+002  4.753152e-001  0.000000e+000
 2.255000e+002  4.074733e-001  0.000000e+000
 2.260000e+002  3.610208e-001  0.000000e+000
 2.265000e+002  4.902162e-001  0.000000e+000
 2.270000e+002  4.181292e-001  0.000000e+000
 2.275000e+002  3.778262e-001  0.000000e+000
 2.280000e+002  4.553086e-001  0.000000e+000
 2.285000e+002  4.110521e-001  0.000000e+000
 2.290000e+002  4.277180e-001  0.000000e+000
 2.295000e+002  4.708109e-001  0.000000e+000
 2.300000e+002  3.921188e-001  0.000000e+000
 2.305000e+002  3.902526e-001  0.000000e+000
 2.310000e+002  3.817877e-001  0.000000e+000
 2.315000e+002  3.746990e-001  0.000000e+000
 2.320000e+002  3.016855e-001  0.000000e+000
 2.325000e+002  3.603849e-001  0.000000e+000
 2.330000e+002  3.107424e-001  0.000000e+000
 2.335000e+002  3.006181e-001  0.000000e+000
 2.340000e+002  3.146771e-001  0.000000e+000
 2.345000e+002  3.175655e-001  0.000000e+000
 2.350000e+002  2.968335e-001  0.000000e+000
 2.355000e+002  3.032311e-001  0.000000e+000
 2.360000e+002  2.432911e-001  0.000000e+000
 2.365000e+002  2.522145e-001  0.000000e+000
 2.370000e+002  2.741936e-001  0.000000e+000
 2.375000e+002  2.107058e-001  0.000000e+000
 2.380000e+002  2.058050e-001  0.000000e+000
 2.385000e+002  2.481323e-001  0.000000e+000
 2.390000e+002  2.576779e-001  0.000000e+000
 2.395000e+002  2.353569e-001  0.000000e+000
 2.400000e+002  3.618834e-001  0.000000e+000
 2.405000e+002  3.462571e-001  0.000000e+000
 2.410000e+002  3.700895e-001  0.000000e+000
 2.415000e+002  4.189094e-001  0.000000e+000
 2.420000e+002  4.746735e-001  0.000000e+000
 2.425000e+002  5.612289e-001  0.000000e+000
 2.430000e+002  5.694768e-001  0.000000e+000
 2.435000e+002  5.967568e-001  0.000000e+000
 2.440000e+002  5.842766e-001  0.000000e+000
 2.445000e+002  5.342108e-001  0.000000e+000
 2.450000e+002  4.859807e-001  0.000000e+000
 2.455000e+002  5.080913e-001  0.000000e+000
 2.460000e+002  4.672029e-001  0.000000e+000
 2.465000e+002  4.625718e-001  0.000000e+000
 2.470000e+002  4.077114e-001  0.000000e+000
 2.475000e+002  4.055731e-001  0.000000e+000
 2.480000e+002  3.734672e-001  0.000000e+000
 2.485000e+002  4.017739e-001  0.000000e+000
 2.490000e+002  3.730793e-001  0.000000e+000
 2.495000e+002  3.750026e-001  0.000000e+000
 2.500000e+002  4.135003e-001  0.000000e+000
 2.505000e+002  3.902633e-001  0.000000e+000
 2.510000e+002  3.946539e-001  0.000000e+000
 2.515000e+002  3.459763e-001  0.000000e+000
 2.520000e+002  4.026077e-001  0.000000e+000
 2.525000e+002  3.249706e-001  0.000000e+000
 2.530000e+002  3.268401e-001  0.000000e+000
 2.535000e+002  3.516516e-001  0.000000e+000
 2.540000e+002  3.233775e-001  0.000000e+000
 2.545000e+002  3.284721e-001  0.000000e+000
 2.550000e+002  3.327224e-001  0.000000e+000
 2.555000e+002  3.583258e-001  0.000000e+000
 2.560000e+002  3.202818e-001  0.000000e+000
