 0.000000e+000 -7.064870e-005  0.000000e+000
 6.250000e-002 -7.336596e-005  0.000000e+000
 1.250000e-001 -6.359155e-005  0.000000e+000
 1.875000e-001 -4.506470e-005  0.000000e+000
 2.500000e-001 -2.057548e-005  0.000000e+000
 3.125000e-001  7.311067e-006  0.000000e+000
 3.750000e-001  3.541254e-005  0.000000e+000
 4.375000e-001  6.040540e-005  0.000000e+000
 5.000000e-001  7.791485e-005  0.000000e+000
 5.625000e-001  8.262374e-005  0.000000e+000
 6.250000e-001  7.242630e-005  0.000000e+000
 6.875000e-001  5.165440e-005  0.000000e+000
 7.500000e-001  2.692056e-005  0.000000e+000
 8.125000e-001  5.434944e-007  0.000000e+000
 8.750000e-001 -2.791464e-005  0.000000e+000
 9.375000e-001 -5.476687e-005  0.000000e+000
 1.000000e+000 -7.217520e-005  0.000000e+000
 1.062500e+000 -7.522572e-005  0.000000e+000
 1.125000e+000 -6.519240e-005  0.000000e+000
 1.187500e+000 -4.588335e-005  0.000000e+000
 1.250000e+000 -2.036734e-005  0.000000e+000
 1.312500e+000  8.470144e-006  0.000000e+000
 1.375000e+000  3.715942e-005  0.000000e+000
 1.437500e+000  6.220671e-005  0.000000e+000
 1.500000e+000  7.919494e-005  0.000000e+000
 1.562500e+000  8.293579e-005  0.000000e+000
 1.625000e+000  7.163807e-005  0.000000e+000
 1.687500e+000  5.004053e-005  0.000000e+000
 1.750000e+000  2.504466e-005  0.000000e+000
 1.812500e+000 -9.981732e-007  0.000000e+000
 1.875000e+000 -2.861721e-005  0.000000e+000
 1.937500e+000 -5.441612e-005  0.000000e+000
 2.000000e+000 -7.087568e-005  0.000000e+000
 2.062500e+000 -7.335475e-005  0.000000e+000
 2.125000e+000 -6.339936e-005  0.000000e+000
 2.187500e+000 -4.473635e-005  0.000000e+000
 2.250000e+000 -2.021093e-005  0.000000e+000
 2.312500e+000  7.562113e-006  0.000000e+000
 2.375000e+000  3.550795e-005  0.000000e+000
 2.437500e+000  6.033485e-005  0.000000e+000
 2.500000e+000  7.768358e-005  0.000000e+000
 2.562500e+000  8.226264e-005  0.000000e+000
 2.625000e+000  7.205790e-005  0.000000e+000
 2.687500e+000  5.143606e-005  0.000000e+000
 2.750000e+000  2.693573e-005  0.000000e+000
 2.812500e+000  7.730623e-007  0.000000e+000
 2.875000e+000 -2.752761e-005  0.000000e+000
 2.937500e+000 -5.436360e-005  0.000000e+000
 3.000000e+000 -7.186850e-005  0.000000e+000
 3.062500e+000 -7.512231e-005  0.000000e+000
 3.125000e+000 -6.533292e-005  0.000000e+000
 3.187500e+000 -4.622970e-005  0.000000e+000
 3.250000e+000 -2.076785e-005  0.000000e+000
 3.312500e+000  8.106053e-006  0.000000e+000
 3.375000e+000  3.693499e-005  0.000000e+000
 3.437500e+000  6.220530e-005  0.000000e+000
 3.500000e+000  7.943609e-005  0.000000e+000
 3.562500e+000  8.332462e-005  0.000000e+000
 3.625000e+000  7.203609e-005  0.000000e+000
 3.687500e+000  5.035239e-005  0.000000e+000
 3.750000e+000  2.517040e-005  0.000000e+000
 3.812500e+000 -1.063240e-006  0.000000e+000
 3.875000e+000 -2.888710e-005  0.000000e+000
 3.937500e+000 -5.484210e-005  0.000000e+000
 4.000000e+000 -7.132938e-005  0.000000e+000
 4.062500e+000 -7.365635e-005  0.000000e+000
 4.125000e+000 -6.335023e-005  0.000000e+000
 4.187500e+000 -4.441090e-005  0.000000e+000
 4.250000e+000 -1.978810e-005  0.000000e+000
 4.312500e+000  7.965097e-006  0.000000e+000
 4.375000e+000  3.579451e-005  0.000000e+000
 4.437500e+000  6.045148e-005  0.000000e+000
 4.500000e+000  7.759745e-005  0.000000e+000
 4.562500e+000  8.193816e-005  0.000000e+000
 4.625000e+000  7.152232e-005  0.000000e+000
 4.687500e+000  5.088856e-005  0.000000e+000
 4.750000e+000  2.663498e-005  0.000000e+000
 4.812500e+000  8.187522e-007  0.000000e+000
 4.875000e+000 -2.722322e-005  0.000000e+000
 4.937500e+000 -5.394251e-005  0.000000e+000
 5.000000e+000 -7.145829e-005  0.000000e+000
 5.062500e+000 -7.478798e-005  0.000000e+000
 5.125000e+000 -6.517073e-005  0.000000e+000
 5.187500e+000 -4.630249e-005  0.000000e+000
 5.250000e+000 -2.113302e-005  0.000000e+000
 5.312500e+000  7.596684e-006  0.000000e+000
 5.375000e+000  3.652428e-005  0.000000e+000
 5.437500e+000  6.207052e-005  0.000000e+000
 5.500000e+000  7.957347e-005  0.000000e+000
 5.562500e+000  8.361292e-005  0.000000e+000
 5.625000e+000  7.234452e-005  0.000000e+000
 5.687500e+000  5.059317e-005  0.000000e+000
 5.750000e+000  2.532881e-005  0.000000e+000
 5.812500e+000 -1.066510e-006  0.000000e+000
 5.875000e+000 -2.909839e-005  0.000000e+000
 5.937500e+000 -5.520080e-005  0.000000e+000
 6.000000e+000 -7.168392e-005  0.000000e+000
 6.062500e+000 -7.387651e-005  0.000000e+000
 6.125000e+000 -6.342742e-005  0.000000e+000
 6.187500e+000 -4.430748e-005  0.000000e+000
 6.250000e+000 -1.948223e-005  0.000000e+000
 6.312500e+000  8.350473e-006  0.000000e+000
 6.375000e+000  3.613112e-005  0.000000e+000
 6.437500e+000  6.064778e-005  0.000000e+000
 6.500000e+000  7.761507e-005  0.000000e+000
 6.562500e+000  8.177422e-005  0.000000e+000
 6.625000e+000  7.121164e-005  0.000000e+000
 6.687500e+000  5.052140e-005  0.000000e+000
 6.750000e+000  2.634874e-005  0.000000e+000
 6.812500e+000  7.491934e-007  0.000000e+000
 6.875000e+000 -2.706308e-005  0.000000e+000
 6.937500e+000 -5.364718e-005  0.000000e+000
 7.000000e+000 -7.110486e-005  0.000000e+000
 7.062500e+000 -7.446895e-005  0.000000e+000
 7.125000e+000 -6.496585e-005  0.000000e+000
 7.187500e+000 -4.630695e-005  0.000000e+000
 7.250000e+000 -2.132406e-005  0.000000e+000
 7.312500e+000  7.278457e-006  0.000000e+000
 7.375000e+000  3.615890e-005  0.000000e+000
 7.437500e+000  6.175697e-005  0.000000e+000
 7.500000e+000  7.946181e-005  0.000000e+000
 7.562500e+000  8.376479e-005  0.000000e+000
 7.625000e+000  7.271339e-005  0.000000e+000
 7.687500e+000  5.106285e-005  0.000000e+000
 7.750000e+000  2.573629e-005  0.000000e+000
 7.812500e+000 -8.370625e-007  0.000000e+000
 7.875000e+000 -2.912240e-005  0.000000e+000
 7.937500e+000 -5.549518e-005  0.000000e+000
