 0.000000e+000 -3.623329e-005  0.000000e+000
 6.250000e-002 -8.484600e-006  0.000000e+000
 1.250000e-001  2.120229e-005  0.000000e+000
 1.875000e-001  5.029848e-005  0.000000e+000
 2.500000e-001  7.354993e-005  0.000000e+000
 3.125000e-001  8.379070e-005  0.000000e+000
 3.750000e-001  7.687030e-005  0.000000e+000
 4.375000e-001  5.650596e-005  0.000000e+000
 5.000000e-001  3.165046e-005  0.000000e+000
 5.625000e-001  7.707079e-006  0.000000e+000
 6.250000e-001 -1.682151e-005  0.000000e+000
 6.875000e-001 -4.354394e-005  0.000000e+000
 7.500000e-001 -6.722353e-005  0.000000e+000
 8.125000e-001 -7.914421e-005  0.000000e+000
 8.750000e-001 -7.542771e-005  0.000000e+000
 9.375000e-001 -5.923841e-005  0.000000e+000
 1.000000e+000 -3.595348e-005  0.000000e+000
 1.062500e+000 -8.978677e-006  0.000000e+000
 1.125000e+000  2.011116e-005  0.000000e+000
 1.187500e+000  4.899759e-005  0.000000e+000
 1.250000e+000  7.248060e-005  0.000000e+000
 1.312500e+000  8.326058e-005  0.000000e+000
 1.375000e+000  7.702152e-005  0.000000e+000
 1.437500e+000  5.728679e-005  0.000000e+000
 1.500000e+000  3.280807e-005  0.000000e+000
 1.562500e+000  8.863263e-006  0.000000e+000
 1.625000e+000 -1.607888e-005  0.000000e+000
 1.687500e+000 -4.346714e-005  0.000000e+000
 1.750000e+000 -6.783145e-005  0.000000e+000
 1.812500e+000 -8.027696e-005  0.000000e+000
 1.875000e+000 -7.677155e-005  0.000000e+000
 1.937500e+000 -6.038215e-005  0.000000e+000
 2.000000e+000 -3.652951e-005  0.000000e+000
 2.062500e+000 -8.795839e-006  0.000000e+000
 2.125000e+000  2.095288e-005  0.000000e+000
 2.187500e+000  5.019948e-005  0.000000e+000
 2.250000e+000  7.361678e-005  0.000000e+000
 2.312500e+000  8.397683e-005  0.000000e+000
 2.375000e+000  7.709567e-005  0.000000e+000
 2.437500e+000  5.669882e-005  0.000000e+000
 2.500000e+000  3.172678e-005  0.000000e+000
 2.562500e+000  7.617908e-006  0.000000e+000
 2.625000e+000 -1.707983e-005  0.000000e+000
 2.687500e+000 -4.390263e-005  0.000000e+000
 2.750000e+000 -6.758126e-005  0.000000e+000
 2.812500e+000 -7.941198e-005  0.000000e+000
 2.875000e+000 -7.557623e-005  0.000000e+000
 2.937500e+000 -5.927131e-005  0.000000e+000
 3.000000e+000 -3.587977e-005  0.000000e+000
 3.062500e+000 -8.793130e-006  0.000000e+000
 3.125000e+000  2.033855e-005  0.000000e+000
 3.187500e+000  4.917266e-005  0.000000e+000
 3.250000e+000  7.253497e-005  0.000000e+000
 3.312500e+000  8.319598e-005  0.000000e+000
 3.375000e+000  7.689190e-005  0.000000e+000
 3.437500e+000  5.714981e-005  0.000000e+000
 3.500000e+000  3.268994e-005  0.000000e+000
 3.562500e+000  8.786162e-006  0.000000e+000
 3.625000e+000 -1.609265e-005  0.000000e+000
 3.687500e+000 -4.341898e-005  0.000000e+000
 3.750000e+000 -6.774261e-005  0.000000e+000
 3.812500e+000 -8.019547e-005  0.000000e+000
 3.875000e+000 -7.676657e-005  0.000000e+000
 3.937500e+000 -6.048242e-005  0.000000e+000
 4.000000e+000 -3.668231e-005  0.000000e+000
 4.062500e+000 -8.911756e-006  0.000000e+000
 4.125000e+000  2.096473e-005  0.000000e+000
 4.187500e+000  5.030329e-005  0.000000e+000
 4.250000e+000  7.378673e-005  0.000000e+000
 4.312500e+000  8.417818e-005  0.000000e+000
 4.375000e+000  7.729398e-005  0.000000e+000
 4.437500e+000  5.685542e-005  0.000000e+000
 4.500000e+000  3.181532e-005  0.000000e+000
 4.562500e+000  7.616393e-006  0.000000e+000
 4.625000e+000 -1.715737e-005  0.000000e+000
 4.687500e+000 -4.400588e-005  0.000000e+000
 4.750000e+000 -6.762260e-005  0.000000e+000
 4.812500e+000 -7.933777e-005  0.000000e+000
 4.875000e+000 -7.539616e-005  0.000000e+000
 4.937500e+000 -5.903836e-005  0.000000e+000
 5.000000e+000 -3.566245e-005  0.000000e+000
 5.062500e+000 -8.658877e-006  0.000000e+000
 5.125000e+000  2.037252e-005  0.000000e+000
 5.187500e+000  4.911497e-005  0.000000e+000
 5.250000e+000  7.236495e-005  0.000000e+000
 5.312500e+000  8.293062e-005  0.000000e+000
 5.375000e+000  7.661047e-005  0.000000e+000
 5.437500e+000  5.696409e-005  0.000000e+000
 5.500000e+000  3.266310e-005  0.000000e+000
 5.562500e+000  8.885402e-006  0.000000e+000
 5.625000e+000 -1.592069e-005  0.000000e+000
 5.687500e+000 -4.319304e-005  0.000000e+000
 5.750000e+000 -6.748243e-005  0.000000e+000
 5.812500e+000 -7.993840e-005  0.000000e+000
 5.875000e+000 -7.655772e-005  0.000000e+000
 5.937500e+000 -6.037632e-005  0.000000e+000
 6.000000e+000 -3.673240e-005  0.000000e+000
 6.062500e+000 -9.116092e-006  0.000000e+000
 6.125000e+000  2.064540e-005  0.000000e+000
 6.187500e+000  4.999425e-005  0.000000e+000
 6.250000e+000  7.356148e-005  0.000000e+000
 6.312500e+000  8.408079e-005  0.000000e+000
 6.375000e+000  7.735769e-005  0.000000e+000
 6.437500e+000  5.707010e-005  0.000000e+000
 6.500000e+000  3.208398e-005  0.000000e+000
 6.562500e+000  7.803027e-006  0.000000e+000
 6.625000e+000 -1.715346e-005  0.000000e+000
 6.687500e+000 -4.418487e-005  0.000000e+000
 6.750000e+000 -6.793974e-005  0.000000e+000
 6.812500e+000 -7.974426e-005  0.000000e+000
 6.875000e+000 -7.583338e-005  0.000000e+000
 6.937500e+000 -5.939134e-005  0.000000e+000
 7.000000e+000 -3.580647e-005  0.000000e+000
 7.062500e+000 -8.518412e-006  0.000000e+000
 7.125000e+000  2.073529e-005  0.000000e+000
 7.187500e+000  4.954478e-005  0.000000e+000
 7.250000e+000  7.273845e-005  0.000000e+000
 7.312500e+000  8.316300e-005  0.000000e+000
 7.375000e+000  7.666029e-005  0.000000e+000
 7.437500e+000  5.682779e-005  0.000000e+000
 7.500000e+000  3.238822e-005  0.000000e+000
 7.562500e+000  8.563698e-006  0.000000e+000
 7.625000e+000 -1.618845e-005  0.000000e+000
 7.687500e+000 -4.332301e-005  0.000000e+000
 7.750000e+000 -6.743923e-005  0.000000e+000
 7.812500e+000 -7.973937e-005  0.000000e+000
 7.875000e+000 -7.629671e-005  0.000000e+000
 7.937500e+000 -6.016681e-005  0.000000e+000
