 0.000000e+000  2.670463e-005  0.000000e+000
 6.250000e-002  3.012256e-005  0.000000e+000
 1.250000e-001  3.110586e-005  0.000000e+000
 1.875000e-001  3.251637e-005  0.000000e+000
 2.500000e-001  3.283619e-005  0.000000e+000
 3.125000e-001  2.957395e-005  0.000000e+000
 3.750000e-001  2.233111e-005  0.000000e+000
 4.375000e-001  1.158958e-005  0.000000e+000
 5.000000e-001 -2.155559e-006  0.000000e+000
 5.625000e-001 -1.648387e-005  0.000000e+000
 6.250000e-001 -2.703539e-005  0.000000e+000
 6.875000e-001 -3.060153e-005  0.000000e+000
 7.500000e-001 -2.664544e-005  0.000000e+000
 8.125000e-001 -1.579212e-005  0.000000e+000
 8.750000e-001 -2.183588e-008  0.000000e+000
 9.375000e-001  1.567669e-005  0.000000e+000
 1.000000e+000  2.578274e-005  0.000000e+000
 1.062500e+000  2.962788e-005  0.000000e+000
 1.125000e+000  3.118809e-005  0.000000e+000
 1.187500e+000  3.320413e-005  0.000000e+000
 1.250000e+000  3.384148e-005  0.000000e+000
 1.312500e+000  3.051202e-005  0.000000e+000
 1.375000e+000  2.291990e-005  0.000000e+000
 1.437500e+000  1.167659e-005  0.000000e+000
 1.500000e+000 -2.584435e-006  0.000000e+000
 1.562500e+000 -1.735759e-005  0.000000e+000
 1.625000e+000 -2.809680e-005  0.000000e+000
 1.687500e+000 -3.150577e-005  0.000000e+000
 1.750000e+000 -2.707258e-005  0.000000e+000
 1.812500e+000 -1.558105e-005  0.000000e+000
 1.875000e+000  7.609401e-007  0.000000e+000
 1.937500e+000  1.678648e-005  0.000000e+000
 2.000000e+000  2.685679e-005  0.000000e+000
 2.062500e+000  3.029936e-005  0.000000e+000
 2.125000e+000  3.128752e-005  0.000000e+000
 2.187500e+000  3.266543e-005  0.000000e+000
 2.250000e+000  3.284969e-005  0.000000e+000
 2.312500e+000  2.939883e-005  0.000000e+000
 2.375000e+000  2.203504e-005  0.000000e+000
 2.437500e+000  1.132152e-005  0.000000e+000
 2.500000e+000 -2.279129e-006  0.000000e+000
 2.562500e+000 -1.649455e-005  0.000000e+000
 2.625000e+000 -2.700747e-005  0.000000e+000
 2.687500e+000 -3.051029e-005  0.000000e+000
 2.750000e+000 -2.642090e-005  0.000000e+000
 2.812500e+000 -1.545410e-005  0.000000e+000
 2.875000e+000  2.974437e-007  0.000000e+000
 2.937500e+000  1.583738e-005  0.000000e+000
 3.000000e+000  2.574629e-005  0.000000e+000
 3.062500e+000  2.945069e-005  0.000000e+000
 3.125000e+000  3.101635e-005  0.000000e+000
 3.187500e+000  3.302815e-005  0.000000e+000
 3.250000e+000  3.370809e-005  0.000000e+000
 3.312500e+000  3.046019e-005  0.000000e+000
 3.375000e+000  2.294047e-005  0.000000e+000
 3.437500e+000  1.179687e-005  0.000000e+000
 3.500000e+000 -2.392208e-006  0.000000e+000
 3.562500e+000 -1.716357e-005  0.000000e+000
 3.625000e+000 -2.802356e-005  0.000000e+000
 3.687500e+000 -3.155159e-005  0.000000e+000
 3.750000e+000 -2.717596e-005  0.000000e+000
 3.812500e+000 -1.568809e-005  0.000000e+000
 3.875000e+000  6.874239e-007  0.000000e+000
 3.937500e+000  1.669670e-005  0.000000e+000
 4.000000e+000  2.676832e-005  0.000000e+000
 4.062500e+000  3.029633e-005  0.000000e+000
 4.125000e+000  3.142372e-005  0.000000e+000
 4.187500e+000  3.293177e-005  0.000000e+000
 4.250000e+000  3.310546e-005  0.000000e+000
 4.312500e+000  2.948471e-005  0.000000e+000
 4.375000e+000  2.188238e-005  0.000000e+000
 4.437500e+000  1.103492e-005  0.000000e+000
 4.500000e+000 -2.576697e-006  0.000000e+000
 4.562500e+000 -1.675203e-005  0.000000e+000
 4.625000e+000 -2.720084e-005  0.000000e+000
 4.687500e+000 -3.064131e-005  0.000000e+000
 4.750000e+000 -2.644817e-005  0.000000e+000
 4.812500e+000 -1.532900e-005  0.000000e+000
 4.875000e+000  5.325288e-007  0.000000e+000
 4.937500e+000  1.609015e-005  0.000000e+000
 5.000000e+000  2.585889e-005  0.000000e+000
 5.062500e+000  2.936498e-005  0.000000e+000
 5.125000e+000  3.080270e-005  0.000000e+000
 5.187500e+000  3.286367e-005  0.000000e+000
 5.250000e+000  3.357430e-005  0.000000e+000
 5.312500e+000  3.027875e-005  0.000000e+000
 5.375000e+000  2.276932e-005  0.000000e+000
 5.437500e+000  1.175636e-005  0.000000e+000
 5.500000e+000 -2.246030e-006  0.000000e+000
 5.562500e+000 -1.697420e-005  0.000000e+000
 5.625000e+000 -2.793557e-005  0.000000e+000
 5.687500e+000 -3.163994e-005  0.000000e+000
 5.750000e+000 -2.738584e-005  0.000000e+000
 5.812500e+000 -1.592333e-005  0.000000e+000
 5.875000e+000  4.770736e-007  0.000000e+000
 5.937500e+000  1.657192e-005  0.000000e+000
 6.000000e+000  2.676365e-005  0.000000e+000
 6.062500e+000  3.040576e-005  0.000000e+000
 6.125000e+000  3.164256e-005  0.000000e+000
 6.187500e+000  3.317322e-005  0.000000e+000
 6.250000e+000  3.327935e-005  0.000000e+000
 6.312500e+000  2.952625e-005  0.000000e+000
 6.375000e+000  2.181449e-005  0.000000e+000
 6.437500e+000  1.091065e-005  0.000000e+000
 6.500000e+000 -2.689673e-006  0.000000e+000
 6.562500e+000 -1.684488e-005  0.000000e+000
 6.625000e+000 -2.728552e-005  0.000000e+000
 6.687500e+000 -3.066410e-005  0.000000e+000
 6.750000e+000 -2.631769e-005  0.000000e+000
 6.812500e+000 -1.506282e-005  0.000000e+000
 6.875000e+000  8.069478e-007  0.000000e+000
 6.937500e+000  1.621333e-005  0.000000e+000
 7.000000e+000  2.583296e-005  0.000000e+000
 7.062500e+000  2.929059e-005  0.000000e+000
 7.125000e+000  3.075263e-005  0.000000e+000
 7.187500e+000  3.276804e-005  0.000000e+000
 7.250000e+000  3.342866e-005  0.000000e+000
 7.312500e+000  3.015916e-005  0.000000e+000
 7.375000e+000  2.277777e-005  0.000000e+000
 7.437500e+000  1.193005e-005  0.000000e+000
 7.500000e+000 -2.014512e-006  0.000000e+000
 7.562500e+000 -1.673073e-005  0.000000e+000
 7.625000e+000 -2.777292e-005  0.000000e+000
 7.687500e+000 -3.156433e-005  0.000000e+000
 7.750000e+000 -2.738851e-005  0.000000e+000
 7.812500e+000 -1.597795e-005  0.000000e+000
 7.875000e+000  3.765075e-007  0.000000e+000
 7.937500e+000  1.637354e-005  0.000000e+000
