 0.000000e+000  2.360418e-005  0.000000e+000
 6.250000e-002  2.303658e-005  0.000000e+000
 1.250000e-001  1.909972e-005  0.000000e+000
 1.875000e-001  1.150470e-005  0.000000e+000
 2.500000e-001 -4.849772e-007  0.000000e+000
 3.125000e-001 -1.451760e-005  0.000000e+000
 3.750000e-001 -2.493927e-005  0.000000e+000
 4.375000e-001 -2.774370e-005  0.000000e+000
 5.000000e-001 -2.365376e-005  0.000000e+000
 5.625000e-001 -1.570165e-005  0.000000e+000
 6.250000e-001 -6.467739e-006  0.000000e+000
 6.875000e-001  1.799044e-006  0.000000e+000
 7.500000e-001  7.440775e-006  0.000000e+000
 8.125000e-001  1.114922e-005  0.000000e+000
 8.750000e-001  1.517497e-005  0.000000e+000
 9.375000e-001  1.977737e-005  0.000000e+000
 1.000000e+000  2.266956e-005  0.000000e+000
 1.062500e+000  2.225761e-005  0.000000e+000
 1.125000e+000  1.872443e-005  0.000000e+000
 1.187500e+000  1.165014e-005  0.000000e+000
 1.250000e+000  1.252506e-007  0.000000e+000
 1.312500e+000 -1.367328e-005  0.000000e+000
 1.375000e+000 -2.414790e-005  0.000000e+000
 1.437500e+000 -2.723505e-005  0.000000e+000
 1.500000e+000 -2.357480e-005  0.000000e+000
 1.562500e+000 -1.611200e-005  0.000000e+000
 1.625000e+000 -7.260063e-006  0.000000e+000
 1.687500e+000  8.771444e-007  0.000000e+000
 1.750000e+000  6.701148e-006  0.000000e+000
 1.812500e+000  1.083978e-005  0.000000e+000
 1.875000e+000  1.537616e-005  0.000000e+000
 1.937500e+000  2.038719e-005  0.000000e+000
 2.000000e+000  2.345483e-005  0.000000e+000
 2.062500e+000  2.297416e-005  0.000000e+000
 2.125000e+000  1.917944e-005  0.000000e+000
 2.187500e+000  1.172951e-005  0.000000e+000
 2.250000e+000 -1.913609e-007  0.000000e+000
 2.312500e+000 -1.425938e-005  0.000000e+000
 2.375000e+000 -2.477642e-005  0.000000e+000
 2.437500e+000 -2.768589e-005  0.000000e+000
 2.500000e+000 -2.370551e-005  0.000000e+000
 2.562500e+000 -1.587161e-005  0.000000e+000
 2.625000e+000 -6.718193e-006  0.000000e+000
 2.687500e+000  1.557978e-006  0.000000e+000
 2.750000e+000  7.298347e-006  0.000000e+000
 2.812500e+000  1.116718e-005  0.000000e+000
 2.875000e+000  1.534346e-005  0.000000e+000
 2.937500e+000  2.001424e-005  0.000000e+000
 3.000000e+000  2.286604e-005  0.000000e+000
 3.062500e+000  2.237669e-005  0.000000e+000
 3.125000e+000  1.880424e-005  0.000000e+000
 3.187500e+000  1.174140e-005  0.000000e+000
 3.250000e+000  2.242835e-007  0.000000e+000
 3.312500e+000 -1.359172e-005  0.000000e+000
 3.375000e+000 -2.407205e-005  0.000000e+000
 3.437500e+000 -2.713495e-005  0.000000e+000
 3.500000e+000 -2.345440e-005  0.000000e+000
 3.562500e+000 -1.602101e-005  0.000000e+000
 3.625000e+000 -7.272810e-006  0.000000e+000
 3.687500e+000  7.513304e-007  0.000000e+000
 3.750000e+000  6.515539e-006  0.000000e+000
 3.812500e+000  1.065236e-005  0.000000e+000
 3.875000e+000  1.522703e-005  0.000000e+000
 3.937500e+000  2.029182e-005  0.000000e+000
 4.000000e+000  2.343674e-005  0.000000e+000
 4.062500e+000  2.303177e-005  0.000000e+000
 4.125000e+000  1.929096e-005  0.000000e+000
 4.187500e+000  1.182198e-005  0.000000e+000
 4.250000e+000 -2.208824e-007  0.000000e+000
 4.312500e+000 -1.447666e-005  0.000000e+000
 4.375000e+000 -2.514182e-005  0.000000e+000
 4.437500e+000 -2.806784e-005  0.000000e+000
 4.500000e+000 -2.396958e-005  0.000000e+000
 4.562500e+000 -1.596177e-005  0.000000e+000
 4.625000e+000 -6.648377e-006  0.000000e+000
 4.687500e+000  1.763950e-006  0.000000e+000
 4.750000e+000  7.610896e-006  0.000000e+000
 4.812500e+000  1.149696e-005  0.000000e+000
 4.875000e+000  1.556029e-005  0.000000e+000
 4.937500e+000  2.002997e-005  0.000000e+000
 5.000000e+000  2.268363e-005  0.000000e+000
 5.062500e+000  2.205862e-005  0.000000e+000
 5.125000e+000  1.843815e-005  0.000000e+000
 5.187500e+000  1.139246e-005  0.000000e+000
 5.250000e+000 -6.414990e-008  0.000000e+000
 5.312500e+000 -1.378025e-005  0.000000e+000
 5.375000e+000 -2.411969e-005  0.000000e+000
 5.437500e+000 -2.702062e-005  0.000000e+000
 5.500000e+000 -2.322499e-005  0.000000e+000
 5.562500e+000 -1.579288e-005  0.000000e+000
 5.625000e+000 -7.132298e-006  0.000000e+000
 5.687500e+000  7.890674e-007  0.000000e+000
 5.750000e+000  6.498506e-006  0.000000e+000
 5.812500e+000  1.064024e-005  0.000000e+000
 5.875000e+000  1.522946e-005  0.000000e+000
 5.937500e+000  2.029203e-005  0.000000e+000
 6.000000e+000  2.343947e-005  0.000000e+000
 6.062500e+000  2.309575e-005  0.000000e+000
 6.125000e+000  1.945542e-005  0.000000e+000
 6.187500e+000  1.205957e-005  0.000000e+000
 6.250000e+000  3.775878e-008  0.000000e+000
 6.312500e+000 -1.423191e-005  0.000000e+000
 6.375000e+000 -2.493203e-005  0.000000e+000
 6.437500e+000 -2.791762e-005  0.000000e+000
 6.500000e+000 -2.392152e-005  0.000000e+000
 6.562500e+000 -1.605297e-005  0.000000e+000
 6.625000e+000 -6.876354e-006  0.000000e+000
 6.687500e+000  1.459524e-006  0.000000e+000
 6.750000e+000  7.333115e-006  0.000000e+000
 6.812500e+000  1.135272e-005  0.000000e+000
 6.875000e+000  1.558131e-005  0.000000e+000
 6.937500e+000  2.016106e-005  0.000000e+000
 7.000000e+000  2.285979e-005  0.000000e+000
 7.062500e+000  2.226404e-005  0.000000e+000
 7.125000e+000  1.864570e-005  0.000000e+000
 7.187500e+000  1.154858e-005  0.000000e+000
 7.250000e+000 -2.202596e-008  0.000000e+000
 7.312500e+000 -1.386051e-005  0.000000e+000
 7.375000e+000 -2.425399e-005  0.000000e+000
 7.437500e+000 -2.713288e-005  0.000000e+000
 7.500000e+000 -2.326380e-005  0.000000e+000
 7.562500e+000 -1.574702e-005  0.000000e+000
 7.625000e+000 -7.042002e-006  0.000000e+000
 7.687500e+000  8.734180e-007  0.000000e+000
 7.750000e+000  6.542764e-006  0.000000e+000
 7.812500e+000  1.061990e-005  0.000000e+000
 7.875000e+000  1.511907e-005  0.000000e+000
 7.937500e+000  2.008988e-005  0.000000e+000
