 0.000000e+000  6.125249e-006  0.000000e+000
 6.250000e-002  1.737306e-005  0.000000e+000
 1.250000e-001  2.800620e-005  0.000000e+000
 1.875000e-001  3.262549e-005  0.000000e+000
 2.500000e-001  3.018801e-005  0.000000e+000
 3.125000e-001  2.349372e-005  0.000000e+000
 3.750000e-001  1.528684e-005  0.000000e+000
 4.375000e-001  6.699043e-006  0.000000e+000
 5.000000e-001 -2.482492e-006  0.000000e+000
 5.625000e-001 -1.312805e-005  0.000000e+000
 6.250000e-001 -2.432770e-005  0.000000e+000
 6.875000e-001 -3.146755e-005  0.000000e+000
 7.500000e-001 -2.986541e-005  0.000000e+000
 8.125000e-001 -2.092732e-005  0.000000e+000
 8.750000e-001 -1.100035e-005  0.000000e+000
 9.375000e-001 -3.092998e-006  0.000000e+000
 1.000000e+000  5.866559e-006  0.000000e+000
 1.062500e+000  1.800362e-005  0.000000e+000
 1.125000e+000  2.933796e-005  0.000000e+000
 1.187500e+000  3.420208e-005  0.000000e+000
 1.250000e+000  3.149137e-005  0.000000e+000
 1.312500e+000  2.413317e-005  0.000000e+000
 1.375000e+000  1.506917e-005  0.000000e+000
 1.437500e+000  5.695447e-006  0.000000e+000
 1.500000e+000 -3.921395e-006  0.000000e+000
 1.562500e+000 -1.451775e-005  0.000000e+000
 1.625000e+000 -2.525111e-005  0.000000e+000
 1.687500e+000 -3.163854e-005  0.000000e+000
 1.750000e+000 -2.917659e-005  0.000000e+000
 1.812500e+000 -1.958231e-005  0.000000e+000
 1.875000e+000 -9.451086e-006  0.000000e+000
 1.937500e+000 -1.848068e-006  0.000000e+000
 2.000000e+000  6.409062e-006  0.000000e+000
 2.062500e+000  1.766999e-005  0.000000e+000
 2.125000e+000  2.824654e-005  0.000000e+000
 2.187500e+000  3.273109e-005  0.000000e+000
 2.250000e+000  3.009030e-005  0.000000e+000
 2.312500e+000  2.323298e-005  0.000000e+000
 2.375000e+000  1.499622e-005  0.000000e+000
 2.437500e+000  6.479090e-006  0.000000e+000
 2.500000e+000 -2.591821e-006  0.000000e+000
 2.562500e+000 -1.309613e-005  0.000000e+000
 2.625000e+000 -2.414671e-005  0.000000e+000
 2.687500e+000 -3.120887e-005  0.000000e+000
 2.750000e+000 -2.959909e-005  0.000000e+000
 2.812500e+000 -2.071693e-005  0.000000e+000
 2.875000e+000 -1.090360e-005  0.000000e+000
 2.937500e+000 -3.186676e-006  0.000000e+000
 3.000000e+000  5.587561e-006  0.000000e+000
 3.062500e+000  1.764588e-005  0.000000e+000
 3.125000e+000  2.905841e-005  0.000000e+000
 3.187500e+000  3.410278e-005  0.000000e+000
 3.250000e+000  3.156443e-005  0.000000e+000
 3.312500e+000  2.433121e-005  0.000000e+000
 3.375000e+000  1.535230e-005  0.000000e+000
 3.437500e+000  6.001803e-006  0.000000e+000
 3.500000e+000 -3.697013e-006  0.000000e+000
 3.562500e+000 -1.448213e-005  0.000000e+000
 3.625000e+000 -2.542461e-005  0.000000e+000
 3.687500e+000 -3.196182e-005  0.000000e+000
 3.750000e+000 -2.955836e-005  0.000000e+000
 3.812500e+000 -1.988374e-005  0.000000e+000
 3.875000e+000 -9.543579e-006  0.000000e+000
 3.937500e+000 -1.717309e-006  0.000000e+000
 4.000000e+000  6.683556e-006  0.000000e+000
 4.062500e+000  1.800248e-005  0.000000e+000
 4.125000e+000  2.856700e-005  0.000000e+000
 4.187500e+000  3.294440e-005  0.000000e+000
 4.250000e+000  3.011978e-005  0.000000e+000
 4.312500e+000  2.304654e-005  0.000000e+000
 4.375000e+000  1.464594e-005  0.000000e+000
 4.437500e+000  6.116237e-006  0.000000e+000
 4.500000e+000 -2.795454e-006  0.000000e+000
 4.562500e+000 -1.309194e-005  0.000000e+000
 4.625000e+000 -2.399908e-005  0.000000e+000
 4.687500e+000 -3.095108e-005  0.000000e+000
 4.750000e+000 -2.927550e-005  0.000000e+000
 4.812500e+000 -2.042349e-005  0.000000e+000
 4.875000e+000 -1.075488e-005  0.000000e+000
 4.937500e+000 -3.196298e-006  0.000000e+000
 5.000000e+000  5.442609e-006  0.000000e+000
 5.062500e+000  1.738807e-005  0.000000e+000
 5.125000e+000  2.873080e-005  0.000000e+000
 5.187500e+000  3.382232e-005  0.000000e+000
 5.250000e+000  3.146595e-005  0.000000e+000
 5.312500e+000  2.444285e-005  0.000000e+000
 5.375000e+000  1.559206e-005  0.000000e+000
 5.437500e+000  6.295207e-006  0.000000e+000
 5.500000e+000 -3.387093e-006  0.000000e+000
 5.562500e+000 -1.423752e-005  0.000000e+000
 5.625000e+000 -2.538442e-005  0.000000e+000
 5.687500e+000 -3.218616e-005  0.000000e+000
 5.750000e+000 -2.992567e-005  0.000000e+000
 5.812500e+000 -2.024361e-005  0.000000e+000
 5.875000e+000 -9.831509e-006  0.000000e+000
 5.937500e+000 -1.876851e-006  0.000000e+000
 6.000000e+000  6.724539e-006  0.000000e+000
 6.062500e+000  1.824861e-005  0.000000e+000
 6.125000e+000  2.892816e-005  0.000000e+000
 6.187500e+000  3.330126e-005  0.000000e+000
 6.250000e+000  3.035029e-005  0.000000e+000
 6.312500e+000  2.307441e-005  0.000000e+000
 6.375000e+000  1.446628e-005  0.000000e+000
 6.437500e+000  5.789815e-006  0.000000e+000
 6.500000e+000 -3.159940e-006  0.000000e+000
 6.562500e+000 -1.333876e-005  0.000000e+000
 6.625000e+000 -2.402936e-005  0.000000e+000
 6.687500e+000 -3.080354e-005  0.000000e+000
 6.750000e+000 -2.901845e-005  0.000000e+000
 6.812500e+000 -2.010490e-005  0.000000e+000
 6.875000e+000 -1.045246e-005  0.000000e+000
 6.937500e+000 -3.054954e-006  0.000000e+000
 7.000000e+000  5.349393e-006  0.000000e+000
 7.062500e+000  1.712446e-005  0.000000e+000
 7.125000e+000  2.843357e-005  0.000000e+000
 7.187500e+000  3.359379e-005  0.000000e+000
 7.250000e+000  3.134012e-005  0.000000e+000
 7.312500e+000  2.443431e-005  0.000000e+000
 7.375000e+000  1.571628e-005  0.000000e+000
 7.437500e+000  6.528454e-006  0.000000e+000
 7.500000e+000 -3.132534e-006  0.000000e+000
 7.562500e+000 -1.405978e-005  0.000000e+000
 7.625000e+000 -2.532174e-005  0.000000e+000
 7.687500e+000 -3.223872e-005  0.000000e+000
 7.750000e+000 -3.010645e-005  0.000000e+000
 7.812500e+000 -2.048846e-005  0.000000e+000
 7.875000e+000 -1.002114e-005  0.000000e+000
 7.937500e+000 -1.954045e-006  0.000000e+000
