 0.000000e+000  9.973646e-001  0.000000e+000
 2.500000e-001  9.071522e-001  0.000000e+000
 5.000000e-001  9.760495e-001  0.000000e+000
 7.500000e-001  9.853613e-001  0.000000e+000
 1.000000e+000  9.828003e-001  0.000000e+000
 1.250000e+000  9.829544e-001  0.000000e+000
 1.500000e+000  9.840648e-001  0.000000e+000
 1.750000e+000  9.849699e-001  0.000000e+000
 2.000000e+000  9.859281e-001  0.000000e+000
 2.250000e+000  9.778941e-001  0.000000e+000
 2.500000e+000  9.708948e-001  0.000000e+000
 2.750000e+000  9.549971e-001  0.000000e+000
 3.000000e+000  8.619496e-001  0.000000e+000
 3.250000e+000  2.763578e-001  0.000000e+000
 3.500000e+000  8.900202e-001  0.000000e+000
 3.750000e+000  9.640776e-001  0.000000e+000
 4.000000e+000  9.693198e-001  0.000000e+000
 4.250000e+000  9.813973e-001  0.000000e+000
 4.500000e+000  9.795188e-001  0.000000e+000
 4.750000e+000  9.839854e-001  0.000000e+000
 5.000000e+000  9.838930e-001  0.000000e+000
 5.250000e+000  9.822114e-001  0.000000e+000
 5.500000e+000  9.875770e-001  0.000000e+000
 5.750000e+000  9.818711e-001  0.000000e+000
 6.000000e+000  9.223204e-001  0.000000e+000
 6.250000e+000  9.771579e-001  0.000000e+000
 6.500000e+000  9.840457e-001  0.000000e+000
 6.750000e+000  9.859215e-001  0.000000e+000
 7.000000e+000  9.884146e-001  0.000000e+000
 7.250000e+000  9.853603e-001  0.000000e+000
 7.500000e+000  9.882761e-001  0.000000e+000
 7.750000e+000  9.871021e-001  0.000000e+000
 8.000000e+000  9.868993e-001  0.000000e+000
 8.250000e+000  9.890483e-001  0.000000e+000
 8.500000e+000  9.875581e-001  0.000000e+000
 8.750000e+000  9.879380e-001  0.000000e+000
 9.000000e+000  9.896636e-001  0.000000e+000
 9.250000e+000  9.892172e-001  0.000000e+000
 9.500000e+000  9.872484e-001  0.000000e+000
 9.750000e+000  9.897085e-001  0.000000e+000
 1.000000e+001  9.873649e-001  0.000000e+000
 1.025000e+001  9.884416e-001  0.000000e+000
 1.050000e+001  9.885561e-001  0.000000e+000
 1.075000e+001  9.889349e-001  0.000000e+000
 1.100000e+001  9.898499e-001  0.000000e+000
 1.125000e+001  9.878021e-001  0.000000e+000
 1.150000e+001  9.867218e-001  0.000000e+000
 1.175000e+001  9.879916e-001  0.000000e+000
 1.200000e+001  9.890159e-001  0.000000e+000
 1.225000e+001  9.882299e-001  0.000000e+000
 1.250000e+001  9.866525e-001  0.000000e+000
 1.275000e+001  9.875690e-001  0.000000e+000
 1.300000e+001  9.866490e-001  0.000000e+000
 1.325000e+001  9.876004e-001  0.000000e+000
 1.350000e+001  9.862503e-001  0.000000e+000
 1.375000e+001  9.860706e-001  0.000000e+000
 1.400000e+001  9.875290e-001  0.000000e+000
 1.425000e+001  9.846495e-001  0.000000e+000
 1.450000e+001  9.858883e-001  0.000000e+000
 1.475000e+001  9.820582e-001  0.000000e+000
 1.500000e+001  9.834062e-001  0.000000e+000
 1.525000e+001  9.826171e-001  0.000000e+000
 1.550000e+001  9.831854e-001  0.000000e+000
 1.575000e+001  9.815398e-001  0.000000e+000
 1.600000e+001  9.806834e-001  0.000000e+000
 1.625000e+001  9.795252e-001  0.000000e+000
 1.650000e+001  9.789765e-001  0.000000e+000
 1.675000e+001  9.806302e-001  0.000000e+000
 1.700000e+001  9.810117e-001  0.000000e+000
 1.725000e+001  9.770476e-001  0.000000e+000
 1.750000e+001  9.790052e-001  0.000000e+000
 1.775000e+001  9.783092e-001  0.000000e+000
 1.800000e+001  9.807982e-001  0.000000e+000
 1.825000e+001  9.772863e-001  0.000000e+000
 1.850000e+001  9.788679e-001  0.000000e+000
 1.875000e+001  9.778513e-001  0.000000e+000
 1.900000e+001  9.786755e-001  0.000000e+000
 1.925000e+001  9.781625e-001  0.000000e+000
 1.950000e+001  9.783168e-001  0.000000e+000
 1.975000e+001  9.788105e-001  0.000000e+000
 2.000000e+001  9.785792e-001  0.000000e+000
 2.025000e+001  9.790250e-001  0.000000e+000
 2.050000e+001  9.802675e-001  0.000000e+000
 2.075000e+001  9.800843e-001  0.000000e+000
 2.100000e+001  9.804339e-001  0.000000e+000
 2.125000e+001  9.808505e-001  0.000000e+000
 2.150000e+001  9.775927e-001  0.000000e+000
 2.175000e+001  9.798356e-001  0.000000e+000
 2.200000e+001  9.788777e-001  0.000000e+000
 2.225000e+001  9.809994e-001  0.000000e+000
 2.250000e+001  9.781769e-001  0.000000e+000
 2.275000e+001  9.805761e-001  0.000000e+000
 2.300000e+001  9.816225e-001  0.000000e+000
 2.325000e+001  9.812419e-001  0.000000e+000
 2.350000e+001  9.790228e-001  0.000000e+000
 2.375000e+001  9.763847e-001  0.000000e+000
 2.400000e+001  9.768205e-001  0.000000e+000
 2.425000e+001  9.735208e-001  0.000000e+000
 2.450000e+001  9.723968e-001  0.000000e+000
 2.475000e+001  9.701258e-001  0.000000e+000
 2.500000e+001  9.670848e-001  0.000000e+000
 2.525000e+001  9.624532e-001  0.000000e+000
 2.550000e+001  9.642391e-001  0.000000e+000
 2.575000e+001  9.628536e-001  0.000000e+000
 2.600000e+001  9.601918e-001  0.000000e+000
 2.625000e+001  9.594131e-001  0.000000e+000
 2.650000e+001  9.570619e-001  0.000000e+000
 2.675000e+001  9.563621e-001  0.000000e+000
 2.700000e+001  9.559497e-001  0.000000e+000
 2.725000e+001  9.524478e-001  0.000000e+000
 2.750000e+001  9.545289e-001  0.000000e+000
 2.775000e+001  9.522989e-001  0.000000e+000
 2.800000e+001  9.549108e-001  0.000000e+000
 2.825000e+001  9.552472e-001  0.000000e+000
 2.850000e+001  9.578798e-001  0.000000e+000
 2.875000e+001  9.572012e-001  0.000000e+000
 2.900000e+001  9.542282e-001  0.000000e+000
 2.925000e+001  9.562597e-001  0.000000e+000
 2.950000e+001  9.574687e-001  0.000000e+000
 2.975000e+001  9.575120e-001  0.000000e+000
 3.000000e+001  9.574376e-001  0.000000e+000
 3.025000e+001  9.591042e-001  0.000000e+000
 3.050000e+001  9.626178e-001  0.000000e+000
 3.075000e+001  9.610458e-001  0.000000e+000
 3.100000e+001  9.619457e-001  0.000000e+000
 3.125000e+001  9.616371e-001  0.000000e+000
 3.150000e+001  9.643769e-001  0.000000e+000
 3.175000e+001  9.614460e-001  0.000000e+000
 3.200000e+001  9.603332e-001  0.000000e+000
 3.225000e+001  9.568529e-001  0.000000e+000
 3.250000e+001  9.564904e-001  0.000000e+000
 3.275000e+001  9.537805e-001  0.000000e+000
 3.300000e+001  9.508013e-001  0.000000e+000
 3.325000e+001  9.510848e-001  0.000000e+000
 3.350000e+001  9.456667e-001  0.000000e+000
 3.375000e+001  9.434912e-001  0.000000e+000
 3.400000e+001  9.389252e-001  0.000000e+000
 3.425000e+001  9.365574e-001  0.000000e+000
 3.450000e+001  9.345425e-001  0.000000e+000
 3.475000e+001  9.262782e-001  0.000000e+000
 3.500000e+001  9.263840e-001  0.000000e+000
 3.525000e+001  9.289176e-001  0.000000e+000
 3.550000e+001  9.213228e-001  0.000000e+000
 3.575000e+001  9.251810e-001  0.000000e+000
 3.600000e+001  9.228683e-001  0.000000e+000
 3.625000e+001  9.219505e-001  0.000000e+000
 3.650000e+001  9.162691e-001  0.000000e+000
 3.675000e+001  9.211529e-001  0.000000e+000
 3.700000e+001  9.198397e-001  0.000000e+000
 3.725000e+001  9.316605e-001  0.000000e+000
 3.750000e+001  9.237559e-001  0.000000e+000
 3.775000e+001  9.243217e-001  0.000000e+000
 3.800000e+001  9.238335e-001  0.000000e+000
 3.825000e+001  9.338599e-001  0.000000e+000
 3.850000e+001  9.291788e-001  0.000000e+000
 3.875000e+001  9.283259e-001  0.000000e+000
 3.900000e+001  9.287180e-001  0.000000e+000
 3.925000e+001  9.330181e-001  0.000000e+000
 3.950000e+001  9.324402e-001  0.000000e+000
 3.975000e+001  9.330660e-001  0.000000e+000
 4.000000e+001  9.349737e-001  0.000000e+000
 4.025000e+001  9.344535e-001  0.000000e+000
 4.050000e+001  9.338454e-001  0.000000e+000
 4.075000e+001  9.387888e-001  0.000000e+000
 4.100000e+001  9.363784e-001  0.000000e+000
 4.125000e+001  9.352291e-001  0.000000e+000
 4.150000e+001  9.391981e-001  0.000000e+000
 4.175000e+001  9.356501e-001  0.000000e+000
 4.200000e+001  9.421332e-001  0.000000e+000
 4.225000e+001  9.344697e-001  0.000000e+000
 4.250000e+001  9.340420e-001  0.000000e+000
 4.275000e+001  9.323636e-001  0.000000e+000
 4.300000e+001  9.361192e-001  0.000000e+000
 4.325000e+001  9.355273e-001  0.000000e+000
 4.350000e+001  9.297153e-001  0.000000e+000
 4.375000e+001  9.270880e-001  0.000000e+000
 4.400000e+001  9.316716e-001  0.000000e+000
 4.425000e+001  9.305918e-001  0.000000e+000
 4.450000e+001  9.549577e-001  0.000000e+000
 4.475000e+001  9.379901e-001  0.000000e+000
 4.500000e+001  9.409475e-001  0.000000e+000
 4.525000e+001  9.393649e-001  0.000000e+000
 4.550000e+001  9.306468e-001  0.000000e+000
 4.575000e+001  9.313545e-001  0.000000e+000
 4.600000e+001  9.365532e-001  0.000000e+000
 4.625000e+001  9.375694e-001  0.000000e+000
 4.650000e+001  9.348674e-001  0.000000e+000
 4.675000e+001  9.421293e-001  0.000000e+000
 4.700000e+001  9.436309e-001  0.000000e+000
 4.725000e+001  9.458022e-001  0.000000e+000
 4.750000e+001  9.485988e-001  0.000000e+000
 4.775000e+001  9.467227e-001  0.000000e+000
 4.800000e+001  9.466474e-001  0.000000e+000
 4.825000e+001  9.517365e-001  0.000000e+000
 4.850000e+001  9.504924e-001  0.000000e+000
 4.875000e+001  9.514408e-001  0.000000e+000
 4.900000e+001  9.543818e-001  0.000000e+000
 4.925000e+001  9.531460e-001  0.000000e+000
 4.950000e+001  9.579755e-001  0.000000e+000
 4.975000e+001  9.601326e-001  0.000000e+000
 5.000000e+001  9.631355e-001  0.000000e+000
 5.025000e+001  9.689631e-001  0.000000e+000
 5.050000e+001  9.697973e-001  0.000000e+000
 5.075000e+001  9.674585e-001  0.000000e+000
 5.100000e+001  9.636118e-001  0.000000e+000
 5.125000e+001  9.675852e-001  0.000000e+000
 5.150000e+001  9.674156e-001  0.000000e+000
 5.175000e+001  9.708976e-001  0.000000e+000
 5.200000e+001  9.732323e-001  0.000000e+000
 5.225000e+001  9.734564e-001  0.000000e+000
 5.250000e+001  9.750105e-001  0.000000e+000
 5.275000e+001  9.753641e-001  0.000000e+000
 5.300000e+001  9.774346e-001  0.000000e+000
 5.325000e+001  9.789121e-001  0.000000e+000
 5.350000e+001  9.789944e-001  0.000000e+000
 5.375000e+001  9.786426e-001  0.000000e+000
 5.400000e+001  9.768848e-001  0.000000e+000
 5.425000e+001  9.781313e-001  0.000000e+000
 5.450000e+001  9.796076e-001  0.000000e+000
 5.475000e+001  9.786775e-001  0.000000e+000
 5.500000e+001  9.798766e-001  0.000000e+000
 5.525000e+001  9.792214e-001  0.000000e+000
 5.550000e+001  9.793255e-001  0.000000e+000
 5.575000e+001  9.811159e-001  0.000000e+000
 5.600000e+001  9.824893e-001  0.000000e+000
 5.625000e+001  9.808411e-001  0.000000e+000
 5.650000e+001  9.827246e-001  0.000000e+000
 5.675000e+001  9.816119e-001  0.000000e+000
 5.700000e+001  9.798012e-001  0.000000e+000
 5.725000e+001  9.843318e-001  0.000000e+000
 5.750000e+001  9.817153e-001  0.000000e+000
 5.775000e+001  9.831713e-001  0.000000e+000
 5.800000e+001  9.827809e-001  0.000000e+000
 5.825000e+001  9.849215e-001  0.000000e+000
 5.850000e+001  9.828134e-001  0.000000e+000
 5.875000e+001  9.853355e-001  0.000000e+000
 5.900000e+001  9.851277e-001  0.000000e+000
 5.925000e+001  9.846572e-001  0.000000e+000
 5.950000e+001  9.889864e-001  0.000000e+000
 5.975000e+001  9.874904e-001  0.000000e+000
 6.000000e+001  9.857656e-001  0.000000e+000
 6.025000e+001  9.907842e-001  0.000000e+000
 6.050000e+001  9.895194e-001  0.000000e+000
 6.075000e+001  9.910848e-001  0.000000e+000
 6.100000e+001  9.916993e-001  0.000000e+000
 6.125000e+001  9.934449e-001  0.000000e+000
 6.150000e+001  9.919984e-001  0.000000e+000
 6.175000e+001  9.928480e-001  0.000000e+000
 6.200000e+001  9.932445e-001  0.000000e+000
 6.225000e+001  9.931952e-001  0.000000e+000
 6.250000e+001  9.921160e-001  0.000000e+000
 6.275000e+001  9.920148e-001  0.000000e+000
 6.300000e+001  9.927980e-001  0.000000e+000
 6.325000e+001  9.921507e-001  0.000000e+000
 6.350000e+001  9.919462e-001  0.000000e+000
 6.375000e+001  9.901909e-001  0.000000e+000
 6.400000e+001  9.908691e-001  0.000000e+000
 6.425000e+001  9.914911e-001  0.000000e+000
 6.450000e+001  9.912133e-001  0.000000e+000
 6.475000e+001  9.914302e-001  0.000000e+000
 6.500000e+001  9.893690e-001  0.000000e+000
 6.525000e+001  9.911276e-001  0.000000e+000
 6.550000e+001  9.917232e-001  0.000000e+000
 6.575000e+001  9.917269e-001  0.000000e+000
 6.600000e+001  9.928128e-001  0.000000e+000
 6.625000e+001  9.933348e-001  0.000000e+000
 6.650000e+001  9.934672e-001  0.000000e+000
 6.675000e+001  9.852020e-001  0.000000e+000
 6.700000e+001  9.927711e-001  0.000000e+000
 6.725000e+001  9.922509e-001  0.000000e+000
 6.750000e+001  9.925827e-001  0.000000e+000
 6.775000e+001  9.947932e-001  0.000000e+000
 6.800000e+001  9.943156e-001  0.000000e+000
 6.825000e+001  9.941835e-001  0.000000e+000
 6.850000e+001  9.950742e-001  0.000000e+000
 6.875000e+001  9.942067e-001  0.000000e+000
 6.900000e+001  9.950592e-001  0.000000e+000
 6.925000e+001  9.940742e-001  0.000000e+000
 6.950000e+001  9.948927e-001  0.000000e+000
 6.975000e+001  9.952198e-001  0.000000e+000
 7.000000e+001  9.928495e-001  0.000000e+000
 7.025000e+001  9.925295e-001  0.000000e+000
 7.050000e+001  9.934960e-001  0.000000e+000
 7.075000e+001  9.916217e-001  0.000000e+000
 7.100000e+001  9.921557e-001  0.000000e+000
 7.125000e+001  9.922322e-001  0.000000e+000
 7.150000e+001  9.904207e-001  0.000000e+000
 7.175000e+001  9.911087e-001  0.000000e+000
 7.200000e+001  9.906757e-001  0.000000e+000
 7.225000e+001  9.913220e-001  0.000000e+000
 7.250000e+001  9.909753e-001  0.000000e+000
 7.275000e+001  9.913995e-001  0.000000e+000
 7.300000e+001  9.897804e-001  0.000000e+000
 7.325000e+001  9.872590e-001  0.000000e+000
 7.350000e+001  9.867074e-001  0.000000e+000
 7.375000e+001  9.885085e-001  0.000000e+000
 7.400000e+001  9.889144e-001  0.000000e+000
 7.425000e+001  9.895990e-001  0.000000e+000
 7.450000e+001  9.905064e-001  0.000000e+000
 7.475000e+001  9.905877e-001  0.000000e+000
 7.500000e+001  9.920085e-001  0.000000e+000
 7.525000e+001  9.905536e-001  0.000000e+000
 7.550000e+001  9.910051e-001  0.000000e+000
 7.575000e+001  9.924134e-001  0.000000e+000
 7.600000e+001  9.912227e-001  0.000000e+000
 7.625000e+001  9.910775e-001  0.000000e+000
 7.650000e+001  9.916921e-001  0.000000e+000
 7.675000e+001  9.905475e-001  0.000000e+000
 7.700000e+001  9.920740e-001  0.000000e+000
 7.725000e+001  9.893246e-001  0.000000e+000
 7.750000e+001  9.891035e-001  0.000000e+000
 7.775000e+001  9.912570e-001  0.000000e+000
 7.800000e+001  9.900431e-001  0.000000e+000
 7.825000e+001  9.882014e-001  0.000000e+000
 7.850000e+001  9.891707e-001  0.000000e+000
 7.875000e+001  9.861567e-001  0.000000e+000
 7.900000e+001  9.858583e-001  0.000000e+000
 7.925000e+001  9.855208e-001  0.000000e+000
 7.950000e+001  9.780151e-001  0.000000e+000
 7.975000e+001  9.792703e-001  0.000000e+000
 8.000000e+001  9.861238e-001  0.000000e+000
 8.025000e+001  9.868918e-001  0.000000e+000
 8.050000e+001  9.866794e-001  0.000000e+000
 8.075000e+001  9.849693e-001  0.000000e+000
 8.100000e+001  9.841168e-001  0.000000e+000
 8.125000e+001  9.799234e-001  0.000000e+000
 8.150000e+001  9.778766e-001  0.000000e+000
 8.175000e+001  9.809904e-001  0.000000e+000
 8.200000e+001  9.765213e-001  0.000000e+000
 8.225000e+001  9.823582e-001  0.000000e+000
 8.250000e+001  9.787705e-001  0.000000e+000
 8.275000e+001  9.768794e-001  0.000000e+000
 8.300000e+001  9.768190e-001  0.000000e+000
 8.325000e+001  9.761533e-001  0.000000e+000
 8.350000e+001  9.714192e-001  0.000000e+000
 8.375000e+001  9.723043e-001  0.000000e+000
 8.400000e+001  9.753375e-001  0.000000e+000
 8.425000e+001  9.726038e-001  0.000000e+000
 8.450000e+001  9.748448e-001  0.000000e+000
 8.475000e+001  9.697551e-001  0.000000e+000
 8.500000e+001  9.716004e-001  0.000000e+000
 8.525000e+001  9.731275e-001  0.000000e+000
 8.550000e+001  9.705202e-001  0.000000e+000
 8.575000e+001  9.718863e-001  0.000000e+000
 8.600000e+001  9.614918e-001  0.000000e+000
 8.625000e+001  9.608607e-001  0.000000e+000
 8.650000e+001  9.610883e-001  0.000000e+000
 8.675000e+001  9.599431e-001  0.000000e+000
 8.700000e+001  9.684809e-001  0.000000e+000
 8.725000e+001  9.603394e-001  0.000000e+000
 8.750000e+001  9.662750e-001  0.000000e+000
 8.775000e+001  9.571264e-001  0.000000e+000
 8.800000e+001  9.552523e-001  0.000000e+000
 8.825000e+001  9.552703e-001  0.000000e+000
 8.850000e+001  9.379491e-001  0.000000e+000
 8.875000e+001  9.430274e-001  0.000000e+000
 8.900000e+001  9.393052e-001  0.000000e+000
 8.925000e+001  9.199069e-001  0.000000e+000
 8.950000e+001  9.195590e-001  0.000000e+000
 8.975000e+001  9.286721e-001  0.000000e+000
 9.000000e+001  9.493277e-001  0.000000e+000
 9.025000e+001  9.679654e-001  0.000000e+000
 9.050000e+001  9.756612e-001  0.000000e+000
 9.075000e+001  9.830780e-001  0.000000e+000
 9.100000e+001  9.806851e-001  0.000000e+000
 9.125000e+001  9.754074e-001  0.000000e+000
 9.150000e+001  9.715587e-001  0.000000e+000
 9.175000e+001  9.691655e-001  0.000000e+000
 9.200000e+001  9.686531e-001  0.000000e+000
 9.225000e+001  9.547230e-001  0.000000e+000
 9.250000e+001  9.491608e-001  0.000000e+000
 9.275000e+001  9.390221e-001  0.000000e+000
 9.300000e+001  9.325712e-001  0.000000e+000
 9.325000e+001  9.338503e-001  0.000000e+000
 9.350000e+001  9.246255e-001  0.000000e+000
 9.375000e+001  9.324698e-001  0.000000e+000
 9.400000e+001  9.296724e-001  0.000000e+000
 9.425000e+001  9.126430e-001  0.000000e+000
 9.450000e+001  8.930165e-001  0.000000e+000
 9.475000e+001  8.962384e-001  0.000000e+000
 9.500000e+001  8.598246e-001  0.000000e+000
 9.525000e+001  8.629630e-001  0.000000e+000
 9.550000e+001  8.672894e-001  0.000000e+000
 9.575000e+001  8.426704e-001  0.000000e+000
 9.600000e+001  8.206713e-001  0.000000e+000
 9.625000e+001  7.945331e-001  0.000000e+000
 9.650000e+001  8.130251e-001  0.000000e+000
 9.675000e+001  7.945763e-001  0.000000e+000
 9.700000e+001  7.367259e-001  0.000000e+000
 9.725000e+001  7.787422e-001  0.000000e+000
 9.750000e+001  6.866884e-001  0.000000e+000
 9.775000e+001  6.517799e-001  0.000000e+000
 9.800000e+001  6.551688e-001  0.000000e+000
 9.825000e+001  6.863702e-001  0.000000e+000
 9.850000e+001  5.198902e-001  0.000000e+000
 9.875000e+001  5.743024e-001  0.000000e+000
 9.900000e+001  4.680419e-001  0.000000e+000
 9.925000e+001  4.388705e-001  0.000000e+000
 9.950000e+001  4.781465e-001  0.000000e+000
 9.975000e+001  3.823540e-001  0.000000e+000
 1.000000e+002  3.840685e-001  0.000000e+000
 1.002500e+002  2.909499e-001  0.000000e+000
 1.005000e+002  2.809942e-001  0.000000e+000
 1.007500e+002  2.689872e-001  0.000000e+000
 1.010000e+002  2.312002e-001  0.000000e+000
 1.012500e+002  1.488718e-001  0.000000e+000
 1.015000e+002  2.026392e-001  0.000000e+000
 1.017500e+002  1.422014e-001  0.000000e+000
 1.020000e+002  1.179495e-001  0.000000e+000
 1.022500e+002  8.011436e-002  0.000000e+000
 1.025000e+002  9.280714e-002  0.000000e+000
 1.027500e+002  3.520823e-002  0.000000e+000
 1.030000e+002  6.384586e-002  0.000000e+000
 1.032500e+002  4.865008e-002  0.000000e+000
 1.035000e+002  1.837985e-002  0.000000e+000
 1.037500e+002  5.070460e-002  0.000000e+000
 1.040000e+002  3.391416e-002  0.000000e+000
 1.042500e+002  4.495854e-002  0.000000e+000
 1.045000e+002  3.312077e-002  0.000000e+000
 1.047500e+002  4.414670e-003  0.000000e+000
 1.050000e+002  2.498140e-002  0.000000e+000
 1.052500e+002  5.011281e-003  0.000000e+000
 1.055000e+002  1.713194e-002  0.000000e+000
 1.057500e+002  3.079856e-003  0.000000e+000
 1.060000e+002  2.443076e-003  0.000000e+000
 1.062500e+002  5.341742e-004  0.000000e+000
 1.065000e+002  9.334621e-003  0.000000e+000
 1.067500e+002  3.648994e-002  0.000000e+000
 1.070000e+002  3.434037e-002  0.000000e+000
 1.072500e+002  2.683063e-002  0.000000e+000
 1.075000e+002  2.989368e-002  0.000000e+000
 1.077500e+002  2.418046e-002  0.000000e+000
 1.080000e+002  1.782240e-002  0.000000e+000
 1.082500e+002  9.516826e-002  0.000000e+000
 1.085000e+002  7.572027e-002  0.000000e+000
 1.087500e+002  2.970268e-002  0.000000e+000
 1.090000e+002  7.405145e-002  0.000000e+000
 1.092500e+002  6.870656e-002  0.000000e+000
 1.095000e+002  1.458254e-002  0.000000e+000
 1.097500e+002  4.468935e-002  0.000000e+000
 1.100000e+002  8.200880e-003  0.000000e+000
 1.102500e+002  2.625177e-002  0.000000e+000
 1.105000e+002  1.928542e-002  0.000000e+000
 1.107500e+002  8.627771e-003  0.000000e+000
 1.110000e+002  3.057646e-002  0.000000e+000
 1.112500e+002  5.045654e-002  0.000000e+000
 1.115000e+002  4.299057e-002  0.000000e+000
 1.117500e+002  6.300193e-002  0.000000e+000
 1.120000e+002  7.479324e-002  0.000000e+000
 1.122500e+002  8.094709e-002  0.000000e+000
 1.125000e+002  4.277765e-002  0.000000e+000
 1.127500e+002  4.970039e-002  0.000000e+000
 1.130000e+002  8.565190e-002  0.000000e+000
 1.132500e+002  1.331668e-001  0.000000e+000
 1.135000e+002  1.270088e-001  0.000000e+000
 1.137500e+002  2.123701e-001  0.000000e+000
 1.140000e+002  1.687647e-001  0.000000e+000
 1.142500e+002  2.400023e-001  0.000000e+000
 1.145000e+002  1.033420e-001  0.000000e+000
 1.147500e+002  2.082840e-001  0.000000e+000
 1.150000e+002  2.053145e-001  0.000000e+000
 1.152500e+002  2.229706e-001  0.000000e+000
 1.155000e+002  2.103955e-001  0.000000e+000
 1.157500e+002  2.451036e-001  0.000000e+000
 1.160000e+002  3.209703e-001  0.000000e+000
 1.162500e+002  3.586839e-001  0.000000e+000
 1.165000e+002  3.445372e-001  0.000000e+000
 1.167500e+002  3.141813e-001  0.000000e+000
 1.170000e+002  4.347511e-001  0.000000e+000
 1.172500e+002  4.468468e-001  0.000000e+000
 1.175000e+002  5.194136e-001  0.000000e+000
 1.177500e+002  3.960455e-001  0.000000e+000
 1.180000e+002  5.450430e-001  0.000000e+000
 1.182500e+002  4.317464e-001  0.000000e+000
 1.185000e+002  5.678144e-001  0.000000e+000
 1.187500e+002  4.847618e-001  0.000000e+000
 1.190000e+002  5.707716e-001  0.000000e+000
 1.192500e+002  5.151682e-001  0.000000e+000
 1.195000e+002  5.733386e-001  0.000000e+000
 1.197500e+002  5.796478e-001  0.000000e+000
 1.200000e+002  5.930066e-001  0.000000e+000
 1.202500e+002  5.288311e-001  0.000000e+000
 1.205000e+002  5.689881e-001  0.000000e+000
 1.207500e+002  6.365565e-001  0.000000e+000
 1.210000e+002  5.853920e-001  0.000000e+000
 1.212500e+002  6.096687e-001  0.000000e+000
 1.215000e+002  6.143451e-001  0.000000e+000
 1.217500e+002  5.189059e-001  0.000000e+000
 1.220000e+002  6.241883e-001  0.000000e+000
 1.222500e+002  6.496742e-001  0.000000e+000
 1.225000e+002  6.340460e-001  0.000000e+000
 1.227500e+002  6.677058e-001  0.000000e+000
 1.230000e+002  6.427426e-001  0.000000e+000
 1.232500e+002  6.458212e-001  0.000000e+000
 1.235000e+002  6.221055e-001  0.000000e+000
 1.237500e+002  6.668196e-001  0.000000e+000
 1.240000e+002  6.355785e-001  0.000000e+000
 1.242500e+002  6.765388e-001  0.000000e+000
 1.245000e+002  6.689065e-001  0.000000e+000
 1.247500e+002  6.251044e-001  0.000000e+000
 1.250000e+002  6.923520e-001  0.000000e+000
 1.252500e+002  6.484125e-001  0.000000e+000
 1.255000e+002  6.717023e-001  0.000000e+000
 1.257500e+002  6.499205e-001  0.000000e+000
 1.260000e+002  6.915528e-001  0.000000e+000
 1.262500e+002  6.938403e-001  0.000000e+000
 1.265000e+002  7.107497e-001  0.000000e+000
 1.267500e+002  6.720801e-001  0.000000e+000
 1.270000e+002  7.075748e-001  0.000000e+000
 1.272500e+002  7.317503e-001  0.000000e+000
 1.275000e+002  6.941871e-001  0.000000e+000
 1.277500e+002  6.965184e-001  0.000000e+000
 1.280000e+002  6.680152e-001  0.000000e+000
 1.282500e+002  7.071978e-001  0.000000e+000
 1.285000e+002  6.314268e-001  0.000000e+000
 1.287500e+002  6.868685e-001  0.000000e+000
 1.290000e+002  7.572741e-001  0.000000e+000
 1.292500e+002  6.800573e-001  0.000000e+000
 1.295000e+002  6.602761e-001  0.000000e+000
 1.297500e+002  6.445477e-001  0.000000e+000
 1.300000e+002  6.930504e-001  0.000000e+000
 1.302500e+002  6.730677e-001  0.000000e+000
 1.305000e+002  7.196844e-001  0.000000e+000
 1.307500e+002  6.865566e-001  0.000000e+000
 1.310000e+002  7.533306e-001  0.000000e+000
 1.312500e+002  6.689898e-001  0.000000e+000
 1.315000e+002  7.045456e-001  0.000000e+000
 1.317500e+002  6.552616e-001  0.000000e+000
 1.320000e+002  7.119849e-001  0.000000e+000
 1.322500e+002  6.497585e-001  0.000000e+000
 1.325000e+002  7.203587e-001  0.000000e+000
 1.327500e+002  7.379246e-001  0.000000e+000
 1.330000e+002  6.578638e-001  0.000000e+000
 1.332500e+002  6.694903e-001  0.000000e+000
 1.335000e+002  6.508257e-001  0.000000e+000
 1.337500e+002  7.089218e-001  0.000000e+000
 1.340000e+002  6.784972e-001  0.000000e+000
 1.342500e+002  6.489918e-001  0.000000e+000
 1.345000e+002  6.085654e-001  0.000000e+000
 1.347500e+002  6.421928e-001  0.000000e+000
 1.350000e+002  7.348485e-001  0.000000e+000
 1.352500e+002  6.691902e-001  0.000000e+000
 1.355000e+002  6.753486e-001  0.000000e+000
 1.357500e+002  7.322264e-001  0.000000e+000
 1.360000e+002  7.008874e-001  0.000000e+000
 1.362500e+002  7.341739e-001  0.000000e+000
 1.365000e+002  7.301983e-001  0.000000e+000
 1.367500e+002  7.120522e-001  0.000000e+000
 1.370000e+002  7.441179e-001  0.000000e+000
 1.372500e+002  7.464144e-001  0.000000e+000
 1.375000e+002  7.254128e-001  0.000000e+000
 1.377500e+002  7.626923e-001  0.000000e+000
 1.380000e+002  7.409680e-001  0.000000e+000
 1.382500e+002  7.276822e-001  0.000000e+000
 1.385000e+002  7.394373e-001  0.000000e+000
 1.387500e+002  7.483579e-001  0.000000e+000
 1.390000e+002  7.166390e-001  0.000000e+000
 1.392500e+002  7.511722e-001  0.000000e+000
 1.395000e+002  7.918288e-001  0.000000e+000
 1.397500e+002  7.181219e-001  0.000000e+000
 1.400000e+002  7.626500e-001  0.000000e+000
 1.402500e+002  7.388861e-001  0.000000e+000
 1.405000e+002  7.117098e-001  0.000000e+000
 1.407500e+002  6.957836e-001  0.000000e+000
 1.410000e+002  7.529160e-001  0.000000e+000
 1.412500e+002  7.113798e-001  0.000000e+000
 1.415000e+002  6.890160e-001  0.000000e+000
 1.417500e+002  7.675455e-001  0.000000e+000
 1.420000e+002  6.554638e-001  0.000000e+000
 1.422500e+002  7.410424e-001  0.000000e+000
 1.425000e+002  6.814421e-001  0.000000e+000
 1.427500e+002  7.726797e-001  0.000000e+000
 1.430000e+002  7.095275e-001  0.000000e+000
 1.432500e+002  7.321198e-001  0.000000e+000
 1.435000e+002  7.266294e-001  0.000000e+000
 1.437500e+002  7.205096e-001  0.000000e+000
 1.440000e+002  6.978542e-001  0.000000e+000
 1.442500e+002  7.109817e-001  0.000000e+000
 1.445000e+002  7.770274e-001  0.000000e+000
 1.447500e+002  7.203503e-001  0.000000e+000
 1.450000e+002  7.264973e-001  0.000000e+000
 1.452500e+002  7.599782e-001  0.000000e+000
 1.455000e+002  7.507774e-001  0.000000e+000
 1.457500e+002  7.459465e-001  0.000000e+000
 1.460000e+002  7.607495e-001  0.000000e+000
 1.462500e+002  7.993916e-001  0.000000e+000
 1.465000e+002  7.509570e-001  0.000000e+000
 1.467500e+002  7.133423e-001  0.000000e+000
 1.470000e+002  7.789467e-001  0.000000e+000
 1.472500e+002  8.040996e-001  0.000000e+000
 1.475000e+002  7.883902e-001  0.000000e+000
 1.477500e+002  7.621045e-001  0.000000e+000
 1.480000e+002  7.881854e-001  0.000000e+000
 1.482500e+002  7.267777e-001  0.000000e+000
 1.485000e+002  7.299712e-001  0.000000e+000
 1.487500e+002  7.430398e-001  0.000000e+000
 1.490000e+002  7.466803e-001  0.000000e+000
 1.492500e+002  7.585486e-001  0.000000e+000
 1.495000e+002  7.289067e-001  0.000000e+000
 1.497500e+002  7.671145e-001  0.000000e+000
 1.500000e+002  6.972246e-001  0.000000e+000
 1.502500e+002  7.462187e-001  0.000000e+000
 1.505000e+002  6.756979e-001  0.000000e+000
 1.507500e+002  7.186818e-001  0.000000e+000
 1.510000e+002  7.246580e-001  0.000000e+000
 1.512500e+002  6.626040e-001  0.000000e+000
 1.515000e+002  7.109700e-001  0.000000e+000
 1.517500e+002  7.273013e-001  0.000000e+000
 1.520000e+002  7.162921e-001  0.000000e+000
 1.522500e+002  7.011956e-001  0.000000e+000
 1.525000e+002  6.737804e-001  0.000000e+000
 1.527500e+002  7.231639e-001  0.000000e+000
 1.530000e+002  6.783112e-001  0.000000e+000
 1.532500e+002  6.675267e-001  0.000000e+000
 1.535000e+002  6.845276e-001  0.000000e+000
 1.537500e+002  6.999031e-001  0.000000e+000
 1.540000e+002  7.297720e-001  0.000000e+000
 1.542500e+002  7.283788e-001  0.000000e+000
 1.545000e+002  7.173660e-001  0.000000e+000
 1.547500e+002  7.143553e-001  0.000000e+000
 1.550000e+002  7.350735e-001  0.000000e+000
 1.552500e+002  7.144666e-001  0.000000e+000
 1.555000e+002  6.369249e-001  0.000000e+000
 1.557500e+002  7.420737e-001  0.000000e+000
 1.560000e+002  7.228601e-001  0.000000e+000
 1.562500e+002  7.457402e-001  0.000000e+000
 1.565000e+002  7.742736e-001  0.000000e+000
 1.567500e+002  7.068267e-001  0.000000e+000
 1.570000e+002  7.711439e-001  0.000000e+000
 1.572500e+002  7.704196e-001  0.000000e+000
 1.575000e+002  7.685590e-001  0.000000e+000
 1.577500e+002  7.788407e-001  0.000000e+000
 1.580000e+002  7.519354e-001  0.000000e+000
 1.582500e+002  7.486668e-001  0.000000e+000
 1.585000e+002  7.515393e-001  0.000000e+000
 1.587500e+002  7.667615e-001  0.000000e+000
 1.590000e+002  7.713066e-001  0.000000e+000
 1.592500e+002  7.558923e-001  0.000000e+000
 1.595000e+002  7.533422e-001  0.000000e+000
 1.597500e+002  8.046193e-001  0.000000e+000
 1.600000e+002  7.229319e-001  0.000000e+000
 1.602500e+002  7.304511e-001  0.000000e+000
 1.605000e+002  6.873391e-001  0.000000e+000
 1.607500e+002  6.929598e-001  0.000000e+000
 1.610000e+002  6.987835e-001  0.000000e+000
 1.612500e+002  7.293520e-001  0.000000e+000
 1.615000e+002  6.858131e-001  0.000000e+000
 1.617500e+002  7.301495e-001  0.000000e+000
 1.620000e+002  6.955869e-001  0.000000e+000
 1.622500e+002  7.041321e-001  0.000000e+000
 1.625000e+002  6.864138e-001  0.000000e+000
 1.627500e+002  7.019910e-001  0.000000e+000
 1.630000e+002  6.984996e-001  0.000000e+000
 1.632500e+002  7.410297e-001  0.000000e+000
 1.635000e+002  7.321550e-001  0.000000e+000
 1.637500e+002  7.656313e-001  0.000000e+000
 1.640000e+002  7.699521e-001  0.000000e+000
 1.642500e+002  7.690918e-001  0.000000e+000
 1.645000e+002  7.888029e-001  0.000000e+000
 1.647500e+002  7.658216e-001  0.000000e+000
 1.650000e+002  7.223139e-001  0.000000e+000
 1.652500e+002  7.105693e-001  0.000000e+000
 1.655000e+002  7.504229e-001  0.000000e+000
 1.657500e+002  7.844450e-001  0.000000e+000
 1.660000e+002  7.154256e-001  0.000000e+000
 1.662500e+002  7.295883e-001  0.000000e+000
 1.665000e+002  7.485419e-001  0.000000e+000
 1.667500e+002  6.933945e-001  0.000000e+000
 1.670000e+002  6.513657e-001  0.000000e+000
 1.672500e+002  6.843495e-001  0.000000e+000
 1.675000e+002  5.955783e-001  0.000000e+000
 1.677500e+002  6.708617e-001  0.000000e+000
 1.680000e+002  7.029275e-001  0.000000e+000
 1.682500e+002  6.055700e-001  0.000000e+000
 1.685000e+002  5.500457e-001  0.000000e+000
 1.687500e+002  5.177130e-001  0.000000e+000
 1.690000e+002  6.273271e-001  0.000000e+000
 1.692500e+002  6.182445e-001  0.000000e+000
 1.695000e+002  6.002827e-001  0.000000e+000
 1.697500e+002  5.620170e-001  0.000000e+000
 1.700000e+002  5.505100e-001  0.000000e+000
 1.702500e+002  6.346624e-001  0.000000e+000
 1.705000e+002  6.865220e-001  0.000000e+000
 1.707500e+002  6.488088e-001  0.000000e+000
 1.710000e+002  6.753123e-001  0.000000e+000
 1.712500e+002  6.118905e-001  0.000000e+000
 1.715000e+002  5.945565e-001  0.000000e+000
 1.717500e+002  6.415942e-001  0.000000e+000
 1.720000e+002  6.265921e-001  0.000000e+000
 1.722500e+002  6.745318e-001  0.000000e+000
 1.725000e+002  5.967045e-001  0.000000e+000
 1.727500e+002  7.060358e-001  0.000000e+000
 1.730000e+002  7.097965e-001  0.000000e+000
 1.732500e+002  6.735499e-001  0.000000e+000
 1.735000e+002  7.013390e-001  0.000000e+000
 1.737500e+002  7.001547e-001  0.000000e+000
 1.740000e+002  6.584742e-001  0.000000e+000
 1.742500e+002  7.421577e-001  0.000000e+000
 1.745000e+002  7.194077e-001  0.000000e+000
 1.747500e+002  7.008947e-001  0.000000e+000
 1.750000e+002  6.741401e-001  0.000000e+000
 1.752500e+002  6.364367e-001  0.000000e+000
 1.755000e+002  7.565861e-001  0.000000e+000
 1.757500e+002  7.270830e-001  0.000000e+000
 1.760000e+002  7.058266e-001  0.000000e+000
 1.762500e+002  7.022806e-001  0.000000e+000
 1.765000e+002  6.409474e-001  0.000000e+000
 1.767500e+002  7.448626e-001  0.000000e+000
 1.770000e+002  7.101466e-001  0.000000e+000
 1.772500e+002  7.150011e-001  0.000000e+000
 1.775000e+002  5.377223e-001  0.000000e+000
 1.777500e+002  6.467991e-001  0.000000e+000
 1.780000e+002  6.895337e-001  0.000000e+000
 1.782500e+002  6.332379e-001  0.000000e+000
 1.785000e+002  6.540350e-001  0.000000e+000
 1.787500e+002  6.357908e-001  0.000000e+000
 1.790000e+002  6.618383e-001  0.000000e+000
 1.792500e+002  6.807789e-001  0.000000e+000
 1.795000e+002  5.788461e-001  0.000000e+000
 1.797500e+002  5.902185e-001  0.000000e+000
 1.800000e+002  6.289619e-001  0.000000e+000
 1.802500e+002  6.703430e-001  0.000000e+000
 1.805000e+002  6.455569e-001  0.000000e+000
 1.807500e+002  6.050468e-001  0.000000e+000
 1.810000e+002  6.195057e-001  0.000000e+000
 1.812500e+002  6.040610e-001  0.000000e+000
 1.815000e+002  5.848392e-001  0.000000e+000
 1.817500e+002  6.010851e-001  0.000000e+000
 1.820000e+002  5.409813e-001  0.000000e+000
 1.822500e+002  5.271036e-001  0.000000e+000
 1.825000e+002  4.964960e-001  0.000000e+000
 1.827500e+002  5.454863e-001  0.000000e+000
 1.830000e+002  5.503983e-001  0.000000e+000
 1.832500e+002  5.195579e-001  0.000000e+000
 1.835000e+002  5.780520e-001  0.000000e+000
 1.837500e+002  5.325508e-001  0.000000e+000
 1.840000e+002  5.248852e-001  0.000000e+000
 1.842500e+002  4.153496e-001  0.000000e+000
 1.845000e+002  4.957075e-001  0.000000e+000
 1.847500e+002  4.458809e-001  0.000000e+000
 1.850000e+002  5.449458e-001  0.000000e+000
 1.852500e+002  5.601061e-001  0.000000e+000
 1.855000e+002  5.937960e-001  0.000000e+000
 1.857500e+002  4.957921e-001  0.000000e+000
 1.860000e+002  5.560546e-001  0.000000e+000
 1.862500e+002  5.448152e-001  0.000000e+000
 1.865000e+002  5.296583e-001  0.000000e+000
 1.867500e+002  5.138256e-001  0.000000e+000
 1.870000e+002  5.744780e-001  0.000000e+000
 1.872500e+002  5.614651e-001  0.000000e+000
 1.875000e+002  5.473328e-001  0.000000e+000
 1.877500e+002  5.002360e-001  0.000000e+000
 1.880000e+002  4.699591e-001  0.000000e+000
 1.882500e+002  5.671324e-001  0.000000e+000
 1.885000e+002  4.268403e-001  0.000000e+000
 1.887500e+002  4.133161e-001  0.000000e+000
 1.890000e+002  5.197667e-001  0.000000e+000
 1.892500e+002  4.717124e-001  0.000000e+000
 1.895000e+002  4.310586e-001  0.000000e+000
 1.897500e+002  5.369175e-001  0.000000e+000
 1.900000e+002  4.352120e-001  0.000000e+000
 1.902500e+002  3.789384e-001  0.000000e+000
 1.905000e+002  3.942920e-001  0.000000e+000
 1.907500e+002  4.123006e-001  0.000000e+000
 1.910000e+002  4.036902e-001  0.000000e+000
 1.912500e+002  4.370556e-001  0.000000e+000
 1.915000e+002  3.859387e-001  0.000000e+000
 1.917500e+002  4.151529e-001  0.000000e+000
 1.920000e+002  4.182083e-001  0.000000e+000
 1.922500e+002  4.282980e-001  0.000000e+000
 1.925000e+002  3.965153e-001  0.000000e+000
 1.927500e+002  3.058471e-001  0.000000e+000
 1.930000e+002  3.377216e-001  0.000000e+000
 1.932500e+002  3.582239e-001  0.000000e+000
 1.935000e+002  3.068772e-001  0.000000e+000
 1.937500e+002  3.118809e-001  0.000000e+000
 1.940000e+002  3.149905e-001  0.000000e+000
 1.942500e+002  4.302832e-001  0.000000e+000
 1.945000e+002  3.623486e-001  0.000000e+000
 1.947500e+002  3.607827e-001  0.000000e+000
 1.950000e+002  3.312382e-001  0.000000e+000
 1.952500e+002  3.670425e-001  0.000000e+000
 1.955000e+002  3.909770e-001  0.000000e+000
 1.957500e+002  3.918402e-001  0.000000e+000
 1.960000e+002  3.512237e-001  0.000000e+000
 1.962500e+002  3.596874e-001  0.000000e+000
 1.965000e+002  3.265296e-001  0.000000e+000
 1.967500e+002  3.928761e-001  0.000000e+000
 1.970000e+002  2.817235e-001  0.000000e+000
 1.972500e+002  3.542917e-001  0.000000e+000
 1.975000e+002  2.697712e-001  0.000000e+000
 1.977500e+002  3.268502e-001  0.000000e+000
 1.980000e+002  3.525608e-001  0.000000e+000
 1.982500e+002  2.315628e-001  0.000000e+000
 1.985000e+002  2.875138e-001  0.000000e+000
 1.987500e+002  3.338819e-001  0.000000e+000
 1.990000e+002  2.458918e-001  0.000000e+000
 1.992500e+002  2.112398e-001  0.000000e+000
 1.995000e+002  2.184775e-001  0.000000e+000
 1.997500e+002  2.932405e-001  0.000000e+000
 2.000000e+002  2.922406e-001  0.000000e+000
 2.002500e+002  1.990461e-001  0.000000e+000
 2.005000e+002  2.551225e-001  0.000000e+000
 2.007500e+002  2.053822e-001  0.000000e+000
 2.010000e+002  1.964263e-001  0.000000e+000
 2.012500e+002  1.718485e-001  0.000000e+000
 2.015000e+002  1.572179e-001  0.000000e+000
 2.017500e+002  2.169958e-001  0.000000e+000
 2.020000e+002  2.060885e-001  0.000000e+000
 2.022500e+002  2.719449e-001  0.000000e+000
 2.025000e+002  1.753594e-001  0.000000e+000
 2.027500e+002  1.954142e-001  0.000000e+000
 2.030000e+002  1.675252e-001  0.000000e+000
 2.032500e+002  2.071546e-001  0.000000e+000
 2.035000e+002  2.093394e-001  0.000000e+000
 2.037500e+002  2.291641e-001  0.000000e+000
 2.040000e+002  2.219983e-001  0.000000e+000
 2.042500e+002  1.846848e-001  0.000000e+000
 2.045000e+002  2.378901e-001  0.000000e+000
 2.047500e+002  2.591099e-001  0.000000e+000
 2.050000e+002  2.193247e-001  0.000000e+000
 2.052500e+002  2.580836e-001  0.000000e+000
 2.055000e+002  2.412771e-001  0.000000e+000
 2.057500e+002  2.720082e-001  0.000000e+000
 2.060000e+002  2.716435e-001  0.000000e+000
 2.062500e+002  2.967830e-001  0.000000e+000
 2.065000e+002  1.358076e-001  0.000000e+000
 2.067500e+002  1.659778e-001  0.000000e+000
 2.070000e+002  2.503958e-001  0.000000e+000
 2.072500e+002  2.052518e-001  0.000000e+000
 2.075000e+002  1.574516e-001  0.000000e+000
 2.077500e+002  1.130167e-001  0.000000e+000
 2.080000e+002  1.470811e-001  0.000000e+000
 2.082500e+002  2.091490e-001  0.000000e+000
 2.085000e+002  2.011646e-001  0.000000e+000
 2.087500e+002  1.667636e-001  0.000000e+000
 2.090000e+002  1.781834e-001  0.000000e+000
 2.092500e+002  2.411823e-001  0.000000e+000
 2.095000e+002  2.434125e-001  0.000000e+000
 2.097500e+002  1.543435e-001  0.000000e+000
 2.100000e+002  1.079696e-001  0.000000e+000
 2.102500e+002  1.648490e-001  0.000000e+000
 2.105000e+002  1.304754e-001  0.000000e+000
 2.107500e+002  1.767441e-001  0.000000e+000
 2.110000e+002  1.337366e-001  0.000000e+000
 2.112500e+002  1.417451e-001  0.000000e+000
 2.115000e+002  1.953434e-001  0.000000e+000
 2.117500e+002  1.755117e-001  0.000000e+000
 2.120000e+002  2.171598e-001  0.000000e+000
 2.122500e+002  2.478468e-001  0.000000e+000
 2.125000e+002  2.058925e-001  0.000000e+000
 2.127500e+002  1.431481e-001  0.000000e+000
 2.130000e+002  1.920247e-001  0.000000e+000
 2.132500e+002  2.312597e-001  0.000000e+000
 2.135000e+002  1.637752e-001  0.000000e+000
 2.137500e+002  1.873558e-001  0.000000e+000
 2.140000e+002  2.232925e-001  0.000000e+000
 2.142500e+002  2.681591e-001  0.000000e+000
 2.145000e+002  3.123884e-001  0.000000e+000
 2.147500e+002  1.592830e-001  0.000000e+000
 2.150000e+002  1.791947e-001  0.000000e+000
 2.152500e+002  3.136452e-001  0.000000e+000
 2.155000e+002  2.388149e-001  0.000000e+000
 2.157500e+002  1.960817e-001  0.000000e+000
 2.160000e+002  2.454651e-001  0.000000e+000
 2.162500e+002  2.591118e-001  0.000000e+000
 2.165000e+002  2.137903e-001  0.000000e+000
 2.167500e+002  2.322163e-001  0.000000e+000
 2.170000e+002  2.385933e-001  0.000000e+000
 2.172500e+002  2.258814e-001  0.000000e+000
 2.175000e+002  2.184487e-001  0.000000e+000
 2.177500e+002  2.760337e-001  0.000000e+000
 2.180000e+002  2.598593e-001  0.000000e+000
 2.182500e+002  1.879774e-001  0.000000e+000
 2.185000e+002  2.412464e-001  0.000000e+000
 2.187500e+002  2.076207e-001  0.000000e+000
 2.190000e+002  1.957615e-001  0.000000e+000
 2.192500e+002  3.418188e-001  0.000000e+000
 2.195000e+002  2.941384e-001  0.000000e+000
 2.197500e+002  3.225465e-001  0.000000e+000
 2.200000e+002  2.680149e-001  0.000000e+000
 2.202500e+002  3.042544e-001  0.000000e+000
 2.205000e+002  3.416165e-001  0.000000e+000
 2.207500e+002  2.445761e-001  0.000000e+000
 2.210000e+002  3.680604e-001  0.000000e+000
 2.212500e+002  3.531553e-001  0.000000e+000
 2.215000e+002  3.140505e-001  0.000000e+000
 2.217500e+002  3.642684e-001  0.000000e+000
 2.220000e+002  2.638709e-001  0.000000e+000
 2.222500e+002  3.192198e-001  0.000000e+000
 2.225000e+002  3.662892e-001  0.000000e+000
 2.227500e+002  3.866216e-001  0.000000e+000
 2.230000e+002  3.533733e-001  0.000000e+000
 2.232500e+002  3.374222e-001  0.000000e+000
 2.235000e+002  3.350662e-001  0.000000e+000
 2.237500e+002  4.471331e-001  0.000000e+000
 2.240000e+002  4.070144e-001  0.000000e+000
 2.242500e+002  3.449199e-001  0.000000e+000
 2.245000e+002  4.161394e-001  0.000000e+000
 2.247500e+002  3.397663e-001  0.000000e+000
 2.250000e+002  4.988248e-001  0.000000e+000
 2.252500e+002  3.665881e-001  0.000000e+000
 2.255000e+002  4.386393e-001  0.000000e+000
 2.257500e+002  3.937516e-001  0.000000e+000
 2.260000e+002  4.670735e-001  0.000000e+000
 2.262500e+002  4.372889e-001  0.000000e+000
 2.265000e+002  4.665292e-001  0.000000e+000
 2.267500e+002  3.329622e-001  0.000000e+000
 2.270000e+002  4.899626e-001  0.000000e+000
 2.272500e+002  4.179971e-001  0.000000e+000
 2.275000e+002  4.874116e-001  0.000000e+000
 2.277500e+002  4.108683e-001  0.000000e+000
 2.280000e+002  4.265862e-001  0.000000e+000
 2.282500e+002  4.368528e-001  0.000000e+000
 2.285000e+002  3.509647e-001  0.000000e+000
 2.287500e+002  3.417274e-001  0.000000e+000
 2.290000e+002  4.369663e-001  0.000000e+000
 2.292500e+002  3.506470e-001  0.000000e+000
 2.295000e+002  3.920596e-001  0.000000e+000
 2.297500e+002  4.350309e-001  0.000000e+000
 2.300000e+002  3.483580e-001  0.000000e+000
 2.302500e+002  3.958270e-001  0.000000e+000
 2.305000e+002  3.739151e-001  0.000000e+000
 2.307500e+002  3.572367e-001  0.000000e+000
 2.310000e+002  3.985040e-001  0.000000e+000
 2.312500e+002  3.717712e-001  0.000000e+000
 2.315000e+002  4.630385e-001  0.000000e+000
 2.317500e+002  4.438896e-001  0.000000e+000
 2.320000e+002  4.255734e-001  0.000000e+000
 2.322500e+002  4.114219e-001  0.000000e+000
 2.325000e+002  4.092379e-001  0.000000e+000
 2.327500e+002  3.670319e-001  0.000000e+000
 2.330000e+002  4.067558e-001  0.000000e+000
 2.332500e+002  4.207740e-001  0.000000e+000
 2.335000e+002  3.850387e-001  0.000000e+000
 2.337500e+002  3.801301e-001  0.000000e+000
 2.340000e+002  4.601840e-001  0.000000e+000
 2.342500e+002  3.692896e-001  0.000000e+000
 2.345000e+002  3.692172e-001  0.000000e+000
 2.347500e+002  3.980110e-001  0.000000e+000
 2.350000e+002  3.953216e-001  0.000000e+000
 2.352500e+002  3.633193e-001  0.000000e+000
 2.355000e+002  3.571874e-001  0.000000e+000
 2.357500e+002  3.858271e-001  0.000000e+000
 2.360000e+002  4.211360e-001  0.000000e+000
 2.362500e+002  3.948833e-001  0.000000e+000
 2.365000e+002  3.597175e-001  0.000000e+000
 2.367500e+002  3.346720e-001  0.000000e+000
 2.370000e+002  3.526471e-001  0.000000e+000
 2.372500e+002  3.698745e-001  0.000000e+000
 2.375000e+002  3.157057e-001  0.000000e+000
 2.377500e+002  3.286652e-001  0.000000e+000
 2.380000e+002  3.935156e-001  0.000000e+000
 2.382500e+002  3.316644e-001  0.000000e+000
 2.385000e+002  2.973093e-001  0.000000e+000
 2.387500e+002  3.203360e-001  0.000000e+000
 2.390000e+002  3.591094e-001  0.000000e+000
 2.392500e+002  3.461331e-001  0.000000e+000
 2.395000e+002  3.816577e-001  0.000000e+000
 2.397500e+002  3.357130e-001  0.000000e+000
 2.400000e+002  3.419983e-001  0.000000e+000
 2.402500e+002  3.081530e-001  0.000000e+000
 2.405000e+002  3.151087e-001  0.000000e+000
 2.407500e+002  2.706773e-001  0.000000e+000
 2.410000e+002  2.969149e-001  0.000000e+000
 2.412500e+002  2.900747e-001  0.000000e+000
 2.415000e+002  2.645310e-001  0.000000e+000
 2.417500e+002  2.769727e-001  0.000000e+000
 2.420000e+002  2.708192e-001  0.000000e+000
 2.422500e+002  2.335172e-001  0.000000e+000
 2.425000e+002  1.984914e-001  0.000000e+000
 2.427500e+002  2.346180e-001  0.000000e+000
 2.430000e+002  2.036325e-001  0.000000e+000
 2.432500e+002  2.094119e-001  0.000000e+000
 2.435000e+002  1.543498e-001  0.000000e+000
 2.437500e+002  1.845837e-001  0.000000e+000
 2.440000e+002  1.682556e-001  0.000000e+000
 2.442500e+002  1.320377e-001  0.000000e+000
 2.445000e+002  1.294578e-001  0.000000e+000
 2.447500e+002  1.524150e-001  0.000000e+000
 2.450000e+002  1.896062e-001  0.000000e+000
 2.452500e+002  1.601488e-001  0.000000e+000
 2.455000e+002  1.400888e-001  0.000000e+000
 2.457500e+002  1.816689e-001  0.000000e+000
 2.460000e+002  1.678814e-001  0.000000e+000
 2.462500e+002  1.579746e-001  0.000000e+000
 2.465000e+002  1.537639e-001  0.000000e+000
 2.467500e+002  2.063539e-001  0.000000e+000
 2.470000e+002  1.750424e-001  0.000000e+000
 2.472500e+002  1.829558e-001  0.000000e+000
 2.475000e+002  1.449005e-001  0.000000e+000
 2.477500e+002  1.347491e-001  0.000000e+000
 2.480000e+002  1.096046e-001  0.000000e+000
 2.482500e+002  8.959654e-002  0.000000e+000
 2.485000e+002  9.253332e-002  0.000000e+000
 2.487500e+002  5.830470e-002  0.000000e+000
 2.490000e+002  1.163652e-001  0.000000e+000
 2.492500e+002  1.017676e-001  0.000000e+000
 2.495000e+002  7.260128e-002  0.000000e+000
 2.497500e+002  5.332487e-002  0.000000e+000
 2.500000e+002  4.651350e-002  0.000000e+000
 2.502500e+002  6.096470e-002  0.000000e+000
 2.505000e+002  5.809951e-002  0.000000e+000
 2.507500e+002  5.548831e-002  0.000000e+000
 2.510000e+002  2.293863e-002  0.000000e+000
 2.512500e+002  5.994131e-002  0.000000e+000
 2.515000e+002  5.405708e-002  0.000000e+000
 2.517500e+002  4.631050e-002  0.000000e+000
 2.520000e+002  2.212694e-002  0.000000e+000
 2.522500e+002  2.254158e-002  0.000000e+000
 2.525000e+002  1.528880e-002  0.000000e+000
 2.527500e+002  3.090398e-002  0.000000e+000
 2.530000e+002  1.089238e-002  0.000000e+000
 2.532500e+002  8.667747e-003  0.000000e+000
 2.535000e+002  9.584314e-003  0.000000e+000
 2.537500e+002  8.307974e-003  0.000000e+000
 2.540000e+002  1.074918e-002  0.000000e+000
 2.542500e+002  4.629637e-003  0.000000e+000
 2.545000e+002  2.424429e-003  0.000000e+000
 2.547500e+002  3.865135e-003  0.000000e+000
 2.550000e+002  1.353802e-004  0.000000e+000
 2.552500e+002  6.701991e-004  0.000000e+000
 2.555000e+002  2.171362e-003  0.000000e+000
 2.557500e+002  3.644597e-003  0.000000e+000
 2.560000e+002  2.202125e-003  0.000000e+000
