 0.000000e+000  9.993019e-001  0.000000e+000
 1.000000e+000  8.459736e-001  0.000000e+000
 2.000000e+000  7.758175e-001  0.000000e+000
 3.000000e+000  8.465910e-001  0.000000e+000
 4.000000e+000  6.934233e-001  0.000000e+000
 5.000000e+000  2.904676e-001  0.000000e+000
 6.000000e+000  8.126571e-001  0.000000e+000
 7.000000e+000  8.148621e-001  0.000000e+000
 8.000000e+000  6.948553e-001  0.000000e+000
 9.000000e+000  7.434084e-001  0.000000e+000
 1.000000e+001  6.748268e-001  0.000000e+000
 1.100000e+001  7.349833e-001  0.000000e+000
 1.200000e+001  7.102363e-001  0.000000e+000
 1.300000e+001  4.794983e-001  0.000000e+000
 1.400000e+001  1.005082e-001  0.000000e+000
 1.500000e+001  1.730147e-001  0.000000e+000
 1.600000e+001  5.686794e-001  0.000000e+000
 1.700000e+001  8.517468e-001  0.000000e+000
 1.800000e+001  8.461347e-001  0.000000e+000
 1.900000e+001  8.493087e-001  0.000000e+000
 2.000000e+001  8.350226e-001  0.000000e+000
 2.100000e+001  8.671904e-001  0.000000e+000
 2.200000e+001  8.181829e-001  0.000000e+000
 2.300000e+001  8.281063e-001  0.000000e+000
 2.400000e+001  7.168473e-001  0.000000e+000
 2.500000e+001  6.296693e-001  0.000000e+000
 2.600000e+001  5.578266e-001  0.000000e+000
 2.700000e+001  4.987062e-001  0.000000e+000
 2.800000e+001  1.413605e-001  0.000000e+000
 2.900000e+001  1.534933e-001  0.000000e+000
 3.000000e+001  7.472397e-002  0.000000e+000
 3.100000e+001  4.261003e-002  0.000000e+000
 3.200000e+001  1.868259e-002  0.000000e+000
 3.300000e+001  1.246881e-001  0.000000e+000
 3.400000e+001  1.395458e-001  0.000000e+000
 3.500000e+001  2.772924e-001  0.000000e+000
 3.600000e+001  2.378373e-001  0.000000e+000
 3.700000e+001  2.859144e-001  0.000000e+000
 3.800000e+001  2.067749e-001  0.000000e+000
 3.900000e+001  2.708816e-001  0.000000e+000
 4.000000e+001  2.609936e-001  0.000000e+000
 4.100000e+001  2.587532e-001  0.000000e+000
 4.200000e+001  1.688386e-001  0.000000e+000
 4.300000e+001  1.649203e-001  0.000000e+000
 4.400000e+001  8.294778e-002  0.000000e+000
 4.500000e+001  3.059173e-002  0.000000e+000
 4.600000e+001  1.557014e-002  0.000000e+000
 4.700000e+001  2.725456e-003  0.000000e+000
 4.800000e+001  2.981364e-002  0.000000e+000
 4.900000e+001  9.832153e-002  0.000000e+000
 5.000000e+001  2.150847e-001  0.000000e+000
 5.100000e+001  3.501769e-001  0.000000e+000
 5.200000e+001  4.488087e-001  0.000000e+000
 5.300000e+001  4.541580e-001  0.000000e+000
 5.400000e+001  6.197533e-001  0.000000e+000
 5.500000e+001  7.528816e-001  0.000000e+000
 5.600000e+001  7.703800e-001  0.000000e+000
 5.700000e+001  7.818644e-001  0.000000e+000
 5.800000e+001  7.173011e-001  0.000000e+000
 5.900000e+001  8.668621e-001  0.000000e+000
 6.000000e+001  2.958579e-002  0.000000e+000
 6.100000e+001  8.633449e-001  0.000000e+000
 6.200000e+001  9.046076e-001  0.000000e+000
 6.300000e+001  9.294509e-001  0.000000e+000
 6.400000e+001  9.474088e-001  0.000000e+000
 6.500000e+001  9.380544e-001  0.000000e+000
 6.600000e+001  9.338190e-001  0.000000e+000
 6.700000e+001  7.281235e-001  0.000000e+000
 6.800000e+001  9.488657e-001  0.000000e+000
 6.900000e+001  9.540246e-001  0.000000e+000
 7.000000e+001  9.367924e-001  0.000000e+000
 7.100000e+001  9.147813e-001  0.000000e+000
 7.200000e+001  9.717790e-001  0.000000e+000
 7.300000e+001  9.498953e-001  0.000000e+000
 7.400000e+001  9.043030e-001  0.000000e+000
 7.500000e+001  2.475853e-001  0.000000e+000
 7.600000e+001  8.968374e-001  0.000000e+000
 7.700000e+001  9.337462e-001  0.000000e+000
 7.800000e+001  9.464813e-001  0.000000e+000
 7.900000e+001  9.439406e-001  0.000000e+000
 8.000000e+001  9.372729e-001  0.000000e+000
 8.100000e+001  9.339784e-001  0.000000e+000
 8.200000e+001  9.349073e-001  0.000000e+000
 8.300000e+001  9.449803e-001  0.000000e+000
 8.400000e+001  9.357144e-001  0.000000e+000
 8.500000e+001  9.288538e-001  0.000000e+000
 8.600000e+001  9.122151e-001  0.000000e+000
 8.700000e+001  9.110497e-001  0.000000e+000
 8.800000e+001  8.051012e-001  0.000000e+000
 8.900000e+001  6.917271e-001  0.000000e+000
 9.000000e+001  1.684049e-001  0.000000e+000
 9.100000e+001  7.093206e-001  0.000000e+000
 9.200000e+001  8.959119e-001  0.000000e+000
 9.300000e+001  8.948853e-001  0.000000e+000
 9.400000e+001  9.093009e-001  0.000000e+000
 9.500000e+001  8.806297e-001  0.000000e+000
 9.600000e+001  9.021882e-001  0.000000e+000
 9.700000e+001  9.105652e-001  0.000000e+000
 9.800000e+001  8.781636e-001  0.000000e+000
 9.900000e+001  7.914821e-001  0.000000e+000
 1.000000e+002  7.453716e-001  0.000000e+000
 1.010000e+002  6.990434e-001  0.000000e+000
 1.020000e+002  6.712694e-001  0.000000e+000
 1.030000e+002  3.855148e-001  0.000000e+000
 1.040000e+002  5.096772e-002  0.000000e+000
 1.050000e+002  4.402833e-002  0.000000e+000
 1.060000e+002  1.768407e-001  0.000000e+000
 1.070000e+002  5.752590e-001  0.000000e+000
 1.080000e+002  6.506920e-001  0.000000e+000
 1.090000e+002  6.705173e-001  0.000000e+000
 1.100000e+002  8.199819e-001  0.000000e+000
 1.110000e+002  8.045765e-001  0.000000e+000
 1.120000e+002  8.430176e-001  0.000000e+000
 1.130000e+002  7.975335e-001  0.000000e+000
 1.140000e+002  7.333775e-001  0.000000e+000
 1.150000e+002  8.360243e-001  0.000000e+000
 1.160000e+002  8.296660e-001  0.000000e+000
 1.170000e+002  8.279840e-001  0.000000e+000
 1.180000e+002  5.716478e-001  0.000000e+000
 1.190000e+002  4.407127e-001  0.000000e+000
 1.200000e+002  4.794132e-003  0.000000e+000
 1.210000e+002  3.193798e-001  0.000000e+000
 1.220000e+002  5.848619e-001  0.000000e+000
 1.230000e+002  6.080052e-001  0.000000e+000
 1.240000e+002  6.471767e-001  0.000000e+000
 1.250000e+002  6.196249e-001  0.000000e+000
 1.260000e+002  6.728422e-001  0.000000e+000
 1.270000e+002  5.696142e-001  0.000000e+000
 1.280000e+002  5.512281e-001  0.000000e+000
 1.290000e+002  5.611840e-001  0.000000e+000
 1.300000e+002  3.758318e-001  0.000000e+000
 1.310000e+002  3.784742e-001  0.000000e+000
 1.320000e+002  1.746240e-001  0.000000e+000
 1.330000e+002  1.792810e-001  0.000000e+000
 1.340000e+002  6.764003e-002  0.000000e+000
 1.350000e+002  3.274637e-003  0.000000e+000
 1.360000e+002  2.808004e-002  0.000000e+000
 1.370000e+002  1.082018e-001  0.000000e+000
 1.380000e+002  2.414111e-001  0.000000e+000
 1.390000e+002  3.022107e-001  0.000000e+000
 1.400000e+002  4.137228e-001  0.000000e+000
 1.410000e+002  4.857762e-001  0.000000e+000
 1.420000e+002  4.879118e-001  0.000000e+000
 1.430000e+002  4.886608e-001  0.000000e+000
 1.440000e+002  3.001493e-001  0.000000e+000
 1.450000e+002  5.114320e-001  0.000000e+000
 1.460000e+002  5.806988e-001  0.000000e+000
 1.470000e+002  4.107468e-001  0.000000e+000
 1.480000e+002  4.366475e-001  0.000000e+000
 1.490000e+002  2.993843e-001  0.000000e+000
 1.500000e+002  6.624302e-002  0.000000e+000
 1.510000e+002  3.277370e-002  0.000000e+000
 1.520000e+002  1.775921e-001  0.000000e+000
 1.530000e+002  1.286761e-001  0.000000e+000
 1.540000e+002  3.531648e-001  0.000000e+000
 1.550000e+002  4.784778e-001  0.000000e+000
 1.560000e+002  2.533870e-001  0.000000e+000
 1.570000e+002  1.397591e-001  0.000000e+000
 1.580000e+002  2.596861e-001  0.000000e+000
 1.590000e+002  2.735611e-001  0.000000e+000
 1.600000e+002  2.520737e-001  0.000000e+000
 1.610000e+002  1.974025e-001  0.000000e+000
 1.620000e+002  1.995106e-001  0.000000e+000
 1.630000e+002  2.167841e-002  0.000000e+000
 1.640000e+002  2.415994e-002  0.000000e+000
 1.650000e+002  4.570556e-002  0.000000e+000
 1.660000e+002  2.129409e-001  0.000000e+000
 1.670000e+002  2.024022e-001  0.000000e+000
 1.680000e+002  3.886166e-001  0.000000e+000
 1.690000e+002  4.043800e-001  0.000000e+000
 1.700000e+002  4.865909e-001  0.000000e+000
 1.710000e+002  4.825651e-001  0.000000e+000
 1.720000e+002  5.470508e-001  0.000000e+000
 1.730000e+002  5.006808e-001  0.000000e+000
 1.740000e+002  5.608873e-001  0.000000e+000
 1.750000e+002  6.049134e-001  0.000000e+000
 1.760000e+002  4.992349e-001  0.000000e+000
 1.770000e+002  5.696926e-001  0.000000e+000
 1.780000e+002  5.119165e-001  0.000000e+000
 1.790000e+002  3.382511e-001  0.000000e+000
 1.800000e+002  4.619246e-002  0.000000e+000
 1.810000e+002  3.266463e-001  0.000000e+000
 1.820000e+002  4.680428e-001  0.000000e+000
 1.830000e+002  6.195269e-001  0.000000e+000
 1.840000e+002  5.209623e-001  0.000000e+000
 1.850000e+002  4.885566e-001  0.000000e+000
 1.860000e+002  5.319853e-001  0.000000e+000
 1.870000e+002  4.268211e-001  0.000000e+000
 1.880000e+002  3.620569e-001  0.000000e+000
 1.890000e+002  3.020239e-001  0.000000e+000
 1.900000e+002  1.092273e-001  0.000000e+000
 1.910000e+002  2.259374e-001  0.000000e+000
 1.920000e+002  1.082042e-001  0.000000e+000
 1.930000e+002  7.791300e-002  0.000000e+000
 1.940000e+002  4.216997e-002  0.000000e+000
 1.950000e+002  9.120630e-003  0.000000e+000
 1.960000e+002  6.662202e-002  0.000000e+000
 1.970000e+002  4.833619e-001  0.000000e+000
 1.980000e+002  4.938284e-001  0.000000e+000
 1.990000e+002  4.935433e-001  0.000000e+000
 2.000000e+002  5.903004e-001  0.000000e+000
 2.010000e+002  5.543329e-001  0.000000e+000
 2.020000e+002  4.965324e-001  0.000000e+000
 2.030000e+002  6.377364e-001  0.000000e+000
 2.040000e+002  6.384186e-001  0.000000e+000
 2.050000e+002  5.712802e-001  0.000000e+000
 2.060000e+002  5.979768e-001  0.000000e+000
 2.070000e+002  4.091549e-001  0.000000e+000
 2.080000e+002  3.110598e-001  0.000000e+000
 2.090000e+002  3.935665e-001  0.000000e+000
 2.100000e+002  9.364025e-002  0.000000e+000
 2.110000e+002  1.310720e-001  0.000000e+000
 2.120000e+002  3.380217e-001  0.000000e+000
 2.130000e+002  4.849806e-001  0.000000e+000
 2.140000e+002  3.238082e-001  0.000000e+000
 2.150000e+002  3.923340e-001  0.000000e+000
 2.160000e+002  5.471719e-001  0.000000e+000
 2.170000e+002  4.341946e-001  0.000000e+000
 2.180000e+002  3.514773e-001  0.000000e+000
 2.190000e+002  5.312035e-001  0.000000e+000
 2.200000e+002  3.880919e-001  0.000000e+000
 2.210000e+002  3.662308e-001  0.000000e+000
 2.220000e+002  3.018830e-001  0.000000e+000
 2.230000e+002  1.694284e-001  0.000000e+000
 2.240000e+002  1.449316e-001  0.000000e+000
 2.250000e+002  3.520354e-002  0.000000e+000
 2.260000e+002  3.178164e-002  0.000000e+000
 2.270000e+002  6.489436e-002  0.000000e+000
 2.280000e+002  2.121598e-001  0.000000e+000
 2.290000e+002  9.169428e-002  0.000000e+000
 2.300000e+002  1.961554e-001  0.000000e+000
 2.310000e+002  3.123639e-001  0.000000e+000
 2.320000e+002  2.643325e-001  0.000000e+000
 2.330000e+002  2.512131e-001  0.000000e+000
 2.340000e+002  1.182698e-001  0.000000e+000
 2.350000e+002  1.835620e-001  0.000000e+000
 2.360000e+002  3.255027e-001  0.000000e+000
 2.370000e+002  3.138495e-001  0.000000e+000
 2.380000e+002  2.034025e-001  0.000000e+000
 2.390000e+002  2.481449e-001  0.000000e+000
 2.400000e+002  1.589778e-001  0.000000e+000
 2.410000e+002  8.908217e-002  0.000000e+000
 2.420000e+002  4.691158e-002  0.000000e+000
 2.430000e+002  1.492849e-001  0.000000e+000
 2.440000e+002  2.959810e-001  0.000000e+000
 2.450000e+002  2.379639e-001  0.000000e+000
 2.460000e+002  2.998486e-001  0.000000e+000
 2.470000e+002  2.606353e-001  0.000000e+000
 2.480000e+002  1.170581e-001  0.000000e+000
 2.490000e+002  5.112516e-001  0.000000e+000
 2.500000e+002  4.798028e-001  0.000000e+000
 2.510000e+002  7.048986e-002  0.000000e+000
 2.520000e+002  7.711595e-002  0.000000e+000
 2.530000e+002  4.005962e-002  0.000000e+000
 2.540000e+002  5.034210e-002  0.000000e+000
 2.550000e+002  1.246099e-002  0.000000e+000
 2.560000e+002  4.705321e-002  0.000000e+000
 2.570000e+002  1.545070e-001  0.000000e+000
 2.580000e+002  1.224276e-001  0.000000e+000
 2.590000e+002  1.133009e-001  0.000000e+000
 2.600000e+002  7.355504e-002  0.000000e+000
 2.610000e+002  2.063199e-001  0.000000e+000
 2.620000e+002  2.241127e-001  0.000000e+000
 2.630000e+002  1.628940e-001  0.000000e+000
 2.640000e+002  2.345149e-001  0.000000e+000
 2.650000e+002  3.556476e-001  0.000000e+000
 2.660000e+002  2.929371e-001  0.000000e+000
 2.670000e+002  1.580593e-001  0.000000e+000
 2.680000e+002  1.152499e-001  0.000000e+000
 2.690000e+002  6.677944e-002  0.000000e+000
 2.700000e+002  2.448220e-002  0.000000e+000
 2.710000e+002  1.950370e-003  0.000000e+000
 2.720000e+002  4.254813e-001  0.000000e+000
 2.730000e+002  1.150903e-001  0.000000e+000
 2.740000e+002  2.341301e-001  0.000000e+000
 2.750000e+002  2.465492e-001  0.000000e+000
 2.760000e+002  3.642944e-001  0.000000e+000
 2.770000e+002  1.921757e-001  0.000000e+000
 2.780000e+002  4.418458e-001  0.000000e+000
 2.790000e+002  1.558931e-001  0.000000e+000
 2.800000e+002  4.110277e-002  0.000000e+000
 2.810000e+002  1.302198e-001  0.000000e+000
 2.820000e+002  1.474272e-001  0.000000e+000
 2.830000e+002  2.211449e-001  0.000000e+000
 2.840000e+002  7.326823e-002  0.000000e+000
 2.850000e+002  1.081707e-002  0.000000e+000
 2.860000e+002  2.111980e-001  0.000000e+000
 2.870000e+002  9.639140e-003  0.000000e+000
 2.880000e+002  8.800990e-003  0.000000e+000
 2.890000e+002  8.509485e-002  0.000000e+000
 2.900000e+002  3.378088e-002  0.000000e+000
 2.910000e+002  4.515781e-002  0.000000e+000
 2.920000e+002  7.148537e-002  0.000000e+000
 2.930000e+002  1.345574e-001  0.000000e+000
 2.940000e+002  6.379425e-002  0.000000e+000
 2.950000e+002  1.030490e-001  0.000000e+000
 2.960000e+002  2.109169e-002  0.000000e+000
 2.970000e+002  1.138515e-001  0.000000e+000
 2.980000e+002  1.706319e-001  0.000000e+000
 2.990000e+002  6.262781e-002  0.000000e+000
 3.000000e+002  2.618757e-002  0.000000e+000
 3.010000e+002  4.044149e-002  0.000000e+000
 3.020000e+002  6.193738e-003  0.000000e+000
 3.030000e+002  2.900552e-002  0.000000e+000
 3.040000e+002  7.954997e-002  0.000000e+000
 3.050000e+002  2.014547e-003  0.000000e+000
 3.060000e+002  1.241656e-002  0.000000e+000
 3.070000e+002  3.443440e-002  0.000000e+000
 3.080000e+002  7.100365e-002  0.000000e+000
 3.090000e+002  2.950471e-002  0.000000e+000
 3.100000e+002  6.739122e-003  0.000000e+000
 3.110000e+002  1.053653e-001  0.000000e+000
 3.120000e+002  4.034751e-002  0.000000e+000
 3.130000e+002  8.282160e-002  0.000000e+000
 3.140000e+002  4.689541e-002  0.000000e+000
 3.150000e+002  7.505046e-002  0.000000e+000
 3.160000e+002  5.583138e-002  0.000000e+000
 3.170000e+002  3.588772e-002  0.000000e+000
 3.180000e+002  7.412891e-002  0.000000e+000
 3.190000e+002  1.523305e-001  0.000000e+000
 3.200000e+002  3.126268e-001  0.000000e+000
 3.210000e+002  3.545279e-001  0.000000e+000
 3.220000e+002  2.233531e-001  0.000000e+000
 3.230000e+002  4.954739e-001  0.000000e+000
 3.240000e+002  1.859055e-001  0.000000e+000
 3.250000e+002  1.970890e-001  0.000000e+000
 3.260000e+002  3.679083e-001  0.000000e+000
 3.270000e+002  2.547856e-001  0.000000e+000
 3.280000e+002  8.715766e-002  0.000000e+000
 3.290000e+002  4.585142e-002  0.000000e+000
 3.300000e+002  2.505677e-001  0.000000e+000
 3.310000e+002  8.506736e-002  0.000000e+000
 3.320000e+002  1.012162e-001  0.000000e+000
 3.330000e+002  2.693333e-001  0.000000e+000
 3.340000e+002  1.444425e-001  0.000000e+000
 3.350000e+002  4.104237e-002  0.000000e+000
 3.360000e+002  1.564444e-001  0.000000e+000
 3.370000e+002  2.325242e-001  0.000000e+000
 3.380000e+002  1.491902e-001  0.000000e+000
 3.390000e+002  1.907654e-001  0.000000e+000
 3.400000e+002  2.884219e-001  0.000000e+000
 3.410000e+002  1.369197e-001  0.000000e+000
 3.420000e+002  1.035950e-001  0.000000e+000
 3.430000e+002  1.426529e-001  0.000000e+000
 3.440000e+002  5.660383e-002  0.000000e+000
 3.450000e+002  6.402740e-003  0.000000e+000
 3.460000e+002  2.072761e-002  0.000000e+000
 3.470000e+002  5.139867e-002  0.000000e+000
 3.480000e+002  4.067028e-002  0.000000e+000
 3.490000e+002  9.137577e-002  0.000000e+000
 3.500000e+002  1.747900e-001  0.000000e+000
 3.510000e+002  1.250008e-001  0.000000e+000
 3.520000e+002  1.624806e-001  0.000000e+000
 3.530000e+002  1.746536e-002  0.000000e+000
 3.540000e+002  1.717993e-002  0.000000e+000
 3.550000e+002  2.050382e-001  0.000000e+000
 3.560000e+002  6.461390e-002  0.000000e+000
 3.570000e+002  1.369405e-001  0.000000e+000
 3.580000e+002  3.057331e-002  0.000000e+000
 3.590000e+002  4.057378e-002  0.000000e+000
 3.600000e+002  2.891591e-002  0.000000e+000
 3.610000e+002  5.448645e-003  0.000000e+000
 3.620000e+002  3.908599e-004  0.000000e+000
 3.630000e+002  5.510638e-002  0.000000e+000
 3.640000e+002  4.968991e-002  0.000000e+000
 3.650000e+002  1.046730e-001  0.000000e+000
 3.660000e+002  3.496191e-003  0.000000e+000
 3.670000e+002  9.434996e-002  0.000000e+000
 3.680000e+002  1.803683e-001  0.000000e+000
 3.690000e+002  7.982811e-002  0.000000e+000
 3.700000e+002  8.915236e-002  0.000000e+000
 3.710000e+002  1.561175e-001  0.000000e+000
 3.720000e+002  6.143247e-002  0.000000e+000
 3.730000e+002  4.756122e-002  0.000000e+000
 3.740000e+002  1.554164e-001  0.000000e+000
 3.750000e+002  6.892843e-002  0.000000e+000
 3.760000e+002  7.499663e-003  0.000000e+000
 3.770000e+002  1.248592e-002  0.000000e+000
 3.780000e+002  3.034425e-003  0.000000e+000
 3.790000e+002  1.315813e-002  0.000000e+000
 3.800000e+002  5.792177e-004  0.000000e+000
 3.810000e+002  8.265564e-002  0.000000e+000
 3.820000e+002  9.260843e-003  0.000000e+000
 3.830000e+002  1.602024e-001  0.000000e+000
 3.840000e+002  2.617183e-002  0.000000e+000
 3.850000e+002  4.587541e-003  0.000000e+000
 3.860000e+002  5.749118e-002  0.000000e+000
 3.870000e+002  9.252758e-002  0.000000e+000
 3.880000e+002  3.013442e-002  0.000000e+000
 3.890000e+002  6.678047e-002  0.000000e+000
 3.900000e+002  3.585995e-002  0.000000e+000
 3.910000e+002  9.717650e-003  0.000000e+000
 3.920000e+002  8.246053e-003  0.000000e+000
 3.930000e+002  4.064948e-002  0.000000e+000
 3.940000e+002  1.668349e-001  0.000000e+000
 3.950000e+002  3.622699e-002  0.000000e+000
 3.960000e+002  6.049639e-002  0.000000e+000
 3.970000e+002  3.284135e-002  0.000000e+000
 3.980000e+002  1.417100e-001  0.000000e+000
 3.990000e+002  1.160421e-001  0.000000e+000
 4.000000e+002  3.527937e-002  0.000000e+000
 4.010000e+002  8.487944e-003  0.000000e+000
 4.020000e+002  3.898001e-002  0.000000e+000
 4.030000e+002  1.690367e-002  0.000000e+000
 4.040000e+002  2.910006e-002  0.000000e+000
 4.050000e+002  3.496865e-002  0.000000e+000
 4.060000e+002  6.945013e-003  0.000000e+000
 4.070000e+002  2.524537e-002  0.000000e+000
 4.080000e+002  2.868798e-002  0.000000e+000
 4.090000e+002  9.095546e-002  0.000000e+000
 4.100000e+002  7.330382e-002  0.000000e+000
 4.110000e+002  1.539361e-001  0.000000e+000
 4.120000e+002  1.356542e-001  0.000000e+000
 4.130000e+002  1.013936e-001  0.000000e+000
 4.140000e+002  1.539963e-002  0.000000e+000
 4.150000e+002  1.569005e-001  0.000000e+000
 4.160000e+002  4.068908e-002  0.000000e+000
 4.170000e+002  1.656335e-001  0.000000e+000
 4.180000e+002  3.082239e-001  0.000000e+000
 4.190000e+002  1.060369e-001  0.000000e+000
 4.200000e+002  6.760833e-002  0.000000e+000
 4.210000e+002  3.516437e-002  0.000000e+000
 4.220000e+002  3.482375e-002  0.000000e+000
 4.230000e+002  5.147586e-002  0.000000e+000
 4.240000e+002  5.332462e-002  0.000000e+000
 4.250000e+002  1.341241e-001  0.000000e+000
 4.260000e+002  1.286814e-001  0.000000e+000
 4.270000e+002  1.076734e-001  0.000000e+000
 4.280000e+002  3.083882e-002  0.000000e+000
 4.290000e+002  2.124062e-001  0.000000e+000
 4.300000e+002  1.846208e-001  0.000000e+000
 4.310000e+002  1.903635e-001  0.000000e+000
 4.320000e+002  2.631802e-002  0.000000e+000
 4.330000e+002  5.422315e-003  0.000000e+000
 4.340000e+002  1.290739e-001  0.000000e+000
 4.350000e+002  3.565022e-002  0.000000e+000
 4.360000e+002  4.027673e-002  0.000000e+000
 4.370000e+002  2.418461e-002  0.000000e+000
 4.380000e+002  6.915403e-002  0.000000e+000
 4.390000e+002  8.835377e-002  0.000000e+000
 4.400000e+002  5.287184e-003  0.000000e+000
 4.410000e+002  1.584142e-002  0.000000e+000
 4.420000e+002  6.473617e-002  0.000000e+000
 4.430000e+002  2.201606e-002  0.000000e+000
 4.440000e+002  6.611741e-002  0.000000e+000
 4.450000e+002  1.010184e-001  0.000000e+000
 4.460000e+002  2.668148e-002  0.000000e+000
 4.470000e+002  1.324358e-002  0.000000e+000
 4.480000e+002  6.480636e-002  0.000000e+000
 4.490000e+002  7.385748e-003  0.000000e+000
 4.500000e+002  9.583569e-002  0.000000e+000
 4.510000e+002  5.466104e-002  0.000000e+000
 4.520000e+002  3.492944e-002  0.000000e+000
 4.530000e+002  2.270624e-002  0.000000e+000
 4.540000e+002  4.950707e-002  0.000000e+000
 4.550000e+002  6.151428e-002  0.000000e+000
 4.560000e+002  1.937542e-002  0.000000e+000
 4.570000e+002  1.099496e-001  0.000000e+000
 4.580000e+002  1.281999e-002  0.000000e+000
 4.590000e+002  9.072406e-002  0.000000e+000
 4.600000e+002  3.319921e-002  0.000000e+000
 4.610000e+002  9.456371e-002  0.000000e+000
 4.620000e+002  6.014062e-002  0.000000e+000
 4.630000e+002  1.839416e-002  0.000000e+000
 4.640000e+002  4.937027e-002  0.000000e+000
 4.650000e+002  2.971171e-002  0.000000e+000
 4.660000e+002  3.549257e-003  0.000000e+000
 4.670000e+002  5.564250e-002  0.000000e+000
 4.680000e+002  8.928110e-002  0.000000e+000
 4.690000e+002  3.418560e-002  0.000000e+000
 4.700000e+002  3.241754e-002  0.000000e+000
 4.710000e+002  2.589122e-002  0.000000e+000
 4.720000e+002  2.623801e-002  0.000000e+000
 4.730000e+002  1.371643e-001  0.000000e+000
 4.740000e+002  6.487409e-002  0.000000e+000
 4.750000e+002  1.575272e-002  0.000000e+000
 4.760000e+002  6.920220e-004  0.000000e+000
 4.770000e+002  3.151132e-002  0.000000e+000
 4.780000e+002  3.149512e-002  0.000000e+000
 4.790000e+002  2.898986e-002  0.000000e+000
 4.800000e+002  1.144506e-002  0.000000e+000
 4.810000e+002  1.311919e-002  0.000000e+000
 4.820000e+002  8.881623e-002  0.000000e+000
 4.830000e+002  5.190452e-002  0.000000e+000
 4.840000e+002  8.172554e-003  0.000000e+000
 4.850000e+002  8.760349e-003  0.000000e+000
 4.860000e+002  4.599805e-002  0.000000e+000
 4.870000e+002  1.321474e-001  0.000000e+000
 4.880000e+002  1.746784e-002  0.000000e+000
 4.890000e+002  3.307171e-002  0.000000e+000
 4.900000e+002  3.463546e-002  0.000000e+000
 4.910000e+002  5.865658e-002  0.000000e+000
 4.920000e+002  4.882466e-002  0.000000e+000
 4.930000e+002  1.015672e-001  0.000000e+000
 4.940000e+002  6.952175e-002  0.000000e+000
 4.950000e+002  3.669738e-002  0.000000e+000
 4.960000e+002  3.586090e-002  0.000000e+000
 4.970000e+002  8.200925e-002  0.000000e+000
 4.980000e+002  9.376912e-003  0.000000e+000
 4.990000e+002  4.803522e-002  0.000000e+000
 5.000000e+002  2.877262e-002  0.000000e+000
 5.010000e+002  3.684446e-002  0.000000e+000
 5.020000e+002  8.976702e-002  0.000000e+000
 5.030000e+002  8.277202e-003  0.000000e+000
 5.040000e+002  4.091395e-002  0.000000e+000
 5.050000e+002  5.392871e-002  0.000000e+000
 5.060000e+002  7.622690e-003  0.000000e+000
 5.070000e+002  9.490230e-002  0.000000e+000
 5.080000e+002  1.437370e-002  0.000000e+000
 5.090000e+002  8.778284e-003  0.000000e+000
 5.100000e+002  6.983107e-003  0.000000e+000
 5.110000e+002  1.357739e-003  0.000000e+000
 5.120000e+002  1.955919e-002  0.000000e+000
