 0.000000e+000  9.992394e-001  0.000000e+000
 1.000000e+000  4.874916e-001  0.000000e+000
 2.000000e+000  1.530138e-001  0.000000e+000
 3.000000e+000  5.024830e-001  0.000000e+000
 4.000000e+000  3.983044e-001  0.000000e+000
 5.000000e+000  1.756567e-001  0.000000e+000
 6.000000e+000  4.003845e-001  0.000000e+000
 7.000000e+000  3.823344e-001  0.000000e+000
 8.000000e+000  2.904094e-001  0.000000e+000
 9.000000e+000  3.311711e-001  0.000000e+000
 1.000000e+001  4.427598e-001  0.000000e+000
 1.100000e+001  4.201145e-001  0.000000e+000
 1.200000e+001  3.423215e-001  0.000000e+000
 1.300000e+001  1.419341e-001  0.000000e+000
 1.400000e+001  7.929802e-003  0.000000e+000
 1.500000e+001  1.753920e-001  0.000000e+000
 1.600000e+001  3.968478e-001  0.000000e+000
 1.700000e+001  7.294818e-001  0.000000e+000
 1.800000e+001  6.755659e-001  0.000000e+000
 1.900000e+001  7.332922e-001  0.000000e+000
 2.000000e+001  7.291571e-001  0.000000e+000
 2.100000e+001  8.359294e-001  0.000000e+000
 2.200000e+001  8.199542e-001  0.000000e+000
 2.300000e+001  8.201429e-001  0.000000e+000
 2.400000e+001  7.509637e-001  0.000000e+000
 2.500000e+001  7.583773e-001  0.000000e+000
 2.600000e+001  6.990068e-001  0.000000e+000
 2.700000e+001  6.535821e-001  0.000000e+000
 2.800000e+001  6.304534e-001  0.000000e+000
 2.900000e+001  4.091013e-001  0.000000e+000
 3.000000e+001  6.951158e-002  0.000000e+000
 3.100000e+001  2.480967e-001  0.000000e+000
 3.200000e+001  2.967418e-001  0.000000e+000
 3.300000e+001  4.044681e-001  0.000000e+000
 3.400000e+001  3.520256e-001  0.000000e+000
 3.500000e+001  3.583377e-001  0.000000e+000
 3.600000e+001  2.773479e-001  0.000000e+000
 3.700000e+001  3.252171e-001  0.000000e+000
 3.800000e+001  2.241296e-001  0.000000e+000
 3.900000e+001  1.340552e-001  0.000000e+000
 4.000000e+001  1.225523e-001  0.000000e+000
 4.100000e+001  2.169688e-002  0.000000e+000
 4.200000e+001  2.178226e-002  0.000000e+000
 4.300000e+001  4.845315e-003  0.000000e+000
 4.400000e+001  1.146037e-002  0.000000e+000
 4.500000e+001  4.185919e-002  0.000000e+000
 4.600000e+001  8.121908e-002  0.000000e+000
 4.700000e+001  1.196778e-001  0.000000e+000
 4.800000e+001  1.550664e-001  0.000000e+000
 4.900000e+001  2.289436e-001  0.000000e+000
 5.000000e+001  4.019336e-001  0.000000e+000
 5.100000e+001  3.202435e-001  0.000000e+000
 5.200000e+001  5.594482e-001  0.000000e+000
 5.300000e+001  4.602339e-001  0.000000e+000
 5.400000e+001  4.653816e-001  0.000000e+000
 5.500000e+001  4.931603e-001  0.000000e+000
 5.600000e+001  5.685461e-001  0.000000e+000
 5.700000e+001  5.170777e-001  0.000000e+000
 5.800000e+001  2.077701e-001  0.000000e+000
 5.900000e+001  6.111082e-001  0.000000e+000
 6.000000e+001  1.403411e-002  0.000000e+000
 6.100000e+001  6.136504e-001  0.000000e+000
 6.200000e+001  7.177716e-001  0.000000e+000
 6.300000e+001  6.798008e-001  0.000000e+000
 6.400000e+001  7.729707e-001  0.000000e+000
 6.500000e+001  6.810682e-001  0.000000e+000
 6.600000e+001  8.226389e-001  0.000000e+000
 6.700000e+001  6.434109e-001  0.000000e+000
 6.800000e+001  8.328913e-001  0.000000e+000
 6.900000e+001  9.014663e-001  0.000000e+000
 7.000000e+001  8.970880e-001  0.000000e+000
 7.100000e+001  8.684093e-001  0.000000e+000
 7.200000e+001  9.602705e-001  0.000000e+000
 7.300000e+001  9.405148e-001  0.000000e+000
 7.400000e+001  8.581318e-001  0.000000e+000
 7.500000e+001  2.464613e-001  0.000000e+000
 7.600000e+001  6.855094e-001  0.000000e+000
 7.700000e+001  6.692650e-001  0.000000e+000
 7.800000e+001  7.162665e-001  0.000000e+000
 7.900000e+001  5.970480e-001  0.000000e+000
 8.000000e+001  5.934774e-001  0.000000e+000
 8.100000e+001  5.584572e-001  0.000000e+000
 8.200000e+001  5.255504e-001  0.000000e+000
 8.300000e+001  6.430846e-001  0.000000e+000
 8.400000e+001  5.941000e-001  0.000000e+000
 8.500000e+001  5.280026e-001  0.000000e+000
 8.600000e+001  4.131948e-001  0.000000e+000
 8.700000e+001  6.043499e-001  0.000000e+000
 8.800000e+001  4.973431e-001  0.000000e+000
 8.900000e+001  7.322720e-001  0.000000e+000
 9.000000e+001  3.700902e-001  0.000000e+000
 9.100000e+001  7.396938e-001  0.000000e+000
 9.200000e+001  6.765670e-001  0.000000e+000
 9.300000e+001  6.509222e-001  0.000000e+000
 9.400000e+001  5.766829e-001  0.000000e+000
 9.500000e+001  6.499624e-001  0.000000e+000
 9.600000e+001  6.915886e-001  0.000000e+000
 9.700000e+001  4.490822e-001  0.000000e+000
 9.800000e+001  5.017903e-001  0.000000e+000
 9.900000e+001  3.999147e-001  0.000000e+000
 1.000000e+002  5.060396e-001  0.000000e+000
 1.010000e+002  5.467103e-001  0.000000e+000
 1.020000e+002  2.771281e-001  0.000000e+000
 1.030000e+002  2.470248e-001  0.000000e+000
 1.040000e+002  2.283392e-001  0.000000e+000
 1.050000e+002  5.796841e-003  0.000000e+000
 1.060000e+002  6.561328e-002  0.000000e+000
 1.070000e+002  9.515716e-002  0.000000e+000
 1.080000e+002  1.461457e-001  0.000000e+000
 1.090000e+002  2.397649e-001  0.000000e+000
 1.100000e+002  8.865520e-002  0.000000e+000
 1.110000e+002  1.861296e-001  0.000000e+000
 1.120000e+002  6.782448e-003  0.000000e+000
 1.130000e+002  7.518382e-002  0.000000e+000
 1.140000e+002  1.974875e-001  0.000000e+000
 1.150000e+002  7.798363e-002  0.000000e+000
 1.160000e+002  1.264005e-001  0.000000e+000
 1.170000e+002  7.402151e-003  0.000000e+000
 1.180000e+002  8.283149e-003  0.000000e+000
 1.190000e+002  8.176185e-002  0.000000e+000
 1.200000e+002  1.328617e-002  0.000000e+000
 1.210000e+002  2.033168e-001  0.000000e+000
 1.220000e+002  6.430923e-002  0.000000e+000
 1.230000e+002  1.042984e-001  0.000000e+000
 1.240000e+002  1.721564e-002  0.000000e+000
 1.250000e+002  2.511138e-001  0.000000e+000
 1.260000e+002  7.883822e-002  0.000000e+000
 1.270000e+002  1.632859e-001  0.000000e+000
 1.280000e+002  7.723390e-002  0.000000e+000
 1.290000e+002  1.174592e-002  0.000000e+000
 1.300000e+002  4.954287e-002  0.000000e+000
 1.310000e+002  5.135803e-002  0.000000e+000
 1.320000e+002  1.123088e-001  0.000000e+000
 1.330000e+002  2.854754e-002  0.000000e+000
 1.340000e+002  1.104748e-002  0.000000e+000
 1.350000e+002  3.038051e-003  0.000000e+000
 1.360000e+002  5.768728e-003  0.000000e+000
 1.370000e+002  1.134457e-002  0.000000e+000
 1.380000e+002  6.587194e-003  0.000000e+000
 1.390000e+002  1.774866e-002  0.000000e+000
 1.400000e+002  6.171308e-002  0.000000e+000
 1.410000e+002  5.801130e-002  0.000000e+000
 1.420000e+002  3.578341e-002  0.000000e+000
 1.430000e+002  1.946849e-003  0.000000e+000
 1.440000e+002  1.070292e-001  0.000000e+000
 1.450000e+002  2.140922e-002  0.000000e+000
 1.460000e+002  3.473492e-002  0.000000e+000
 1.470000e+002  7.825317e-002  0.000000e+000
 1.480000e+002  7.141221e-002  0.000000e+000
 1.490000e+002  4.459161e-002  0.000000e+000
 1.500000e+002  2.426630e-002  0.000000e+000
 1.510000e+002  1.138722e-001  0.000000e+000
 1.520000e+002  5.272073e-002  0.000000e+000
 1.530000e+002  6.078221e-002  0.000000e+000
 1.540000e+002  4.730162e-002  0.000000e+000
 1.550000e+002  4.371183e-003  0.000000e+000
 1.560000e+002  1.463797e-001  0.000000e+000
 1.570000e+002  7.932410e-002  0.000000e+000
 1.580000e+002  1.886503e-002  0.000000e+000
 1.590000e+002  3.577235e-002  0.000000e+000
 1.600000e+002  6.201095e-002  0.000000e+000
 1.610000e+002  8.039120e-002  0.000000e+000
 1.620000e+002  2.420185e-002  0.000000e+000
 1.630000e+002  5.133788e-002  0.000000e+000
 1.640000e+002  6.164402e-002  0.000000e+000
 1.650000e+002  3.793626e-002  0.000000e+000
 1.660000e+002  5.379940e-002  0.000000e+000
 1.670000e+002  4.426812e-003  0.000000e+000
 1.680000e+002  3.126244e-002  0.000000e+000
 1.690000e+002  4.872906e-002  0.000000e+000
 1.700000e+002  9.268555e-003  0.000000e+000
 1.710000e+002  1.628645e-002  0.000000e+000
 1.720000e+002  4.640556e-002  0.000000e+000
 1.730000e+002  5.642411e-003  0.000000e+000
 1.740000e+002  1.171084e-001  0.000000e+000
 1.750000e+002  1.572858e-002  0.000000e+000
 1.760000e+002  9.244155e-002  0.000000e+000
 1.770000e+002  5.656408e-002  0.000000e+000
 1.780000e+002  3.874563e-002  0.000000e+000
 1.790000e+002  1.256227e-002  0.000000e+000
 1.800000e+002  1.094387e-001  0.000000e+000
 1.810000e+002  2.065790e-002  0.000000e+000
 1.820000e+002  2.042004e-002  0.000000e+000
 1.830000e+002  5.461367e-003  0.000000e+000
 1.840000e+002  2.776625e-003  0.000000e+000
 1.850000e+002  2.510691e-002  0.000000e+000
 1.860000e+002  2.750912e-002  0.000000e+000
 1.870000e+002  6.665517e-002  0.000000e+000
 1.880000e+002  1.713983e-003  0.000000e+000
 1.890000e+002  3.758454e-002  0.000000e+000
 1.900000e+002  9.633835e-002  0.000000e+000
 1.910000e+002  1.327206e-001  0.000000e+000
 1.920000e+002  6.266610e-003  0.000000e+000
 1.930000e+002  1.537193e-002  0.000000e+000
 1.940000e+002  8.087299e-002  0.000000e+000
 1.950000e+002  2.689805e-003  0.000000e+000
 1.960000e+002  4.799466e-003  0.000000e+000
 1.970000e+002  7.775556e-002  0.000000e+000
 1.980000e+002  1.016067e-001  0.000000e+000
 1.990000e+002  1.889928e-001  0.000000e+000
 2.000000e+002  1.546426e-001  0.000000e+000
 2.010000e+002  2.483286e-003  0.000000e+000
 2.020000e+002  1.036272e-002  0.000000e+000
 2.030000e+002  5.950075e-003  0.000000e+000
 2.040000e+002  1.061458e-002  0.000000e+000
 2.050000e+002  4.343788e-002  0.000000e+000
 2.060000e+002  2.380929e-002  0.000000e+000
 2.070000e+002  1.428454e-002  0.000000e+000
 2.080000e+002  1.297888e-003  0.000000e+000
 2.090000e+002  1.130712e-001  0.000000e+000
 2.100000e+002  3.176278e-002  0.000000e+000
 2.110000e+002  8.636034e-002  0.000000e+000
 2.120000e+002  4.664697e-002  0.000000e+000
 2.130000e+002  1.441583e-003  0.000000e+000
 2.140000e+002  4.173700e-002  0.000000e+000
 2.150000e+002  8.695982e-002  0.000000e+000
 2.160000e+002  8.774003e-003  0.000000e+000
 2.170000e+002  3.087191e-002  0.000000e+000
 2.180000e+002  3.315873e-002  0.000000e+000
 2.190000e+002  6.774559e-002  0.000000e+000
 2.200000e+002  3.078052e-003  0.000000e+000
 2.210000e+002  3.613392e-003  0.000000e+000
 2.220000e+002  8.828357e-002  0.000000e+000
 2.230000e+002  1.725992e-001  0.000000e+000
 2.240000e+002  1.034569e-002  0.000000e+000
 2.250000e+002  2.344601e-002  0.000000e+000
 2.260000e+002  4.131375e-002  0.000000e+000
 2.270000e+002  3.857006e-002  0.000000e+000
 2.280000e+002  2.351470e-002  0.000000e+000
 2.290000e+002  3.153453e-004  0.000000e+000
 2.300000e+002  1.063406e-001  0.000000e+000
 2.310000e+002  7.840156e-002  0.000000e+000
 2.320000e+002  3.219094e-002  0.000000e+000
 2.330000e+002  7.255186e-002  0.000000e+000
 2.340000e+002  2.113338e-001  0.000000e+000
 2.350000e+002  6.164350e-002  0.000000e+000
 2.360000e+002  4.015663e-002  0.000000e+000
 2.370000e+002  4.991801e-002  0.000000e+000
 2.380000e+002  4.309181e-002  0.000000e+000
 2.390000e+002  2.011910e-002  0.000000e+000
 2.400000e+002  5.581518e-002  0.000000e+000
 2.410000e+002  1.097393e-001  0.000000e+000
 2.420000e+002  7.974736e-002  0.000000e+000
 2.430000e+002  1.613518e-002  0.000000e+000
 2.440000e+002  4.637847e-002  0.000000e+000
 2.450000e+002  7.681545e-002  0.000000e+000
 2.460000e+002  4.110309e-002  0.000000e+000
 2.470000e+002  6.277218e-002  0.000000e+000
 2.480000e+002  9.597015e-002  0.000000e+000
 2.490000e+002  8.449362e-002  0.000000e+000
 2.500000e+002  4.107055e-002  0.000000e+000
 2.510000e+002  3.454686e-002  0.000000e+000
 2.520000e+002  5.785442e-004  0.000000e+000
 2.530000e+002  3.194229e-002  0.000000e+000
 2.540000e+002  8.903232e-002  0.000000e+000
 2.550000e+002  5.491061e-002  0.000000e+000
 2.560000e+002  1.510534e-001  0.000000e+000
 2.570000e+002  7.349720e-003  0.000000e+000
 2.580000e+002  4.771798e-002  0.000000e+000
 2.590000e+002  3.760731e-002  0.000000e+000
 2.600000e+002  6.682640e-002  0.000000e+000
 2.610000e+002  1.057215e-001  0.000000e+000
 2.620000e+002  2.762012e-002  0.000000e+000
 2.630000e+002  1.223521e-002  0.000000e+000
 2.640000e+002  1.694352e-002  0.000000e+000
 2.650000e+002  1.492608e-001  0.000000e+000
 2.660000e+002  6.221484e-002  0.000000e+000
 2.670000e+002  1.090088e-001  0.000000e+000
 2.680000e+002  1.776564e-001  0.000000e+000
 2.690000e+002  1.815333e-002  0.000000e+000
 2.700000e+002  1.170144e-002  0.000000e+000
 2.710000e+002  2.301873e-003  0.000000e+000
 2.720000e+002  2.045754e-001  0.000000e+000
 2.730000e+002  7.625782e-002  0.000000e+000
 2.740000e+002  5.240518e-002  0.000000e+000
 2.750000e+002  2.120558e-001  0.000000e+000
 2.760000e+002  1.385181e-001  0.000000e+000
 2.770000e+002  2.454898e-002  0.000000e+000
 2.780000e+002  2.440033e-002  0.000000e+000
 2.790000e+002  9.610602e-002  0.000000e+000
 2.800000e+002  4.645832e-003  0.000000e+000
 2.810000e+002  6.061611e-002  0.000000e+000
 2.820000e+002  2.320485e-002  0.000000e+000
 2.830000e+002  2.192024e-001  0.000000e+000
 2.840000e+002  4.843238e-002  0.000000e+000
 2.850000e+002  5.793948e-002  0.000000e+000
 2.860000e+002  1.021316e-001  0.000000e+000
 2.870000e+002  8.008020e-002  0.000000e+000
 2.880000e+002  3.520576e-002  0.000000e+000
 2.890000e+002  2.170663e-001  0.000000e+000
 2.900000e+002  1.538870e-002  0.000000e+000
 2.910000e+002  7.155095e-003  0.000000e+000
 2.920000e+002  1.098926e-001  0.000000e+000
 2.930000e+002  3.939956e-002  0.000000e+000
 2.940000e+002  4.916188e-002  0.000000e+000
 2.950000e+002  3.352436e-002  0.000000e+000
 2.960000e+002  5.817381e-003  0.000000e+000
 2.970000e+002  1.152639e-002  0.000000e+000
 2.980000e+002  4.772424e-002  0.000000e+000
 2.990000e+002  6.684801e-003  0.000000e+000
 3.000000e+002  3.854324e-002  0.000000e+000
 3.010000e+002  6.176806e-003  0.000000e+000
 3.020000e+002  1.550502e-001  0.000000e+000
 3.030000e+002  1.538665e-001  0.000000e+000
 3.040000e+002  9.790955e-003  0.000000e+000
 3.050000e+002  2.086017e-002  0.000000e+000
 3.060000e+002  4.826038e-002  0.000000e+000
 3.070000e+002  3.778976e-002  0.000000e+000
 3.080000e+002  1.503508e-002  0.000000e+000
 3.090000e+002  5.653179e-004  0.000000e+000
 3.100000e+002  4.849026e-002  0.000000e+000
 3.110000e+002  8.282126e-002  0.000000e+000
 3.120000e+002  1.896899e-001  0.000000e+000
 3.130000e+002  1.587279e-002  0.000000e+000
 3.140000e+002  6.177332e-002  0.000000e+000
 3.150000e+002  3.078933e-002  0.000000e+000
 3.160000e+002  4.266781e-002  0.000000e+000
 3.170000e+002  8.825471e-002  0.000000e+000
 3.180000e+002  1.642402e-002  0.000000e+000
 3.190000e+002  3.275535e-002  0.000000e+000
 3.200000e+002  2.728628e-002  0.000000e+000
 3.210000e+002  5.478750e-003  0.000000e+000
 3.220000e+002  2.422777e-002  0.000000e+000
 3.230000e+002  1.195789e-001  0.000000e+000
 3.240000e+002  1.238189e-001  0.000000e+000
 3.250000e+002  1.470678e-001  0.000000e+000
 3.260000e+002  5.080044e-003  0.000000e+000
 3.270000e+002  2.612896e-002  0.000000e+000
 3.280000e+002  1.976572e-001  0.000000e+000
 3.290000e+002  2.307334e-001  0.000000e+000
 3.300000e+002  3.772031e-002  0.000000e+000
 3.310000e+002  2.015012e-001  0.000000e+000
 3.320000e+002  3.981613e-001  0.000000e+000
 3.330000e+002  4.311866e-002  0.000000e+000
 3.340000e+002  2.817099e-001  0.000000e+000
 3.350000e+002  4.632526e-002  0.000000e+000
 3.360000e+002  1.108363e-002  0.000000e+000
 3.370000e+002  1.040576e-001  0.000000e+000
 3.380000e+002  1.201195e-002  0.000000e+000
 3.390000e+002  2.271747e-001  0.000000e+000
 3.400000e+002  3.527602e-003  0.000000e+000
 3.410000e+002  8.821531e-002  0.000000e+000
 3.420000e+002  3.547031e-002  0.000000e+000
 3.430000e+002  6.676703e-002  0.000000e+000
 3.440000e+002  3.380821e-002  0.000000e+000
 3.450000e+002  6.947452e-002  0.000000e+000
 3.460000e+002  6.918202e-002  0.000000e+000
 3.470000e+002  8.741423e-002  0.000000e+000
 3.480000e+002  5.360363e-002  0.000000e+000
 3.490000e+002  3.928920e-002  0.000000e+000
 3.500000e+002  1.788328e-002  0.000000e+000
 3.510000e+002  8.083973e-004  0.000000e+000
 3.520000e+002  8.372840e-002  0.000000e+000
 3.530000e+002  2.011947e-001  0.000000e+000
 3.540000e+002  3.027151e-002  0.000000e+000
 3.550000e+002  8.981249e-002  0.000000e+000
 3.560000e+002  1.409330e-001  0.000000e+000
 3.570000e+002  8.355446e-002  0.000000e+000
 3.580000e+002  7.224006e-003  0.000000e+000
 3.590000e+002  4.932718e-003  0.000000e+000
 3.600000e+002  9.058227e-002  0.000000e+000
 3.610000e+002  7.670167e-002  0.000000e+000
 3.620000e+002  2.921456e-002  0.000000e+000
 3.630000e+002  8.938109e-002  0.000000e+000
 3.640000e+002  2.848419e-002  0.000000e+000
 3.650000e+002  6.983458e-002  0.000000e+000
 3.660000e+002  1.478292e-002  0.000000e+000
 3.670000e+002  3.137416e-003  0.000000e+000
 3.680000e+002  8.414832e-002  0.000000e+000
 3.690000e+002  1.796903e-002  0.000000e+000
 3.700000e+002  3.439507e-002  0.000000e+000
 3.710000e+002  4.958411e-003  0.000000e+000
 3.720000e+002  6.304500e-003  0.000000e+000
 3.730000e+002  7.264973e-002  0.000000e+000
 3.740000e+002  4.350834e-002  0.000000e+000
 3.750000e+002  6.763168e-002  0.000000e+000
 3.760000e+002  4.216643e-002  0.000000e+000
 3.770000e+002  7.843792e-003  0.000000e+000
 3.780000e+002  2.515113e-002  0.000000e+000
 3.790000e+002  1.705549e-002  0.000000e+000
 3.800000e+002  8.021877e-002  0.000000e+000
 3.810000e+002  5.898953e-003  0.000000e+000
 3.820000e+002  2.366037e-002  0.000000e+000
 3.830000e+002  3.342402e-003  0.000000e+000
 3.840000e+002  1.594853e-001  0.000000e+000
 3.850000e+002  2.115928e-001  0.000000e+000
 3.860000e+002  8.412214e-002  0.000000e+000
 3.870000e+002  5.047172e-002  0.000000e+000
 3.880000e+002  2.699313e-001  0.000000e+000
 3.890000e+002  1.977628e-002  0.000000e+000
 3.900000e+002  3.547468e-002  0.000000e+000
 3.910000e+002  1.391918e-001  0.000000e+000
 3.920000e+002  8.943254e-002  0.000000e+000
 3.930000e+002  2.549126e-002  0.000000e+000
 3.940000e+002  5.818982e-002  0.000000e+000
 3.950000e+002  1.631842e-002  0.000000e+000
 3.960000e+002  6.607976e-002  0.000000e+000
 3.970000e+002  3.220798e-002  0.000000e+000
 3.980000e+002  1.161777e-001  0.000000e+000
 3.990000e+002  4.960589e-002  0.000000e+000
 4.000000e+002  5.226250e-002  0.000000e+000
 4.010000e+002  1.096298e-002  0.000000e+000
 4.020000e+002  1.962981e-002  0.000000e+000
 4.030000e+002  1.741696e-002  0.000000e+000
 4.040000e+002  1.010197e-001  0.000000e+000
 4.050000e+002  1.017319e-001  0.000000e+000
 4.060000e+002  9.356417e-003  0.000000e+000
 4.070000e+002  7.952140e-002  0.000000e+000
 4.080000e+002  2.997137e-002  0.000000e+000
 4.090000e+002  1.168841e-001  0.000000e+000
 4.100000e+002  4.458060e-002  0.000000e+000
 4.110000e+002  1.992086e-002  0.000000e+000
 4.120000e+002  1.378577e-001  0.000000e+000
 4.130000e+002  1.545052e-001  0.000000e+000
 4.140000e+002  2.238590e-002  0.000000e+000
 4.150000e+002  6.374499e-002  0.000000e+000
 4.160000e+002  4.588369e-003  0.000000e+000
 4.170000e+002  1.328569e-002  0.000000e+000
 4.180000e+002  1.189076e-001  0.000000e+000
 4.190000e+002  6.886251e-002  0.000000e+000
 4.200000e+002  3.279707e-004  0.000000e+000
 4.210000e+002  1.004827e-002  0.000000e+000
 4.220000e+002  7.003884e-002  0.000000e+000
 4.230000e+002  5.712387e-002  0.000000e+000
 4.240000e+002  9.915600e-002  0.000000e+000
 4.250000e+002  8.119242e-003  0.000000e+000
 4.260000e+002  3.041318e-002  0.000000e+000
 4.270000e+002  8.339013e-002  0.000000e+000
 4.280000e+002  1.065156e-001  0.000000e+000
 4.290000e+002  4.052767e-002  0.000000e+000
 4.300000e+002  4.600386e-002  0.000000e+000
 4.310000e+002  2.640045e-002  0.000000e+000
 4.320000e+002  1.099201e-001  0.000000e+000
 4.330000e+002  2.737374e-002  0.000000e+000
 4.340000e+002  5.105998e-002  0.000000e+000
 4.350000e+002  4.394320e-002  0.000000e+000
 4.360000e+002  1.898287e-002  0.000000e+000
 4.370000e+002  1.230688e-002  0.000000e+000
 4.380000e+002  9.271280e-002  0.000000e+000
 4.390000e+002  1.937491e-002  0.000000e+000
 4.400000e+002  6.520216e-003  0.000000e+000
 4.410000e+002  3.513767e-003  0.000000e+000
 4.420000e+002  5.354316e-003  0.000000e+000
 4.430000e+002  5.137879e-002  0.000000e+000
 4.440000e+002  1.224939e-001  0.000000e+000
 4.450000e+002  2.010317e-001  0.000000e+000
 4.460000e+002  4.325875e-002  0.000000e+000
 4.470000e+002  1.175945e-002  0.000000e+000
 4.480000e+002  2.044165e-002  0.000000e+000
 4.490000e+002  2.633398e-003  0.000000e+000
 4.500000e+002  2.684564e-002  0.000000e+000
 4.510000e+002  8.776707e-003  0.000000e+000
 4.520000e+002  2.764277e-002  0.000000e+000
 4.530000e+002  1.468318e-002  0.000000e+000
 4.540000e+002  6.901534e-003  0.000000e+000
 4.550000e+002  9.362096e-002  0.000000e+000
 4.560000e+002  8.545628e-003  0.000000e+000
 4.570000e+002  4.652128e-002  0.000000e+000
 4.580000e+002  3.390744e-002  0.000000e+000
 4.590000e+002  8.512279e-002  0.000000e+000
 4.600000e+002  1.518573e-002  0.000000e+000
 4.610000e+002  8.993141e-003  0.000000e+000
 4.620000e+002  9.727333e-003  0.000000e+000
 4.630000e+002  5.828593e-003  0.000000e+000
 4.640000e+002  9.745684e-002  0.000000e+000
 4.650000e+002  3.470184e-002  0.000000e+000
 4.660000e+002  7.628985e-003  0.000000e+000
 4.670000e+002  6.012009e-002  0.000000e+000
 4.680000e+002  1.666320e-001  0.000000e+000
 4.690000e+002  2.569514e-002  0.000000e+000
 4.700000e+002  1.662615e-002  0.000000e+000
 4.710000e+002  1.022625e-002  0.000000e+000
 4.720000e+002  7.632732e-002  0.000000e+000
 4.730000e+002  7.519603e-002  0.000000e+000
 4.740000e+002  3.024123e-002  0.000000e+000
 4.750000e+002  1.198582e-002  0.000000e+000
 4.760000e+002  3.796044e-002  0.000000e+000
 4.770000e+002  3.060982e-002  0.000000e+000
 4.780000e+002  2.494123e-002  0.000000e+000
 4.790000e+002  2.353292e-001  0.000000e+000
 4.800000e+002  2.026728e-002  0.000000e+000
 4.810000e+002  9.310731e-003  0.000000e+000
 4.820000e+002  4.905565e-002  0.000000e+000
 4.830000e+002  8.911296e-003  0.000000e+000
 4.840000e+002  5.775470e-002  0.000000e+000
 4.850000e+002  3.026536e-003  0.000000e+000
 4.860000e+002  1.272689e-001  0.000000e+000
 4.870000e+002  7.377389e-003  0.000000e+000
 4.880000e+002  3.268298e-002  0.000000e+000
 4.890000e+002  2.765841e-002  0.000000e+000
 4.900000e+002  4.393026e-002  0.000000e+000
 4.910000e+002  5.215451e-002  0.000000e+000
 4.920000e+002  7.102356e-002  0.000000e+000
 4.930000e+002  6.562474e-002  0.000000e+000
 4.940000e+002  1.574352e-002  0.000000e+000
 4.950000e+002  1.568260e-002  0.000000e+000
 4.960000e+002  7.566530e-002  0.000000e+000
 4.970000e+002  5.277873e-002  0.000000e+000
 4.980000e+002  5.180654e-003  0.000000e+000
 4.990000e+002  2.964508e-002  0.000000e+000
 5.000000e+002  6.463190e-002  0.000000e+000
 5.010000e+002  4.521469e-002  0.000000e+000
 5.020000e+002  1.182877e-001  0.000000e+000
 5.030000e+002  1.705582e-003  0.000000e+000
 5.040000e+002  2.331533e-002  0.000000e+000
 5.050000e+002  8.235561e-003  0.000000e+000
 5.060000e+002  5.311675e-002  0.000000e+000
 5.070000e+002  3.683311e-002  0.000000e+000
 5.080000e+002  4.410795e-003  0.000000e+000
 5.090000e+002  1.802259e-002  0.000000e+000
 5.100000e+002  9.553389e-002  0.000000e+000
 5.110000e+002  2.099404e-002  0.000000e+000
 5.120000e+002  2.435626e-003  0.000000e+000
