 0.000000e+000  3.648401e-007  0.000000e+000
 1.000000e+000 -2.709777e-007 -8.907382e-007
 2.000000e+000 -4.470886e-007 -3.957272e-007
 3.000000e+000 -1.021057e-006  1.011143e-007
 4.000000e+000 -6.135874e-007 -4.699324e-007
 5.000000e+000 -7.332364e-007 -7.087248e-008
 6.000000e+000 -6.994568e-007  5.338465e-007
 7.000000e+000 -7.577885e-007 -3.239744e-007
 8.000000e+000 -6.616679e-007 -7.793729e-008
 9.000000e+000 -7.784111e-007 -8.489541e-008
 1.000000e+001 -8.561841e-007 -2.412838e-007
 1.100000e+001 -9.815824e-007  2.641331e-008
 1.200000e+001 -9.779536e-007 -1.806997e-007
 1.300000e+001 -9.121567e-007 -3.009503e-008
 1.400000e+001 -2.017394e-007  1.708046e-007
 1.500000e+001  9.439396e-005  4.602529e-005
 1.600000e+001 -2.415464e-006 -7.701450e-007
 1.700000e+001 -2.741028e-006 -6.961509e-007
 1.800000e+001 -3.013853e-006 -3.429418e-007
 1.900000e+001 -3.899095e-006 -7.303576e-007
 2.000000e+001 -5.222064e-006 -5.683041e-007
 2.100000e+001 -1.068751e-005 -6.819999e-007
 2.200000e+001  2.392426e-005  1.928722e-004
 2.300000e+001  1.114281e-005  7.531634e-008
 2.400000e+001  5.372195e-006  4.404787e-007
 2.500000e+001  3.665288e-006 -1.007722e-008
 2.600000e+001  2.755166e-006  3.417951e-007
 2.700000e+001  2.028472e-006 -1.025711e-007
 2.800000e+001  1.848233e-006 -2.747509e-008
 2.900000e+001  1.244996e-006 -2.455185e-007
 3.000000e+001 -5.775882e-006 -1.357952e-005
 3.100000e+001  9.647208e-007 -9.506875e-008
 3.200000e+001  9.954240e-007 -6.090104e-008
 3.300000e+001  1.064992e-006 -7.893050e-008
 3.400000e+001  7.534634e-007  9.822387e-008
 3.500000e+001  8.674740e-007 -1.133484e-007
 3.600000e+001  7.481796e-007  6.453995e-008
 3.700000e+001  8.806017e-007 -2.153978e-007
 3.800000e+001  7.493108e-007 -3.742663e-007
 3.900000e+001  6.113667e-007 -1.402163e-007
 4.000000e+001  5.810617e-007 -2.026549e-007
 4.100000e+001  2.798390e-007 -1.367247e-007
 4.200000e+001  3.102220e-007 -1.809321e-007
 4.300000e+001  2.613453e-007 -3.963194e-008
 4.400000e+001 -6.095858e-007 -3.437580e-007
 4.500000e+001 -9.676807e-006 -1.491589e-006
 4.600000e+001  2.728678e-006  2.228237e-007
 4.700000e+001  1.488393e-006 -3.863595e-007
 4.800000e+001  1.137118e-006  1.634486e-008
 4.900000e+001  1.139956e-006  1.018500e-007
 5.000000e+001  1.305528e-006  2.149379e-007
 5.100000e+001  1.149989e-006 -1.056744e-007
 5.200000e+001  1.631399e-006 -1.540101e-007
 5.300000e+001  1.219553e-006 -2.636944e-007
 5.400000e+001  1.158665e-006 -2.188661e-007
 5.500000e+001  1.251979e-006 -1.310443e-007
 5.600000e+001  1.238014e-006 -2.369600e-007
 5.700000e+001  1.170507e-006 -1.575285e-007
 5.800000e+001  1.051782e-006 -7.072489e-008
 5.900000e+001  1.500516e-006 -4.641825e-008
 6.000000e+001  2.434697e-009 -8.651254e-007
 6.100000e+001  1.539387e-006 -2.871771e-007
 6.200000e+001  1.708142e-006 -2.820938e-007
 6.300000e+001  1.310478e-006 -2.321935e-007
 6.400000e+001  1.848622e-006 -4.585345e-007
 6.500000e+001  1.693255e-006 -4.057456e-007
 6.600000e+001  2.128790e-006 -7.043275e-007
 6.700000e+001  2.255373e-006 -4.358846e-007
 6.800000e+001  2.963145e-006 -5.195622e-007
 6.900000e+001  3.567780e-006 -4.773292e-007
 7.000000e+001  4.440473e-006 -7.239713e-007
 7.100000e+001  6.919699e-006 -1.062634e-006
 7.200000e+001  1.483995e-005 -9.957706e-006
 7.300000e+001 -1.111799e-005 -9.377564e-006
 7.400000e+001 -4.722558e-006 -2.852662e-006
 7.500000e+001 -4.933567e-006 -1.788324e-006
 7.600000e+001 -2.169653e-006 -1.473339e-006
 7.700000e+001 -1.352559e-006 -1.365908e-006
 7.800000e+001 -1.484396e-006 -1.246131e-006
 7.900000e+001 -1.144715e-006 -1.151593e-006
 8.000000e+001 -8.422238e-007 -1.142724e-006
 8.100000e+001 -8.659438e-007 -9.053916e-007
 8.200000e+001 -7.225271e-007 -1.151945e-006
 8.300000e+001 -8.629074e-007 -1.212348e-006
 8.400000e+001 -6.548064e-007 -1.044352e-006
 8.500000e+001 -6.255088e-007 -9.875227e-007
 8.600000e+001 -2.961847e-007 -9.945676e-007
 8.700000e+001 -3.113886e-007 -1.422020e-006
 8.800000e+001  4.463750e-007 -1.621427e-006
 8.900000e+001  1.407774e-006 -2.314029e-006
 9.000000e+001 -2.720105e-006 -4.387726e-006
 9.100000e+001 -2.332710e-006 -1.157828e-006
 9.200000e+001 -1.567943e-006 -1.153291e-006
 9.300000e+001 -1.759770e-006 -6.219452e-007
 9.400000e+001 -1.571763e-006 -6.496368e-007
 9.500000e+001 -1.289338e-006 -6.678286e-007
 9.600000e+001 -1.492798e-006 -6.348373e-007
 9.700000e+001 -1.105925e-006 -1.544316e-007
 9.800000e+001 -1.231078e-006 -4.412861e-007
 9.900000e+001 -1.096997e-006 -2.801013e-007
 1.000000e+002 -1.060837e-006 -3.277384e-007
 1.010000e+002 -1.189575e-006 -3.854828e-007
 1.020000e+002 -7.915178e-007 -1.134503e-007
 1.030000e+002 -8.018254e-007  4.996544e-008
 1.040000e+002 -1.199411e-006 -1.516667e-008
 1.050000e+002 -2.486234e-007 -2.077588e-007
 1.060000e+002 -5.090438e-007 -4.288758e-007
 1.070000e+002 -3.350475e-007 -2.548090e-007
 1.080000e+002 -4.833038e-007 -3.290521e-007
 1.090000e+002 -5.960830e-007 -2.368865e-007
 1.100000e+002 -2.475390e-007 -3.221879e-007
 1.110000e+002 -5.522027e-007 -3.008408e-008
 1.120000e+002 -9.388203e-008  1.893641e-008
 1.130000e+002 -3.726245e-007 -5.319952e-008
 1.140000e+002 -7.237000e-007  1.376781e-007
 1.150000e+002 -3.395397e-007  2.255792e-007
 1.160000e+002 -4.889084e-007  1.461711e-007
 1.170000e+002 -3.707422e-008 -1.179922e-007
 1.180000e+002 -4.087163e-008  1.150793e-007
 1.190000e+002 -3.771457e-007 -2.035648e-007
 1.200000e+002  1.285871e-007  4.745499e-007
 1.210000e+002 -3.030930e-007 -5.712042e-007
 1.220000e+002 -1.589755e-007 -3.366089e-007
 1.230000e+002 -4.703452e-007  6.353181e-008
 1.240000e+002 -1.434099e-007 -1.352025e-007
 1.250000e+002 -2.750828e-007 -6.929959e-007
 1.260000e+002 -2.066851e-007 -3.705629e-007
 1.270000e+002  2.999157e-007 -5.010152e-007
 1.280000e+002 -2.424391e-007 -3.418485e-007
 1.290000e+002 -1.253465e-007 -3.325759e-008
 1.300000e+002 -3.915540e-007 -1.451588e-007
 1.310000e+002 -2.766980e-009 -3.645919e-007
 1.320000e+002 -5.530111e-007 -2.697633e-007
 1.330000e+002 -3.036242e-007 -2.315422e-007
 1.340000e+002 -9.776748e-008 -3.664312e-007
 1.350000e+002 -4.095461e-007  4.806208e-007
 1.360000e+002  1.397091e-007 -6.605143e-007
 1.370000e+002 -5.538870e-008 -3.079101e-007
 1.380000e+002 -1.582819e-007 -9.040009e-008
 1.390000e+002  4.464198e-008 -2.316699e-007
 1.400000e+002  7.626115e-008 -3.889092e-007
 1.410000e+002 -3.025881e-007 -2.150651e-007
 1.420000e+002 -1.993722e-007  1.955453e-007
 1.430000e+002 -3.744940e-008 -5.940113e-008
 1.440000e+002 -1.988229e-007 -4.414694e-007
 1.450000e+002 -2.095912e-007  1.255034e-007
 1.460000e+002 -1.848274e-008 -2.448210e-007
 1.470000e+002  1.623155e-007  3.616785e-007
 1.480000e+002 -4.266171e-007  4.134434e-008
 1.490000e+002 -1.099676e-007 -3.046195e-007
 1.500000e+002 -4.824852e-007 -3.992028e-007
 1.510000e+002 -1.179802e-007 -4.489111e-007
 1.520000e+002  2.574502e-007  7.054249e-008
 1.530000e+002 -3.341092e-007 -1.987945e-007
 1.540000e+002  2.477044e-007 -1.636008e-007
 1.550000e+002  3.353317e-009 -8.261549e-008
 1.560000e+002 -1.455310e-008  4.807400e-007
 1.570000e+002  2.369855e-007 -2.493044e-007
 1.580000e+002 -8.591240e-008  1.576196e-007
 1.590000e+002  1.954586e-007  1.493800e-007
 1.600000e+002  1.521028e-007 -3.415826e-007
 1.610000e+002  4.073903e-008  3.484125e-007
 1.620000e+002  2.395790e-007  6.429428e-008
 1.630000e+002 -2.888126e-007 -5.780490e-009
 1.640000e+002 -4.009295e-007 -2.101280e-007
 1.650000e+002 -1.218951e-006  4.301226e-007
 1.660000e+002  3.537213e-007 -1.098271e-007
 1.670000e+002  7.983121e-008 -7.278325e-008
 1.680000e+002 -2.632414e-007 -4.176305e-008
 1.690000e+002  3.323758e-007  1.325105e-007
 1.700000e+002  1.330151e-007 -2.001856e-008
 1.710000e+002  1.518544e-007 -1.391746e-007
 1.720000e+002  4.529482e-008  3.142994e-007
 1.730000e+002  9.821484e-008  4.272697e-008
 1.740000e+002 -4.811723e-007  1.250610e-007
 1.750000e+002  1.625995e-007  4.906762e-008
 1.760000e+002  1.116789e-007 -4.454571e-007
 1.770000e+002  2.347528e-007  3.164657e-007
 1.780000e+002 -2.496566e-007 -7.664514e-008
 1.790000e+002  7.444646e-008 -1.610345e-007
 1.800000e+002 -1.825200e-006  8.769960e-007
 1.810000e+002  1.111728e-007  2.395822e-007
 1.820000e+002  2.350147e-007  1.030041e-011
 1.830000e+002 -3.774886e-008 -1.459649e-007
 1.840000e+002  5.161061e-008  7.642637e-008
 1.850000e+002  1.435562e-007 -1.797159e-007
 1.860000e+002  8.530974e-008 -2.620525e-007
 1.870000e+002 -3.604683e-007 -1.493228e-007
 1.880000e+002  2.814457e-008 -7.385587e-008
 1.890000e+002 -2.089988e-007  2.453244e-007
 1.900000e+002 -1.977675e-007 -3.696303e-007
 1.910000e+002 -2.478150e-007  5.131300e-007
 1.920000e+002 -1.311864e-008  1.549470e-007
 1.930000e+002 -2.038334e-007  7.690289e-008
 1.940000e+002 -6.665664e-007  4.363936e-008
 1.950000e+002  2.089428e-007  8.756261e-008
 1.960000e+002  1.338004e-007 -5.878383e-008
 1.970000e+002  4.323854e-007 -3.211911e-007
 1.980000e+002  5.313224e-007 -2.762095e-007
 1.990000e+002  7.970284e-007 -4.718492e-007
 2.000000e+002  5.261434e-007 -4.681843e-007
 2.010000e+002 -7.223194e-008  2.073763e-008
 2.020000e+002 -1.902736e-007 -9.780755e-008
 2.030000e+002  1.080091e-007  1.223607e-007
 2.040000e+002 -1.130047e-007  1.321331e-007
 2.050000e+002  3.397578e-008  4.326810e-007
 2.060000e+002  1.753602e-007  1.283648e-007
 2.070000e+002  2.082669e-007  4.729700e-008
 2.080000e+002 -3.066693e-008 -5.138051e-008
 2.090000e+002  5.546860e-007  7.093342e-007
 2.100000e+002  7.637463e-007  5.725845e-008
 2.110000e+002  2.961262e-007  5.511462e-007
 2.120000e+002  2.753604e-007 -3.181435e-007
 2.130000e+002 -2.689101e-008 -6.644400e-008
 2.140000e+002  3.068993e-007  3.095847e-007
 2.150000e+002 -3.350705e-007 -4.570726e-007
 2.160000e+002 -1.219379e-007  1.353518e-007
 2.170000e+002  2.456174e-007  1.508298e-007
 2.180000e+002 -2.168205e-007 -2.430413e-007
 2.190000e+002  7.332051e-008  5.062644e-007
 2.200000e+002  1.022609e-007  8.029713e-008
 2.210000e+002 -1.173337e-007 -4.770273e-008
 2.220000e+002 -3.095570e-007 -4.990585e-007
 2.230000e+002  5.744381e-007  4.878728e-007
 2.240000e+002 -2.846575e-007  9.734581e-008
 2.250000e+002 -4.074019e-007  5.053886e-007
 2.260000e+002 -2.028638e-007  5.290902e-007
 2.270000e+002  4.384842e-007 -2.085966e-007
 2.280000e+002  5.066055e-008 -2.833726e-007
 2.290000e+002 -1.934206e-008 -4.028155e-008
 2.300000e+002 -5.842570e-011 -6.095166e-007
 2.310000e+002 -3.644105e-007 -5.100284e-007
 2.320000e+002  3.874237e-007 -7.711981e-008
 2.330000e+002  2.160217e-008  5.607357e-007
 2.340000e+002  1.055672e-006  2.394051e-008
 2.350000e+002  4.256140e-007 -3.304465e-007
 2.360000e+002  5.004456e-007  3.282524e-008
 2.370000e+002  3.729613e-007  4.875420e-007
 2.380000e+002 -5.027859e-007  1.918940e-007
 2.390000e+002 -1.089991e-007 -3.157877e-007
 2.400000e+002 -1.938583e-007  7.418499e-007
 2.410000e+002  2.849394e-007 -7.156328e-007
 2.420000e+002 -5.230606e-007 -1.565592e-007
 2.430000e+002 -1.999014e-007  2.287075e-007
 2.440000e+002  6.869796e-008  5.630459e-007
 2.450000e+002 -1.740472e-007  5.829277e-007
 2.460000e+002 -3.463876e-007  3.184189e-007
 2.470000e+002 -1.642562e-007  6.551652e-007
 2.480000e+002 -6.388064e-007  3.388531e-007
 2.490000e+002 -5.844491e-007  3.594450e-007
 2.500000e+002  4.740557e-007 -8.466212e-008
 2.510000e+002  3.753902e-007 -1.633452e-007
 2.520000e+002  5.532965e-008 -8.175120e-009
 2.530000e+002 -1.231082e-008  4.407505e-007
 2.540000e+002 -1.013352e-006  2.261886e-007
 2.550000e+002 -5.082923e-007 -1.093051e-006
 2.560000e+002  1.037410e-006  1.449683e-006
 2.570000e+002 -6.139198e-008 -2.077065e-007
 2.580000e+002 -3.419572e-007  5.245220e-007
 2.590000e+002  2.912078e-007  2.908133e-007
 2.600000e+002 -1.732434e-007 -5.039657e-007
 2.610000e+002  4.829647e-007  5.664827e-007
 2.620000e+002  1.096147e-007 -2.935733e-007
 2.630000e+002  1.300897e-007 -2.411406e-007
 2.640000e+002  3.180195e-007  1.263130e-007
 2.650000e+002 -5.446522e-007 -4.509789e-007
 2.660000e+002 -1.752779e-007  5.542124e-007
 2.670000e+002 -6.438717e-007  1.867994e-007
 2.680000e+002  4.284632e-008  9.629420e-007
 2.690000e+002 -3.141367e-007  6.417848e-008
 2.700000e+002 -1.996377e-007 -1.914656e-007
 2.710000e+002  3.979511e-008  1.334422e-007
 2.720000e+002  1.125239e-007  9.510474e-007
 2.730000e+002 -4.801081e-007 -5.230656e-007
 2.740000e+002  4.773837e-007 -1.308712e-008
 2.750000e+002 -3.905019e-007  8.841928e-007
 2.760000e+002  1.914157e-007  9.302644e-007
 2.770000e+002 -1.825610e-007  1.849245e-007
 2.780000e+002  2.706773e-007  2.019948e-007
 2.790000e+002  1.985774e-008  6.964457e-007
 2.800000e+002  1.359939e-007 -8.485865e-008
 2.810000e+002 -5.632681e-007 -9.962284e-008
 2.820000e+002  1.505211e-007  2.556952e-007
 2.830000e+002 -6.842580e-007  6.513218e-007
 2.840000e+002 -6.012044e-007  7.960327e-008
 2.850000e+002 -1.035508e-006 -3.065654e-007
 2.860000e+002 -6.404846e-007  5.915714e-007
 2.870000e+002  5.192182e-007  4.311424e-007
 2.880000e+002 -3.734797e-007  1.261388e-007
 2.890000e+002 -3.708695e-007  1.043155e-006
 2.900000e+002 -9.857755e-008 -2.619709e-007
 2.910000e+002  6.132142e-008 -1.948966e-007
 2.920000e+002  3.973966e-007  5.789468e-007
 2.930000e+002  1.396824e-007 -3.705937e-007
 2.940000e+002  2.927515e-007 -4.037578e-007
 2.950000e+002 -3.294242e-007  2.034042e-007
 2.960000e+002  8.528450e-008 -1.389373e-007
 2.970000e+002 -1.171470e-007  2.554267e-007
 2.980000e+002 -2.522968e-007  4.115425e-007
 2.990000e+002 -1.272381e-007  1.371930e-007
 3.000000e+002 -4.465320e-007  1.012800e-007
 3.010000e+002 -1.212823e-007  1.218669e-007
 3.020000e+002 -9.381684e-007 -3.028002e-007
 3.030000e+002 -6.525340e-007  5.116302e-007
 3.040000e+002 -7.396682e-008 -1.734012e-007
 3.050000e+002 -1.621037e-007  2.064320e-007
 3.060000e+002 -4.642639e-007 -7.545730e-008
 3.070000e+002 -3.644775e-007  9.580170e-008
 3.080000e+002  1.857893e-007 -5.662240e-009
 3.090000e+002  3.302075e-009  4.317809e-008
 3.100000e+002 -3.611448e-007 -1.451934e-007
 3.110000e+002  1.979968e-007  4.593639e-007
 3.120000e+002 -7.788101e-007  4.259058e-007
 3.130000e+002 -7.159906e-008  2.152404e-007
 3.140000e+002 -6.507336e-008  4.623018e-007
 3.150000e+002  3.208367e-007  9.282028e-008
 3.160000e+002  1.767250e-007 -3.408047e-007
 3.170000e+002 -2.411358e-007  5.114684e-007
 3.180000e+002  1.128663e-007 -1.593440e-007
 3.190000e+002 -1.016792e-007 -3.476430e-007
 3.200000e+002 -2.864095e-007  8.316412e-008
 3.210000e+002 -1.156728e-007  9.710758e-008
 3.220000e+002 -2.458033e-007 -1.610255e-007
 3.230000e+002 -3.554280e-007 -4.266504e-007
 3.240000e+002 -6.156941e-007 -6.440966e-008
 3.250000e+002 -6.267516e-007 -1.393113e-007
 3.260000e+002  5.405972e-009  1.262423e-007
 3.270000e+002 -1.197059e-007 -3.110896e-007
 3.280000e+002 -5.815360e-007  6.748325e-007
 3.290000e+002 -8.777205e-007 -8.721941e-007
 3.300000e+002 -3.770359e-007  1.372163e-007
 3.310000e+002 -7.589548e-007  3.879608e-007
 3.320000e+002 -9.126790e-007  9.857995e-007
 3.330000e+002 -1.213094e-007  4.059667e-007
 3.340000e+002 -3.725524e-007  1.160222e-006
 3.350000e+002 -3.011511e-008  3.698269e-007
 3.360000e+002  1.338474e-007 -4.848751e-008
 3.370000e+002  1.559052e-007  7.284702e-007
 3.380000e+002  1.868348e-007 -6.318132e-009
 3.390000e+002 -3.354342e-007  6.290651e-007
 3.400000e+002  2.682675e-008 -8.214775e-008
 3.410000e+002  1.214032e-007 -4.311357e-007
 3.420000e+002 -2.564641e-008  2.451672e-007
 3.430000e+002 -1.144562e-007 -3.745182e-007
 3.440000e+002  3.249530e-007 -3.657413e-008
 3.450000e+002  5.383522e-008  4.746983e-007
 3.460000e+002  6.706502e-007  3.024935e-008
 3.470000e+002  4.073914e-007  2.095944e-007
 3.480000e+002  2.117704e-007 -2.145911e-007
 3.490000e+002 -1.589411e-007 -1.987240e-007
 3.500000e+002  5.732452e-008  1.210785e-007
 3.510000e+002  3.611880e-008 -1.859401e-008
 3.520000e+002 -1.123437e-007 -2.639704e-007
 3.530000e+002  3.802131e-007  3.791306e-007
 3.540000e+002 -6.086002e-009 -2.362861e-007
 3.550000e+002 -7.024284e-008  3.222241e-007
 3.560000e+002  3.237016e-007  3.930470e-007
 3.570000e+002  1.806130e-007 -2.391374e-007
 3.580000e+002 -9.661877e-009 -9.314545e-008
 3.590000e+002  8.561684e-008  8.522514e-009
 3.600000e+002 -3.116545e-007 -3.654960e-007
 3.610000e+002  2.217646e-007  3.270857e-007
 3.620000e+002 -1.058385e-007 -1.260943e-007
 3.630000e+002 -1.433974e-007  2.613721e-007
 3.640000e+002  1.829548e-007  4.504750e-008
 3.650000e+002 -2.962156e-008 -2.657124e-007
 3.660000e+002 -7.903100e-008  1.650720e-007
 3.670000e+002  2.063046e-008  3.773205e-008
 3.680000e+002  1.864596e-007 -2.391419e-007
 3.690000e+002 -7.586682e-008 -1.101898e-007
 3.700000e+002 -1.699347e-007 -5.208772e-008
 3.710000e+002 -3.935478e-008 -6.558249e-008
 3.720000e+002  5.624824e-008 -3.313470e-008
 3.730000e+002  2.335342e-007 -3.523844e-008
 3.740000e+002  2.282110e-007 -8.797392e-008
 3.750000e+002  2.947518e-007 -5.515861e-007
 3.760000e+002 -1.514304e-007  2.473639e-007
 3.770000e+002 -2.477713e-008  1.617049e-007
 3.780000e+002 -1.308760e-008 -1.428799e-007
 3.790000e+002  8.220594e-008  7.838981e-008
 3.800000e+002 -2.664336e-008  2.869978e-007
 3.810000e+002  2.873473e-008 -5.630946e-008
 3.820000e+002  1.209281e-007 -5.627941e-008
 3.830000e+002  9.545726e-009 -3.846209e-008
 3.840000e+002  3.738450e-007 -1.653160e-007
 3.850000e+002  3.589753e-007  2.011004e-007
 3.860000e+002  2.244635e-007 -7.482547e-008
 3.870000e+002  1.813751e-007 -6.267877e-008
 3.880000e+002 -1.878769e-007  4.213035e-007
 3.890000e+002  9.631817e-008 -2.790297e-008
 3.900000e+002 -5.686861e-009 -1.230398e-007
 3.910000e+002  3.009053e-007  8.732800e-008
 3.920000e+002  1.805868e-007 -9.357418e-008
 3.930000e+002 -1.252812e-007 -4.066414e-008
 3.940000e+002 -1.061509e-007 -1.210391e-007
 3.950000e+002  8.730642e-008  1.249435e-008
 3.960000e+002  1.750689e-007 -3.022594e-008
 3.970000e+002  7.761581e-008 -7.492084e-008
 3.980000e+002  1.317297e-007  2.401937e-007
 3.990000e+002  1.336347e-007  6.931540e-009
 4.000000e+002 -1.501513e-007  1.452756e-008
 4.010000e+002 -1.288238e-008  8.188108e-008
 4.020000e+002  8.809487e-008 -2.193332e-008
 4.030000e+002 -9.275412e-008  6.661717e-008
 4.040000e+002  7.148826e-008 -2.380009e-007
 4.050000e+002  5.266943e-007  1.821437e-007
 4.060000e+002  6.230307e-008 -7.863603e-008
 4.070000e+002  1.673334e-007 -1.519383e-007
 4.080000e+002 -2.511989e-008 -9.977624e-008
 4.090000e+002  1.011521e-007 -1.780143e-007
 4.100000e+002  1.207833e-007  8.721447e-008
 4.110000e+002  7.218877e-008  4.411657e-008
 4.120000e+002  2.733702e-007  7.744053e-008
 4.130000e+002  2.265246e-007  1.449401e-007
 4.140000e+002 -9.435627e-008  6.826025e-009
 4.150000e+002  1.197583e-007 -9.372596e-008
 4.160000e+002  4.463115e-008  3.555443e-009
 4.170000e+002  3.690773e-008  5.203892e-008
 4.180000e+002  4.860812e-008  2.073150e-007
 4.190000e+002  1.676528e-007  5.752647e-008
 4.200000e+002  1.495361e-008  3.333213e-009
 4.210000e+002 -7.645919e-008  1.171713e-008
 4.220000e+002 -2.374634e-008  1.974444e-007
 4.230000e+002  1.509025e-007  3.034400e-008
 4.240000e+002  2.130943e-007  2.859606e-008
 4.250000e+002  1.760779e-008  4.979796e-008
 4.260000e+002 -1.204037e-007  1.973173e-008
 4.270000e+002 -1.687404e-007 -8.240094e-008
 4.280000e+002  1.224338e-007  1.643162e-007
 4.290000e+002  1.148846e-007 -2.654471e-008
 4.300000e+002  1.472187e-007  1.002429e-008
 4.310000e+002  3.937383e-008  9.401632e-008
 4.320000e+002  2.027991e-007 -4.424932e-008
 4.330000e+002 -4.616002e-008  9.145346e-008
 4.340000e+002  1.569746e-007 -3.382115e-008
 4.350000e+002 -1.435459e-007  2.227918e-007
 4.360000e+002 -4.355066e-008  2.171870e-007
 4.370000e+002  4.858939e-008 -6.891914e-008
 4.380000e+002  4.075364e-008  2.057787e-007
 4.390000e+002  8.021719e-008  5.070726e-008
 4.400000e+002  4.856447e-008 -1.949023e-009
 4.410000e+002  2.571214e-008 -1.235422e-008
 4.420000e+002 -1.804288e-008  4.049034e-008
 4.430000e+002  1.303413e-007  1.481473e-008
 4.440000e+002  1.429506e-009  1.772342e-007
 4.450000e+002 -1.038468e-007  2.831203e-007
 4.460000e+002 -9.215392e-008  5.963074e-008
 4.470000e+002  2.239533e-008 -5.922825e-008
 4.480000e+002 -6.092092e-008  6.849022e-008
 4.490000e+002  2.228419e-008  1.815921e-008
 4.500000e+002 -1.093214e-007  1.244824e-008
 4.510000e+002  7.120978e-009  5.348449e-008
 4.520000e+002  1.135271e-007  5.765236e-008
 4.530000e+002 -3.721821e-008  3.747739e-008
 4.540000e+002 -5.425503e-008 -2.369508e-008
 4.550000e+002 -4.001325e-008  1.465083e-007
 4.560000e+002 -1.349000e-008  4.892615e-008
 4.570000e+002  7.544442e-010  1.312161e-007
 4.580000e+002 -3.437821e-008  1.078892e-007
 4.590000e+002 -4.013086e-008  1.775146e-007
 4.600000e+002 -6.602132e-008 -1.005534e-008
 4.610000e+002 -1.346537e-008  5.631354e-008
 4.620000e+002  1.368781e-008  4.292715e-008
 4.630000e+002 -2.194605e-008  4.016876e-008
 4.640000e+002 -1.641566e-007 -1.518668e-007
 4.650000e+002  2.256533e-007 -1.790084e-007
 4.660000e+002 -6.790865e-008  1.177856e-007
 4.670000e+002  1.452647e-007 -4.198549e-007
 4.680000e+002 -2.596653e-007  8.319536e-008
 4.690000e+002 -4.465430e-008  8.139696e-008
 4.700000e+002 -4.299963e-008 -7.788082e-008
 4.710000e+002 -4.356024e-008  2.873744e-008
 4.720000e+002 -1.423044e-007  5.176462e-008
 4.730000e+002 -1.495637e-007  2.604924e-008
 4.740000e+002 -2.316383e-008  1.019799e-007
 4.750000e+002 -2.708753e-008  4.744333e-008
 4.760000e+002 -1.052404e-007 -3.371390e-008
 4.770000e+002  6.397088e-008  8.372956e-008
 4.780000e+002  8.678885e-008 -7.039266e-009
 4.790000e+002 -2.659642e-007  4.023777e-009
 4.800000e+002  1.067235e-008  1.046686e-007
 4.810000e+002 -3.865801e-008  4.698101e-008
 4.820000e+002 -1.307784e-007  2.807632e-008
 4.830000e+002 -3.995968e-008  3.002201e-008
 4.840000e+002 -1.589071e-008 -1.337873e-007
 4.850000e+002 -1.610777e-008  2.390839e-008
 4.860000e+002 -1.585411e-007 -6.387002e-008
 4.870000e+002  1.097371e-008  4.019063e-008
 4.880000e+002 -2.342632e-009  1.043078e-007
 4.890000e+002  3.326304e-008 -7.776557e-008
 4.900000e+002 -2.602461e-008  1.046509e-007
 4.910000e+002 -1.110627e-007  6.213998e-008
 4.920000e+002 -1.106720e-007 -1.054413e-007
 4.930000e+002 -1.300226e-007 -1.954943e-009
 4.940000e+002 -3.280757e-009  8.864653e-008
 4.950000e+002 -1.463417e-008  1.830672e-007
 4.960000e+002  2.213613e-007 -8.480662e-008
 4.970000e+002  1.528446e-007 -1.226523e-008
 4.980000e+002 -2.677872e-008  4.562601e-008
 4.990000e+002  8.757477e-008 -5.805036e-008
 5.000000e+002 -9.781030e-008  1.283369e-007
 5.010000e+002  1.088255e-007  6.694887e-009
 5.020000e+002  7.726980e-009 -1.836879e-007
 5.030000e+002  1.591384e-009 -2.555243e-008
 5.040000e+002  4.158612e-008 -7.173511e-008
 5.050000e+002 -3.372507e-009 -4.181927e-008
 5.060000e+002 -8.563108e-009 -1.338542e-007
 5.070000e+002  1.106035e-008  8.123944e-008
 5.080000e+002 -6.324542e-009 -3.062234e-008
 5.090000e+002 -6.353038e-008  1.700262e-009
 5.100000e+002 -7.056902e-008 -1.575855e-007
 5.110000e+002  5.245103e-008  2.694631e-008
 5.120000e+002  3.458495e-008  4.778273e-011
