 0.000000e+000  2.555138e-007  0.000000e+000
 1.000000e+000 -9.993879e-007 -1.000617e-006
 2.000000e+000 -1.296993e-006 -6.224394e-007
 3.000000e+000 -1.731770e-006 -1.944797e-007
 4.000000e+000 -1.241199e-006 -4.301150e-007
 5.000000e+000 -1.587195e-006 -3.190669e-007
 6.000000e+000 -1.603203e-006  5.969551e-007
 7.000000e+000 -1.520786e-006 -3.726459e-007
 8.000000e+000 -1.353991e-006 -3.401759e-007
 9.000000e+000 -1.578944e-006 -1.582991e-007
 1.000000e+001 -1.471019e-006 -2.725602e-007
 1.100000e+001 -1.564637e-006 -1.397996e-007
 1.200000e+001 -1.604122e-006 -1.110664e-007
 1.300000e+001 -1.427765e-006 -1.682395e-007
 1.400000e+001 -8.481770e-007  4.586430e-008
 1.500000e+001  9.291533e-005  2.051228e-005
 1.600000e+001 -3.169029e-006 -6.273808e-007
 1.700000e+001 -3.271824e-006 -6.021901e-007
 1.800000e+001 -3.481569e-006 -4.218044e-007
 1.900000e+001 -4.427778e-006 -5.834640e-007
 2.000000e+001 -5.739978e-006 -7.146305e-007
 2.100000e+001 -1.036710e-005 -7.986305e-007
 2.200000e+001  2.031212e-005  1.615320e-004
 2.300000e+001  9.257731e-006  6.522865e-007
 2.400000e+001  4.056163e-006  5.032495e-007
 2.500000e+001  2.263308e-006  1.913204e-007
 2.600000e+001  1.471617e-006  1.942365e-007
 2.700000e+001  9.699491e-007  2.019356e-008
 2.800000e+001  6.644696e-007  8.585492e-008
 2.900000e+001  4.898547e-007  9.939416e-008
 3.000000e+001  7.651190e-006  9.332742e-006
 3.100000e+001 -1.032494e-007 -2.399978e-007
 3.200000e+001 -1.237879e-007 -4.399854e-008
 3.300000e+001 -2.044815e-007 -2.357234e-007
 3.400000e+001 -3.063527e-007 -1.099574e-007
 3.500000e+001 -4.452353e-007 -1.242444e-007
 3.600000e+001 -4.564385e-007 -1.340244e-007
 3.700000e+001 -5.777518e-007 -1.814726e-007
 3.800000e+001 -5.842285e-007 -1.053823e-007
 3.900000e+001 -6.336337e-007 -1.667757e-007
 4.000000e+001 -7.941715e-007 -1.257555e-007
 4.100000e+001 -9.145368e-007 -1.621548e-007
 4.200000e+001 -9.154673e-007 -1.958915e-007
 4.300000e+001 -1.315303e-006 -1.789564e-007
 4.400000e+001 -1.630949e-006 -3.532670e-007
 4.500000e+001 -7.010293e-006 -2.244631e-006
 4.600000e+001  9.157871e-007  2.061333e-007
 4.700000e+001 -1.589082e-007 -6.594729e-008
 4.800000e+001 -3.613089e-007 -9.100174e-008
 4.900000e+001 -5.222827e-007 -1.122555e-007
 5.000000e+001 -6.396957e-007 -1.806417e-007
 5.100000e+001 -7.748917e-007 -1.127332e-007
 5.200000e+001 -1.460212e-006 -7.047832e-008
 5.300000e+001 -9.351852e-007 -1.353782e-007
 5.400000e+001 -1.016501e-006 -9.862125e-010
 5.500000e+001 -1.054126e-006 -5.670682e-008
 5.600000e+001 -1.227390e-006 -7.497059e-009
 5.700000e+001 -1.223582e-006 -1.814692e-007
 5.800000e+001 -1.481353e-006 -7.221672e-008
 5.900000e+001 -1.571440e-006  1.215370e-007
 6.000000e+001 -8.462799e-007 -3.776061e-007
 6.100000e+001 -1.769943e-006  4.281884e-008
 6.200000e+001 -1.785824e-006  1.353346e-007
 6.300000e+001 -1.990079e-006  1.896074e-007
 6.400000e+001 -2.234707e-006  2.763709e-007
 6.500000e+001 -2.385633e-006  3.557583e-007
 6.600000e+001 -2.632867e-006  4.156292e-007
 6.700000e+001 -2.924410e-006  3.491082e-008
 6.800000e+001 -3.930309e-006  4.586166e-007
 6.900000e+001 -4.686799e-006  2.865605e-007
 7.000000e+001 -6.314469e-006  7.781083e-007
 7.100000e+001 -1.010729e-005  1.271391e-006
 7.200000e+001 -2.217456e-005  1.508501e-005
 7.300000e+001  1.869225e-005  1.375578e-005
 7.400000e+001  8.874638e-006  3.241689e-006
 7.500000e+001  5.554262e-006  1.777349e-006
 7.600000e+001  4.192555e-006  1.939887e-006
 7.700000e+001  3.463110e-006  1.556564e-006
 7.800000e+001  3.000874e-006  1.035928e-006
 7.900000e+001  2.676696e-006  8.573778e-007
 8.000000e+001  2.453422e-006  7.765449e-007
 8.100000e+001  2.231466e-006  7.290820e-007
 8.200000e+001  2.098016e-006  5.840176e-007
 8.300000e+001  1.929742e-006  5.540284e-007
 8.400000e+001  1.926957e-006  4.635489e-007
 8.500000e+001  1.702465e-006  2.941144e-007
 8.600000e+001  1.683918e-006  2.218512e-007
 8.700000e+001  1.494482e-006  1.056025e-007
 8.800000e+001  1.447326e-006  1.467950e-007
 8.900000e+001  1.194795e-006  2.282051e-007
 9.000000e+001  1.540247e-006  3.158158e-007
 9.100000e+001  1.645791e-006 -3.115884e-007
 9.200000e+001  1.413909e-006 -2.945907e-007
 9.300000e+001  1.209169e-006 -3.656778e-007
 9.400000e+001  1.085970e-006 -2.789693e-007
 9.500000e+001  9.957925e-007 -3.545583e-007
 9.600000e+001  8.984723e-007 -3.388687e-007
 9.700000e+001  8.109964e-007 -3.247365e-007
 9.800000e+001  7.460832e-007 -3.046953e-007
 9.900000e+001  6.259901e-007 -3.054665e-007
 1.000000e+002  6.010796e-007 -2.884489e-007
 1.010000e+002  5.627839e-007 -2.935276e-007
 1.020000e+002  5.348846e-007 -2.559430e-007
 1.030000e+002  4.483907e-007 -9.888612e-008
 1.040000e+002  3.043716e-007 -9.110273e-008
 1.050000e+002  8.882995e-007 -4.047295e-007
 1.060000e+002  7.240899e-007 -2.133271e-007
 1.070000e+002  4.925419e-007 -7.448224e-008
 1.080000e+002  4.659700e-007 -1.220438e-007
 1.090000e+002  4.986404e-007 -1.248740e-007
 1.100000e+002  5.214415e-007 -1.577564e-007
 1.110000e+002  5.242832e-007 -1.057690e-007
 1.120000e+002  4.943140e-007 -1.583400e-007
 1.130000e+002  4.674396e-007 -1.595383e-007
 1.140000e+002  4.446431e-007 -7.271028e-008
 1.150000e+002  4.807438e-007 -1.281750e-007
 1.160000e+002  4.098132e-007 -1.447189e-007
 1.170000e+002  4.663621e-007 -1.655207e-007
 1.180000e+002  3.607487e-007 -4.827279e-008
 1.190000e+002  4.014166e-007 -8.707960e-008
 1.200000e+002 -3.023987e-007 -2.251269e-007
 1.210000e+002  4.259394e-007 -4.095099e-008
 1.220000e+002  4.200813e-007 -1.084405e-007
 1.230000e+002  4.127390e-007 -1.186758e-007
 1.240000e+002  3.679844e-007 -1.088520e-007
 1.250000e+002  3.843839e-007 -1.276127e-007
 1.260000e+002  3.308742e-007 -1.603653e-007
 1.270000e+002  3.063318e-007 -1.417085e-007
 1.280000e+002  3.372516e-007 -7.384026e-008
 1.290000e+002  3.702171e-007 -1.146257e-007
 1.300000e+002  2.953682e-007 -7.826844e-008
 1.310000e+002  3.358698e-007 -8.061633e-008
 1.320000e+002  2.629111e-007 -1.141503e-007
 1.330000e+002  3.553297e-007 -6.553454e-008
 1.340000e+002  3.529780e-007 -1.034721e-007
 1.350000e+002  1.691093e-007 -2.407332e-007
 1.360000e+002  4.661811e-007 -3.194513e-007
 1.370000e+002  3.596925e-007 -6.642766e-008
 1.380000e+002  3.405851e-007 -1.494449e-007
 1.390000e+002  3.400822e-007 -8.890943e-008
 1.400000e+002  3.447709e-007 -8.745706e-008
 1.410000e+002  3.177412e-007 -9.221423e-008
 1.420000e+002  3.014086e-007 -1.102750e-007
 1.430000e+002  3.157890e-007 -1.268879e-007
 1.440000e+002  1.840265e-007 -9.988835e-008
 1.450000e+002  2.560398e-007 -1.203177e-007
 1.460000e+002  2.976344e-007 -1.118292e-007
 1.470000e+002  2.639588e-007 -7.969753e-008
 1.480000e+002  2.491867e-007 -1.322526e-007
 1.490000e+002  3.507009e-007 -1.767093e-007
 1.500000e+002  1.243816e-006 -9.112906e-007
 1.510000e+002  1.026555e-007  6.187168e-008
 1.520000e+002  1.886161e-007 -5.238757e-008
 1.530000e+002  1.307063e-007 -4.404603e-008
 1.540000e+002  1.952205e-007  2.632700e-008
 1.550000e+002  2.336978e-007 -7.784927e-008
 1.560000e+002  1.673054e-007 -1.270855e-008
 1.570000e+002  1.187328e-007  3.054337e-008
 1.580000e+002  1.386921e-007 -6.441164e-008
 1.590000e+002  1.742523e-007 -9.062344e-008
 1.600000e+002  1.598091e-007 -3.797516e-008
 1.610000e+002  1.490516e-007 -5.541772e-008
 1.620000e+002  2.000978e-007 -4.272966e-008
 1.630000e+002 -4.156205e-008 -5.759017e-008
 1.640000e+002 -1.325687e-007 -3.987363e-008
 1.650000e+002 -1.325066e-006 -5.263031e-007
 1.660000e+002  6.120747e-007 -8.768310e-008
 1.670000e+002  3.169515e-007  2.665691e-008
 1.680000e+002  3.411995e-007 -2.737222e-008
 1.690000e+002  2.631565e-007  3.491658e-008
 1.700000e+002  3.069514e-007  5.769551e-008
 1.710000e+002  2.838806e-007  3.702471e-008
 1.720000e+002  2.759034e-007  6.094263e-008
 1.730000e+002  2.537801e-007  9.514706e-009
 1.740000e+002  2.706036e-007  5.818007e-008
 1.750000e+002  2.962328e-007  8.440699e-008
 1.760000e+002  2.563296e-007  2.201255e-008
 1.770000e+002  2.626302e-007  3.548356e-008
 1.780000e+002  2.750137e-007 -4.228415e-009
 1.790000e+002  2.357332e-007  1.868849e-008
 1.800000e+002 -4.072645e-007 -1.512692e-007
 1.810000e+002  3.613901e-007  1.439818e-008
 1.820000e+002  2.745511e-007  1.375879e-008
 1.830000e+002  2.762538e-007 -2.594473e-009
 1.840000e+002  2.503776e-007  2.688997e-008
 1.850000e+002  2.550609e-007  4.748197e-008
 1.860000e+002  2.367471e-007  3.923351e-008
 1.870000e+002  2.042599e-007  1.078602e-009
 1.880000e+002  1.785709e-007  3.978593e-008
 1.890000e+002  1.843043e-007  5.083608e-008
 1.900000e+002  1.117440e-007  2.061380e-008
 1.910000e+002  1.436778e-007  5.551488e-008
 1.920000e+002  1.230581e-007  2.362451e-008
 1.930000e+002  1.121099e-007  6.752857e-008
 1.940000e+002 -1.767553e-007  1.071803e-007
 1.950000e+002  4.182681e-007  2.130038e-008
 1.960000e+002  3.533706e-007  2.967384e-008
 1.970000e+002  4.060369e-007 -5.133661e-008
 1.980000e+002  3.811965e-007  3.543940e-009
 1.990000e+002  3.453047e-007 -2.150758e-008
 2.000000e+002  3.169532e-007 -3.772716e-009
 2.010000e+002  2.404838e-007 -7.663080e-009
 2.020000e+002  2.626313e-007  7.287736e-008
 2.030000e+002  2.877430e-007 -8.952891e-009
 2.040000e+002  2.969242e-007  5.451513e-008
 2.050000e+002  2.526013e-007  5.093853e-008
 2.060000e+002  3.036255e-007  3.552406e-008
 2.070000e+002  2.147190e-007  4.398013e-009
 2.080000e+002  1.857215e-007 -4.640087e-009
 2.090000e+002  3.164577e-007 -3.446316e-009
 2.100000e+002  7.553392e-007 -2.630601e-007
 2.110000e+002  1.383303e-007  1.475726e-007
 2.120000e+002  1.783249e-007  1.291821e-007
 2.130000e+002  2.072857e-007  7.785161e-008
 2.140000e+002  1.672994e-007  6.554278e-008
 2.150000e+002  1.443028e-007  7.292131e-008
 2.160000e+002  2.158172e-007  7.919260e-008
 2.170000e+002  1.654941e-007  7.858571e-008
 2.180000e+002  1.870554e-007  4.950569e-008
 2.190000e+002  2.287335e-007  3.528264e-008
 2.200000e+002  2.001427e-007  6.544866e-008
 2.210000e+002  1.715455e-007  7.569605e-008
 2.220000e+002  1.793681e-007  8.548634e-008
 2.230000e+002  1.614441e-007  1.048216e-007
 2.240000e+002  1.335882e-007  1.837467e-007
 2.250000e+002  4.034376e-007  2.363295e-007
 2.260000e+002 -8.626831e-008 -7.393193e-007
 2.270000e+002  6.791517e-008 -1.835813e-007
 2.280000e+002  1.775256e-007 -7.200670e-008
 2.290000e+002  9.874102e-008 -9.033481e-009
 2.300000e+002  1.414127e-007  2.151442e-008
 2.310000e+002  1.511988e-007  5.457393e-008
 2.320000e+002  1.662157e-007 -3.140867e-008
 2.330000e+002  1.140579e-007  1.762100e-008
 2.340000e+002  9.315746e-008  3.711128e-008
 2.350000e+002  1.104269e-007  2.951470e-009
 2.360000e+002  1.679216e-007  8.211325e-008
 2.370000e+002  1.498661e-007  7.912060e-008
 2.380000e+002  1.575349e-007  8.142813e-008
 2.390000e+002  2.938887e-007 -8.282825e-008
 2.400000e+002  8.997611e-007  3.333683e-007
 2.410000e+002 -4.918087e-008  1.624558e-007
 2.420000e+002  6.049282e-008  3.261007e-008
 2.430000e+002  7.725228e-008  8.807500e-008
 2.440000e+002  3.204771e-008  1.739462e-007
 2.450000e+002  4.125858e-008  1.323614e-007
 2.460000e+002  1.254574e-008  1.780376e-007
 2.470000e+002  4.968702e-008  1.393594e-007
 2.480000e+002  3.536005e-008  1.075445e-007
 2.490000e+002  1.873470e-007  2.699358e-007
 2.500000e+002  2.228998e-007  2.533022e-007
 2.510000e+002  1.607728e-007  2.457540e-009
 2.520000e+002  1.371215e-007  1.606621e-008
 2.530000e+002  8.085477e-008 -1.039147e-007
 2.540000e+002 -2.073797e-007 -1.969508e-007
 2.550000e+002 -4.143153e-008 -3.114856e-007
 2.560000e+002  3.973842e-007  3.852416e-007
 2.570000e+002  2.952757e-007  2.788392e-007
 2.580000e+002  1.007284e-007  1.798253e-007
 2.590000e+002  8.125612e-008  1.200224e-007
 2.600000e+002  8.200228e-008  7.486577e-008
 2.610000e+002  1.042897e-007  1.122956e-007
 2.620000e+002  8.754129e-008  1.240200e-007
 2.630000e+002  6.323593e-008  1.216824e-007
 2.640000e+002  8.997094e-008  1.020886e-007
 2.650000e+002  6.237935e-008  1.615010e-007
 2.660000e+002  1.049520e-007  7.217944e-008
 2.670000e+002  8.111151e-008  6.194055e-008
 2.680000e+002  7.194518e-008  5.184999e-008
 2.690000e+002  6.148979e-008  3.923324e-008
 2.700000e+002 -9.394794e-008  8.196115e-008
 2.710000e+002 -1.934491e-008  4.576216e-008
 2.720000e+002  1.498921e-007  8.867999e-008
 2.730000e+002  9.395517e-008  3.311048e-008
 2.740000e+002  1.026621e-007  7.836304e-008
 2.750000e+002  1.063775e-007  6.184009e-008
 2.760000e+002  8.120657e-008  1.369431e-007
 2.770000e+002  9.804519e-008  3.450305e-008
 2.780000e+002  1.644002e-007  8.416818e-008
 2.790000e+002  1.115727e-007  3.771388e-008
 2.800000e+002  4.728753e-008  2.920358e-008
 2.810000e+002  1.079169e-007  3.847819e-008
 2.820000e+002  9.988322e-008  4.606891e-008
 2.830000e+002  1.460270e-007  1.221263e-007
 2.840000e+002  6.414974e-008  1.164148e-007
 2.850000e+002 -2.310271e-007  3.320166e-007
 2.860000e+002 -4.342436e-007  4.871028e-007
 2.870000e+002  2.190216e-008 -8.025426e-008
 2.880000e+002  2.349103e-008 -3.496451e-008
 2.890000e+002  9.501730e-008 -2.070024e-008
 2.900000e+002  2.271316e-008  6.095519e-008
 2.910000e+002 -4.904333e-008  4.585715e-008
 2.920000e+002  7.319427e-008  6.208454e-009
 2.930000e+002 -9.364077e-010 -8.825096e-008
 2.940000e+002  2.472953e-008  6.412175e-008
 2.950000e+002  9.608159e-008 -1.845741e-008
 2.960000e+002  2.979742e-008  2.487532e-008
 2.970000e+002  8.457465e-008  2.645049e-009
 2.980000e+002  8.351040e-008  3.464188e-008
 2.990000e+002 -3.257809e-008  6.329986e-008
 3.000000e+002 -1.370975e-007  6.932199e-008
 3.010000e+002  4.511254e-008 -5.952875e-008
 3.020000e+002 -1.482136e-008 -1.869477e-008
 3.030000e+002  4.657841e-008 -1.273837e-008
 3.040000e+002  4.847636e-009 -8.496423e-008
 3.050000e+002 -1.494844e-008 -2.815883e-009
 3.060000e+002 -1.442748e-008 -2.616711e-008
 3.070000e+002  4.713146e-008  4.815353e-009
 3.080000e+002  5.403608e-008  4.620433e-008
 3.090000e+002  5.733811e-009  3.915734e-008
 3.100000e+002  1.887571e-009 -2.092856e-008
 3.110000e+002  2.168708e-008 -8.418637e-008
 3.120000e+002 -1.718040e-008 -4.738742e-008
 3.130000e+002 -1.046010e-007 -5.330079e-008
 3.140000e+002 -1.187037e-007 -8.333481e-008
 3.150000e+002  3.886858e-007 -1.817865e-007
 3.160000e+002  3.789529e-007 -3.932983e-007
 3.170000e+002  8.804058e-008 -5.672256e-008
 3.180000e+002  8.454109e-008 -3.854776e-008
 3.190000e+002  9.741363e-008 -5.906644e-008
 3.200000e+002  6.525080e-008 -1.329325e-007
 3.210000e+002  1.090629e-007 -1.835320e-007
 3.220000e+002  1.242509e-008 -1.573800e-007
 3.230000e+002  2.395448e-008 -2.221436e-007
 3.240000e+002 -9.261876e-008 -1.139305e-007
 3.250000e+002 -8.126105e-008 -1.033908e-007
 3.260000e+002 -1.351142e-007 -1.307080e-007
 3.270000e+002 -1.283920e-007  4.218738e-008
 3.280000e+002 -9.152278e-008  5.894909e-009
 3.290000e+002  1.269132e-008 -5.939185e-008
 3.300000e+002 -9.268751e-008 -1.328139e-007
 3.310000e+002 -4.784311e-008 -7.826329e-008
 3.320000e+002  8.535885e-008 -6.938696e-008
 3.330000e+002  5.726798e-010 -1.179842e-007
 3.340000e+002 -5.814785e-008 -7.029375e-008
 3.350000e+002  1.569213e-008 -4.797669e-008
 3.360000e+002 -3.832883e-008 -6.492983e-008
 3.370000e+002 -4.724455e-008 -9.354506e-008
 3.380000e+002 -4.015364e-008 -7.727988e-008
 3.390000e+002 -2.166133e-008 -7.735611e-008
 3.400000e+002 -8.228767e-008 -1.249816e-007
 3.410000e+002 -8.126971e-008 -2.469071e-008
 3.420000e+002 -7.163529e-008 -5.059498e-008
 3.430000e+002 -4.890188e-008 -1.036321e-007
 3.440000e+002  3.316955e-008 -1.203597e-007
 3.450000e+002 -6.209967e-008  8.599617e-009
 3.460000e+002  2.096046e-007 -2.451150e-008
 3.470000e+002 -4.317480e-008 -1.167769e-007
 3.480000e+002 -4.227874e-008 -3.998859e-008
 3.490000e+002 -4.402350e-008 -4.946456e-008
 3.500000e+002  5.079253e-008 -1.016120e-007
 3.510000e+002 -5.161831e-009 -7.262964e-008
 3.520000e+002 -7.015498e-008 -5.685979e-008
 3.530000e+002 -6.114665e-009 -3.057494e-008
 3.540000e+002 -1.213988e-008 -3.253150e-008
 3.550000e+002  9.493374e-009 -9.330699e-008
 3.560000e+002 -1.114268e-008 -5.782923e-008
 3.570000e+002 -2.597678e-008 -5.873254e-008
 3.580000e+002  2.657737e-008 -2.939210e-008
 3.590000e+002  1.326208e-008 -5.981110e-008
 3.600000e+002 -6.535906e-008 -8.451594e-008
 3.610000e+002 -2.931709e-008 -6.274336e-008
 3.620000e+002 -1.903589e-009 -8.205791e-009
 3.630000e+002  1.414174e-008 -4.531662e-008
 3.640000e+002  1.329581e-009 -4.499433e-008
 3.650000e+002 -1.381925e-008 -7.385862e-008
 3.660000e+002 -7.338512e-009  9.985460e-009
 3.670000e+002 -2.195459e-008 -5.970509e-008
 3.680000e+002  1.335538e-008 -8.920495e-008
 3.690000e+002 -2.106745e-008 -6.175229e-008
 3.700000e+002 -2.355761e-008 -6.458402e-008
 3.710000e+002  2.505300e-008 -7.910061e-008
 3.720000e+002  2.134312e-008 -6.787314e-008
 3.730000e+002  1.267466e-008 -8.781993e-008
 3.740000e+002  1.280044e-007 -1.291756e-007
 3.750000e+002  1.735849e-007 -3.895552e-007
 3.760000e+002 -2.896353e-008  9.380449e-008
 3.770000e+002  1.832003e-008  1.361253e-007
 3.780000e+002  1.765704e-008  1.018964e-008
 3.790000e+002 -3.728910e-009  3.353976e-008
 3.800000e+002  3.565239e-009 -4.694131e-009
 3.810000e+002  1.745437e-008 -7.116959e-008
 3.820000e+002  1.923691e-008 -8.152902e-009
 3.830000e+002 -3.643079e-008 -7.723914e-008
 3.840000e+002  1.282673e-009 -3.554197e-008
 3.850000e+002  7.059725e-009 -1.802705e-008
 3.860000e+002 -1.160121e-008 -5.271906e-008
 3.870000e+002 -4.256505e-008 -4.335206e-008
 3.880000e+002  3.241896e-009  3.147694e-008
 3.890000e+002  6.994133e-008 -7.910079e-009
 3.900000e+002  3.967298e-008 -3.987534e-008
 3.910000e+002  3.697027e-008  2.710566e-009
 3.920000e+002  2.680927e-008  5.007741e-009
 3.930000e+002 -5.169983e-008 -1.666944e-008
 3.940000e+002  9.956488e-009 -1.045417e-007
 3.950000e+002 -4.091790e-008  2.859431e-008
 3.960000e+002  1.146346e-008  5.795810e-008
 3.970000e+002 -1.854688e-008 -3.650225e-008
 3.980000e+002 -7.888624e-008  4.319321e-008
 3.990000e+002 -1.958440e-008 -8.250226e-008
 4.000000e+002  8.054378e-009  4.033713e-008
 4.010000e+002 -3.643947e-009 -2.496399e-008
 4.020000e+002  4.219831e-008 -3.682013e-008
 4.030000e+002  4.692694e-008 -6.099406e-009
 4.040000e+002  5.384565e-008 -4.388566e-008
 4.050000e+002  3.249671e-007  9.687153e-008
 4.060000e+002 -1.162966e-007  3.778835e-008
 4.070000e+002  1.715034e-007 -8.534419e-008
 4.080000e+002  6.660294e-008  4.592814e-009
 4.090000e+002  8.925859e-008 -2.521295e-008
 4.100000e+002  7.132999e-008 -3.006824e-008
 4.110000e+002  1.084807e-007 -4.182635e-008
 4.120000e+002  1.003867e-007 -9.235026e-009
 4.130000e+002  6.420582e-008  3.165505e-008
 4.140000e+002  3.172759e-008 -3.853161e-009
 4.150000e+002  7.788378e-008 -6.195228e-008
 4.160000e+002  3.256075e-008  2.758478e-008
 4.170000e+002  1.017835e-007 -2.970645e-008
 4.180000e+002  1.576896e-007  3.136933e-009
 4.190000e+002  4.596758e-008  5.836817e-008
 4.200000e+002 -9.059941e-008  1.617595e-007
 4.210000e+002  2.307083e-008  4.073668e-008
 4.220000e+002 -1.529042e-008  7.811619e-008
 4.230000e+002  4.986695e-008 -2.981475e-008
 4.240000e+002  5.163372e-008  3.724915e-008
 4.250000e+002  9.360263e-008  1.819815e-009
 4.260000e+002 -7.779992e-008  5.489620e-008
 4.270000e+002  6.548195e-008  7.083665e-008
 4.280000e+002  3.928254e-008  1.267356e-009
 4.290000e+002  1.062158e-007  5.681738e-009
 4.300000e+002  1.162259e-007  4.045814e-008
 4.310000e+002  1.077988e-007  2.286972e-008
 4.320000e+002  3.576505e-008  3.108029e-009
 4.330000e+002  2.799173e-009  2.386045e-008
 4.340000e+002  1.867718e-007 -3.334478e-008
 4.350000e+002 -1.439372e-007  2.086888e-007
 4.360000e+002 -3.047175e-008  3.021654e-007
 4.370000e+002  4.074380e-008  6.996993e-008
 4.380000e+002  1.066286e-008  7.649710e-008
 4.390000e+002 -4.205407e-008  5.792503e-008
 4.400000e+002  1.563358e-008  2.085447e-008
 4.410000e+002 -1.156010e-008  2.951589e-008
 4.420000e+002  1.571863e-008  6.325643e-008
 4.430000e+002  3.806178e-008  1.526952e-008
 4.440000e+002  5.518908e-008  4.541636e-008
 4.450000e+002 -3.497517e-008  8.150942e-008
 4.460000e+002  3.146957e-008  3.479228e-008
 4.470000e+002 -1.101074e-008 -2.480375e-008
 4.480000e+002  3.557422e-008  6.329276e-008
 4.490000e+002  1.631602e-008 -2.574351e-008
 4.500000e+002 -6.688014e-008  1.331805e-007
 4.510000e+002 -9.791590e-008  9.575856e-008
 4.520000e+002  1.676145e-007 -8.215186e-008
 4.530000e+002  5.125749e-008  1.497887e-008
 4.540000e+002 -7.301162e-009  6.747512e-008
 4.550000e+002  3.393912e-008  5.718088e-008
 4.560000e+002  2.813838e-008 -3.475586e-008
 4.570000e+002  8.613330e-008  4.899685e-008
 4.580000e+002 -1.923275e-008  2.464801e-008
 4.590000e+002  5.175192e-008  8.900732e-008
 4.600000e+002  4.728097e-008 -1.985036e-008
 4.610000e+002  6.829064e-008  7.663563e-008
 4.620000e+002 -3.844227e-008  5.049642e-008
 4.630000e+002 -4.251995e-008  1.490909e-008
 4.640000e+002 -7.922344e-008 -8.531064e-008
 4.650000e+002  1.348126e-007 -2.368141e-008
 4.660000e+002 -2.352696e-009  5.652005e-008
 4.670000e+002  1.131608e-007 -2.895903e-007
 4.680000e+002 -8.079502e-008  7.975510e-008
 4.690000e+002 -4.405761e-008  4.981438e-008
 4.700000e+002 -4.552890e-008  2.803603e-008
 4.710000e+002  4.289173e-009  5.571655e-008
 4.720000e+002 -3.959635e-008  2.297258e-008
 4.730000e+002 -3.042241e-008  1.041646e-007
 4.740000e+002 -8.660720e-008  3.068538e-008
 4.750000e+002 -3.745074e-008 -1.368469e-009
 4.760000e+002 -3.214882e-009  6.656917e-009
 4.770000e+002 -1.863640e-008 -5.583477e-008
 4.780000e+002  2.484873e-008 -5.050781e-008
 4.790000e+002 -4.499689e-008  8.964453e-009
 4.800000e+002  3.481640e-008  1.269874e-008
 4.810000e+002 -4.895089e-008 -9.206679e-009
 4.820000e+002 -2.289404e-008  1.007253e-007
 4.830000e+002 -1.093033e-008  8.594568e-008
 4.840000e+002 -1.080443e-008 -2.262059e-008
 4.850000e+002 -2.145838e-008  2.971523e-008
 4.860000e+002 -7.072376e-008 -3.499584e-009
 4.870000e+002 -9.289707e-008  2.969950e-009
 4.880000e+002 -4.217053e-008 -2.587485e-009
 4.890000e+002 -3.147650e-008 -4.389590e-008
 4.900000e+002 -4.663341e-008 -3.309826e-008
 4.910000e+002 -7.673746e-008 -3.145611e-008
 4.920000e+002 -8.757445e-009 -5.620051e-008
 4.930000e+002 -9.451707e-008  1.209121e-008
 4.940000e+002  1.207952e-007  1.777826e-008
 4.950000e+002 -1.351896e-007  3.514902e-008
 4.960000e+002  1.994921e-008 -1.039052e-007
 4.970000e+002  1.710196e-007  2.208508e-007
 4.980000e+002 -2.692954e-008  2.814047e-008
 4.990000e+002  8.754308e-008  6.652821e-008
 5.000000e+002 -1.369532e-008  5.812752e-008
 5.010000e+002  4.586017e-008  1.678713e-008
 5.020000e+002  6.981088e-008 -6.269473e-008
 5.030000e+002 -2.136096e-008 -2.115023e-008
 5.040000e+002  3.089454e-008 -5.030183e-008
 5.050000e+002  4.044599e-008 -5.315662e-008
 5.060000e+002 -2.451903e-008 -1.060877e-009
 5.070000e+002  2.157886e-008  8.453936e-008
 5.080000e+002  2.309841e-008  2.402881e-008
 5.090000e+002  2.338006e-008  2.711459e-009
 5.100000e+002 -1.380826e-008 -1.802506e-008
 5.110000e+002  1.066954e-008  1.020809e-010
 5.120000e+002  5.427242e-008  5.546369e-011
