 0.000000e+000 -1.372240e-001  0.000000e+000
 6.250000e-002 -1.169105e-001  0.000000e+000
 1.250000e-001 -7.744421e-002  0.000000e+000
 1.875000e-001 -2.727589e-002  0.000000e+000
 2.500000e-001  2.569750e-002  0.000000e+000
 3.125000e-001  7.473729e-002  0.000000e+000
 3.750000e-001  1.136359e-001  0.000000e+000
 4.375000e-001  1.370709e-001  0.000000e+000
 5.000000e-001  1.405769e-001  0.000000e+000
 5.625000e-001  1.212713e-001  0.000000e+000
 6.250000e-001  8.128638e-002  0.000000e+000
 6.875000e-001  2.950637e-002  0.000000e+000
 7.500000e-001 -2.315256e-002  0.000000e+000
 8.125000e-001 -7.019212e-002  0.000000e+000
 8.750000e-001 -1.087106e-001  0.000000e+000
 9.375000e-001 -1.336530e-001  0.000000e+000
 1.000000e+000 -1.377420e-001  0.000000e+000
 1.062500e+000 -1.178891e-001  0.000000e+000
 1.125000e+000 -7.856388e-002  0.000000e+000
 1.187500e+000 -2.816247e-002  0.000000e+000
 1.250000e+000  2.534401e-002  0.000000e+000
 1.312500e+000  7.497523e-002  0.000000e+000
 1.375000e+000  1.143622e-001  0.000000e+000
 1.437500e+000  1.380489e-001  0.000000e+000
 1.500000e+000  1.415089e-001  0.000000e+000
 1.562500e+000  1.218986e-001  0.000000e+000
 1.625000e+000  8.140366e-002  0.000000e+000
 1.687500e+000  2.901640e-002  0.000000e+000
 1.750000e+000 -2.409860e-002  0.000000e+000
 1.812500e+000 -7.126511e-002  0.000000e+000
 1.875000e+000 -1.095765e-001  0.000000e+000
 1.937500e+000 -1.340486e-001  0.000000e+000
 2.000000e+000 -1.375170e-001  0.000000e+000
 2.062500e+000 -1.170907e-001  0.000000e+000
 2.125000e+000 -7.746982e-002  0.000000e+000
 2.187500e+000 -2.714101e-002  0.000000e+000
 2.250000e+000  2.593905e-002  0.000000e+000
 2.312500e+000  7.498932e-002  0.000000e+000
 2.375000e+000  1.137854e-001  0.000000e+000
 2.437500e+000  1.370686e-001  0.000000e+000
 2.500000e+000  1.404259e-001  0.000000e+000
 2.562500e+000  1.210293e-001  0.000000e+000
 2.625000e+000  8.099196e-002  0.000000e+000
 2.687500e+000  2.924022e-002  0.000000e+000
 2.750000e+000 -2.328939e-002  0.000000e+000
 2.812500e+000 -7.016638e-002  0.000000e+000
 2.875000e+000 -1.085763e-001  0.000000e+000
 2.937500e+000 -1.334740e-001  0.000000e+000
 3.000000e+000 -1.375141e-001  0.000000e+000
 3.062500e+000 -1.176183e-001  0.000000e+000
 3.125000e+000 -7.838720e-002  0.000000e+000
 3.187500e+000 -2.818392e-002  0.000000e+000
 3.250000e+000  2.514627e-002  0.000000e+000
 3.312500e+000  7.473584e-002  0.000000e+000
 3.375000e+000  1.141465e-001  0.000000e+000
 3.437500e+000  1.379071e-001  0.000000e+000
 3.500000e+000  1.414830e-001  0.000000e+000
 3.562500e+000  1.219707e-001  0.000000e+000
 3.625000e+000  8.151799e-002  0.000000e+000
 3.687500e+000  2.919626e-002  0.000000e+000
 3.750000e+000 -2.390449e-002  0.000000e+000
 3.812500e+000 -7.117998e-002  0.000000e+000
 3.875000e+000 -1.096224e-001  0.000000e+000
 3.937500e+000 -1.341587e-001  0.000000e+000
 4.000000e+000 -1.376116e-001  0.000000e+000
 4.062500e+000 -1.171803e-001  0.000000e+000
 4.125000e+000 -7.753035e-002  0.000000e+000
 4.187500e+000 -2.712998e-002  0.000000e+000
 4.250000e+000  2.607771e-002  0.000000e+000
 4.312500e+000  7.522517e-002  0.000000e+000
 4.375000e+000  1.140615e-001  0.000000e+000
 4.437500e+000  1.372904e-001  0.000000e+000
 4.500000e+000  1.405135e-001  0.000000e+000
 4.562500e+000  1.209565e-001  0.000000e+000
 4.625000e+000  8.083052e-002  0.000000e+000
 4.687500e+000  2.904461e-002  0.000000e+000
 4.750000e+000 -2.350053e-002  0.000000e+000
 4.812500e+000 -7.032920e-002  0.000000e+000
 4.875000e+000 -1.085736e-001  0.000000e+000
 4.937500e+000 -1.332665e-001  0.000000e+000
 5.000000e+000 -1.372085e-001  0.000000e+000
 5.062500e+000 -1.173825e-001  0.000000e+000
 5.125000e+000 -7.828497e-002  0.000000e+000
 5.187500e+000 -2.821163e-002  0.000000e+000
 5.250000e+000  2.501228e-002  0.000000e+000
 5.312500e+000  7.450507e-002  0.000000e+000
 5.375000e+000  1.138900e-001  0.000000e+000
 5.437500e+000  1.376822e-001  0.000000e+000
 5.500000e+000  1.413540e-001  0.000000e+000
 5.562500e+000  1.220166e-001  0.000000e+000
 5.625000e+000  8.176247e-002  0.000000e+000
 5.687500e+000  2.949619e-002  0.000000e+000
 5.750000e+000 -2.365714e-002  0.000000e+000
 5.812500e+000 -7.101706e-002  0.000000e+000
 5.875000e+000 -1.096115e-001  0.000000e+000
 5.937500e+000 -1.343341e-001  0.000000e+000
 6.000000e+000 -1.378965e-001  0.000000e+000
 6.062500e+000 -1.174114e-001  0.000000e+000
 6.125000e+000 -7.766654e-002  0.000000e+000
 6.187500e+000 -2.715992e-002  0.000000e+000
 6.250000e+000  2.613023e-002  0.000000e+000
 6.312500e+000  7.537869e-002  0.000000e+000
 6.375000e+000  1.142552e-001  0.000000e+000
 6.437500e+000  1.374424e-001  0.000000e+000
 6.500000e+000  1.405818e-001  0.000000e+000
 6.562500e+000  1.209325e-001  0.000000e+000
 6.625000e+000  8.068448e-002  0.000000e+000
 6.687500e+000  2.882901e-002  0.000000e+000
 6.750000e+000 -2.369155e-002  0.000000e+000
 6.812500e+000 -7.045666e-002  0.000000e+000
 6.875000e+000 -1.086482e-001  0.000000e+000
 6.937500e+000 -1.332482e-001  0.000000e+000
 7.000000e+000 -1.370435e-001  0.000000e+000
 7.062500e+000 -1.171025e-001  0.000000e+000
 7.125000e+000 -7.801281e-002  0.000000e+000
 7.187500e+000 -2.805513e-002  0.000000e+000
 7.250000e+000  2.500783e-002  0.000000e+000
 7.312500e+000  7.438194e-002  0.000000e+000
 7.375000e+000  1.136665e-001  0.000000e+000
 7.437500e+000  1.374255e-001  0.000000e+000
 7.500000e+000  1.411311e-001  0.000000e+000
 7.562500e+000  1.218557e-001  0.000000e+000
 7.625000e+000  8.171469e-002  0.000000e+000
 7.687500e+000  2.964386e-002  0.000000e+000
 7.750000e+000 -2.339878e-002  0.000000e+000
 7.812500e+000 -7.079101e-002  0.000000e+000
 7.875000e+000 -1.094591e-001  0.000000e+000
 7.937500e+000 -1.342569e-001  0.000000e+000
