 0.000000e+000 -1.618782e-003  0.000000e+000
 6.250000e-002  4.978375e-002  0.000000e+000
 1.250000e-001  9.435652e-002  0.000000e+000
 1.875000e-001  1.267374e-001  0.000000e+000
 2.500000e-001  1.411387e-001  0.000000e+000
 3.125000e-001  1.322249e-001  0.000000e+000
 3.750000e-001  9.918950e-002  0.000000e+000
 4.375000e-001  4.965023e-002  0.000000e+000
 5.000000e-001 -3.417344e-003  0.000000e+000
 5.625000e-001 -5.054961e-002  0.000000e+000
 6.250000e-001 -8.955906e-002  0.000000e+000
 6.875000e-001 -1.195150e-001  0.000000e+000
 7.500000e-001 -1.347027e-001  0.000000e+000
 8.125000e-001 -1.280464e-001  0.000000e+000
 8.750000e-001 -9.869416e-002  0.000000e+000
 9.375000e-001 -5.338926e-002  0.000000e+000
 1.000000e+000 -1.444590e-003  0.000000e+000
 1.062500e+000  4.949114e-002  0.000000e+000
 1.125000e+000  9.368603e-002  0.000000e+000
 1.187500e+000  1.259246e-001  0.000000e+000
 1.250000e+000  1.404869e-001  0.000000e+000
 1.312500e+000  1.319881e-001  0.000000e+000
 1.375000e+000  9.947345e-002  0.000000e+000
 1.437500e+000  5.037424e-002  0.000000e+000
 1.500000e+000 -2.518033e-003  0.000000e+000
 1.562500e+000 -4.976910e-002  0.000000e+000
 1.625000e+000 -8.912946e-002  0.000000e+000
 1.687500e+000 -1.195668e-001  0.000000e+000
 1.750000e+000 -1.352295e-001  0.000000e+000
 1.812500e+000 -1.288715e-001  0.000000e+000
 1.875000e+000 -9.952388e-002  0.000000e+000
 1.937500e+000 -5.396166e-002  0.000000e+000
 2.000000e+000 -1.582657e-003  0.000000e+000
 2.062500e+000  4.981382e-002  0.000000e+000
 2.125000e+000  9.435608e-002  0.000000e+000
 2.187500e+000  1.267351e-001  0.000000e+000
 2.250000e+000  1.411792e-001  0.000000e+000
 2.312500e+000  1.323258e-001  0.000000e+000
 2.375000e+000  9.935522e-002  0.000000e+000
 2.437500e+000  4.982706e-002  0.000000e+000
 2.500000e+000 -3.331757e-003  0.000000e+000
 2.562500e+000 -5.061247e-002  0.000000e+000
 2.625000e+000 -8.974362e-002  0.000000e+000
 2.687500e+000 -1.197653e-001  0.000000e+000
 2.750000e+000 -1.349709e-001  0.000000e+000
 2.812500e+000 -1.282615e-001  0.000000e+000
 2.875000e+000 -9.880111e-002  0.000000e+000
 2.937500e+000 -5.337574e-002  0.000000e+000
 3.000000e+000 -1.337396e-003  0.000000e+000
 3.062500e+000  4.964074e-002  0.000000e+000
 3.125000e+000  9.378711e-002  0.000000e+000
 3.187500e+000  1.259259e-001  0.000000e+000
 3.250000e+000  1.403428e-001  0.000000e+000
 3.312500e+000  1.316840e-001  0.000000e+000
 3.375000e+000  9.904818e-002  0.000000e+000
 3.437500e+000  4.989353e-002  0.000000e+000
 3.500000e+000 -2.887638e-003  0.000000e+000
 3.562500e+000 -4.990674e-002  0.000000e+000
 3.625000e+000 -8.899162e-002  0.000000e+000
 3.687500e+000 -1.192022e-001  0.000000e+000
 3.750000e+000 -1.347436e-001  0.000000e+000
 3.812500e+000 -1.284075e-001  0.000000e+000
 3.875000e+000 -9.922711e-002  0.000000e+000
 3.937500e+000 -5.389544e-002  0.000000e+000
 4.000000e+000 -1.749958e-003  0.000000e+000
 4.062500e+000  4.945831e-002  0.000000e+000
 4.125000e+000  9.392621e-002  0.000000e+000
 4.187500e+000  1.263336e-001  0.000000e+000
 4.250000e+000  1.409059e-001  0.000000e+000
 4.312500e+000  1.322516e-001  0.000000e+000
 4.375000e+000  9.946152e-002  0.000000e+000
 4.437500e+000  5.005631e-002  0.000000e+000
 4.500000e+000 -3.031541e-003  0.000000e+000
 4.562500e+000 -5.030911e-002  0.000000e+000
 4.625000e+000 -8.950908e-002  0.000000e+000
 4.687500e+000 -1.196461e-001  0.000000e+000
 4.750000e+000 -1.349970e-001  0.000000e+000
 4.812500e+000 -1.284120e-001  0.000000e+000
 4.875000e+000 -9.897757e-002  0.000000e+000
 4.937500e+000 -5.346385e-002  0.000000e+000
 5.000000e+000 -1.270596e-003  0.000000e+000
 5.062500e+000  4.982896e-002  0.000000e+000
 5.125000e+000  9.404434e-002  0.000000e+000
 5.187500e+000  1.261914e-001  0.000000e+000
 5.250000e+000  1.405867e-001  0.000000e+000
 5.312500e+000  1.318780e-001  0.000000e+000
 5.375000e+000  9.916186e-002  0.000000e+000
 5.437500e+000  4.993701e-002  0.000000e+000
 5.500000e+000 -2.943957e-003  0.000000e+000
 5.562500e+000 -5.005014e-002  0.000000e+000
 5.625000e+000 -8.916820e-002  0.000000e+000
 5.687500e+000 -1.193602e-001  0.000000e+000
 5.750000e+000 -1.348544e-001  0.000000e+000
 5.812500e+000 -1.284674e-001  0.000000e+000
 5.875000e+000 -9.924515e-002  0.000000e+000
 5.937500e+000 -5.389214e-002  0.000000e+000
 6.000000e+000 -1.724648e-003  0.000000e+000
 6.062500e+000  4.952303e-002  0.000000e+000
 6.125000e+000  9.397024e-002  0.000000e+000
 6.187500e+000  1.263532e-001  0.000000e+000
 6.250000e+000  1.409335e-001  0.000000e+000
 6.312500e+000  1.323393e-001  0.000000e+000
 6.375000e+000  9.961369e-002  0.000000e+000
 6.437500e+000  5.019425e-002  0.000000e+000
 6.500000e+000 -2.995621e-003  0.000000e+000
 6.562500e+000 -5.039200e-002  0.000000e+000
 6.625000e+000 -8.967708e-002  0.000000e+000
 6.687500e+000 -1.198682e-001  0.000000e+000
 6.750000e+000 -1.352194e-001  0.000000e+000
 6.812500e+000 -1.285814e-001  0.000000e+000
 6.875000e+000 -9.906211e-002  0.000000e+000
 6.937500e+000 -5.344824e-002  0.000000e+000
 7.000000e+000 -1.167815e-003  0.000000e+000
 7.062500e+000  4.997543e-002  0.000000e+000
 7.125000e+000  9.415421e-002  0.000000e+000
 7.187500e+000  1.261988e-001  0.000000e+000
 7.250000e+000  1.404610e-001  0.000000e+000
 7.312500e+000  1.316293e-001  0.000000e+000
 7.375000e+000  9.882914e-002  0.000000e+000
 7.437500e+000  4.956514e-002  0.000000e+000
 7.500000e+000 -3.243427e-003  0.000000e+000
 7.562500e+000 -5.013774e-002  0.000000e+000
 7.625000e+000 -8.900167e-002  0.000000e+000
 7.687500e+000 -1.189916e-001  0.000000e+000
 7.750000e+000 -1.344112e-001  0.000000e+000
 7.812500e+000 -1.280774e-001  0.000000e+000
 7.875000e+000 -9.899965e-002  0.000000e+000
 7.937500e+000 -5.381228e-002  0.000000e+000
