 0.000000e+000  9.918606e-001  0.000000e+000
 5.000000e-001  9.592261e-001  0.000000e+000
 1.000000e+000  9.555559e-001  0.000000e+000
 1.500000e+000  9.607612e-001  0.000000e+000
 2.000000e+000  9.612970e-001  0.000000e+000
 2.500000e+000  9.641544e-001  0.000000e+000
 3.000000e+000  9.635690e-001  0.000000e+000
 3.500000e+000  9.644241e-001  0.000000e+000
 4.000000e+000  9.567899e-001  0.000000e+000
 4.500000e+000  9.658877e-001  0.000000e+000
 5.000000e+000  9.670695e-001  0.000000e+000
 5.500000e+000  9.685273e-001  0.000000e+000
 6.000000e+000  9.639183e-001  0.000000e+000
 6.500000e+000  9.630019e-001  0.000000e+000
 7.000000e+000  9.651352e-001  0.000000e+000
 7.500000e+000  9.679823e-001  0.000000e+000
 8.000000e+000  9.659129e-001  0.000000e+000
 8.500000e+000  9.644976e-001  0.000000e+000
 9.000000e+000  9.621530e-001  0.000000e+000
 9.500000e+000  9.640568e-001  0.000000e+000
 1.000000e+001  9.631943e-001  0.000000e+000
 1.050000e+001  9.631887e-001  0.000000e+000
 1.100000e+001  9.617790e-001  0.000000e+000
 1.150000e+001  9.612532e-001  0.000000e+000
 1.200000e+001  9.628059e-001  0.000000e+000
 1.250000e+001  9.609031e-001  0.000000e+000
 1.300000e+001  9.623569e-001  0.000000e+000
 1.350000e+001  9.650667e-001  0.000000e+000
 1.400000e+001  9.673937e-001  0.000000e+000
 1.450000e+001  9.677371e-001  0.000000e+000
 1.500000e+001  9.691841e-001  0.000000e+000
 1.550000e+001  9.705152e-001  0.000000e+000
 1.600000e+001  9.703830e-001  0.000000e+000
 1.650000e+001  9.722424e-001  0.000000e+000
 1.700000e+001  9.734846e-001  0.000000e+000
 1.750000e+001  9.735381e-001  0.000000e+000
 1.800000e+001  9.728525e-001  0.000000e+000
 1.850000e+001  9.731911e-001  0.000000e+000
 1.900000e+001  9.714841e-001  0.000000e+000
 1.950000e+001  9.722008e-001  0.000000e+000
 2.000000e+001  9.721181e-001  0.000000e+000
 2.050000e+001  9.700822e-001  0.000000e+000
 2.100000e+001  9.694488e-001  0.000000e+000
 2.150000e+001  9.693962e-001  0.000000e+000
 2.200000e+001  9.720053e-001  0.000000e+000
 2.250000e+001  9.547934e-001  0.000000e+000
 2.300000e+001  9.593738e-001  0.000000e+000
 2.350000e+001  9.613037e-001  0.000000e+000
 2.400000e+001  9.619086e-001  0.000000e+000
 2.450000e+001  9.625920e-001  0.000000e+000
 2.500000e+001  9.622125e-001  0.000000e+000
 2.550000e+001  9.631357e-001  0.000000e+000
 2.600000e+001  9.634467e-001  0.000000e+000
 2.650000e+001  9.640626e-001  0.000000e+000
 2.700000e+001  9.654115e-001  0.000000e+000
 2.750000e+001  9.662903e-001  0.000000e+000
 2.800000e+001  9.663560e-001  0.000000e+000
 2.850000e+001  9.657726e-001  0.000000e+000
 2.900000e+001  9.681942e-001  0.000000e+000
 2.950000e+001  9.677767e-001  0.000000e+000
 3.000000e+001  9.671485e-001  0.000000e+000
 3.050000e+001  9.674096e-001  0.000000e+000
 3.100000e+001  9.657971e-001  0.000000e+000
 3.150000e+001  9.649392e-001  0.000000e+000
 3.200000e+001  9.650400e-001  0.000000e+000
 3.250000e+001  9.624053e-001  0.000000e+000
 3.300000e+001  9.647671e-001  0.000000e+000
 3.350000e+001  9.607644e-001  0.000000e+000
 3.400000e+001  9.580046e-001  0.000000e+000
 3.450000e+001  9.617914e-001  0.000000e+000
 3.500000e+001  9.558463e-001  0.000000e+000
 3.550000e+001  9.562818e-001  0.000000e+000
 3.600000e+001  9.532632e-001  0.000000e+000
 3.650000e+001  9.542249e-001  0.000000e+000
 3.700000e+001  9.551128e-001  0.000000e+000
 3.750000e+001  9.520032e-001  0.000000e+000
 3.800000e+001  9.557767e-001  0.000000e+000
 3.850000e+001  9.486079e-001  0.000000e+000
 3.900000e+001  9.484219e-001  0.000000e+000
 3.950000e+001  9.475237e-001  0.000000e+000
 4.000000e+001  9.520481e-001  0.000000e+000
 4.050000e+001  9.464219e-001  0.000000e+000
 4.100000e+001  9.438993e-001  0.000000e+000
 4.150000e+001  9.371794e-001  0.000000e+000
 4.200000e+001  9.460769e-001  0.000000e+000
 4.250000e+001  9.468579e-001  0.000000e+000
 4.300000e+001  9.305009e-001  0.000000e+000
 4.350000e+001  9.439406e-001  0.000000e+000
 4.400000e+001  9.360697e-001  0.000000e+000
 4.450000e+001  9.305609e-001  0.000000e+000
 4.500000e+001  9.254854e-001  0.000000e+000
 4.550000e+001  9.209085e-001  0.000000e+000
 4.600000e+001  9.059908e-001  0.000000e+000
 4.650000e+001  9.183260e-001  0.000000e+000
 4.700000e+001  9.107015e-001  0.000000e+000
 4.750000e+001  9.073472e-001  0.000000e+000
 4.800000e+001  9.086909e-001  0.000000e+000
 4.850000e+001  8.908973e-001  0.000000e+000
 4.900000e+001  8.771755e-001  0.000000e+000
 4.950000e+001  8.922796e-001  0.000000e+000
 5.000000e+001  8.746412e-001  0.000000e+000
 5.050000e+001  8.752243e-001  0.000000e+000
 5.100000e+001  8.861349e-001  0.000000e+000
 5.150000e+001  8.877362e-001  0.000000e+000
 5.200000e+001  8.612918e-001  0.000000e+000
 5.250000e+001  8.383658e-001  0.000000e+000
 5.300000e+001  8.277034e-001  0.000000e+000
 5.350000e+001  8.550857e-001  0.000000e+000
 5.400000e+001  8.198904e-001  0.000000e+000
 5.450000e+001  8.674684e-001  0.000000e+000
 5.500000e+001  8.215656e-001  0.000000e+000
 5.550000e+001  8.146316e-001  0.000000e+000
 5.600000e+001  8.398845e-001  0.000000e+000
 5.650000e+001  8.278639e-001  0.000000e+000
 5.700000e+001  8.202981e-001  0.000000e+000
 5.750000e+001  8.477325e-001  0.000000e+000
 5.800000e+001  8.392373e-001  0.000000e+000
 5.850000e+001  8.590214e-001  0.000000e+000
 5.900000e+001  8.672030e-001  0.000000e+000
 5.950000e+001  9.030445e-001  0.000000e+000
 6.000000e+001  8.761403e-001  0.000000e+000
 6.050000e+001  8.821615e-001  0.000000e+000
 6.100000e+001  9.286942e-001  0.000000e+000
 6.150000e+001  9.178860e-001  0.000000e+000
 6.200000e+001  9.314269e-001  0.000000e+000
 6.250000e+001  9.394007e-001  0.000000e+000
 6.300000e+001  9.431012e-001  0.000000e+000
 6.350000e+001  9.402307e-001  0.000000e+000
 6.400000e+001  9.261358e-001  0.000000e+000
 6.450000e+001  9.542643e-001  0.000000e+000
 6.500000e+001  9.520490e-001  0.000000e+000
 6.550000e+001  9.579151e-001  0.000000e+000
 6.600000e+001  9.510784e-001  0.000000e+000
 6.650000e+001  9.641305e-001  0.000000e+000
 6.700000e+001  9.624323e-001  0.000000e+000
 6.750000e+001  9.654461e-001  0.000000e+000
 6.800000e+001  9.582950e-001  0.000000e+000
 6.850000e+001  9.715059e-001  0.000000e+000
 6.900000e+001  9.727970e-001  0.000000e+000
 6.950000e+001  9.709409e-001  0.000000e+000
 7.000000e+001  9.720821e-001  0.000000e+000
 7.050000e+001  9.742573e-001  0.000000e+000
 7.100000e+001  9.817553e-001  0.000000e+000
 7.150000e+001  9.819927e-001  0.000000e+000
 7.200000e+001  9.830300e-001  0.000000e+000
 7.250000e+001  9.828125e-001  0.000000e+000
 7.300000e+001  9.892250e-001  0.000000e+000
 7.350000e+001  9.936404e-001  0.000000e+000
 7.400000e+001  9.938971e-001  0.000000e+000
 7.450000e+001  9.946693e-001  0.000000e+000
 7.500000e+001  9.955594e-001  0.000000e+000
 7.550000e+001  9.972064e-001  0.000000e+000
 7.600000e+001  9.964656e-001  0.000000e+000
 7.650000e+001  9.973403e-001  0.000000e+000
 7.700000e+001  9.973565e-001  0.000000e+000
 7.750000e+001  9.965525e-001  0.000000e+000
 7.800000e+001  9.959767e-001  0.000000e+000
 7.850000e+001  9.956539e-001  0.000000e+000
 7.900000e+001  9.937952e-001  0.000000e+000
 7.950000e+001  9.840860e-001  0.000000e+000
 8.000000e+001  9.842236e-001  0.000000e+000
 8.050000e+001  9.896533e-001  0.000000e+000
 8.100000e+001  9.900920e-001  0.000000e+000
 8.150000e+001  9.893216e-001  0.000000e+000
 8.200000e+001  9.889101e-001  0.000000e+000
 8.250000e+001  9.894708e-001  0.000000e+000
 8.300000e+001  9.888947e-001  0.000000e+000
 8.350000e+001  9.882748e-001  0.000000e+000
 8.400000e+001  9.890251e-001  0.000000e+000
 8.450000e+001  9.889490e-001  0.000000e+000
 8.500000e+001  9.877010e-001  0.000000e+000
 8.550000e+001  9.889036e-001  0.000000e+000
 8.600000e+001  9.879715e-001  0.000000e+000
 8.650000e+001  9.886824e-001  0.000000e+000
 8.700000e+001  9.880088e-001  0.000000e+000
 8.750000e+001  9.892855e-001  0.000000e+000
 8.800000e+001  9.878882e-001  0.000000e+000
 8.850000e+001  9.869524e-001  0.000000e+000
 8.900000e+001  9.859560e-001  0.000000e+000
 8.950000e+001  9.895437e-001  0.000000e+000
 9.000000e+001  9.856933e-001  0.000000e+000
 9.050000e+001  9.886238e-001  0.000000e+000
 9.100000e+001  9.806371e-001  0.000000e+000
 9.150000e+001  9.815238e-001  0.000000e+000
 9.200000e+001  9.807093e-001  0.000000e+000
 9.250000e+001  9.781036e-001  0.000000e+000
 9.300000e+001  9.795939e-001  0.000000e+000
 9.350000e+001  9.835023e-001  0.000000e+000
 9.400000e+001  9.775635e-001  0.000000e+000
 9.450000e+001  9.745740e-001  0.000000e+000
 9.500000e+001  9.757792e-001  0.000000e+000
 9.550000e+001  9.731897e-001  0.000000e+000
 9.600000e+001  9.717294e-001  0.000000e+000
 9.650000e+001  9.713905e-001  0.000000e+000
 9.700000e+001  9.771056e-001  0.000000e+000
 9.750000e+001  9.722865e-001  0.000000e+000
 9.800000e+001  9.647983e-001  0.000000e+000
 9.850000e+001  9.456231e-001  0.000000e+000
 9.900000e+001  9.612123e-001  0.000000e+000
 9.950000e+001  9.677240e-001  0.000000e+000
 1.000000e+002  9.631997e-001  0.000000e+000
 1.005000e+002  9.656504e-001  0.000000e+000
 1.010000e+002  9.580783e-001  0.000000e+000
 1.015000e+002  9.591910e-001  0.000000e+000
 1.020000e+002  9.396549e-001  0.000000e+000
 1.025000e+002  9.358710e-001  0.000000e+000
 1.030000e+002  9.445885e-001  0.000000e+000
 1.035000e+002  9.567501e-001  0.000000e+000
 1.040000e+002  9.666008e-001  0.000000e+000
 1.045000e+002  9.467284e-001  0.000000e+000
 1.050000e+002  9.420630e-001  0.000000e+000
 1.055000e+002  9.525940e-001  0.000000e+000
 1.060000e+002  9.486825e-001  0.000000e+000
 1.065000e+002  9.581247e-001  0.000000e+000
 1.070000e+002  9.456778e-001  0.000000e+000
 1.075000e+002  9.579372e-001  0.000000e+000
 1.080000e+002  9.521636e-001  0.000000e+000
 1.085000e+002  9.547234e-001  0.000000e+000
 1.090000e+002  9.565348e-001  0.000000e+000
 1.095000e+002  9.448037e-001  0.000000e+000
 1.100000e+002  9.618896e-001  0.000000e+000
 1.105000e+002  9.533303e-001  0.000000e+000
 1.110000e+002  9.695075e-001  0.000000e+000
 1.115000e+002  9.616036e-001  0.000000e+000
 1.120000e+002  9.689228e-001  0.000000e+000
 1.125000e+002  9.712992e-001  0.000000e+000
 1.130000e+002  9.687198e-001  0.000000e+000
 1.135000e+002  9.539866e-001  0.000000e+000
 1.140000e+002  9.257782e-001  0.000000e+000
 1.145000e+002  7.812958e-001  0.000000e+000
 1.150000e+002  7.124432e-001  0.000000e+000
 1.155000e+002  7.209434e-001  0.000000e+000
 1.160000e+002  7.412568e-001  0.000000e+000
 1.165000e+002  7.909377e-001  0.000000e+000
 1.170000e+002  7.980974e-001  0.000000e+000
 1.175000e+002  7.890257e-001  0.000000e+000
 1.180000e+002  7.978591e-001  0.000000e+000
 1.185000e+002  7.738329e-001  0.000000e+000
 1.190000e+002  8.473083e-001  0.000000e+000
 1.195000e+002  8.202865e-001  0.000000e+000
 1.200000e+002  7.963856e-001  0.000000e+000
 1.205000e+002  8.278439e-001  0.000000e+000
 1.210000e+002  7.812324e-001  0.000000e+000
 1.215000e+002  8.653719e-001  0.000000e+000
 1.220000e+002  8.519736e-001  0.000000e+000
 1.225000e+002  8.020355e-001  0.000000e+000
 1.230000e+002  8.140506e-001  0.000000e+000
 1.235000e+002  8.156311e-001  0.000000e+000
 1.240000e+002  8.317349e-001  0.000000e+000
 1.245000e+002  8.367854e-001  0.000000e+000
 1.250000e+002  8.500896e-001  0.000000e+000
 1.255000e+002  8.308586e-001  0.000000e+000
 1.260000e+002  8.635878e-001  0.000000e+000
 1.265000e+002  8.423164e-001  0.000000e+000
 1.270000e+002  8.328415e-001  0.000000e+000
 1.275000e+002  8.839811e-001  0.000000e+000
 1.280000e+002  8.600290e-001  0.000000e+000
 1.285000e+002  8.789681e-001  0.000000e+000
 1.290000e+002  8.924968e-001  0.000000e+000
 1.295000e+002  8.549706e-001  0.000000e+000
 1.300000e+002  8.508810e-001  0.000000e+000
 1.305000e+002  8.619169e-001  0.000000e+000
 1.310000e+002  8.659785e-001  0.000000e+000
 1.315000e+002  8.777738e-001  0.000000e+000
 1.320000e+002  8.797885e-001  0.000000e+000
 1.325000e+002  8.868970e-001  0.000000e+000
 1.330000e+002  8.915281e-001  0.000000e+000
 1.335000e+002  8.694804e-001  0.000000e+000
 1.340000e+002  8.963465e-001  0.000000e+000
 1.345000e+002  8.566392e-001  0.000000e+000
 1.350000e+002  8.645915e-001  0.000000e+000
 1.355000e+002  8.351517e-001  0.000000e+000
 1.360000e+002  8.544576e-001  0.000000e+000
 1.365000e+002  8.041511e-001  0.000000e+000
 1.370000e+002  8.479003e-001  0.000000e+000
 1.375000e+002  8.890485e-001  0.000000e+000
 1.380000e+002  8.636332e-001  0.000000e+000
 1.385000e+002  8.714476e-001  0.000000e+000
 1.390000e+002  8.679973e-001  0.000000e+000
 1.395000e+002  8.887613e-001  0.000000e+000
 1.400000e+002  8.757377e-001  0.000000e+000
 1.405000e+002  8.626468e-001  0.000000e+000
 1.410000e+002  9.243068e-001  0.000000e+000
 1.415000e+002  8.792309e-001  0.000000e+000
 1.420000e+002  8.605927e-001  0.000000e+000
 1.425000e+002  9.100018e-001  0.000000e+000
 1.430000e+002  8.844168e-001  0.000000e+000
 1.435000e+002  8.694483e-001  0.000000e+000
 1.440000e+002  8.536207e-001  0.000000e+000
 1.445000e+002  8.916788e-001  0.000000e+000
 1.450000e+002  9.048975e-001  0.000000e+000
 1.455000e+002  8.985561e-001  0.000000e+000
 1.460000e+002  8.861359e-001  0.000000e+000
 1.465000e+002  9.011384e-001  0.000000e+000
 1.470000e+002  8.744667e-001  0.000000e+000
 1.475000e+002  8.725039e-001  0.000000e+000
 1.480000e+002  8.825195e-001  0.000000e+000
 1.485000e+002  8.638327e-001  0.000000e+000
 1.490000e+002  8.505777e-001  0.000000e+000
 1.495000e+002  8.994714e-001  0.000000e+000
 1.500000e+002  8.690805e-001  0.000000e+000
 1.505000e+002  8.877933e-001  0.000000e+000
 1.510000e+002  9.031237e-001  0.000000e+000
 1.515000e+002  8.883734e-001  0.000000e+000
 1.520000e+002  8.726106e-001  0.000000e+000
 1.525000e+002  8.874182e-001  0.000000e+000
 1.530000e+002  8.934075e-001  0.000000e+000
 1.535000e+002  9.088421e-001  0.000000e+000
 1.540000e+002  8.735055e-001  0.000000e+000
 1.545000e+002  8.783528e-001  0.000000e+000
 1.550000e+002  8.507658e-001  0.000000e+000
 1.555000e+002  8.895547e-001  0.000000e+000
 1.560000e+002  8.837467e-001  0.000000e+000
 1.565000e+002  8.603800e-001  0.000000e+000
 1.570000e+002  8.780296e-001  0.000000e+000
 1.575000e+002  8.626746e-001  0.000000e+000
 1.580000e+002  8.999805e-001  0.000000e+000
 1.585000e+002  8.595976e-001  0.000000e+000
 1.590000e+002  8.326949e-001  0.000000e+000
 1.595000e+002  8.309205e-001  0.000000e+000
 1.600000e+002  8.187138e-001  0.000000e+000
 1.605000e+002  8.646150e-001  0.000000e+000
 1.610000e+002  8.405294e-001  0.000000e+000
 1.615000e+002  8.108072e-001  0.000000e+000
 1.620000e+002  8.429500e-001  0.000000e+000
 1.625000e+002  9.201300e-001  0.000000e+000
 1.630000e+002  8.422026e-001  0.000000e+000
 1.635000e+002  8.676802e-001  0.000000e+000
 1.640000e+002  8.708270e-001  0.000000e+000
 1.645000e+002  9.142249e-001  0.000000e+000
 1.650000e+002  8.129871e-001  0.000000e+000
 1.655000e+002  8.151984e-001  0.000000e+000
 1.660000e+002  7.976686e-001  0.000000e+000
 1.665000e+002  8.317424e-001  0.000000e+000
 1.670000e+002  8.498124e-001  0.000000e+000
 1.675000e+002  8.976825e-001  0.000000e+000
 1.680000e+002  8.446783e-001  0.000000e+000
 1.685000e+002  8.787194e-001  0.000000e+000
 1.690000e+002  8.882297e-001  0.000000e+000
 1.695000e+002  7.958941e-001  0.000000e+000
 1.700000e+002  8.251767e-001  0.000000e+000
 1.705000e+002  8.256013e-001  0.000000e+000
 1.710000e+002  8.091308e-001  0.000000e+000
 1.715000e+002  8.632264e-001  0.000000e+000
 1.720000e+002  7.881410e-001  0.000000e+000
 1.725000e+002  7.537535e-001  0.000000e+000
 1.730000e+002  7.953093e-001  0.000000e+000
 1.735000e+002  7.760574e-001  0.000000e+000
 1.740000e+002  7.550067e-001  0.000000e+000
 1.745000e+002  7.975582e-001  0.000000e+000
 1.750000e+002  8.003477e-001  0.000000e+000
 1.755000e+002  7.567042e-001  0.000000e+000
 1.760000e+002  8.263947e-001  0.000000e+000
 1.765000e+002  7.828197e-001  0.000000e+000
 1.770000e+002  7.388222e-001  0.000000e+000
 1.775000e+002  6.644804e-001  0.000000e+000
 1.780000e+002  7.199501e-001  0.000000e+000
 1.785000e+002  7.199149e-001  0.000000e+000
 1.790000e+002  7.437764e-001  0.000000e+000
 1.795000e+002  7.684350e-001  0.000000e+000
 1.800000e+002  7.526041e-001  0.000000e+000
 1.805000e+002  7.478466e-001  0.000000e+000
 1.810000e+002  6.118839e-001  0.000000e+000
 1.815000e+002  7.066211e-001  0.000000e+000
 1.820000e+002  6.515910e-001  0.000000e+000
 1.825000e+002  6.977522e-001  0.000000e+000
 1.830000e+002  7.085068e-001  0.000000e+000
 1.835000e+002  6.594222e-001  0.000000e+000
 1.840000e+002  7.400787e-001  0.000000e+000
 1.845000e+002  5.346852e-001  0.000000e+000
 1.850000e+002  5.954216e-001  0.000000e+000
 1.855000e+002  4.888961e-001  0.000000e+000
 1.860000e+002  5.890003e-001  0.000000e+000
 1.865000e+002  5.968111e-001  0.000000e+000
 1.870000e+002  4.512669e-001  0.000000e+000
 1.875000e+002  4.824390e-001  0.000000e+000
 1.880000e+002  4.846630e-001  0.000000e+000
 1.885000e+002  4.346049e-001  0.000000e+000
 1.890000e+002  4.454505e-001  0.000000e+000
 1.895000e+002  4.260087e-001  0.000000e+000
 1.900000e+002  4.821984e-001  0.000000e+000
 1.905000e+002  4.395151e-001  0.000000e+000
 1.910000e+002  4.058042e-001  0.000000e+000
 1.915000e+002  4.211605e-001  0.000000e+000
 1.920000e+002  2.712648e-001  0.000000e+000
 1.925000e+002  2.620640e-001  0.000000e+000
 1.930000e+002  2.087862e-001  0.000000e+000
 1.935000e+002  2.786368e-001  0.000000e+000
 1.940000e+002  3.421576e-001  0.000000e+000
 1.945000e+002  2.142440e-001  0.000000e+000
 1.950000e+002  2.143616e-001  0.000000e+000
 1.955000e+002  1.095946e-001  0.000000e+000
 1.960000e+002  2.992859e-001  0.000000e+000
 1.965000e+002  1.623891e-001  0.000000e+000
 1.970000e+002  2.300666e-001  0.000000e+000
 1.975000e+002  1.571330e-001  0.000000e+000
 1.980000e+002  1.268819e-001  0.000000e+000
 1.985000e+002  3.945026e-002  0.000000e+000
 1.990000e+002  1.214322e-001  0.000000e+000
 1.995000e+002  8.705397e-002  0.000000e+000
 2.000000e+002  2.655726e-002  0.000000e+000
 2.005000e+002  1.166280e-001  0.000000e+000
 2.010000e+002  3.265689e-002  0.000000e+000
 2.015000e+002  8.264960e-003  0.000000e+000
 2.020000e+002  4.463051e-002  0.000000e+000
 2.025000e+002  4.284422e-002  0.000000e+000
 2.030000e+002  5.313632e-002  0.000000e+000
 2.035000e+002  8.363634e-002  0.000000e+000
 2.040000e+002  3.062448e-002  0.000000e+000
 2.045000e+002  5.954598e-002  0.000000e+000
 2.050000e+002  4.015193e-002  0.000000e+000
 2.055000e+002  1.001764e-001  0.000000e+000
 2.060000e+002  2.347617e-001  0.000000e+000
 2.065000e+002  1.358502e-001  0.000000e+000
 2.070000e+002  1.270510e-001  0.000000e+000
 2.075000e+002  1.547014e-001  0.000000e+000
 2.080000e+002  1.103715e-001  0.000000e+000
 2.085000e+002  2.974978e-001  0.000000e+000
 2.090000e+002  1.634597e-001  0.000000e+000
 2.095000e+002  8.219502e-002  0.000000e+000
 2.100000e+002  1.588999e-001  0.000000e+000
 2.105000e+002  1.984340e-001  0.000000e+000
 2.110000e+002  3.073103e-001  0.000000e+000
 2.115000e+002  2.595620e-001  0.000000e+000
 2.120000e+002  2.214882e-001  0.000000e+000
 2.125000e+002  3.126150e-001  0.000000e+000
 2.130000e+002  2.484631e-001  0.000000e+000
 2.135000e+002  4.207332e-001  0.000000e+000
 2.140000e+002  2.248269e-001  0.000000e+000
 2.145000e+002  4.108692e-001  0.000000e+000
 2.150000e+002  4.401794e-001  0.000000e+000
 2.155000e+002  5.003011e-001  0.000000e+000
 2.160000e+002  4.737279e-001  0.000000e+000
 2.165000e+002  4.412047e-001  0.000000e+000
 2.170000e+002  3.806402e-001  0.000000e+000
 2.175000e+002  4.305253e-001  0.000000e+000
 2.180000e+002  4.988007e-001  0.000000e+000
 2.185000e+002  4.502028e-001  0.000000e+000
 2.190000e+002  4.301931e-001  0.000000e+000
 2.195000e+002  5.068049e-001  0.000000e+000
 2.200000e+002  5.245088e-001  0.000000e+000
 2.205000e+002  4.477640e-001  0.000000e+000
 2.210000e+002  4.043476e-001  0.000000e+000
 2.215000e+002  4.023261e-001  0.000000e+000
 2.220000e+002  5.481181e-001  0.000000e+000
 2.225000e+002  5.979608e-001  0.000000e+000
 2.230000e+002  5.401877e-001  0.000000e+000
 2.235000e+002  4.988628e-001  0.000000e+000
 2.240000e+002  4.883206e-001  0.000000e+000
 2.245000e+002  4.995646e-001  0.000000e+000
 2.250000e+002  5.883351e-001  0.000000e+000
 2.255000e+002  5.257264e-001  0.000000e+000
 2.260000e+002  5.673681e-001  0.000000e+000
 2.265000e+002  5.444408e-001  0.000000e+000
 2.270000e+002  5.880842e-001  0.000000e+000
 2.275000e+002  5.232022e-001  0.000000e+000
 2.280000e+002  5.657794e-001  0.000000e+000
 2.285000e+002  5.623948e-001  0.000000e+000
 2.290000e+002  5.250746e-001  0.000000e+000
 2.295000e+002  5.823071e-001  0.000000e+000
 2.300000e+002  5.868077e-001  0.000000e+000
 2.305000e+002  6.212263e-001  0.000000e+000
 2.310000e+002  5.324932e-001  0.000000e+000
 2.315000e+002  5.669860e-001  0.000000e+000
 2.320000e+002  5.802619e-001  0.000000e+000
 2.325000e+002  6.589218e-001  0.000000e+000
 2.330000e+002  5.221307e-001  0.000000e+000
 2.335000e+002  5.219578e-001  0.000000e+000
 2.340000e+002  5.828627e-001  0.000000e+000
 2.345000e+002  6.229109e-001  0.000000e+000
 2.350000e+002  5.605148e-001  0.000000e+000
 2.355000e+002  5.459844e-001  0.000000e+000
 2.360000e+002  5.817637e-001  0.000000e+000
 2.365000e+002  5.497545e-001  0.000000e+000
 2.370000e+002  5.147241e-001  0.000000e+000
 2.375000e+002  5.013496e-001  0.000000e+000
 2.380000e+002  5.519007e-001  0.000000e+000
 2.385000e+002  5.812568e-001  0.000000e+000
 2.390000e+002  5.740951e-001  0.000000e+000
 2.395000e+002  5.479408e-001  0.000000e+000
 2.400000e+002  5.643846e-001  0.000000e+000
 2.405000e+002  6.271359e-001  0.000000e+000
 2.410000e+002  5.804706e-001  0.000000e+000
 2.415000e+002  6.182320e-001  0.000000e+000
 2.420000e+002  6.186680e-001  0.000000e+000
 2.425000e+002  6.240306e-001  0.000000e+000
 2.430000e+002  5.407902e-001  0.000000e+000
 2.435000e+002  4.412338e-001  0.000000e+000
 2.440000e+002  2.636023e-001  0.000000e+000
 2.445000e+002  1.189730e-001  0.000000e+000
 2.450000e+002  6.028084e-002  0.000000e+000
 2.455000e+002  3.593987e-002  0.000000e+000
 2.460000e+002  1.939494e-002  0.000000e+000
 2.465000e+002  1.561136e-002  0.000000e+000
 2.470000e+002  5.852492e-002  0.000000e+000
 2.475000e+002  1.743039e-002  0.000000e+000
 2.480000e+002  4.355078e-002  0.000000e+000
 2.485000e+002  3.142693e-002  0.000000e+000
 2.490000e+002  6.967113e-002  0.000000e+000
 2.495000e+002  2.251460e-002  0.000000e+000
 2.500000e+002  3.821240e-002  0.000000e+000
 2.505000e+002  6.140811e-002  0.000000e+000
 2.510000e+002  1.398447e-002  0.000000e+000
 2.515000e+002  1.305022e-002  0.000000e+000
 2.520000e+002  1.694705e-002  0.000000e+000
 2.525000e+002  1.251827e-002  0.000000e+000
 2.530000e+002  4.344554e-003  0.000000e+000
 2.535000e+002  1.896480e-002  0.000000e+000
 2.540000e+002  1.256480e-002  0.000000e+000
 2.545000e+002  1.936582e-002  0.000000e+000
 2.550000e+002  1.354084e-002  0.000000e+000
 2.555000e+002  3.251452e-003  0.000000e+000
 2.560000e+002  3.193566e-003  0.000000e+000
