 0.000000e+000  4.438835e-003  0.000000e+000
 5.000000e-001 -3.293505e-006 -3.564435e-007
 1.000000e+000 -3.406498e-006 -8.635015e-008
 1.500000e+000 -3.384548e-006  5.730395e-008
 2.000000e+000 -3.381639e-006  1.348448e-007
 2.500000e+000 -3.408008e-006  1.886941e-007
 3.000000e+000 -3.449058e-006  2.234126e-007
 3.500000e+000 -3.486562e-006  3.116619e-007
 4.000000e+000 -3.696382e-006  7.795955e-007
 4.500000e+000 -3.386565e-006  2.596580e-007
 5.000000e+000 -3.486347e-006  2.853544e-007
 5.500000e+000 -3.500521e-006  3.671273e-007
 6.000000e+000 -3.563186e-006  3.753804e-007
 6.500000e+000 -3.625662e-006  3.985344e-007
 7.000000e+000 -3.717925e-006  4.877353e-007
 7.500000e+000 -3.780726e-006  4.891740e-007
 8.000000e+000 -3.908525e-006  5.155035e-007
 8.500000e+000 -4.002120e-006  5.244279e-007
 9.000000e+000 -4.088766e-006  6.137116e-007
 9.500000e+000 -4.257320e-006  6.327530e-007
 1.000000e+001 -4.395374e-006  6.659220e-007
 1.050000e+001 -4.554816e-006  7.142376e-007
 1.100000e+001 -4.749492e-006  7.577055e-007
 1.150000e+001 -4.878247e-006  8.947864e-007
 1.200000e+001 -5.073520e-006  9.418838e-007
 1.250000e+001 -5.326207e-006  1.018414e-006
 1.300000e+001 -5.563462e-006  1.075855e-006
 1.350000e+001 -5.792798e-006  1.153257e-006
 1.400000e+001 -6.135208e-006  1.300865e-006
 1.450000e+001 -6.447636e-006  1.398084e-006
 1.500000e+001 -6.809661e-006  1.495605e-006
 1.550000e+001 -7.228641e-006  1.591540e-006
 1.600000e+001 -7.754341e-006  1.772769e-006
 1.650000e+001 -8.291355e-006  1.957952e-006
 1.700000e+001 -8.997238e-006  2.126309e-006
 1.750000e+001 -9.782968e-006  2.329086e-006
 1.800000e+001 -1.071876e-005  2.590613e-006
 1.850000e+001 -1.191417e-005  2.892055e-006
 1.900000e+001 -1.348177e-005  3.299552e-006
 1.950000e+001 -1.552439e-005  3.812850e-006
 2.000000e+001 -1.833041e-005  4.488454e-006
 2.050000e+001 -2.240756e-005  5.535901e-006
 2.100000e+001 -2.901744e-005  7.327673e-006
 2.150000e+001 -4.144505e-005  1.075443e-005
 2.200000e+001 -7.555160e-005  2.423240e-005
 2.250000e+001 -1.957006e-004  1.257265e-004
 2.300000e+001  1.528769e-004 -1.622763e-005
 2.350000e+001  5.831691e-005 -9.001531e-006
 2.400000e+001  3.607773e-005 -5.988318e-006
 2.450000e+001  2.602281e-005 -4.430739e-006
 2.500000e+001  2.034244e-005 -3.490060e-006
 2.550000e+001  1.665710e-005 -2.847035e-006
 2.600000e+001  1.410863e-005 -2.423735e-006
 2.650000e+001  1.219597e-005 -2.055608e-006
 2.700000e+001  1.073613e-005 -1.787577e-006
 2.750000e+001  9.594707e-006 -1.575427e-006
 2.800000e+001  8.679545e-006 -1.393388e-006
 2.850000e+001  7.861889e-006 -1.235209e-006
 2.900000e+001  7.192071e-006 -1.105221e-006
 2.950000e+001  6.578576e-006 -9.849795e-007
 3.000000e+001  6.135256e-006 -9.018859e-007
 3.050000e+001  5.654172e-006 -7.546469e-007
 3.100000e+001  5.314177e-006 -6.908915e-007
 3.150000e+001  4.915813e-006 -6.367620e-007
 3.200000e+001  4.625338e-006 -5.550649e-007
 3.250000e+001  4.334514e-006 -4.965516e-007
 3.300000e+001  4.103637e-006 -4.648152e-007
 3.350000e+001  3.882325e-006 -3.979209e-007
 3.400000e+001  3.616980e-006 -4.133590e-007
 3.450000e+001  3.553462e-006 -1.648787e-007
 3.500000e+001  3.297536e-006 -1.738643e-007
 3.550000e+001  3.167726e-006 -1.344943e-007
 3.600000e+001  2.980697e-006 -9.693976e-008
 3.650000e+001  2.864683e-006 -4.126825e-008
 3.700000e+001  2.754510e-006 -1.947314e-008
 3.750000e+001  2.587059e-006 -2.923574e-008
 3.800000e+001  2.512952e-006  3.977024e-008
 3.850000e+001  2.375723e-006  7.934760e-008
 3.900000e+001  2.254887e-006  9.209440e-008
 3.950000e+001  2.200492e-006  1.157056e-007
 4.000000e+001  2.097856e-006  1.309466e-007
 4.050000e+001  1.989843e-006  1.666884e-007
 4.100000e+001  1.886809e-006  1.769558e-007
 4.150000e+001  1.815983e-006  1.940149e-007
 4.200000e+001  1.715660e-006  2.260166e-007
 4.250000e+001  1.683078e-006  2.376089e-007
 4.300000e+001  1.558330e-006  2.346676e-007
 4.350000e+001  1.513923e-006  2.828930e-007
 4.400000e+001  1.438367e-006  2.952249e-007
 4.450000e+001  1.380488e-006  3.089330e-007
 4.500000e+001  1.307571e-006  3.260640e-007
 4.550000e+001  1.169726e-006  4.195774e-007
 4.600000e+001  1.163064e-006  3.399368e-007
 4.650000e+001  1.106312e-006  3.805012e-007
 4.700000e+001  1.040965e-006  3.990284e-007
 4.750000e+001  1.000151e-006  3.990103e-007
 4.800000e+001  9.069061e-007  4.469417e-007
 4.850000e+001  8.815596e-007  4.472872e-007
 4.900000e+001  8.284817e-007  4.325463e-007
 4.950000e+001  7.833711e-007  4.629691e-007
 5.000000e+001  7.298309e-007  4.794780e-007
 5.050000e+001  6.580626e-007  4.897773e-007
 5.100000e+001  6.051871e-007  5.268279e-007
 5.150000e+001  5.442540e-007  5.261845e-007
 5.200000e+001  4.894513e-007  5.371924e-007
 5.250000e+001  4.307023e-007  5.385457e-007
 5.300000e+001  4.063458e-007  5.624016e-007
 5.350000e+001  3.778400e-007  5.804582e-007
 5.400000e+001  2.856582e-007  6.020882e-007
 5.450000e+001  2.624281e-007  5.907207e-007
 5.500000e+001  2.142114e-007  5.947544e-007
 5.550000e+001  1.519695e-007  5.872569e-007
 5.600000e+001  1.265274e-007  6.059560e-007
 5.650000e+001  6.683644e-008  6.633884e-007
 5.700000e+001  1.034400e-007  5.946635e-007
 5.750000e+001 -3.749519e-008  6.405606e-007
 5.800000e+001 -5.744748e-008  6.400482e-007
 5.850000e+001 -1.259037e-007  6.175499e-007
 5.900000e+001 -1.536689e-007  6.682262e-007
 5.950000e+001 -2.262250e-007  7.034988e-007
 6.000000e+001 -2.722341e-007  6.386950e-007
 6.050000e+001 -3.166749e-007  6.810852e-007
 6.100000e+001 -3.968495e-007  7.139062e-007
 6.150000e+001 -4.175093e-007  7.129576e-007
 6.200000e+001 -4.388556e-007  7.002011e-007
 6.250000e+001 -4.858165e-007  7.190781e-007
 6.300000e+001 -5.719370e-007  6.892019e-007
 6.350000e+001 -6.354398e-007  7.177718e-007
 6.400000e+001 -7.045745e-007  7.644421e-007
 6.450000e+001 -7.810050e-007  7.574381e-007
 6.500000e+001 -8.336224e-007  7.519866e-007
 6.550000e+001 -9.291393e-007  7.618094e-007
 6.600000e+001 -9.857434e-007  7.720419e-007
 6.650000e+001 -1.073891e-006  7.937721e-007
 6.700000e+001 -1.153793e-006  7.714631e-007
 6.750000e+001 -1.251362e-006  8.307960e-007
 6.800000e+001 -1.365523e-006  7.752585e-007
 6.850000e+001 -1.449539e-006  8.560217e-007
 6.900000e+001 -1.555050e-006  8.874136e-007
 6.950000e+001 -1.647656e-006  8.682278e-007
 7.000000e+001 -1.805664e-006  9.001379e-007
 7.050000e+001 -1.922287e-006  9.166899e-007
 7.100000e+001 -2.040144e-006  9.378071e-007
 7.150000e+001 -2.190486e-006  9.763810e-007
 7.200000e+001 -2.354949e-006  1.006580e-006
 7.250000e+001 -2.498865e-006  9.651342e-007
 7.300000e+001 -2.994553e-006  9.037436e-007
 7.350000e+001 -3.228429e-006  1.133108e-006
 7.400000e+001 -3.499847e-006  1.216008e-006
 7.450000e+001 -3.860560e-006  1.330105e-006
 7.500000e+001 -4.270936e-006  1.392556e-006
 7.550000e+001 -4.824799e-006  1.533476e-006
 7.600000e+001 -5.520759e-006  1.716419e-006
 7.650000e+001 -6.442995e-006  1.968208e-006
 7.700000e+001 -7.726081e-006  2.287211e-006
 7.750000e+001 -9.577546e-006  2.861554e-006
 7.800000e+001 -1.255596e-005  3.881183e-006
 7.850000e+001 -1.814429e-005  6.322179e-006
 7.900000e+001 -3.107321e-005  1.514538e-005
 7.950000e+001 -4.324841e-005  9.584629e-005
 8.000000e+001  4.689920e-005  5.406875e-006
 8.050000e+001  2.222637e-005  8.976233e-008
 8.100000e+001  1.455471e-005 -4.819180e-007
 8.150000e+001  1.080251e-005 -5.144602e-007
 8.200000e+001  8.576839e-006 -4.456012e-007
 8.250000e+001  7.116360e-006 -3.394660e-007
 8.300000e+001  6.081157e-006 -2.378372e-007
 8.350000e+001  5.326556e-006 -2.199708e-007
 8.400000e+001  4.737605e-006 -1.582018e-007
 8.450000e+001  4.251700e-006 -8.663179e-008
 8.500000e+001  3.879224e-006 -6.926881e-008
 8.550000e+001  3.544925e-006 -1.051028e-008
 8.600000e+001  3.346303e-006  6.715713e-009
 8.650000e+001  3.113699e-006 -2.268762e-009
 8.700000e+001  2.946785e-006 -1.913155e-008
 8.750000e+001  2.734303e-006 -7.551531e-008
 8.800000e+001  2.531497e-006 -8.482729e-008
 8.850000e+001  2.347307e-006 -6.159980e-008
 8.900000e+001  2.231919e-006 -4.495287e-008
 8.950000e+001  2.090229e-006 -5.524918e-008
 9.000000e+001  2.000359e-006 -7.290504e-008
 9.050000e+001  1.907334e-006 -5.048502e-008
 9.100000e+001  1.771205e-006 -1.612247e-008
 9.150000e+001  1.726835e-006 -6.001671e-009
 9.200000e+001  1.642062e-006  1.116002e-009
 9.250000e+001  1.595474e-006 -2.277610e-010
 9.300000e+001  1.526347e-006  2.328824e-008
 9.350000e+001  1.480999e-006  4.687632e-009
 9.400000e+001  1.404219e-006 -8.899100e-009
 9.450000e+001  1.394313e-006 -2.682812e-009
 9.500000e+001  1.346979e-006 -1.568893e-008
 9.550000e+001  1.332555e-006 -1.087289e-008
 9.600000e+001  1.249367e-006  4.267332e-008
 9.650000e+001  1.238694e-006 -1.292378e-008
 9.700000e+001  1.190613e-006 -2.893819e-008
 9.750000e+001  1.168395e-006 -2.435066e-008
 9.800000e+001  1.148691e-006 -1.310508e-008
 9.850000e+001  1.039700e-006 -4.091570e-008
 9.900000e+001  1.095014e-006 -3.877950e-008
 9.950000e+001  1.057498e-006 -5.446192e-008
 1.000000e+002  9.868662e-007 -4.673712e-008
 1.005000e+002  9.686342e-007 -5.827511e-008
 1.010000e+002  9.343658e-007 -9.455539e-008
 1.015000e+002  9.382382e-007 -9.931691e-008
 1.020000e+002  8.297670e-007 -1.638278e-007
 1.025000e+002  7.936896e-007  4.748144e-008
 1.030000e+002  8.172952e-007 -5.179554e-008
 1.035000e+002  8.432407e-007 -5.748506e-008
 1.040000e+002  8.369045e-007 -5.500091e-008
 1.045000e+002  8.218875e-007 -7.610489e-008
 1.050000e+002  8.218178e-007 -7.010246e-008
 1.055000e+002  8.080696e-007 -1.059882e-007
 1.060000e+002  7.901656e-007 -6.129148e-008
 1.065000e+002  7.951970e-007 -8.441749e-008
 1.070000e+002  7.742697e-007 -9.596776e-008
 1.075000e+002  8.128355e-007 -6.861679e-008
 1.080000e+002  8.118461e-007 -9.072948e-008
 1.085000e+002  8.153262e-007 -1.046322e-007
 1.090000e+002  8.365480e-007 -1.123593e-007
 1.095000e+002  8.484647e-007 -1.596289e-007
 1.100000e+002  8.687065e-007 -1.653007e-007
 1.105000e+002  8.759466e-007 -2.215645e-007
 1.110000e+002  9.192391e-007 -2.513844e-007
 1.115000e+002  9.539520e-007 -3.224589e-007
 1.120000e+002  1.007177e-006 -4.387315e-007
 1.125000e+002  1.031323e-006 -6.663201e-007
 1.130000e+002  8.665961e-007 -1.007743e-006
 1.135000e+002  3.129534e-007 -1.121479e-006
 1.140000e+002  3.361789e-008 -7.117548e-007
 1.145000e+002  4.896458e-008 -4.059900e-007
 1.150000e+002  1.162201e-007 -3.043640e-007
 1.155000e+002  2.123433e-007 -2.783259e-007
 1.160000e+002  2.803202e-007 -1.866956e-007
 1.165000e+002  2.869234e-007 -2.668738e-007
 1.170000e+002  3.070285e-007 -2.300108e-007
 1.175000e+002  3.498074e-007 -2.271929e-007
 1.180000e+002  3.144476e-007 -2.025395e-007
 1.185000e+002  3.616491e-007 -2.084599e-007
 1.190000e+002  3.696505e-007 -1.705584e-007
 1.195000e+002  3.804325e-007 -2.271285e-007
 1.200000e+002  3.715614e-007 -1.788334e-007
 1.205000e+002  3.744386e-007 -2.178969e-007
 1.210000e+002  3.790469e-007 -1.760110e-007
 1.215000e+002  3.771850e-007 -2.072228e-007
 1.220000e+002  4.041005e-007 -2.285879e-007
 1.225000e+002  3.939677e-007 -1.764988e-007
 1.230000e+002  4.074115e-007 -2.272193e-007
 1.235000e+002  4.047061e-007 -2.084890e-007
 1.240000e+002  3.773040e-007 -2.088137e-007
 1.245000e+002  3.839870e-007 -1.911321e-007
 1.250000e+002  4.010257e-007 -1.912078e-007
 1.255000e+002  4.355503e-007 -2.395354e-007
 1.260000e+002  4.074248e-007 -2.170903e-007
 1.265000e+002  3.744271e-007 -2.413876e-007
 1.270000e+002  4.294348e-007 -2.140723e-007
 1.275000e+002  4.258640e-007 -2.582121e-007
 1.280000e+002  4.084548e-007 -2.811386e-007
 1.285000e+002  4.218123e-007 -2.528214e-007
 1.290000e+002  4.099997e-007 -2.237175e-007
 1.295000e+002  4.241578e-007 -2.363736e-007
 1.300000e+002  3.952774e-007 -2.617167e-007
 1.305000e+002  4.288075e-007 -2.237622e-007
 1.310000e+002  4.193198e-007 -1.871789e-007
 1.315000e+002  4.162176e-007 -2.235647e-007
 1.320000e+002  4.294725e-007 -2.282572e-007
 1.325000e+002  4.096998e-007 -2.124592e-007
 1.330000e+002  4.027430e-007 -2.214320e-007
 1.335000e+002  3.933206e-007 -2.239355e-007
 1.340000e+002  4.468034e-007 -2.538770e-007
 1.345000e+002  4.178861e-007 -1.795972e-007
 1.350000e+002  4.253229e-007 -1.942358e-007
 1.355000e+002  4.140459e-007 -2.051984e-007
 1.360000e+002  4.445752e-007 -2.157990e-007
 1.365000e+002  4.230058e-007 -2.038798e-007
 1.370000e+002  4.167967e-007 -1.660124e-007
 1.375000e+002  4.011876e-007 -2.353969e-007
 1.380000e+002  4.752141e-007 -1.510987e-007
 1.385000e+002  4.283637e-007 -1.836659e-007
 1.390000e+002  4.404774e-007 -2.152125e-007
 1.395000e+002  4.329649e-007 -2.078008e-007
 1.400000e+002  4.521155e-007 -1.758010e-007
 1.405000e+002  4.207718e-007 -1.904634e-007
 1.410000e+002  4.383010e-007 -1.750797e-007
 1.415000e+002  4.546328e-007 -2.024832e-007
 1.420000e+002  4.454943e-007 -1.862068e-007
 1.425000e+002  4.527418e-007 -1.661301e-007
 1.430000e+002  4.717948e-007 -1.966266e-007
 1.435000e+002  4.571550e-007 -1.890505e-007
 1.440000e+002  4.400196e-007 -2.080247e-007
 1.445000e+002  4.192746e-007 -1.617732e-007
 1.450000e+002  4.545602e-007 -1.541820e-007
 1.455000e+002  4.716848e-007 -1.331105e-007
 1.460000e+002  4.481875e-007 -1.517948e-007
 1.465000e+002  4.121837e-007 -1.778363e-007
 1.470000e+002  4.368329e-007 -1.293866e-007
 1.475000e+002  4.201329e-007 -1.526541e-007
 1.480000e+002  4.619921e-007 -1.368159e-007
 1.485000e+002  4.293327e-007 -1.255531e-007
 1.490000e+002  4.209937e-007 -1.078180e-007
 1.495000e+002  4.447545e-007 -1.122690e-007
 1.500000e+002  4.294193e-007 -1.200706e-007
 1.505000e+002  4.451352e-007 -8.213767e-008
 1.510000e+002  4.425629e-007 -1.006702e-007
 1.515000e+002  4.148880e-007 -9.963852e-008
 1.520000e+002  4.581427e-007 -1.104089e-007
 1.525000e+002  4.522013e-007 -7.384522e-008
 1.530000e+002  4.675414e-007 -8.579046e-008
 1.535000e+002  4.470078e-007 -7.934786e-008
 1.540000e+002  4.259046e-007 -7.548675e-008
 1.545000e+002  4.382946e-007 -6.241225e-008
 1.550000e+002  3.949127e-007 -5.367489e-008
 1.555000e+002  4.260080e-007 -6.874579e-008
 1.560000e+002  4.457056e-007 -4.073737e-008
 1.565000e+002  4.067351e-007 -5.614978e-008
 1.570000e+002  4.048301e-007 -3.103827e-008
 1.575000e+002  4.030739e-007 -1.932454e-008
 1.580000e+002  4.435136e-007  4.567487e-010
 1.585000e+002  4.230836e-007 -4.958248e-008
 1.590000e+002  3.510752e-007 -4.872180e-008
 1.595000e+002  3.556396e-007  1.582197e-008
 1.600000e+002  3.615421e-007 -2.022265e-010
 1.605000e+002  3.996523e-007 -7.899392e-010
 1.610000e+002  3.822342e-007 -8.203666e-010
 1.615000e+002  4.026048e-007  8.668249e-009
 1.620000e+002  3.441689e-007  2.114458e-008
 1.625000e+002  3.921051e-007  6.089013e-008
 1.630000e+002  3.627009e-007  3.210930e-008
 1.635000e+002  3.543953e-007  4.146804e-008
 1.640000e+002  3.735377e-007  9.234300e-008
 1.645000e+002  3.805473e-007  5.087068e-008
 1.650000e+002  3.750631e-007  2.151593e-008
 1.655000e+002  3.292655e-007  4.939989e-008
 1.660000e+002  3.631161e-007  5.682047e-008
 1.665000e+002  3.432249e-007  7.253677e-008
 1.670000e+002  3.528661e-007  8.788388e-008
 1.675000e+002  3.412852e-007  1.021825e-007
 1.680000e+002  3.410174e-007  9.432157e-008
 1.685000e+002  3.604267e-007  9.020595e-008
 1.690000e+002  3.271836e-007  9.119129e-008
 1.695000e+002  3.011455e-007  7.836957e-008
 1.700000e+002  2.981945e-007  1.342869e-007
 1.705000e+002  3.227271e-007  1.018546e-007
 1.710000e+002  3.030556e-007  9.745202e-008
 1.715000e+002  3.267417e-007  1.100159e-007
 1.720000e+002  2.663123e-007  9.349503e-008
 1.725000e+002  2.966987e-007  1.251875e-007
 1.730000e+002  3.081951e-007  1.132905e-007
 1.735000e+002  2.886875e-007  1.335045e-007
 1.740000e+002  2.662916e-007  1.109611e-007
 1.745000e+002  2.501904e-007  1.341337e-007
 1.750000e+002  2.715465e-007  1.386400e-007
 1.755000e+002  2.654881e-007  1.367988e-007
 1.760000e+002  2.881311e-007  1.712835e-007
 1.765000e+002  2.571997e-007  1.311847e-007
 1.770000e+002  2.366724e-007  1.136919e-007
 1.775000e+002  2.210641e-007  9.759724e-008
 1.780000e+002  2.101536e-007  1.615916e-007
 1.785000e+002  2.307954e-007  1.443297e-007
 1.790000e+002  2.270489e-007  1.351368e-007
 1.795000e+002  2.401738e-007  1.340480e-007
 1.800000e+002  2.142820e-007  1.687502e-007
 1.805000e+002  2.062675e-007  1.402562e-007
 1.810000e+002  1.830357e-007  1.322850e-007
 1.815000e+002  1.659490e-007  1.505634e-007
 1.820000e+002  1.791948e-007  1.503352e-007
 1.825000e+002  1.847324e-007  1.563347e-007
 1.830000e+002  1.933986e-007  1.251836e-007
 1.835000e+002  1.995688e-007  1.123654e-007
 1.840000e+002  2.064386e-007  1.170607e-007
 1.845000e+002  1.251089e-007  1.536298e-007
 1.850000e+002  1.462417e-007  1.318612e-007
 1.855000e+002  1.424018e-007  1.273145e-007
 1.860000e+002  1.401986e-007  1.538854e-007
 1.865000e+002  1.488994e-007  1.330390e-007
 1.870000e+002  1.212033e-007  1.158384e-007
 1.875000e+002  1.115727e-007  1.296543e-007
 1.880000e+002  1.263243e-007  1.302376e-007
 1.885000e+002  6.948517e-008  1.452101e-007
 1.890000e+002  9.094986e-008  1.194743e-007
 1.895000e+002  1.074494e-007  1.058300e-007
 1.900000e+002  1.112641e-007  1.125449e-007
 1.905000e+002  9.952301e-008  1.290776e-007
 1.910000e+002  8.735342e-008  1.278792e-007
 1.915000e+002  1.050212e-007  9.607695e-008
 1.920000e+002  6.976854e-008  9.198657e-008
 1.925000e+002  7.166651e-008  8.852129e-008
 1.930000e+002  7.708840e-008  6.941317e-008
 1.935000e+002  6.419826e-008  1.068841e-007
 1.940000e+002  8.061746e-008  9.084897e-008
 1.945000e+002  6.429791e-008  6.827223e-008
 1.950000e+002  6.869465e-008  6.477829e-008
 1.955000e+002  4.745535e-008  4.804418e-008
 1.960000e+002  8.654242e-008  8.429378e-008
 1.965000e+002  6.487811e-008  5.437220e-008
 1.970000e+002  9.155209e-008  6.473138e-008
 1.975000e+002  6.912150e-008  3.920521e-008
 1.980000e+002  4.464615e-008  5.271889e-008
 1.985000e+002  2.598200e-008  3.163375e-008
 1.990000e+002  5.462681e-008  4.004792e-008
 1.995000e+002  3.667462e-008  4.471684e-008
 2.000000e+002  3.082206e-008  7.203535e-009
 2.005000e+002  5.969494e-008  3.489763e-008
 2.010000e+002  3.002418e-008  2.316300e-008
 2.015000e+002  1.795618e-008 -2.873288e-009
 2.020000e+002  3.622036e-008 -8.528320e-009
 2.025000e+002  3.806771e-008  8.579140e-009
 2.030000e+002  3.521343e-008  3.530243e-008
 2.035000e+002  5.759261e-008  3.357362e-009
 2.040000e+002  3.040394e-008 -2.100267e-008
 2.045000e+002  2.431660e-008 -4.169702e-008
 2.050000e+002  3.404962e-008 -1.643734e-008
 2.055000e+002  3.794954e-008 -6.533836e-008
 2.060000e+002  9.952714e-008 -5.612242e-008
 2.065000e+002  4.945705e-008 -4.554138e-008
 2.070000e+002  5.212784e-008 -5.950785e-008
 2.075000e+002  5.376532e-008 -5.969806e-008
 2.080000e+002  4.148070e-008 -6.653669e-008
 2.085000e+002  7.160542e-008 -6.596462e-008
 2.090000e+002  5.451724e-008 -7.071219e-008
 2.095000e+002  6.302074e-008 -2.729867e-008
 2.100000e+002  2.977248e-008 -7.883072e-008
 2.105000e+002  6.837218e-008 -8.252811e-008
 2.110000e+002  1.041684e-007 -9.710672e-008
 2.115000e+002  7.423663e-008 -8.013304e-008
 2.120000e+002  7.656193e-008 -1.013756e-007
 2.125000e+002  1.124353e-007 -9.725993e-008
 2.130000e+002  8.248279e-008 -8.664543e-008
 2.135000e+002  1.031817e-007 -1.224290e-007
 2.140000e+002  9.935903e-008 -7.134775e-008
 2.145000e+002  1.370922e-007 -1.492994e-007
 2.150000e+002  1.199642e-007 -1.488398e-007
 2.155000e+002  1.440451e-007 -1.522994e-007
 2.160000e+002  1.573565e-007 -1.258754e-007
 2.165000e+002  1.511494e-007 -1.102671e-007
 2.170000e+002  1.232416e-007 -1.428374e-007
 2.175000e+002  1.578393e-007 -1.252824e-007
 2.180000e+002  1.328592e-007 -1.864214e-007
 2.185000e+002  1.661295e-007 -1.582600e-007
 2.190000e+002  1.722137e-007 -1.510430e-007
 2.195000e+002  1.652805e-007 -1.760790e-007
 2.200000e+002  1.996589e-007 -1.412181e-007
 2.205000e+002  1.531681e-007 -1.434137e-007
 2.210000e+002  1.937842e-007 -1.332017e-007
 2.215000e+002  1.966048e-007 -1.141660e-007
 2.220000e+002  2.205461e-007 -1.392600e-007
 2.225000e+002  2.733818e-007 -1.427522e-007
 2.230000e+002  2.359402e-007 -1.781362e-007
 2.235000e+002  2.289500e-007 -1.127731e-007
 2.240000e+002  2.169929e-007 -1.543166e-007
 2.245000e+002  2.292848e-007 -1.320550e-007
 2.250000e+002  2.498066e-007 -1.645900e-007
 2.255000e+002  2.457682e-007 -1.871718e-007
 2.260000e+002  2.923981e-007 -1.655300e-007
 2.265000e+002  2.796461e-007 -1.810182e-007
 2.270000e+002  2.840359e-007 -1.761764e-007
 2.275000e+002  3.097225e-007 -1.044146e-007
 2.280000e+002  2.922260e-007 -1.822311e-007
 2.285000e+002  3.043095e-007 -1.272353e-007
 2.290000e+002  3.116749e-007 -1.700722e-007
 2.295000e+002  3.155097e-007 -9.492402e-008
 2.300000e+002  3.098062e-007 -1.806096e-007
 2.305000e+002  3.730478e-007 -1.285892e-007
 2.310000e+002  3.153274e-007 -1.507612e-007
 2.315000e+002  3.489685e-007 -1.526867e-007
 2.320000e+002  3.827959e-007 -1.348955e-007
 2.325000e+002  4.023464e-007 -1.721550e-007
 2.330000e+002  3.438855e-007 -1.144204e-007
 2.335000e+002  3.997482e-007 -1.088035e-007
 2.340000e+002  4.066946e-007 -1.644959e-007
 2.345000e+002  4.171582e-007 -1.282620e-007
 2.350000e+002  4.199034e-007 -1.594554e-007
 2.355000e+002  4.335123e-007 -1.073543e-007
 2.360000e+002  4.364663e-007 -1.788691e-007
 2.365000e+002  4.422631e-007 -1.718568e-007
 2.370000e+002  4.032249e-007 -1.742417e-007
 2.375000e+002  4.473530e-007 -1.508135e-007
 2.380000e+002  4.591236e-007 -1.960207e-007
 2.385000e+002  4.349136e-007 -1.903236e-007
 2.390000e+002  4.148238e-007 -2.871169e-007
 2.395000e+002  4.217751e-007 -2.589490e-007
 2.400000e+002  3.809683e-007 -3.323641e-007
 2.405000e+002  3.596946e-007 -3.929018e-007
 2.410000e+002  3.695477e-007 -4.312085e-007
 2.415000e+002  2.858427e-007 -5.104739e-007
 2.420000e+002  1.383406e-007 -5.767191e-007
 2.425000e+002 -9.110962e-008 -5.815124e-007
 2.430000e+002 -2.246802e-007 -3.375252e-007
 2.435000e+002 -2.466408e-007 -1.761467e-007
 2.440000e+002 -1.917116e-007  2.402904e-009
 2.445000e+002 -1.247491e-007  1.778604e-008
 2.450000e+002 -9.365589e-008  3.182946e-008
 2.455000e+002 -6.035679e-008  4.393121e-008
 2.460000e+002 -1.114604e-008  5.297908e-008
 2.465000e+002 -2.721616e-008  3.841585e-008
 2.470000e+002 -3.850589e-008  9.161726e-008
 2.475000e+002  2.602750e-008  4.613306e-008
 2.480000e+002 -3.247679e-008  8.356869e-008
 2.485000e+002  3.254591e-008  7.716995e-008
 2.490000e+002  5.021338e-008  1.043534e-007
 2.495000e+002  1.627082e-008  5.621406e-008
 2.500000e+002  3.633848e-008  8.729513e-008
 2.505000e+002  2.720179e-008  1.245501e-007
 2.510000e+002 -5.209501e-009  5.306402e-008
 2.515000e+002  3.869176e-008  4.021176e-008
 2.520000e+002 -2.791990e-009  6.567103e-008
 2.525000e+002  1.795106e-008  4.547352e-008
 2.530000e+002 -5.303141e-009  2.916040e-008
 2.535000e+002  5.407571e-008  3.980827e-008
 2.540000e+002  5.307974e-008 -1.576596e-008
 2.545000e+002  5.879725e-008  2.169704e-008
 2.550000e+002  2.950341e-008  4.398806e-008
 2.555000e+002 -6.642258e-009  2.650173e-008
 2.560000e+002 -2.603582e-008 -1.558723e-011
