 0.000000e+000  9.918582e-001  0.000000e+000
 5.000000e-001  9.284248e-001  0.000000e+000
 1.000000e+000  9.249293e-001  0.000000e+000
 1.500000e+000  9.235592e-001  0.000000e+000
 2.000000e+000  9.291635e-001  0.000000e+000
 2.500000e+000  9.322755e-001  0.000000e+000
 3.000000e+000  9.344463e-001  0.000000e+000
 3.500000e+000  9.378906e-001  0.000000e+000
 4.000000e+000  9.245440e-001  0.000000e+000
 4.500000e+000  9.343531e-001  0.000000e+000
 5.000000e+000  9.391572e-001  0.000000e+000
 5.500000e+000  9.396055e-001  0.000000e+000
 6.000000e+000  9.386214e-001  0.000000e+000
 6.500000e+000  9.390584e-001  0.000000e+000
 7.000000e+000  9.418006e-001  0.000000e+000
 7.500000e+000  9.453976e-001  0.000000e+000
 8.000000e+000  9.446748e-001  0.000000e+000
 8.500000e+000  9.437832e-001  0.000000e+000
 9.000000e+000  9.433469e-001  0.000000e+000
 9.500000e+000  9.449687e-001  0.000000e+000
 1.000000e+001  9.449410e-001  0.000000e+000
 1.050000e+001  9.446060e-001  0.000000e+000
 1.100000e+001  9.450597e-001  0.000000e+000
 1.150000e+001  9.467525e-001  0.000000e+000
 1.200000e+001  9.485950e-001  0.000000e+000
 1.250000e+001  9.476594e-001  0.000000e+000
 1.300000e+001  9.494309e-001  0.000000e+000
 1.350000e+001  9.531952e-001  0.000000e+000
 1.400000e+001  9.561042e-001  0.000000e+000
 1.450000e+001  9.573699e-001  0.000000e+000
 1.500000e+001  9.592437e-001  0.000000e+000
 1.550000e+001  9.616920e-001  0.000000e+000
 1.600000e+001  9.634543e-001  0.000000e+000
 1.650000e+001  9.642261e-001  0.000000e+000
 1.700000e+001  9.674248e-001  0.000000e+000
 1.750000e+001  9.676418e-001  0.000000e+000
 1.800000e+001  9.684235e-001  0.000000e+000
 1.850000e+001  9.688486e-001  0.000000e+000
 1.900000e+001  9.686083e-001  0.000000e+000
 1.950000e+001  9.696842e-001  0.000000e+000
 2.000000e+001  9.694659e-001  0.000000e+000
 2.050000e+001  9.681062e-001  0.000000e+000
 2.100000e+001  9.682182e-001  0.000000e+000
 2.150000e+001  9.685298e-001  0.000000e+000
 2.200000e+001  9.718531e-001  0.000000e+000
 2.250000e+001  9.543527e-001  0.000000e+000
 2.300000e+001  9.599348e-001  0.000000e+000
 2.350000e+001  9.625432e-001  0.000000e+000
 2.400000e+001  9.636187e-001  0.000000e+000
 2.450000e+001  9.649611e-001  0.000000e+000
 2.500000e+001  9.651372e-001  0.000000e+000
 2.550000e+001  9.663664e-001  0.000000e+000
 2.600000e+001  9.673157e-001  0.000000e+000
 2.650000e+001  9.686950e-001  0.000000e+000
 2.700000e+001  9.706481e-001  0.000000e+000
 2.750000e+001  9.714797e-001  0.000000e+000
 2.800000e+001  9.728650e-001  0.000000e+000
 2.850000e+001  9.730125e-001  0.000000e+000
 2.900000e+001  9.745879e-001  0.000000e+000
 2.950000e+001  9.746256e-001  0.000000e+000
 3.000000e+001  9.751940e-001  0.000000e+000
 3.050000e+001  9.755759e-001  0.000000e+000
 3.100000e+001  9.757419e-001  0.000000e+000
 3.150000e+001  9.757138e-001  0.000000e+000
 3.200000e+001  9.751632e-001  0.000000e+000
 3.250000e+001  9.753140e-001  0.000000e+000
 3.300000e+001  9.751677e-001  0.000000e+000
 3.350000e+001  9.738724e-001  0.000000e+000
 3.400000e+001  9.726136e-001  0.000000e+000
 3.450000e+001  9.739308e-001  0.000000e+000
 3.500000e+001  9.712884e-001  0.000000e+000
 3.550000e+001  9.718740e-001  0.000000e+000
 3.600000e+001  9.723551e-001  0.000000e+000
 3.650000e+001  9.714347e-001  0.000000e+000
 3.700000e+001  9.728857e-001  0.000000e+000
 3.750000e+001  9.732423e-001  0.000000e+000
 3.800000e+001  9.740531e-001  0.000000e+000
 3.850000e+001  9.731606e-001  0.000000e+000
 3.900000e+001  9.734394e-001  0.000000e+000
 3.950000e+001  9.757580e-001  0.000000e+000
 4.000000e+001  9.775549e-001  0.000000e+000
 4.050000e+001  9.766994e-001  0.000000e+000
 4.100000e+001  9.774278e-001  0.000000e+000
 4.150000e+001  9.771552e-001  0.000000e+000
 4.200000e+001  9.802843e-001  0.000000e+000
 4.250000e+001  9.796833e-001  0.000000e+000
 4.300000e+001  9.780574e-001  0.000000e+000
 4.350000e+001  9.813070e-001  0.000000e+000
 4.400000e+001  9.802991e-001  0.000000e+000
 4.450000e+001  9.809446e-001  0.000000e+000
 4.500000e+001  9.780775e-001  0.000000e+000
 4.550000e+001  9.802554e-001  0.000000e+000
 4.600000e+001  9.747683e-001  0.000000e+000
 4.650000e+001  9.784644e-001  0.000000e+000
 4.700000e+001  9.749008e-001  0.000000e+000
 4.750000e+001  9.757906e-001  0.000000e+000
 4.800000e+001  9.739751e-001  0.000000e+000
 4.850000e+001  9.708560e-001  0.000000e+000
 4.900000e+001  9.736248e-001  0.000000e+000
 4.950000e+001  9.740655e-001  0.000000e+000
 5.000000e+001  9.746509e-001  0.000000e+000
 5.050000e+001  9.749740e-001  0.000000e+000
 5.100000e+001  9.763899e-001  0.000000e+000
 5.150000e+001  9.790046e-001  0.000000e+000
 5.200000e+001  9.797801e-001  0.000000e+000
 5.250000e+001  9.798213e-001  0.000000e+000
 5.300000e+001  9.784601e-001  0.000000e+000
 5.350000e+001  9.779089e-001  0.000000e+000
 5.400000e+001  9.773993e-001  0.000000e+000
 5.450000e+001  9.834318e-001  0.000000e+000
 5.500000e+001  9.819741e-001  0.000000e+000
 5.550000e+001  9.801993e-001  0.000000e+000
 5.600000e+001  9.825285e-001  0.000000e+000
 5.650000e+001  9.787744e-001  0.000000e+000
 5.700000e+001  9.807229e-001  0.000000e+000
 5.750000e+001  9.800454e-001  0.000000e+000
 5.800000e+001  9.803353e-001  0.000000e+000
 5.850000e+001  9.796397e-001  0.000000e+000
 5.900000e+001  9.773442e-001  0.000000e+000
 5.950000e+001  9.759621e-001  0.000000e+000
 6.000000e+001  9.726056e-001  0.000000e+000
 6.050000e+001  9.735205e-001  0.000000e+000
 6.100000e+001  9.743764e-001  0.000000e+000
 6.150000e+001  9.724214e-001  0.000000e+000
 6.200000e+001  9.735919e-001  0.000000e+000
 6.250000e+001  9.776593e-001  0.000000e+000
 6.300000e+001  9.759922e-001  0.000000e+000
 6.350000e+001  9.731854e-001  0.000000e+000
 6.400000e+001  9.768941e-001  0.000000e+000
 6.450000e+001  9.775252e-001  0.000000e+000
 6.500000e+001  9.773998e-001  0.000000e+000
 6.550000e+001  9.820900e-001  0.000000e+000
 6.600000e+001  9.773815e-001  0.000000e+000
 6.650000e+001  9.833809e-001  0.000000e+000
 6.700000e+001  9.842069e-001  0.000000e+000
 6.750000e+001  9.815274e-001  0.000000e+000
 6.800000e+001  9.845310e-001  0.000000e+000
 6.850000e+001  9.824225e-001  0.000000e+000
 6.900000e+001  9.837099e-001  0.000000e+000
 6.950000e+001  9.815369e-001  0.000000e+000
 7.000000e+001  9.825477e-001  0.000000e+000
 7.050000e+001  9.795063e-001  0.000000e+000
 7.100000e+001  9.823438e-001  0.000000e+000
 7.150000e+001  9.800315e-001  0.000000e+000
 7.200000e+001  9.812049e-001  0.000000e+000
 7.250000e+001  9.805011e-001  0.000000e+000
 7.300000e+001  9.850307e-001  0.000000e+000
 7.350000e+001  9.849606e-001  0.000000e+000
 7.400000e+001  9.863925e-001  0.000000e+000
 7.450000e+001  9.888124e-001  0.000000e+000
 7.500000e+001  9.905228e-001  0.000000e+000
 7.550000e+001  9.916484e-001  0.000000e+000
 7.600000e+001  9.933205e-001  0.000000e+000
 7.650000e+001  9.934347e-001  0.000000e+000
 7.700000e+001  9.945887e-001  0.000000e+000
 7.750000e+001  9.956492e-001  0.000000e+000
 7.800000e+001  9.955086e-001  0.000000e+000
 7.850000e+001  9.953229e-001  0.000000e+000
 7.900000e+001  9.936479e-001  0.000000e+000
 7.950000e+001  9.840549e-001  0.000000e+000
 8.000000e+001  9.835985e-001  0.000000e+000
 8.050000e+001  9.890436e-001  0.000000e+000
 8.100000e+001  9.897429e-001  0.000000e+000
 8.150000e+001  9.888721e-001  0.000000e+000
 8.200000e+001  9.882333e-001  0.000000e+000
 8.250000e+001  9.881155e-001  0.000000e+000
 8.300000e+001  9.880784e-001  0.000000e+000
 8.350000e+001  9.889365e-001  0.000000e+000
 8.400000e+001  9.875296e-001  0.000000e+000
 8.450000e+001  9.883119e-001  0.000000e+000
 8.500000e+001  9.890698e-001  0.000000e+000
 8.550000e+001  9.893274e-001  0.000000e+000
 8.600000e+001  9.911497e-001  0.000000e+000
 8.650000e+001  9.913051e-001  0.000000e+000
 8.700000e+001  9.905564e-001  0.000000e+000
 8.750000e+001  9.885191e-001  0.000000e+000
 8.800000e+001  9.898818e-001  0.000000e+000
 8.850000e+001  9.899231e-001  0.000000e+000
 8.900000e+001  9.887693e-001  0.000000e+000
 8.950000e+001  9.896973e-001  0.000000e+000
 9.000000e+001  9.842660e-001  0.000000e+000
 9.050000e+001  9.776838e-001  0.000000e+000
 9.100000e+001  9.770152e-001  0.000000e+000
 9.150000e+001  9.733209e-001  0.000000e+000
 9.200000e+001  9.759197e-001  0.000000e+000
 9.250000e+001  9.696192e-001  0.000000e+000
 9.300000e+001  9.688134e-001  0.000000e+000
 9.350000e+001  9.690498e-001  0.000000e+000
 9.400000e+001  9.665151e-001  0.000000e+000
 9.450000e+001  9.655153e-001  0.000000e+000
 9.500000e+001  9.661298e-001  0.000000e+000
 9.550000e+001  9.627674e-001  0.000000e+000
 9.600000e+001  9.621750e-001  0.000000e+000
 9.650000e+001  9.609300e-001  0.000000e+000
 9.700000e+001  9.594309e-001  0.000000e+000
 9.750000e+001  9.597995e-001  0.000000e+000
 9.800000e+001  9.564158e-001  0.000000e+000
 9.850000e+001  9.528759e-001  0.000000e+000
 9.900000e+001  9.568259e-001  0.000000e+000
 9.950000e+001  9.577479e-001  0.000000e+000
 1.000000e+002  9.534705e-001  0.000000e+000
 1.005000e+002  9.619474e-001  0.000000e+000
 1.010000e+002  9.523876e-001  0.000000e+000
 1.015000e+002  9.476790e-001  0.000000e+000
 1.020000e+002  9.472871e-001  0.000000e+000
 1.025000e+002  9.339471e-001  0.000000e+000
 1.030000e+002  9.285377e-001  0.000000e+000
 1.035000e+002  9.457586e-001  0.000000e+000
 1.040000e+002  9.320868e-001  0.000000e+000
 1.045000e+002  9.314049e-001  0.000000e+000
 1.050000e+002  9.264967e-001  0.000000e+000
 1.055000e+002  9.181232e-001  0.000000e+000
 1.060000e+002  9.285001e-001  0.000000e+000
 1.065000e+002  9.285232e-001  0.000000e+000
 1.070000e+002  9.130293e-001  0.000000e+000
 1.075000e+002  9.211359e-001  0.000000e+000
 1.080000e+002  9.103165e-001  0.000000e+000
 1.085000e+002  9.140504e-001  0.000000e+000
 1.090000e+002  9.103757e-001  0.000000e+000
 1.095000e+002  9.049459e-001  0.000000e+000
 1.100000e+002  8.999996e-001  0.000000e+000
 1.105000e+002  9.226312e-001  0.000000e+000
 1.110000e+002  8.987858e-001  0.000000e+000
 1.115000e+002  8.967098e-001  0.000000e+000
 1.120000e+002  8.828676e-001  0.000000e+000
 1.125000e+002  8.852943e-001  0.000000e+000
 1.130000e+002  9.139815e-001  0.000000e+000
 1.135000e+002  9.437312e-001  0.000000e+000
 1.140000e+002  9.436983e-001  0.000000e+000
 1.145000e+002  9.251615e-001  0.000000e+000
 1.150000e+002  9.218467e-001  0.000000e+000
 1.155000e+002  9.100488e-001  0.000000e+000
 1.160000e+002  9.075736e-001  0.000000e+000
 1.165000e+002  8.888062e-001  0.000000e+000
 1.170000e+002  8.853073e-001  0.000000e+000
 1.175000e+002  8.868778e-001  0.000000e+000
 1.180000e+002  8.893353e-001  0.000000e+000
 1.185000e+002  8.448797e-001  0.000000e+000
 1.190000e+002  8.839415e-001  0.000000e+000
 1.195000e+002  8.737944e-001  0.000000e+000
 1.200000e+002  8.744683e-001  0.000000e+000
 1.205000e+002  8.565509e-001  0.000000e+000
 1.210000e+002  8.681853e-001  0.000000e+000
 1.215000e+002  8.656657e-001  0.000000e+000
 1.220000e+002  8.738119e-001  0.000000e+000
 1.225000e+002  8.410519e-001  0.000000e+000
 1.230000e+002  8.448983e-001  0.000000e+000
 1.235000e+002  8.429661e-001  0.000000e+000
 1.240000e+002  8.516561e-001  0.000000e+000
 1.245000e+002  8.531834e-001  0.000000e+000
 1.250000e+002  8.483124e-001  0.000000e+000
 1.255000e+002  8.260189e-001  0.000000e+000
 1.260000e+002  8.293111e-001  0.000000e+000
 1.265000e+002  8.589931e-001  0.000000e+000
 1.270000e+002  8.380222e-001  0.000000e+000
 1.275000e+002  7.986996e-001  0.000000e+000
 1.280000e+002  8.288649e-001  0.000000e+000
 1.285000e+002  8.252673e-001  0.000000e+000
 1.290000e+002  8.158298e-001  0.000000e+000
 1.295000e+002  7.715339e-001  0.000000e+000
 1.300000e+002  7.937881e-001  0.000000e+000
 1.305000e+002  7.936912e-001  0.000000e+000
 1.310000e+002  7.345987e-001  0.000000e+000
 1.315000e+002  7.858712e-001  0.000000e+000
 1.320000e+002  7.706950e-001  0.000000e+000
 1.325000e+002  7.879071e-001  0.000000e+000
 1.330000e+002  7.614793e-001  0.000000e+000
 1.335000e+002  7.602857e-001  0.000000e+000
 1.340000e+002  7.715951e-001  0.000000e+000
 1.345000e+002  7.385992e-001  0.000000e+000
 1.350000e+002  7.402151e-001  0.000000e+000
 1.355000e+002  7.398307e-001  0.000000e+000
 1.360000e+002  7.115886e-001  0.000000e+000
 1.365000e+002  6.641957e-001  0.000000e+000
 1.370000e+002  7.053143e-001  0.000000e+000
 1.375000e+002  7.777636e-001  0.000000e+000
 1.380000e+002  6.824220e-001  0.000000e+000
 1.385000e+002  6.884674e-001  0.000000e+000
 1.390000e+002  7.175847e-001  0.000000e+000
 1.395000e+002  7.187548e-001  0.000000e+000
 1.400000e+002  6.484379e-001  0.000000e+000
 1.405000e+002  6.471252e-001  0.000000e+000
 1.410000e+002  7.082334e-001  0.000000e+000
 1.415000e+002  6.334729e-001  0.000000e+000
 1.420000e+002  6.075672e-001  0.000000e+000
 1.425000e+002  5.869795e-001  0.000000e+000
 1.430000e+002  6.446286e-001  0.000000e+000
 1.435000e+002  6.186836e-001  0.000000e+000
 1.440000e+002  5.481994e-001  0.000000e+000
 1.445000e+002  6.189119e-001  0.000000e+000
 1.450000e+002  5.859773e-001  0.000000e+000
 1.455000e+002  5.847999e-001  0.000000e+000
 1.460000e+002  5.687069e-001  0.000000e+000
 1.465000e+002  5.862293e-001  0.000000e+000
 1.470000e+002  5.008838e-001  0.000000e+000
 1.475000e+002  5.465414e-001  0.000000e+000
 1.480000e+002  5.317828e-001  0.000000e+000
 1.485000e+002  5.257165e-001  0.000000e+000
 1.490000e+002  4.888395e-001  0.000000e+000
 1.495000e+002  5.616669e-001  0.000000e+000
 1.500000e+002  4.827396e-001  0.000000e+000
 1.505000e+002  5.409195e-001  0.000000e+000
 1.510000e+002  5.382351e-001  0.000000e+000
 1.515000e+002  4.491012e-001  0.000000e+000
 1.520000e+002  4.668048e-001  0.000000e+000
 1.525000e+002  3.880197e-001  0.000000e+000
 1.530000e+002  5.116875e-001  0.000000e+000
 1.535000e+002  5.032536e-001  0.000000e+000
 1.540000e+002  4.243799e-001  0.000000e+000
 1.545000e+002  4.297145e-001  0.000000e+000
 1.550000e+002  3.664737e-001  0.000000e+000
 1.555000e+002  4.142449e-001  0.000000e+000
 1.560000e+002  5.115663e-001  0.000000e+000
 1.565000e+002  3.051525e-001  0.000000e+000
 1.570000e+002  3.921993e-001  0.000000e+000
 1.575000e+002  3.549720e-001  0.000000e+000
 1.580000e+002  4.119322e-001  0.000000e+000
 1.585000e+002  3.887118e-001  0.000000e+000
 1.590000e+002  2.975194e-001  0.000000e+000
 1.595000e+002  3.318074e-001  0.000000e+000
 1.600000e+002  3.278100e-001  0.000000e+000
 1.605000e+002  3.593966e-001  0.000000e+000
 1.610000e+002  3.536499e-001  0.000000e+000
 1.615000e+002  4.578790e-001  0.000000e+000
 1.620000e+002  3.807829e-001  0.000000e+000
 1.625000e+002  4.852240e-001  0.000000e+000
 1.630000e+002  4.083856e-001  0.000000e+000
 1.635000e+002  3.993544e-001  0.000000e+000
 1.640000e+002  4.747322e-001  0.000000e+000
 1.645000e+002  4.585339e-001  0.000000e+000
 1.650000e+002  3.496031e-001  0.000000e+000
 1.655000e+002  3.034146e-001  0.000000e+000
 1.660000e+002  3.742525e-001  0.000000e+000
 1.665000e+002  3.998692e-001  0.000000e+000
 1.670000e+002  4.582126e-001  0.000000e+000
 1.675000e+002  5.186504e-001  0.000000e+000
 1.680000e+002  4.678036e-001  0.000000e+000
 1.685000e+002  4.939955e-001  0.000000e+000
 1.690000e+002  5.002015e-001  0.000000e+000
 1.695000e+002  3.584642e-001  0.000000e+000
 1.700000e+002  4.647557e-001  0.000000e+000
 1.705000e+002  4.184186e-001  0.000000e+000
 1.710000e+002  4.081164e-001  0.000000e+000
 1.715000e+002  5.208876e-001  0.000000e+000
 1.720000e+002  4.694538e-001  0.000000e+000
 1.725000e+002  5.308201e-001  0.000000e+000
 1.730000e+002  5.051833e-001  0.000000e+000
 1.735000e+002  5.097217e-001  0.000000e+000
 1.740000e+002  4.700153e-001  0.000000e+000
 1.745000e+002  5.138752e-001  0.000000e+000
 1.750000e+002  5.073888e-001  0.000000e+000
 1.755000e+002  5.354441e-001  0.000000e+000
 1.760000e+002  5.788809e-001  0.000000e+000
 1.765000e+002  4.546273e-001  0.000000e+000
 1.770000e+002  5.065544e-001  0.000000e+000
 1.775000e+002  4.573697e-001  0.000000e+000
 1.780000e+002  5.494650e-001  0.000000e+000
 1.785000e+002  4.706559e-001  0.000000e+000
 1.790000e+002  5.319978e-001  0.000000e+000
 1.795000e+002  5.362626e-001  0.000000e+000
 1.800000e+002  5.750543e-001  0.000000e+000
 1.805000e+002  5.606641e-001  0.000000e+000
 1.810000e+002  5.049385e-001  0.000000e+000
 1.815000e+002  6.305723e-001  0.000000e+000
 1.820000e+002  5.345964e-001  0.000000e+000
 1.825000e+002  5.102875e-001  0.000000e+000
 1.830000e+002  5.877230e-001  0.000000e+000
 1.835000e+002  5.436428e-001  0.000000e+000
 1.840000e+002  5.656878e-001  0.000000e+000
 1.845000e+002  5.632335e-001  0.000000e+000
 1.850000e+002  6.013268e-001  0.000000e+000
 1.855000e+002  5.643766e-001  0.000000e+000
 1.860000e+002  5.872859e-001  0.000000e+000
 1.865000e+002  5.830651e-001  0.000000e+000
 1.870000e+002  5.777683e-001  0.000000e+000
 1.875000e+002  5.521514e-001  0.000000e+000
 1.880000e+002  5.767375e-001  0.000000e+000
 1.885000e+002  6.368887e-001  0.000000e+000
 1.890000e+002  5.979811e-001  0.000000e+000
 1.895000e+002  5.548430e-001  0.000000e+000
 1.900000e+002  5.376560e-001  0.000000e+000
 1.905000e+002  5.446966e-001  0.000000e+000
 1.910000e+002  5.924895e-001  0.000000e+000
 1.915000e+002  5.402029e-001  0.000000e+000
 1.920000e+002  5.896450e-001  0.000000e+000
 1.925000e+002  5.492089e-001  0.000000e+000
 1.930000e+002  5.404683e-001  0.000000e+000
 1.935000e+002  5.759114e-001  0.000000e+000
 1.940000e+002  5.488327e-001  0.000000e+000
 1.945000e+002  5.629857e-001  0.000000e+000
 1.950000e+002  5.681318e-001  0.000000e+000
 1.955000e+002  5.779170e-001  0.000000e+000
 1.960000e+002  5.523719e-001  0.000000e+000
 1.965000e+002  6.075728e-001  0.000000e+000
 1.970000e+002  4.954912e-001  0.000000e+000
 1.975000e+002  5.782549e-001  0.000000e+000
 1.980000e+002  5.719586e-001  0.000000e+000
 1.985000e+002  5.559520e-001  0.000000e+000
 1.990000e+002  5.942958e-001  0.000000e+000
 1.995000e+002  5.356148e-001  0.000000e+000
 2.000000e+002  5.526685e-001  0.000000e+000
 2.005000e+002  5.290900e-001  0.000000e+000
 2.010000e+002  5.173230e-001  0.000000e+000
 2.015000e+002  5.695912e-001  0.000000e+000
 2.020000e+002  5.527312e-001  0.000000e+000
 2.025000e+002  5.270173e-001  0.000000e+000
 2.030000e+002  5.262375e-001  0.000000e+000
 2.035000e+002  5.474337e-001  0.000000e+000
 2.040000e+002  5.021073e-001  0.000000e+000
 2.045000e+002  5.169356e-001  0.000000e+000
 2.050000e+002  5.529701e-001  0.000000e+000
 2.055000e+002  4.848891e-001  0.000000e+000
 2.060000e+002  4.831470e-001  0.000000e+000
 2.065000e+002  5.131156e-001  0.000000e+000
 2.070000e+002  5.074270e-001  0.000000e+000
 2.075000e+002  5.034278e-001  0.000000e+000
 2.080000e+002  5.256083e-001  0.000000e+000
 2.085000e+002  5.205378e-001  0.000000e+000
 2.090000e+002  4.867184e-001  0.000000e+000
 2.095000e+002  4.735332e-001  0.000000e+000
 2.100000e+002  5.128055e-001  0.000000e+000
 2.105000e+002  4.440965e-001  0.000000e+000
 2.110000e+002  4.766671e-001  0.000000e+000
 2.115000e+002  4.681150e-001  0.000000e+000
 2.120000e+002  4.335987e-001  0.000000e+000
 2.125000e+002  4.017700e-001  0.000000e+000
 2.130000e+002  4.344849e-001  0.000000e+000
 2.135000e+002  4.785223e-001  0.000000e+000
 2.140000e+002  4.279900e-001  0.000000e+000
 2.145000e+002  3.803080e-001  0.000000e+000
 2.150000e+002  4.593428e-001  0.000000e+000
 2.155000e+002  4.005818e-001  0.000000e+000
 2.160000e+002  3.834010e-001  0.000000e+000
 2.165000e+002  3.514880e-001  0.000000e+000
 2.170000e+002  4.061697e-001  0.000000e+000
 2.175000e+002  3.175928e-001  0.000000e+000
 2.180000e+002  3.531186e-001  0.000000e+000
 2.185000e+002  3.680436e-001  0.000000e+000
 2.190000e+002  3.725428e-001  0.000000e+000
 2.195000e+002  3.851177e-001  0.000000e+000
 2.200000e+002  3.186826e-001  0.000000e+000
 2.205000e+002  3.155931e-001  0.000000e+000
 2.210000e+002  3.024217e-001  0.000000e+000
 2.215000e+002  2.656249e-001  0.000000e+000
 2.220000e+002  3.620858e-001  0.000000e+000
 2.225000e+002  2.582683e-001  0.000000e+000
 2.230000e+002  2.838294e-001  0.000000e+000
 2.235000e+002  2.807981e-001  0.000000e+000
 2.240000e+002  2.928273e-001  0.000000e+000
 2.245000e+002  2.870906e-001  0.000000e+000
 2.250000e+002  2.831051e-001  0.000000e+000
 2.255000e+002  2.886456e-001  0.000000e+000
 2.260000e+002  3.083428e-001  0.000000e+000
 2.265000e+002  2.321129e-001  0.000000e+000
 2.270000e+002  2.531759e-001  0.000000e+000
 2.275000e+002  2.250305e-001  0.000000e+000
 2.280000e+002  2.587000e-001  0.000000e+000
 2.285000e+002  2.412973e-001  0.000000e+000
 2.290000e+002  2.424356e-001  0.000000e+000
 2.295000e+002  2.670092e-001  0.000000e+000
 2.300000e+002  2.513548e-001  0.000000e+000
 2.305000e+002  2.657440e-001  0.000000e+000
 2.310000e+002  2.675844e-001  0.000000e+000
 2.315000e+002  2.317799e-001  0.000000e+000
 2.320000e+002  2.582901e-001  0.000000e+000
 2.325000e+002  2.998240e-001  0.000000e+000
 2.330000e+002  2.371109e-001  0.000000e+000
 2.335000e+002  2.322607e-001  0.000000e+000
 2.340000e+002  2.227979e-001  0.000000e+000
 2.345000e+002  2.610490e-001  0.000000e+000
 2.350000e+002  2.666618e-001  0.000000e+000
 2.355000e+002  2.653053e-001  0.000000e+000
 2.360000e+002  2.810309e-001  0.000000e+000
 2.365000e+002  2.843967e-001  0.000000e+000
 2.370000e+002  2.275150e-001  0.000000e+000
 2.375000e+002  2.434787e-001  0.000000e+000
 2.380000e+002  2.892159e-001  0.000000e+000
 2.385000e+002  3.307032e-001  0.000000e+000
 2.390000e+002  3.132721e-001  0.000000e+000
 2.395000e+002  3.043835e-001  0.000000e+000
 2.400000e+002  3.459446e-001  0.000000e+000
 2.405000e+002  3.608788e-001  0.000000e+000
 2.410000e+002  3.840693e-001  0.000000e+000
 2.415000e+002  4.237153e-001  0.000000e+000
 2.420000e+002  4.580567e-001  0.000000e+000
 2.425000e+002  5.032477e-001  0.000000e+000
 2.430000e+002  5.201441e-001  0.000000e+000
 2.435000e+002  3.353392e-001  0.000000e+000
 2.440000e+002  2.724453e-001  0.000000e+000
 2.445000e+002  1.441263e-001  0.000000e+000
 2.450000e+002  1.081768e-001  0.000000e+000
 2.455000e+002  5.254280e-002  0.000000e+000
 2.460000e+002  7.211076e-002  0.000000e+000
 2.465000e+002  6.300540e-002  0.000000e+000
 2.470000e+002  8.181484e-002  0.000000e+000
 2.475000e+002  6.042381e-002  0.000000e+000
 2.480000e+002  5.598076e-002  0.000000e+000
 2.485000e+002  3.577219e-002  0.000000e+000
 2.490000e+002  4.631187e-002  0.000000e+000
 2.495000e+002  3.595528e-002  0.000000e+000
 2.500000e+002  4.207350e-002  0.000000e+000
 2.505000e+002  2.953944e-002  0.000000e+000
 2.510000e+002  2.624959e-002  0.000000e+000
 2.515000e+002  3.157821e-002  0.000000e+000
 2.520000e+002  3.219917e-002  0.000000e+000
 2.525000e+002  3.795548e-002  0.000000e+000
 2.530000e+002  1.582690e-002  0.000000e+000
 2.535000e+002  2.808955e-002  0.000000e+000
 2.540000e+002  3.105488e-002  0.000000e+000
 2.545000e+002  2.855019e-002  0.000000e+000
 2.550000e+002  1.848753e-002  0.000000e+000
 2.555000e+002  2.168980e-002  0.000000e+000
 2.560000e+002  2.039012e-002  0.000000e+000
