 0.000000e+000 -3.442857e-005  0.000000e+000
 6.250000e-002 -1.373607e-005  0.000000e+000
 1.250000e-001  9.093426e-006  0.000000e+000
 1.875000e-001  2.925989e-005  0.000000e+000
 2.500000e-001  4.204690e-005  0.000000e+000
 3.125000e-001  4.658101e-005  0.000000e+000
 3.750000e-001  4.583569e-005  0.000000e+000
 4.375000e-001  4.192163e-005  0.000000e+000
 5.000000e-001  3.381562e-005  0.000000e+000
 5.625000e-001  2.043333e-005  0.000000e+000
 6.250000e-001  3.066081e-006  0.000000e+000
 6.875000e-001 -1.604444e-005  0.000000e+000
 7.500000e-001 -3.472861e-005  0.000000e+000
 8.125000e-001 -4.931055e-005  0.000000e+000
 8.750000e-001 -5.500257e-005  0.000000e+000
 9.375000e-001 -4.952090e-005  0.000000e+000
 1.000000e+000 -3.467341e-005  0.000000e+000
 1.062500e+000 -1.395511e-005  0.000000e+000
 1.125000e+000  8.925369e-006  0.000000e+000
 1.187500e+000  2.911464e-005  0.000000e+000
 1.250000e+000  4.195072e-005  0.000000e+000
 1.312500e+000  4.657602e-005  0.000000e+000
 1.375000e+000  4.591201e-005  0.000000e+000
 1.437500e+000  4.198294e-005  0.000000e+000
 1.500000e+000  3.378075e-005  0.000000e+000
 1.562500e+000  2.029729e-005  0.000000e+000
 1.625000e+000  2.902774e-006  0.000000e+000
 1.687500e+000 -1.618348e-005  0.000000e+000
 1.750000e+000 -3.483405e-005  0.000000e+000
 1.812500e+000 -4.935703e-005  0.000000e+000
 1.875000e+000 -5.494365e-005  0.000000e+000
 1.937500e+000 -4.936487e-005  0.000000e+000
 2.000000e+000 -3.450551e-005  0.000000e+000
 2.062500e+000 -1.385772e-005  0.000000e+000
 2.125000e+000  8.915886e-006  0.000000e+000
 2.187500e+000  2.904110e-005  0.000000e+000
 2.250000e+000  4.185688e-005  0.000000e+000
 2.312500e+000  4.650751e-005  0.000000e+000
 2.375000e+000  4.588472e-005  0.000000e+000
 2.437500e+000  4.200764e-005  0.000000e+000
 2.500000e+000  3.386895e-005  0.000000e+000
 2.562500e+000  2.043844e-005  0.000000e+000
 2.625000e+000  3.042343e-006  0.000000e+000
 2.687500e+000 -1.614992e-005  0.000000e+000
 2.750000e+000 -3.496653e-005  0.000000e+000
 2.812500e+000 -4.964415e-005  0.000000e+000
 2.875000e+000 -5.532435e-005  0.000000e+000
 2.937500e+000 -4.974072e-005  0.000000e+000
 3.000000e+000 -3.474990e-005  0.000000e+000
 3.062500e+000 -1.388831e-005  0.000000e+000
 3.125000e+000  9.126722e-006  0.000000e+000
 3.187500e+000  2.943200e-005  0.000000e+000
 3.250000e+000  4.233394e-005  0.000000e+000
 3.312500e+000  4.696199e-005  0.000000e+000
 3.375000e+000  4.622162e-005  0.000000e+000
 3.437500e+000  4.214870e-005  0.000000e+000
 3.500000e+000  3.376997e-005  0.000000e+000
 3.562500e+000  2.012730e-005  0.000000e+000
 3.625000e+000  2.644739e-006  0.000000e+000
 3.687500e+000 -1.644575e-005  0.000000e+000
 3.750000e+000 -3.504555e-005  0.000000e+000
 3.812500e+000 -4.952474e-005  0.000000e+000
 3.875000e+000 -5.504709e-005  0.000000e+000
 3.937500e+000 -4.935842e-005  0.000000e+000
 4.000000e+000 -3.436291e-005  0.000000e+000
 4.062500e+000 -1.363148e-005  0.000000e+000
 4.125000e+000  9.148695e-006  0.000000e+000
 4.187500e+000  2.924197e-005  0.000000e+000
 4.250000e+000  4.202672e-005  0.000000e+000
 4.312500e+000  4.662415e-005  0.000000e+000
 4.375000e+000  4.594109e-005  0.000000e+000
 4.437500e+000  4.201546e-005  0.000000e+000
 4.500000e+000  3.384234e-005  0.000000e+000
 4.562500e+000  2.040292e-005  0.000000e+000
 4.625000e+000  3.032980e-006  0.000000e+000
 4.687500e+000 -1.605951e-005  0.000000e+000
 4.750000e+000 -3.477869e-005  0.000000e+000
 4.812500e+000 -4.944322e-005  0.000000e+000
 4.875000e+000 -5.517644e-005  0.000000e+000
 4.937500e+000 -4.962874e-005  0.000000e+000
 5.000000e+000 -3.467238e-005  0.000000e+000
 5.062500e+000 -1.390030e-005  0.000000e+000
 5.125000e+000  8.946626e-006  0.000000e+000
 5.187500e+000  2.908997e-005  0.000000e+000
 5.250000e+000  4.191715e-005  0.000000e+000
 5.312500e+000  4.656660e-005  0.000000e+000
 5.375000e+000  4.590300e-005  0.000000e+000
 5.437500e+000  4.193136e-005  0.000000e+000
 5.500000e+000  3.368465e-005  0.000000e+000
 5.562500e+000  2.021887e-005  0.000000e+000
 5.625000e+000  2.910562e-006  0.000000e+000
 5.687500e+000 -1.609333e-005  0.000000e+000
 5.750000e+000 -3.473801e-005  0.000000e+000
 5.812500e+000 -4.932882e-005  0.000000e+000
 5.875000e+000 -5.499746e-005  0.000000e+000
 5.937500e+000 -4.946038e-005  0.000000e+000
 6.000000e+000 -3.459951e-005  0.000000e+000
 6.062500e+000 -1.395116e-005  0.000000e+000
 6.125000e+000  8.810604e-006  0.000000e+000
 6.187500e+000  2.893770e-005  0.000000e+000
 6.250000e+000  4.180627e-005  0.000000e+000
 6.312500e+000  4.654791e-005  0.000000e+000
 6.375000e+000  4.600094e-005  0.000000e+000
 6.437500e+000  4.212704e-005  0.000000e+000
 6.500000e+000  3.392002e-005  0.000000e+000
 6.562500e+000  2.042294e-005  0.000000e+000
 6.625000e+000  3.012974e-006  0.000000e+000
 6.687500e+000 -1.615403e-005  0.000000e+000
 6.750000e+000 -3.495722e-005  0.000000e+000
 6.812500e+000 -4.965902e-005  0.000000e+000
 6.875000e+000 -5.533994e-005  0.000000e+000
 6.937500e+000 -4.969433e-005  0.000000e+000
 7.000000e+000 -3.461997e-005  0.000000e+000
 7.062500e+000 -1.374938e-005  0.000000e+000
 7.125000e+000  9.175172e-006  0.000000e+000
 7.187500e+000  2.935764e-005  0.000000e+000
 7.250000e+000  4.220223e-005  0.000000e+000
 7.312500e+000  4.684625e-005  0.000000e+000
 7.375000e+000  4.613371e-005  0.000000e+000
 7.437500e+000  4.206504e-005  0.000000e+000
 7.500000e+000  3.370959e-005  0.000000e+000
 7.562500e+000  2.015656e-005  0.000000e+000
 7.625000e+000  2.796202e-006  0.000000e+000
 7.687500e+000 -1.621307e-005  0.000000e+000
 7.750000e+000 -3.484387e-005  0.000000e+000
 7.812500e+000 -4.943805e-005  0.000000e+000
 7.875000e+000 -5.509016e-005  0.000000e+000
 7.937500e+000 -4.947008e-005  0.000000e+000
