 0.000000e+000 -3.283675e-005  0.000000e+000
 6.250000e-002 -4.440637e-005  0.000000e+000
 1.250000e-001 -4.777199e-005  0.000000e+000
 1.875000e-001 -4.061576e-005  0.000000e+000
 2.500000e-001 -2.522530e-005  0.000000e+000
 3.125000e-001 -5.192244e-006  0.000000e+000
 3.750000e-001  1.609435e-005  0.000000e+000
 4.375000e-001  3.392154e-005  0.000000e+000
 5.000000e-001  4.344549e-005  0.000000e+000
 5.625000e-001  4.365402e-005  0.000000e+000
 6.250000e-001  3.769555e-005  0.000000e+000
 6.875000e-001  2.878982e-005  0.000000e+000
 7.500000e-001  1.815906e-005  0.000000e+000
 8.125000e-001  6.591992e-006  0.000000e+000
 8.750000e-001 -5.219093e-006  0.000000e+000
 9.375000e-001 -1.794464e-005  0.000000e+000
 1.000000e+000 -3.183053e-005  0.000000e+000
 1.062500e+000 -4.342708e-005  0.000000e+000
 1.125000e+000 -4.714852e-005  0.000000e+000
 1.187500e+000 -4.055450e-005  0.000000e+000
 1.250000e+000 -2.572986e-005  0.000000e+000
 1.312500e+000 -6.045055e-006  0.000000e+000
 1.375000e+000  1.517626e-005  0.000000e+000
 1.437500e+000  3.322232e-005  0.000000e+000
 1.500000e+000  4.320003e-005  0.000000e+000
 1.562500e+000  4.397343e-005  0.000000e+000
 1.625000e+000  3.848297e-005  0.000000e+000
 1.687500e+000  2.977684e-005  0.000000e+000
 1.750000e+000  1.902470e-005  0.000000e+000
 1.812500e+000  7.075691e-006  0.000000e+000
 1.875000e+000 -5.251402e-006  0.000000e+000
 1.937500e+000 -1.850170e-005  0.000000e+000
 2.000000e+000 -3.275849e-005  0.000000e+000
 2.062500e+000 -4.441882e-005  0.000000e+000
 2.125000e+000 -4.786374e-005  0.000000e+000
 2.187500e+000 -4.078830e-005  0.000000e+000
 2.250000e+000 -2.544545e-005  0.000000e+000
 2.312500e+000 -5.350653e-006  0.000000e+000
 2.375000e+000  1.606549e-005  0.000000e+000
 2.437500e+000  3.402409e-005  0.000000e+000
 2.500000e+000  4.364361e-005  0.000000e+000
 2.562500e+000  4.391032e-005  0.000000e+000
 2.625000e+000  3.794434e-005  0.000000e+000
 2.687500e+000  2.896489e-005  0.000000e+000
 2.750000e+000  1.822004e-005  0.000000e+000
 2.812500e+000  6.555961e-006  0.000000e+000
 2.875000e+000 -5.322505e-006  0.000000e+000
 2.937500e+000 -1.809801e-005  0.000000e+000
 3.000000e+000 -3.199541e-005  0.000000e+000
 3.062500e+000 -4.354777e-005  0.000000e+000
 3.125000e+000 -4.718926e-005  0.000000e+000
 3.187500e+000 -4.054106e-005  0.000000e+000
 3.250000e+000 -2.570220e-005  0.000000e+000
 3.312500e+000 -6.041930e-006  0.000000e+000
 3.375000e+000  1.515430e-005  0.000000e+000
 3.437500e+000  3.317009e-005  0.000000e+000
 3.500000e+000  4.310566e-005  0.000000e+000
 3.562500e+000  4.385654e-005  0.000000e+000
 3.625000e+000  3.839975e-005  0.000000e+000
 3.687500e+000  2.978691e-005  0.000000e+000
 3.750000e+000  1.913487e-005  0.000000e+000
 3.812500e+000  7.244831e-006  0.000000e+000
 3.875000e+000 -5.081287e-006  0.000000e+000
 3.937500e+000 -1.832720e-005  0.000000e+000
 4.000000e+000 -3.260315e-005  0.000000e+000
 4.062500e+000 -4.435206e-005  0.000000e+000
 4.125000e+000 -4.794670e-005  0.000000e+000
 4.187500e+000 -4.097899e-005  0.000000e+000
 4.250000e+000 -2.563152e-005  0.000000e+000
 4.312500e+000 -5.478770e-006  0.000000e+000
 4.375000e+000  1.600836e-005  0.000000e+000
 4.437500e+000  3.404315e-005  0.000000e+000
 4.500000e+000  4.372429e-005  0.000000e+000
 4.562500e+000  4.400878e-005  0.000000e+000
 4.625000e+000  3.804547e-005  0.000000e+000
 4.687500e+000  2.905221e-005  0.000000e+000
 4.750000e+000  1.824512e-005  0.000000e+000
 4.812500e+000  6.422436e-006  0.000000e+000
 4.875000e+000 -5.595815e-006  0.000000e+000
 4.937500e+000 -1.836512e-005  0.000000e+000
 5.000000e+000 -3.212657e-005  0.000000e+000
 5.062500e+000 -4.352442e-005  0.000000e+000
 5.125000e+000 -4.706571e-005  0.000000e+000
 5.187500e+000 -4.032605e-005  0.000000e+000
 5.250000e+000 -2.540065e-005  0.000000e+000
 5.312500e+000 -5.698909e-006  0.000000e+000
 5.375000e+000  1.539825e-005  0.000000e+000
 5.437500e+000  3.317690e-005  0.000000e+000
 5.500000e+000  4.288360e-005  0.000000e+000
 5.562500e+000  4.352878e-005  0.000000e+000
 5.625000e+000  3.808529e-005  0.000000e+000
 5.687500e+000  2.954240e-005  0.000000e+000
 5.750000e+000  1.897739e-005  0.000000e+000
 5.812500e+000  7.206103e-006  0.000000e+000
 5.875000e+000 -4.961717e-006  0.000000e+000
 5.937500e+000 -1.808835e-005  0.000000e+000
 6.000000e+000 -3.234639e-005  0.000000e+000
 6.062500e+000 -4.418897e-005  0.000000e+000
 6.125000e+000 -4.792048e-005  0.000000e+000
 6.187500e+000 -4.109616e-005  0.000000e+000
 6.250000e+000 -2.587679e-005  0.000000e+000
 6.312500e+000 -5.759922e-006  0.000000e+000
 6.375000e+000  1.580595e-005  0.000000e+000
 6.437500e+000  3.396439e-005  0.000000e+000
 6.500000e+000  4.375888e-005  0.000000e+000
 6.562500e+000  4.417805e-005  0.000000e+000
 6.625000e+000  3.832970e-005  0.000000e+000
 6.687500e+000  2.934121e-005  0.000000e+000
 6.750000e+000  1.840044e-005  0.000000e+000
 6.812500e+000  6.418064e-006  0.000000e+000
 6.875000e+000 -5.721954e-006  0.000000e+000
 6.937500e+000 -1.855545e-005  0.000000e+000
 7.000000e+000 -3.233203e-005  0.000000e+000
 7.062500e+000 -4.370633e-005  0.000000e+000
 7.125000e+000 -4.718166e-005  0.000000e+000
 7.187500e+000 -4.035482e-005  0.000000e+000
 7.250000e+000 -2.533538e-005  0.000000e+000
 7.312500e+000 -5.596303e-006  0.000000e+000
 7.375000e+000  1.550059e-005  0.000000e+000
 7.437500e+000  3.326368e-005  0.000000e+000
 7.500000e+000  4.291081e-005  0.000000e+000
 7.562500e+000  4.345962e-005  0.000000e+000
 7.625000e+000  3.796525e-005  0.000000e+000
 7.687500e+000  2.946058e-005  0.000000e+000
 7.750000e+000  1.897247e-005  0.000000e+000
 7.812500e+000  7.241487e-006  0.000000e+000
 7.875000e+000 -4.927127e-006  0.000000e+000
 7.937500e+000 -1.801789e-005  0.000000e+000
