 0.000000e+000  9.982269e-001  0.000000e+000
 1.000000e+000  8.949511e-001  0.000000e+000
 2.000000e+000  9.164829e-001  0.000000e+000
 3.000000e+000  8.962107e-001  0.000000e+000
 4.000000e+000  8.546003e-001  0.000000e+000
 5.000000e+000  8.867089e-001  0.000000e+000
 6.000000e+000  8.991555e-001  0.000000e+000
 7.000000e+000  9.050480e-001  0.000000e+000
 8.000000e+000  7.797462e-001  0.000000e+000
 9.000000e+000  2.880817e-002  0.000000e+000
 1.000000e+001  7.861211e-001  0.000000e+000
 1.100000e+001  8.620819e-001  0.000000e+000
 1.200000e+001  9.088354e-001  0.000000e+000
 1.300000e+001  9.104964e-001  0.000000e+000
 1.400000e+001  9.422927e-001  0.000000e+000
 1.500000e+001  8.652743e-001  0.000000e+000
 1.600000e+001  8.884762e-001  0.000000e+000
 1.700000e+001  7.846653e-001  0.000000e+000
 1.800000e+001  1.570822e-002  0.000000e+000
 1.900000e+001  9.188279e-001  0.000000e+000
 2.000000e+001  9.677034e-001  0.000000e+000
 2.100000e+001  9.739495e-001  0.000000e+000
 2.200000e+001  9.716223e-001  0.000000e+000
 2.300000e+001  9.734091e-001  0.000000e+000
 2.400000e+001  9.740745e-001  0.000000e+000
 2.500000e+001  9.699976e-001  0.000000e+000
 2.600000e+001  9.556743e-001  0.000000e+000
 2.700000e+001  1.300702e-001  0.000000e+000
 2.800000e+001  9.631970e-001  0.000000e+000
 2.900000e+001  9.689139e-001  0.000000e+000
 3.000000e+001  9.667355e-001  0.000000e+000
 3.100000e+001  9.617718e-001  0.000000e+000
 3.200000e+001  9.592524e-001  0.000000e+000
 3.300000e+001  9.582763e-001  0.000000e+000
 3.400000e+001  9.443337e-001  0.000000e+000
 3.500000e+001  8.797648e-001  0.000000e+000
 3.600000e+001  2.578217e-001  0.000000e+000
 3.700000e+001  9.116497e-001  0.000000e+000
 3.800000e+001  9.334745e-001  0.000000e+000
 3.900000e+001  5.848792e-001  0.000000e+000
 4.000000e+001  9.076882e-001  0.000000e+000
 4.100000e+001  9.494090e-001  0.000000e+000
 4.200000e+001  9.462061e-001  0.000000e+000
 4.300000e+001  9.348052e-001  0.000000e+000
 4.400000e+001  9.064764e-001  0.000000e+000
 4.500000e+001  6.460163e-001  0.000000e+000
 4.600000e+001  8.932580e-001  0.000000e+000
 4.700000e+001  8.944551e-001  0.000000e+000
 4.800000e+001  9.093735e-001  0.000000e+000
 4.900000e+001  8.813033e-001  0.000000e+000
 5.000000e+001  8.622075e-001  0.000000e+000
 5.100000e+001  6.832758e-001  0.000000e+000
 5.200000e+001  7.093202e-001  0.000000e+000
 5.300000e+001  3.031876e-001  0.000000e+000
 5.400000e+001  9.357680e-002  0.000000e+000
 5.500000e+001  6.010889e-001  0.000000e+000
 5.600000e+001  6.916289e-001  0.000000e+000
 5.700000e+001  6.461408e-001  0.000000e+000
 5.800000e+001  7.932697e-001  0.000000e+000
 5.900000e+001  6.959441e-001  0.000000e+000
 6.000000e+001  3.286037e-001  0.000000e+000
 6.100000e+001  5.485486e-001  0.000000e+000
 6.200000e+001  2.963460e-001  0.000000e+000
 6.300000e+001  3.173322e-002  0.000000e+000
 6.400000e+001  1.939075e-001  0.000000e+000
 6.500000e+001  1.345114e-001  0.000000e+000
 6.600000e+001  1.116701e-001  0.000000e+000
 6.700000e+001  7.439685e-002  0.000000e+000
 6.800000e+001  4.148938e-002  0.000000e+000
 6.900000e+001  1.275752e-002  0.000000e+000
 7.000000e+001  3.443553e-001  0.000000e+000
 7.100000e+001  4.006625e-001  0.000000e+000
 7.200000e+001  1.140193e-001  0.000000e+000
 7.300000e+001  3.975962e-001  0.000000e+000
 7.400000e+001  5.827741e-001  0.000000e+000
 7.500000e+001  8.402771e-001  0.000000e+000
 7.600000e+001  8.638845e-001  0.000000e+000
 7.700000e+001  9.416671e-001  0.000000e+000
 7.800000e+001  9.353548e-001  0.000000e+000
 7.900000e+001  9.814631e-001  0.000000e+000
 8.000000e+001  9.386011e-001  0.000000e+000
 8.100000e+001  2.570283e-001  0.000000e+000
 8.200000e+001  9.323110e-001  0.000000e+000
 8.300000e+001  9.661288e-001  0.000000e+000
 8.400000e+001  9.647428e-001  0.000000e+000
 8.500000e+001  9.613659e-001  0.000000e+000
 8.600000e+001  9.502187e-001  0.000000e+000
 8.700000e+001  9.205086e-001  0.000000e+000
 8.800000e+001  8.706081e-001  0.000000e+000
 8.900000e+001  6.112502e-001  0.000000e+000
 9.000000e+001  1.387225e-001  0.000000e+000
 9.100000e+001  6.700265e-001  0.000000e+000
 9.200000e+001  7.662607e-001  0.000000e+000
 9.300000e+001  2.656924e-001  0.000000e+000
 9.400000e+001  9.122654e-001  0.000000e+000
 9.500000e+001  8.635097e-001  0.000000e+000
 9.600000e+001  8.013515e-001  0.000000e+000
 9.700000e+001  7.034241e-001  0.000000e+000
 9.800000e+001  3.546970e-001  0.000000e+000
 9.900000e+001  2.139087e-001  0.000000e+000
 1.000000e+002  7.182888e-001  0.000000e+000
 1.010000e+002  7.727724e-001  0.000000e+000
 1.020000e+002  7.978976e-001  0.000000e+000
 1.030000e+002  8.107111e-001  0.000000e+000
 1.040000e+002  8.077043e-001  0.000000e+000
 1.050000e+002  3.918739e-001  0.000000e+000
 1.060000e+002  5.446047e-001  0.000000e+000
 1.070000e+002  2.201041e-001  0.000000e+000
 1.080000e+002  5.023265e-002  0.000000e+000
 1.090000e+002  2.680086e-001  0.000000e+000
 1.100000e+002  4.382288e-001  0.000000e+000
 1.110000e+002  4.027314e-001  0.000000e+000
 1.120000e+002  6.537588e-001  0.000000e+000
 1.130000e+002  6.241081e-001  0.000000e+000
 1.140000e+002  5.365214e-001  0.000000e+000
 1.150000e+002  4.234081e-001  0.000000e+000
 1.160000e+002  2.069144e-001  0.000000e+000
 1.170000e+002  2.998678e-002  0.000000e+000
 1.180000e+002  3.122276e-001  0.000000e+000
 1.190000e+002  4.872895e-001  0.000000e+000
 1.200000e+002  5.718233e-001  0.000000e+000
 1.210000e+002  6.466084e-001  0.000000e+000
 1.220000e+002  5.709614e-001  0.000000e+000
 1.230000e+002  1.237425e-001  0.000000e+000
 1.240000e+002  3.554644e-001  0.000000e+000
 1.250000e+002  1.225614e-001  0.000000e+000
 1.260000e+002  7.382303e-002  0.000000e+000
 1.270000e+002  3.448100e-001  0.000000e+000
 1.280000e+002  3.772240e-001  0.000000e+000
 1.290000e+002  3.063442e-001  0.000000e+000
 1.300000e+002  6.095600e-001  0.000000e+000
 1.310000e+002  4.866004e-001  0.000000e+000
 1.320000e+002  6.210326e-001  0.000000e+000
 1.330000e+002  6.049872e-001  0.000000e+000
 1.340000e+002  4.755642e-001  0.000000e+000
 1.350000e+002  7.916824e-002  0.000000e+000
 1.360000e+002  3.977391e-002  0.000000e+000
 1.370000e+002  3.500348e-001  0.000000e+000
 1.380000e+002  5.223593e-001  0.000000e+000
 1.390000e+002  4.672203e-001  0.000000e+000
 1.400000e+002  3.289723e-001  0.000000e+000
 1.410000e+002  5.024284e-001  0.000000e+000
 1.420000e+002  4.142229e-001  0.000000e+000
 1.430000e+002  1.359320e-001  0.000000e+000
 1.440000e+002  6.624826e-002  0.000000e+000
 1.450000e+002  1.486084e-001  0.000000e+000
 1.460000e+002  1.845181e-001  0.000000e+000
 1.470000e+002  9.310017e-002  0.000000e+000
 1.480000e+002  3.133222e-001  0.000000e+000
 1.490000e+002  1.091055e-001  0.000000e+000
 1.500000e+002  4.182574e-002  0.000000e+000
 1.510000e+002  9.586345e-002  0.000000e+000
 1.520000e+002  1.063040e-002  0.000000e+000
 1.530000e+002  4.554509e-002  0.000000e+000
 1.540000e+002  1.326992e-001  0.000000e+000
 1.550000e+002  1.652855e-001  0.000000e+000
 1.560000e+002  1.560588e-001  0.000000e+000
 1.570000e+002  1.857065e-001  0.000000e+000
 1.580000e+002  1.953849e-001  0.000000e+000
 1.590000e+002  2.600325e-003  0.000000e+000
 1.600000e+002  2.390512e-001  0.000000e+000
 1.610000e+002  2.190308e-001  0.000000e+000
 1.620000e+002  9.754486e-002  0.000000e+000
 1.630000e+002  1.069370e-001  0.000000e+000
 1.640000e+002  1.553881e-001  0.000000e+000
 1.650000e+002  1.246124e-001  0.000000e+000
 1.660000e+002  2.175326e-001  0.000000e+000
 1.670000e+002  1.548282e-001  0.000000e+000
 1.680000e+002  2.068805e-001  0.000000e+000
 1.690000e+002  2.269550e-001  0.000000e+000
 1.700000e+002  5.285210e-002  0.000000e+000
 1.710000e+002  1.501673e-001  0.000000e+000
 1.720000e+002  9.958557e-002  0.000000e+000
 1.730000e+002  1.175624e-001  0.000000e+000
 1.740000e+002  1.652489e-001  0.000000e+000
 1.750000e+002  5.629463e-002  0.000000e+000
 1.760000e+002  1.092093e-002  0.000000e+000
 1.770000e+002  3.508756e-002  0.000000e+000
 1.780000e+002  7.939015e-002  0.000000e+000
 1.790000e+002  5.818812e-002  0.000000e+000
 1.800000e+002  8.847965e-002  0.000000e+000
 1.810000e+002  2.612028e-001  0.000000e+000
 1.820000e+002  4.842957e-002  0.000000e+000
 1.830000e+002  4.079227e-002  0.000000e+000
 1.840000e+002  1.147365e-001  0.000000e+000
 1.850000e+002  3.667996e-003  0.000000e+000
 1.860000e+002  2.746298e-002  0.000000e+000
 1.870000e+002  6.285439e-002  0.000000e+000
 1.880000e+002  7.183325e-002  0.000000e+000
 1.890000e+002  1.064096e-001  0.000000e+000
 1.900000e+002  7.882519e-003  0.000000e+000
 1.910000e+002  3.770985e-003  0.000000e+000
 1.920000e+002  1.205252e-002  0.000000e+000
 1.930000e+002  3.688309e-002  0.000000e+000
 1.940000e+002  4.514523e-002  0.000000e+000
 1.950000e+002  1.423408e-003  0.000000e+000
 1.960000e+002  1.162199e-002  0.000000e+000
 1.970000e+002  4.611045e-003  0.000000e+000
 1.980000e+002  2.590174e-002  0.000000e+000
 1.990000e+002  5.787494e-002  0.000000e+000
 2.000000e+002  9.909808e-002  0.000000e+000
 2.010000e+002  3.062255e-002  0.000000e+000
 2.020000e+002  1.505208e-002  0.000000e+000
 2.030000e+002  5.758880e-003  0.000000e+000
 2.040000e+002  1.961830e-001  0.000000e+000
 2.050000e+002  2.666266e-002  0.000000e+000
 2.060000e+002  2.892385e-002  0.000000e+000
 2.070000e+002  2.619808e-002  0.000000e+000
 2.080000e+002  9.146438e-002  0.000000e+000
 2.090000e+002  1.991906e-001  0.000000e+000
 2.100000e+002  5.050467e-002  0.000000e+000
 2.110000e+002  7.391357e-002  0.000000e+000
 2.120000e+002  6.093196e-002  0.000000e+000
 2.130000e+002  2.531831e-002  0.000000e+000
 2.140000e+002  4.187170e-003  0.000000e+000
 2.150000e+002  1.544150e-002  0.000000e+000
 2.160000e+002  1.067076e-001  0.000000e+000
 2.170000e+002  1.228010e-001  0.000000e+000
 2.180000e+002  2.212001e-002  0.000000e+000
 2.190000e+002  2.603783e-001  0.000000e+000
 2.200000e+002  1.515186e-001  0.000000e+000
 2.210000e+002  9.273160e-002  0.000000e+000
 2.220000e+002  6.573288e-002  0.000000e+000
 2.230000e+002  2.137226e-002  0.000000e+000
 2.240000e+002  2.074956e-002  0.000000e+000
 2.250000e+002  8.431329e-002  0.000000e+000
 2.260000e+002  7.893383e-002  0.000000e+000
 2.270000e+002  1.668706e-002  0.000000e+000
 2.280000e+002  9.018858e-002  0.000000e+000
 2.290000e+002  1.029736e-001  0.000000e+000
 2.300000e+002  1.520604e-001  0.000000e+000
 2.310000e+002  1.346580e-002  0.000000e+000
 2.320000e+002  2.004179e-001  0.000000e+000
 2.330000e+002  4.246672e-002  0.000000e+000
 2.340000e+002  9.773976e-002  0.000000e+000
 2.350000e+002  2.848218e-002  0.000000e+000
 2.360000e+002  1.851057e-001  0.000000e+000
 2.370000e+002  1.673988e-002  0.000000e+000
 2.380000e+002  1.012570e-001  0.000000e+000
 2.390000e+002  7.013523e-002  0.000000e+000
 2.400000e+002  7.605802e-002  0.000000e+000
 2.410000e+002  1.823905e-001  0.000000e+000
 2.420000e+002  9.452035e-002  0.000000e+000
 2.430000e+002  3.977926e-002  0.000000e+000
 2.440000e+002  2.698869e-001  0.000000e+000
 2.450000e+002  4.214164e-002  0.000000e+000
 2.460000e+002  2.797055e-001  0.000000e+000
 2.470000e+002  1.332555e-001  0.000000e+000
 2.480000e+002  3.015374e-002  0.000000e+000
 2.490000e+002  5.625441e-002  0.000000e+000
 2.500000e+002  2.590062e-001  0.000000e+000
 2.510000e+002  2.986001e-001  0.000000e+000
 2.520000e+002  2.272694e-001  0.000000e+000
 2.530000e+002  1.616637e-001  0.000000e+000
 2.540000e+002  4.562818e-001  0.000000e+000
 2.550000e+002  5.311642e-002  0.000000e+000
 2.560000e+002  3.146258e-001  0.000000e+000
 2.570000e+002  3.214191e-001  0.000000e+000
 2.580000e+002  1.645841e-001  0.000000e+000
 2.590000e+002  4.317544e-001  0.000000e+000
 2.600000e+002  2.776265e-001  0.000000e+000
 2.610000e+002  1.734723e-001  0.000000e+000
 2.620000e+002  2.979893e-001  0.000000e+000
 2.630000e+002  2.264536e-001  0.000000e+000
 2.640000e+002  2.321397e-001  0.000000e+000
 2.650000e+002  1.688919e-001  0.000000e+000
 2.660000e+002  4.411421e-001  0.000000e+000
 2.670000e+002  1.350038e-001  0.000000e+000
 2.680000e+002  2.780628e-001  0.000000e+000
 2.690000e+002  2.361353e-001  0.000000e+000
 2.700000e+002  2.029502e-001  0.000000e+000
 2.710000e+002  3.983804e-001  0.000000e+000
 2.720000e+002  4.315550e-001  0.000000e+000
 2.730000e+002  2.851300e-001  0.000000e+000
 2.740000e+002  2.228980e-001  0.000000e+000
 2.750000e+002  2.127030e-001  0.000000e+000
 2.760000e+002  4.176413e-001  0.000000e+000
 2.770000e+002  4.114841e-001  0.000000e+000
 2.780000e+002  1.839381e-001  0.000000e+000
 2.790000e+002  1.440795e-001  0.000000e+000
 2.800000e+002  1.412353e-001  0.000000e+000
 2.810000e+002  1.417054e-001  0.000000e+000
 2.820000e+002  2.495674e-001  0.000000e+000
 2.830000e+002  3.362989e-001  0.000000e+000
 2.840000e+002  2.112026e-001  0.000000e+000
 2.850000e+002  1.652453e-001  0.000000e+000
 2.860000e+002  1.796831e-001  0.000000e+000
 2.870000e+002  3.267569e-001  0.000000e+000
 2.880000e+002  1.699893e-001  0.000000e+000
 2.890000e+002  2.911568e-001  0.000000e+000
 2.900000e+002  2.986387e-001  0.000000e+000
 2.910000e+002  1.791414e-001  0.000000e+000
 2.920000e+002  2.132322e-001  0.000000e+000
 2.930000e+002  2.682573e-001  0.000000e+000
 2.940000e+002  1.938553e-001  0.000000e+000
 2.950000e+002  3.186246e-002  0.000000e+000
 2.960000e+002  3.081680e-002  0.000000e+000
 2.970000e+002  5.106934e-002  0.000000e+000
 2.980000e+002  2.517404e-001  0.000000e+000
 2.990000e+002  3.265255e-001  0.000000e+000
 3.000000e+002  1.074575e-001  0.000000e+000
 3.010000e+002  7.760116e-002  0.000000e+000
 3.020000e+002  6.542435e-002  0.000000e+000
 3.030000e+002  2.293573e-001  0.000000e+000
 3.040000e+002  4.345737e-001  0.000000e+000
 3.050000e+002  2.799009e-001  0.000000e+000
 3.060000e+002  4.255562e-001  0.000000e+000
 3.070000e+002  5.512990e-001  0.000000e+000
 3.080000e+002  7.155041e-002  0.000000e+000
 3.090000e+002  6.456481e-002  0.000000e+000
 3.100000e+002  7.600050e-002  0.000000e+000
 3.110000e+002  1.150771e-001  0.000000e+000
 3.120000e+002  2.140538e-001  0.000000e+000
 3.130000e+002  3.324842e-001  0.000000e+000
 3.140000e+002  3.739957e-001  0.000000e+000
 3.150000e+002  6.069444e-002  0.000000e+000
 3.160000e+002  1.530319e-001  0.000000e+000
 3.170000e+002  9.262256e-002  0.000000e+000
 3.180000e+002  7.938997e-002  0.000000e+000
 3.190000e+002  4.605492e-002  0.000000e+000
 3.200000e+002  8.787566e-002  0.000000e+000
 3.210000e+002  7.157579e-002  0.000000e+000
 3.220000e+002  1.673736e-001  0.000000e+000
 3.230000e+002  1.092311e-001  0.000000e+000
 3.240000e+002  5.283878e-002  0.000000e+000
 3.250000e+002  4.236538e-002  0.000000e+000
 3.260000e+002  2.862635e-003  0.000000e+000
 3.270000e+002  2.056464e-001  0.000000e+000
 3.280000e+002  1.023861e-001  0.000000e+000
 3.290000e+002  3.716617e-002  0.000000e+000
 3.300000e+002  1.412920e-001  0.000000e+000
 3.310000e+002  1.161403e-001  0.000000e+000
 3.320000e+002  2.745480e-002  0.000000e+000
 3.330000e+002  1.961234e-002  0.000000e+000
 3.340000e+002  9.611201e-003  0.000000e+000
 3.350000e+002  1.678361e-001  0.000000e+000
 3.360000e+002  1.005013e-002  0.000000e+000
 3.370000e+002  2.885144e-002  0.000000e+000
 3.380000e+002  1.613355e-002  0.000000e+000
 3.390000e+002  4.363746e-002  0.000000e+000
 3.400000e+002  7.794601e-002  0.000000e+000
 3.410000e+002  2.633607e-001  0.000000e+000
 3.420000e+002  1.014794e-001  0.000000e+000
 3.430000e+002  9.531723e-002  0.000000e+000
 3.440000e+002  3.879547e-002  0.000000e+000
 3.450000e+002  7.461110e-002  0.000000e+000
 3.460000e+002  2.699338e-002  0.000000e+000
 3.470000e+002  8.259783e-003  0.000000e+000
 3.480000e+002  3.921529e-002  0.000000e+000
 3.490000e+002  1.452454e-002  0.000000e+000
 3.500000e+002  3.456085e-002  0.000000e+000
 3.510000e+002  3.480659e-002  0.000000e+000
 3.520000e+002  1.414955e-002  0.000000e+000
 3.530000e+002  3.064667e-002  0.000000e+000
 3.540000e+002  3.818168e-002  0.000000e+000
 3.550000e+002  1.944514e-001  0.000000e+000
 3.560000e+002  8.926303e-003  0.000000e+000
 3.570000e+002  6.433560e-002  0.000000e+000
 3.580000e+002  2.967410e-002  0.000000e+000
 3.590000e+002  1.392759e-002  0.000000e+000
 3.600000e+002  1.216640e-002  0.000000e+000
 3.610000e+002  7.635718e-002  0.000000e+000
 3.620000e+002  7.492132e-002  0.000000e+000
 3.630000e+002  5.820735e-002  0.000000e+000
 3.640000e+002  1.043312e-002  0.000000e+000
 3.650000e+002  8.024856e-002  0.000000e+000
 3.660000e+002  6.091126e-002  0.000000e+000
 3.670000e+002  2.054031e-001  0.000000e+000
 3.680000e+002  1.527449e-001  0.000000e+000
 3.690000e+002  2.798823e-002  0.000000e+000
 3.700000e+002  2.388083e-002  0.000000e+000
 3.710000e+002  6.778177e-002  0.000000e+000
 3.720000e+002  1.897258e-001  0.000000e+000
 3.730000e+002  5.800423e-002  0.000000e+000
 3.740000e+002  1.575796e-002  0.000000e+000
 3.750000e+002  9.615781e-002  0.000000e+000
 3.760000e+002  1.003308e-001  0.000000e+000
 3.770000e+002  2.555913e-002  0.000000e+000
 3.780000e+002  9.185431e-003  0.000000e+000
 3.790000e+002  1.324963e-001  0.000000e+000
 3.800000e+002  2.595853e-002  0.000000e+000
 3.810000e+002  4.477531e-003  0.000000e+000
 3.820000e+002  1.431210e-004  0.000000e+000
 3.830000e+002  1.487524e-001  0.000000e+000
 3.840000e+002  7.596197e-002  0.000000e+000
 3.850000e+002  1.193086e-001  0.000000e+000
 3.860000e+002  3.580252e-002  0.000000e+000
 3.870000e+002  5.938027e-003  0.000000e+000
 3.880000e+002  5.220200e-002  0.000000e+000
 3.890000e+002  1.541095e-002  0.000000e+000
 3.900000e+002  5.545981e-002  0.000000e+000
 3.910000e+002  1.011139e-001  0.000000e+000
 3.920000e+002  1.163474e-001  0.000000e+000
 3.930000e+002  2.350382e-002  0.000000e+000
 3.940000e+002  9.089476e-003  0.000000e+000
 3.950000e+002  4.796519e-002  0.000000e+000
 3.960000e+002  9.151872e-002  0.000000e+000
 3.970000e+002  3.701340e-002  0.000000e+000
 3.980000e+002  1.134636e-002  0.000000e+000
 3.990000e+002  1.567783e-001  0.000000e+000
 4.000000e+002  3.864000e-002  0.000000e+000
 4.010000e+002  5.086492e-002  0.000000e+000
 4.020000e+002  2.412853e-002  0.000000e+000
 4.030000e+002  3.226923e-002  0.000000e+000
 4.040000e+002  1.582425e-001  0.000000e+000
 4.050000e+002  4.649380e-002  0.000000e+000
 4.060000e+002  5.991335e-003  0.000000e+000
 4.070000e+002  3.104710e-002  0.000000e+000
 4.080000e+002  2.011374e-002  0.000000e+000
 4.090000e+002  8.983076e-002  0.000000e+000
 4.100000e+002  2.607805e-003  0.000000e+000
 4.110000e+002  1.282923e-001  0.000000e+000
 4.120000e+002  6.245146e-002  0.000000e+000
 4.130000e+002  1.445580e-002  0.000000e+000
 4.140000e+002  7.827241e-002  0.000000e+000
 4.150000e+002  1.645140e-001  0.000000e+000
 4.160000e+002  1.477848e-001  0.000000e+000
 4.170000e+002  3.127261e-003  0.000000e+000
 4.180000e+002  6.387024e-002  0.000000e+000
 4.190000e+002  9.481342e-002  0.000000e+000
 4.200000e+002  1.743111e-002  0.000000e+000
 4.210000e+002  1.218391e-001  0.000000e+000
 4.220000e+002  4.777362e-002  0.000000e+000
 4.230000e+002  1.324403e-002  0.000000e+000
 4.240000e+002  2.175450e-001  0.000000e+000
 4.250000e+002  8.370336e-002  0.000000e+000
 4.260000e+002  7.135932e-002  0.000000e+000
 4.270000e+002  2.971256e-001  0.000000e+000
 4.280000e+002  9.841491e-002  0.000000e+000
 4.290000e+002  2.878970e-002  0.000000e+000
 4.300000e+002  1.665256e-001  0.000000e+000
 4.310000e+002  6.180296e-002  0.000000e+000
 4.320000e+002  5.188534e-002  0.000000e+000
 4.330000e+002  6.215262e-003  0.000000e+000
 4.340000e+002  9.205265e-002  0.000000e+000
 4.350000e+002  1.032977e-001  0.000000e+000
 4.360000e+002  1.588480e-003  0.000000e+000
 4.370000e+002  9.549300e-002  0.000000e+000
 4.380000e+002  6.906347e-003  0.000000e+000
 4.390000e+002  3.165817e-002  0.000000e+000
 4.400000e+002  3.315297e-002  0.000000e+000
 4.410000e+002  4.189629e-002  0.000000e+000
 4.420000e+002  9.828306e-002  0.000000e+000
 4.430000e+002  5.250509e-003  0.000000e+000
 4.440000e+002  3.770780e-002  0.000000e+000
 4.450000e+002  4.015582e-002  0.000000e+000
 4.460000e+002  1.160323e-002  0.000000e+000
 4.470000e+002  1.148570e-001  0.000000e+000
 4.480000e+002  1.980132e-001  0.000000e+000
 4.490000e+002  8.300512e-003  0.000000e+000
 4.500000e+002  1.253537e-001  0.000000e+000
 4.510000e+002  8.166086e-002  0.000000e+000
 4.520000e+002  2.381652e-002  0.000000e+000
 4.530000e+002  7.635714e-003  0.000000e+000
 4.540000e+002  9.337641e-003  0.000000e+000
 4.550000e+002  6.262666e-003  0.000000e+000
 4.560000e+002  2.792882e-003  0.000000e+000
 4.570000e+002  6.674994e-003  0.000000e+000
 4.580000e+002  3.061121e-002  0.000000e+000
 4.590000e+002  1.457552e-002  0.000000e+000
 4.600000e+002  9.005287e-002  0.000000e+000
 4.610000e+002  4.382861e-002  0.000000e+000
 4.620000e+002  8.185692e-002  0.000000e+000
 4.630000e+002  4.579505e-002  0.000000e+000
 4.640000e+002  1.064181e-001  0.000000e+000
 4.650000e+002  2.604758e-002  0.000000e+000
 4.660000e+002  1.273284e-002  0.000000e+000
 4.670000e+002  3.837882e-002  0.000000e+000
 4.680000e+002  6.528310e-003  0.000000e+000
 4.690000e+002  6.793252e-002  0.000000e+000
 4.700000e+002  2.637941e-002  0.000000e+000
 4.710000e+002  3.136349e-002  0.000000e+000
 4.720000e+002  1.229232e-001  0.000000e+000
 4.730000e+002  1.214690e-002  0.000000e+000
 4.740000e+002  9.750819e-002  0.000000e+000
 4.750000e+002  1.794011e-001  0.000000e+000
 4.760000e+002  1.990176e-002  0.000000e+000
 4.770000e+002  9.840506e-002  0.000000e+000
 4.780000e+002  1.385791e-001  0.000000e+000
 4.790000e+002  6.676858e-002  0.000000e+000
 4.800000e+002  3.295024e-002  0.000000e+000
 4.810000e+002  3.973072e-002  0.000000e+000
 4.820000e+002  3.194254e-002  0.000000e+000
 4.830000e+002  5.359420e-002  0.000000e+000
 4.840000e+002  9.450645e-002  0.000000e+000
 4.850000e+002  1.303728e-002  0.000000e+000
 4.860000e+002  5.085673e-002  0.000000e+000
 4.870000e+002  3.992856e-002  0.000000e+000
 4.880000e+002  3.236343e-002  0.000000e+000
 4.890000e+002  7.006219e-002  0.000000e+000
 4.900000e+002  2.684722e-001  0.000000e+000
 4.910000e+002  2.738671e-002  0.000000e+000
 4.920000e+002  2.329754e-002  0.000000e+000
 4.930000e+002  9.692369e-002  0.000000e+000
 4.940000e+002  1.630640e-002  0.000000e+000
 4.950000e+002  1.980935e-001  0.000000e+000
 4.960000e+002  1.095261e-001  0.000000e+000
 4.970000e+002  1.874195e-002  0.000000e+000
 4.980000e+002  1.202899e-001  0.000000e+000
 4.990000e+002  4.982363e-002  0.000000e+000
 5.000000e+002  3.674049e-002  0.000000e+000
 5.010000e+002  1.511797e-002  0.000000e+000
 5.020000e+002  1.374763e-001  0.000000e+000
 5.030000e+002  1.010694e-001  0.000000e+000
 5.040000e+002  8.606725e-002  0.000000e+000
 5.050000e+002  7.428131e-002  0.000000e+000
 5.060000e+002  4.751678e-002  0.000000e+000
 5.070000e+002  3.659337e-002  0.000000e+000
 5.080000e+002  1.410054e-002  0.000000e+000
 5.090000e+002  1.450770e-001  0.000000e+000
 5.100000e+002  7.829753e-002  0.000000e+000
 5.110000e+002  4.017724e-002  0.000000e+000
 5.120000e+002  1.141760e-002  0.000000e+000
