 0.000000e+000  9.993744e-001  0.000000e+000
 1.000000e+000  9.044638e-001  0.000000e+000
 2.000000e+000  8.432162e-001  0.000000e+000
 3.000000e+000  7.957262e-001  0.000000e+000
 4.000000e+000  7.350704e-001  0.000000e+000
 5.000000e+000  8.475932e-001  0.000000e+000
 6.000000e+000  8.138989e-001  0.000000e+000
 7.000000e+000  7.522797e-001  0.000000e+000
 8.000000e+000  5.491211e-001  0.000000e+000
 9.000000e+000  5.769622e-002  0.000000e+000
 1.000000e+001  6.194357e-001  0.000000e+000
 1.100000e+001  8.267693e-001  0.000000e+000
 1.200000e+001  8.768121e-001  0.000000e+000
 1.300000e+001  9.191389e-001  0.000000e+000
 1.400000e+001  9.535775e-001  0.000000e+000
 1.500000e+001  8.132697e-001  0.000000e+000
 1.600000e+001  9.284087e-001  0.000000e+000
 1.700000e+001  9.009157e-001  0.000000e+000
 1.800000e+001  1.664253e-001  0.000000e+000
 1.900000e+001  9.583362e-001  0.000000e+000
 2.000000e+001  9.741070e-001  0.000000e+000
 2.100000e+001  9.726696e-001  0.000000e+000
 2.200000e+001  9.713456e-001  0.000000e+000
 2.300000e+001  9.741174e-001  0.000000e+000
 2.400000e+001  9.758537e-001  0.000000e+000
 2.500000e+001  9.722094e-001  0.000000e+000
 2.600000e+001  9.403607e-001  0.000000e+000
 2.700000e+001  1.070279e-001  0.000000e+000
 2.800000e+001  9.395063e-001  0.000000e+000
 2.900000e+001  9.688468e-001  0.000000e+000
 3.000000e+001  9.716789e-001  0.000000e+000
 3.100000e+001  9.691393e-001  0.000000e+000
 3.200000e+001  9.722005e-001  0.000000e+000
 3.300000e+001  9.658679e-001  0.000000e+000
 3.400000e+001  9.601557e-001  0.000000e+000
 3.500000e+001  9.478601e-001  0.000000e+000
 3.600000e+001  6.386393e-001  0.000000e+000
 3.700000e+001  9.746141e-001  0.000000e+000
 3.800000e+001  9.696671e-001  0.000000e+000
 3.900000e+001  3.655771e-001  0.000000e+000
 4.000000e+001  9.434271e-001  0.000000e+000
 4.100000e+001  9.597874e-001  0.000000e+000
 4.200000e+001  9.436063e-001  0.000000e+000
 4.300000e+001  9.724621e-001  0.000000e+000
 4.400000e+001  9.448389e-001  0.000000e+000
 4.500000e+001  4.505826e-001  0.000000e+000
 4.600000e+001  9.576857e-001  0.000000e+000
 4.700000e+001  9.719031e-001  0.000000e+000
 4.800000e+001  9.694384e-001  0.000000e+000
 4.900000e+001  9.632846e-001  0.000000e+000
 5.000000e+001  9.524552e-001  0.000000e+000
 5.100000e+001  8.492441e-001  0.000000e+000
 5.200000e+001  9.482528e-001  0.000000e+000
 5.300000e+001  8.652649e-001  0.000000e+000
 5.400000e+001  2.675095e-001  0.000000e+000
 5.500000e+001  9.343682e-001  0.000000e+000
 5.600000e+001  9.493960e-001  0.000000e+000
 5.700000e+001  7.750840e-001  0.000000e+000
 5.800000e+001  9.227145e-001  0.000000e+000
 5.900000e+001  9.795329e-001  0.000000e+000
 6.000000e+001  6.870896e-001  0.000000e+000
 6.100000e+001  8.461517e-001  0.000000e+000
 6.200000e+001  8.342418e-001  0.000000e+000
 6.300000e+001  3.333614e-001  0.000000e+000
 6.400000e+001  8.539208e-001  0.000000e+000
 6.500000e+001  9.059265e-001  0.000000e+000
 6.600000e+001  9.290968e-001  0.000000e+000
 6.700000e+001  9.032956e-001  0.000000e+000
 6.800000e+001  8.871319e-001  0.000000e+000
 6.900000e+001  7.456153e-001  0.000000e+000
 7.000000e+001  7.962776e-001  0.000000e+000
 7.100000e+001  5.684146e-001  0.000000e+000
 7.200000e+001  3.119942e-001  0.000000e+000
 7.300000e+001  7.312043e-001  0.000000e+000
 7.400000e+001  8.224362e-001  0.000000e+000
 7.500000e+001  8.986325e-001  0.000000e+000
 7.600000e+001  9.323426e-001  0.000000e+000
 7.700000e+001  9.664888e-001  0.000000e+000
 7.800000e+001  9.449638e-001  0.000000e+000
 7.900000e+001  9.835659e-001  0.000000e+000
 8.000000e+001  9.156927e-001  0.000000e+000
 8.100000e+001  2.274033e-001  0.000000e+000
 8.200000e+001  8.759623e-001  0.000000e+000
 8.300000e+001  9.181726e-001  0.000000e+000
 8.400000e+001  9.049821e-001  0.000000e+000
 8.500000e+001  8.895103e-001  0.000000e+000
 8.600000e+001  8.585798e-001  0.000000e+000
 8.700000e+001  7.703856e-001  0.000000e+000
 8.800000e+001  6.633435e-001  0.000000e+000
 8.900000e+001  4.066220e-001  0.000000e+000
 9.000000e+001  5.125362e-002  0.000000e+000
 9.100000e+001  8.222656e-002  0.000000e+000
 9.200000e+001  2.786908e-001  0.000000e+000
 9.300000e+001  1.942058e-001  0.000000e+000
 9.400000e+001  2.263780e-001  0.000000e+000
 9.500000e+001  3.714938e-001  0.000000e+000
 9.600000e+001  3.754213e-001  0.000000e+000
 9.700000e+001  3.343590e-001  0.000000e+000
 9.800000e+001  1.280891e-001  0.000000e+000
 9.900000e+001  5.142089e-002  0.000000e+000
 1.000000e+002  2.210298e-001  0.000000e+000
 1.010000e+002  4.325432e-001  0.000000e+000
 1.020000e+002  4.645287e-001  0.000000e+000
 1.030000e+002  6.457515e-001  0.000000e+000
 1.040000e+002  5.681936e-001  0.000000e+000
 1.050000e+002  2.741546e-001  0.000000e+000
 1.060000e+002  4.092124e-001  0.000000e+000
 1.070000e+002  1.712839e-001  0.000000e+000
 1.080000e+002  2.252340e-001  0.000000e+000
 1.090000e+002  5.513923e-001  0.000000e+000
 1.100000e+002  5.075585e-001  0.000000e+000
 1.110000e+002  1.930452e-001  0.000000e+000
 1.120000e+002  6.138195e-001  0.000000e+000
 1.130000e+002  5.224934e-001  0.000000e+000
 1.140000e+002  3.708543e-001  0.000000e+000
 1.150000e+002  1.525728e-001  0.000000e+000
 1.160000e+002  4.385356e-002  0.000000e+000
 1.170000e+002  2.194045e-004  0.000000e+000
 1.180000e+002  3.570673e-001  0.000000e+000
 1.190000e+002  5.372781e-001  0.000000e+000
 1.200000e+002  1.903487e-001  0.000000e+000
 1.210000e+002  4.976575e-001  0.000000e+000
 1.220000e+002  3.998033e-001  0.000000e+000
 1.230000e+002  1.958145e-002  0.000000e+000
 1.240000e+002  2.432810e-001  0.000000e+000
 1.250000e+002  8.208637e-002  0.000000e+000
 1.260000e+002  6.503341e-003  0.000000e+000
 1.270000e+002  3.342724e-001  0.000000e+000
 1.280000e+002  3.053286e-001  0.000000e+000
 1.290000e+002  4.469655e-003  0.000000e+000
 1.300000e+002  2.966418e-001  0.000000e+000
 1.310000e+002  3.837159e-001  0.000000e+000
 1.320000e+002  3.423493e-001  0.000000e+000
 1.330000e+002  1.842334e-001  0.000000e+000
 1.340000e+002  8.043325e-002  0.000000e+000
 1.350000e+002  4.889274e-002  0.000000e+000
 1.360000e+002  5.107779e-001  0.000000e+000
 1.370000e+002  5.900512e-001  0.000000e+000
 1.380000e+002  6.148509e-001  0.000000e+000
 1.390000e+002  6.809032e-001  0.000000e+000
 1.400000e+002  5.979844e-001  0.000000e+000
 1.410000e+002  4.563342e-001  0.000000e+000
 1.420000e+002  5.531880e-001  0.000000e+000
 1.430000e+002  1.839980e-001  0.000000e+000
 1.440000e+002  2.242431e-001  0.000000e+000
 1.450000e+002  5.118943e-001  0.000000e+000
 1.460000e+002  5.564874e-001  0.000000e+000
 1.470000e+002  1.427550e-001  0.000000e+000
 1.480000e+002  3.432012e-001  0.000000e+000
 1.490000e+002  5.508698e-001  0.000000e+000
 1.500000e+002  4.748901e-001  0.000000e+000
 1.510000e+002  6.064178e-001  0.000000e+000
 1.520000e+002  4.176629e-001  0.000000e+000
 1.530000e+002  1.314372e-001  0.000000e+000
 1.540000e+002  5.485055e-001  0.000000e+000
 1.550000e+002  5.483084e-001  0.000000e+000
 1.560000e+002  4.822222e-001  0.000000e+000
 1.570000e+002  6.713931e-001  0.000000e+000
 1.580000e+002  4.609910e-001  0.000000e+000
 1.590000e+002  4.996806e-002  0.000000e+000
 1.600000e+002  3.663267e-001  0.000000e+000
 1.610000e+002  6.885304e-002  0.000000e+000
 1.620000e+002  2.139702e-001  0.000000e+000
 1.630000e+002  6.401225e-001  0.000000e+000
 1.640000e+002  6.440390e-001  0.000000e+000
 1.650000e+002  3.451070e-001  0.000000e+000
 1.660000e+002  6.472869e-001  0.000000e+000
 1.670000e+002  6.923848e-001  0.000000e+000
 1.680000e+002  5.032590e-001  0.000000e+000
 1.690000e+002  5.905263e-001  0.000000e+000
 1.700000e+002  2.107524e-001  0.000000e+000
 1.710000e+002  4.036770e-001  0.000000e+000
 1.720000e+002  5.184491e-001  0.000000e+000
 1.730000e+002  6.243715e-001  0.000000e+000
 1.740000e+002  3.341724e-001  0.000000e+000
 1.750000e+002  5.555826e-001  0.000000e+000
 1.760000e+002  3.038356e-001  0.000000e+000
 1.770000e+002  2.777809e-002  0.000000e+000
 1.780000e+002  4.140758e-001  0.000000e+000
 1.790000e+002  6.463304e-002  0.000000e+000
 1.800000e+002  1.197914e-001  0.000000e+000
 1.810000e+002  5.741470e-001  0.000000e+000
 1.820000e+002  4.612321e-001  0.000000e+000
 1.830000e+002  2.246270e-002  0.000000e+000
 1.840000e+002  5.486056e-001  0.000000e+000
 1.850000e+002  6.205266e-001  0.000000e+000
 1.860000e+002  3.097152e-001  0.000000e+000
 1.870000e+002  4.836539e-001  0.000000e+000
 1.880000e+002  2.042411e-001  0.000000e+000
 1.890000e+002  1.222902e-001  0.000000e+000
 1.900000e+002  5.130742e-001  0.000000e+000
 1.910000e+002  4.298417e-001  0.000000e+000
 1.920000e+002  4.686677e-001  0.000000e+000
 1.930000e+002  5.835502e-001  0.000000e+000
 1.940000e+002  4.279046e-001  0.000000e+000
 1.950000e+002  3.191064e-001  0.000000e+000
 1.960000e+002  5.025916e-001  0.000000e+000
 1.970000e+002  3.169535e-001  0.000000e+000
 1.980000e+002  5.081922e-001  0.000000e+000
 1.990000e+002  5.090964e-001  0.000000e+000
 2.000000e+002  5.454742e-001  0.000000e+000
 2.010000e+002  2.717962e-002  0.000000e+000
 2.020000e+002  4.628783e-001  0.000000e+000
 2.030000e+002  4.932726e-001  0.000000e+000
 2.040000e+002  6.339536e-001  0.000000e+000
 2.050000e+002  7.249290e-001  0.000000e+000
 2.060000e+002  4.272408e-001  0.000000e+000
 2.070000e+002  2.002869e-001  0.000000e+000
 2.080000e+002  6.663530e-001  0.000000e+000
 2.090000e+002  3.839232e-001  0.000000e+000
 2.100000e+002  4.231631e-001  0.000000e+000
 2.110000e+002  5.119940e-001  0.000000e+000
 2.120000e+002  2.046901e-001  0.000000e+000
 2.130000e+002  2.470045e-002  0.000000e+000
 2.140000e+002  3.085465e-001  0.000000e+000
 2.150000e+002  4.970660e-001  0.000000e+000
 2.160000e+002  2.909254e-001  0.000000e+000
 2.170000e+002  4.201266e-001  0.000000e+000
 2.180000e+002  5.647464e-001  0.000000e+000
 2.190000e+002  3.535296e-001  0.000000e+000
 2.200000e+002  6.267539e-001  0.000000e+000
 2.210000e+002  7.250413e-001  0.000000e+000
 2.220000e+002  5.445317e-001  0.000000e+000
 2.230000e+002  5.939798e-001  0.000000e+000
 2.240000e+002  6.219207e-001  0.000000e+000
 2.250000e+002  4.885664e-001  0.000000e+000
 2.260000e+002  5.514761e-001  0.000000e+000
 2.270000e+002  5.259747e-001  0.000000e+000
 2.280000e+002  2.795043e-001  0.000000e+000
 2.290000e+002  5.903777e-001  0.000000e+000
 2.300000e+002  4.837865e-001  0.000000e+000
 2.310000e+002  2.344810e-002  0.000000e+000
 2.320000e+002  5.596874e-001  0.000000e+000
 2.330000e+002  5.031481e-001  0.000000e+000
 2.340000e+002  4.976018e-001  0.000000e+000
 2.350000e+002  6.246645e-001  0.000000e+000
 2.360000e+002  4.568173e-001  0.000000e+000
 2.370000e+002  1.331498e-001  0.000000e+000
 2.380000e+002  4.518248e-001  0.000000e+000
 2.390000e+002  4.183618e-001  0.000000e+000
 2.400000e+002  1.101711e-001  0.000000e+000
 2.410000e+002  1.250190e-001  0.000000e+000
 2.420000e+002  1.660361e-003  0.000000e+000
 2.430000e+002  2.281609e-002  0.000000e+000
 2.440000e+002  1.392834e-001  0.000000e+000
 2.450000e+002  1.626732e-001  0.000000e+000
 2.460000e+002  2.098843e-001  0.000000e+000
 2.470000e+002  3.588865e-001  0.000000e+000
 2.480000e+002  3.403696e-001  0.000000e+000
 2.490000e+002  1.311067e-001  0.000000e+000
 2.500000e+002  2.599881e-001  0.000000e+000
 2.510000e+002  2.618979e-001  0.000000e+000
 2.520000e+002  1.122916e-001  0.000000e+000
 2.530000e+002  3.321741e-001  0.000000e+000
 2.540000e+002  4.886928e-001  0.000000e+000
 2.550000e+002  7.140116e-002  0.000000e+000
 2.560000e+002  3.179243e-001  0.000000e+000
 2.570000e+002  4.939855e-001  0.000000e+000
 2.580000e+002  2.669202e-001  0.000000e+000
 2.590000e+002  4.577688e-001  0.000000e+000
 2.600000e+002  4.358264e-001  0.000000e+000
 2.610000e+002  1.276233e-001  0.000000e+000
 2.620000e+002  3.553958e-001  0.000000e+000
 2.630000e+002  2.011058e-001  0.000000e+000
 2.640000e+002  2.031960e-001  0.000000e+000
 2.650000e+002  3.327484e-001  0.000000e+000
 2.660000e+002  3.226614e-001  0.000000e+000
 2.670000e+002  9.336992e-002  0.000000e+000
 2.680000e+002  1.683163e-001  0.000000e+000
 2.690000e+002  3.486448e-001  0.000000e+000
 2.700000e+002  1.831450e-001  0.000000e+000
 2.710000e+002  4.876803e-001  0.000000e+000
 2.720000e+002  3.268323e-001  0.000000e+000
 2.730000e+002  1.117605e-001  0.000000e+000
 2.740000e+002  3.099547e-001  0.000000e+000
 2.750000e+002  2.811691e-001  0.000000e+000
 2.760000e+002  2.892883e-001  0.000000e+000
 2.770000e+002  3.841364e-001  0.000000e+000
 2.780000e+002  2.642631e-001  0.000000e+000
 2.790000e+002  6.636859e-002  0.000000e+000
 2.800000e+002  2.610417e-001  0.000000e+000
 2.810000e+002  2.574326e-001  0.000000e+000
 2.820000e+002  1.876971e-001  0.000000e+000
 2.830000e+002  3.966924e-001  0.000000e+000
 2.840000e+002  2.926500e-001  0.000000e+000
 2.850000e+002  7.614057e-002  0.000000e+000
 2.860000e+002  2.984690e-001  0.000000e+000
 2.870000e+002  1.310573e-001  0.000000e+000
 2.880000e+002  2.327221e-001  0.000000e+000
 2.890000e+002  4.007684e-001  0.000000e+000
 2.900000e+002  2.586205e-001  0.000000e+000
 2.910000e+002  9.931336e-002  0.000000e+000
 2.920000e+002  8.923464e-002  0.000000e+000
 2.930000e+002  1.803397e-001  0.000000e+000
 2.940000e+002  7.349555e-002  0.000000e+000
 2.950000e+002  2.759098e-001  0.000000e+000
 2.960000e+002  1.283539e-001  0.000000e+000
 2.970000e+002  7.075306e-002  0.000000e+000
 2.980000e+002  1.076409e-001  0.000000e+000
 2.990000e+002  2.090154e-001  0.000000e+000
 3.000000e+002  9.926610e-002  0.000000e+000
 3.010000e+002  1.360713e-001  0.000000e+000
 3.020000e+002  7.210517e-002  0.000000e+000
 3.030000e+002  7.216132e-002  0.000000e+000
 3.040000e+002  9.904332e-002  0.000000e+000
 3.050000e+002  1.617751e-001  0.000000e+000
 3.060000e+002  1.154890e-001  0.000000e+000
 3.070000e+002  7.977150e-002  0.000000e+000
 3.080000e+002  1.238893e-001  0.000000e+000
 3.090000e+002  6.979994e-002  0.000000e+000
 3.100000e+002  7.245178e-002  0.000000e+000
 3.110000e+002  2.868215e-001  0.000000e+000
 3.120000e+002  1.067633e-001  0.000000e+000
 3.130000e+002  2.120716e-001  0.000000e+000
 3.140000e+002  1.810132e-001  0.000000e+000
 3.150000e+002  9.115685e-004  0.000000e+000
 3.160000e+002  2.669655e-002  0.000000e+000
 3.170000e+002  1.178830e-001  0.000000e+000
 3.180000e+002  8.577224e-002  0.000000e+000
 3.190000e+002  3.029268e-001  0.000000e+000
 3.200000e+002  8.638228e-002  0.000000e+000
 3.210000e+002  7.706193e-002  0.000000e+000
 3.220000e+002  1.164040e-001  0.000000e+000
 3.230000e+002  1.966751e-001  0.000000e+000
 3.240000e+002  1.412683e-001  0.000000e+000
 3.250000e+002  7.028122e-002  0.000000e+000
 3.260000e+002  4.440625e-001  0.000000e+000
 3.270000e+002  2.780472e-001  0.000000e+000
 3.280000e+002  1.636564e-001  0.000000e+000
 3.290000e+002  7.438153e-002  0.000000e+000
 3.300000e+002  2.966899e-001  0.000000e+000
 3.310000e+002  4.878463e-001  0.000000e+000
 3.320000e+002  4.336231e-001  0.000000e+000
 3.330000e+002  5.508583e-002  0.000000e+000
 3.340000e+002  2.249463e-001  0.000000e+000
 3.350000e+002  4.186184e-001  0.000000e+000
 3.360000e+002  1.321252e-001  0.000000e+000
 3.370000e+002  3.747731e-001  0.000000e+000
 3.380000e+002  1.915976e-001  0.000000e+000
 3.390000e+002  1.207651e-001  0.000000e+000
 3.400000e+002  3.677996e-001  0.000000e+000
 3.410000e+002  4.520998e-001  0.000000e+000
 3.420000e+002  3.045222e-001  0.000000e+000
 3.430000e+002  4.974363e-001  0.000000e+000
 3.440000e+002  3.820298e-001  0.000000e+000
 3.450000e+002  3.183348e-001  0.000000e+000
 3.460000e+002  2.267894e-001  0.000000e+000
 3.470000e+002  4.038546e-001  0.000000e+000
 3.480000e+002  3.670945e-001  0.000000e+000
 3.490000e+002  2.472156e-001  0.000000e+000
 3.500000e+002  1.380762e-001  0.000000e+000
 3.510000e+002  3.914689e-002  0.000000e+000
 3.520000e+002  2.656203e-001  0.000000e+000
 3.530000e+002  4.030845e-001  0.000000e+000
 3.540000e+002  2.377973e-001  0.000000e+000
 3.550000e+002  3.994250e-001  0.000000e+000
 3.560000e+002  4.132031e-001  0.000000e+000
 3.570000e+002  2.082200e-001  0.000000e+000
 3.580000e+002  1.201602e-001  0.000000e+000
 3.590000e+002  2.713427e-001  0.000000e+000
 3.600000e+002  3.348588e-002  0.000000e+000
 3.610000e+002  2.357041e-001  0.000000e+000
 3.620000e+002  1.335420e-001  0.000000e+000
 3.630000e+002  9.965558e-002  0.000000e+000
 3.640000e+002  4.005918e-001  0.000000e+000
 3.650000e+002  1.193064e-001  0.000000e+000
 3.660000e+002  3.353353e-001  0.000000e+000
 3.670000e+002  3.584072e-001  0.000000e+000
 3.680000e+002  1.943657e-001  0.000000e+000
 3.690000e+002  7.523482e-005  0.000000e+000
 3.700000e+002  1.422991e-001  0.000000e+000
 3.710000e+002  2.632521e-001  0.000000e+000
 3.720000e+002  3.342871e-001  0.000000e+000
 3.730000e+002  2.574148e-001  0.000000e+000
 3.740000e+002  1.494785e-001  0.000000e+000
 3.750000e+002  8.015265e-002  0.000000e+000
 3.760000e+002  1.128711e-001  0.000000e+000
 3.770000e+002  6.563858e-002  0.000000e+000
 3.780000e+002  1.075857e-001  0.000000e+000
 3.790000e+002  3.558033e-001  0.000000e+000
 3.800000e+002  1.393873e-001  0.000000e+000
 3.810000e+002  1.012299e-001  0.000000e+000
 3.820000e+002  3.026841e-001  0.000000e+000
 3.830000e+002  3.270485e-001  0.000000e+000
 3.840000e+002  1.690586e-001  0.000000e+000
 3.850000e+002  1.952285e-001  0.000000e+000
 3.860000e+002  5.679846e-002  0.000000e+000
 3.870000e+002  2.638047e-002  0.000000e+000
 3.880000e+002  5.227439e-002  0.000000e+000
 3.890000e+002  5.911767e-002  0.000000e+000
 3.900000e+002  7.672878e-002  0.000000e+000
 3.910000e+002  2.211541e-001  0.000000e+000
 3.920000e+002  1.883311e-001  0.000000e+000
 3.930000e+002  3.031573e-002  0.000000e+000
 3.940000e+002  6.161073e-002  0.000000e+000
 3.950000e+002  3.474551e-001  0.000000e+000
 3.960000e+002  3.975521e-001  0.000000e+000
 3.970000e+002  8.354736e-002  0.000000e+000
 3.980000e+002  1.540865e-001  0.000000e+000
 3.990000e+002  1.945868e-002  0.000000e+000
 4.000000e+002  6.249163e-002  0.000000e+000
 4.010000e+002  3.721284e-001  0.000000e+000
 4.020000e+002  1.283980e-001  0.000000e+000
 4.030000e+002  9.712740e-002  0.000000e+000
 4.040000e+002  1.028924e-001  0.000000e+000
 4.050000e+002  1.195316e-003  0.000000e+000
 4.060000e+002  1.688704e-001  0.000000e+000
 4.070000e+002  7.202971e-002  0.000000e+000
 4.080000e+002  1.057523e-001  0.000000e+000
 4.090000e+002  1.366633e-001  0.000000e+000
 4.100000e+002  2.027486e-001  0.000000e+000
 4.110000e+002  8.572458e-002  0.000000e+000
 4.120000e+002  1.700218e-001  0.000000e+000
 4.130000e+002  1.634813e-001  0.000000e+000
 4.140000e+002  2.532463e-001  0.000000e+000
 4.150000e+002  1.990546e-001  0.000000e+000
 4.160000e+002  8.027837e-002  0.000000e+000
 4.170000e+002  1.979770e-002  0.000000e+000
 4.180000e+002  1.083253e-001  0.000000e+000
 4.190000e+002  9.955750e-002  0.000000e+000
 4.200000e+002  4.566553e-002  0.000000e+000
 4.210000e+002  2.250423e-001  0.000000e+000
 4.220000e+002  1.240475e-001  0.000000e+000
 4.230000e+002  2.822846e-002  0.000000e+000
 4.240000e+002  1.543356e-001  0.000000e+000
 4.250000e+002  3.847579e-001  0.000000e+000
 4.260000e+002  1.524382e-001  0.000000e+000
 4.270000e+002  2.761848e-001  0.000000e+000
 4.280000e+002  1.960092e-001  0.000000e+000
 4.290000e+002  1.282269e-002  0.000000e+000
 4.300000e+002  1.641989e-001  0.000000e+000
 4.310000e+002  2.098145e-001  0.000000e+000
 4.320000e+002  4.230873e-003  0.000000e+000
 4.330000e+002  1.412490e-002  0.000000e+000
 4.340000e+002  1.377923e-001  0.000000e+000
 4.350000e+002  7.383671e-002  0.000000e+000
 4.360000e+002  2.365804e-001  0.000000e+000
 4.370000e+002  9.395052e-002  0.000000e+000
 4.380000e+002  1.845231e-001  0.000000e+000
 4.390000e+002  2.096691e-001  0.000000e+000
 4.400000e+002  1.656010e-001  0.000000e+000
 4.410000e+002  4.041110e-002  0.000000e+000
 4.420000e+002  7.447366e-002  0.000000e+000
 4.430000e+002  1.465580e-001  0.000000e+000
 4.440000e+002  8.060563e-003  0.000000e+000
 4.450000e+002  9.145147e-002  0.000000e+000
 4.460000e+002  1.015554e-001  0.000000e+000
 4.470000e+002  2.927239e-001  0.000000e+000
 4.480000e+002  1.422435e-001  0.000000e+000
 4.490000e+002  3.008777e-001  0.000000e+000
 4.500000e+002  3.180685e-001  0.000000e+000
 4.510000e+002  2.312608e-001  0.000000e+000
 4.520000e+002  1.559855e-001  0.000000e+000
 4.530000e+002  8.255023e-003  0.000000e+000
 4.540000e+002  1.774233e-001  0.000000e+000
 4.550000e+002  1.710980e-001  0.000000e+000
 4.560000e+002  1.033712e-001  0.000000e+000
 4.570000e+002  2.864198e-001  0.000000e+000
 4.580000e+002  7.046243e-002  0.000000e+000
 4.590000e+002  7.621621e-002  0.000000e+000
 4.600000e+002  2.242067e-001  0.000000e+000
 4.610000e+002  2.042939e-001  0.000000e+000
 4.620000e+002  1.978484e-001  0.000000e+000
 4.630000e+002  1.652790e-001  0.000000e+000
 4.640000e+002  2.007645e-001  0.000000e+000
 4.650000e+002  2.336311e-001  0.000000e+000
 4.660000e+002  1.042944e-001  0.000000e+000
 4.670000e+002  2.881907e-001  0.000000e+000
 4.680000e+002  1.178136e-001  0.000000e+000
 4.690000e+002  3.411745e-002  0.000000e+000
 4.700000e+002  6.945505e-002  0.000000e+000
 4.710000e+002  2.870016e-002  0.000000e+000
 4.720000e+002  1.813273e-001  0.000000e+000
 4.730000e+002  1.173038e-001  0.000000e+000
 4.740000e+002  3.601995e-001  0.000000e+000
 4.750000e+002  3.943270e-001  0.000000e+000
 4.760000e+002  2.011879e-001  0.000000e+000
 4.770000e+002  1.880432e-001  0.000000e+000
 4.780000e+002  5.681200e-002  0.000000e+000
 4.790000e+002  1.045990e-001  0.000000e+000
 4.800000e+002  7.492728e-002  0.000000e+000
 4.810000e+002  1.663473e-001  0.000000e+000
 4.820000e+002  1.118478e-001  0.000000e+000
 4.830000e+002  1.231598e-001  0.000000e+000
 4.840000e+002  1.080360e-001  0.000000e+000
 4.850000e+002  1.402543e-001  0.000000e+000
 4.860000e+002  5.467913e-002  0.000000e+000
 4.870000e+002  1.763335e-001  0.000000e+000
 4.880000e+002  1.752684e-001  0.000000e+000
 4.890000e+002  1.700975e-001  0.000000e+000
 4.900000e+002  2.011324e-001  0.000000e+000
 4.910000e+002  1.492448e-001  0.000000e+000
 4.920000e+002  2.139349e-001  0.000000e+000
 4.930000e+002  2.520687e-001  0.000000e+000
 4.940000e+002  1.064489e-001  0.000000e+000
 4.950000e+002  3.432003e-001  0.000000e+000
 4.960000e+002  1.589666e-001  0.000000e+000
 4.970000e+002  3.074861e-001  0.000000e+000
 4.980000e+002  2.166989e-001  0.000000e+000
 4.990000e+002  1.232101e-001  0.000000e+000
 5.000000e+002  2.118702e-001  0.000000e+000
 5.010000e+002  5.173957e-002  0.000000e+000
 5.020000e+002  2.342457e-001  0.000000e+000
 5.030000e+002  1.597389e-001  0.000000e+000
 5.040000e+002  2.519337e-001  0.000000e+000
 5.050000e+002  1.606058e-001  0.000000e+000
 5.060000e+002  2.194605e-001  0.000000e+000
 5.070000e+002  4.366002e-002  0.000000e+000
 5.080000e+002  1.255902e-001  0.000000e+000
 5.090000e+002  2.121831e-001  0.000000e+000
 5.100000e+002  1.345152e-001  0.000000e+000
 5.110000e+002  1.033310e-001  0.000000e+000
 5.120000e+002  1.646411e-001  0.000000e+000
