 0.000000e+000 -3.352737e-007  0.000000e+000
 1.000000e+000 -1.922858e-006 -7.998180e-007
 2.000000e+000 -1.984371e-006 -3.680987e-007
 3.000000e+000 -2.195947e-006 -5.228024e-008
 4.000000e+000 -2.245816e-006  6.386340e-007
 5.000000e+000 -2.413410e-006  1.536418e-007
 6.000000e+000 -2.526023e-006  3.330334e-007
 7.000000e+000 -2.652209e-006  5.084147e-007
 8.000000e+000 -2.824428e-006  1.316973e-006
 9.000000e+000 -4.638924e-006 -1.689811e-005
 1.000000e+001 -3.329696e-006  1.064732e-007
 1.100000e+001 -3.452470e-006  5.016846e-007
 1.200000e+001 -3.840286e-006  7.895478e-007
 1.300000e+001 -4.242760e-006  1.234606e-006
 1.400000e+001 -4.678579e-006  1.652144e-006
 1.500000e+001 -5.594414e-006  1.987409e-006
 1.600000e+001 -6.122504e-006  2.207945e-006
 1.700000e+001 -7.353838e-006  2.401719e-006
 1.800000e+001 -9.056135e-006  6.429829e-006
 1.900000e+001 -1.189020e-005  5.363174e-006
 2.000000e+001 -1.658293e-005  7.582483e-006
 2.100000e+001 -2.958461e-005  1.436960e-005
 2.200000e+001 -1.058160e-004  9.697399e-005
 2.300000e+001  5.857377e-005 -1.594176e-005
 2.400000e+001  2.451453e-005 -8.575361e-006
 2.500000e+001  1.559966e-005 -5.430513e-006
 2.600000e+001  1.151970e-005 -4.067129e-006
 2.700000e+001  1.176588e-005 -1.011884e-005
 2.800000e+001  7.411474e-006 -3.065445e-006
 2.900000e+001  6.522281e-006 -2.588702e-006
 3.000000e+001  5.679225e-006 -2.226632e-006
 3.100000e+001  5.157547e-006 -1.943665e-006
 3.200000e+001  4.690726e-006 -1.724711e-006
 3.300000e+001  4.228612e-006 -1.514400e-006
 3.400000e+001  3.950678e-006 -1.395843e-006
 3.500000e+001  3.903824e-006 -1.372259e-006
 3.600000e+001  3.492146e-006 -1.029955e-006
 3.700000e+001  3.406049e-006 -1.019461e-006
 3.800000e+001  3.192263e-006 -9.762801e-007
 3.900000e+001  2.584018e-006 -1.869529e-006
 4.000000e+001  2.821153e-006 -7.715112e-007
 4.100000e+001  2.773366e-006 -7.363220e-007
 4.200000e+001  2.726191e-006 -7.240862e-007
 4.300000e+001  2.668340e-006 -6.948571e-007
 4.400000e+001  2.714168e-006 -6.949153e-007
 4.500000e+001  2.318451e-006  3.478574e-009
 4.600000e+001  2.460609e-006 -3.971023e-007
 4.700000e+001  2.387960e-006 -3.775807e-007
 4.800000e+001  2.277342e-006 -3.580426e-007
 4.900000e+001  2.268437e-006 -3.289421e-007
 5.000000e+001  2.209592e-006 -3.134102e-007
 5.100000e+001  2.202929e-006 -3.748742e-007
 5.200000e+001  2.209686e-006 -2.101361e-007
 5.300000e+001  2.171110e-006 -9.120394e-008
 5.400000e+001  1.774674e-006 -1.036038e-006
 5.500000e+001  2.002678e-006 -3.821660e-007
 5.600000e+001  2.069311e-006 -2.699936e-007
 5.700000e+001  1.840911e-006 -1.430885e-007
 5.800000e+001  2.087755e-006 -1.405320e-007
 5.900000e+001  2.080197e-006 -1.298544e-007
 6.000000e+001  2.054600e-006  2.334899e-007
 6.100000e+001  2.046718e-006 -2.036630e-007
 6.200000e+001  2.164842e-006 -3.110153e-007
 6.300000e+001  2.248627e-006  3.834938e-007
 6.400000e+001  2.268001e-006  1.233881e-007
 6.500000e+001  2.152002e-006 -6.114816e-008
 6.600000e+001  2.296929e-006  1.295348e-007
 6.700000e+001  2.344128e-006 -5.818627e-008
 6.800000e+001  2.466785e-006  9.932313e-008
 6.900000e+001  2.868534e-006  2.915874e-007
 7.000000e+001  2.939130e-006 -5.075698e-008
 7.100000e+001  3.073026e-006 -5.245667e-007
 7.200000e+001  4.848489e-006  3.886489e-007
 7.300000e+001  3.358973e-006 -5.190899e-007
 7.400000e+001  3.247263e-006 -3.724954e-007
 7.500000e+001  4.223406e-006 -3.762236e-007
 7.600000e+001  5.167942e-006 -5.301602e-007
 7.700000e+001  7.243755e-006 -1.104437e-006
 7.800000e+001  1.285629e-005 -2.826468e-006
 7.900000e+001  1.822512e-005 -4.942319e-005
 8.000000e+001 -1.462529e-005 -1.487247e-006
 8.100000e+001 -4.919100e-006 -7.585508e-007
 8.200000e+001 -4.087678e-006  1.756578e-008
 8.300000e+001 -3.084404e-006  1.730256e-007
 8.400000e+001 -2.296744e-006  2.660426e-007
 8.500000e+001 -1.900922e-006  3.118096e-007
 8.600000e+001 -1.690628e-006  3.144549e-007
 8.700000e+001 -1.537447e-006  4.294228e-007
 8.800000e+001 -1.537691e-006  3.804164e-007
 8.900000e+001 -2.103401e-006  6.766710e-007
 9.000000e+001  1.190219e-006  1.369989e-007
 9.100000e+001 -2.077976e-007  3.493290e-007
 9.200000e+001 -3.828768e-007  4.083502e-007
 9.300000e+001 -2.253592e-006  2.891787e-006
 9.400000e+001 -3.792318e-007  2.330564e-007
 9.500000e+001 -3.866082e-007  2.710730e-007
 9.600000e+001 -5.920228e-007  2.583016e-007
 9.700000e+001 -5.815410e-007  3.262727e-007
 9.800000e+001 -8.453567e-007  1.159894e-007
 9.900000e+001  8.639034e-007  4.326493e-007
 1.000000e+002 -6.451323e-008  5.595183e-007
 1.010000e+002 -1.783827e-007  5.658991e-007
 1.020000e+002 -2.273335e-007  5.028334e-007
 1.030000e+002 -1.823875e-007  6.399305e-007
 1.040000e+002 -1.896051e-007  6.486727e-007
 1.050000e+002 -2.749089e-007  7.634655e-007
 1.060000e+002 -1.201634e-007  7.554703e-007
 1.070000e+002 -1.323031e-007  8.389989e-007
 1.080000e+002 -6.734149e-007  8.040383e-007
 1.090000e+002  7.661546e-008  1.045326e-006
 1.100000e+002  1.379149e-007  6.580564e-007
 1.110000e+002  2.557520e-007  7.202190e-007
 1.120000e+002  3.270713e-009  6.381105e-007
 1.130000e+002 -1.095494e-007  5.634893e-007
 1.140000e+002 -1.115072e-008  4.188658e-007
 1.150000e+002  8.583506e-009  3.890837e-007
 1.160000e+002  3.171709e-007  2.914762e-007
 1.170000e+002 -4.919737e-008 -2.887401e-009
 1.180000e+002 -2.741208e-007  6.072231e-007
 1.190000e+002 -2.253440e-007  6.016273e-007
 1.200000e+002  6.087591e-009  4.995009e-007
 1.210000e+002  8.579945e-008  5.743145e-007
 1.220000e+002  6.448834e-008  5.146055e-007
 1.230000e+002 -1.860683e-007  2.257207e-007
 1.240000e+002 -1.232257e-007  4.016542e-007
 1.250000e+002  1.483895e-007  5.488068e-007
 1.260000e+002 -3.678535e-008  1.532550e-007
 1.270000e+002 -1.748758e-007  4.236120e-007
 1.280000e+002 -1.449528e-007  3.575612e-007
 1.290000e+002  1.007695e-007 -3.537744e-008
 1.300000e+002 -1.593683e-007  1.968424e-007
 1.310000e+002 -1.954172e-007  2.784482e-007
 1.320000e+002 -2.129961e-007  2.216793e-007
 1.330000e+002 -2.367724e-007  1.365854e-007
 1.340000e+002 -3.694752e-007 -3.134235e-007
 1.350000e+002 -4.273441e-007  4.560988e-007
 1.360000e+002 -2.593737e-007  5.815772e-007
 1.370000e+002 -1.662069e-007  5.626275e-007
 1.380000e+002 -2.053060e-007  5.420597e-007
 1.390000e+002 -2.181186e-007  4.563405e-007
 1.400000e+002 -3.210463e-007  3.494367e-007
 1.410000e+002 -2.595025e-007  4.367582e-007
 1.420000e+002 -3.144174e-007  4.322031e-007
 1.430000e+002 -4.603974e-007  3.671064e-007
 1.440000e+002 -1.993288e-007  5.192649e-007
 1.450000e+002 -3.858303e-007  3.589189e-007
 1.460000e+002 -4.592770e-007  3.824139e-007
 1.470000e+002 -3.460995e-006 -8.437623e-007
 1.480000e+002 -1.708577e-007  3.523032e-007
 1.490000e+002 -2.288516e-007  2.777044e-007
 1.500000e+002 -3.304741e-007  3.312682e-007
 1.510000e+002 -1.384098e-007  3.252691e-007
 1.520000e+002 -3.083925e-007  4.137283e-007
 1.530000e+002 -2.279354e-007  2.600780e-007
 1.540000e+002 -3.593274e-007  2.096340e-007
 1.550000e+002 -2.669466e-007  2.175603e-007
 1.560000e+002 -3.358739e-007  1.949205e-007
 1.570000e+002 -3.656007e-007  3.004250e-007
 1.580000e+002 -2.303055e-007  2.332391e-007
 1.590000e+002 -4.721413e-007 -2.246215e-007
 1.600000e+002 -1.786848e-007  3.074213e-007
 1.610000e+002 -1.757112e-007  1.397148e-007
 1.620000e+002 -4.532564e-007  3.418090e-007
 1.630000e+002 -3.961363e-007  3.126906e-007
 1.640000e+002 -4.258867e-007  2.221774e-007
 1.650000e+002 -4.162833e-007  2.410928e-007
 1.660000e+002 -3.281635e-007  3.094668e-007
 1.670000e+002 -4.393194e-007  1.463437e-007
 1.680000e+002 -2.881386e-007  2.035476e-007
 1.690000e+002 -4.168997e-007  1.788007e-007
 1.700000e+002 -3.197878e-007  2.217819e-008
 1.710000e+002 -4.134361e-007  4.325399e-007
 1.720000e+002 -3.909612e-007  1.218998e-007
 1.730000e+002 -3.990343e-007  1.859750e-007
 1.740000e+002 -3.957467e-007  1.793394e-007
 1.750000e+002 -3.466898e-007  6.355234e-008
 1.760000e+002 -3.171579e-007  1.786033e-007
 1.770000e+002 -1.744819e-007  3.460296e-007
 1.780000e+002 -3.557053e-007  6.971896e-008
 1.790000e+002 -1.985241e-007  8.753505e-008
 1.800000e+002 -3.314658e-007  2.145977e-007
 1.810000e+002 -3.244686e-007  1.409741e-007
 1.820000e+002 -3.041789e-007  1.288717e-007
 1.830000e+002 -1.675595e-007 -5.625948e-008
 1.840000e+002 -4.859163e-007  7.879617e-008
 1.850000e+002 -4.151149e-007  5.928848e-008
 1.860000e+002 -3.145662e-007  7.120127e-008
 1.870000e+002 -2.985624e-007  4.610995e-008
 1.880000e+002 -3.228499e-007 -1.409533e-008
 1.890000e+002 -1.043517e-006  2.709001e-007
 1.900000e+002 -3.854198e-007 -1.968897e-009
 1.910000e+002 -3.610428e-007 -1.653505e-008
 1.920000e+002 -3.631461e-007 -4.623877e-008
 1.930000e+002 -3.569128e-007 -2.831527e-008
 1.940000e+002 -3.559221e-007  8.680675e-009
 1.950000e+002 -3.975459e-007  8.139068e-009
 1.960000e+002 -3.135022e-007 -6.780604e-008
 1.970000e+002 -3.221399e-007 -5.255074e-008
 1.980000e+002 -3.768003e-007 -4.143234e-008
 1.990000e+002 -2.727509e-007  4.962475e-008
 2.000000e+002 -4.151513e-007 -4.463615e-008
 2.010000e+002 -7.835368e-007  5.174464e-007
 2.020000e+002 -4.606970e-007 -8.966411e-008
 2.030000e+002 -3.363333e-007 -4.114186e-008
 2.040000e+002 -5.790049e-007 -8.842256e-008
 2.050000e+002 -4.443497e-007 -1.064853e-007
 2.060000e+002 -3.888107e-007 -1.721196e-007
 2.070000e+002 -3.958624e-007  1.118892e-008
 2.080000e+002 -4.280983e-007 -1.376282e-007
 2.090000e+002 -2.808688e-007 -1.957739e-007
 2.100000e+002 -3.664932e-007 -1.078937e-007
 2.110000e+002 -3.058393e-007 -1.097756e-007
 2.120000e+002 -2.730360e-007 -1.627332e-007
 2.130000e+002  6.085716e-008  9.814194e-007
 2.140000e+002 -4.345438e-007 -1.456000e-007
 2.150000e+002 -3.588959e-007 -1.677361e-007
 2.160000e+002 -4.018400e-007 -3.607951e-007
 2.170000e+002 -2.349598e-007 -1.969075e-007
 2.180000e+002 -3.458307e-007 -2.348010e-007
 2.190000e+002 -3.541831e-007 -2.516275e-007
 2.200000e+002 -3.696724e-007 -2.165792e-007
 2.210000e+002 -3.828982e-007 -2.332052e-007
 2.220000e+002 -3.234009e-007 -2.495794e-007
 2.230000e+002 -3.504038e-007 -2.424041e-007
 2.240000e+002 -2.846081e-007 -2.443568e-007
 2.250000e+002 -3.857040e-007 -3.312909e-007
 2.260000e+002 -3.019054e-007 -2.439404e-007
 2.270000e+002 -2.531502e-007 -2.221831e-007
 2.280000e+002 -3.807034e-007 -8.879620e-008
 2.290000e+002 -3.157039e-007 -2.888492e-007
 2.300000e+002 -3.099379e-007 -3.907232e-007
 2.310000e+002 -6.105165e-008 -3.740622e-007
 2.320000e+002 -3.940058e-007 -2.028264e-007
 2.330000e+002 -2.613006e-007 -2.798228e-007
 2.340000e+002 -2.521712e-007 -2.974446e-007
 2.350000e+002 -3.071247e-007 -2.288568e-007
 2.360000e+002 -3.746507e-007 -2.985306e-007
 2.370000e+002 -3.652573e-007 -6.426485e-008
 2.380000e+002 -4.994031e-007 -3.588391e-007
 2.390000e+002 -4.019754e-007 -1.498149e-007
 2.400000e+002  5.269802e-007 -5.875131e-007
 2.410000e+002 -5.306263e-008  3.902278e-007
 2.420000e+002  3.124483e-008  1.385924e-008
 2.430000e+002  4.491390e-007  1.696137e-007
 2.440000e+002  4.252604e-008 -1.638406e-007
 2.450000e+002 -9.520199e-008 -1.452010e-007
 2.460000e+002  1.378515e-007 -1.988532e-007
 2.470000e+002 -1.308260e-007 -3.377016e-007
 2.480000e+002 -2.121171e-007 -3.170651e-007
 2.490000e+002 -4.959144e-007 -5.680182e-007
 2.500000e+002  1.667890e-007 -2.820473e-007
 2.510000e+002  7.678296e-008 -2.403714e-007
 2.520000e+002 -2.206849e-008 -1.739903e-007
 2.530000e+002  3.444904e-008 -2.517508e-007
 2.540000e+002  6.968404e-008 -4.020986e-007
 2.550000e+002 -4.634193e-007  8.377059e-007
 2.560000e+002  9.582883e-008 -3.417884e-007
 2.570000e+002  3.501712e-008 -3.533568e-007
 2.580000e+002  1.689833e-008 -2.536688e-007
 2.590000e+002  8.245638e-008 -3.219417e-007
 2.600000e+002  4.611146e-008 -2.868481e-007
 2.610000e+002  3.249232e-007 -3.514864e-007
 2.620000e+002  6.852989e-008 -2.403843e-007
 2.630000e+002  9.866598e-008 -1.572642e-007
 2.640000e+002  5.844665e-008 -2.081640e-007
 2.650000e+002  1.614449e-007 -2.116832e-007
 2.660000e+002  3.604729e-007 -2.305035e-007
 2.670000e+002  2.003544e-006 -1.280065e-006
 2.680000e+002 -1.446703e-007 -3.178088e-007
 2.690000e+002 -2.614281e-008 -3.056672e-007
 2.700000e+002  1.341468e-008 -2.448031e-007
 2.710000e+002 -4.770730e-008 -3.318182e-007
 2.720000e+002  9.548544e-009 -3.132416e-007
 2.730000e+002  1.575995e-008 -2.872214e-007
 2.740000e+002 -2.242920e-008 -2.450249e-007
 2.750000e+002  1.550338e-008 -2.413920e-007
 2.760000e+002  1.010281e-007 -2.657093e-007
 2.770000e+002  1.088236e-007 -2.411638e-007
 2.780000e+002  1.309306e-008 -2.384234e-007
 2.790000e+002  7.482942e-008 -4.266285e-007
 2.800000e+002  8.138235e-008 -2.485173e-007
 2.810000e+002  9.651762e-008 -2.334320e-007
 2.820000e+002  4.212952e-007 -1.339220e-007
 2.830000e+002  1.896757e-007 -2.444167e-007
 2.840000e+002  1.653013e-008 -2.762549e-007
 2.850000e+002  2.469738e-007 -2.843101e-007
 2.860000e+002  2.065353e-007 -2.549080e-007
 2.870000e+002  5.813182e-008 -1.391404e-007
 2.880000e+002  1.498289e-007 -1.888060e-007
 2.890000e+002  2.249483e-007 -2.401017e-007
 2.900000e+002  1.718599e-007 -1.783123e-007
 2.910000e+002  1.914043e-007 -1.278576e-007
 2.920000e+002  7.759540e-008 -1.558846e-007
 2.930000e+002  1.661646e-007 -6.046338e-008
 2.940000e+002  1.038497e-007 -1.186948e-007
 2.950000e+002  1.696452e-007 -1.601893e-007
 2.960000e+002  2.525335e-007 -8.609046e-008
 2.970000e+002 -5.166354e-007 -1.185298e-006
 2.980000e+002  6.136795e-008 -1.868183e-007
 2.990000e+002  1.210107e-007 -2.191041e-007
 3.000000e+002  5.000276e-007  1.432261e-007
 3.010000e+002  1.955312e-007 -1.009886e-007
 3.020000e+002  7.352538e-008 -1.029472e-007
 3.030000e+002  2.483281e-007  1.405143e-008
 3.040000e+002  1.742390e-007 -7.025754e-008
 3.050000e+002  1.302168e-007 -1.225704e-007
 3.060000e+002  1.615590e-007  1.591010e-008
 3.070000e+002  7.473134e-008 -8.609156e-008
 3.080000e+002  1.616189e-007  6.776291e-008
 3.090000e+002  7.393331e-007  9.648581e-008
 3.100000e+002  1.484969e-007  6.168096e-008
 3.110000e+002  2.658153e-007 -6.733547e-008
 3.120000e+002  2.120566e-007 -2.049358e-008
 3.130000e+002  2.036938e-007 -9.409072e-008
 3.140000e+002  1.870755e-007  1.309583e-007
 3.150000e+002 -2.059919e-008 -3.300950e-008
 3.160000e+002  2.973191e-008 -7.930026e-008
 3.170000e+002  1.477306e-007 -5.947898e-008
 3.180000e+002  8.404039e-008  1.025317e-007
 3.190000e+002  2.490701e-007  1.317139e-007
 3.200000e+002  1.830108e-007  1.960143e-008
 3.210000e+002 -6.517308e-007 -1.055011e-006
 3.220000e+002  1.393097e-007  1.391311e-007
 3.230000e+002  2.399838e-007  6.064194e-008
 3.240000e+002  1.565478e-007  3.400971e-007
 3.250000e+002  9.576285e-008  8.529510e-008
 3.260000e+002  3.456082e-007  2.450496e-007
 3.270000e+002  3.323826e-007  2.060632e-007
 3.280000e+002  9.463460e-008  2.108583e-007
 3.290000e+002  1.062062e-007  2.071965e-007
 3.300000e+002 -3.866828e-008  4.694015e-007
 3.310000e+002  3.021555e-007  3.183547e-007
 3.320000e+002  3.121009e-007  5.350048e-007
 3.330000e+002 -6.402740e-007  8.964152e-007
 3.340000e+002  2.013264e-007  4.124009e-007
 3.350000e+002  2.683751e-007  2.934830e-007
 3.360000e+002  1.021539e-007  3.563123e-007
 3.370000e+002  2.469494e-007  3.132541e-007
 3.380000e+002  1.702032e-007  2.841228e-007
 3.390000e+002  2.484218e-007  3.695099e-007
 3.400000e+002  2.451527e-007  3.404336e-007
 3.410000e+002  4.004271e-007  2.777479e-007
 3.420000e+002  3.428583e-007  2.793900e-007
 3.430000e+002  3.252991e-007  3.500705e-007
 3.440000e+002  3.217176e-007  2.972260e-007
 3.450000e+002  2.944344e-007  2.289116e-007
 3.460000e+002  2.049927e-007  2.854550e-007
 3.470000e+002  3.016651e-007  3.317349e-007
 3.480000e+002  4.428798e-007  4.517164e-007
 3.490000e+002  1.909242e-007  2.507833e-007
 3.500000e+002  2.859917e-007  1.254372e-007
 3.510000e+002 -7.819243e-007  6.199585e-007
 3.520000e+002  2.066366e-007  3.643054e-007
 3.530000e+002  2.773952e-007  3.013663e-007
 3.540000e+002  6.993704e-008  4.148416e-007
 3.550000e+002  2.459143e-007  3.588681e-007
 3.560000e+002  2.993666e-007  3.779257e-007
 3.570000e+002  4.142217e-007  7.464964e-008
 3.580000e+002  1.761437e-007  1.771770e-007
 3.590000e+002  2.005498e-007  2.795843e-007
 3.600000e+002  4.635061e-007  3.133300e-007
 3.610000e+002  4.321646e-007  1.426030e-007
 3.620000e+002  2.558728e-007  1.146590e-007
 3.630000e+002 -7.242469e-007  1.234510e-006
 3.640000e+002  1.553430e-007  4.923974e-007
 3.650000e+002  6.409619e-008  2.500331e-007
 3.660000e+002  2.326639e-007  4.769077e-007
 3.670000e+002  3.299930e-007  3.522987e-007
 3.680000e+002  6.284700e-008  3.762430e-007
 3.690000e+002  1.843861e-008  1.047728e-008
 3.700000e+002 -2.614849e-008  3.029088e-007
 3.710000e+002  1.393921e-007  3.411459e-007
 3.720000e+002  1.183141e-007  3.864327e-007
 3.730000e+002  1.768024e-007  3.345161e-007
 3.740000e+002  1.194144e-007  2.571946e-007
 3.750000e+002 -3.144151e-007  8.178493e-007
 3.760000e+002  8.301663e-009  1.995358e-007
 3.770000e+002  8.648788e-008  1.472032e-007
 3.780000e+002 -5.756192e-007  5.031790e-007
 3.790000e+002 -6.818320e-008  4.040165e-007
 3.800000e+002 -3.838076e-008  2.524883e-007
 3.810000e+002 -8.784631e-008  2.868956e-007
 3.820000e+002 -2.997019e-008  2.994010e-007
 3.830000e+002 -9.104427e-008  4.307453e-007
 3.840000e+002  1.178188e-007  2.727352e-007
 3.850000e+002  2.593186e-009  3.532671e-007
 3.860000e+002 -3.524975e-008  2.192599e-007
 3.870000e+002 -2.454575e-007  8.958976e-007
 3.880000e+002 -8.127868e-008  2.236087e-007
 3.890000e+002 -5.753709e-008  1.367472e-007
 3.900000e+002  8.744281e-008  2.773875e-007
 3.910000e+002 -9.043204e-008  2.715103e-007
 3.920000e+002 -3.235401e-008  3.032958e-007
 3.930000e+002  1.667267e-007  1.931386e-007
 3.940000e+002 -1.158798e-007  1.292338e-007
 3.950000e+002 -2.092439e-007  2.693193e-007
 3.960000e+002 -3.493930e-007  3.201965e-007
 3.970000e+002 -7.158504e-008  2.101267e-007
 3.980000e+002  1.864473e-008  2.611349e-007
 3.990000e+002  3.086324e-008  2.472857e-007
 4.000000e+002 -6.341152e-008  1.790516e-007
 4.010000e+002 -1.874571e-007  3.222489e-007
 4.020000e+002 -3.062001e-007  1.917039e-007
 4.030000e+002 -1.158739e-007  1.728028e-007
 4.040000e+002 -2.024870e-007  2.296380e-007
 4.050000e+002 -5.445244e-008  9.381038e-008
 4.060000e+002 -2.286643e-007  1.579354e-007
 4.070000e+002 -4.267087e-008  1.858286e-007
 4.080000e+002 -2.065348e-007  1.186247e-007
 4.090000e+002 -2.674121e-007 -3.727133e-008
 4.100000e+002 -3.396778e-007  4.304059e-008
 4.110000e+002 -1.983098e-007  1.395887e-007
 4.120000e+002 -3.097083e-007  6.348619e-008
 4.130000e+002 -2.299791e-007 -6.125273e-010
 4.140000e+002 -4.068549e-007 -7.798682e-008
 4.150000e+002 -2.634248e-007  1.432647e-007
 4.160000e+002 -2.308062e-007  1.204522e-008
 4.170000e+002  6.198408e-007 -3.524156e-007
 4.180000e+002 -2.457274e-007  9.996118e-008
 4.190000e+002 -2.724859e-007  7.850185e-008
 4.200000e+002 -2.866370e-007 -2.484429e-007
 4.210000e+002 -2.856624e-007 -1.303532e-007
 4.220000e+002 -2.731211e-007 -4.476193e-009
 4.230000e+002 -1.336252e-007  1.510871e-007
 4.240000e+002 -2.389572e-007  2.247589e-008
 4.250000e+002 -4.101797e-007 -8.964019e-008
 4.260000e+002 -2.934004e-007  6.248473e-008
 4.270000e+002 -3.785750e-007 -1.580569e-007
 4.280000e+002 -3.935176e-007 -6.664411e-009
 4.290000e+002  2.341119e-007 -1.419671e-007
 4.300000e+002 -1.483490e-007 -2.467155e-007
 4.310000e+002 -4.426599e-007  5.751556e-008
 4.320000e+002 -6.451663e-008 -1.664552e-007
 4.330000e+002 -3.525343e-009 -9.025113e-008
 4.340000e+002 -2.161551e-007 -1.214499e-007
 4.350000e+002 -2.219184e-007 -1.895336e-007
 4.360000e+002 -4.269049e-007 -1.845933e-008
 4.370000e+002 -1.579960e-007 -1.029944e-007
 4.380000e+002 -2.613424e-007 -1.415471e-007
 4.390000e+002 -1.973625e-007 -2.529410e-007
 4.400000e+002 -1.463268e-007 -2.950123e-007
 4.410000e+002 -2.672687e-007 -3.671623e-007
 4.420000e+002  2.258381e-008 -2.177207e-007
 4.430000e+002 -1.892572e-007 -2.376774e-007
 4.440000e+002  6.493964e-008  4.071741e-008
 4.450000e+002 -1.631934e-007 -9.760034e-008
 4.460000e+002 -1.593551e-007 -1.360201e-007
 4.470000e+002 -3.534894e-007 -3.361893e-007
 4.480000e+002 -1.830342e-007 -1.329336e-007
 4.490000e+002 -2.250844e-007 -3.208029e-007
 4.500000e+002 -2.378579e-007 -3.384266e-007
 4.510000e+002 -1.667470e-007 -2.526220e-007
 4.520000e+002 -2.311519e-007 -3.049411e-007
 4.530000e+002 -2.636506e-007 -1.226586e-007
 4.540000e+002 -3.344997e-007 -2.499472e-007
 4.550000e+002 -1.855639e-007 -2.187547e-007
 4.560000e+002 -7.554075e-008 -1.857885e-007
 4.570000e+002 -1.871027e-007 -3.301203e-007
 4.580000e+002 -1.106869e-007 -1.562642e-007
 4.590000e+002 -3.794562e-007 -2.588876e-007
 4.600000e+002 -2.144362e-007 -2.185763e-007
 4.610000e+002 -2.604369e-007 -1.477725e-007
 4.620000e+002 -1.352916e-007 -3.661173e-007
 4.630000e+002 -1.970416e-007 -1.771973e-007
 4.640000e+002 -4.377854e-008 -3.158411e-007
 4.650000e+002 -1.966106e-007 -3.022541e-007
 4.660000e+002  2.190240e-008 -1.948637e-007
 4.670000e+002 -1.462278e-007 -3.487920e-007
 4.680000e+002  1.123581e-007 -2.550623e-007
 4.690000e+002 -1.621667e-008 -1.298322e-007
 4.700000e+002  5.945376e-008 -1.567129e-007
 4.710000e+002  1.195469e-007 -4.419341e-007
 4.720000e+002 -1.062743e-007 -3.243203e-007
 4.730000e+002 -6.150724e-008 -2.366718e-007
 4.740000e+002 -1.095286e-008 -5.901702e-007
 4.750000e+002  1.629472e-007 -4.714175e-007
 4.760000e+002  1.219586e-007 -3.144384e-007
 4.770000e+002 -4.477222e-007 -5.763010e-007
 4.780000e+002 -5.009109e-008 -1.398315e-007
 4.790000e+002  1.040904e-008 -1.905718e-007
 4.800000e+002 -5.450503e-008 -2.007683e-007
 4.810000e+002 -1.307776e-008 -3.059173e-007
 4.820000e+002  1.127719e-007 -1.646969e-007
 4.830000e+002 -1.151650e-007 -5.886860e-007
 4.840000e+002  4.335390e-008 -2.902279e-007
 4.850000e+002  1.736377e-007 -2.056467e-007
 4.860000e+002  4.839798e-007  7.959124e-009
 4.870000e+002  2.456301e-007 -1.951868e-007
 4.880000e+002  1.837043e-007 -2.232244e-007
 4.890000e+002  1.412416e-007 -4.856790e-007
 4.900000e+002  9.528072e-008 -2.942413e-007
 4.910000e+002  1.296177e-007 -1.899412e-007
 4.920000e+002  1.695121e-007 -1.794676e-007
 4.930000e+002  3.022732e-007 -1.576234e-007
 4.940000e+002  1.988857e-007 -2.140588e-008
 4.950000e+002  4.136364e-007 -4.050362e-007
 4.960000e+002  1.631720e-007 -1.609568e-007
 4.970000e+002  2.201460e-007 -2.555870e-007
 4.980000e+002  2.470558e-007 -1.566714e-007
 4.990000e+002  2.469890e-007 -9.900612e-008
 5.000000e+002  2.557078e-007 -1.362601e-007
 5.010000e+002  1.431587e-007 -7.555835e-008
 5.020000e+002  2.539737e-007 -1.151299e-007
 5.030000e+002  2.215207e-007 -1.100689e-007
 5.040000e+002  3.134550e-007 -1.459974e-007
 5.050000e+002  2.644034e-007  1.384803e-008
 5.060000e+002  2.602738e-007 -9.150004e-008
 5.070000e+002  3.394501e-007  1.422545e-008
 5.080000e+002  2.143896e-007  4.351389e-008
 5.090000e+002  2.695872e-007 -3.817656e-008
 5.100000e+002  2.165061e-007 -5.902214e-008
 5.110000e+002  2.872725e-007 -1.171818e-007
 5.120000e+002  2.692660e-007  2.726037e-010
