 0.000000e+000  7.977177e-006  0.000000e+000
 2.500000e-001 -4.283218e-006 -2.002211e-006
 5.000000e-001 -5.922200e-006 -1.499970e-005
 7.500000e-001 -1.091655e-005 -8.409340e-006
 1.000000e+000 -1.865573e-005 -4.844185e-006
 1.250000e+000 -3.542496e-005  1.155767e-006
 1.500000e+000 -4.374161e-005 -9.837228e-006
 1.750000e+000 -4.202238e-005  6.310517e-006
 2.000000e+000 -3.914267e-005 -6.525477e-006
 2.250000e+000 -4.434751e-005 -9.947254e-006
 2.500000e+000 -3.785753e-005 -1.052083e-005
 2.750000e+000 -3.594348e-005 -1.688969e-005
 3.000000e+000 -5.635130e-005 -1.881958e-005
 3.250000e+000 -5.275614e-005 -1.390441e-005
 3.500000e+000 -5.320565e-005 -2.139100e-005
 3.750000e+000 -5.501425e-005 -2.096458e-005
 4.000000e+000 -7.333240e-005 -1.841871e-005
 4.250000e+000 -4.749573e-005 -1.972762e-005
 4.500000e+000 -6.400786e-005  1.139251e-005
 4.750000e+000 -6.825657e-005  2.009997e-005
 5.000000e+000 -6.537811e-005  1.193553e-005
 5.250000e+000 -6.894388e-005  1.206403e-005
 5.500000e+000 -6.035230e-005  1.231039e-005
 5.750000e+000 -6.624368e-005  1.716292e-005
 6.000000e+000 -5.489753e-005  2.281619e-005
 6.250000e+000 -6.377379e-005  1.216027e-005
 6.500000e+000 -6.384654e-005  1.368599e-005
 6.750000e+000 -6.182570e-005  1.365322e-005
 7.000000e+000 -6.096355e-005  1.058224e-005
 7.250000e+000 -5.814211e-005  1.580689e-005
 7.500000e+000 -5.891916e-005  1.213018e-005
 7.750000e+000 -5.784404e-005  1.121474e-005
 8.000000e+000 -5.714538e-005  7.643246e-006
 8.250000e+000 -5.844427e-005  5.458815e-006
 8.500000e+000 -5.926641e-005  7.748721e-006
 8.750000e+000 -6.079774e-005  5.639597e-006
 9.000000e+000 -6.197052e-005  2.583378e-006
 9.250000e+000 -5.967343e-005  5.141906e-006
 9.500000e+000 -5.974076e-005  1.143119e-006
 9.750000e+000 -6.308773e-005  3.041524e-006
 1.000000e+001 -6.239570e-005  1.248055e-007
 1.025000e+001 -6.402219e-005 -1.958335e-007
 1.050000e+001 -6.419668e-005 -1.414114e-006
 1.075000e+001 -6.538738e-005 -1.342091e-006
 1.100000e+001 -6.609441e-005 -2.490140e-006
 1.125000e+001 -6.880524e-005 -1.176136e-006
 1.150000e+001 -6.957502e-005 -2.017073e-006
 1.175000e+001 -6.896405e-005 -2.273822e-006
 1.200000e+001 -7.107255e-005 -3.396020e-006
 1.225000e+001 -6.902071e-005 -1.429832e-006
 1.250000e+001 -7.160302e-005 -5.072223e-006
 1.275000e+001 -7.471153e-005 -4.924735e-006
 1.300000e+001 -7.344007e-005 -5.848569e-006
 1.325000e+001 -7.560290e-005 -5.634940e-006
 1.350000e+001 -7.713006e-005 -5.478345e-006
 1.375000e+001 -7.793792e-005 -6.190308e-006
 1.400000e+001 -7.841384e-005 -7.657501e-006
 1.425000e+001 -8.307001e-005 -8.946671e-006
 1.450000e+001 -8.208477e-005 -7.175759e-006
 1.475000e+001 -8.507043e-005 -9.001665e-006
 1.500000e+001 -8.664269e-005 -7.293906e-006
 1.525000e+001 -8.941306e-005 -9.028395e-006
 1.550000e+001 -9.219027e-005 -8.849333e-006
 1.575000e+001 -9.293926e-005 -9.072042e-006
 1.600000e+001 -9.564404e-005 -9.225772e-006
 1.625000e+001 -9.787059e-005 -9.961119e-006
 1.650000e+001 -1.019626e-004 -1.144862e-005
 1.675000e+001 -1.032564e-004 -1.067878e-005
 1.700000e+001 -1.069199e-004 -1.277017e-005
 1.725000e+001 -1.124821e-004 -1.282722e-005
 1.750000e+001 -1.155620e-004 -1.371405e-005
 1.775000e+001 -1.200895e-004 -1.643757e-005
 1.800000e+001 -1.254077e-004 -1.576963e-005
 1.825000e+001 -1.299101e-004 -1.718722e-005
 1.850000e+001 -1.375371e-004 -1.879243e-005
 1.875000e+001 -1.444330e-004 -1.939830e-005
 1.900000e+001 -1.530375e-004 -2.338337e-005
 1.925000e+001 -1.638463e-004 -2.106569e-005
 1.950000e+001 -1.712179e-004 -2.576503e-005
 1.975000e+001 -1.868961e-004 -2.393559e-005
 2.000000e+001 -1.996897e-004 -2.646345e-005
 2.025000e+001 -2.204264e-004 -2.816345e-005
 2.050000e+001 -2.405231e-004 -3.219616e-005
 2.075000e+001 -2.704883e-004 -3.721782e-005
 2.100000e+001 -3.064152e-004 -4.126930e-005
 2.125000e+001 -3.617646e-004 -4.365104e-005
 2.150000e+001 -4.346229e-004 -4.990547e-005
 2.175000e+001 -5.539411e-004 -5.129106e-005
 2.200000e+001 -7.861232e-004 -4.446821e-005
 2.225000e+001 -1.202017e-003  1.859862e-004
 2.250000e+001 -2.497945e-003  1.065868e-003
 2.275000e+001  4.335793e-003  3.417618e-003
 2.300000e+001  1.150449e-003  4.608206e-004
 2.325000e+001  6.916024e-004  2.194047e-004
 2.350000e+001  4.899112e-004  1.421401e-004
 2.375000e+001  3.737584e-004  9.593544e-005
 2.400000e+001  3.049780e-004  8.080537e-005
 2.425000e+001  2.506550e-004  6.652386e-005
 2.450000e+001  2.143296e-004  5.344850e-005
 2.475000e+001  1.828688e-004  4.834273e-005
 2.500000e+001  1.656415e-004  4.219319e-005
 2.525000e+001  1.456722e-004  3.659769e-005
 2.550000e+001  1.315439e-004  3.479299e-005
 2.575000e+001  1.207020e-004  3.036888e-005
 2.600000e+001  1.104722e-004  2.813098e-005
 2.625000e+001  1.013295e-004  2.557168e-005
 2.650000e+001  9.113911e-005  2.491691e-005
 2.675000e+001  8.716668e-005  2.347497e-005
 2.700000e+001  7.939590e-005  1.989209e-005
 2.725000e+001  7.450839e-005  2.003993e-005
 2.750000e+001  6.801911e-005  1.776990e-005
 2.775000e+001  6.356523e-005  1.720465e-005
 2.800000e+001  6.025836e-005  1.652078e-005
 2.825000e+001  5.586860e-005  1.478477e-005
 2.850000e+001  5.311657e-005  1.423799e-005
 2.875000e+001  5.033405e-005  1.391745e-005
 2.900000e+001  4.756769e-005  1.357485e-005
 2.925000e+001  4.508913e-005  1.267540e-005
 2.950000e+001  4.250734e-005  1.141287e-005
 2.975000e+001  4.023481e-005  1.063798e-005
 3.000000e+001  3.750695e-005  1.078712e-005
 3.025000e+001  3.590286e-005  1.068540e-005
 3.050000e+001  3.426086e-005  9.595632e-006
 3.075000e+001  3.203008e-005  9.139740e-006
 3.100000e+001  3.051955e-005  9.389045e-006
 3.125000e+001  2.917037e-005  8.421723e-006
 3.150000e+001  2.745078e-005  8.383577e-006
 3.175000e+001  2.616675e-005  8.038505e-006
 3.200000e+001  2.521074e-005  7.854563e-006
 3.225000e+001  2.413242e-005  7.280817e-006
 3.250000e+001  2.300424e-005  7.496018e-006
 3.275000e+001  2.162113e-005  6.826873e-006
 3.300000e+001  2.077141e-005  6.752605e-006
 3.325000e+001  1.973109e-005  6.275089e-006
 3.350000e+001  1.872594e-005  5.742552e-006
 3.375000e+001  1.792080e-005  5.612114e-006
 3.400000e+001  1.617975e-005  5.027370e-006
 3.425000e+001  1.455122e-005  7.143796e-006
 3.450000e+001  1.591763e-005  6.317297e-006
 3.475000e+001  1.483655e-005  5.502643e-006
 3.500000e+001  1.416125e-005  5.257729e-006
 3.525000e+001  1.296656e-005  4.809570e-006
 3.550000e+001  1.238499e-005  4.914884e-006
 3.575000e+001  1.199657e-005  4.550462e-006
 3.600000e+001  1.131878e-005  4.604853e-006
 3.625000e+001  1.077020e-005  4.236024e-006
 3.650000e+001  1.015224e-005  4.367345e-006
 3.675000e+001  9.705984e-006  4.007831e-006
 3.700000e+001  9.193792e-006  4.089756e-006
 3.725000e+001  8.865346e-006  3.630709e-006
 3.750000e+001  8.340177e-006  3.403005e-006
 3.775000e+001  7.631514e-006  3.477420e-006
 3.800000e+001  7.174641e-006  3.385835e-006
 3.825000e+001  6.856482e-006  3.131568e-006
 3.850000e+001  6.756128e-006  3.273072e-006
 3.875000e+001  6.036001e-006  3.139128e-006
 3.900000e+001  5.649956e-006  2.797507e-006
 3.925000e+001  5.122216e-006  2.769621e-006
 3.950000e+001  5.022190e-006  2.535377e-006
 3.975000e+001  4.504762e-006  2.627627e-006
 4.000000e+001  4.345171e-006  2.460665e-006
 4.025000e+001  3.963499e-006  2.397489e-006
 4.050000e+001  3.439418e-006  2.231594e-006
 4.075000e+001  3.354830e-006  2.154524e-006
 4.100000e+001  2.931180e-006  2.175406e-006
 4.125000e+001  2.735702e-006  1.889810e-006
 4.150000e+001  2.216410e-006  2.044497e-006
 4.175000e+001  2.327003e-006  1.803252e-006
 4.200000e+001  1.711006e-006  1.822083e-006
 4.225000e+001  1.707276e-006  1.536034e-006
 4.250000e+001  1.274480e-006  1.571327e-006
 4.275000e+001  1.032057e-006  1.513711e-006
 4.300000e+001  7.594816e-007  1.478430e-006
 4.325000e+001  3.106371e-007  1.463500e-006
 4.350000e+001  4.076307e-007  1.336462e-006
 4.375000e+001  1.950531e-008  1.244381e-006
 4.400000e+001 -2.274587e-007  9.068723e-007
 4.425000e+001 -2.661198e-007  8.884815e-007
 4.450000e+001 -5.136640e-007  1.134064e-006
 4.475000e+001 -6.680625e-007  7.490693e-007
 4.500000e+001 -1.117167e-006  6.003100e-007
 4.525000e+001 -2.012772e-006  6.197565e-008
 4.550000e+001 -1.309786e-006  2.081377e-006
 4.575000e+001 -1.498358e-006  9.023027e-007
 4.600000e+001 -1.911103e-006  7.245587e-007
 4.625000e+001 -2.167245e-006  4.890586e-007
 4.650000e+001 -2.270736e-006  6.307369e-007
 4.675000e+001 -2.426461e-006  4.832859e-007
 4.700000e+001 -2.558351e-006  4.620880e-007
 4.725000e+001 -2.718295e-006  5.014644e-007
 4.750000e+001 -3.012070e-006  4.772360e-007
 4.775000e+001 -2.959595e-006  4.042473e-007
 4.800000e+001 -3.273583e-006  1.372809e-007
 4.825000e+001 -3.365813e-006  2.940032e-007
 4.850000e+001 -3.556344e-006  1.854537e-007
 4.875000e+001 -3.667795e-006  4.119430e-007
 4.900000e+001 -3.712856e-006  1.491571e-007
 4.925000e+001 -3.868904e-006 -1.360917e-007
 4.950000e+001 -4.236265e-006 -1.408783e-007
 4.975000e+001 -4.302541e-006  8.906804e-008
 5.000000e+001 -4.600294e-006  6.557802e-009
 5.025000e+001 -4.446212e-006 -2.964029e-007
 5.050000e+001 -4.769334e-006 -1.527070e-007
 5.075000e+001 -4.864843e-006 -1.740687e-007
 5.100000e+001 -5.206073e-006 -1.966806e-007
 5.125000e+001 -5.259644e-006 -1.472290e-007
 5.150000e+001 -5.413496e-006 -4.587127e-007
 5.175000e+001 -5.756841e-006 -3.495260e-007
 5.200000e+001 -5.772315e-006 -1.488040e-007
 5.225000e+001 -5.768112e-006 -2.333297e-007
 5.250000e+001 -5.997206e-006 -3.512428e-007
 5.275000e+001 -6.005013e-006 -3.250383e-007
 5.300000e+001 -6.120889e-006 -4.825567e-007
 5.325000e+001 -6.440035e-006 -6.021396e-007
 5.350000e+001 -6.698108e-006 -2.791701e-007
 5.375000e+001 -6.760600e-006 -3.737290e-007
 5.400000e+001 -6.897978e-006 -4.275291e-007
 5.425000e+001 -7.025872e-006 -5.094174e-007
 5.450000e+001 -7.206961e-006 -4.965190e-007
 5.475000e+001 -7.384741e-006 -5.473913e-007
 5.500000e+001 -7.347667e-006 -5.602413e-007
 5.525000e+001 -7.826938e-006 -4.913229e-007
 5.550000e+001 -7.643496e-006 -6.078339e-007
 5.575000e+001 -7.947923e-006 -4.260545e-007
 5.600000e+001 -8.244003e-006 -5.577569e-007
 5.625000e+001 -8.344876e-006 -3.753418e-007
 5.650000e+001 -8.246703e-006 -2.399524e-007
 5.675000e+001 -7.659674e-006 -7.869939e-008
 5.700000e+001 -8.186850e-006 -1.848126e-006
 5.725000e+001 -9.093857e-006 -1.067558e-006
 5.750000e+001 -8.780351e-006 -8.389525e-007
 5.775000e+001 -9.196249e-006 -7.156885e-007
 5.800000e+001 -9.142126e-006 -7.912626e-007
 5.825000e+001 -9.235792e-006 -8.589936e-007
 5.850000e+001 -9.487412e-006 -9.235407e-007
 5.875000e+001 -9.619154e-006 -7.600998e-007
 5.900000e+001 -9.944785e-006 -6.867990e-007
 5.925000e+001 -9.982569e-006 -9.969185e-007
 5.950000e+001 -1.038231e-005 -7.597389e-007
 5.975000e+001 -1.025066e-005 -1.113417e-006
 6.000000e+001 -9.893272e-006 -1.000229e-006
 6.025000e+001 -1.038065e-005 -8.195282e-007
 6.050000e+001 -1.091319e-005 -1.287734e-006
 6.075000e+001 -1.092119e-005 -1.204979e-006
 6.100000e+001 -1.132905e-005 -1.032405e-006
 6.125000e+001 -1.135823e-005 -1.019101e-006
 6.150000e+001 -1.172642e-005 -1.081436e-006
 6.175000e+001 -1.192618e-005 -1.206139e-006
 6.200000e+001 -1.206820e-005 -1.090302e-006
 6.225000e+001 -1.254264e-005 -9.828668e-007
 6.250000e+001 -1.273162e-005 -1.220311e-006
 6.275000e+001 -1.301716e-005 -1.088430e-006
 6.300000e+001 -1.322111e-005 -1.150078e-006
 6.325000e+001 -1.350950e-005 -1.240398e-006
 6.350000e+001 -1.385835e-005 -1.021589e-006
 6.375000e+001 -1.421024e-005 -8.614538e-007
 6.400000e+001 -1.415004e-005 -9.410521e-007
 6.425000e+001 -1.456618e-005 -1.301570e-006
 6.450000e+001 -1.482488e-005 -9.941487e-007
 6.475000e+001 -1.503408e-005 -8.810053e-007
 6.500000e+001 -1.556422e-005 -9.832234e-007
 6.525000e+001 -1.594569e-005 -9.204835e-007
 6.550000e+001 -1.630149e-005 -6.675863e-007
 6.575000e+001 -1.667199e-005 -9.786097e-007
 6.600000e+001 -1.684466e-005 -4.722608e-007
 6.625000e+001 -1.751810e-005 -5.944472e-007
 6.650000e+001 -1.776827e-005 -6.402788e-007
 6.675000e+001 -1.815228e-005 -8.016587e-007
 6.700000e+001 -1.856660e-005 -5.159317e-007
 6.725000e+001 -1.883752e-005 -7.082155e-007
 6.750000e+001 -1.944792e-005 -5.573287e-007
 6.775000e+001 -1.957166e-005 -6.913742e-007
 6.800000e+001 -2.097644e-005 -1.375686e-006
 6.825000e+001 -2.073892e-005 -2.577632e-008
 6.850000e+001 -2.140305e-005 -4.675191e-007
 6.875000e+001 -2.158715e-005  6.859616e-009
 6.900000e+001 -2.239840e-005 -4.424799e-007
 6.925000e+001 -2.300368e-005 -4.140778e-007
 6.950000e+001 -2.367193e-005 -2.378070e-008
 6.975000e+001 -2.434704e-005 -4.237678e-007
 7.000000e+001 -2.514536e-005  8.426397e-008
 7.025000e+001 -2.566437e-005 -1.111178e-007
 7.050000e+001 -2.653933e-005  4.911327e-008
 7.075000e+001 -2.740226e-005 -8.886124e-008
 7.100000e+001 -2.860801e-005  5.578382e-007
 7.125000e+001 -2.916710e-005  1.969529e-007
 7.150000e+001 -3.034866e-005  1.768727e-007
 7.175000e+001 -3.157474e-005  4.641746e-007
 7.200000e+001 -3.197530e-005  1.074396e-006
 7.225000e+001 -3.318421e-005  4.859365e-007
 7.250000e+001 -3.421848e-005  1.058551e-006
 7.275000e+001 -3.590624e-005  4.423681e-007
 7.300000e+001 -3.793331e-005  2.044500e-008
 7.325000e+001 -4.050034e-005  6.791260e-008
 7.350000e+001 -4.130472e-005  1.365659e-006
 7.375000e+001 -4.374016e-005  1.626020e-006
 7.400000e+001 -4.553685e-005  1.549396e-006
 7.425000e+001 -4.788446e-005  2.289680e-006
 7.450000e+001 -5.103845e-005  2.041102e-006
 7.475000e+001 -5.318163e-005  3.352769e-006
 7.500000e+001 -5.659317e-005  2.993573e-006
 7.525000e+001 -6.018157e-005  4.383329e-006
 7.550000e+001 -6.387838e-005  4.764112e-006
 7.575000e+001 -6.911990e-005  5.593640e-006
 7.600000e+001 -7.472584e-005  6.681714e-006
 7.625000e+001 -7.990610e-005  8.334469e-006
 7.650000e+001 -8.798445e-005  9.399540e-006
 7.675000e+001 -9.484735e-005  1.189346e-005
 7.700000e+001 -1.037108e-004  1.417348e-005
 7.725000e+001 -1.172355e-004  1.770596e-005
 7.750000e+001 -1.304239e-004  2.130738e-005
 7.775000e+001 -1.512173e-004  2.817908e-005
 7.800000e+001 -1.760705e-004  3.631833e-005
 7.825000e+001 -2.119911e-004  5.506359e-005
 7.850000e+001 -2.565415e-004  8.010842e-005
 7.875000e+001 -3.353366e-004  1.371210e-004
 7.900000e+001 -4.283188e-004  2.768861e-004
 7.925000e+001 -5.037074e-004  6.170952e-004
 7.950000e+001  8.975927e-005  1.284361e-003
 7.975000e+001  7.636263e-004  2.248294e-004
 8.000000e+001  3.999094e-004  8.033552e-005
 8.025000e+001  2.881912e-004  4.381616e-005
 8.050000e+001  2.243188e-004  2.952435e-005
 8.075000e+001  1.854961e-004  1.801027e-005
 8.100000e+001  1.586091e-004  1.243558e-005
 8.125000e+001  1.373869e-004  1.145057e-005
 8.150000e+001  1.204723e-004  8.954088e-006
 8.175000e+001  1.087818e-004  7.314245e-006
 8.200000e+001  9.861770e-005  6.837453e-006
 8.225000e+001  9.057679e-005  7.646296e-006
 8.250000e+001  8.434604e-005  7.292585e-006
 8.275000e+001  7.904056e-005  6.032036e-006
 8.300000e+001  7.511861e-005  6.838586e-006
 8.325000e+001  7.131743e-005  6.400472e-006
 8.350000e+001  6.841019e-005  6.759064e-006
 8.375000e+001  6.629287e-005  5.629487e-006
 8.400000e+001  6.437082e-005  4.258859e-006
 8.425000e+001  6.156661e-005  3.403407e-006
 8.450000e+001  5.944269e-005  2.425767e-006
 8.475000e+001  5.743692e-005  5.497362e-007
 8.500000e+001  5.558636e-005 -2.177004e-007
 8.525000e+001  5.276743e-005 -9.009271e-007
 8.550000e+001  5.024470e-005 -1.734158e-006
 8.575000e+001  4.820603e-005 -1.888306e-006
 8.600000e+001  4.598554e-005 -2.545851e-006
 8.625000e+001  4.446623e-005 -3.230673e-006
 8.650000e+001  4.258135e-005 -2.784760e-006
 8.675000e+001  4.142935e-005 -2.613583e-006
 8.700000e+001  3.984610e-005 -2.734792e-006
 8.725000e+001  3.836566e-005 -2.507537e-006
 8.750000e+001  3.731262e-005 -3.132276e-006
 8.775000e+001  3.649281e-005 -3.021791e-006
 8.800000e+001  3.523720e-005 -2.779686e-006
 8.825000e+001  3.427968e-005 -2.931017e-006
 8.850000e+001  3.322123e-005 -2.737671e-006
 8.875000e+001  3.245370e-005 -3.154767e-006
 8.900000e+001  3.180126e-005 -2.719575e-006
 8.925000e+001  3.098393e-005 -2.525497e-006
 8.950000e+001  3.011736e-005 -2.728098e-006
 8.975000e+001  2.969580e-005 -3.050069e-006
 9.000000e+001  2.915081e-005 -2.697246e-006
 9.025000e+001  2.800259e-005 -2.623434e-006
 9.050000e+001  2.780705e-005 -2.836547e-006
 9.075000e+001  2.723650e-005 -2.750871e-006
 9.100000e+001  2.668637e-005 -2.481898e-006
 9.125000e+001  2.592764e-005 -2.848443e-006
 9.150000e+001  2.571131e-005 -2.420461e-006
 9.175000e+001  2.488334e-005 -2.479112e-006
 9.200000e+001  2.466552e-005 -2.727440e-006
 9.225000e+001  2.439834e-005 -2.383173e-006
 9.250000e+001  2.360772e-005 -2.501562e-006
 9.275000e+001  2.318720e-005 -2.337151e-006
 9.300000e+001  2.310384e-005 -2.624741e-006
 9.325000e+001  2.235319e-005 -2.227285e-006
 9.350000e+001  2.236802e-005 -2.120537e-006
 9.375000e+001  2.182153e-005 -2.253977e-006
 9.400000e+001  2.127400e-005 -2.279824e-006
 9.425000e+001  2.117891e-005 -2.194013e-006
 9.450000e+001  2.091250e-005 -2.156302e-006
 9.475000e+001  2.041691e-005 -2.225929e-006
 9.500000e+001  2.023903e-005 -2.097221e-006
 9.525000e+001  2.014227e-005 -1.842137e-006
 9.550000e+001  1.993762e-005 -1.901792e-006
 9.575000e+001  1.933887e-005 -1.782576e-006
 9.600000e+001  1.942256e-005 -1.996768e-006
 9.625000e+001  1.926836e-005 -2.012355e-006
 9.650000e+001  1.878656e-005 -2.014159e-006
 9.675000e+001  1.831557e-005 -1.979681e-006
 9.700000e+001  1.845547e-005 -1.998927e-006
 9.725000e+001  1.817047e-005 -1.705765e-006
 9.750000e+001  1.805274e-005 -1.651886e-006
 9.775000e+001  1.771492e-005 -1.863483e-006
 9.800000e+001  1.737557e-005 -1.844095e-006
 9.825000e+001  1.735194e-005 -1.465070e-006
 9.850000e+001  1.729998e-005 -1.620976e-006
 9.875000e+001  1.680912e-005 -1.663203e-006
 9.900000e+001  1.686785e-005 -1.489371e-006
 9.925000e+001  1.658632e-005 -1.777196e-006
 9.950000e+001  1.670688e-005 -1.862903e-006
 9.975000e+001  1.654581e-005 -1.489423e-006
 1.000000e+002  1.616880e-005 -1.621458e-006
 1.002500e+002  1.571827e-005 -1.871251e-006
 1.005000e+002  1.564868e-005 -1.725883e-006
 1.007500e+002  1.564828e-005 -1.748313e-006
 1.010000e+002  1.501262e-005 -1.905553e-006
 1.012500e+002  1.520165e-005 -1.643239e-006
 1.015000e+002  1.483277e-005 -1.845277e-006
 1.017500e+002  1.442591e-005 -1.835454e-006
 1.020000e+002  1.354986e-005 -1.578488e-006
 1.022500e+002  1.338090e-005 -3.713864e-008
 1.025000e+002  1.473319e-005 -1.886783e-007
 1.027500e+002  1.459445e-005 -3.725682e-007
 1.030000e+002  1.435527e-005 -6.613815e-007
 1.032500e+002  1.465872e-005 -4.955359e-007
 1.035000e+002  1.421345e-005 -6.663223e-007
 1.037500e+002  1.431162e-005 -1.019241e-006
 1.040000e+002  1.454027e-005 -6.917838e-007
 1.042500e+002  1.389644e-005 -8.149326e-007
 1.045000e+002  1.401364e-005 -1.021642e-006
 1.047500e+002  1.408517e-005 -9.104679e-007
 1.050000e+002  1.380395e-005 -5.407149e-007
 1.052500e+002  1.423586e-005 -8.706710e-007
 1.055000e+002  1.384674e-005 -7.075630e-007
 1.057500e+002  1.384239e-005 -6.942183e-007
 1.060000e+002  1.388391e-005 -7.208701e-007
 1.062500e+002  1.366243e-005 -7.767753e-007
 1.065000e+002  1.365113e-005 -1.216600e-006
 1.067500e+002  1.364972e-005 -9.549470e-007
 1.070000e+002  1.351714e-005 -1.147412e-006
 1.072500e+002  1.340238e-005 -1.129811e-006
 1.075000e+002  1.304851e-005 -8.409036e-007
 1.077500e+002  1.344491e-005 -1.267635e-006
 1.080000e+002  1.339045e-005 -1.036764e-006
 1.082500e+002  1.330437e-005 -1.405972e-006
 1.085000e+002  1.326313e-005 -1.241686e-006
 1.087500e+002  1.307672e-005 -1.583395e-006
 1.090000e+002  1.296378e-005 -1.062931e-006
 1.092500e+002  1.289306e-005 -1.122385e-006
 1.095000e+002  1.305712e-005 -1.313054e-006
 1.097500e+002  1.322139e-005 -1.401819e-006
 1.100000e+002  1.345877e-005 -1.534107e-006
 1.102500e+002  1.339514e-005 -1.629337e-006
 1.105000e+002  1.368577e-005 -1.641169e-006
 1.107500e+002  1.387223e-005 -1.694162e-006
 1.110000e+002  1.377646e-005 -2.012726e-006
 1.112500e+002  1.364625e-005 -2.480073e-006
 1.115000e+002  1.386422e-005 -3.142353e-006
 1.117500e+002  1.435692e-005 -3.514992e-006
 1.120000e+002  1.445353e-005 -3.932691e-006
 1.122500e+002  1.433691e-005 -5.271907e-006
 1.125000e+002  1.434788e-005 -6.230333e-006
 1.127500e+002  1.342848e-005 -7.909128e-006
 1.130000e+002  1.178997e-005 -9.599697e-006
 1.132500e+002  9.359709e-006 -9.987846e-006
 1.135000e+002  6.243048e-006 -1.078088e-005
 1.137500e+002  4.671388e-006 -8.452087e-006
 1.140000e+002  3.526709e-006 -6.293780e-006
 1.142500e+002  3.360754e-006 -4.244981e-006
 1.145000e+002  3.630559e-006 -3.120895e-006
 1.147500e+002  4.314426e-006 -1.942416e-006
 1.150000e+002  4.546853e-006 -1.313111e-006
 1.152500e+002  4.961997e-006 -1.110440e-006
 1.155000e+002  5.067006e-006 -7.240344e-007
 1.157500e+002  5.305727e-006 -5.009522e-007
 1.160000e+002  5.724613e-006 -3.267171e-007
 1.162500e+002  5.975244e-006 -2.449326e-007
 1.165000e+002  6.033144e-006 -1.207787e-008
 1.167500e+002  6.268161e-006 -1.871912e-007
 1.170000e+002  6.187010e-006  5.135495e-008
 1.172500e+002  6.504984e-006  7.579711e-008
 1.175000e+002  6.402376e-006  4.751836e-008
 1.177500e+002  6.469983e-006  2.355276e-007
 1.180000e+002  6.535005e-006  2.078099e-007
 1.182500e+002  6.365022e-006  3.412443e-007
 1.185000e+002  6.580591e-006  1.860821e-007
 1.187500e+002  6.563062e-006  2.891880e-007
 1.190000e+002  6.581070e-006  3.991043e-007
 1.192500e+002  6.632101e-006  4.438019e-007
 1.195000e+002  6.462906e-006  2.095714e-007
 1.197500e+002  6.753506e-006  6.295364e-007
 1.200000e+002  6.696778e-006  1.974757e-007
 1.202500e+002  6.688268e-006  4.476505e-007
 1.205000e+002  6.387661e-006  6.043926e-007
 1.207500e+002  6.492793e-006  5.618666e-007
 1.210000e+002  6.432491e-006  4.801113e-007
 1.212500e+002  6.432410e-006  4.746410e-007
 1.215000e+002  6.419538e-006  6.541077e-007
 1.217500e+002  6.608819e-006  5.928694e-007
 1.220000e+002  6.381658e-006  5.912597e-007
 1.222500e+002  6.266448e-006  7.746933e-007
 1.225000e+002  6.271344e-006  7.308888e-007
 1.227500e+002  6.174154e-006  6.848870e-007
 1.230000e+002  6.383860e-006  8.020626e-007
 1.232500e+002  6.453984e-006  8.536291e-007
 1.235000e+002  6.352832e-006  5.930106e-007
 1.237500e+002  6.174870e-006  6.647237e-007
 1.240000e+002  6.228138e-006  5.616681e-007
 1.242500e+002  6.251669e-006  6.935811e-007
 1.245000e+002  6.250399e-006  6.326328e-007
 1.247500e+002  6.060905e-006  7.713915e-007
 1.250000e+002  6.368629e-006  7.150544e-007
 1.252500e+002  5.854026e-006  8.209764e-007
 1.255000e+002  5.948230e-006  6.561503e-007
 1.257500e+002  6.079773e-006  6.795512e-007
 1.260000e+002  5.827180e-006  8.551125e-007
 1.262500e+002  5.871671e-006  8.580546e-007
 1.265000e+002  5.918715e-006  8.981106e-007
 1.267500e+002  5.919354e-006  9.317048e-007
 1.270000e+002  5.722439e-006  7.686067e-007
 1.272500e+002  5.832365e-006  8.783032e-007
 1.275000e+002  5.741123e-006  9.078618e-007
 1.277500e+002  5.664422e-006  6.216521e-007
 1.280000e+002  5.661957e-006  8.811567e-007
 1.282500e+002  5.582916e-006  7.360198e-007
 1.285000e+002  5.561834e-006  9.881775e-007
 1.287500e+002  5.603129e-006  1.111310e-006
 1.290000e+002  5.616731e-006  7.137747e-007
 1.292500e+002  5.328791e-006  9.298791e-007
 1.295000e+002  5.303028e-006  8.312954e-007
 1.297500e+002  5.361874e-006  8.786541e-007
 1.300000e+002  5.379969e-006  5.213189e-007
 1.302500e+002  5.320027e-006  5.575763e-007
 1.305000e+002  5.366602e-006  6.743714e-007
 1.307500e+002  5.173774e-006  7.619296e-007
 1.310000e+002  5.129715e-006  9.461373e-007
 1.312500e+002  5.182847e-006  6.004124e-007
 1.315000e+002  5.092913e-006  7.666661e-007
 1.317500e+002  5.438698e-006  7.029342e-007
 1.320000e+002  5.098433e-006  6.713996e-007
 1.322500e+002  5.195961e-006  7.014701e-007
 1.325000e+002  5.053991e-006  1.077634e-006
 1.327500e+002  5.062775e-006  7.320128e-007
 1.330000e+002  4.902425e-006  8.092400e-007
 1.332500e+002  4.905042e-006  9.640097e-007
 1.335000e+002  4.868563e-006  4.615295e-007
 1.337500e+002  4.857332e-006  8.935097e-007
 1.340000e+002  4.721389e-006  9.196131e-007
 1.342500e+002  4.744047e-006  5.936662e-007
 1.345000e+002  4.723617e-006  1.039125e-006
 1.347500e+002  4.630420e-006  4.785518e-007
 1.350000e+002  4.795050e-006  9.145573e-007
 1.352500e+002  4.556849e-006  9.126252e-007
 1.355000e+002  4.387605e-006  9.118505e-007
 1.357500e+002  4.570377e-006  7.366158e-007
 1.360000e+002  4.610836e-006  8.860602e-007
 1.362500e+002  4.235182e-006  8.786274e-007
 1.365000e+002  4.322365e-006  1.079692e-006
 1.367500e+002  4.441845e-006  9.551812e-007
 1.370000e+002  4.582762e-006  6.790906e-007
 1.372500e+002  4.610134e-006  1.071036e-006
 1.375000e+002  4.463629e-006  9.320740e-007
 1.377500e+002  4.306254e-006  1.039269e-006
 1.380000e+002  4.463866e-006  7.808955e-007
 1.382500e+002  4.353402e-006  1.046211e-006
 1.385000e+002  4.181136e-006  4.795423e-007
 1.387500e+002  4.180582e-006  9.270991e-007
 1.390000e+002  3.975710e-006  6.982560e-007
 1.392500e+002  3.963011e-006  7.079504e-007
 1.395000e+002  4.020823e-006  9.113387e-007
 1.397500e+002  3.822329e-006  6.612717e-007
 1.400000e+002  3.818638e-006  7.979947e-007
 1.402500e+002  4.045614e-006  4.558000e-007
 1.405000e+002  3.658394e-006  5.806951e-007
 1.407500e+002  3.721984e-006  7.413110e-007
 1.410000e+002  3.798548e-006  7.156698e-007
 1.412500e+002  3.803861e-006  6.452418e-007
 1.415000e+002  3.861740e-006  1.060326e-006
 1.417500e+002  3.594113e-006  9.617073e-007
 1.420000e+002  3.783294e-006  7.631805e-007
 1.422500e+002  3.751536e-006  5.841768e-007
 1.425000e+002  3.697456e-006  6.511613e-007
 1.427500e+002  3.938671e-006  6.603021e-007
 1.430000e+002  3.318533e-006  5.601666e-007
 1.432500e+002  3.838071e-006  7.935940e-007
 1.435000e+002  3.629099e-006  7.494004e-007
 1.437500e+002  3.462457e-006  5.416850e-007
 1.440000e+002  3.729749e-006  5.809601e-007
 1.442500e+002  3.496871e-006  9.530291e-007
 1.445000e+002  3.401105e-006  6.535723e-007
 1.447500e+002  3.391703e-006  4.702451e-007
 1.450000e+002  3.286612e-006  7.169532e-007
 1.452500e+002  3.372831e-006  6.293753e-007
 1.455000e+002  3.081472e-006  5.612679e-007
 1.457500e+002  3.608741e-006  5.641227e-007
 1.460000e+002  3.333973e-006  3.893481e-007
 1.462500e+002  3.328554e-006  6.811854e-007
 1.465000e+002  3.305091e-006  7.343021e-007
 1.467500e+002  3.051915e-006  4.580961e-007
 1.470000e+002  3.237301e-006  4.078119e-007
 1.472500e+002  2.878790e-006  3.187618e-007
 1.475000e+002  3.080886e-006  4.636499e-007
 1.477500e+002  3.023711e-006  4.546027e-007
 1.480000e+002  3.035243e-006  2.488119e-007
 1.482500e+002  2.927852e-006  4.219928e-007
 1.485000e+002  2.943934e-006  4.684230e-007
 1.487500e+002  3.191228e-006  4.898497e-007
 1.490000e+002  3.196488e-006  4.736602e-007
 1.492500e+002  3.041081e-006  5.301428e-007
 1.495000e+002  3.073092e-006  1.888364e-007
 1.497500e+002  2.974022e-006  5.420225e-007
 1.500000e+002  2.870784e-006  4.878546e-007
 1.502500e+002  2.897738e-006  2.710074e-007
 1.505000e+002  2.886917e-006  2.206819e-007
 1.507500e+002  3.001472e-006  2.713036e-007
 1.510000e+002  2.798744e-006  2.592228e-007
 1.512500e+002  2.910617e-006  3.232070e-007
 1.515000e+002  2.906648e-006  3.009265e-007
 1.517500e+002  3.021127e-006  4.168815e-007
 1.520000e+002  2.946023e-006  3.547970e-007
 1.522500e+002  2.789091e-006  1.835756e-007
 1.525000e+002  2.689505e-006  2.187410e-007
 1.527500e+002  2.604816e-006  2.123562e-007
 1.530000e+002  2.741987e-006  3.556919e-007
 1.532500e+002  2.650204e-006  1.432575e-007
 1.535000e+002  2.691409e-006  3.561069e-007
 1.537500e+002  2.647279e-006  2.907968e-007
 1.540000e+002  2.649796e-006  2.576336e-007
 1.542500e+002  2.638918e-006  1.529847e-007
 1.545000e+002  2.655221e-006  2.278425e-007
 1.547500e+002  2.714649e-006  4.657716e-008
 1.550000e+002  2.603309e-006 -2.943265e-008
 1.552500e+002  2.633544e-006  5.186578e-009
 1.555000e+002  2.603470e-006 -6.964005e-008
 1.557500e+002  2.578864e-006  1.244846e-007
 1.560000e+002  2.541187e-006  2.699591e-008
 1.562500e+002  2.468893e-006 -1.728058e-008
 1.565000e+002  2.487704e-006 -9.000885e-008
 1.567500e+002  2.445081e-006 -7.725675e-008
 1.570000e+002  2.398299e-006  1.043742e-007
 1.572500e+002  2.319466e-006 -1.966794e-007
 1.575000e+002  2.510188e-006 -2.781537e-007
 1.577500e+002  2.483440e-006 -2.648994e-007
 1.580000e+002  2.318839e-006 -1.468764e-007
 1.582500e+002  2.633921e-006 -4.744830e-007
 1.585000e+002  2.331687e-006 -6.881909e-007
 1.587500e+002  2.155088e-006 -6.195025e-007
 1.590000e+002  1.843185e-006 -3.908913e-007
 1.592500e+002  1.883629e-006 -2.022997e-007
 1.595000e+002  1.877169e-006 -4.399903e-008
 1.597500e+002  2.003662e-006  1.951733e-008
 1.600000e+002  2.039309e-006 -1.170977e-007
 1.602500e+002  1.969284e-006 -3.893833e-007
 1.605000e+002  1.963449e-006 -3.377363e-007
 1.607500e+002  1.882435e-006 -2.132536e-007
 1.610000e+002  1.964648e-006 -2.144624e-007
 1.612500e+002  1.922915e-006 -1.318486e-007
 1.615000e+002  1.944493e-006 -4.229320e-007
 1.617500e+002  1.757556e-006 -3.733622e-007
 1.620000e+002  2.051004e-006 -1.561182e-007
 1.622500e+002  1.902781e-006 -1.749279e-007
 1.625000e+002  1.880363e-006 -2.755692e-007
 1.627500e+002  1.909797e-006 -2.674900e-007
 1.630000e+002  1.917671e-006 -7.356090e-008
 1.632500e+002  1.778853e-006 -3.719808e-007
 1.635000e+002  1.863159e-006 -1.994698e-007
 1.637500e+002  1.992010e-006 -1.596053e-007
 1.640000e+002  2.065241e-006 -9.119396e-008
 1.642500e+002  2.029085e-006  1.754865e-008
 1.645000e+002  2.004352e-006 -2.773463e-007
 1.647500e+002  2.112187e-006 -3.987514e-007
 1.650000e+002  2.148582e-006 -1.376819e-007
 1.652500e+002  1.979859e-006 -3.133357e-007
 1.655000e+002  2.016450e-006 -3.297085e-007
 1.657500e+002  2.202732e-006 -3.590548e-007
 1.660000e+002  2.204422e-006 -2.268557e-007
 1.662500e+002  2.188422e-006 -3.127050e-007
 1.665000e+002  2.181591e-006 -4.339027e-007
 1.667500e+002  2.162725e-006 -4.224815e-007
 1.670000e+002  1.932908e-006 -5.222100e-007
 1.672500e+002  2.150988e-006 -4.043860e-007
 1.675000e+002  1.922205e-006 -4.159326e-007
 1.677500e+002  1.984276e-006 -2.829132e-007
 1.680000e+002  2.060443e-006 -4.280695e-007
 1.682500e+002  2.006609e-006 -6.036067e-007
 1.685000e+002  1.946634e-006 -6.822421e-007
 1.687500e+002  2.081409e-006 -4.926650e-007
 1.690000e+002  2.038885e-006 -3.346784e-007
 1.692500e+002  2.265024e-006 -5.909368e-007
 1.695000e+002  1.947893e-006 -4.635056e-007
 1.697500e+002  2.189762e-006 -4.739493e-007
 1.700000e+002  2.053647e-006 -6.015479e-007
 1.702500e+002  2.042923e-006 -5.239249e-007
 1.705000e+002  2.017184e-006 -6.855834e-007
 1.707500e+002  1.957357e-006 -5.943141e-007
 1.710000e+002  2.333725e-006 -6.685961e-007
 1.712500e+002  2.000590e-006 -7.775902e-007
 1.715000e+002  2.047361e-006 -4.744228e-007
 1.717500e+002  2.110753e-006 -4.992081e-007
 1.720000e+002  2.117694e-006 -5.625281e-007
 1.722500e+002  2.140603e-006 -7.875930e-007
 1.725000e+002  2.041234e-006 -6.715908e-007
 1.727500e+002  1.918048e-006 -5.084132e-007
 1.730000e+002  2.016985e-006 -8.208302e-007
 1.732500e+002  2.092753e-006 -6.558962e-007
 1.735000e+002  2.354969e-006 -7.198098e-007
 1.737500e+002  2.237012e-006 -7.161800e-007
 1.740000e+002  2.225462e-006 -9.536542e-007
 1.742500e+002  2.081736e-006 -8.284732e-007
 1.745000e+002  1.978593e-006 -8.141373e-007
 1.747500e+002  2.197626e-006 -6.914221e-007
 1.750000e+002  2.138572e-006 -7.579230e-007
 1.752500e+002  2.187100e-006 -7.675220e-007
 1.755000e+002  2.122411e-006 -7.696848e-007
 1.757500e+002  2.219960e-006 -9.374270e-007
 1.760000e+002  2.224084e-006 -6.477127e-007
 1.762500e+002  2.440386e-006 -7.733666e-007
 1.765000e+002  2.266219e-006 -8.058577e-007
 1.767500e+002  2.190665e-006 -6.522584e-007
 1.770000e+002  2.295000e-006 -1.000094e-006
 1.772500e+002  2.205795e-006 -8.356068e-007
 1.775000e+002  2.139574e-006 -1.008731e-006
 1.777500e+002  2.096169e-006 -1.019276e-006
 1.780000e+002  2.261537e-006 -9.120772e-007
 1.782500e+002  2.234860e-006 -7.970690e-007
 1.785000e+002  2.097594e-006 -9.829188e-007
 1.787500e+002  2.154956e-006 -1.061319e-006
 1.790000e+002  2.301718e-006 -1.063457e-006
 1.792500e+002  2.233308e-006 -1.069129e-006
 1.795000e+002  2.177971e-006 -9.096365e-007
 1.797500e+002  2.107773e-006 -8.593829e-007
 1.800000e+002  2.187213e-006 -8.135788e-007
 1.802500e+002  2.280971e-006 -9.682514e-007
 1.805000e+002  2.391639e-006 -1.043497e-006
 1.807500e+002  2.412966e-006 -1.081232e-006
 1.810000e+002  2.330933e-006 -7.557588e-007
 1.812500e+002  2.356779e-006 -9.697743e-007
 1.815000e+002  2.445433e-006 -9.364148e-007
 1.817500e+002  2.462204e-006 -9.688283e-007
 1.820000e+002  2.390351e-006 -1.023494e-006
 1.822500e+002  2.506514e-006 -1.006218e-006
 1.825000e+002  2.409996e-006 -9.228397e-007
 1.827500e+002  2.252538e-006 -1.049274e-006
 1.830000e+002  2.693342e-006 -9.576813e-007
 1.832500e+002  2.304022e-006 -9.069810e-007
 1.835000e+002  2.363608e-006 -1.033192e-006
 1.837500e+002  2.342416e-006 -1.124848e-006
 1.840000e+002  2.431512e-006 -1.160624e-006
 1.842500e+002  2.628841e-006 -9.621701e-007
 1.845000e+002  2.401599e-006 -1.050213e-006
 1.847500e+002  2.412407e-006 -7.494349e-007
 1.850000e+002  2.554341e-006 -9.702951e-007
 1.852500e+002  2.569457e-006 -9.978148e-007
 1.855000e+002  2.531141e-006 -1.071059e-006
 1.857500e+002  2.728190e-006 -8.254986e-007
 1.860000e+002  2.371339e-006 -1.204508e-006
 1.862500e+002  2.378056e-006 -9.603226e-007
 1.865000e+002  2.508267e-006 -8.818336e-007
 1.867500e+002  2.505076e-006 -1.222367e-006
 1.870000e+002  2.472624e-006 -8.719225e-007
 1.872500e+002  2.443590e-006 -1.091722e-006
 1.875000e+002  2.535677e-006 -9.560234e-007
 1.877500e+002  2.449194e-006 -1.039937e-006
 1.880000e+002  2.443203e-006 -9.491994e-007
 1.882500e+002  2.658586e-006 -9.775767e-007
 1.885000e+002  2.568285e-006 -9.607424e-007
 1.887500e+002  2.494295e-006 -1.068348e-006
 1.890000e+002  2.533423e-006 -7.943633e-007
 1.892500e+002  2.598434e-006 -7.875903e-007
 1.895000e+002  2.694254e-006 -1.006048e-006
 1.897500e+002  2.683281e-006 -9.913405e-007
 1.900000e+002  2.703983e-006 -1.014250e-006
 1.902500e+002  2.386976e-006 -9.503765e-007
 1.905000e+002  2.468569e-006 -9.098063e-007
 1.907500e+002  2.794737e-006 -8.340180e-007
 1.910000e+002  2.719965e-006 -9.928538e-007
 1.912500e+002  2.670859e-006 -8.348564e-007
 1.915000e+002  2.651567e-006 -8.866583e-007
 1.917500e+002  2.641979e-006 -1.071085e-006
 1.920000e+002  2.737079e-006 -9.020982e-007
 1.922500e+002  2.740515e-006 -9.547510e-007
 1.925000e+002  2.480811e-006 -1.039820e-006
 1.927500e+002  2.761376e-006 -8.246568e-007
 1.930000e+002  2.704049e-006 -7.632693e-007
 1.932500e+002  2.808340e-006 -8.696446e-007
 1.935000e+002  2.756521e-006 -8.530110e-007
 1.937500e+002  2.836665e-006 -7.215499e-007
 1.940000e+002  2.745102e-006 -6.758586e-007
 1.942500e+002  2.813311e-006 -7.388916e-007
 1.945000e+002  2.839794e-006 -7.717292e-007
 1.947500e+002  2.854160e-006 -4.969558e-007
 1.950000e+002  2.777555e-006 -9.455917e-007
 1.952500e+002  2.969784e-006 -7.296427e-007
 1.955000e+002  2.762703e-006 -6.607901e-007
 1.957500e+002  2.668697e-006 -6.589262e-007
 1.960000e+002  2.871498e-006 -7.005765e-007
 1.962500e+002  2.761843e-006 -7.946615e-007
 1.965000e+002  2.828937e-006 -6.002292e-007
 1.967500e+002  2.864313e-006 -8.987484e-007
 1.970000e+002  2.858754e-006 -6.553111e-007
 1.972500e+002  3.117659e-006 -5.824586e-007
 1.975000e+002  2.924077e-006 -5.477607e-007
 1.977500e+002  2.689920e-006 -7.109026e-007
 1.980000e+002  3.031593e-006 -7.505852e-007
 1.982500e+002  2.923364e-006 -5.866712e-007
 1.985000e+002  2.933894e-006 -5.178711e-007
 1.987500e+002  2.911369e-006 -5.963320e-007
 1.990000e+002  2.711223e-006 -2.559671e-007
 1.992500e+002  3.027248e-006 -4.879690e-007
 1.995000e+002  2.978294e-006 -5.951784e-007
 1.997500e+002  3.118039e-006 -4.199017e-007
 2.000000e+002  2.927322e-006 -7.409996e-007
 2.002500e+002  3.030026e-006 -3.798507e-007
 2.005000e+002  3.022063e-006 -5.886127e-007
 2.007500e+002  2.928061e-006 -5.304466e-007
 2.010000e+002  2.809184e-006 -2.834186e-007
 2.012500e+002  3.057467e-006 -4.719372e-007
 2.015000e+002  3.021213e-006 -4.853663e-007
 2.017500e+002  3.005093e-006 -4.630812e-007
 2.020000e+002  3.031237e-006 -4.705154e-007
 2.022500e+002  3.030330e-006 -5.955125e-007
 2.025000e+002  2.974159e-006 -4.472531e-007
 2.027500e+002  2.961163e-006 -3.941378e-007
 2.030000e+002  2.865133e-006 -1.713928e-007
 2.032500e+002  3.030651e-006 -3.237455e-007
 2.035000e+002  2.981680e-006 -4.117626e-007
 2.037500e+002  3.002940e-006 -3.358252e-007
 2.040000e+002  3.113203e-006 -1.829965e-007
 2.042500e+002  2.846890e-006 -3.531845e-007
 2.045000e+002  3.093507e-006 -1.574091e-007
 2.047500e+002  3.094251e-006 -3.336088e-007
 2.050000e+002  3.128248e-006  3.000632e-008
 2.052500e+002  2.947900e-006 -1.894813e-007
 2.055000e+002  2.930537e-006 -2.078980e-007
 2.057500e+002  3.135573e-006 -2.077538e-007
 2.060000e+002  3.180390e-006 -1.948395e-007
 2.062500e+002  2.740701e-006 -1.126436e-007
 2.065000e+002  2.991512e-006 -2.740722e-007
 2.067500e+002  2.964742e-006 -3.408055e-007
 2.070000e+002  3.001048e-006 -8.623830e-008
 2.072500e+002  3.068862e-006 -3.697997e-008
 2.075000e+002  3.145057e-006 -1.586813e-007
 2.077500e+002  3.049613e-006 -1.462538e-007
 2.080000e+002  2.928903e-006 -1.025140e-007
 2.082500e+002  3.042118e-006  1.800754e-007
 2.085000e+002  3.213023e-006  1.061546e-007
 2.087500e+002  3.129390e-006  5.304436e-009
 2.090000e+002  2.833587e-006 -1.214064e-007
 2.092500e+002  2.834394e-006  1.460656e-007
 2.095000e+002  3.055988e-006  1.359500e-007
 2.097500e+002  2.718084e-006  1.318312e-008
 2.100000e+002  3.226773e-006 -3.189247e-008
 2.102500e+002  2.906104e-006  1.997822e-007
 2.105000e+002  3.238890e-006  2.710757e-007
 2.107500e+002  2.585997e-006  7.021362e-008
 2.110000e+002  2.998291e-006  1.947613e-007
 2.112500e+002  3.110062e-006  9.100398e-008
 2.115000e+002  2.808097e-006  9.033476e-008
 2.117500e+002  2.864151e-006  2.719888e-008
 2.120000e+002  2.870164e-006  2.350814e-007
 2.122500e+002  2.901171e-006  2.478839e-007
 2.125000e+002  2.928734e-006  3.190846e-007
 2.127500e+002  2.925790e-006  3.586078e-007
 2.130000e+002  3.231273e-006  2.146502e-007
 2.132500e+002  2.754966e-006  1.649283e-007
 2.135000e+002  2.672959e-006  3.376987e-007
 2.137500e+002  2.925011e-006  2.011584e-007
 2.140000e+002  2.862806e-006  2.189421e-007
 2.142500e+002  3.049112e-006  4.141861e-007
 2.145000e+002  2.755262e-006  1.798395e-007
 2.147500e+002  3.109768e-006  3.266739e-007
 2.150000e+002  2.848231e-006  8.297780e-008
 2.152500e+002  2.958723e-006  2.617047e-007
 2.155000e+002  3.058627e-006  7.688862e-007
 2.157500e+002  2.754283e-006  2.611172e-007
 2.160000e+002  2.906590e-006  2.642495e-007
 2.162500e+002  2.705674e-006  2.283817e-007
 2.165000e+002  2.751144e-006  3.914081e-007
 2.167500e+002  2.894284e-006  3.420512e-007
 2.170000e+002  2.628448e-006  3.627162e-007
 2.172500e+002  2.669297e-006  4.347547e-007
 2.175000e+002  2.906023e-006  4.226490e-007
 2.177500e+002  2.817552e-006  3.643967e-007
 2.180000e+002  2.546488e-006  2.365618e-007
 2.182500e+002  2.788393e-006  4.844815e-007
 2.185000e+002  2.478842e-006  4.463532e-007
 2.187500e+002  2.655772e-006  3.347679e-007
 2.190000e+002  2.674809e-006  4.128782e-007
 2.192500e+002  2.380631e-006  4.822840e-007
 2.195000e+002  2.503820e-006  3.682238e-007
 2.197500e+002  2.612848e-006  3.936540e-007
 2.200000e+002  2.769919e-006  4.926029e-007
 2.202500e+002  2.491222e-006  6.246199e-007
 2.205000e+002  2.517688e-006  4.914104e-007
 2.207500e+002  2.296236e-006  6.734062e-007
 2.210000e+002  2.585448e-006  4.987598e-007
 2.212500e+002  2.362749e-006  5.495782e-007
 2.215000e+002  2.409907e-006  3.479554e-007
 2.217500e+002  2.397720e-006  3.556503e-007
 2.220000e+002  2.383694e-006  6.250167e-007
 2.222500e+002  2.243644e-006  6.158990e-007
 2.225000e+002  2.176447e-006  3.267137e-007
 2.227500e+002  2.057942e-006  8.105251e-007
 2.230000e+002  2.457723e-006  4.648732e-007
 2.232500e+002  2.507604e-006  2.494241e-007
 2.235000e+002  2.405804e-006  6.411497e-007
 2.237500e+002  2.412150e-006  5.660923e-007
 2.240000e+002  2.369323e-006  8.556404e-007
 2.242500e+002  2.226865e-006  4.323710e-007
 2.245000e+002  2.388923e-006  1.347557e-007
 2.247500e+002  2.273792e-006  3.609164e-007
 2.250000e+002  1.975488e-006  6.816800e-007
 2.252500e+002  1.949578e-006  4.340805e-007
 2.255000e+002  2.348903e-006  4.930158e-007
 2.257500e+002  2.301657e-006  5.043900e-007
 2.260000e+002  2.311526e-006  5.258889e-007
 2.262500e+002  2.387538e-006  2.947389e-007
 2.265000e+002  2.161561e-006  4.871992e-007
 2.267500e+002  2.006713e-006  4.790556e-007
 2.270000e+002  2.097455e-006  3.026790e-007
 2.272500e+002  2.171283e-006  2.151241e-007
 2.275000e+002  2.304038e-006  5.237399e-007
 2.277500e+002  2.374526e-006  4.137963e-007
 2.280000e+002  1.893189e-006  5.539894e-007
 2.282500e+002  1.954110e-006  1.126698e-007
 2.285000e+002  2.286440e-006  3.528435e-007
 2.287500e+002  1.986541e-006  4.615753e-007
 2.290000e+002  2.269252e-006  2.091773e-007
 2.292500e+002  2.117541e-006  2.672423e-007
 2.295000e+002  2.043736e-006  1.679282e-007
 2.297500e+002  2.069994e-006  1.484585e-007
 2.300000e+002  2.232649e-006  2.785238e-007
 2.302500e+002  1.933115e-006  1.282225e-007
 2.305000e+002  2.040176e-006  2.300700e-008
 2.307500e+002  2.271230e-006  1.790089e-007
 2.310000e+002  1.892133e-006  6.368979e-008
 2.312500e+002  2.191287e-006  2.638013e-007
 2.315000e+002  2.138223e-006 -1.097434e-007
 2.317500e+002  2.053989e-006 -8.150918e-008
 2.320000e+002  2.419457e-006 -1.631563e-007
 2.322500e+002  2.193638e-006 -1.982041e-007
 2.325000e+002  2.084879e-006 -3.970369e-007
 2.327500e+002  2.460902e-006 -4.419851e-007
 2.330000e+002  2.023114e-006 -5.266570e-008
 2.332500e+002  1.810733e-006 -2.455492e-007
 2.335000e+002  1.846591e-006 -2.910347e-007
 2.337500e+002  2.015833e-006 -3.371168e-007
 2.340000e+002  1.982392e-006 -2.542399e-007
 2.342500e+002  2.281963e-006 -6.134483e-007
 2.345000e+002  2.241439e-006 -3.563994e-007
 2.347500e+002  2.098328e-006 -6.709023e-007
 2.350000e+002  2.227183e-006 -8.862543e-007
 2.352500e+002  2.178730e-006 -8.542468e-007
 2.355000e+002  2.496892e-006 -6.003094e-007
 2.357500e+002  2.106113e-006 -9.523936e-007
 2.360000e+002  2.235643e-006 -7.694421e-007
 2.362500e+002  2.279970e-006 -9.382357e-007
 2.365000e+002  2.394945e-006 -9.650352e-007
 2.367500e+002  2.653766e-006 -9.436082e-007
 2.370000e+002  2.550316e-006 -1.102502e-006
 2.372500e+002  2.576764e-006 -1.228056e-006
 2.375000e+002  2.835062e-006 -1.363672e-006
 2.377500e+002  3.062504e-006 -1.422725e-006
 2.380000e+002  3.172232e-006 -1.610725e-006
 2.382500e+002  3.102635e-006 -2.064617e-006
 2.385000e+002  3.020547e-006 -2.305700e-006
 2.387500e+002  3.114352e-006 -2.304196e-006
 2.390000e+002  3.183520e-006 -2.433118e-006
 2.392500e+002  3.056027e-006 -2.596594e-006
 2.395000e+002  3.160887e-006 -2.911422e-006
 2.397500e+002  3.096607e-006 -3.035536e-006
 2.400000e+002  3.424219e-006 -3.135117e-006
 2.402500e+002  3.645722e-006 -3.510231e-006
 2.405000e+002  3.492511e-006 -4.020874e-006
 2.407500e+002  3.507190e-006 -4.446691e-006
 2.410000e+002  3.452256e-006 -4.788596e-006
 2.412500e+002  3.429637e-006 -5.065047e-006
 2.415000e+002  3.562236e-006 -5.824470e-006
 2.417500e+002  3.082879e-006 -6.093892e-006
 2.420000e+002  3.323855e-006 -6.521265e-006
 2.422500e+002  2.470006e-006 -7.405376e-006
 2.425000e+002  2.138593e-006 -7.662175e-006
 2.427500e+002  1.384818e-006 -8.385069e-006
 2.430000e+002  7.392696e-007 -8.862107e-006
 2.432500e+002 -4.344394e-007 -8.852981e-006
 2.435000e+002 -1.788910e-006 -9.080777e-006
 2.437500e+002 -2.653149e-006 -8.371596e-006
 2.440000e+002 -3.372864e-006 -7.521867e-006
 2.442500e+002 -3.743652e-006 -6.667199e-006
 2.445000e+002 -4.271547e-006 -5.988612e-006
 2.447500e+002 -4.480093e-006 -5.366709e-006
 2.450000e+002 -4.067946e-006 -4.570097e-006
 2.452500e+002 -3.809692e-006 -4.037065e-006
 2.455000e+002 -3.643603e-006 -3.399873e-006
 2.457500e+002 -3.289384e-006 -3.174041e-006
 2.460000e+002 -2.965889e-006 -2.920142e-006
 2.462500e+002 -2.802016e-006 -2.844274e-006
 2.465000e+002 -2.784249e-006 -2.637340e-006
 2.467500e+002 -2.462033e-006 -2.301878e-006
 2.470000e+002 -2.634367e-006 -2.410120e-006
 2.472500e+002 -2.002809e-006 -2.285036e-006
 2.475000e+002 -1.775204e-006 -2.413682e-006
 2.477500e+002 -1.827731e-006 -2.085813e-006
 2.480000e+002 -1.804158e-006 -2.270088e-006
 2.482500e+002 -1.728852e-006 -2.175342e-006
 2.485000e+002 -1.550608e-006 -2.178384e-006
 2.487500e+002 -1.593731e-006 -1.927716e-006
 2.490000e+002 -1.261719e-006 -1.820019e-006
 2.492500e+002 -1.000953e-006 -1.821519e-006
 2.495000e+002 -8.301573e-007 -1.714708e-006
 2.497500e+002 -9.592156e-007 -1.223628e-006
 2.500000e+002 -1.019780e-006 -1.227283e-006
 2.502500e+002 -5.500323e-007 -1.468353e-006
 2.505000e+002 -3.747004e-007 -1.453149e-006
 2.507500e+002 -5.212262e-007 -1.259766e-006
 2.510000e+002 -3.228142e-007 -1.322986e-006
 2.512500e+002 -4.904898e-007 -1.230376e-006
 2.515000e+002 -1.615220e-007 -1.083673e-006
 2.517500e+002 -1.449634e-007 -1.168161e-006
 2.520000e+002  1.444001e-008 -1.212337e-006
 2.522500e+002  7.533101e-008 -8.333896e-007
 2.525000e+002  4.918457e-007 -1.122466e-006
 2.527500e+002  1.506692e-007 -9.007653e-007
 2.530000e+002  4.692284e-007 -7.837459e-007
 2.532500e+002  3.879571e-007 -6.759877e-007
 2.535000e+002  4.282303e-007 -8.835385e-007
 2.537500e+002  4.346601e-007 -3.812796e-007
 2.540000e+002  7.983162e-007 -8.087298e-007
 2.542500e+002  7.145500e-007 -4.383822e-007
 2.545000e+002  6.506764e-007 -5.808034e-007
 2.547500e+002  4.220066e-007 -1.118220e-007
 2.550000e+002  3.756433e-007 -3.437627e-007
 2.552500e+002  5.662143e-007 -3.115209e-007
 2.555000e+002  5.204845e-007  8.337495e-009
 2.557500e+002  4.561012e-007 -3.160881e-007
 2.560000e+002  8.312282e-007 -2.706973e-012
