 0.000000e+000 -1.110589e-005  0.000000e+000
 2.500000e-001 -4.494500e-006 -1.163709e-006
 5.000000e-001 -6.590895e-006 -1.392558e-005
 7.500000e-001 -1.085549e-005 -7.463339e-006
 1.000000e+000 -1.791778e-005 -3.587345e-006
 1.250000e+000 -3.378932e-005  2.336950e-006
 1.500000e+000 -4.187766e-005 -7.510560e-006
 1.750000e+000 -3.977061e-005  7.100849e-006
 2.000000e+000 -3.671588e-005 -5.321972e-006
 2.250000e+000 -4.198347e-005 -8.830424e-006
 2.500000e+000 -3.606629e-005 -9.472431e-006
 2.750000e+000 -3.422756e-005 -1.506691e-005
 3.000000e+000 -5.367040e-005 -1.748820e-005
 3.250000e+000 -4.901388e-005 -1.170250e-005
 3.500000e+000 -5.122059e-005 -2.073174e-005
 3.750000e+000 -5.265277e-005 -1.968840e-005
 4.000000e+000 -7.103668e-005 -1.625208e-005
 4.250000e+000 -4.156025e-005 -1.981813e-005
 4.500000e+000 -6.004896e-005  1.003399e-005
 4.750000e+000 -6.459638e-005  1.863562e-005
 5.000000e+000 -6.163757e-005  1.064365e-005
 5.250000e+000 -6.541622e-005  1.116030e-005
 5.500000e+000 -5.719237e-005  1.094042e-005
 5.750000e+000 -6.314765e-005  1.444392e-005
 6.000000e+000 -4.997632e-005  2.157232e-005
 6.250000e+000 -6.189521e-005  1.030302e-005
 6.500000e+000 -6.091674e-005  1.191862e-005
 6.750000e+000 -5.948248e-005  1.137415e-005
 7.000000e+000 -5.899461e-005  8.780514e-006
 7.250000e+000 -5.646611e-005  1.378074e-005
 7.500000e+000 -5.696030e-005  1.052442e-005
 7.750000e+000 -5.614919e-005  9.671762e-006
 8.000000e+000 -5.551172e-005  6.287457e-006
 8.250000e+000 -5.677368e-005  4.129376e-006
 8.500000e+000 -5.774911e-005  6.317860e-006
 8.750000e+000 -5.901258e-005  4.656252e-006
 9.000000e+000 -6.025475e-005  1.180057e-006
 9.250000e+000 -5.816131e-005  3.596552e-006
 9.500000e+000 -5.855314e-005 -2.280529e-007
 9.750000e+000 -6.169326e-005  1.230098e-006
 1.000000e+001 -6.117059e-005 -1.346975e-006
 1.025000e+001 -6.301682e-005 -1.618026e-006
 1.050000e+001 -6.280794e-005 -3.331348e-006
 1.075000e+001 -6.446279e-005 -3.204464e-006
 1.100000e+001 -6.575149e-005 -3.879998e-006
 1.125000e+001 -6.766297e-005 -2.525576e-006
 1.150000e+001 -6.945263e-005 -3.770559e-006
 1.175000e+001 -6.858111e-005 -3.960235e-006
 1.200000e+001 -7.099626e-005 -4.940720e-006
 1.225000e+001 -6.890697e-005 -3.576505e-006
 1.250000e+001 -7.147228e-005 -6.989142e-006
 1.275000e+001 -7.477316e-005 -6.944609e-006
 1.300000e+001 -7.371899e-005 -7.602042e-006
 1.325000e+001 -7.636356e-005 -7.650511e-006
 1.350000e+001 -7.793844e-005 -7.564379e-006
 1.375000e+001 -7.924394e-005 -8.508602e-006
 1.400000e+001 -7.964367e-005 -9.769281e-006
 1.425000e+001 -8.484655e-005 -1.128838e-005
 1.450000e+001 -8.399440e-005 -9.610616e-006
 1.475000e+001 -8.696316e-005 -1.140920e-005
 1.500000e+001 -8.915999e-005 -1.001936e-005
 1.525000e+001 -9.241026e-005 -1.177602e-005
 1.550000e+001 -9.560449e-005 -1.166015e-005
 1.575000e+001 -9.677628e-005 -1.192505e-005
 1.600000e+001 -9.956158e-005 -1.234007e-005
 1.625000e+001 -1.024686e-004 -1.303383e-005
 1.650000e+001 -1.069149e-004 -1.451352e-005
 1.675000e+001 -1.085708e-004 -1.417974e-005
 1.700000e+001 -1.132680e-004 -1.657465e-005
 1.725000e+001 -1.195497e-004 -1.650237e-005
 1.750000e+001 -1.230833e-004 -1.762738e-005
 1.775000e+001 -1.285944e-004 -2.025816e-005
 1.800000e+001 -1.350773e-004 -1.998830e-005
 1.825000e+001 -1.401411e-004 -2.138672e-005
 1.850000e+001 -1.491925e-004 -2.333120e-005
 1.875000e+001 -1.576062e-004 -2.415871e-005
 1.900000e+001 -1.684084e-004 -2.856947e-005
 1.925000e+001 -1.806927e-004 -2.622511e-005
 1.950000e+001 -1.899894e-004 -3.184360e-005
 1.975000e+001 -2.080694e-004 -2.958161e-005
 2.000000e+001 -2.237063e-004 -3.286443e-005
 2.025000e+001 -2.481340e-004 -3.494659e-005
 2.050000e+001 -2.720929e-004 -3.946697e-005
 2.075000e+001 -3.084383e-004 -4.565643e-005
 2.100000e+001 -3.509562e-004 -5.053619e-005
 2.125000e+001 -4.169462e-004 -5.331650e-005
 2.150000e+001 -5.041371e-004 -6.020488e-005
 2.175000e+001 -6.464246e-004 -6.246870e-005
 2.200000e+001 -9.243798e-004 -5.397910e-005
 2.225000e+001 -1.417070e-003  2.320942e-004
 2.250000e+001 -2.960581e-003  1.272457e-003
 2.275000e+001  5.177309e-003  4.070338e-003
 2.300000e+001  1.385685e-003  5.466319e-004
 2.325000e+001  8.389796e-004  2.603464e-004
 2.350000e+001  5.992720e-004  1.685075e-004
 2.375000e+001  4.607629e-004  1.128132e-004
 2.400000e+001  3.788384e-004  9.511377e-005
 2.425000e+001  3.140044e-004  7.814035e-005
 2.450000e+001  2.702383e-004  6.228824e-005
 2.475000e+001  2.328681e-004  5.649957e-005
 2.500000e+001  2.124585e-004  4.920281e-005
 2.525000e+001  1.885186e-004  4.213169e-005
 2.550000e+001  1.719068e-004  4.032827e-005
 2.575000e+001  1.591018e-004  3.491971e-005
 2.600000e+001  1.473495e-004  3.215091e-005
 2.625000e+001  1.365659e-004  2.955532e-005
 2.650000e+001  1.237551e-004  2.883634e-005
 2.675000e+001  1.197731e-004  2.631928e-005
 2.700000e+001  1.097943e-004  2.232159e-005
 2.725000e+001  1.042288e-004  2.277088e-005
 2.750000e+001  9.602184e-005  2.006487e-005
 2.775000e+001  9.121549e-005  1.941368e-005
 2.800000e+001  8.776335e-005  1.890838e-005
 2.825000e+001  8.232043e-005  1.618638e-005
 2.850000e+001  7.877252e-005  1.545303e-005
 2.875000e+001  7.599939e-005  1.564894e-005
 2.900000e+001  7.274404e-005  1.484712e-005
 2.925000e+001  6.953616e-005  1.347120e-005
 2.950000e+001  6.649361e-005  1.235554e-005
 2.975000e+001  6.358708e-005  1.142653e-005
 3.000000e+001  6.053495e-005  1.138996e-005
 3.025000e+001  5.876560e-005  1.113877e-005
 3.050000e+001  5.660573e-005  9.873197e-006
 3.075000e+001  5.386879e-005  9.727168e-006
 3.100000e+001  5.247273e-005  9.890505e-006
 3.125000e+001  5.051976e-005  8.684232e-006
 3.150000e+001  4.868059e-005  8.690564e-006
 3.175000e+001  4.721612e-005  8.333166e-006
 3.200000e+001  4.612173e-005  8.185730e-006
 3.225000e+001  4.466324e-005  7.334414e-006
 3.250000e+001  4.361814e-005  7.345307e-006
 3.275000e+001  4.212874e-005  7.007828e-006
 3.300000e+001  4.102549e-005  6.865199e-006
 3.325000e+001  3.985728e-005  6.338543e-006
 3.350000e+001  3.876610e-005  5.676468e-006
 3.375000e+001  3.800918e-005  6.009005e-006
 3.400000e+001  3.662077e-005  5.735066e-006
 3.425000e+001  3.582250e-005  5.305652e-006
 3.450000e+001  3.493038e-005  4.976019e-006
 3.475000e+001  3.376141e-005  4.906831e-006
 3.500000e+001  3.335277e-005  4.693898e-006
 3.525000e+001  3.205384e-005  4.361698e-006
 3.550000e+001  3.149711e-005  4.109204e-006
 3.575000e+001  3.078592e-005  3.679867e-006
 3.600000e+001  3.032891e-005  3.816318e-006
 3.625000e+001  2.972391e-005  3.836207e-006
 3.650000e+001  2.900327e-005  3.560114e-006
 3.675000e+001  2.844940e-005  3.533283e-006
 3.700000e+001  2.810044e-005  3.295378e-006
 3.725000e+001  2.740482e-005  2.778781e-006
 3.750000e+001  2.696351e-005  2.587380e-006
 3.775000e+001  2.623970e-005  2.652700e-006
 3.800000e+001  2.598004e-005  2.386196e-006
 3.825000e+001  2.540933e-005  2.172245e-006
 3.850000e+001  2.508406e-005  2.354553e-006
 3.875000e+001  2.473366e-005  2.020559e-006
 3.900000e+001  2.421265e-005  1.900071e-006
 3.925000e+001  2.402345e-005  1.763709e-006
 3.950000e+001  2.336692e-005  1.848662e-006
 3.975000e+001  2.309182e-005  1.803311e-006
 4.000000e+001  2.268962e-005  1.234058e-006
 4.025000e+001  2.261195e-005  1.476720e-006
 4.050000e+001  2.220097e-005  1.123731e-006
 4.075000e+001  2.187689e-005  1.095199e-006
 4.100000e+001  2.164630e-005  8.655558e-007
 4.125000e+001  2.127679e-005  7.749777e-007
 4.150000e+001  2.133036e-005  6.267379e-007
 4.175000e+001  2.077562e-005  5.565934e-007
 4.200000e+001  2.064138e-005  2.970624e-007
 4.225000e+001  2.032654e-005  3.657116e-007
 4.250000e+001  2.014368e-005  3.756497e-007
 4.275000e+001  1.997930e-005  2.978930e-007
 4.300000e+001  1.996600e-005 -3.822104e-008
 4.325000e+001  1.933410e-005 -2.277442e-007
 4.350000e+001  1.943902e-005 -4.234091e-008
 4.375000e+001  1.932928e-005 -2.079844e-007
 4.400000e+001  1.877989e-005 -4.563288e-007
 4.425000e+001  1.864684e-005 -5.705357e-007
 4.450000e+001  1.871645e-005 -7.888326e-007
 4.475000e+001  1.815061e-005 -1.013147e-006
 4.500000e+001  1.779097e-005 -3.721841e-007
 4.525000e+001  1.786422e-005 -8.097830e-007
 4.550000e+001  1.759569e-005 -1.686441e-007
 4.575000e+001  1.788023e-005 -5.832110e-007
 4.600000e+001  1.768204e-005 -9.875279e-007
 4.625000e+001  1.775858e-005 -8.912152e-007
 4.650000e+001  1.747522e-005 -8.814561e-007
 4.675000e+001  1.736360e-005 -9.442993e-007
 4.700000e+001  1.724856e-005 -1.071760e-006
 4.725000e+001  1.717493e-005 -1.352551e-006
 4.750000e+001  1.697228e-005 -1.345720e-006
 4.775000e+001  1.702210e-005 -1.333906e-006
 4.800000e+001  1.702320e-005 -1.549130e-006
 4.825000e+001  1.688799e-005 -1.528120e-006
 4.850000e+001  1.681665e-005 -1.558105e-006
 4.875000e+001  1.677771e-005 -1.696911e-006
 4.900000e+001  1.654009e-005 -1.749160e-006
 4.925000e+001  1.684635e-005 -1.667064e-006
 4.950000e+001  1.672057e-005 -1.880805e-006
 4.975000e+001  1.639410e-005 -2.062815e-006
 5.000000e+001  1.660749e-005 -1.885398e-006
 5.025000e+001  1.646248e-005 -1.955440e-006
 5.050000e+001  1.651729e-005 -2.095391e-006
 5.075000e+001  1.643026e-005 -2.140540e-006
 5.100000e+001  1.649037e-005 -2.182282e-006
 5.125000e+001  1.621621e-005 -2.339391e-006
 5.150000e+001  1.641864e-005 -2.093106e-006
 5.175000e+001  1.637807e-005 -2.454931e-006
 5.200000e+001  1.637085e-005 -2.216370e-006
 5.225000e+001  1.612981e-005 -2.301452e-006
 5.250000e+001  1.635663e-005 -2.585278e-006
 5.275000e+001  1.620677e-005 -2.501112e-006
 5.300000e+001  1.625494e-005 -2.514946e-006
 5.325000e+001  1.638171e-005 -2.719845e-006
 5.350000e+001  1.628459e-005 -2.758708e-006
 5.375000e+001  1.627610e-005 -2.749844e-006
 5.400000e+001  1.640437e-005 -2.840682e-006
 5.425000e+001  1.657956e-005 -2.822284e-006
 5.450000e+001  1.652853e-005 -3.010109e-006
 5.475000e+001  1.656664e-005 -3.009076e-006
 5.500000e+001  1.653187e-005 -3.079568e-006
 5.525000e+001  1.656741e-005 -3.265085e-006
 5.550000e+001  1.648655e-005 -3.119847e-006
 5.575000e+001  1.655805e-005 -3.451500e-006
 5.600000e+001  1.673327e-005 -3.425106e-006
 5.625000e+001  1.680817e-005 -3.765409e-006
 5.650000e+001  1.635390e-005 -4.025822e-006
 5.675000e+001  1.535205e-005 -3.808034e-006
 5.700000e+001  1.600600e-005 -1.802405e-006
 5.725000e+001  1.716035e-005 -2.546824e-006
 5.750000e+001  1.688262e-005 -2.984303e-006
 5.775000e+001  1.711399e-005 -2.880514e-006
 5.800000e+001  1.723075e-005 -3.278113e-006
 5.825000e+001  1.710818e-005 -3.230798e-006
 5.850000e+001  1.727006e-005 -3.092630e-006
 5.875000e+001  1.749959e-005 -3.246620e-006
 5.900000e+001  1.764349e-005 -3.489867e-006
 5.925000e+001  1.776287e-005 -3.112880e-006
 5.950000e+001  1.784194e-005 -3.491642e-006
 5.975000e+001  1.778523e-005 -2.923520e-006
 6.000000e+001  1.681107e-005 -3.001684e-006
 6.025000e+001  1.775701e-005 -3.774184e-006
 6.050000e+001  1.808003e-005 -3.215418e-006
 6.075000e+001  1.817550e-005 -3.431615e-006
 6.100000e+001  1.841767e-005 -3.453125e-006
 6.125000e+001  1.848372e-005 -3.472943e-006
 6.150000e+001  1.873131e-005 -3.705553e-006
 6.175000e+001  1.880574e-005 -3.530686e-006
 6.200000e+001  1.912428e-005 -3.613239e-006
 6.225000e+001  1.935196e-005 -3.706386e-006
 6.250000e+001  1.946707e-005 -3.633610e-006
 6.275000e+001  1.966438e-005 -3.587614e-006
 6.300000e+001  1.987475e-005 -3.745245e-006
 6.325000e+001  2.022749e-005 -3.603739e-006
 6.350000e+001  2.038576e-005 -3.709382e-006
 6.375000e+001  2.060223e-005 -3.886507e-006
 6.400000e+001  2.072799e-005 -3.975304e-006
 6.425000e+001  2.094931e-005 -3.726296e-006
 6.450000e+001  2.127466e-005 -4.000526e-006
 6.475000e+001  2.139931e-005 -3.963011e-006
 6.500000e+001  2.196514e-005 -3.852339e-006
 6.525000e+001  2.222568e-005 -4.026599e-006
 6.550000e+001  2.223997e-005 -4.003202e-006
 6.575000e+001  2.296322e-005 -3.913981e-006
 6.600000e+001  2.294672e-005 -4.306562e-006
 6.625000e+001  2.336771e-005 -4.190094e-006
 6.650000e+001  2.362696e-005 -4.481253e-006
 6.675000e+001  2.385427e-005 -4.137228e-006
 6.700000e+001  2.440915e-005 -4.204796e-006
 6.725000e+001  2.466822e-005 -4.223378e-006
 6.750000e+001  2.522806e-005 -4.528976e-006
 6.775000e+001  2.529423e-005 -4.446110e-006
 6.800000e+001  2.633524e-005 -3.948880e-006
 6.825000e+001  2.618570e-005 -5.048581e-006
 6.850000e+001  2.684491e-005 -4.727586e-006
 6.875000e+001  2.698833e-005 -4.714328e-006
 6.900000e+001  2.761240e-005 -4.637351e-006
 6.925000e+001  2.815945e-005 -4.583913e-006
 6.950000e+001  2.879866e-005 -4.854636e-006
 6.975000e+001  2.925169e-005 -4.611199e-006
 7.000000e+001  3.008355e-005 -4.760420e-006
 7.025000e+001  3.054412e-005 -4.889953e-006
 7.050000e+001  3.129789e-005 -5.017301e-006
 7.075000e+001  3.207174e-005 -4.868904e-006
 7.100000e+001  3.309731e-005 -5.467206e-006
 7.125000e+001  3.369898e-005 -4.966697e-006
 7.150000e+001  3.460711e-005 -5.144869e-006
 7.175000e+001  3.577864e-005 -5.020105e-006
 7.200000e+001  3.617162e-005 -5.797730e-006
 7.225000e+001  3.726095e-005 -5.408285e-006
 7.250000e+001  3.813420e-005 -5.709491e-006
 7.275000e+001  3.954850e-005 -5.248980e-006
 7.300000e+001  4.144092e-005 -4.870802e-006
 7.325000e+001  4.374042e-005 -4.929832e-006
 7.350000e+001  4.425982e-005 -5.780399e-006
 7.375000e+001  4.640956e-005 -6.192811e-006
 7.400000e+001  4.820758e-005 -6.119419e-006
 7.425000e+001  5.019537e-005 -6.837315e-006
 7.450000e+001  5.292273e-005 -6.845208e-006
 7.475000e+001  5.475573e-005 -7.800378e-006
 7.500000e+001  5.786899e-005 -7.236106e-006
 7.525000e+001  6.110545e-005 -8.499588e-006
 7.550000e+001  6.429475e-005 -8.688201e-006
 7.575000e+001  6.880615e-005 -9.481610e-006
 7.600000e+001  7.385810e-005 -1.034750e-005
 7.625000e+001  7.838145e-005 -1.160342e-005
 7.650000e+001  8.526051e-005 -1.260638e-005
 7.675000e+001  9.166162e-005 -1.489074e-005
 7.700000e+001  9.947307e-005 -1.667864e-005
 7.725000e+001  1.115053e-004 -1.985366e-005
 7.750000e+001  1.232494e-004 -2.261327e-005
 7.775000e+001  1.416837e-004 -2.874659e-005
 7.800000e+001  1.633258e-004 -3.587563e-005
 7.825000e+001  1.952424e-004 -5.202567e-005
 7.850000e+001  2.345148e-004 -7.361306e-005
 7.875000e+001  3.048259e-004 -1.236106e-004
 7.900000e+001  3.879452e-004 -2.464079e-004
 7.925000e+001  4.568176e-004 -5.464923e-004
 7.950000e+001 -6.473233e-005 -1.140259e-003
 7.975000e+001 -6.652490e-004 -2.055316e-004
 8.000000e+001 -3.438090e-004 -7.719481e-005
 8.025000e+001 -2.456330e-004 -4.458488e-005
 8.050000e+001 -1.893463e-004 -3.182410e-005
 8.075000e+001 -1.550662e-004 -2.158864e-005
 8.100000e+001 -1.313072e-004 -1.675999e-005
 8.125000e+001 -1.123282e-004 -1.553833e-005
 8.150000e+001 -9.778479e-005 -1.318380e-005
 8.175000e+001 -8.748485e-005 -1.173357e-005
 8.200000e+001 -7.841787e-005 -1.136553e-005
 8.225000e+001 -7.106946e-005 -1.210898e-005
 8.250000e+001 -6.567068e-005 -1.198566e-005
 8.275000e+001 -6.150493e-005 -1.096092e-005
 8.300000e+001 -5.791422e-005 -1.187633e-005
 8.325000e+001 -5.478122e-005 -1.110654e-005
 8.350000e+001 -5.235449e-005 -1.186203e-005
 8.375000e+001 -5.067525e-005 -1.057388e-005
 8.400000e+001 -4.956018e-005 -9.256363e-006
 8.425000e+001 -4.705061e-005 -8.192809e-006
 8.450000e+001 -4.522772e-005 -7.153899e-006
 8.475000e+001 -4.345028e-005 -5.468011e-006
 8.500000e+001 -4.194862e-005 -4.501217e-006
 8.525000e+001 -3.926555e-005 -3.817002e-006
 8.550000e+001 -3.717971e-005 -2.893585e-006
 8.575000e+001 -3.545363e-005 -2.597936e-006
 8.600000e+001 -3.328213e-005 -1.918311e-006
 8.625000e+001 -3.190079e-005 -1.132668e-006
 8.650000e+001 -3.017853e-005 -1.693305e-006
 8.675000e+001 -2.896100e-005 -1.315693e-006
 8.700000e+001 -2.747166e-005 -1.293508e-006
 8.725000e+001 -2.631493e-005 -1.421844e-006
 8.750000e+001 -2.532248e-005 -9.470510e-007
 8.775000e+001 -2.483837e-005 -1.003380e-006
 8.800000e+001 -2.347665e-005 -9.429207e-007
 8.825000e+001 -2.268715e-005 -9.980260e-007
 8.850000e+001 -2.171462e-005 -1.098239e-006
 8.875000e+001 -2.112998e-005 -9.424622e-007
 8.900000e+001 -2.029207e-005 -9.548064e-007
 8.925000e+001 -1.988122e-005 -1.090177e-006
 8.950000e+001 -1.916390e-005 -8.970349e-007
 8.975000e+001 -1.854713e-005 -6.777731e-007
 9.000000e+001 -1.824120e-005 -7.074369e-007
 9.025000e+001 -1.734690e-005 -2.494122e-007
 9.050000e+001 -1.653650e-005  2.260975e-007
 9.075000e+001 -1.575994e-005 -8.986010e-008
 9.100000e+001 -1.512383e-005 -6.255183e-007
 9.125000e+001 -1.459383e-005 -6.816557e-007
 9.150000e+001 -1.433866e-005 -9.223962e-007
 9.175000e+001 -1.396340e-005 -5.856600e-007
 9.200000e+001 -1.376329e-005 -7.726941e-007
 9.225000e+001 -1.323935e-005 -9.701556e-007
 9.250000e+001 -1.286179e-005 -5.847909e-007
 9.275000e+001 -1.247911e-005 -6.239925e-007
 9.300000e+001 -1.242065e-005 -5.883220e-007
 9.325000e+001 -1.171726e-005 -7.058512e-007
 9.350000e+001 -1.170066e-005 -7.358627e-007
 9.375000e+001 -1.141608e-005 -8.077790e-007
 9.400000e+001 -1.095739e-005 -6.479349e-007
 9.425000e+001 -1.073470e-005 -7.182531e-007
 9.450000e+001 -1.037902e-005 -6.827686e-007
 9.475000e+001 -1.000964e-005 -6.897007e-007
 9.500000e+001 -9.842060e-006 -6.810511e-007
 9.525000e+001 -9.762403e-006 -7.006628e-007
 9.550000e+001 -9.542202e-006 -7.064111e-007
 9.575000e+001 -9.173686e-006 -5.971690e-007
 9.600000e+001 -9.152280e-006 -6.126558e-007
 9.625000e+001 -8.863197e-006 -5.041964e-007
 9.650000e+001 -8.699917e-006 -5.133920e-007
 9.675000e+001 -8.330099e-006 -5.154732e-007
 9.700000e+001 -8.080072e-006 -4.789712e-007
 9.725000e+001 -8.093480e-006 -5.012917e-007
 9.750000e+001 -7.993854e-006 -4.995974e-007
 9.775000e+001 -7.750492e-006 -4.519079e-007
 9.800000e+001 -7.382341e-006 -3.948185e-007
 9.825000e+001 -7.152505e-006 -5.055119e-007
 9.850000e+001 -7.030983e-006 -4.445949e-007
 9.875000e+001 -6.894066e-006 -4.566354e-007
 9.900000e+001 -6.877621e-006 -2.783273e-007
 9.925000e+001 -6.527586e-006 -2.690947e-007
 9.950000e+001 -6.414246e-006 -2.813284e-007
 9.975000e+001 -6.550043e-006 -2.699813e-007
 1.000000e+002 -6.210467e-006 -2.116627e-007
 1.002500e+002 -6.045620e-006 -3.026536e-007
 1.005000e+002 -5.950309e-006 -3.688778e-007
 1.007500e+002 -5.943114e-006 -5.461163e-008
 1.010000e+002 -5.590050e-006  6.377853e-008
 1.012500e+002 -5.477660e-006 -1.666000e-007
 1.015000e+002 -5.385176e-006  1.991258e-009
 1.017500e+002 -5.097506e-006  2.849958e-007
 1.020000e+002 -4.590646e-006  1.463118e-007
 1.022500e+002 -4.217506e-006 -7.592922e-007
 1.025000e+002 -4.976071e-006 -5.180408e-007
 1.027500e+002 -4.873409e-006 -4.787726e-007
 1.030000e+002 -4.648750e-006 -3.375659e-007
 1.032500e+002 -4.738950e-006 -3.204120e-007
 1.035000e+002 -4.559894e-006 -2.885481e-007
 1.037500e+002 -4.389759e-006 -1.549375e-007
 1.040000e+002 -4.464431e-006 -2.041248e-007
 1.042500e+002 -4.222630e-006 -3.226504e-007
 1.045000e+002 -4.210467e-006 -4.471503e-008
 1.047500e+002 -4.071749e-006 -1.137260e-007
 1.050000e+002 -4.147440e-006 -1.773103e-007
 1.052500e+002 -4.016169e-006 -8.856063e-008
 1.055000e+002 -3.773512e-006 -1.058839e-007
 1.057500e+002 -3.675442e-006 -9.952798e-008
 1.060000e+002 -3.514621e-006 -2.045470e-007
 1.062500e+002 -3.650621e-006 -1.434496e-007
 1.065000e+002 -3.405972e-006 -1.366493e-007
 1.067500e+002 -3.339639e-006  1.381666e-008
 1.070000e+002 -3.251239e-006  7.340855e-008
 1.072500e+002 -3.122075e-006 -4.270593e-008
 1.075000e+002 -3.144141e-006 -1.379491e-007
 1.077500e+002 -3.171874e-006 -2.327997e-008
 1.080000e+002 -3.147861e-006  1.072715e-008
 1.082500e+002 -2.926394e-006  1.415056e-007
 1.085000e+002 -2.984028e-006  5.110216e-008
 1.087500e+002 -2.778390e-006 -3.444225e-008
 1.090000e+002 -2.699009e-006 -1.646036e-008
 1.092500e+002 -2.626686e-006 -6.260183e-008
 1.095000e+002 -2.484115e-006  9.235411e-009
 1.097500e+002 -2.355623e-006 -1.012817e-007
 1.100000e+002 -2.308094e-006  5.110672e-009
 1.102500e+002 -2.137233e-006 -1.194324e-007
 1.105000e+002 -2.146827e-006 -2.311915e-007
 1.107500e+002 -1.965715e-006 -2.885232e-007
 1.110000e+002 -1.780005e-006 -3.163157e-007
 1.112500e+002 -1.634786e-006 -4.071772e-007
 1.115000e+002 -1.572746e-006 -5.411321e-007
 1.117500e+002 -1.509442e-006 -7.678860e-007
 1.120000e+002 -1.362905e-006 -1.152904e-006
 1.122500e+002 -1.223693e-006 -1.431235e-006
 1.125000e+002 -1.366803e-006 -1.782796e-006
 1.127500e+002 -1.504759e-006 -2.468088e-006
 1.130000e+002 -2.266503e-006 -3.045747e-006
 1.132500e+002 -2.927908e-006 -3.127394e-006
 1.135000e+002 -4.183376e-006 -3.409150e-006
 1.137500e+002 -4.506121e-006 -2.321540e-006
 1.140000e+002 -4.681253e-006 -1.572490e-006
 1.142500e+002 -4.811551e-006 -8.512858e-007
 1.145000e+002 -4.591496e-006 -2.387904e-007
 1.147500e+002 -4.375776e-006 -1.048056e-007
 1.150000e+002 -4.229673e-006  1.176729e-007
 1.152500e+002 -4.052924e-006  3.150168e-007
 1.155000e+002 -3.910808e-006  3.386378e-007
 1.157500e+002 -3.660871e-006  5.903571e-007
 1.160000e+002 -3.546719e-006  5.962949e-007
 1.162500e+002 -3.255567e-006  5.887755e-007
 1.165000e+002 -3.234739e-006  7.670822e-007
 1.167500e+002 -3.248144e-006  6.238453e-007
 1.170000e+002 -3.160797e-006  7.614093e-007
 1.172500e+002 -3.195872e-006  7.544838e-007
 1.175000e+002 -2.904074e-006  8.317149e-007
 1.177500e+002 -2.898926e-006  7.792905e-007
 1.180000e+002 -2.881070e-006  8.534779e-007
 1.182500e+002 -2.927499e-006  9.427730e-007
 1.185000e+002 -2.745315e-006  8.256754e-007
 1.187500e+002 -2.749573e-006  9.394408e-007
 1.190000e+002 -2.688456e-006  8.393838e-007
 1.192500e+002 -2.617324e-006  8.882392e-007
 1.195000e+002 -2.639392e-006  8.982131e-007
 1.197500e+002 -2.581895e-006  9.906463e-007
 1.200000e+002 -2.589952e-006  1.038210e-006
 1.202500e+002 -2.654395e-006  9.682679e-007
 1.205000e+002 -2.466728e-006  8.627002e-007
 1.207500e+002 -2.421972e-006  9.416238e-007
 1.210000e+002 -2.449310e-006  9.904775e-007
 1.212500e+002 -2.298772e-006  1.136981e-006
 1.215000e+002 -2.537144e-006  1.069354e-006
 1.217500e+002 -2.186367e-006  1.067366e-006
 1.220000e+002 -2.375136e-006  1.120799e-006
 1.222500e+002 -2.298584e-006  1.039587e-006
 1.225000e+002 -2.412730e-006  1.046788e-006
 1.227500e+002 -2.279220e-006  1.133680e-006
 1.230000e+002 -2.363424e-006  1.141335e-006
 1.232500e+002 -2.265652e-006  1.311065e-006
 1.235000e+002 -2.242735e-006  1.241700e-006
 1.237500e+002 -2.279115e-006  1.135397e-006
 1.240000e+002 -2.253131e-006  1.145269e-006
 1.242500e+002 -2.186434e-006  1.109189e-006
 1.245000e+002 -2.165083e-006  1.203456e-006
 1.247500e+002 -2.219587e-006  1.087250e-006
 1.250000e+002 -2.073374e-006  1.226858e-006
 1.252500e+002 -2.116396e-006  1.244645e-006
 1.255000e+002 -2.033228e-006  1.191206e-006
 1.257500e+002 -2.113422e-006  1.125964e-006
 1.260000e+002 -2.050834e-006  1.088935e-006
 1.262500e+002 -2.087808e-006  1.178234e-006
 1.265000e+002 -2.003973e-006  1.292541e-006
 1.267500e+002 -1.967026e-006  1.239325e-006
 1.270000e+002 -2.053143e-006  1.301529e-006
 1.272500e+002 -2.181608e-006  1.279086e-006
 1.275000e+002 -2.076370e-006  1.293854e-006
 1.277500e+002 -1.983316e-006  1.390916e-006
 1.280000e+002 -1.889914e-006  1.258162e-006
 1.282500e+002 -2.042120e-006  1.143350e-006
 1.285000e+002 -2.061696e-006  1.190318e-006
 1.287500e+002 -2.045438e-006  1.183227e-006
 1.290000e+002 -2.074918e-006  1.064390e-006
 1.292500e+002 -2.065962e-006  1.228361e-006
 1.295000e+002 -2.029562e-006  1.369316e-006
 1.297500e+002 -2.012092e-006  1.234784e-006
 1.300000e+002 -2.095038e-006  1.261014e-006
 1.302500e+002 -1.963976e-006  1.110851e-006
 1.305000e+002 -1.950611e-006  1.246754e-006
 1.307500e+002 -2.040819e-006  1.274730e-006
 1.310000e+002 -1.832026e-006  1.229285e-006
 1.312500e+002 -1.854041e-006  1.266818e-006
 1.315000e+002 -2.025864e-006  1.198051e-006
 1.317500e+002 -2.000362e-006  1.178982e-006
 1.320000e+002 -1.955692e-006  1.209160e-006
 1.322500e+002 -2.022985e-006  1.236290e-006
 1.325000e+002 -2.015234e-006  1.263378e-006
 1.327500e+002 -1.968848e-006  1.254833e-006
 1.330000e+002 -1.942265e-006  1.275069e-006
 1.332500e+002 -1.940467e-006  1.261076e-006
 1.335000e+002 -1.987689e-006  1.149408e-006
 1.337500e+002 -1.870772e-006  1.290488e-006
 1.340000e+002 -1.978847e-006  1.234074e-006
 1.342500e+002 -2.047014e-006  1.230626e-006
 1.345000e+002 -2.028430e-006  1.280041e-006
 1.347500e+002 -1.907293e-006  1.369784e-006
 1.350000e+002 -1.973056e-006  1.172240e-006
 1.352500e+002 -1.996485e-006  1.278146e-006
 1.355000e+002 -2.097131e-006  1.249743e-006
 1.357500e+002 -1.995313e-006  1.053444e-006
 1.360000e+002 -1.984365e-006  1.198602e-006
 1.362500e+002 -1.924317e-006  1.251187e-006
 1.365000e+002 -2.050510e-006  1.255193e-006
 1.367500e+002 -2.053330e-006  1.233416e-006
 1.370000e+002 -1.984981e-006  1.156160e-006
 1.372500e+002 -1.995041e-006  1.303428e-006
 1.375000e+002 -2.163608e-006  1.257363e-006
 1.377500e+002 -2.110728e-006  1.257036e-006
 1.380000e+002 -1.996721e-006  1.192601e-006
 1.382500e+002 -2.189332e-006  1.228497e-006
 1.385000e+002 -1.997855e-006  1.204622e-006
 1.387500e+002 -2.024204e-006  1.006655e-006
 1.390000e+002 -2.057667e-006  1.122411e-006
 1.392500e+002 -2.146768e-006  1.261611e-006
 1.395000e+002 -2.026278e-006  1.283862e-006
 1.397500e+002 -2.058124e-006  1.189635e-006
 1.400000e+002 -2.183786e-006  1.169545e-006
 1.402500e+002 -2.176276e-006  1.075637e-006
 1.405000e+002 -1.916759e-006  1.204313e-006
 1.407500e+002 -2.004382e-006  1.180334e-006
 1.410000e+002 -2.008643e-006  1.209641e-006
 1.412500e+002 -2.110544e-006  1.112991e-006
 1.415000e+002 -2.072098e-006  1.093233e-006
 1.417500e+002 -2.134104e-006  9.353810e-007
 1.420000e+002 -2.262839e-006  1.034127e-006
 1.422500e+002 -1.990225e-006  9.785210e-007
 1.425000e+002 -2.149545e-006  1.145265e-006
 1.427500e+002 -1.986180e-006  9.952220e-007
 1.430000e+002 -2.073181e-006  9.616932e-007
 1.432500e+002 -2.094239e-006  9.893989e-007
 1.435000e+002 -2.143320e-006  1.040019e-006
 1.437500e+002 -2.027706e-006  1.081326e-006
 1.440000e+002 -2.115415e-006  9.344818e-007
 1.442500e+002 -2.102295e-006  8.939467e-007
 1.445000e+002 -2.195494e-006  9.682521e-007
 1.447500e+002 -2.293656e-006  9.292512e-007
 1.450000e+002 -2.064646e-006  9.769043e-007
 1.452500e+002 -2.190678e-006  1.131778e-006
 1.455000e+002 -2.290614e-006  1.025726e-006
 1.457500e+002 -2.262674e-006  8.729412e-007
 1.460000e+002 -2.219053e-006  9.010835e-007
 1.462500e+002 -2.130212e-006  9.087491e-007
 1.465000e+002 -2.052101e-006  9.029867e-007
 1.467500e+002 -2.177150e-006  9.522304e-007
 1.470000e+002 -2.161960e-006  9.700488e-007
 1.472500e+002 -2.178221e-006  8.195221e-007
 1.475000e+002 -2.176735e-006  9.821091e-007
 1.477500e+002 -2.248006e-006  7.133397e-007
 1.480000e+002 -2.099211e-006  7.710997e-007
 1.482500e+002 -2.229887e-006  8.424497e-007
 1.485000e+002 -2.126316e-006  7.524422e-007
 1.487500e+002 -2.154426e-006  7.322331e-007
 1.490000e+002 -2.223581e-006  8.475294e-007
 1.492500e+002 -2.137832e-006  6.808335e-007
 1.495000e+002 -2.126942e-006  7.156163e-007
 1.497500e+002 -2.319966e-006  8.094687e-007
 1.500000e+002 -2.185225e-006  6.627337e-007
 1.502500e+002 -2.100208e-006  7.235654e-007
 1.505000e+002 -2.200512e-006  8.258136e-007
 1.507500e+002 -2.239368e-006  7.470090e-007
 1.510000e+002 -2.068528e-006  6.132176e-007
 1.512500e+002 -2.142333e-006  7.640731e-007
 1.515000e+002 -2.221985e-006  5.523993e-007
 1.517500e+002 -2.136418e-006  6.484093e-007
 1.520000e+002 -2.161107e-006  6.686737e-007
 1.522500e+002 -2.240978e-006  7.584243e-007
 1.525000e+002 -2.134231e-006  5.557307e-007
 1.527500e+002 -2.178662e-006  5.724702e-007
 1.530000e+002 -2.236705e-006  4.753684e-007
 1.532500e+002 -2.211229e-006  5.762834e-007
 1.535000e+002 -2.219101e-006  5.294779e-007
 1.537500e+002 -2.101972e-006  6.264932e-007
 1.540000e+002 -2.184440e-006  5.709927e-007
 1.542500e+002 -2.228388e-006  4.743600e-007
 1.545000e+002 -2.048322e-006  4.895371e-007
 1.547500e+002 -2.126521e-006  3.254020e-007
 1.550000e+002 -2.161488e-006  4.636575e-007
 1.552500e+002 -2.173331e-006  4.592341e-007
 1.555000e+002 -2.125490e-006  4.492094e-007
 1.557500e+002 -2.158114e-006  3.540516e-007
 1.560000e+002 -2.114189e-006  3.316410e-007
 1.562500e+002 -1.967175e-006  3.699635e-007
 1.565000e+002 -2.175059e-006  3.260127e-007
 1.567500e+002 -2.168677e-006  2.186265e-007
 1.570000e+002 -2.150576e-006  2.601501e-007
 1.572500e+002 -2.109904e-006  3.584462e-007
 1.575000e+002 -2.171277e-006  1.183090e-007
 1.577500e+002 -2.131497e-006  1.108075e-007
 1.580000e+002 -2.151323e-006  2.119119e-007
 1.582500e+002 -2.327718e-006 -7.466266e-008
 1.585000e+002 -2.442834e-006 -9.416772e-008
 1.587500e+002 -2.566645e-006  1.911361e-008
 1.590000e+002 -2.686298e-006  1.557258e-007
 1.592500e+002 -2.524580e-006  5.888215e-007
 1.595000e+002 -2.324478e-006  4.729911e-007
 1.597500e+002 -2.279567e-006  2.681992e-007
 1.600000e+002 -2.321470e-006  4.690698e-007
 1.602500e+002 -2.208357e-006  3.778497e-007
 1.605000e+002 -2.180111e-006  3.245872e-007
 1.607500e+002 -2.165421e-006  2.673688e-007
 1.610000e+002 -2.223095e-006  2.514190e-007
 1.612500e+002 -2.217962e-006  2.375122e-007
 1.615000e+002 -2.102727e-006  1.906444e-007
 1.617500e+002 -2.129567e-006  2.741999e-007
 1.620000e+002 -2.218029e-006  1.496659e-007
 1.622500e+002 -1.953661e-006  6.555842e-008
 1.625000e+002 -2.127042e-006  4.519759e-008
 1.627500e+002 -2.274264e-006 -5.485415e-008
 1.630000e+002 -2.060217e-006  1.268318e-007
 1.632500e+002 -1.973575e-006  3.945084e-008
 1.635000e+002 -2.070565e-006 -7.065959e-008
 1.637500e+002 -2.102300e-006  3.756520e-008
 1.640000e+002 -2.020175e-006  5.107963e-008
 1.642500e+002 -1.923593e-006  3.140949e-008
 1.645000e+002 -1.997364e-006 -1.694852e-008
 1.647500e+002 -1.948310e-006 -1.490386e-007
 1.650000e+002 -1.869417e-006 -1.098894e-007
 1.652500e+002 -1.904060e-006 -1.552116e-007
 1.655000e+002 -1.931911e-006 -3.877596e-008
 1.657500e+002 -2.050377e-006 -9.323703e-008
 1.660000e+002 -2.082179e-006 -9.418580e-009
 1.662500e+002 -1.856889e-006 -1.125526e-007
 1.665000e+002 -1.885440e-006 -1.303360e-007
 1.667500e+002 -1.924133e-006 -2.928702e-007
 1.670000e+002 -2.045031e-006 -2.503112e-007
 1.672500e+002 -1.960299e-006 -1.735314e-007
 1.675000e+002 -1.919997e-006 -1.651398e-007
 1.677500e+002 -1.900585e-006 -1.215570e-007
 1.680000e+002 -1.878544e-006 -1.827597e-007
 1.682500e+002 -1.904813e-006 -2.152937e-007
 1.685000e+002 -1.874918e-006 -3.352704e-007
 1.687500e+002 -2.000572e-006 -3.037686e-007
 1.690000e+002 -1.890101e-006 -3.131396e-007
 1.692500e+002 -1.658954e-006 -3.582369e-007
 1.695000e+002 -1.833749e-006 -3.053695e-007
 1.697500e+002 -1.837361e-006 -3.944456e-007
 1.700000e+002 -1.892866e-006 -3.001328e-007
 1.702500e+002 -1.715049e-006 -3.664729e-007
 1.705000e+002 -1.829532e-006 -3.680743e-007
 1.707500e+002 -1.889634e-006 -3.825096e-007
 1.710000e+002 -1.619009e-006 -4.303727e-007
 1.712500e+002 -1.769199e-006 -3.738595e-007
 1.715000e+002 -1.753696e-006 -5.026103e-007
 1.717500e+002 -1.668146e-006 -2.916802e-007
 1.720000e+002 -1.724421e-006 -4.791789e-007
 1.722500e+002 -1.709489e-006 -5.011597e-007
 1.725000e+002 -1.637273e-006 -5.284835e-007
 1.727500e+002 -1.774913e-006 -6.880905e-007
 1.730000e+002 -1.634925e-006 -5.386739e-007
 1.732500e+002 -1.600408e-006 -5.075864e-007
 1.735000e+002 -1.553693e-006 -7.352213e-007
 1.737500e+002 -1.662722e-006 -5.191028e-007
 1.740000e+002 -1.460515e-006 -5.556654e-007
 1.742500e+002 -1.551603e-006 -6.244808e-007
 1.745000e+002 -1.535324e-006 -6.445661e-007
 1.747500e+002 -1.509508e-006 -5.982223e-007
 1.750000e+002 -1.573970e-006 -5.185199e-007
 1.752500e+002 -1.545314e-006 -6.588947e-007
 1.755000e+002 -1.471074e-006 -6.226206e-007
 1.757500e+002 -1.383427e-006 -5.949183e-007
 1.760000e+002 -1.357791e-006 -6.246117e-007
 1.762500e+002 -1.314093e-006 -5.994162e-007
 1.765000e+002 -1.354796e-006 -6.178681e-007
 1.767500e+002 -1.466879e-006 -7.049776e-007
 1.770000e+002 -1.417406e-006 -6.001931e-007
 1.772500e+002 -1.390866e-006 -6.480457e-007
 1.775000e+002 -1.415129e-006 -7.792741e-007
 1.777500e+002 -1.485060e-006 -6.868204e-007
 1.780000e+002 -1.368950e-006 -6.349208e-007
 1.782500e+002 -1.291745e-006 -7.019255e-007
 1.785000e+002 -1.467852e-006 -6.733665e-007
 1.787500e+002 -1.287034e-006 -7.773844e-007
 1.790000e+002 -1.303238e-006 -7.587339e-007
 1.792500e+002 -1.210956e-006 -7.255891e-007
 1.795000e+002 -1.195461e-006 -6.999589e-007
 1.797500e+002 -1.226120e-006 -6.591786e-007
 1.800000e+002 -1.216440e-006 -6.906768e-007
 1.802500e+002 -1.236039e-006 -6.572083e-007
 1.805000e+002 -1.207618e-006 -7.305746e-007
 1.807500e+002 -1.094103e-006 -6.880774e-007
 1.810000e+002 -1.192951e-006 -7.429187e-007
 1.812500e+002 -1.068599e-006 -7.514941e-007
 1.815000e+002 -1.187554e-006 -7.811180e-007
 1.817500e+002 -1.030806e-006 -6.671432e-007
 1.820000e+002 -1.091611e-006 -7.976710e-007
 1.822500e+002 -1.059996e-006 -7.900299e-007
 1.825000e+002 -8.638033e-007 -8.099928e-007
 1.827500e+002 -8.220592e-007 -8.057616e-007
 1.830000e+002 -8.824009e-007 -8.052566e-007
 1.832500e+002 -9.456464e-007 -7.418049e-007
 1.835000e+002 -1.027295e-006 -8.177922e-007
 1.837500e+002 -9.280826e-007 -8.606158e-007
 1.840000e+002 -7.480658e-007 -8.086701e-007
 1.842500e+002 -7.847413e-007 -8.744553e-007
 1.845000e+002 -8.839441e-007 -8.266468e-007
 1.847500e+002 -7.380869e-007 -7.886834e-007
 1.850000e+002 -8.433575e-007 -8.662650e-007
 1.852500e+002 -7.998069e-007 -9.643693e-007
 1.855000e+002 -7.977409e-007 -8.286382e-007
 1.857500e+002 -5.986096e-007 -9.242446e-007
 1.860000e+002 -8.097317e-007 -7.026077e-007
 1.862500e+002 -8.054097e-007 -8.230431e-007
 1.865000e+002 -8.042457e-007 -8.198359e-007
 1.867500e+002 -5.913512e-007 -8.142865e-007
 1.870000e+002 -6.658403e-007 -8.309492e-007
 1.872500e+002 -6.546718e-007 -8.544958e-007
 1.875000e+002 -5.991939e-007 -6.790552e-007
 1.877500e+002 -6.351118e-007 -9.400360e-007
 1.880000e+002 -6.140212e-007 -8.956992e-007
 1.882500e+002 -5.382174e-007 -7.905026e-007
 1.885000e+002 -5.763512e-007 -8.360379e-007
 1.887500e+002 -4.516514e-007 -8.341752e-007
 1.890000e+002 -5.540918e-007 -8.197368e-007
 1.892500e+002 -4.946075e-007 -8.144480e-007
 1.895000e+002 -4.609120e-007 -7.058741e-007
 1.897500e+002 -5.393941e-007 -7.691259e-007
 1.900000e+002 -4.194772e-007 -7.137348e-007
 1.902500e+002 -4.702276e-007 -7.135929e-007
 1.905000e+002 -5.503150e-007 -8.423569e-007
 1.907500e+002 -3.745416e-007 -7.396891e-007
 1.910000e+002 -5.188294e-007 -8.496344e-007
 1.912500e+002 -4.508235e-007 -7.255968e-007
 1.915000e+002 -3.574072e-007 -7.201523e-007
 1.917500e+002 -3.038562e-007 -7.339201e-007
 1.920000e+002 -3.570200e-007 -7.698391e-007
 1.922500e+002 -4.300706e-007 -6.885295e-007
 1.925000e+002 -3.548557e-007 -7.569789e-007
 1.927500e+002 -1.619253e-007 -6.846629e-007
 1.930000e+002 -2.426482e-007 -5.919261e-007
 1.932500e+002 -2.816585e-007 -6.732334e-007
 1.935000e+002 -3.435008e-007 -8.071795e-007
 1.937500e+002 -2.285689e-007 -5.937048e-007
 1.940000e+002 -3.158182e-007 -6.452739e-007
 1.942500e+002 -9.076216e-008 -4.816209e-007
 1.945000e+002 -1.461435e-007 -5.019288e-007
 1.947500e+002 -2.202266e-007 -6.478261e-007
 1.950000e+002 -1.254448e-007 -6.330775e-007
 1.952500e+002 -2.147977e-007 -6.299383e-007
 1.955000e+002 -2.309203e-007 -6.533028e-007
 1.957500e+002 -1.038507e-007 -5.304499e-007
 1.960000e+002 -6.894269e-009 -6.242390e-007
 1.962500e+002 -1.945391e-007 -4.162155e-007
 1.965000e+002 -4.098675e-008 -6.681489e-007
 1.967500e+002 -9.088553e-008 -3.735560e-007
 1.970000e+002 -8.021441e-008 -4.446066e-007
 1.972500e+002 -6.399316e-008 -5.975061e-007
 1.975000e+002 -1.520484e-007 -5.427942e-007
 1.977500e+002  2.356424e-008 -5.476351e-007
 1.980000e+002  4.879401e-008 -5.363748e-007
 1.982500e+002 -9.035101e-008 -4.184725e-007
 1.985000e+002  1.187888e-007 -5.079044e-007
 1.987500e+002  3.639397e-008 -4.109416e-007
 1.990000e+002  1.157102e-007 -5.481690e-007
 1.992500e+002  5.323651e-008 -4.819685e-007
 1.995000e+002  6.535492e-008 -4.351062e-007
 1.997500e+002  1.106563e-007 -3.452989e-007
 2.000000e+002  3.299759e-008 -2.546882e-007
 2.002500e+002  2.723295e-007 -5.138113e-007
 2.005000e+002  1.083400e-007 -4.636091e-007
 2.007500e+002  1.609220e-007 -4.228300e-007
 2.010000e+002  1.397767e-007 -4.268025e-007
 2.012500e+002  2.639784e-007 -1.096769e-007
 2.015000e+002  2.449005e-007 -3.405540e-007
 2.017500e+002  2.247394e-007 -3.226651e-007
 2.020000e+002  6.801931e-008 -2.628708e-007
 2.022500e+002  1.702107e-007 -1.667462e-007
 2.025000e+002  4.755219e-008 -2.162181e-007
 2.027500e+002  2.858909e-007 -2.506464e-007
 2.030000e+002  1.498867e-007 -2.619085e-007
 2.032500e+002  1.341806e-007 -2.887192e-007
 2.035000e+002  1.296735e-007 -3.004150e-007
 2.037500e+002  1.694524e-007 -2.182069e-007
 2.040000e+002  2.337488e-007 -1.859092e-007
 2.042500e+002  7.951951e-008  1.405575e-008
 2.045000e+002  1.774631e-007 -1.005150e-007
 2.047500e+002  9.130308e-008 -6.993941e-008
 2.050000e+002  3.043294e-007  6.030150e-008
 2.052500e+002  2.574097e-007 -7.808893e-009
 2.055000e+002  2.903398e-007 -8.050984e-008
 2.057500e+002  2.510680e-007 -6.147078e-008
 2.060000e+002  5.797567e-007 -1.696387e-007
 2.062500e+002  2.867592e-007  1.620695e-007
 2.065000e+002  2.630435e-007 -3.996846e-008
 2.067500e+002  3.397663e-007  1.134891e-007
 2.070000e+002  4.413043e-007  1.120159e-007
 2.072500e+002  1.598676e-007  6.467696e-008
 2.075000e+002  3.649643e-007 -1.351947e-007
 2.077500e+002  2.120286e-007 -1.767418e-008
 2.080000e+002  1.776985e-007  7.011063e-008
 2.082500e+002  2.601072e-007  1.702334e-007
 2.085000e+002  3.472071e-007  1.764611e-007
 2.087500e+002  3.331154e-007  9.935937e-008
 2.090000e+002  3.689067e-007  1.801545e-008
 2.092500e+002  2.902195e-007  1.968821e-007
 2.095000e+002  3.562097e-007  3.036007e-007
 2.097500e+002  3.290571e-007  2.637340e-007
 2.100000e+002  2.625947e-007  1.726489e-007
 2.102500e+002  2.313433e-007  1.582184e-007
 2.105000e+002  2.655537e-007  2.164478e-007
 2.107500e+002  3.045743e-007  4.000551e-007
 2.110000e+002  3.737456e-007  1.772738e-007
 2.112500e+002  3.537139e-007  3.071372e-007
 2.115000e+002  3.714555e-007  3.228087e-007
 2.117500e+002  2.390419e-007  3.292299e-007
 2.120000e+002  3.357249e-007  2.988107e-007
 2.122500e+002  2.673201e-007  3.950167e-007
 2.125000e+002  3.733950e-007  3.777568e-007
 2.127500e+002  2.288333e-007  2.361903e-007
 2.130000e+002  3.150119e-007  2.514133e-007
 2.132500e+002  2.483737e-007  3.140644e-007
 2.135000e+002  1.431481e-007  3.774002e-007
 2.137500e+002  3.397880e-007  4.674782e-007
 2.140000e+002  3.294229e-007  4.317909e-007
 2.142500e+002  1.322064e-007  4.825494e-007
 2.145000e+002  2.352649e-007  5.027967e-007
 2.147500e+002  1.826263e-007  5.242758e-007
 2.150000e+002  2.485192e-007  6.253742e-007
 2.152500e+002  1.278589e-007  3.961305e-007
 2.155000e+002  1.195668e-007  4.785530e-007
 2.157500e+002  9.266648e-008  6.576898e-007
 2.160000e+002  7.668914e-008  7.029455e-007
 2.162500e+002  1.666813e-007  4.884899e-007
 2.165000e+002  1.198123e-007  6.516328e-007
 2.167500e+002  2.665235e-007  6.953961e-007
 2.170000e+002  3.147799e-008  5.452132e-007
 2.172500e+002  1.481748e-007  6.342729e-007
 2.175000e+002  1.136893e-007  5.798945e-007
 2.177500e+002  1.078770e-007  5.704294e-007
 2.180000e+002  1.984293e-007  8.186610e-007
 2.182500e+002  9.928403e-008  7.343125e-007
 2.185000e+002  1.186650e-007  6.256242e-007
 2.187500e+002  6.373223e-008  6.234457e-007
 2.190000e+002 -2.337098e-008  7.441036e-007
 2.192500e+002 -7.308864e-009  6.578234e-007
 2.195000e+002  1.151140e-009  8.573577e-007
 2.197500e+002 -1.206582e-008  7.052429e-007
 2.200000e+002  5.356022e-008  6.898463e-007
 2.202500e+002  4.772809e-008  7.392263e-007
 2.205000e+002 -1.109174e-007  7.555637e-007
 2.207500e+002 -6.185113e-008  7.701467e-007
 2.210000e+002 -1.815573e-007  7.868992e-007
 2.212500e+002 -6.840446e-008  7.631093e-007
 2.215000e+002 -6.269892e-008  8.987292e-007
 2.217500e+002 -4.901549e-008  7.780016e-007
 2.220000e+002 -2.059864e-007  6.402354e-007
 2.222500e+002 -1.162276e-007  7.809992e-007
 2.225000e+002 -3.540339e-008  6.830047e-007
 2.227500e+002 -1.178719e-007  6.593908e-007
 2.230000e+002 -1.575803e-007  7.094049e-007
 2.232500e+002 -1.790393e-007  7.600560e-007
 2.235000e+002 -3.096473e-007  7.940567e-007
 2.237500e+002 -1.827100e-007  8.101399e-007
 2.240000e+002 -3.654288e-007  6.342359e-007
 2.242500e+002 -8.541943e-008  8.365679e-007
 2.245000e+002 -2.045020e-007  7.544175e-007
 2.247500e+002 -3.170752e-007  7.661360e-007
 2.250000e+002 -3.165495e-007  7.467890e-007
 2.252500e+002 -1.280112e-007  7.939084e-007
 2.255000e+002 -3.278302e-007  8.068708e-007
 2.257500e+002 -2.310222e-007  6.028942e-007
 2.260000e+002 -3.171529e-007  6.362003e-007
 2.262500e+002 -1.987554e-007  7.953284e-007
 2.265000e+002 -2.030658e-007  7.232961e-007
 2.267500e+002 -4.003450e-007  5.717572e-007
 2.270000e+002 -5.692563e-007  6.834277e-007
 2.272500e+002 -4.796840e-007  6.856261e-007
 2.275000e+002 -3.662953e-007  7.957178e-007
 2.277500e+002 -1.736018e-007  6.162199e-007
 2.280000e+002 -3.021974e-007  6.694700e-007
 2.282500e+002 -2.429445e-007  5.639427e-007
 2.285000e+002 -5.185936e-007  4.965628e-007
 2.287500e+002 -4.465113e-007  4.250611e-007
 2.290000e+002 -4.734238e-007  5.285477e-007
 2.292500e+002 -3.839900e-007  5.603087e-007
 2.295000e+002 -4.509103e-007  5.638990e-007
 2.297500e+002 -5.124572e-007  4.627135e-007
 2.300000e+002 -3.528326e-007  4.232725e-007
 2.302500e+002 -4.999636e-007  4.498629e-007
 2.305000e+002 -3.531071e-007  3.806113e-007
 2.307500e+002 -3.214040e-007  3.418366e-007
 2.310000e+002 -4.946564e-007  3.597675e-007
 2.312500e+002 -4.615426e-007  2.280530e-007
 2.315000e+002 -3.470256e-007  2.554959e-007
 2.317500e+002 -3.901743e-007  1.200424e-007
 2.320000e+002 -3.085415e-007  2.550567e-007
 2.322500e+002 -3.128364e-007  2.457123e-007
 2.325000e+002 -3.868720e-007  6.794682e-008
 2.327500e+002 -4.914369e-007 -1.461196e-008
 2.330000e+002 -2.992373e-007  1.308191e-007
 2.332500e+002 -2.855713e-007 -1.013377e-007
 2.335000e+002 -3.078858e-007 -2.051922e-007
 2.337500e+002 -2.604727e-007 -2.024812e-007
 2.340000e+002 -2.801164e-007 -1.639621e-007
 2.342500e+002 -3.596636e-007 -2.560055e-007
 2.345000e+002 -3.838365e-007 -4.046202e-007
 2.347500e+002 -1.543258e-007 -2.766856e-007
 2.350000e+002 -1.845668e-007 -4.289398e-007
 2.352500e+002 -3.590191e-007 -6.037523e-007
 2.355000e+002 -4.048852e-007 -5.546079e-007
 2.357500e+002 -9.064537e-008 -3.577364e-007
 2.360000e+002 -2.911415e-007 -6.548295e-007
 2.362500e+002 -4.399813e-008 -6.392217e-007
 2.365000e+002  1.097139e-007 -6.841232e-007
 2.367500e+002  2.799393e-008 -8.809323e-007
 2.370000e+002 -7.023146e-009 -9.268255e-007
 2.372500e+002  2.151829e-007 -1.000944e-006
 2.375000e+002  2.631866e-007 -1.079172e-006
 2.377500e+002  5.071468e-007 -1.196355e-006
 2.380000e+002  5.840325e-007 -1.247337e-006
 2.382500e+002  8.517818e-007 -1.539429e-006
 2.385000e+002  7.158106e-007 -1.956077e-006
 2.387500e+002  7.903244e-007 -2.224400e-006
 2.390000e+002  6.308458e-007 -2.454084e-006
 2.392500e+002  6.038822e-007 -2.437280e-006
 2.395000e+002  7.974766e-007 -2.438752e-006
 2.397500e+002  8.380568e-007 -2.659830e-006
 2.400000e+002  9.743501e-007 -3.034154e-006
 2.402500e+002  8.157977e-007 -3.350772e-006
 2.405000e+002  9.980102e-007 -3.633050e-006
 2.407500e+002  1.127987e-006 -4.107112e-006
 2.410000e+002  1.112167e-006 -4.407699e-006
 2.412500e+002  9.424337e-007 -4.964021e-006
 2.415000e+002  9.745005e-007 -5.440356e-006
 2.417500e+002  9.512331e-007 -5.880897e-006
 2.420000e+002  5.949632e-007 -6.309645e-006
 2.422500e+002  5.995083e-008 -7.016085e-006
 2.425000e+002 -4.407947e-007 -7.492500e-006
 2.427500e+002 -1.036111e-006 -8.035456e-006
 2.430000e+002 -1.850519e-006 -8.519886e-006
 2.432500e+002 -2.757371e-006 -8.783841e-006
 2.435000e+002 -4.120931e-006 -8.848468e-006
 2.437500e+002 -5.098297e-006 -8.169826e-006
 2.440000e+002 -5.828906e-006 -7.573168e-006
 2.442500e+002 -6.340817e-006 -6.421020e-006
 2.445000e+002 -6.649693e-006 -5.695408e-006
 2.447500e+002 -6.736919e-006 -5.044301e-006
 2.450000e+002 -6.423657e-006 -4.355061e-006
 2.452500e+002 -6.340159e-006 -3.881489e-006
 2.455000e+002 -6.113597e-006 -3.385297e-006
 2.457500e+002 -5.703725e-006 -3.041767e-006
 2.460000e+002 -5.558787e-006 -2.730460e-006
 2.462500e+002 -5.348607e-006 -2.696083e-006
 2.465000e+002 -5.312950e-006 -2.484186e-006
 2.467500e+002 -4.927483e-006 -2.573590e-006
 2.470000e+002 -4.718516e-006 -2.442223e-006
 2.472500e+002 -4.484061e-006 -2.190970e-006
 2.475000e+002 -4.463224e-006 -2.289485e-006
 2.477500e+002 -4.171391e-006 -2.176562e-006
 2.480000e+002 -4.130793e-006 -2.507271e-006
 2.482500e+002 -4.100146e-006 -2.110253e-006
 2.485000e+002 -4.148995e-006 -2.091426e-006
 2.487500e+002 -3.967681e-006 -1.767886e-006
 2.490000e+002 -3.851647e-006 -1.808090e-006
 2.492500e+002 -3.525627e-006 -1.833462e-006
 2.495000e+002 -3.526818e-006 -1.637967e-006
 2.497500e+002 -3.376577e-006 -1.583125e-006
 2.500000e+002 -3.394052e-006 -1.277325e-006
 2.502500e+002 -3.301705e-006 -1.394829e-006
 2.505000e+002 -3.167880e-006 -1.497418e-006
 2.507500e+002 -3.046992e-006 -1.319738e-006
 2.510000e+002 -2.822563e-006 -1.143253e-006
 2.512500e+002 -2.926252e-006 -1.327653e-006
 2.515000e+002 -2.568782e-006 -9.671679e-007
 2.517500e+002 -2.621761e-006 -9.979542e-007
 2.520000e+002 -2.562463e-006 -1.066396e-006
 2.522500e+002 -2.409943e-006 -8.891115e-007
 2.525000e+002 -2.460390e-006 -9.607724e-007
 2.527500e+002 -2.396544e-006 -7.736896e-007
 2.530000e+002 -2.245399e-006 -7.136601e-007
 2.532500e+002 -2.282353e-006 -5.791831e-007
 2.535000e+002 -2.131877e-006 -7.369204e-007
 2.537500e+002 -2.174102e-006 -7.684742e-007
 2.540000e+002 -2.130383e-006 -7.046800e-007
 2.542500e+002 -1.904446e-006 -5.373085e-007
 2.545000e+002 -1.768539e-006 -3.562969e-007
 2.547500e+002 -1.992745e-006 -4.835209e-007
 2.550000e+002 -1.885474e-006 -4.162023e-007
 2.552500e+002 -1.953686e-006 -1.239929e-007
 2.555000e+002 -1.954711e-006 -7.190391e-008
 2.557500e+002 -1.918867e-006 -7.343678e-009
 2.560000e+002 -1.790505e-006 -1.184893e-009
