 0.000000e+000  8.982069e-001  0.000000e+000
 2.500000e-001  2.859834e-001  0.000000e+000
 5.000000e-001  3.658691e-001  0.000000e+000
 7.500000e-001  1.574533e-001  0.000000e+000
 1.000000e+000  1.959535e-001  0.000000e+000
 1.250000e+000  6.681805e-001  0.000000e+000
 1.500000e+000  6.531106e-001  0.000000e+000
 1.750000e+000  6.940476e-001  0.000000e+000
 2.000000e+000  7.210318e-001  0.000000e+000
 2.250000e+000  7.837661e-001  0.000000e+000
 2.500000e+000  7.294105e-001  0.000000e+000
 2.750000e+000  5.977143e-001  0.000000e+000
 3.000000e+000  8.397270e-001  0.000000e+000
 3.250000e+000  6.625502e-001  0.000000e+000
 3.500000e+000  7.104261e-001  0.000000e+000
 3.750000e+000  4.404591e-001  0.000000e+000
 4.000000e+000  2.496621e-001  0.000000e+000
 4.250000e+000  2.880423e-001  0.000000e+000
 4.500000e+000  4.724663e-001  0.000000e+000
 4.750000e+000  7.496920e-001  0.000000e+000
 5.000000e+000  7.635507e-001  0.000000e+000
 5.250000e+000  7.753627e-001  0.000000e+000
 5.500000e+000  8.318080e-001  0.000000e+000
 5.750000e+000  8.553650e-001  0.000000e+000
 6.000000e+000  8.170809e-001  0.000000e+000
 6.250000e+000  9.037119e-001  0.000000e+000
 6.500000e+000  9.221709e-001  0.000000e+000
 6.750000e+000  9.411560e-001  0.000000e+000
 7.000000e+000  9.426202e-001  0.000000e+000
 7.250000e+000  9.361330e-001  0.000000e+000
 7.500000e+000  9.400959e-001  0.000000e+000
 7.750000e+000  9.541633e-001  0.000000e+000
 8.000000e+000  9.741744e-001  0.000000e+000
 8.250000e+000  9.663072e-001  0.000000e+000
 8.500000e+000  9.558113e-001  0.000000e+000
 8.750000e+000  9.717968e-001  0.000000e+000
 9.000000e+000  9.774911e-001  0.000000e+000
 9.250000e+000  9.823966e-001  0.000000e+000
 9.500000e+000  9.732031e-001  0.000000e+000
 9.750000e+000  9.746203e-001  0.000000e+000
 1.000000e+001  9.757842e-001  0.000000e+000
 1.025000e+001  9.849678e-001  0.000000e+000
 1.050000e+001  9.837727e-001  0.000000e+000
 1.075000e+001  9.845236e-001  0.000000e+000
 1.100000e+001  9.832943e-001  0.000000e+000
 1.125000e+001  9.801707e-001  0.000000e+000
 1.150000e+001  9.901481e-001  0.000000e+000
 1.175000e+001  9.858409e-001  0.000000e+000
 1.200000e+001  9.885997e-001  0.000000e+000
 1.225000e+001  9.828359e-001  0.000000e+000
 1.250000e+001  9.872303e-001  0.000000e+000
 1.275000e+001  9.895039e-001  0.000000e+000
 1.300000e+001  9.885641e-001  0.000000e+000
 1.325000e+001  9.922874e-001  0.000000e+000
 1.350000e+001  9.860722e-001  0.000000e+000
 1.375000e+001  9.918334e-001  0.000000e+000
 1.400000e+001  9.889454e-001  0.000000e+000
 1.425000e+001  9.918512e-001  0.000000e+000
 1.450000e+001  9.918787e-001  0.000000e+000
 1.475000e+001  9.912325e-001  0.000000e+000
 1.500000e+001  9.940363e-001  0.000000e+000
 1.525000e+001  9.924933e-001  0.000000e+000
 1.550000e+001  9.912536e-001  0.000000e+000
 1.575000e+001  9.895955e-001  0.000000e+000
 1.600000e+001  9.862187e-001  0.000000e+000
 1.625000e+001  9.901709e-001  0.000000e+000
 1.650000e+001  9.907303e-001  0.000000e+000
 1.675000e+001  9.863157e-001  0.000000e+000
 1.700000e+001  9.922045e-001  0.000000e+000
 1.725000e+001  9.922063e-001  0.000000e+000
 1.750000e+001  9.897830e-001  0.000000e+000
 1.775000e+001  9.906074e-001  0.000000e+000
 1.800000e+001  9.908555e-001  0.000000e+000
 1.825000e+001  9.878383e-001  0.000000e+000
 1.850000e+001  9.907790e-001  0.000000e+000
 1.875000e+001  9.895749e-001  0.000000e+000
 1.900000e+001  9.919180e-001  0.000000e+000
 1.925000e+001  9.920037e-001  0.000000e+000
 1.950000e+001  9.920067e-001  0.000000e+000
 1.975000e+001  9.894624e-001  0.000000e+000
 2.000000e+001  9.899189e-001  0.000000e+000
 2.025000e+001  9.908649e-001  0.000000e+000
 2.050000e+001  9.880487e-001  0.000000e+000
 2.075000e+001  9.917473e-001  0.000000e+000
 2.100000e+001  9.860953e-001  0.000000e+000
 2.125000e+001  9.898737e-001  0.000000e+000
 2.150000e+001  9.878316e-001  0.000000e+000
 2.175000e+001  9.848796e-001  0.000000e+000
 2.200000e+001  9.887819e-001  0.000000e+000
 2.225000e+001  9.884412e-001  0.000000e+000
 2.250000e+001  9.874705e-001  0.000000e+000
 2.275000e+001  9.875204e-001  0.000000e+000
 2.300000e+001  9.856859e-001  0.000000e+000
 2.325000e+001  9.853190e-001  0.000000e+000
 2.350000e+001  9.876073e-001  0.000000e+000
 2.375000e+001  9.857150e-001  0.000000e+000
 2.400000e+001  9.887135e-001  0.000000e+000
 2.425000e+001  9.843168e-001  0.000000e+000
 2.450000e+001  9.899156e-001  0.000000e+000
 2.475000e+001  9.852561e-001  0.000000e+000
 2.500000e+001  9.839852e-001  0.000000e+000
 2.525000e+001  9.846576e-001  0.000000e+000
 2.550000e+001  9.832982e-001  0.000000e+000
 2.575000e+001  9.837412e-001  0.000000e+000
 2.600000e+001  9.863709e-001  0.000000e+000
 2.625000e+001  9.797959e-001  0.000000e+000
 2.650000e+001  9.821022e-001  0.000000e+000
 2.675000e+001  9.830586e-001  0.000000e+000
 2.700000e+001  9.802749e-001  0.000000e+000
 2.725000e+001  9.814861e-001  0.000000e+000
 2.750000e+001  9.790262e-001  0.000000e+000
 2.775000e+001  9.802945e-001  0.000000e+000
 2.800000e+001  9.817806e-001  0.000000e+000
 2.825000e+001  9.783201e-001  0.000000e+000
 2.850000e+001  9.761086e-001  0.000000e+000
 2.875000e+001  9.804419e-001  0.000000e+000
 2.900000e+001  9.784051e-001  0.000000e+000
 2.925000e+001  9.723608e-001  0.000000e+000
 2.950000e+001  9.748222e-001  0.000000e+000
 2.975000e+001  9.758003e-001  0.000000e+000
 3.000000e+001  9.711884e-001  0.000000e+000
 3.025000e+001  9.694971e-001  0.000000e+000
 3.050000e+001  9.687271e-001  0.000000e+000
 3.075000e+001  9.712465e-001  0.000000e+000
 3.100000e+001  9.719445e-001  0.000000e+000
 3.125000e+001  9.702196e-001  0.000000e+000
 3.150000e+001  9.660439e-001  0.000000e+000
 3.175000e+001  9.612920e-001  0.000000e+000
 3.200000e+001  9.677750e-001  0.000000e+000
 3.225000e+001  9.593379e-001  0.000000e+000
 3.250000e+001  9.577795e-001  0.000000e+000
 3.275000e+001  9.599830e-001  0.000000e+000
 3.300000e+001  9.573655e-001  0.000000e+000
 3.325000e+001  9.551573e-001  0.000000e+000
 3.350000e+001  9.530093e-001  0.000000e+000
 3.375000e+001  9.515663e-001  0.000000e+000
 3.400000e+001  9.388053e-001  0.000000e+000
 3.425000e+001  9.407378e-001  0.000000e+000
 3.450000e+001  9.504237e-001  0.000000e+000
 3.475000e+001  9.417707e-001  0.000000e+000
 3.500000e+001  9.377313e-001  0.000000e+000
 3.525000e+001  9.321051e-001  0.000000e+000
 3.550000e+001  9.247288e-001  0.000000e+000
 3.575000e+001  9.240482e-001  0.000000e+000
 3.600000e+001  9.186245e-001  0.000000e+000
 3.625000e+001  9.256473e-001  0.000000e+000
 3.650000e+001  9.154932e-001  0.000000e+000
 3.675000e+001  8.953989e-001  0.000000e+000
 3.700000e+001  9.087991e-001  0.000000e+000
 3.725000e+001  8.853193e-001  0.000000e+000
 3.750000e+001  8.980951e-001  0.000000e+000
 3.775000e+001  8.731661e-001  0.000000e+000
 3.800000e+001  8.712885e-001  0.000000e+000
 3.825000e+001  8.638369e-001  0.000000e+000
 3.850000e+001  8.623372e-001  0.000000e+000
 3.875000e+001  8.363715e-001  0.000000e+000
 3.900000e+001  8.323345e-001  0.000000e+000
 3.925000e+001  8.223461e-001  0.000000e+000
 3.950000e+001  7.875980e-001  0.000000e+000
 3.975000e+001  7.881343e-001  0.000000e+000
 4.000000e+001  7.725779e-001  0.000000e+000
 4.025000e+001  7.456131e-001  0.000000e+000
 4.050000e+001  7.227384e-001  0.000000e+000
 4.075000e+001  6.961589e-001  0.000000e+000
 4.100000e+001  6.453236e-001  0.000000e+000
 4.125000e+001  6.180962e-001  0.000000e+000
 4.150000e+001  5.680184e-001  0.000000e+000
 4.175000e+001  5.671952e-001  0.000000e+000
 4.200000e+001  4.862098e-001  0.000000e+000
 4.225000e+001  4.834087e-001  0.000000e+000
 4.250000e+001  3.847001e-001  0.000000e+000
 4.275000e+001  3.518672e-001  0.000000e+000
 4.300000e+001  3.113430e-001  0.000000e+000
 4.325000e+001  2.827358e-001  0.000000e+000
 4.350000e+001  2.695836e-001  0.000000e+000
 4.375000e+001  2.173301e-001  0.000000e+000
 4.400000e+001  1.485175e-001  0.000000e+000
 4.425000e+001  1.445728e-001  0.000000e+000
 4.450000e+001  2.386046e-001  0.000000e+000
 4.475000e+001  1.639347e-001  0.000000e+000
 4.500000e+001  2.374308e-001  0.000000e+000
 4.525000e+001  5.121776e-001  0.000000e+000
 4.550000e+001  5.187272e-001  0.000000e+000
 4.575000e+001  3.878825e-001  0.000000e+000
 4.600000e+001  4.574439e-001  0.000000e+000
 4.625000e+001  5.629718e-001  0.000000e+000
 4.650000e+001  5.289775e-001  0.000000e+000
 4.675000e+001  6.173800e-001  0.000000e+000
 4.700000e+001  6.302644e-001  0.000000e+000
 4.725000e+001  6.491821e-001  0.000000e+000
 4.750000e+001  6.943091e-001  0.000000e+000
 4.775000e+001  6.738369e-001  0.000000e+000
 4.800000e+001  7.229701e-001  0.000000e+000
 4.825000e+001  7.272170e-001  0.000000e+000
 4.850000e+001  7.800493e-001  0.000000e+000
 4.875000e+001  8.087667e-001  0.000000e+000
 4.900000e+001  8.005999e-001  0.000000e+000
 4.925000e+001  8.138129e-001  0.000000e+000
 4.950000e+001  8.008207e-001  0.000000e+000
 4.975000e+001  8.609773e-001  0.000000e+000
 5.000000e+001  8.535472e-001  0.000000e+000
 5.025000e+001  8.484173e-001  0.000000e+000
 5.050000e+001  8.673080e-001  0.000000e+000
 5.075000e+001  8.795980e-001  0.000000e+000
 5.100000e+001  8.879610e-001  0.000000e+000
 5.125000e+001  9.053726e-001  0.000000e+000
 5.150000e+001  8.987061e-001  0.000000e+000
 5.175000e+001  9.130072e-001  0.000000e+000
 5.200000e+001  8.999103e-001  0.000000e+000
 5.225000e+001  9.265494e-001  0.000000e+000
 5.250000e+001  9.199194e-001  0.000000e+000
 5.275000e+001  9.338003e-001  0.000000e+000
 5.300000e+001  9.320198e-001  0.000000e+000
 5.325000e+001  9.462477e-001  0.000000e+000
 5.350000e+001  9.439630e-001  0.000000e+000
 5.375000e+001  9.448228e-001  0.000000e+000
 5.400000e+001  9.197942e-001  0.000000e+000
 5.425000e+001  9.505615e-001  0.000000e+000
 5.450000e+001  9.590310e-001  0.000000e+000
 5.475000e+001  9.432793e-001  0.000000e+000
 5.500000e+001  9.438378e-001  0.000000e+000
 5.525000e+001  9.583965e-001  0.000000e+000
 5.550000e+001  9.593878e-001  0.000000e+000
 5.575000e+001  9.631868e-001  0.000000e+000
 5.600000e+001  9.690040e-001  0.000000e+000
 5.625000e+001  9.619375e-001  0.000000e+000
 5.650000e+001  9.695523e-001  0.000000e+000
 5.675000e+001  9.519901e-001  0.000000e+000
 5.700000e+001  9.596776e-001  0.000000e+000
 5.725000e+001  9.634796e-001  0.000000e+000
 5.750000e+001  9.629115e-001  0.000000e+000
 5.775000e+001  9.714565e-001  0.000000e+000
 5.800000e+001  9.699484e-001  0.000000e+000
 5.825000e+001  9.741815e-001  0.000000e+000
 5.850000e+001  9.678878e-001  0.000000e+000
 5.875000e+001  9.727080e-001  0.000000e+000
 5.900000e+001  9.718897e-001  0.000000e+000
 5.925000e+001  9.732286e-001  0.000000e+000
 5.950000e+001  9.744088e-001  0.000000e+000
 5.975000e+001  9.621965e-001  0.000000e+000
 6.000000e+001  9.438394e-001  0.000000e+000
 6.025000e+001  9.706109e-001  0.000000e+000
 6.050000e+001  9.845879e-001  0.000000e+000
 6.075000e+001  9.864668e-001  0.000000e+000
 6.100000e+001  9.831477e-001  0.000000e+000
 6.125000e+001  9.815318e-001  0.000000e+000
 6.150000e+001  9.861810e-001  0.000000e+000
 6.175000e+001  9.863687e-001  0.000000e+000
 6.200000e+001  9.843054e-001  0.000000e+000
 6.225000e+001  9.844123e-001  0.000000e+000
 6.250000e+001  9.834006e-001  0.000000e+000
 6.275000e+001  9.871107e-001  0.000000e+000
 6.300000e+001  9.860314e-001  0.000000e+000
 6.325000e+001  9.882960e-001  0.000000e+000
 6.350000e+001  9.872829e-001  0.000000e+000
 6.375000e+001  9.891575e-001  0.000000e+000
 6.400000e+001  9.879164e-001  0.000000e+000
 6.425000e+001  9.904219e-001  0.000000e+000
 6.450000e+001  9.861761e-001  0.000000e+000
 6.475000e+001  9.899989e-001  0.000000e+000
 6.500000e+001  9.879380e-001  0.000000e+000
 6.525000e+001  9.902967e-001  0.000000e+000
 6.550000e+001  9.911492e-001  0.000000e+000
 6.575000e+001  9.891052e-001  0.000000e+000
 6.600000e+001  9.877430e-001  0.000000e+000
 6.625000e+001  9.898793e-001  0.000000e+000
 6.650000e+001  9.919197e-001  0.000000e+000
 6.675000e+001  9.936220e-001  0.000000e+000
 6.700000e+001  9.945208e-001  0.000000e+000
 6.725000e+001  9.934542e-001  0.000000e+000
 6.750000e+001  9.936644e-001  0.000000e+000
 6.775000e+001  9.947346e-001  0.000000e+000
 6.800000e+001  9.943430e-001  0.000000e+000
 6.825000e+001  9.930688e-001  0.000000e+000
 6.850000e+001  9.936218e-001  0.000000e+000
 6.875000e+001  9.938697e-001  0.000000e+000
 6.900000e+001  9.949091e-001  0.000000e+000
 6.925000e+001  9.941013e-001  0.000000e+000
 6.950000e+001  9.930456e-001  0.000000e+000
 6.975000e+001  9.945994e-001  0.000000e+000
 7.000000e+001  9.936454e-001  0.000000e+000
 7.025000e+001  9.928581e-001  0.000000e+000
 7.050000e+001  9.951912e-001  0.000000e+000
 7.075000e+001  9.967614e-001  0.000000e+000
 7.100000e+001  9.955898e-001  0.000000e+000
 7.125000e+001  9.965656e-001  0.000000e+000
 7.150000e+001  9.961207e-001  0.000000e+000
 7.175000e+001  9.959811e-001  0.000000e+000
 7.200000e+001  9.964298e-001  0.000000e+000
 7.225000e+001  9.962220e-001  0.000000e+000
 7.250000e+001  9.945321e-001  0.000000e+000
 7.275000e+001  9.910291e-001  0.000000e+000
 7.300000e+001  9.891107e-001  0.000000e+000
 7.325000e+001  9.946030e-001  0.000000e+000
 7.350000e+001  9.975573e-001  0.000000e+000
 7.375000e+001  9.979613e-001  0.000000e+000
 7.400000e+001  9.980274e-001  0.000000e+000
 7.425000e+001  9.978876e-001  0.000000e+000
 7.450000e+001  9.972047e-001  0.000000e+000
 7.475000e+001  9.981003e-001  0.000000e+000
 7.500000e+001  9.985777e-001  0.000000e+000
 7.525000e+001  9.976548e-001  0.000000e+000
 7.550000e+001  9.981166e-001  0.000000e+000
 7.575000e+001  9.982336e-001  0.000000e+000
 7.600000e+001  9.980189e-001  0.000000e+000
 7.625000e+001  9.970284e-001  0.000000e+000
 7.650000e+001  9.982127e-001  0.000000e+000
 7.675000e+001  9.977475e-001  0.000000e+000
 7.700000e+001  9.978951e-001  0.000000e+000
 7.725000e+001  9.978954e-001  0.000000e+000
 7.750000e+001  9.984172e-001  0.000000e+000
 7.775000e+001  9.981127e-001  0.000000e+000
 7.800000e+001  9.984224e-001  0.000000e+000
 7.825000e+001  9.972296e-001  0.000000e+000
 7.850000e+001  9.971335e-001  0.000000e+000
 7.875000e+001  9.966491e-001  0.000000e+000
 7.900000e+001  9.962224e-001  0.000000e+000
 7.925000e+001  9.954423e-001  0.000000e+000
 7.950000e+001  9.915278e-001  0.000000e+000
 7.975000e+001  9.866608e-001  0.000000e+000
 8.000000e+001  9.954717e-001  0.000000e+000
 8.025000e+001  9.969097e-001  0.000000e+000
 8.050000e+001  9.982011e-001  0.000000e+000
 8.075000e+001  9.973998e-001  0.000000e+000
 8.100000e+001  9.973716e-001  0.000000e+000
 8.125000e+001  9.983158e-001  0.000000e+000
 8.150000e+001  9.980309e-001  0.000000e+000
 8.175000e+001  9.982701e-001  0.000000e+000
 8.200000e+001  9.976512e-001  0.000000e+000
 8.225000e+001  9.977267e-001  0.000000e+000
 8.250000e+001  9.975667e-001  0.000000e+000
 8.275000e+001  9.985304e-001  0.000000e+000
 8.300000e+001  9.979297e-001  0.000000e+000
 8.325000e+001  9.987723e-001  0.000000e+000
 8.350000e+001  9.976894e-001  0.000000e+000
 8.375000e+001  9.984298e-001  0.000000e+000
 8.400000e+001  9.987345e-001  0.000000e+000
 8.425000e+001  9.985504e-001  0.000000e+000
 8.450000e+001  9.979591e-001  0.000000e+000
 8.475000e+001  9.977061e-001  0.000000e+000
 8.500000e+001  9.986491e-001  0.000000e+000
 8.525000e+001  9.981881e-001  0.000000e+000
 8.550000e+001  9.987828e-001  0.000000e+000
 8.575000e+001  9.982001e-001  0.000000e+000
 8.600000e+001  9.991919e-001  0.000000e+000
 8.625000e+001  9.982048e-001  0.000000e+000
 8.650000e+001  9.985923e-001  0.000000e+000
 8.675000e+001  9.982842e-001  0.000000e+000
 8.700000e+001  9.982450e-001  0.000000e+000
 8.725000e+001  9.987125e-001  0.000000e+000
 8.750000e+001  9.983782e-001  0.000000e+000
 8.775000e+001  9.978669e-001  0.000000e+000
 8.800000e+001  9.988232e-001  0.000000e+000
 8.825000e+001  9.984718e-001  0.000000e+000
 8.850000e+001  9.976441e-001  0.000000e+000
 8.875000e+001  9.978365e-001  0.000000e+000
 8.900000e+001  9.979722e-001  0.000000e+000
 8.925000e+001  9.987704e-001  0.000000e+000
 8.950000e+001  9.978477e-001  0.000000e+000
 8.975000e+001  9.986991e-001  0.000000e+000
 9.000000e+001  9.979844e-001  0.000000e+000
 9.025000e+001  9.978874e-001  0.000000e+000
 9.050000e+001  9.976058e-001  0.000000e+000
 9.075000e+001  9.971796e-001  0.000000e+000
 9.100000e+001  9.978818e-001  0.000000e+000
 9.125000e+001  9.978707e-001  0.000000e+000
 9.150000e+001  9.981758e-001  0.000000e+000
 9.175000e+001  9.972582e-001  0.000000e+000
 9.200000e+001  9.946431e-001  0.000000e+000
 9.225000e+001  9.970786e-001  0.000000e+000
 9.250000e+001  9.978203e-001  0.000000e+000
 9.275000e+001  9.968485e-001  0.000000e+000
 9.300000e+001  9.959655e-001  0.000000e+000
 9.325000e+001  9.967453e-001  0.000000e+000
 9.350000e+001  9.975545e-001  0.000000e+000
 9.375000e+001  9.964541e-001  0.000000e+000
 9.400000e+001  9.964119e-001  0.000000e+000
 9.425000e+001  9.973664e-001  0.000000e+000
 9.450000e+001  9.962655e-001  0.000000e+000
 9.475000e+001  9.964591e-001  0.000000e+000
 9.500000e+001  9.963543e-001  0.000000e+000
 9.525000e+001  9.968457e-001  0.000000e+000
 9.550000e+001  9.953417e-001  0.000000e+000
 9.575000e+001  9.966542e-001  0.000000e+000
 9.600000e+001  9.966536e-001  0.000000e+000
 9.625000e+001  9.961656e-001  0.000000e+000
 9.650000e+001  9.964637e-001  0.000000e+000
 9.675000e+001  9.947118e-001  0.000000e+000
 9.700000e+001  9.965273e-001  0.000000e+000
 9.725000e+001  9.953689e-001  0.000000e+000
 9.750000e+001  9.952882e-001  0.000000e+000
 9.775000e+001  9.956456e-001  0.000000e+000
 9.800000e+001  9.917038e-001  0.000000e+000
 9.825000e+001  9.955123e-001  0.000000e+000
 9.850000e+001  9.967371e-001  0.000000e+000
 9.875000e+001  9.963933e-001  0.000000e+000
 9.900000e+001  9.949826e-001  0.000000e+000
 9.925000e+001  9.909923e-001  0.000000e+000
 9.950000e+001  9.922783e-001  0.000000e+000
 9.975000e+001  9.958310e-001  0.000000e+000
 1.000000e+002  9.948329e-001  0.000000e+000
 1.002500e+002  9.964268e-001  0.000000e+000
 1.005000e+002  9.932255e-001  0.000000e+000
 1.007500e+002  9.914804e-001  0.000000e+000
 1.010000e+002  9.904782e-001  0.000000e+000
 1.012500e+002  9.920844e-001  0.000000e+000
 1.015000e+002  9.935889e-001  0.000000e+000
 1.017500e+002  9.914550e-001  0.000000e+000
 1.020000e+002  9.897393e-001  0.000000e+000
 1.022500e+002  9.916711e-001  0.000000e+000
 1.025000e+002  9.926148e-001  0.000000e+000
 1.027500e+002  9.935448e-001  0.000000e+000
 1.030000e+002  9.954202e-001  0.000000e+000
 1.032500e+002  9.923439e-001  0.000000e+000
 1.035000e+002  9.933502e-001  0.000000e+000
 1.037500e+002  9.904520e-001  0.000000e+000
 1.040000e+002  9.919465e-001  0.000000e+000
 1.042500e+002  9.952880e-001  0.000000e+000
 1.045000e+002  9.955710e-001  0.000000e+000
 1.047500e+002  9.946370e-001  0.000000e+000
 1.050000e+002  9.890186e-001  0.000000e+000
 1.052500e+002  9.881932e-001  0.000000e+000
 1.055000e+002  9.951635e-001  0.000000e+000
 1.057500e+002  9.945182e-001  0.000000e+000
 1.060000e+002  9.938477e-001  0.000000e+000
 1.062500e+002  9.920891e-001  0.000000e+000
 1.065000e+002  9.913292e-001  0.000000e+000
 1.067500e+002  9.906214e-001  0.000000e+000
 1.070000e+002  9.898947e-001  0.000000e+000
 1.072500e+002  9.939164e-001  0.000000e+000
 1.075000e+002  9.905856e-001  0.000000e+000
 1.077500e+002  9.903430e-001  0.000000e+000
 1.080000e+002  9.923368e-001  0.000000e+000
 1.082500e+002  9.925764e-001  0.000000e+000
 1.085000e+002  9.906335e-001  0.000000e+000
 1.087500e+002  9.873595e-001  0.000000e+000
 1.090000e+002  9.879438e-001  0.000000e+000
 1.092500e+002  9.893372e-001  0.000000e+000
 1.095000e+002  9.908994e-001  0.000000e+000
 1.097500e+002  9.921225e-001  0.000000e+000
 1.100000e+002  9.869035e-001  0.000000e+000
 1.102500e+002  9.941414e-001  0.000000e+000
 1.105000e+002  9.883894e-001  0.000000e+000
 1.107500e+002  9.930213e-001  0.000000e+000
 1.110000e+002  9.946713e-001  0.000000e+000
 1.112500e+002  9.911855e-001  0.000000e+000
 1.115000e+002  9.924032e-001  0.000000e+000
 1.117500e+002  9.924555e-001  0.000000e+000
 1.120000e+002  9.940828e-001  0.000000e+000
 1.122500e+002  9.933694e-001  0.000000e+000
 1.125000e+002  9.880093e-001  0.000000e+000
 1.127500e+002  9.900749e-001  0.000000e+000
 1.130000e+002  9.900104e-001  0.000000e+000
 1.132500e+002  9.837752e-001  0.000000e+000
 1.135000e+002  9.735451e-001  0.000000e+000
 1.137500e+002  9.766328e-001  0.000000e+000
 1.140000e+002  9.776675e-001  0.000000e+000
 1.142500e+002  9.639744e-001  0.000000e+000
 1.145000e+002  9.301910e-001  0.000000e+000
 1.147500e+002  9.491248e-001  0.000000e+000
 1.150000e+002  9.472842e-001  0.000000e+000
 1.152500e+002  9.728028e-001  0.000000e+000
 1.155000e+002  9.519408e-001  0.000000e+000
 1.157500e+002  9.602934e-001  0.000000e+000
 1.160000e+002  9.673463e-001  0.000000e+000
 1.162500e+002  9.668952e-001  0.000000e+000
 1.165000e+002  9.755449e-001  0.000000e+000
 1.167500e+002  9.789501e-001  0.000000e+000
 1.170000e+002  9.695396e-001  0.000000e+000
 1.172500e+002  9.767951e-001  0.000000e+000
 1.175000e+002  9.810264e-001  0.000000e+000
 1.177500e+002  9.781675e-001  0.000000e+000
 1.180000e+002  9.738520e-001  0.000000e+000
 1.182500e+002  9.694042e-001  0.000000e+000
 1.185000e+002  9.793031e-001  0.000000e+000
 1.187500e+002  9.732503e-001  0.000000e+000
 1.190000e+002  9.808467e-001  0.000000e+000
 1.192500e+002  9.683707e-001  0.000000e+000
 1.195000e+002  9.762512e-001  0.000000e+000
 1.197500e+002  9.744706e-001  0.000000e+000
 1.200000e+002  9.797109e-001  0.000000e+000
 1.202500e+002  9.741343e-001  0.000000e+000
 1.205000e+002  9.816087e-001  0.000000e+000
 1.207500e+002  9.747870e-001  0.000000e+000
 1.210000e+002  9.778131e-001  0.000000e+000
 1.212500e+002  9.768273e-001  0.000000e+000
 1.215000e+002  9.739478e-001  0.000000e+000
 1.217500e+002  9.727268e-001  0.000000e+000
 1.220000e+002  9.724717e-001  0.000000e+000
 1.222500e+002  9.820595e-001  0.000000e+000
 1.225000e+002  9.736091e-001  0.000000e+000
 1.227500e+002  9.830872e-001  0.000000e+000
 1.230000e+002  9.732762e-001  0.000000e+000
 1.232500e+002  9.770611e-001  0.000000e+000
 1.235000e+002  9.697807e-001  0.000000e+000
 1.237500e+002  9.772078e-001  0.000000e+000
 1.240000e+002  9.710226e-001  0.000000e+000
 1.242500e+002  9.772703e-001  0.000000e+000
 1.245000e+002  9.803683e-001  0.000000e+000
 1.247500e+002  9.648000e-001  0.000000e+000
 1.250000e+002  9.722253e-001  0.000000e+000
 1.252500e+002  9.784960e-001  0.000000e+000
 1.255000e+002  9.729238e-001  0.000000e+000
 1.257500e+002  9.826210e-001  0.000000e+000
 1.260000e+002  9.764521e-001  0.000000e+000
 1.262500e+002  9.723330e-001  0.000000e+000
 1.265000e+002  9.725057e-001  0.000000e+000
 1.267500e+002  9.689384e-001  0.000000e+000
 1.270000e+002  9.698468e-001  0.000000e+000
 1.272500e+002  9.596944e-001  0.000000e+000
 1.275000e+002  9.725870e-001  0.000000e+000
 1.277500e+002  9.529672e-001  0.000000e+000
 1.280000e+002  9.747885e-001  0.000000e+000
 1.282500e+002  9.601567e-001  0.000000e+000
 1.285000e+002  9.638264e-001  0.000000e+000
 1.287500e+002  9.663926e-001  0.000000e+000
 1.290000e+002  9.575119e-001  0.000000e+000
 1.292500e+002  9.744290e-001  0.000000e+000
 1.295000e+002  9.573992e-001  0.000000e+000
 1.297500e+002  9.725869e-001  0.000000e+000
 1.300000e+002  9.148945e-001  0.000000e+000
 1.302500e+002  9.597695e-001  0.000000e+000
 1.305000e+002  9.593902e-001  0.000000e+000
 1.307500e+002  9.611036e-001  0.000000e+000
 1.310000e+002  9.365475e-001  0.000000e+000
 1.312500e+002  9.536690e-001  0.000000e+000
 1.315000e+002  9.340814e-001  0.000000e+000
 1.317500e+002  9.586543e-001  0.000000e+000
 1.320000e+002  9.569742e-001  0.000000e+000
 1.322500e+002  9.339421e-001  0.000000e+000
 1.325000e+002  9.374139e-001  0.000000e+000
 1.327500e+002  9.349383e-001  0.000000e+000
 1.330000e+002  9.507379e-001  0.000000e+000
 1.332500e+002  9.641390e-001  0.000000e+000
 1.335000e+002  9.119055e-001  0.000000e+000
 1.337500e+002  9.542857e-001  0.000000e+000
 1.340000e+002  9.318272e-001  0.000000e+000
 1.342500e+002  9.400918e-001  0.000000e+000
 1.345000e+002  9.415992e-001  0.000000e+000
 1.347500e+002  9.093502e-001  0.000000e+000
 1.350000e+002  9.585690e-001  0.000000e+000
 1.352500e+002  9.476871e-001  0.000000e+000
 1.355000e+002  9.367105e-001  0.000000e+000
 1.357500e+002  9.073737e-001  0.000000e+000
 1.360000e+002  9.273993e-001  0.000000e+000
 1.362500e+002  9.541695e-001  0.000000e+000
 1.365000e+002  9.686384e-001  0.000000e+000
 1.367500e+002  9.547330e-001  0.000000e+000
 1.370000e+002  9.261156e-001  0.000000e+000
 1.372500e+002  8.876900e-001  0.000000e+000
 1.375000e+002  9.515668e-001  0.000000e+000
 1.377500e+002  9.653080e-001  0.000000e+000
 1.380000e+002  9.457293e-001  0.000000e+000
 1.382500e+002  9.082931e-001  0.000000e+000
 1.385000e+002  9.269871e-001  0.000000e+000
 1.387500e+002  9.393500e-001  0.000000e+000
 1.390000e+002  9.270285e-001  0.000000e+000
 1.392500e+002  9.365206e-001  0.000000e+000
 1.395000e+002  9.249211e-001  0.000000e+000
 1.397500e+002  9.090369e-001  0.000000e+000
 1.400000e+002  9.168448e-001  0.000000e+000
 1.402500e+002  9.041475e-001  0.000000e+000
 1.405000e+002  8.947781e-001  0.000000e+000
 1.407500e+002  9.293872e-001  0.000000e+000
 1.410000e+002  9.240903e-001  0.000000e+000
 1.412500e+002  9.119714e-001  0.000000e+000
 1.415000e+002  8.954383e-001  0.000000e+000
 1.417500e+002  8.847305e-001  0.000000e+000
 1.420000e+002  9.176998e-001  0.000000e+000
 1.422500e+002  9.338338e-001  0.000000e+000
 1.425000e+002  9.390168e-001  0.000000e+000
 1.427500e+002  8.637958e-001  0.000000e+000
 1.430000e+002  8.373899e-001  0.000000e+000
 1.432500e+002  9.027353e-001  0.000000e+000
 1.435000e+002  9.519686e-001  0.000000e+000
 1.437500e+002  9.302065e-001  0.000000e+000
 1.440000e+002  9.269905e-001  0.000000e+000
 1.442500e+002  8.343219e-001  0.000000e+000
 1.445000e+002  9.244524e-001  0.000000e+000
 1.447500e+002  9.030592e-001  0.000000e+000
 1.450000e+002  9.095547e-001  0.000000e+000
 1.452500e+002  9.247797e-001  0.000000e+000
 1.455000e+002  8.156520e-001  0.000000e+000
 1.457500e+002  9.022245e-001  0.000000e+000
 1.460000e+002  9.125932e-001  0.000000e+000
 1.462500e+002  9.375972e-001  0.000000e+000
 1.465000e+002  9.084582e-001  0.000000e+000
 1.467500e+002  8.533857e-001  0.000000e+000
 1.470000e+002  8.831996e-001  0.000000e+000
 1.472500e+002  8.893218e-001  0.000000e+000
 1.475000e+002  8.947635e-001  0.000000e+000
 1.477500e+002  8.722523e-001  0.000000e+000
 1.480000e+002  8.490362e-001  0.000000e+000
 1.482500e+002  9.084645e-001  0.000000e+000
 1.485000e+002  8.988935e-001  0.000000e+000
 1.487500e+002  8.784969e-001  0.000000e+000
 1.490000e+002  8.938751e-001  0.000000e+000
 1.492500e+002  8.312908e-001  0.000000e+000
 1.495000e+002  8.971840e-001  0.000000e+000
 1.497500e+002  8.425626e-001  0.000000e+000
 1.500000e+002  8.929486e-001  0.000000e+000
 1.502500e+002  8.635959e-001  0.000000e+000
 1.505000e+002  8.660144e-001  0.000000e+000
 1.507500e+002  8.887561e-001  0.000000e+000
 1.510000e+002  8.784360e-001  0.000000e+000
 1.512500e+002  9.170630e-001  0.000000e+000
 1.515000e+002  9.030908e-001  0.000000e+000
 1.517500e+002  9.008698e-001  0.000000e+000
 1.520000e+002  8.829911e-001  0.000000e+000
 1.522500e+002  8.809680e-001  0.000000e+000
 1.525000e+002  8.614015e-001  0.000000e+000
 1.527500e+002  8.872620e-001  0.000000e+000
 1.530000e+002  8.928964e-001  0.000000e+000
 1.532500e+002  8.805478e-001  0.000000e+000
 1.535000e+002  8.909278e-001  0.000000e+000
 1.537500e+002  8.923623e-001  0.000000e+000
 1.540000e+002  8.595920e-001  0.000000e+000
 1.542500e+002  8.827289e-001  0.000000e+000
 1.545000e+002  9.217269e-001  0.000000e+000
 1.547500e+002  9.169205e-001  0.000000e+000
 1.550000e+002  8.911214e-001  0.000000e+000
 1.552500e+002  9.041416e-001  0.000000e+000
 1.555000e+002  8.911241e-001  0.000000e+000
 1.557500e+002  8.979814e-001  0.000000e+000
 1.560000e+002  8.961813e-001  0.000000e+000
 1.562500e+002  8.593621e-001  0.000000e+000
 1.565000e+002  9.050473e-001  0.000000e+000
 1.567500e+002  8.450987e-001  0.000000e+000
 1.570000e+002  8.986299e-001  0.000000e+000
 1.572500e+002  8.092830e-001  0.000000e+000
 1.575000e+002  8.698298e-001  0.000000e+000
 1.577500e+002  9.257225e-001  0.000000e+000
 1.580000e+002  8.720695e-001  0.000000e+000
 1.582500e+002  9.051674e-001  0.000000e+000
 1.585000e+002  8.815319e-001  0.000000e+000
 1.587500e+002  7.794414e-001  0.000000e+000
 1.590000e+002  8.295431e-001  0.000000e+000
 1.592500e+002  8.680283e-001  0.000000e+000
 1.595000e+002  8.078697e-001  0.000000e+000
 1.597500e+002  8.132439e-001  0.000000e+000
 1.600000e+002  7.898608e-001  0.000000e+000
 1.602500e+002  8.509763e-001  0.000000e+000
 1.605000e+002  8.681181e-001  0.000000e+000
 1.607500e+002  8.108956e-001  0.000000e+000
 1.610000e+002  8.089902e-001  0.000000e+000
 1.612500e+002  8.500622e-001  0.000000e+000
 1.615000e+002  7.834281e-001  0.000000e+000
 1.617500e+002  7.852941e-001  0.000000e+000
 1.620000e+002  7.809490e-001  0.000000e+000
 1.622500e+002  8.282331e-001  0.000000e+000
 1.625000e+002  8.122010e-001  0.000000e+000
 1.627500e+002  8.156301e-001  0.000000e+000
 1.630000e+002  7.714942e-001  0.000000e+000
 1.632500e+002  7.922242e-001  0.000000e+000
 1.635000e+002  8.190247e-001  0.000000e+000
 1.637500e+002  8.254352e-001  0.000000e+000
 1.640000e+002  8.404422e-001  0.000000e+000
 1.642500e+002  8.381559e-001  0.000000e+000
 1.645000e+002  8.113832e-001  0.000000e+000
 1.647500e+002  8.097864e-001  0.000000e+000
 1.650000e+002  8.330726e-001  0.000000e+000
 1.652500e+002  8.109115e-001  0.000000e+000
 1.655000e+002  7.851599e-001  0.000000e+000
 1.657500e+002  8.130623e-001  0.000000e+000
 1.660000e+002  8.762935e-001  0.000000e+000
 1.662500e+002  8.862659e-001  0.000000e+000
 1.665000e+002  8.690199e-001  0.000000e+000
 1.667500e+002  8.375030e-001  0.000000e+000
 1.670000e+002  7.986831e-001  0.000000e+000
 1.672500e+002  8.760597e-001  0.000000e+000
 1.675000e+002  8.112781e-001  0.000000e+000
 1.677500e+002  8.457964e-001  0.000000e+000
 1.680000e+002  8.378587e-001  0.000000e+000
 1.682500e+002  7.875778e-001  0.000000e+000
 1.685000e+002  8.305560e-001  0.000000e+000
 1.687500e+002  8.453752e-001  0.000000e+000
 1.690000e+002  8.208084e-001  0.000000e+000
 1.692500e+002  9.131848e-001  0.000000e+000
 1.695000e+002  8.322717e-001  0.000000e+000
 1.697500e+002  8.918301e-001  0.000000e+000
 1.700000e+002  8.188245e-001  0.000000e+000
 1.702500e+002  7.942190e-001  0.000000e+000
 1.705000e+002  8.334767e-001  0.000000e+000
 1.707500e+002  8.088022e-001  0.000000e+000
 1.710000e+002  8.939874e-001  0.000000e+000
 1.712500e+002  8.833266e-001  0.000000e+000
 1.715000e+002  8.295207e-001  0.000000e+000
 1.717500e+002  8.969227e-001  0.000000e+000
 1.720000e+002  8.456215e-001  0.000000e+000
 1.722500e+002  8.689772e-001  0.000000e+000
 1.725000e+002  8.375552e-001  0.000000e+000
 1.727500e+002  8.520798e-001  0.000000e+000
 1.730000e+002  8.038374e-001  0.000000e+000
 1.732500e+002  8.592361e-001  0.000000e+000
 1.735000e+002  8.837880e-001  0.000000e+000
 1.737500e+002  8.523033e-001  0.000000e+000
 1.740000e+002  8.224937e-001  0.000000e+000
 1.742500e+002  8.815847e-001  0.000000e+000
 1.745000e+002  8.864151e-001  0.000000e+000
 1.747500e+002  8.722072e-001  0.000000e+000
 1.750000e+002  8.645999e-001  0.000000e+000
 1.752500e+002  8.182406e-001  0.000000e+000
 1.755000e+002  8.973340e-001  0.000000e+000
 1.757500e+002  8.612541e-001  0.000000e+000
 1.760000e+002  8.781142e-001  0.000000e+000
 1.762500e+002  8.884603e-001  0.000000e+000
 1.765000e+002  8.695191e-001  0.000000e+000
 1.767500e+002  8.500802e-001  0.000000e+000
 1.770000e+002  8.948446e-001  0.000000e+000
 1.772500e+002  8.998536e-001  0.000000e+000
 1.775000e+002  8.635097e-001  0.000000e+000
 1.777500e+002  9.116145e-001  0.000000e+000
 1.780000e+002  9.168562e-001  0.000000e+000
 1.782500e+002  9.033529e-001  0.000000e+000
 1.785000e+002  8.630896e-001  0.000000e+000
 1.787500e+002  9.020431e-001  0.000000e+000
 1.790000e+002  9.203247e-001  0.000000e+000
 1.792500e+002  9.186910e-001  0.000000e+000
 1.795000e+002  8.813517e-001  0.000000e+000
 1.797500e+002  8.696383e-001  0.000000e+000
 1.800000e+002  8.630508e-001  0.000000e+000
 1.802500e+002  8.750674e-001  0.000000e+000
 1.805000e+002  8.723984e-001  0.000000e+000
 1.807500e+002  8.877051e-001  0.000000e+000
 1.810000e+002  8.751785e-001  0.000000e+000
 1.812500e+002  8.819934e-001  0.000000e+000
 1.815000e+002  9.046429e-001  0.000000e+000
 1.817500e+002  9.142480e-001  0.000000e+000
 1.820000e+002  8.943465e-001  0.000000e+000
 1.822500e+002  9.276468e-001  0.000000e+000
 1.825000e+002  8.953291e-001  0.000000e+000
 1.827500e+002  8.542224e-001  0.000000e+000
 1.830000e+002  9.100977e-001  0.000000e+000
 1.832500e+002  8.846188e-001  0.000000e+000
 1.835000e+002  8.833408e-001  0.000000e+000
 1.837500e+002  9.062344e-001  0.000000e+000
 1.840000e+002  8.275996e-001  0.000000e+000
 1.842500e+002  8.738012e-001  0.000000e+000
 1.845000e+002  8.855087e-001  0.000000e+000
 1.847500e+002  8.750352e-001  0.000000e+000
 1.850000e+002  8.921164e-001  0.000000e+000
 1.852500e+002  9.089895e-001  0.000000e+000
 1.855000e+002  9.173992e-001  0.000000e+000
 1.857500e+002  8.387623e-001  0.000000e+000
 1.860000e+002  8.815818e-001  0.000000e+000
 1.862500e+002  8.763273e-001  0.000000e+000
 1.865000e+002  8.885872e-001  0.000000e+000
 1.867500e+002  9.077708e-001  0.000000e+000
 1.870000e+002  8.948654e-001  0.000000e+000
 1.872500e+002  8.860182e-001  0.000000e+000
 1.875000e+002  8.905664e-001  0.000000e+000
 1.877500e+002  8.811404e-001  0.000000e+000
 1.880000e+002  8.965057e-001  0.000000e+000
 1.882500e+002  8.983417e-001  0.000000e+000
 1.885000e+002  9.345639e-001  0.000000e+000
 1.887500e+002  8.829466e-001  0.000000e+000
 1.890000e+002  9.180962e-001  0.000000e+000
 1.892500e+002  8.949288e-001  0.000000e+000
 1.895000e+002  8.657720e-001  0.000000e+000
 1.897500e+002  8.965645e-001  0.000000e+000
 1.900000e+002  9.162716e-001  0.000000e+000
 1.902500e+002  8.836994e-001  0.000000e+000
 1.905000e+002  8.870656e-001  0.000000e+000
 1.907500e+002  8.794858e-001  0.000000e+000
 1.910000e+002  8.974167e-001  0.000000e+000
 1.912500e+002  8.858266e-001  0.000000e+000
 1.915000e+002  9.095392e-001  0.000000e+000
 1.917500e+002  8.929756e-001  0.000000e+000
 1.920000e+002  8.945201e-001  0.000000e+000
 1.922500e+002  9.096681e-001  0.000000e+000
 1.925000e+002  8.917100e-001  0.000000e+000
 1.927500e+002  8.753013e-001  0.000000e+000
 1.930000e+002  9.031506e-001  0.000000e+000
 1.932500e+002  8.956553e-001  0.000000e+000
 1.935000e+002  8.649457e-001  0.000000e+000
 1.937500e+002  9.222911e-001  0.000000e+000
 1.940000e+002  8.810723e-001  0.000000e+000
 1.942500e+002  9.265038e-001  0.000000e+000
 1.945000e+002  8.987765e-001  0.000000e+000
 1.947500e+002  8.850919e-001  0.000000e+000
 1.950000e+002  9.181352e-001  0.000000e+000
 1.952500e+002  9.260862e-001  0.000000e+000
 1.955000e+002  9.090757e-001  0.000000e+000
 1.957500e+002  8.961544e-001  0.000000e+000
 1.960000e+002  9.116673e-001  0.000000e+000
 1.962500e+002  9.405316e-001  0.000000e+000
 1.965000e+002  8.826220e-001  0.000000e+000
 1.967500e+002  9.164347e-001  0.000000e+000
 1.970000e+002  8.857714e-001  0.000000e+000
 1.972500e+002  9.092051e-001  0.000000e+000
 1.975000e+002  9.383588e-001  0.000000e+000
 1.977500e+002  8.509777e-001  0.000000e+000
 1.980000e+002  9.155725e-001  0.000000e+000
 1.982500e+002  9.252653e-001  0.000000e+000
 1.985000e+002  9.342929e-001  0.000000e+000
 1.987500e+002  9.153369e-001  0.000000e+000
 1.990000e+002  8.522098e-001  0.000000e+000
 1.992500e+002  9.190588e-001  0.000000e+000
 1.995000e+002  9.217643e-001  0.000000e+000
 1.997500e+002  9.393505e-001  0.000000e+000
 2.000000e+002  8.726735e-001  0.000000e+000
 2.002500e+002  8.978570e-001  0.000000e+000
 2.005000e+002  9.245307e-001  0.000000e+000
 2.007500e+002  9.130008e-001  0.000000e+000
 2.010000e+002  8.877360e-001  0.000000e+000
 2.012500e+002  9.290627e-001  0.000000e+000
 2.015000e+002  9.027895e-001  0.000000e+000
 2.017500e+002  9.294872e-001  0.000000e+000
 2.020000e+002  9.402819e-001  0.000000e+000
 2.022500e+002  8.877879e-001  0.000000e+000
 2.025000e+002  8.916404e-001  0.000000e+000
 2.027500e+002  8.550217e-001  0.000000e+000
 2.030000e+002  8.888964e-001  0.000000e+000
 2.032500e+002  8.735707e-001  0.000000e+000
 2.035000e+002  8.851163e-001  0.000000e+000
 2.037500e+002  9.174805e-001  0.000000e+000
 2.040000e+002  9.363207e-001  0.000000e+000
 2.042500e+002  8.806935e-001  0.000000e+000
 2.045000e+002  9.040088e-001  0.000000e+000
 2.047500e+002  9.082412e-001  0.000000e+000
 2.050000e+002  9.450984e-001  0.000000e+000
 2.052500e+002  9.055648e-001  0.000000e+000
 2.055000e+002  8.927120e-001  0.000000e+000
 2.057500e+002  9.066329e-001  0.000000e+000
 2.060000e+002  9.463851e-001  0.000000e+000
 2.062500e+002  9.001027e-001  0.000000e+000
 2.065000e+002  8.632817e-001  0.000000e+000
 2.067500e+002  9.098492e-001  0.000000e+000
 2.070000e+002  8.869005e-001  0.000000e+000
 2.072500e+002  8.979802e-001  0.000000e+000
 2.075000e+002  9.065390e-001  0.000000e+000
 2.077500e+002  9.058710e-001  0.000000e+000
 2.080000e+002  8.660403e-001  0.000000e+000
 2.082500e+002  9.224726e-001  0.000000e+000
 2.085000e+002  8.804750e-001  0.000000e+000
 2.087500e+002  9.174606e-001  0.000000e+000
 2.090000e+002  8.856680e-001  0.000000e+000
 2.092500e+002  9.014017e-001  0.000000e+000
 2.095000e+002  8.973508e-001  0.000000e+000
 2.097500e+002  8.775057e-001  0.000000e+000
 2.100000e+002  9.219824e-001  0.000000e+000
 2.102500e+002  8.689459e-001  0.000000e+000
 2.105000e+002  8.820155e-001  0.000000e+000
 2.107500e+002  8.712317e-001  0.000000e+000
 2.110000e+002  8.893437e-001  0.000000e+000
 2.112500e+002  8.944383e-001  0.000000e+000
 2.115000e+002  8.616050e-001  0.000000e+000
 2.117500e+002  8.868331e-001  0.000000e+000
 2.120000e+002  8.933681e-001  0.000000e+000
 2.122500e+002  8.813967e-001  0.000000e+000
 2.125000e+002  8.696370e-001  0.000000e+000
 2.127500e+002  8.833265e-001  0.000000e+000
 2.130000e+002  8.736743e-001  0.000000e+000
 2.132500e+002  8.462726e-001  0.000000e+000
 2.135000e+002  8.384522e-001  0.000000e+000
 2.137500e+002  8.651356e-001  0.000000e+000
 2.140000e+002  9.093478e-001  0.000000e+000
 2.142500e+002  8.668001e-001  0.000000e+000
 2.145000e+002  7.873839e-001  0.000000e+000
 2.147500e+002  9.021486e-001  0.000000e+000
 2.150000e+002  8.780789e-001  0.000000e+000
 2.152500e+002  8.523397e-001  0.000000e+000
 2.155000e+002  8.228615e-001  0.000000e+000
 2.157500e+002  8.660051e-001  0.000000e+000
 2.160000e+002  8.114063e-001  0.000000e+000
 2.162500e+002  8.392528e-001  0.000000e+000
 2.165000e+002  8.649431e-001  0.000000e+000
 2.167500e+002  8.606977e-001  0.000000e+000
 2.170000e+002  8.776698e-001  0.000000e+000
 2.172500e+002  8.675088e-001  0.000000e+000
 2.175000e+002  8.517768e-001  0.000000e+000
 2.177500e+002  8.828400e-001  0.000000e+000
 2.180000e+002  8.020600e-001  0.000000e+000
 2.182500e+002  8.647465e-001  0.000000e+000
 2.185000e+002  8.860508e-001  0.000000e+000
 2.187500e+002  8.560300e-001  0.000000e+000
 2.190000e+002  8.001827e-001  0.000000e+000
 2.192500e+002  6.690357e-001  0.000000e+000
 2.195000e+002  8.358987e-001  0.000000e+000
 2.197500e+002  7.993006e-001  0.000000e+000
 2.200000e+002  8.319147e-001  0.000000e+000
 2.202500e+002  8.434877e-001  0.000000e+000
 2.205000e+002  8.477138e-001  0.000000e+000
 2.207500e+002  7.421716e-001  0.000000e+000
 2.210000e+002  8.224248e-001  0.000000e+000
 2.212500e+002  8.138295e-001  0.000000e+000
 2.215000e+002  7.638980e-001  0.000000e+000
 2.217500e+002  8.269262e-001  0.000000e+000
 2.220000e+002  7.844771e-001  0.000000e+000
 2.222500e+002  8.541436e-001  0.000000e+000
 2.225000e+002  7.771388e-001  0.000000e+000
 2.227500e+002  7.329015e-001  0.000000e+000
 2.230000e+002  7.940168e-001  0.000000e+000
 2.232500e+002  8.014630e-001  0.000000e+000
 2.235000e+002  8.330907e-001  0.000000e+000
 2.237500e+002  8.236673e-001  0.000000e+000
 2.240000e+002  7.750757e-001  0.000000e+000
 2.242500e+002  7.366360e-001  0.000000e+000
 2.245000e+002  8.161860e-001  0.000000e+000
 2.247500e+002  7.376034e-001  0.000000e+000
 2.250000e+002  6.167953e-001  0.000000e+000
 2.252500e+002  6.471034e-001  0.000000e+000
 2.255000e+002  7.672319e-001  0.000000e+000
 2.257500e+002  7.504659e-001  0.000000e+000
 2.260000e+002  7.548802e-001  0.000000e+000
 2.262500e+002  6.605429e-001  0.000000e+000
 2.265000e+002  6.114997e-001  0.000000e+000
 2.267500e+002  6.930604e-001  0.000000e+000
 2.270000e+002  7.675111e-001  0.000000e+000
 2.272500e+002  7.287634e-001  0.000000e+000
 2.275000e+002  7.881007e-001  0.000000e+000
 2.277500e+002  7.265352e-001  0.000000e+000
 2.280000e+002  6.486614e-001  0.000000e+000
 2.282500e+002  6.612142e-001  0.000000e+000
 2.285000e+002  6.759082e-001  0.000000e+000
 2.287500e+002  6.329006e-001  0.000000e+000
 2.290000e+002  7.071745e-001  0.000000e+000
 2.292500e+002  7.450364e-001  0.000000e+000
 2.295000e+002  6.396987e-001  0.000000e+000
 2.297500e+002  6.465350e-001  0.000000e+000
 2.300000e+002  6.714463e-001  0.000000e+000
 2.302500e+002  6.773910e-001  0.000000e+000
 2.305000e+002  6.995643e-001  0.000000e+000
 2.307500e+002  6.847735e-001  0.000000e+000
 2.310000e+002  5.463580e-001  0.000000e+000
 2.312500e+002  7.387766e-001  0.000000e+000
 2.315000e+002  7.103463e-001  0.000000e+000
 2.317500e+002  6.699365e-001  0.000000e+000
 2.320000e+002  7.669402e-001  0.000000e+000
 2.322500e+002  6.208351e-001  0.000000e+000
 2.325000e+002  7.321230e-001  0.000000e+000
 2.327500e+002  7.608672e-001  0.000000e+000
 2.330000e+002  6.058968e-001  0.000000e+000
 2.332500e+002  6.298344e-001  0.000000e+000
 2.335000e+002  6.257913e-001  0.000000e+000
 2.337500e+002  6.781502e-001  0.000000e+000
 2.340000e+002  6.257069e-001  0.000000e+000
 2.342500e+002  7.535142e-001  0.000000e+000
 2.345000e+002  6.704819e-001  0.000000e+000
 2.347500e+002  7.262856e-001  0.000000e+000
 2.350000e+002  7.985684e-001  0.000000e+000
 2.352500e+002  7.332239e-001  0.000000e+000
 2.355000e+002  7.066017e-001  0.000000e+000
 2.357500e+002  6.783130e-001  0.000000e+000
 2.360000e+002  7.307436e-001  0.000000e+000
 2.362500e+002  7.782484e-001  0.000000e+000
 2.365000e+002  7.710767e-001  0.000000e+000
 2.367500e+002  8.242739e-001  0.000000e+000
 2.370000e+002  7.386500e-001  0.000000e+000
 2.372500e+002  7.725956e-001  0.000000e+000
 2.375000e+002  8.263815e-001  0.000000e+000
 2.377500e+002  8.667718e-001  0.000000e+000
 2.380000e+002  8.727618e-001  0.000000e+000
 2.382500e+002  7.988705e-001  0.000000e+000
 2.385000e+002  8.425863e-001  0.000000e+000
 2.387500e+002  8.442801e-001  0.000000e+000
 2.390000e+002  8.831754e-001  0.000000e+000
 2.392500e+002  8.791454e-001  0.000000e+000
 2.395000e+002  8.760049e-001  0.000000e+000
 2.397500e+002  8.805163e-001  0.000000e+000
 2.400000e+002  8.974109e-001  0.000000e+000
 2.402500e+002  9.014391e-001  0.000000e+000
 2.405000e+002  9.049363e-001  0.000000e+000
 2.407500e+002  9.034004e-001  0.000000e+000
 2.410000e+002  9.140961e-001  0.000000e+000
 2.412500e+002  8.942667e-001  0.000000e+000
 2.415000e+002  9.243467e-001  0.000000e+000
 2.417500e+002  9.234775e-001  0.000000e+000
 2.420000e+002  9.206845e-001  0.000000e+000
 2.422500e+002  9.188130e-001  0.000000e+000
 2.425000e+002  9.073091e-001  0.000000e+000
 2.427500e+002  9.100097e-001  0.000000e+000
 2.430000e+002  9.016426e-001  0.000000e+000
 2.432500e+002  8.839691e-001  0.000000e+000
 2.435000e+002  8.800802e-001  0.000000e+000
 2.437500e+002  8.764327e-001  0.000000e+000
 2.440000e+002  8.500211e-001  0.000000e+000
 2.442500e+002  8.323135e-001  0.000000e+000
 2.445000e+002  8.401557e-001  0.000000e+000
 2.447500e+002  8.159992e-001  0.000000e+000
 2.450000e+002  7.711282e-001  0.000000e+000
 2.452500e+002  7.738899e-001  0.000000e+000
 2.455000e+002  7.168698e-001  0.000000e+000
 2.457500e+002  6.796200e-001  0.000000e+000
 2.460000e+002  6.703496e-001  0.000000e+000
 2.462500e+002  6.765474e-001  0.000000e+000
 2.465000e+002  6.307091e-001  0.000000e+000
 2.467500e+002  5.641670e-001  0.000000e+000
 2.470000e+002  6.142661e-001  0.000000e+000
 2.472500e+002  5.307665e-001  0.000000e+000
 2.475000e+002  5.741259e-001  0.000000e+000
 2.477500e+002  5.307036e-001  0.000000e+000
 2.480000e+002  5.129344e-001  0.000000e+000
 2.482500e+002  5.040924e-001  0.000000e+000
 2.485000e+002  5.183063e-001  0.000000e+000
 2.487500e+002  4.203919e-001  0.000000e+000
 2.490000e+002  3.847800e-001  0.000000e+000
 2.492500e+002  3.935636e-001  0.000000e+000
 2.495000e+002  3.636073e-001  0.000000e+000
 2.497500e+002  2.508548e-001  0.000000e+000
 2.500000e+002  2.688791e-001  0.000000e+000
 2.502500e+002  2.663229e-001  0.000000e+000
 2.505000e+002  2.647052e-001  0.000000e+000
 2.507500e+002  1.967943e-001  0.000000e+000
 2.510000e+002  2.158156e-001  0.000000e+000
 2.512500e+002  2.242738e-001  0.000000e+000
 2.515000e+002  1.678654e-001  0.000000e+000
 2.517500e+002  1.491644e-001  0.000000e+000
 2.520000e+002  1.676874e-001  0.000000e+000
 2.522500e+002  1.022273e-001  0.000000e+000
 2.525000e+002  1.825229e-001  0.000000e+000
 2.527500e+002  1.231063e-001  0.000000e+000
 2.530000e+002  1.248676e-001  0.000000e+000
 2.532500e+002  6.871403e-002  0.000000e+000
 2.535000e+002  1.083116e-001  0.000000e+000
 2.537500e+002  4.771559e-002  0.000000e+000
 2.540000e+002  1.849055e-001  0.000000e+000
 2.542500e+002  8.892489e-002  0.000000e+000
 2.545000e+002  9.633861e-002  0.000000e+000
 2.547500e+002  2.500817e-002  0.000000e+000
 2.550000e+002  4.319163e-002  0.000000e+000
 2.552500e+002  5.846471e-002  0.000000e+000
 2.555000e+002  4.550495e-002  0.000000e+000
 2.557500e+002  4.539687e-002  0.000000e+000
 2.560000e+002  9.417118e-002  0.000000e+000
