 0.000000e+000  9.062305e-001  0.000000e+000
 2.500000e-001  2.688116e-001  0.000000e+000
 5.000000e-001  3.585295e-001  0.000000e+000
 7.500000e-001  1.552063e-001  0.000000e+000
 1.000000e+000  1.924162e-001  0.000000e+000
 1.250000e+000  6.734016e-001  0.000000e+000
 1.500000e+000  6.497092e-001  0.000000e+000
 1.750000e+000  6.964290e-001  0.000000e+000
 2.000000e+000  7.036976e-001  0.000000e+000
 2.250000e+000  7.708489e-001  0.000000e+000
 2.500000e+000  7.151102e-001  0.000000e+000
 2.750000e+000  5.894416e-001  0.000000e+000
 3.000000e+000  8.315663e-001  0.000000e+000
 3.250000e+000  6.308387e-001  0.000000e+000
 3.500000e+000  7.134255e-001  0.000000e+000
 3.750000e+000  3.997317e-001  0.000000e+000
 4.000000e+000  2.062219e-001  0.000000e+000
 4.250000e+000  2.205657e-001  0.000000e+000
 4.500000e+000  4.463339e-001  0.000000e+000
 4.750000e+000  7.441584e-001  0.000000e+000
 5.000000e+000  7.562378e-001  0.000000e+000
 5.250000e+000  7.703416e-001  0.000000e+000
 5.500000e+000  8.290612e-001  0.000000e+000
 5.750000e+000  8.489333e-001  0.000000e+000
 6.000000e+000  6.879852e-001  0.000000e+000
 6.250000e+000  8.895273e-001  0.000000e+000
 6.500000e+000  9.171737e-001  0.000000e+000
 6.750000e+000  9.408007e-001  0.000000e+000
 7.000000e+000  9.406253e-001  0.000000e+000
 7.250000e+000  9.340454e-001  0.000000e+000
 7.500000e+000  9.377621e-001  0.000000e+000
 7.750000e+000  9.539642e-001  0.000000e+000
 8.000000e+000  9.722935e-001  0.000000e+000
 8.250000e+000  9.669880e-001  0.000000e+000
 8.500000e+000  9.535766e-001  0.000000e+000
 8.750000e+000  9.686613e-001  0.000000e+000
 9.000000e+000  9.777886e-001  0.000000e+000
 9.250000e+000  9.808105e-001  0.000000e+000
 9.500000e+000  9.719049e-001  0.000000e+000
 9.750000e+000  9.719286e-001  0.000000e+000
 1.000000e+001  9.755691e-001  0.000000e+000
 1.025000e+001  9.839638e-001  0.000000e+000
 1.050000e+001  9.817439e-001  0.000000e+000
 1.075000e+001  9.826881e-001  0.000000e+000
 1.100000e+001  9.804601e-001  0.000000e+000
 1.125000e+001  9.789052e-001  0.000000e+000
 1.150000e+001  9.893520e-001  0.000000e+000
 1.175000e+001  9.843118e-001  0.000000e+000
 1.200000e+001  9.874953e-001  0.000000e+000
 1.225000e+001  9.812065e-001  0.000000e+000
 1.250000e+001  9.850841e-001  0.000000e+000
 1.275000e+001  9.875121e-001  0.000000e+000
 1.300000e+001  9.871731e-001  0.000000e+000
 1.325000e+001  9.911092e-001  0.000000e+000
 1.350000e+001  9.844740e-001  0.000000e+000
 1.375000e+001  9.905905e-001  0.000000e+000
 1.400000e+001  9.872429e-001  0.000000e+000
 1.425000e+001  9.904112e-001  0.000000e+000
 1.450000e+001  9.911683e-001  0.000000e+000
 1.475000e+001  9.895403e-001  0.000000e+000
 1.500000e+001  9.926957e-001  0.000000e+000
 1.525000e+001  9.914157e-001  0.000000e+000
 1.550000e+001  9.899210e-001  0.000000e+000
 1.575000e+001  9.884681e-001  0.000000e+000
 1.600000e+001  9.842895e-001  0.000000e+000
 1.625000e+001  9.880581e-001  0.000000e+000
 1.650000e+001  9.890332e-001  0.000000e+000
 1.675000e+001  9.847313e-001  0.000000e+000
 1.700000e+001  9.907504e-001  0.000000e+000
 1.725000e+001  9.909451e-001  0.000000e+000
 1.750000e+001  9.884735e-001  0.000000e+000
 1.775000e+001  9.892811e-001  0.000000e+000
 1.800000e+001  9.892877e-001  0.000000e+000
 1.825000e+001  9.866289e-001  0.000000e+000
 1.850000e+001  9.897053e-001  0.000000e+000
 1.875000e+001  9.882370e-001  0.000000e+000
 1.900000e+001  9.911880e-001  0.000000e+000
 1.925000e+001  9.909121e-001  0.000000e+000
 1.950000e+001  9.909354e-001  0.000000e+000
 1.975000e+001  9.886688e-001  0.000000e+000
 2.000000e+001  9.890383e-001  0.000000e+000
 2.025000e+001  9.900472e-001  0.000000e+000
 2.050000e+001  9.872342e-001  0.000000e+000
 2.075000e+001  9.911835e-001  0.000000e+000
 2.100000e+001  9.852064e-001  0.000000e+000
 2.125000e+001  9.893599e-001  0.000000e+000
 2.150000e+001  9.873146e-001  0.000000e+000
 2.175000e+001  9.843428e-001  0.000000e+000
 2.200000e+001  9.883553e-001  0.000000e+000
 2.225000e+001  9.879059e-001  0.000000e+000
 2.250000e+001  9.873332e-001  0.000000e+000
 2.275000e+001  9.875670e-001  0.000000e+000
 2.300000e+001  9.858209e-001  0.000000e+000
 2.325000e+001  9.856656e-001  0.000000e+000
 2.350000e+001  9.880998e-001  0.000000e+000
 2.375000e+001  9.864792e-001  0.000000e+000
 2.400000e+001  9.894413e-001  0.000000e+000
 2.425000e+001  9.853036e-001  0.000000e+000
 2.450000e+001  9.910918e-001  0.000000e+000
 2.475000e+001  9.866671e-001  0.000000e+000
 2.500000e+001  9.857635e-001  0.000000e+000
 2.525000e+001  9.865188e-001  0.000000e+000
 2.550000e+001  9.856796e-001  0.000000e+000
 2.575000e+001  9.863117e-001  0.000000e+000
 2.600000e+001  9.885040e-001  0.000000e+000
 2.625000e+001  9.838684e-001  0.000000e+000
 2.650000e+001  9.854923e-001  0.000000e+000
 2.675000e+001  9.863721e-001  0.000000e+000
 2.700000e+001  9.837214e-001  0.000000e+000
 2.725000e+001  9.856066e-001  0.000000e+000
 2.750000e+001  9.849465e-001  0.000000e+000
 2.775000e+001  9.854762e-001  0.000000e+000
 2.800000e+001  9.858644e-001  0.000000e+000
 2.825000e+001  9.853955e-001  0.000000e+000
 2.850000e+001  9.828072e-001  0.000000e+000
 2.875000e+001  9.867896e-001  0.000000e+000
 2.900000e+001  9.857660e-001  0.000000e+000
 2.925000e+001  9.833575e-001  0.000000e+000
 2.950000e+001  9.846766e-001  0.000000e+000
 2.975000e+001  9.856701e-001  0.000000e+000
 3.000000e+001  9.831062e-001  0.000000e+000
 3.025000e+001  9.829004e-001  0.000000e+000
 3.050000e+001  9.808655e-001  0.000000e+000
 3.075000e+001  9.838545e-001  0.000000e+000
 3.100000e+001  9.859195e-001  0.000000e+000
 3.125000e+001  9.838054e-001  0.000000e+000
 3.150000e+001  9.832281e-001  0.000000e+000
 3.175000e+001  9.806385e-001  0.000000e+000
 3.200000e+001  9.835806e-001  0.000000e+000
 3.225000e+001  9.814754e-001  0.000000e+000
 3.250000e+001  9.801467e-001  0.000000e+000
 3.275000e+001  9.837487e-001  0.000000e+000
 3.300000e+001  9.814605e-001  0.000000e+000
 3.325000e+001  9.832917e-001  0.000000e+000
 3.350000e+001  9.824862e-001  0.000000e+000
 3.375000e+001  9.814758e-001  0.000000e+000
 3.400000e+001  9.794666e-001  0.000000e+000
 3.425000e+001  9.815649e-001  0.000000e+000
 3.450000e+001  9.818980e-001  0.000000e+000
 3.475000e+001  9.794276e-001  0.000000e+000
 3.500000e+001  9.822581e-001  0.000000e+000
 3.525000e+001  9.805261e-001  0.000000e+000
 3.550000e+001  9.811820e-001  0.000000e+000
 3.575000e+001  9.815872e-001  0.000000e+000
 3.600000e+001  9.803208e-001  0.000000e+000
 3.625000e+001  9.814258e-001  0.000000e+000
 3.650000e+001  9.814284e-001  0.000000e+000
 3.675000e+001  9.792845e-001  0.000000e+000
 3.700000e+001  9.810912e-001  0.000000e+000
 3.725000e+001  9.807511e-001  0.000000e+000
 3.750000e+001  9.816584e-001  0.000000e+000
 3.775000e+001  9.775726e-001  0.000000e+000
 3.800000e+001  9.809682e-001  0.000000e+000
 3.825000e+001  9.819621e-001  0.000000e+000
 3.850000e+001  9.814032e-001  0.000000e+000
 3.875000e+001  9.780062e-001  0.000000e+000
 3.900000e+001  9.785237e-001  0.000000e+000
 3.925000e+001  9.787195e-001  0.000000e+000
 3.950000e+001  9.797231e-001  0.000000e+000
 3.975000e+001  9.807186e-001  0.000000e+000
 4.000000e+001  9.795229e-001  0.000000e+000
 4.025000e+001  9.796933e-001  0.000000e+000
 4.050000e+001  9.784716e-001  0.000000e+000
 4.075000e+001  9.793872e-001  0.000000e+000
 4.100000e+001  9.761229e-001  0.000000e+000
 4.125000e+001  9.799478e-001  0.000000e+000
 4.150000e+001  9.783909e-001  0.000000e+000
 4.175000e+001  9.755877e-001  0.000000e+000
 4.200000e+001  9.789449e-001  0.000000e+000
 4.225000e+001  9.783990e-001  0.000000e+000
 4.250000e+001  9.760253e-001  0.000000e+000
 4.275000e+001  9.801310e-001  0.000000e+000
 4.300000e+001  9.769186e-001  0.000000e+000
 4.325000e+001  9.764553e-001  0.000000e+000
 4.350000e+001  9.801365e-001  0.000000e+000
 4.375000e+001  9.790512e-001  0.000000e+000
 4.400000e+001  9.778988e-001  0.000000e+000
 4.425000e+001  9.801730e-001  0.000000e+000
 4.450000e+001  9.818962e-001  0.000000e+000
 4.475000e+001  9.789562e-001  0.000000e+000
 4.500000e+001  9.779331e-001  0.000000e+000
 4.525000e+001  9.787341e-001  0.000000e+000
 4.550000e+001  9.777573e-001  0.000000e+000
 4.575000e+001  9.771521e-001  0.000000e+000
 4.600000e+001  9.772161e-001  0.000000e+000
 4.625000e+001  9.816588e-001  0.000000e+000
 4.650000e+001  9.794571e-001  0.000000e+000
 4.675000e+001  9.774860e-001  0.000000e+000
 4.700000e+001  9.786120e-001  0.000000e+000
 4.725000e+001  9.758464e-001  0.000000e+000
 4.750000e+001  9.770885e-001  0.000000e+000
 4.775000e+001  9.828747e-001  0.000000e+000
 4.800000e+001  9.805657e-001  0.000000e+000
 4.825000e+001  9.809864e-001  0.000000e+000
 4.850000e+001  9.781512e-001  0.000000e+000
 4.875000e+001  9.781865e-001  0.000000e+000
 4.900000e+001  9.801541e-001  0.000000e+000
 4.925000e+001  9.801453e-001  0.000000e+000
 4.950000e+001  9.814837e-001  0.000000e+000
 4.975000e+001  9.822852e-001  0.000000e+000
 5.000000e+001  9.813371e-001  0.000000e+000
 5.025000e+001  9.825810e-001  0.000000e+000
 5.050000e+001  9.816061e-001  0.000000e+000
 5.075000e+001  9.834496e-001  0.000000e+000
 5.100000e+001  9.823982e-001  0.000000e+000
 5.125000e+001  9.799351e-001  0.000000e+000
 5.150000e+001  9.819545e-001  0.000000e+000
 5.175000e+001  9.829435e-001  0.000000e+000
 5.200000e+001  9.835817e-001  0.000000e+000
 5.225000e+001  9.822126e-001  0.000000e+000
 5.250000e+001  9.848003e-001  0.000000e+000
 5.275000e+001  9.837210e-001  0.000000e+000
 5.300000e+001  9.833558e-001  0.000000e+000
 5.325000e+001  9.838533e-001  0.000000e+000
 5.350000e+001  9.829333e-001  0.000000e+000
 5.375000e+001  9.817719e-001  0.000000e+000
 5.400000e+001  9.857131e-001  0.000000e+000
 5.425000e+001  9.855597e-001  0.000000e+000
 5.450000e+001  9.832177e-001  0.000000e+000
 5.475000e+001  9.842151e-001  0.000000e+000
 5.500000e+001  9.876420e-001  0.000000e+000
 5.525000e+001  9.843864e-001  0.000000e+000
 5.550000e+001  9.869282e-001  0.000000e+000
 5.575000e+001  9.861156e-001  0.000000e+000
 5.600000e+001  9.869470e-001  0.000000e+000
 5.625000e+001  9.892249e-001  0.000000e+000
 5.650000e+001  9.856884e-001  0.000000e+000
 5.675000e+001  9.873647e-001  0.000000e+000
 5.700000e+001  9.881909e-001  0.000000e+000
 5.725000e+001  9.874266e-001  0.000000e+000
 5.750000e+001  9.901294e-001  0.000000e+000
 5.775000e+001  9.876292e-001  0.000000e+000
 5.800000e+001  9.895584e-001  0.000000e+000
 5.825000e+001  9.878103e-001  0.000000e+000
 5.850000e+001  9.894845e-001  0.000000e+000
 5.875000e+001  9.893131e-001  0.000000e+000
 5.900000e+001  9.907286e-001  0.000000e+000
 5.925000e+001  9.892353e-001  0.000000e+000
 5.950000e+001  9.889269e-001  0.000000e+000
 5.975000e+001  9.710625e-001  0.000000e+000
 6.000000e+001  9.678973e-001  0.000000e+000
 6.025000e+001  9.863251e-001  0.000000e+000
 6.050000e+001  9.908376e-001  0.000000e+000
 6.075000e+001  9.898294e-001  0.000000e+000
 6.100000e+001  9.919837e-001  0.000000e+000
 6.125000e+001  9.926931e-001  0.000000e+000
 6.150000e+001  9.913251e-001  0.000000e+000
 6.175000e+001  9.918581e-001  0.000000e+000
 6.200000e+001  9.919908e-001  0.000000e+000
 6.225000e+001  9.917142e-001  0.000000e+000
 6.250000e+001  9.931868e-001  0.000000e+000
 6.275000e+001  9.931995e-001  0.000000e+000
 6.300000e+001  9.921934e-001  0.000000e+000
 6.325000e+001  9.935554e-001  0.000000e+000
 6.350000e+001  9.925835e-001  0.000000e+000
 6.375000e+001  9.939491e-001  0.000000e+000
 6.400000e+001  9.935663e-001  0.000000e+000
 6.425000e+001  9.931025e-001  0.000000e+000
 6.450000e+001  9.925207e-001  0.000000e+000
 6.475000e+001  9.952934e-001  0.000000e+000
 6.500000e+001  9.953038e-001  0.000000e+000
 6.525000e+001  9.939729e-001  0.000000e+000
 6.550000e+001  9.932637e-001  0.000000e+000
 6.575000e+001  9.958220e-001  0.000000e+000
 6.600000e+001  9.949928e-001  0.000000e+000
 6.625000e+001  9.959856e-001  0.000000e+000
 6.650000e+001  9.952372e-001  0.000000e+000
 6.675000e+001  9.953823e-001  0.000000e+000
 6.700000e+001  9.951787e-001  0.000000e+000
 6.725000e+001  9.968461e-001  0.000000e+000
 6.750000e+001  9.955955e-001  0.000000e+000
 6.775000e+001  9.953683e-001  0.000000e+000
 6.800000e+001  9.967683e-001  0.000000e+000
 6.825000e+001  9.971893e-001  0.000000e+000
 6.850000e+001  9.969115e-001  0.000000e+000
 6.875000e+001  9.957786e-001  0.000000e+000
 6.900000e+001  9.962418e-001  0.000000e+000
 6.925000e+001  9.968556e-001  0.000000e+000
 6.950000e+001  9.967006e-001  0.000000e+000
 6.975000e+001  9.969803e-001  0.000000e+000
 7.000000e+001  9.975244e-001  0.000000e+000
 7.025000e+001  9.967007e-001  0.000000e+000
 7.050000e+001  9.964326e-001  0.000000e+000
 7.075000e+001  9.973589e-001  0.000000e+000
 7.100000e+001  9.978367e-001  0.000000e+000
 7.125000e+001  9.968568e-001  0.000000e+000
 7.150000e+001  9.979957e-001  0.000000e+000
 7.175000e+001  9.973506e-001  0.000000e+000
 7.200000e+001  9.976286e-001  0.000000e+000
 7.225000e+001  9.975091e-001  0.000000e+000
 7.250000e+001  9.970049e-001  0.000000e+000
 7.275000e+001  9.957050e-001  0.000000e+000
 7.300000e+001  9.911298e-001  0.000000e+000
 7.325000e+001  9.951028e-001  0.000000e+000
 7.350000e+001  9.973335e-001  0.000000e+000
 7.375000e+001  9.978346e-001  0.000000e+000
 7.400000e+001  9.979790e-001  0.000000e+000
 7.425000e+001  9.982587e-001  0.000000e+000
 7.450000e+001  9.979148e-001  0.000000e+000
 7.475000e+001  9.988133e-001  0.000000e+000
 7.500000e+001  9.986256e-001  0.000000e+000
 7.525000e+001  9.985577e-001  0.000000e+000
 7.550000e+001  9.983655e-001  0.000000e+000
 7.575000e+001  9.986841e-001  0.000000e+000
 7.600000e+001  9.980032e-001  0.000000e+000
 7.625000e+001  9.983674e-001  0.000000e+000
 7.650000e+001  9.985504e-001  0.000000e+000
 7.675000e+001  9.987951e-001  0.000000e+000
 7.700000e+001  9.984386e-001  0.000000e+000
 7.725000e+001  9.983885e-001  0.000000e+000
 7.750000e+001  9.987095e-001  0.000000e+000
 7.775000e+001  9.983215e-001  0.000000e+000
 7.800000e+001  9.986609e-001  0.000000e+000
 7.825000e+001  9.976274e-001  0.000000e+000
 7.850000e+001  9.975150e-001  0.000000e+000
 7.875000e+001  9.969186e-001  0.000000e+000
 7.900000e+001  9.964673e-001  0.000000e+000
 7.925000e+001  9.956729e-001  0.000000e+000
 7.950000e+001  9.914758e-001  0.000000e+000
 7.975000e+001  9.862753e-001  0.000000e+000
 8.000000e+001  9.952250e-001  0.000000e+000
 8.025000e+001  9.969215e-001  0.000000e+000
 8.050000e+001  9.980635e-001  0.000000e+000
 8.075000e+001  9.972934e-001  0.000000e+000
 8.100000e+001  9.967265e-001  0.000000e+000
 8.125000e+001  9.979706e-001  0.000000e+000
 8.150000e+001  9.980020e-001  0.000000e+000
 8.175000e+001  9.985988e-001  0.000000e+000
 8.200000e+001  9.979386e-001  0.000000e+000
 8.225000e+001  9.980116e-001  0.000000e+000
 8.250000e+001  9.972275e-001  0.000000e+000
 8.275000e+001  9.983229e-001  0.000000e+000
 8.300000e+001  9.981024e-001  0.000000e+000
 8.325000e+001  9.985525e-001  0.000000e+000
 8.350000e+001  9.967593e-001  0.000000e+000
 8.375000e+001  9.980115e-001  0.000000e+000
 8.400000e+001  9.977425e-001  0.000000e+000
 8.425000e+001  9.980609e-001  0.000000e+000
 8.450000e+001  9.966801e-001  0.000000e+000
 8.475000e+001  9.969629e-001  0.000000e+000
 8.500000e+001  9.969756e-001  0.000000e+000
 8.525000e+001  9.968359e-001  0.000000e+000
 8.550000e+001  9.973088e-001  0.000000e+000
 8.575000e+001  9.968215e-001  0.000000e+000
 8.600000e+001  9.970093e-001  0.000000e+000
 8.625000e+001  9.972288e-001  0.000000e+000
 8.650000e+001  9.969446e-001  0.000000e+000
 8.675000e+001  9.966907e-001  0.000000e+000
 8.700000e+001  9.969538e-001  0.000000e+000
 8.725000e+001  9.970270e-001  0.000000e+000
 8.750000e+001  9.972564e-001  0.000000e+000
 8.775000e+001  9.960426e-001  0.000000e+000
 8.800000e+001  9.947568e-001  0.000000e+000
 8.825000e+001  9.945228e-001  0.000000e+000
 8.850000e+001  9.964548e-001  0.000000e+000
 8.875000e+001  9.948083e-001  0.000000e+000
 8.900000e+001  9.945933e-001  0.000000e+000
 8.925000e+001  9.933888e-001  0.000000e+000
 8.950000e+001  9.942151e-001  0.000000e+000
 8.975000e+001  9.918721e-001  0.000000e+000
 9.000000e+001  9.925895e-001  0.000000e+000
 9.025000e+001  9.913472e-001  0.000000e+000
 9.050000e+001  9.889556e-001  0.000000e+000
 9.075000e+001  9.910409e-001  0.000000e+000
 9.100000e+001  9.902042e-001  0.000000e+000
 9.125000e+001  9.903436e-001  0.000000e+000
 9.150000e+001  9.911411e-001  0.000000e+000
 9.175000e+001  9.901824e-001  0.000000e+000
 9.200000e+001  9.922251e-001  0.000000e+000
 9.225000e+001  9.908834e-001  0.000000e+000
 9.250000e+001  9.892266e-001  0.000000e+000
 9.275000e+001  9.910327e-001  0.000000e+000
 9.300000e+001  9.902523e-001  0.000000e+000
 9.325000e+001  9.915353e-001  0.000000e+000
 9.350000e+001  9.901003e-001  0.000000e+000
 9.375000e+001  9.871756e-001  0.000000e+000
 9.400000e+001  9.887137e-001  0.000000e+000
 9.425000e+001  9.857286e-001  0.000000e+000
 9.450000e+001  9.842414e-001  0.000000e+000
 9.475000e+001  9.857913e-001  0.000000e+000
 9.500000e+001  9.838436e-001  0.000000e+000
 9.525000e+001  9.859695e-001  0.000000e+000
 9.550000e+001  9.851881e-001  0.000000e+000
 9.575000e+001  9.811082e-001  0.000000e+000
 9.600000e+001  9.868513e-001  0.000000e+000
 9.625000e+001  9.803182e-001  0.000000e+000
 9.650000e+001  9.833404e-001  0.000000e+000
 9.675000e+001  9.815326e-001  0.000000e+000
 9.700000e+001  9.767159e-001  0.000000e+000
 9.725000e+001  9.838308e-001  0.000000e+000
 9.750000e+001  9.826095e-001  0.000000e+000
 9.775000e+001  9.811456e-001  0.000000e+000
 9.800000e+001  9.723588e-001  0.000000e+000
 9.825000e+001  9.733434e-001  0.000000e+000
 9.850000e+001  9.727151e-001  0.000000e+000
 9.875000e+001  9.705229e-001  0.000000e+000
 9.900000e+001  9.725814e-001  0.000000e+000
 9.925000e+001  9.784786e-001  0.000000e+000
 9.950000e+001  9.688544e-001  0.000000e+000
 9.975000e+001  9.689130e-001  0.000000e+000
 1.000000e+002  9.660767e-001  0.000000e+000
 1.002500e+002  9.685066e-001  0.000000e+000
 1.005000e+002  9.621279e-001  0.000000e+000
 1.007500e+002  9.664164e-001  0.000000e+000
 1.010000e+002  9.641403e-001  0.000000e+000
 1.012500e+002  9.665108e-001  0.000000e+000
 1.015000e+002  9.623971e-001  0.000000e+000
 1.017500e+002  9.452459e-001  0.000000e+000
 1.020000e+002  9.518244e-001  0.000000e+000
 1.022500e+002  9.356707e-001  0.000000e+000
 1.025000e+002  9.497823e-001  0.000000e+000
 1.027500e+002  9.609789e-001  0.000000e+000
 1.030000e+002  9.521308e-001  0.000000e+000
 1.032500e+002  9.543250e-001  0.000000e+000
 1.035000e+002  9.540533e-001  0.000000e+000
 1.037500e+002  9.495528e-001  0.000000e+000
 1.040000e+002  9.391410e-001  0.000000e+000
 1.042500e+002  9.292857e-001  0.000000e+000
 1.045000e+002  9.392475e-001  0.000000e+000
 1.047500e+002  9.438511e-001  0.000000e+000
 1.050000e+002  9.265167e-001  0.000000e+000
 1.052500e+002  9.173468e-001  0.000000e+000
 1.055000e+002  9.260457e-001  0.000000e+000
 1.057500e+002  9.183035e-001  0.000000e+000
 1.060000e+002  9.139201e-001  0.000000e+000
 1.062500e+002  9.155766e-001  0.000000e+000
 1.065000e+002  9.180340e-001  0.000000e+000
 1.067500e+002  9.206420e-001  0.000000e+000
 1.070000e+002  9.136528e-001  0.000000e+000
 1.072500e+002  8.992565e-001  0.000000e+000
 1.075000e+002  9.166622e-001  0.000000e+000
 1.077500e+002  9.289764e-001  0.000000e+000
 1.080000e+002  9.110100e-001  0.000000e+000
 1.082500e+002  8.752579e-001  0.000000e+000
 1.085000e+002  8.656752e-001  0.000000e+000
 1.087500e+002  8.690959e-001  0.000000e+000
 1.090000e+002  8.696847e-001  0.000000e+000
 1.092500e+002  8.498780e-001  0.000000e+000
 1.095000e+002  8.521127e-001  0.000000e+000
 1.097500e+002  8.294840e-001  0.000000e+000
 1.100000e+002  8.432705e-001  0.000000e+000
 1.102500e+002  8.133312e-001  0.000000e+000
 1.105000e+002  8.394388e-001  0.000000e+000
 1.107500e+002  7.868661e-001  0.000000e+000
 1.110000e+002  7.480569e-001  0.000000e+000
 1.112500e+002  7.172178e-001  0.000000e+000
 1.115000e+002  7.104634e-001  0.000000e+000
 1.117500e+002  7.380426e-001  0.000000e+000
 1.120000e+002  7.813702e-001  0.000000e+000
 1.122500e+002  7.715556e-001  0.000000e+000
 1.125000e+002  8.316939e-001  0.000000e+000
 1.127500e+002  8.850071e-001  0.000000e+000
 1.130000e+002  9.182055e-001  0.000000e+000
 1.132500e+002  9.257360e-001  0.000000e+000
 1.135000e+002  9.462068e-001  0.000000e+000
 1.137500e+002  9.557377e-001  0.000000e+000
 1.140000e+002  9.488749e-001  0.000000e+000
 1.142500e+002  9.722249e-001  0.000000e+000
 1.145000e+002  9.455817e-001  0.000000e+000
 1.147500e+002  9.489537e-001  0.000000e+000
 1.150000e+002  9.519113e-001  0.000000e+000
 1.152500e+002  9.495418e-001  0.000000e+000
 1.155000e+002  9.459456e-001  0.000000e+000
 1.157500e+002  9.222094e-001  0.000000e+000
 1.160000e+002  9.219995e-001  0.000000e+000
 1.162500e+002  9.202816e-001  0.000000e+000
 1.165000e+002  9.056453e-001  0.000000e+000
 1.167500e+002  9.078302e-001  0.000000e+000
 1.170000e+002  9.128630e-001  0.000000e+000
 1.172500e+002  8.853863e-001  0.000000e+000
 1.175000e+002  8.896349e-001  0.000000e+000
 1.177500e+002  9.145854e-001  0.000000e+000
 1.180000e+002  8.966743e-001  0.000000e+000
 1.182500e+002  8.842515e-001  0.000000e+000
 1.185000e+002  9.057411e-001  0.000000e+000
 1.187500e+002  8.957942e-001  0.000000e+000
 1.190000e+002  8.883517e-001  0.000000e+000
 1.192500e+002  8.921672e-001  0.000000e+000
 1.195000e+002  8.866158e-001  0.000000e+000
 1.197500e+002  8.874220e-001  0.000000e+000
 1.200000e+002  9.008322e-001  0.000000e+000
 1.202500e+002  8.951768e-001  0.000000e+000
 1.205000e+002  8.793133e-001  0.000000e+000
 1.207500e+002  8.800753e-001  0.000000e+000
 1.210000e+002  8.975389e-001  0.000000e+000
 1.212500e+002  8.879180e-001  0.000000e+000
 1.215000e+002  8.781546e-001  0.000000e+000
 1.217500e+002  8.418890e-001  0.000000e+000
 1.220000e+002  8.661100e-001  0.000000e+000
 1.222500e+002  8.921587e-001  0.000000e+000
 1.225000e+002  8.681722e-001  0.000000e+000
 1.227500e+002  8.958717e-001  0.000000e+000
 1.230000e+002  8.687987e-001  0.000000e+000
 1.232500e+002  8.525236e-001  0.000000e+000
 1.235000e+002  8.861890e-001  0.000000e+000
 1.237500e+002  8.718084e-001  0.000000e+000
 1.240000e+002  8.699116e-001  0.000000e+000
 1.242500e+002  8.720137e-001  0.000000e+000
 1.245000e+002  8.428882e-001  0.000000e+000
 1.247500e+002  8.903168e-001  0.000000e+000
 1.250000e+002  8.431924e-001  0.000000e+000
 1.252500e+002  8.341041e-001  0.000000e+000
 1.255000e+002  8.525696e-001  0.000000e+000
 1.257500e+002  8.740893e-001  0.000000e+000
 1.260000e+002  8.288061e-001  0.000000e+000
 1.262500e+002  8.650850e-001  0.000000e+000
 1.265000e+002  8.531446e-001  0.000000e+000
 1.267500e+002  8.473593e-001  0.000000e+000
 1.270000e+002  8.795449e-001  0.000000e+000
 1.272500e+002  8.705322e-001  0.000000e+000
 1.275000e+002  8.821402e-001  0.000000e+000
 1.277500e+002  8.411700e-001  0.000000e+000
 1.280000e+002  8.399097e-001  0.000000e+000
 1.282500e+002  8.746704e-001  0.000000e+000
 1.285000e+002  8.578541e-001  0.000000e+000
 1.287500e+002  8.610362e-001  0.000000e+000
 1.290000e+002  8.669878e-001  0.000000e+000
 1.292500e+002  8.668820e-001  0.000000e+000
 1.295000e+002  8.697507e-001  0.000000e+000
 1.297500e+002  8.612196e-001  0.000000e+000
 1.300000e+002  8.965657e-001  0.000000e+000
 1.302500e+002  8.581215e-001  0.000000e+000
 1.305000e+002  8.304526e-001  0.000000e+000
 1.307500e+002  8.339657e-001  0.000000e+000
 1.310000e+002  8.544609e-001  0.000000e+000
 1.312500e+002  8.664869e-001  0.000000e+000
 1.315000e+002  8.665079e-001  0.000000e+000
 1.317500e+002  8.517776e-001  0.000000e+000
 1.320000e+002  8.381834e-001  0.000000e+000
 1.322500e+002  8.520896e-001  0.000000e+000
 1.325000e+002  8.325171e-001  0.000000e+000
 1.327500e+002  8.536620e-001  0.000000e+000
 1.330000e+002  9.018192e-001  0.000000e+000
 1.332500e+002  8.839560e-001  0.000000e+000
 1.335000e+002  8.526525e-001  0.000000e+000
 1.337500e+002  8.164038e-001  0.000000e+000
 1.340000e+002  8.483731e-001  0.000000e+000
 1.342500e+002  8.596375e-001  0.000000e+000
 1.345000e+002  8.654321e-001  0.000000e+000
 1.347500e+002  8.707275e-001  0.000000e+000
 1.350000e+002  8.443677e-001  0.000000e+000
 1.352500e+002  8.552027e-001  0.000000e+000
 1.355000e+002  8.782930e-001  0.000000e+000
 1.357500e+002  8.462619e-001  0.000000e+000
 1.360000e+002  8.839529e-001  0.000000e+000
 1.362500e+002  8.627356e-001  0.000000e+000
 1.365000e+002  8.856044e-001  0.000000e+000
 1.367500e+002  8.988980e-001  0.000000e+000
 1.370000e+002  8.268942e-001  0.000000e+000
 1.372500e+002  8.395911e-001  0.000000e+000
 1.375000e+002  9.011458e-001  0.000000e+000
 1.377500e+002  8.434337e-001  0.000000e+000
 1.380000e+002  8.609099e-001  0.000000e+000
 1.382500e+002  8.948813e-001  0.000000e+000
 1.385000e+002  8.518441e-001  0.000000e+000
 1.387500e+002  8.455250e-001  0.000000e+000
 1.390000e+002  8.785772e-001  0.000000e+000
 1.392500e+002  9.005881e-001  0.000000e+000
 1.395000e+002  8.647842e-001  0.000000e+000
 1.397500e+002  8.879931e-001  0.000000e+000
 1.400000e+002  8.718453e-001  0.000000e+000
 1.402500e+002  8.639658e-001  0.000000e+000
 1.405000e+002  8.677073e-001  0.000000e+000
 1.407500e+002  8.434135e-001  0.000000e+000
 1.410000e+002  8.370783e-001  0.000000e+000
 1.412500e+002  8.587450e-001  0.000000e+000
 1.415000e+002  8.549793e-001  0.000000e+000
 1.417500e+002  8.398405e-001  0.000000e+000
 1.420000e+002  8.635089e-001  0.000000e+000
 1.422500e+002  8.252000e-001  0.000000e+000
 1.425000e+002  8.467156e-001  0.000000e+000
 1.427500e+002  8.533247e-001  0.000000e+000
 1.430000e+002  8.517863e-001  0.000000e+000
 1.432500e+002  8.657372e-001  0.000000e+000
 1.435000e+002  8.524505e-001  0.000000e+000
 1.437500e+002  8.374140e-001  0.000000e+000
 1.440000e+002  8.835868e-001  0.000000e+000
 1.442500e+002  8.722510e-001  0.000000e+000
 1.445000e+002  8.645412e-001  0.000000e+000
 1.447500e+002  8.672953e-001  0.000000e+000
 1.450000e+002  8.752843e-001  0.000000e+000
 1.452500e+002  8.924234e-001  0.000000e+000
 1.455000e+002  8.818830e-001  0.000000e+000
 1.457500e+002  8.862773e-001  0.000000e+000
 1.460000e+002  8.907947e-001  0.000000e+000
 1.462500e+002  8.514456e-001  0.000000e+000
 1.465000e+002  8.880217e-001  0.000000e+000
 1.467500e+002  9.141628e-001  0.000000e+000
 1.470000e+002  8.595187e-001  0.000000e+000
 1.472500e+002  8.621495e-001  0.000000e+000
 1.475000e+002  8.638154e-001  0.000000e+000
 1.477500e+002  8.768958e-001  0.000000e+000
 1.480000e+002  9.084012e-001  0.000000e+000
 1.482500e+002  8.753040e-001  0.000000e+000
 1.485000e+002  8.665266e-001  0.000000e+000
 1.487500e+002  8.689273e-001  0.000000e+000
 1.490000e+002  8.886917e-001  0.000000e+000
 1.492500e+002  8.478904e-001  0.000000e+000
 1.495000e+002  9.081232e-001  0.000000e+000
 1.497500e+002  8.396673e-001  0.000000e+000
 1.500000e+002  8.651559e-001  0.000000e+000
 1.502500e+002  8.531007e-001  0.000000e+000
 1.505000e+002  8.674392e-001  0.000000e+000
 1.507500e+002  8.822499e-001  0.000000e+000
 1.510000e+002  8.749321e-001  0.000000e+000
 1.512500e+002  8.404267e-001  0.000000e+000
 1.515000e+002  8.629121e-001  0.000000e+000
 1.517500e+002  8.813912e-001  0.000000e+000
 1.520000e+002  8.566858e-001  0.000000e+000
 1.522500e+002  9.159708e-001  0.000000e+000
 1.525000e+002  8.464814e-001  0.000000e+000
 1.527500e+002  8.690740e-001  0.000000e+000
 1.530000e+002  8.438025e-001  0.000000e+000
 1.532500e+002  8.781235e-001  0.000000e+000
 1.535000e+002  8.623475e-001  0.000000e+000
 1.537500e+002  8.493344e-001  0.000000e+000
 1.540000e+002  8.762903e-001  0.000000e+000
 1.542500e+002  8.408480e-001  0.000000e+000
 1.545000e+002  8.431754e-001  0.000000e+000
 1.547500e+002  8.405381e-001  0.000000e+000
 1.550000e+002  8.583829e-001  0.000000e+000
 1.552500e+002  8.314291e-001  0.000000e+000
 1.555000e+002  8.328921e-001  0.000000e+000
 1.557500e+002  8.253313e-001  0.000000e+000
 1.560000e+002  8.434013e-001  0.000000e+000
 1.562500e+002  8.492231e-001  0.000000e+000
 1.565000e+002  8.677011e-001  0.000000e+000
 1.567500e+002  8.187876e-001  0.000000e+000
 1.570000e+002  8.491280e-001  0.000000e+000
 1.572500e+002  8.765951e-001  0.000000e+000
 1.575000e+002  8.538733e-001  0.000000e+000
 1.577500e+002  8.685278e-001  0.000000e+000
 1.580000e+002  8.685028e-001  0.000000e+000
 1.582500e+002  8.557221e-001  0.000000e+000
 1.585000e+002  8.394341e-001  0.000000e+000
 1.587500e+002  8.984014e-001  0.000000e+000
 1.590000e+002  8.774703e-001  0.000000e+000
 1.592500e+002  8.942027e-001  0.000000e+000
 1.595000e+002  8.568203e-001  0.000000e+000
 1.597500e+002  8.710578e-001  0.000000e+000
 1.600000e+002  8.827756e-001  0.000000e+000
 1.602500e+002  8.537406e-001  0.000000e+000
 1.605000e+002  8.562793e-001  0.000000e+000
 1.607500e+002  8.796027e-001  0.000000e+000
 1.610000e+002  8.700632e-001  0.000000e+000
 1.612500e+002  8.552576e-001  0.000000e+000
 1.615000e+002  8.377048e-001  0.000000e+000
 1.617500e+002  8.680102e-001  0.000000e+000
 1.620000e+002  8.527577e-001  0.000000e+000
 1.622500e+002  8.571150e-001  0.000000e+000
 1.625000e+002  8.428009e-001  0.000000e+000
 1.627500e+002  8.397233e-001  0.000000e+000
 1.630000e+002  8.343109e-001  0.000000e+000
 1.632500e+002  8.539512e-001  0.000000e+000
 1.635000e+002  8.498369e-001  0.000000e+000
 1.637500e+002  8.586280e-001  0.000000e+000
 1.640000e+002  8.546234e-001  0.000000e+000
 1.642500e+002  8.016370e-001  0.000000e+000
 1.645000e+002  7.898335e-001  0.000000e+000
 1.647500e+002  7.931419e-001  0.000000e+000
 1.650000e+002  8.205603e-001  0.000000e+000
 1.652500e+002  8.224235e-001  0.000000e+000
 1.655000e+002  8.175066e-001  0.000000e+000
 1.657500e+002  8.477381e-001  0.000000e+000
 1.660000e+002  8.310520e-001  0.000000e+000
 1.662500e+002  7.912905e-001  0.000000e+000
 1.665000e+002  7.950187e-001  0.000000e+000
 1.667500e+002  8.547902e-001  0.000000e+000
 1.670000e+002  8.696450e-001  0.000000e+000
 1.672500e+002  8.129345e-001  0.000000e+000
 1.675000e+002  8.653291e-001  0.000000e+000
 1.677500e+002  8.390175e-001  0.000000e+000
 1.680000e+002  8.260975e-001  0.000000e+000
 1.682500e+002  7.728353e-001  0.000000e+000
 1.685000e+002  8.195755e-001  0.000000e+000
 1.687500e+002  8.119463e-001  0.000000e+000
 1.690000e+002  8.201110e-001  0.000000e+000
 1.692500e+002  7.789435e-001  0.000000e+000
 1.695000e+002  7.955340e-001  0.000000e+000
 1.697500e+002  8.151202e-001  0.000000e+000
 1.700000e+002  8.320662e-001  0.000000e+000
 1.702500e+002  7.900259e-001  0.000000e+000
 1.705000e+002  7.744259e-001  0.000000e+000
 1.707500e+002  8.239123e-001  0.000000e+000
 1.710000e+002  8.145836e-001  0.000000e+000
 1.712500e+002  8.240929e-001  0.000000e+000
 1.715000e+002  8.601632e-001  0.000000e+000
 1.717500e+002  7.982051e-001  0.000000e+000
 1.720000e+002  8.046259e-001  0.000000e+000
 1.722500e+002  7.953394e-001  0.000000e+000
 1.725000e+002  8.242193e-001  0.000000e+000
 1.727500e+002  8.405966e-001  0.000000e+000
 1.730000e+002  8.557109e-001  0.000000e+000
 1.732500e+002  8.161968e-001  0.000000e+000
 1.735000e+002  7.909262e-001  0.000000e+000
 1.737500e+002  8.743962e-001  0.000000e+000
 1.740000e+002  7.421619e-001  0.000000e+000
 1.742500e+002  8.640730e-001  0.000000e+000
 1.745000e+002  7.975330e-001  0.000000e+000
 1.747500e+002  8.310777e-001  0.000000e+000
 1.750000e+002  7.656623e-001  0.000000e+000
 1.752500e+002  7.617878e-001  0.000000e+000
 1.755000e+002  7.741017e-001  0.000000e+000
 1.757500e+002  7.541552e-001  0.000000e+000
 1.760000e+002  7.381018e-001  0.000000e+000
 1.762500e+002  7.608221e-001  0.000000e+000
 1.765000e+002  7.014189e-001  0.000000e+000
 1.767500e+002  7.411009e-001  0.000000e+000
 1.770000e+002  7.055344e-001  0.000000e+000
 1.772500e+002  7.395442e-001  0.000000e+000
 1.775000e+002  7.300185e-001  0.000000e+000
 1.777500e+002  7.782696e-001  0.000000e+000
 1.780000e+002  7.567660e-001  0.000000e+000
 1.782500e+002  7.298170e-001  0.000000e+000
 1.785000e+002  7.621320e-001  0.000000e+000
 1.787500e+002  8.032689e-001  0.000000e+000
 1.790000e+002  7.688349e-001  0.000000e+000
 1.792500e+002  7.423536e-001  0.000000e+000
 1.795000e+002  7.415554e-001  0.000000e+000
 1.797500e+002  7.397228e-001  0.000000e+000
 1.800000e+002  7.023268e-001  0.000000e+000
 1.802500e+002  7.292588e-001  0.000000e+000
 1.805000e+002  7.161769e-001  0.000000e+000
 1.807500e+002  6.556654e-001  0.000000e+000
 1.810000e+002  6.835220e-001  0.000000e+000
 1.812500e+002  6.731777e-001  0.000000e+000
 1.815000e+002  7.056052e-001  0.000000e+000
 1.817500e+002  6.910143e-001  0.000000e+000
 1.820000e+002  6.609691e-001  0.000000e+000
 1.822500e+002  7.056857e-001  0.000000e+000
 1.825000e+002  6.994874e-001  0.000000e+000
 1.827500e+002  6.255422e-001  0.000000e+000
 1.830000e+002  6.292457e-001  0.000000e+000
 1.832500e+002  5.964395e-001  0.000000e+000
 1.835000e+002  7.072839e-001  0.000000e+000
 1.837500e+002  6.197969e-001  0.000000e+000
 1.840000e+002  6.103994e-001  0.000000e+000
 1.842500e+002  6.955501e-001  0.000000e+000
 1.845000e+002  6.790658e-001  0.000000e+000
 1.847500e+002  6.494220e-001  0.000000e+000
 1.850000e+002  6.815376e-001  0.000000e+000
 1.852500e+002  6.846337e-001  0.000000e+000
 1.855000e+002  5.998936e-001  0.000000e+000
 1.857500e+002  6.799207e-001  0.000000e+000
 1.860000e+002  6.226746e-001  0.000000e+000
 1.862500e+002  6.455916e-001  0.000000e+000
 1.865000e+002  6.227500e-001  0.000000e+000
 1.867500e+002  5.863635e-001  0.000000e+000
 1.870000e+002  5.848599e-001  0.000000e+000
 1.872500e+002  6.038361e-001  0.000000e+000
 1.875000e+002  5.074900e-001  0.000000e+000
 1.877500e+002  5.666487e-001  0.000000e+000
 1.880000e+002  6.399645e-001  0.000000e+000
 1.882500e+002  5.722986e-001  0.000000e+000
 1.885000e+002  6.264738e-001  0.000000e+000
 1.887500e+002  6.030542e-001  0.000000e+000
 1.890000e+002  6.071778e-001  0.000000e+000
 1.892500e+002  4.800948e-001  0.000000e+000
 1.895000e+002  4.852217e-001  0.000000e+000
 1.897500e+002  5.042678e-001  0.000000e+000
 1.900000e+002  5.223674e-001  0.000000e+000
 1.902500e+002  4.994983e-001  0.000000e+000
 1.905000e+002  5.994620e-001  0.000000e+000
 1.907500e+002  4.269953e-001  0.000000e+000
 1.910000e+002  5.963830e-001  0.000000e+000
 1.912500e+002  4.824189e-001  0.000000e+000
 1.915000e+002  5.275470e-001  0.000000e+000
 1.917500e+002  4.632595e-001  0.000000e+000
 1.920000e+002  5.050473e-001  0.000000e+000
 1.922500e+002  4.674871e-001  0.000000e+000
 1.925000e+002  5.483769e-001  0.000000e+000
 1.927500e+002  3.489932e-001  0.000000e+000
 1.930000e+002  3.375347e-001  0.000000e+000
 1.932500e+002  4.497432e-001  0.000000e+000
 1.935000e+002  5.025012e-001  0.000000e+000
 1.937500e+002  3.613224e-001  0.000000e+000
 1.940000e+002  3.752153e-001  0.000000e+000
 1.942500e+002  2.440768e-001  0.000000e+000
 1.945000e+002  1.974505e-001  0.000000e+000
 1.947500e+002  3.831304e-001  0.000000e+000
 1.950000e+002  3.172880e-001  0.000000e+000
 1.952500e+002  3.124788e-001  0.000000e+000
 1.955000e+002  3.316912e-001  0.000000e+000
 1.957500e+002  2.535141e-001  0.000000e+000
 1.960000e+002  3.217999e-001  0.000000e+000
 1.962500e+002  2.838377e-001  0.000000e+000
 1.965000e+002  3.883926e-001  0.000000e+000
 1.967500e+002  1.960493e-001  0.000000e+000
 1.970000e+002  1.524776e-001  0.000000e+000
 1.972500e+002  3.289939e-001  0.000000e+000
 1.975000e+002  2.823096e-001  0.000000e+000
 1.977500e+002  2.742786e-001  0.000000e+000
 1.980000e+002  2.820931e-001  0.000000e+000
 1.982500e+002  1.818777e-001  0.000000e+000
 1.985000e+002  2.733913e-001  0.000000e+000
 1.987500e+002  1.762770e-001  0.000000e+000
 1.990000e+002  3.021763e-001  0.000000e+000
 1.992500e+002  2.680660e-001  0.000000e+000
 1.995000e+002  1.898566e-001  0.000000e+000
 1.997500e+002  1.484437e-001  0.000000e+000
 2.000000e+002  7.034867e-002  0.000000e+000
 2.002500e+002  2.766007e-001  0.000000e+000
 2.005000e+002  2.169571e-001  0.000000e+000
 2.007500e+002  1.942161e-001  0.000000e+000
 2.010000e+002  2.062338e-001  0.000000e+000
 2.012500e+002  6.783826e-002  0.000000e+000
 2.015000e+002  1.571365e-001  0.000000e+000
 2.017500e+002  1.740353e-001  0.000000e+000
 2.020000e+002  9.087931e-002  0.000000e+000
 2.022500e+002  5.737088e-002  0.000000e+000
 2.025000e+002  4.154880e-002  0.000000e+000
 2.027500e+002  1.409876e-001  0.000000e+000
 2.030000e+002  8.567093e-002  0.000000e+000
 2.032500e+002  1.021484e-001  0.000000e+000
 2.035000e+002  1.225255e-001  0.000000e+000
 2.037500e+002  8.356222e-002  0.000000e+000
 2.040000e+002  8.462027e-002  0.000000e+000
 2.042500e+002  1.080218e-002  0.000000e+000
 2.045000e+002  4.234305e-002  0.000000e+000
 2.047500e+002  1.152320e-002  0.000000e+000
 2.050000e+002  1.360110e-001  0.000000e+000
 2.052500e+002  7.337389e-002  0.000000e+000
 2.055000e+002  8.328411e-002  0.000000e+000
 2.057500e+002  7.810695e-002  0.000000e+000
 2.060000e+002  2.867749e-001  0.000000e+000
 2.062500e+002  1.116608e-001  0.000000e+000
 2.065000e+002  9.003679e-002  0.000000e+000
 2.067500e+002  1.224117e-001  0.000000e+000
 2.070000e+002  1.826109e-001  0.000000e+000
 2.072500e+002  3.714431e-002  0.000000e+000
 2.075000e+002  1.304601e-001  0.000000e+000
 2.077500e+002  4.221081e-002  0.000000e+000
 2.080000e+002  3.794411e-002  0.000000e+000
 2.082500e+002  9.328460e-002  0.000000e+000
 2.085000e+002  1.422572e-001  0.000000e+000
 2.087500e+002  1.260307e-001  0.000000e+000
 2.090000e+002  1.473582e-001  0.000000e+000
 2.092500e+002  1.505373e-001  0.000000e+000
 2.095000e+002  2.578703e-001  0.000000e+000
 2.097500e+002  1.596404e-001  0.000000e+000
 2.100000e+002  9.988891e-002  0.000000e+000
 2.102500e+002  8.305031e-002  0.000000e+000
 2.105000e+002  1.210553e-001  0.000000e+000
 2.107500e+002  2.102418e-001  0.000000e+000
 2.110000e+002  1.246087e-001  0.000000e+000
 2.112500e+002  1.912060e-001  0.000000e+000
 2.115000e+002  2.277115e-001  0.000000e+000
 2.117500e+002  1.554333e-001  0.000000e+000
 2.120000e+002  1.687730e-001  0.000000e+000
 2.122500e+002  1.864248e-001  0.000000e+000
 2.125000e+002  2.154960e-001  0.000000e+000
 2.127500e+002  1.028626e-001  0.000000e+000
 2.130000e+002  1.456457e-001  0.000000e+000
 2.132500e+002  1.470668e-001  0.000000e+000
 2.135000e+002  1.622275e-001  0.000000e+000
 2.137500e+002  2.366648e-001  0.000000e+000
 2.140000e+002  2.504030e-001  0.000000e+000
 2.142500e+002  1.790929e-001  0.000000e+000
 2.145000e+002  2.806334e-001  0.000000e+000
 2.147500e+002  1.959234e-001  0.000000e+000
 2.150000e+002  2.645122e-001  0.000000e+000
 2.152500e+002  1.718609e-001  0.000000e+000
 2.155000e+002  1.591550e-001  0.000000e+000
 2.157500e+002  3.123333e-001  0.000000e+000
 2.160000e+002  3.460658e-001  0.000000e+000
 2.162500e+002  1.956714e-001  0.000000e+000
 2.165000e+002  3.407798e-001  0.000000e+000
 2.167500e+002  3.488079e-001  0.000000e+000
 2.170000e+002  2.501712e-001  0.000000e+000
 2.172500e+002  3.070634e-001  0.000000e+000
 2.175000e+002  2.867838e-001  0.000000e+000
 2.177500e+002  2.321573e-001  0.000000e+000
 2.180000e+002  4.231800e-001  0.000000e+000
 2.182500e+002  3.514419e-001  0.000000e+000
 2.185000e+002  2.450960e-001  0.000000e+000
 2.187500e+002  2.600375e-001  0.000000e+000
 2.190000e+002  3.439540e-001  0.000000e+000
 2.192500e+002  2.854383e-001  0.000000e+000
 2.195000e+002  3.895515e-001  0.000000e+000
 2.197500e+002  3.410375e-001  0.000000e+000
 2.200000e+002  3.222060e-001  0.000000e+000
 2.202500e+002  3.529280e-001  0.000000e+000
 2.205000e+002  3.684514e-001  0.000000e+000
 2.207500e+002  3.525816e-001  0.000000e+000
 2.210000e+002  4.448832e-001  0.000000e+000
 2.212500e+002  3.258376e-001  0.000000e+000
 2.215000e+002  4.024434e-001  0.000000e+000
 2.217500e+002  3.426004e-001  0.000000e+000
 2.220000e+002  2.619634e-001  0.000000e+000
 2.222500e+002  3.367146e-001  0.000000e+000
 2.225000e+002  2.817497e-001  0.000000e+000
 2.227500e+002  2.894288e-001  0.000000e+000
 2.230000e+002  3.470021e-001  0.000000e+000
 2.232500e+002  3.568294e-001  0.000000e+000
 2.235000e+002  3.760992e-001  0.000000e+000
 2.237500e+002  3.533469e-001  0.000000e+000
 2.240000e+002  2.277469e-001  0.000000e+000
 2.242500e+002  3.205079e-001  0.000000e+000
 2.245000e+002  3.038312e-001  0.000000e+000
 2.247500e+002  3.063911e-001  0.000000e+000
 2.250000e+002  2.723802e-001  0.000000e+000
 2.252500e+002  3.191219e-001  0.000000e+000
 2.255000e+002  3.635252e-001  0.000000e+000
 2.257500e+002  2.269014e-001  0.000000e+000
 2.260000e+002  2.545073e-001  0.000000e+000
 2.262500e+002  2.769009e-001  0.000000e+000
 2.265000e+002  2.619912e-001  0.000000e+000
 2.267500e+002  2.020619e-001  0.000000e+000
 2.270000e+002  3.319119e-001  0.000000e+000
 2.272500e+002  2.917179e-001  0.000000e+000
 2.275000e+002  3.126239e-001  0.000000e+000
 2.277500e+002  1.768149e-001  0.000000e+000
 2.280000e+002  2.438806e-001  0.000000e+000
 2.282500e+002  1.696721e-001  0.000000e+000
 2.285000e+002  2.302516e-001  0.000000e+000
 2.287500e+002  1.816484e-001  0.000000e+000
 2.290000e+002  2.818876e-001  0.000000e+000
 2.292500e+002  2.571269e-001  0.000000e+000
 2.295000e+002  2.483281e-001  0.000000e+000
 2.297500e+002  1.947058e-001  0.000000e+000
 2.300000e+002  1.312309e-001  0.000000e+000
 2.302500e+002  1.856700e-001  0.000000e+000
 2.305000e+002  1.560161e-001  0.000000e+000
 2.307500e+002  9.768490e-002  0.000000e+000
 2.310000e+002  1.600133e-001  0.000000e+000
 2.312500e+002  1.159912e-001  0.000000e+000
 2.315000e+002  7.922880e-002  0.000000e+000
 2.317500e+002  7.096001e-002  0.000000e+000
 2.320000e+002  7.319055e-002  0.000000e+000
 2.322500e+002  6.376883e-002  0.000000e+000
 2.325000e+002  6.600337e-002  0.000000e+000
 2.327500e+002  1.154178e-001  0.000000e+000
 2.330000e+002  5.929537e-002  0.000000e+000
 2.332500e+002  4.405247e-002  0.000000e+000
 2.335000e+002  6.346571e-002  0.000000e+000
 2.337500e+002  5.711115e-002  0.000000e+000
 2.340000e+002  4.937582e-002  0.000000e+000
 2.342500e+002  8.868092e-002  0.000000e+000
 2.345000e+002  1.153232e-001  0.000000e+000
 2.347500e+002  5.478265e-002  0.000000e+000
 2.350000e+002  9.118895e-002  0.000000e+000
 2.352500e+002  1.888436e-001  0.000000e+000
 2.355000e+002  1.652265e-001  0.000000e+000
 2.357500e+002  5.885752e-002  0.000000e+000
 2.360000e+002  1.701725e-001  0.000000e+000
 2.362500e+002  1.726145e-001  0.000000e+000
 2.365000e+002  1.869649e-001  0.000000e+000
 2.367500e+002  2.551183e-001  0.000000e+000
 2.370000e+002  2.814200e-001  0.000000e+000
 2.372500e+002  3.493543e-001  0.000000e+000
 2.375000e+002  3.253308e-001  0.000000e+000
 2.377500e+002  3.964789e-001  0.000000e+000
 2.380000e+002  4.167939e-001  0.000000e+000
 2.382500e+002  5.553231e-001  0.000000e+000
 2.385000e+002  6.077430e-001  0.000000e+000
 2.387500e+002  7.380780e-001  0.000000e+000
 2.390000e+002  7.176464e-001  0.000000e+000
 2.392500e+002  7.081317e-001  0.000000e+000
 2.395000e+002  7.321082e-001  0.000000e+000
 2.397500e+002  7.356482e-001  0.000000e+000
 2.400000e+002  7.922106e-001  0.000000e+000
 2.402500e+002  8.097422e-001  0.000000e+000
 2.405000e+002  8.374370e-001  0.000000e+000
 2.407500e+002  8.616526e-001  0.000000e+000
 2.410000e+002  8.862243e-001  0.000000e+000
 2.412500e+002  8.863727e-001  0.000000e+000
 2.415000e+002  9.022765e-001  0.000000e+000
 2.417500e+002  8.987585e-001  0.000000e+000
 2.420000e+002  9.092464e-001  0.000000e+000
 2.422500e+002  9.177181e-001  0.000000e+000
 2.425000e+002  9.066240e-001  0.000000e+000
 2.427500e+002  9.057936e-001  0.000000e+000
 2.430000e+002  9.176568e-001  0.000000e+000
 2.432500e+002  9.048144e-001  0.000000e+000
 2.435000e+002  9.035955e-001  0.000000e+000
 2.437500e+002  8.836309e-001  0.000000e+000
 2.440000e+002  8.942785e-001  0.000000e+000
 2.442500e+002  8.852063e-001  0.000000e+000
 2.445000e+002  8.833711e-001  0.000000e+000
 2.447500e+002  8.646733e-001  0.000000e+000
 2.450000e+002  8.462929e-001  0.000000e+000
 2.452500e+002  8.531997e-001  0.000000e+000
 2.455000e+002  8.404262e-001  0.000000e+000
 2.457500e+002  8.298996e-001  0.000000e+000
 2.460000e+002  8.171161e-001  0.000000e+000
 2.462500e+002  8.259208e-001  0.000000e+000
 2.465000e+002  8.286029e-001  0.000000e+000
 2.467500e+002  8.043299e-001  0.000000e+000
 2.470000e+002  7.897595e-001  0.000000e+000
 2.472500e+002  7.586531e-001  0.000000e+000
 2.475000e+002  7.623541e-001  0.000000e+000
 2.477500e+002  7.718326e-001  0.000000e+000
 2.480000e+002  7.551783e-001  0.000000e+000
 2.482500e+002  7.156079e-001  0.000000e+000
 2.485000e+002  7.299893e-001  0.000000e+000
 2.487500e+002  7.040191e-001  0.000000e+000
 2.490000e+002  7.096226e-001  0.000000e+000
 2.492500e+002  6.854847e-001  0.000000e+000
 2.495000e+002  6.828827e-001  0.000000e+000
 2.497500e+002  6.667649e-001  0.000000e+000
 2.500000e+002  6.449193e-001  0.000000e+000
 2.502500e+002  6.182133e-001  0.000000e+000
 2.505000e+002  6.357694e-001  0.000000e+000
 2.507500e+002  6.101677e-001  0.000000e+000
 2.510000e+002  5.917075e-001  0.000000e+000
 2.512500e+002  6.008581e-001  0.000000e+000
 2.515000e+002  5.681856e-001  0.000000e+000
 2.517500e+002  5.495657e-001  0.000000e+000
 2.520000e+002  5.273174e-001  0.000000e+000
 2.522500e+002  4.968753e-001  0.000000e+000
 2.525000e+002  4.994617e-001  0.000000e+000
 2.527500e+002  4.789527e-001  0.000000e+000
 2.530000e+002  4.575464e-001  0.000000e+000
 2.532500e+002  4.451653e-001  0.000000e+000
 2.535000e+002  4.362469e-001  0.000000e+000
 2.537500e+002  4.605623e-001  0.000000e+000
 2.540000e+002  4.655660e-001  0.000000e+000
 2.542500e+002  3.685425e-001  0.000000e+000
 2.545000e+002  3.245551e-001  0.000000e+000
 2.547500e+002  4.069071e-001  0.000000e+000
 2.550000e+002  3.777992e-001  0.000000e+000
 2.552500e+002  4.058297e-001  0.000000e+000
 2.555000e+002  3.871949e-001  0.000000e+000
 2.557500e+002  3.744865e-001  0.000000e+000
 2.560000e+002  3.082308e-001  0.000000e+000
