 0.000000e+000 -2.897901e-003  0.000000e+000
 1.250000e-001 -3.499470e-006  1.506373e-006
 2.500000e-001 -2.763967e-006  9.848326e-007
 3.750000e-001 -2.516266e-006  3.056618e-007
 5.000000e-001 -2.724969e-006  2.190409e-007
 6.250000e-001 -2.875226e-006  3.153988e-007
 7.500000e-001 -2.958694e-006  5.616390e-008
 8.750000e-001 -2.755789e-006  1.689220e-007
 1.000000e+000 -2.822194e-006 -1.106581e-007
 1.125000e+000 -2.756059e-006  3.896892e-008
 1.250000e+000 -2.777939e-006  5.712011e-008
 1.375000e+000 -2.802503e-006  3.925902e-008
 1.500000e+000 -3.118538e-006  1.772149e-008
 1.625000e+000 -2.957178e-006 -2.908563e-010
 1.750000e+000 -2.903149e-006 -8.222992e-008
 1.875000e+000 -3.046462e-006  6.187354e-009
 2.000000e+000 -2.971363e-006 -8.534967e-009
 2.125000e+000 -3.004295e-006 -3.842811e-008
 2.250000e+000 -3.071273e-006  3.695755e-008
 2.375000e+000 -2.976283e-006  4.676733e-008
 2.500000e+000 -3.203623e-006  1.855332e-008
 2.625000e+000 -3.175972e-006 -6.665230e-008
 2.750000e+000 -3.115882e-006 -3.149231e-008
 2.875000e+000 -3.363623e-006  2.776086e-007
 3.000000e+000 -3.571448e-006  1.323661e-007
 3.125000e+000 -4.381705e-006  5.631637e-007
 3.250000e+000 -2.053923e-006 -6.387967e-007
 3.375000e+000 -2.311872e-006 -1.842701e-007
 3.500000e+000 -2.629943e-006 -4.839116e-008
 3.625000e+000 -2.859260e-006  2.956537e-008
 3.750000e+000 -2.855395e-006 -7.587548e-008
 3.875000e+000 -3.010794e-006  7.040951e-009
 4.000000e+000 -2.970261e-006  1.346635e-007
 4.125000e+000 -3.045827e-006  7.091525e-008
 4.250000e+000 -3.091723e-006 -4.314621e-008
 4.375000e+000 -3.046545e-006 -6.922116e-008
 4.500000e+000 -3.090911e-006 -1.710194e-008
 4.625000e+000 -3.200445e-006  6.629278e-008
 4.750000e+000 -3.082580e-006  1.124054e-007
 4.875000e+000 -3.304504e-006  3.520864e-008
 5.000000e+000 -3.164221e-006 -3.133497e-008
 5.125000e+000 -3.187880e-006  3.281912e-008
 5.250000e+000 -3.199223e-006  1.506933e-007
 5.375000e+000 -3.500891e-006  3.427364e-007
 5.500000e+000 -3.473796e-006  1.203350e-008
 5.625000e+000 -3.301927e-006 -9.140522e-009
 5.750000e+000 -3.398126e-006  2.084807e-007
 5.875000e+000 -4.481802e-006  9.782006e-007
 6.000000e+000 -2.877990e-006  3.136379e-006
 6.125000e+000 -2.979440e-006  1.943502e-007
 6.250000e+000 -2.920133e-006 -3.252834e-007
 6.375000e+000 -2.697042e-006  1.024238e-007
 6.500000e+000 -3.111443e-006  3.720733e-007
 6.625000e+000 -3.314700e-006  1.546986e-007
 6.750000e+000 -3.286590e-006  3.136214e-008
 6.875000e+000 -3.119674e-006  5.071082e-008
 7.000000e+000 -3.178668e-006  1.464237e-007
 7.125000e+000 -3.281457e-006  1.727274e-007
 7.250000e+000 -3.171725e-006  2.027019e-007
 7.375000e+000 -3.306871e-006  2.041600e-007
 7.500000e+000 -3.491100e-006  1.304201e-007
 7.625000e+000 -3.372640e-006  7.386155e-008
 7.750000e+000 -3.427019e-006  1.494017e-007
 7.875000e+000 -3.385273e-006  8.893766e-008
 8.000000e+000 -3.423138e-006  2.354070e-007
 8.125000e+000 -3.493435e-006  2.171892e-007
 8.250000e+000 -3.465626e-006  2.714598e-007
 8.375000e+000 -3.526992e-006  1.541926e-007
 8.500000e+000 -3.609247e-006  1.216338e-007
 8.625000e+000 -3.433356e-006  4.514642e-008
 8.750000e+000 -3.400735e-006  1.976912e-007
 8.875000e+000 -3.627391e-006  2.718270e-007
 9.000000e+000 -3.624717e-006  2.195335e-007
 9.125000e+000 -3.621347e-006  1.138224e-007
 9.250000e+000 -3.680030e-006  1.829750e-007
 9.375000e+000 -3.756924e-006  2.666736e-007
 9.500000e+000 -3.856633e-006  7.317064e-008
 9.625000e+000 -3.847060e-006  4.491163e-008
 9.750000e+000 -3.756645e-006  2.436623e-007
 9.875000e+000 -3.761685e-006  1.711509e-007
 1.000000e+001 -3.874066e-006  2.637668e-007
 1.012500e+001 -3.788439e-006  1.293366e-007
 1.025000e+001 -3.897436e-006  1.877782e-007
 1.037500e+001 -3.997811e-006  1.899607e-007
 1.050000e+001 -4.015546e-006  1.201067e-007
 1.062500e+001 -4.136640e-006  1.430332e-007
 1.075000e+001 -3.983885e-006  2.744271e-007
 1.087500e+001 -4.117034e-006  1.114585e-007
 1.100000e+001 -4.218730e-006  1.038184e-007
 1.112500e+001 -4.164625e-006  1.920369e-007
 1.125000e+001 -4.259635e-006  2.582364e-007
 1.137500e+001 -4.320685e-006  3.528446e-007
 1.150000e+001 -4.335147e-006  1.333476e-007
 1.162500e+001 -4.247139e-006 -3.329384e-008
 1.175000e+001 -4.422595e-006  1.904066e-007
 1.187500e+001 -4.564726e-006  1.886812e-007
 1.200000e+001 -4.634036e-006  1.814919e-007
 1.212500e+001 -4.560775e-006  2.503351e-007
 1.225000e+001 -4.500619e-006  3.335697e-007
 1.237500e+001 -4.624076e-006  1.745193e-007
 1.250000e+001 -4.651189e-006  1.818927e-007
 1.262500e+001 -4.707569e-006  1.655853e-007
 1.275000e+001 -4.804399e-006  3.024230e-007
 1.287500e+001 -4.820280e-006  2.778301e-007
 1.300000e+001 -5.024235e-006  5.659442e-008
 1.312500e+001 -4.937601e-006  1.451750e-007
 1.325000e+001 -5.109093e-006  2.713512e-007
 1.337500e+001 -5.267863e-006  2.577697e-007
 1.350000e+001 -5.159439e-006  1.992665e-007
 1.362500e+001 -5.211394e-006  2.201941e-007
 1.375000e+001 -5.271186e-006  2.136584e-007
 1.387500e+001 -5.348506e-006  2.741182e-007
 1.400000e+001 -5.309397e-006  2.496233e-007
 1.412500e+001 -5.503831e-006  2.519791e-007
 1.425000e+001 -5.656862e-006  2.587932e-007
 1.437500e+001 -5.513986e-006  2.859848e-007
 1.450000e+001 -5.550012e-006  2.536489e-007
 1.462500e+001 -5.718464e-006  2.964953e-007
 1.475000e+001 -5.897955e-006  3.046302e-007
 1.487500e+001 -6.030052e-006  2.103171e-007
 1.500000e+001 -5.809526e-006  1.909664e-007
 1.512500e+001 -5.931760e-006  2.590683e-007
 1.525000e+001 -6.216181e-006  1.425120e-007
 1.537500e+001 -6.323285e-006  1.893406e-007
 1.550000e+001 -6.249573e-006  1.735388e-007
 1.562500e+001 -6.409034e-006  1.767964e-007
 1.575000e+001 -6.626788e-006  2.793939e-007
 1.587500e+001 -6.726201e-006  1.476768e-007
 1.600000e+001 -6.869688e-006  1.843890e-007
 1.612500e+001 -6.795713e-006  1.604349e-007
 1.625000e+001 -7.182821e-006  2.580553e-007
 1.637500e+001 -7.128704e-006  2.070142e-007
 1.650000e+001 -7.147753e-006  1.690736e-007
 1.662500e+001 -7.412330e-006  2.558591e-007
 1.675000e+001 -7.628424e-006  4.221870e-008
 1.687500e+001 -7.801981e-006  7.272585e-008
 1.700000e+001 -7.923044e-006  1.850184e-007
 1.712500e+001 -8.007794e-006  2.484064e-007
 1.725000e+001 -8.343915e-006  2.168409e-007
 1.737500e+001 -8.519690e-006  1.365978e-008
 1.750000e+001 -8.554902e-006  8.978645e-008
 1.762500e+001 -8.973761e-006  1.553177e-007
 1.775000e+001 -9.048145e-006  5.495001e-008
 1.787500e+001 -9.393540e-006 -3.764370e-008
 1.800000e+001 -9.450898e-006  1.461864e-007
 1.812500e+001 -1.002475e-005  1.353236e-007
 1.825000e+001 -1.026929e-005  2.875883e-008
 1.837500e+001 -1.046504e-005  8.135734e-008
 1.850000e+001 -1.096532e-005  1.036703e-007
 1.862500e+001 -1.124025e-005 -5.518630e-009
 1.875000e+001 -1.158963e-005 -6.976209e-008
 1.887500e+001 -1.197790e-005 -7.926548e-008
 1.900000e+001 -1.227412e-005  9.742391e-008
 1.912500e+001 -1.293947e-005  1.598446e-008
 1.925000e+001 -1.356830e-005 -7.819637e-008
 1.937500e+001 -1.387933e-005 -1.321421e-007
 1.950000e+001 -1.441839e-005  9.119570e-008
 1.962500e+001 -1.524724e-005 -2.056188e-008
 1.975000e+001 -1.595230e-005 -1.125755e-007
 1.987500e+001 -1.653367e-005  3.409423e-009
 2.000000e+001 -1.752937e-005  1.522388e-007
 2.012500e+001 -1.858489e-005  2.101014e-007
 2.025000e+001 -1.955891e-005 -5.153411e-008
 2.037500e+001 -2.071229e-005  5.174298e-008
 2.050000e+001 -2.212365e-005  4.579622e-008
 2.062500e+001 -2.393475e-005  6.043330e-008
 2.075000e+001 -2.569962e-005  2.117024e-008
 2.087500e+001 -2.767977e-005  1.242240e-007
 2.100000e+001 -3.030686e-005  1.923754e-007
 2.112500e+001 -3.374261e-005  3.560723e-007
 2.125000e+001 -3.766813e-005  2.037326e-007
 2.137500e+001 -4.234010e-005  4.286335e-007
 2.150000e+001 -4.901532e-005  9.368152e-007
 2.162500e+001 -5.840247e-005  1.366534e-006
 2.175000e+001 -7.154007e-005  2.036001e-006
 2.187500e+001 -9.217791e-005  5.315669e-006
 2.200000e+001 -1.332058e-004  1.303751e-005
 2.212500e+001 -2.319604e-004  4.669427e-005
 2.225000e+001 -4.133259e-004  4.701291e-004
 2.237500e+001  3.955160e-004  8.479236e-005
 2.250000e+001  1.634220e-004  2.482608e-005
 2.262500e+001  1.038533e-004  2.043478e-005
 2.275000e+001  7.939766e-005  9.365498e-006
 2.287500e+001  6.150296e-005  6.324630e-006
 2.300000e+001  5.069743e-005  4.862511e-006
 2.312500e+001  4.290959e-005  4.350808e-006
 2.325000e+001  3.700062e-005  3.620239e-006
 2.337500e+001  3.289416e-005  3.066248e-006
 2.350000e+001  2.946759e-005  2.826275e-006
 2.362500e+001  2.673334e-005  2.760441e-006
 2.375000e+001  2.406901e-005  2.502692e-006
 2.387500e+001  2.222159e-005  2.330424e-006
 2.400000e+001  2.059898e-005  2.262144e-006
 2.412500e+001  1.908775e-005  2.138746e-006
 2.425000e+001  1.797140e-005  1.824162e-006
 2.437500e+001  1.674901e-005  1.859882e-006
 2.450000e+001  1.598099e-005  1.856380e-006
 2.462500e+001  1.498280e-005  1.774218e-006
 2.475000e+001  1.410023e-005  1.483386e-006
 2.487500e+001  1.338436e-005  1.481363e-006
 2.500000e+001  1.291839e-005  1.501605e-006
 2.512500e+001  1.223688e-005  1.551249e-006
 2.525000e+001  1.157400e-005  1.444180e-006
 2.537500e+001  1.117077e-005  1.321761e-006
 2.550000e+001  1.084843e-005  1.294073e-006
 2.562500e+001  1.018649e-005  1.324589e-006
 2.575000e+001  9.771709e-006  1.320947e-006
 2.587500e+001  9.289759e-006  1.198529e-006
 2.600000e+001  9.009711e-006  1.266901e-006
 2.612500e+001  8.747700e-006  1.215795e-006
 2.625000e+001  8.430680e-006  1.074124e-006
 2.637500e+001  8.157744e-006  1.069033e-006
 2.650000e+001  7.889356e-006  9.790253e-007
 2.662500e+001  7.533617e-006  9.705816e-007
 2.675000e+001  7.302440e-006  1.191268e-006
 2.687500e+001  7.015782e-006  9.714011e-007
 2.700000e+001  6.882386e-006  1.005417e-006
 2.712500e+001  6.725376e-006  9.699195e-007
 2.725000e+001  6.460111e-006  9.653283e-007
 2.737500e+001  6.108611e-006  1.025763e-006
 2.750000e+001  6.167221e-006  8.505053e-007
 2.762500e+001  5.862145e-006  9.880567e-007
 2.775000e+001  5.817177e-006  9.471384e-007
 2.787500e+001  5.565617e-006  8.216336e-007
 2.800000e+001  5.458369e-006  9.169076e-007
 2.812500e+001  5.368991e-006  9.762963e-007
 2.825000e+001  4.974825e-006  8.746712e-007
 2.837500e+001  4.860721e-006  8.833152e-007
 2.850000e+001  4.888579e-006  1.038556e-006
 2.862500e+001  4.800054e-006  1.043158e-006
 2.875000e+001  4.640980e-006  9.072635e-007
 2.887500e+001  4.512646e-006  9.228960e-007
 2.900000e+001  4.362719e-006  9.584773e-007
 2.912500e+001  4.385596e-006  9.875357e-007
 2.925000e+001  4.086737e-006  9.503510e-007
 2.937500e+001  4.249430e-006  8.582258e-007
 2.950000e+001  4.004251e-006  8.708325e-007
 2.962500e+001  3.905563e-006  8.552817e-007
 2.975000e+001  3.927071e-006  7.663552e-007
 2.987500e+001  3.673000e-006  7.645352e-007
 3.000000e+001  3.767072e-006  7.943113e-007
 3.012500e+001  3.619515e-006  9.428584e-007
 3.025000e+001  3.525439e-006  8.313203e-007
 3.037500e+001  3.429344e-006  8.777946e-007
 3.050000e+001  3.401031e-006  9.889254e-007
 3.062500e+001  3.510166e-006  7.244811e-007
 3.075000e+001  3.237852e-006  8.582828e-007
 3.087500e+001  3.167485e-006  7.679825e-007
 3.100000e+001  3.093646e-006  6.520734e-007
 3.112500e+001  2.956994e-006  8.041784e-007
 3.125000e+001  3.038580e-006  7.249611e-007
 3.137500e+001  2.998349e-006  9.092226e-007
 3.150000e+001  2.889093e-006  7.607722e-007
 3.162500e+001  2.888952e-006  9.620313e-007
 3.175000e+001  2.761331e-006  8.309500e-007
 3.187500e+001  2.606291e-006  7.464979e-007
 3.200000e+001  2.668494e-006  7.722170e-007
 3.212500e+001  2.691751e-006  6.557577e-007
 3.225000e+001  2.660799e-006  7.580356e-007
 3.237500e+001  2.487013e-006  7.914372e-007
 3.250000e+001  2.495502e-006  7.575183e-007
 3.262500e+001  2.440004e-006  6.272493e-007
 3.275000e+001  2.254455e-006  7.647132e-007
 3.287500e+001  2.304775e-006  7.211614e-007
 3.300000e+001  2.441470e-006  8.090222e-007
 3.312500e+001  2.248000e-006  6.474762e-007
 3.325000e+001  2.159584e-006  6.522136e-007
 3.337500e+001  2.201779e-006  6.830849e-007
 3.350000e+001  2.164354e-006  7.747133e-007
 3.362500e+001  2.142871e-006  5.957922e-007
 3.375000e+001  1.967655e-006  6.828764e-007
 3.387500e+001  1.941025e-006  6.293111e-007
 3.400000e+001  1.877968e-006  4.822718e-007
 3.412500e+001  1.896988e-006  6.667700e-007
 3.425000e+001  2.018302e-006  7.226643e-007
 3.437500e+001  1.755028e-006  6.584133e-007
 3.450000e+001  1.750244e-006  4.776688e-007
 3.462500e+001  1.761411e-006  4.750691e-007
 3.475000e+001  1.653276e-006  5.699545e-007
 3.487500e+001  1.690016e-006  7.232723e-007
 3.500000e+001  1.549139e-006  6.734568e-007
 3.512500e+001  1.555828e-006  5.766123e-007
 3.525000e+001  1.695978e-006  6.451281e-007
 3.537500e+001  1.490117e-006  5.754864e-007
 3.550000e+001  1.419105e-006  5.726594e-007
 3.562500e+001  1.481032e-006  6.016395e-007
 3.575000e+001  1.411767e-006  6.615609e-007
 3.587500e+001  1.339332e-006  6.185389e-007
 3.600000e+001  1.421470e-006  6.318367e-007
 3.612500e+001  1.270280e-006  5.093877e-007
 3.625000e+001  1.396830e-006  5.322253e-007
 3.637500e+001  1.384987e-006  6.498694e-007
 3.650000e+001  1.311630e-006  6.069144e-007
 3.662500e+001  1.105316e-006  6.624740e-007
 3.675000e+001  1.244759e-006  5.955001e-007
 3.687500e+001  1.129918e-006  3.706013e-007
 3.700000e+001  9.947343e-007  4.062303e-007
 3.712500e+001  1.121562e-006  5.491055e-007
 3.725000e+001  1.091751e-006  4.827067e-007
 3.737500e+001  1.127720e-006  5.365204e-007
 3.750000e+001  1.093858e-006  5.867552e-007
 3.762500e+001  1.024829e-006  5.833275e-007
 3.775000e+001  1.060745e-006  4.745049e-007
 3.787500e+001  1.007952e-006  4.564665e-007
 3.800000e+001  1.029623e-006  5.400621e-007
 3.812500e+001  9.968161e-007  4.699364e-007
 3.825000e+001  9.230057e-007  5.450433e-007
 3.837500e+001  1.046736e-006  4.463910e-007
 3.850000e+001  8.150963e-007  6.036312e-007
 3.862500e+001  7.474067e-007  5.328588e-007
 3.875000e+001  8.804320e-007  4.708154e-007
 3.887500e+001  7.490497e-007  4.810284e-007
 3.900000e+001  6.904412e-007  4.784042e-007
 3.912500e+001  6.905380e-007  5.016520e-007
 3.925000e+001  7.650995e-007  4.625563e-007
 3.937500e+001  7.392587e-007  3.998002e-007
 3.950000e+001  7.911050e-007  3.903258e-007
 3.962500e+001  6.343893e-007  4.470889e-007
 3.975000e+001  6.266586e-007  3.562262e-007
 3.987500e+001  7.435822e-007  4.313105e-007
 4.000000e+001  5.916199e-007  5.292950e-007
 4.012500e+001  5.490830e-007  4.822538e-007
 4.025000e+001  5.841155e-007  2.147885e-007
 4.037500e+001  5.333885e-007  3.380622e-007
 4.050000e+001  6.034741e-007  3.201698e-007
 4.062500e+001  4.982749e-007  3.301437e-007
 4.075000e+001  6.348197e-007  2.582918e-007
 4.087500e+001  5.213262e-007  4.387909e-007
 4.100000e+001  5.272918e-007  2.663278e-007
 4.112500e+001  5.391825e-007  4.993112e-007
 4.125000e+001  4.086302e-007  4.101926e-007
 4.137500e+001  4.540013e-007  3.135978e-007
 4.150000e+001  5.217080e-007  3.439227e-007
 4.162500e+001  3.314381e-007  3.036408e-007
 4.175000e+001  3.750321e-007  3.749828e-007
 4.187500e+001  3.847823e-007  4.782160e-007
 4.200000e+001  3.087901e-007  4.715721e-007
 4.212500e+001  3.752926e-007  2.720033e-007
 4.225000e+001  4.001807e-007  3.943990e-007
 4.237500e+001  4.821221e-007  2.040825e-007
 4.250000e+001  3.118318e-007  3.559740e-007
 4.262500e+001  2.770437e-007  3.799641e-007
 4.275000e+001  3.703411e-007  2.939373e-007
 4.287500e+001  3.912610e-007  4.335985e-007
 4.300000e+001  2.401174e-007  4.018289e-007
 4.312500e+001  1.480003e-007  4.420877e-007
 4.325000e+001  1.540377e-007  3.945189e-007
 4.337500e+001  2.073926e-007  3.305494e-007
 4.350000e+001  1.527781e-007  2.098436e-007
 4.362500e+001  1.049773e-007  2.546702e-007
 4.375000e+001  2.085624e-007  3.112400e-007
 4.387500e+001  1.835810e-007  2.788180e-007
 4.400000e+001 -1.127063e-009  3.522838e-008
 4.412500e+001  1.484979e-007  3.182497e-007
 4.425000e+001  9.602892e-008  1.593867e-007
 4.437500e+001 -5.138684e-009  2.684951e-007
 4.450000e+001  3.467907e-008  4.270252e-007
 4.462500e+001  2.760821e-007 -9.056547e-008
 4.475000e+001  1.554685e-007  2.319733e-007
 4.487500e+001 -1.194622e-007  2.316231e-007
 4.500000e+001 -1.027282e-007  4.284959e-007
 4.512500e+001 -5.712257e-008  2.841427e-007
 4.525000e+001 -2.720777e-008  1.176430e-007
 4.537500e+001 -1.378228e-007  2.254260e-007
 4.550000e+001 -1.516357e-007  1.255844e-007
 4.562500e+001 -1.555367e-007  6.454240e-008
 4.575000e+001 -2.645299e-007  1.775212e-007
 4.587500e+001 -1.454928e-007  1.889896e-007
 4.600000e+001 -2.999301e-007  1.808727e-007
 4.612500e+001 -2.172066e-007  2.183280e-007
 4.625000e+001 -5.735393e-008  1.586165e-007
 4.637500e+001 -2.042401e-007  2.230971e-007
 4.650000e+001 -1.323369e-007  8.480760e-008
 4.662500e+001 -1.306493e-007  1.557281e-007
 4.675000e+001 -1.862228e-007  2.328647e-007
 4.687500e+001 -1.557687e-007  1.242572e-007
 4.700000e+001 -2.829178e-007  1.058660e-007
 4.712500e+001 -2.169127e-007  1.655414e-007
 4.725000e+001 -2.182623e-007  8.625715e-008
 4.737500e+001 -2.075573e-007  3.177800e-008
 4.750000e+001 -3.413743e-007  2.627245e-008
 4.762500e+001 -1.393791e-007  5.276981e-008
 4.775000e+001 -3.420461e-007 -5.214244e-008
 4.787500e+001 -2.855166e-007 -1.051295e-007
 4.800000e+001 -3.857929e-007  7.262658e-008
 4.812500e+001 -2.708725e-007 -4.767611e-008
 4.825000e+001 -4.214673e-007  1.067657e-007
 4.837500e+001 -3.650986e-007  1.336152e-007
 4.850000e+001 -2.817630e-007  6.993864e-008
 4.862500e+001 -3.254250e-007  9.501751e-008
 4.875000e+001 -3.918532e-007 -1.907184e-009
 4.887500e+001 -4.684784e-007  1.704118e-007
 4.900000e+001 -4.625539e-007 -1.104038e-007
 4.912500e+001 -3.667705e-007  1.444472e-007
 4.925000e+001 -4.249251e-007  5.149532e-008
 4.937500e+001 -5.301057e-007  1.198334e-008
 4.950000e+001 -5.277452e-007 -7.633578e-008
 4.962500e+001 -4.165311e-007  2.146096e-008
 4.975000e+001 -5.911444e-007 -9.699415e-008
 4.987500e+001 -5.588068e-007 -8.195703e-009
 5.000000e+001 -5.876375e-007  6.752588e-009
 5.012500e+001 -6.647553e-007  4.755934e-008
 5.025000e+001 -7.156193e-007  4.125457e-008
 5.037500e+001 -4.950777e-007 -4.582011e-008
 5.050000e+001 -4.519249e-007  2.582136e-008
 5.062500e+001 -5.092258e-007 -5.070442e-008
 5.075000e+001 -5.594555e-007 -3.101478e-008
 5.087500e+001 -5.823627e-007 -1.157934e-008
 5.100000e+001 -6.894094e-007  3.160243e-008
 5.112500e+001 -5.965723e-007 -1.752447e-007
 5.125000e+001 -6.885243e-007 -1.230442e-008
 5.137500e+001 -6.801449e-007 -1.236870e-007
 5.150000e+001 -8.866010e-007 -4.648664e-008
 5.162500e+001 -6.879130e-007 -6.421573e-008
 5.175000e+001 -7.684737e-007 -1.542365e-007
 5.187500e+001 -7.260432e-007  1.091342e-007
 5.200000e+001 -7.768322e-007 -1.866901e-007
 5.212500e+001 -8.390683e-007 -2.137456e-008
 5.225000e+001 -9.177461e-007 -8.717282e-008
 5.237500e+001 -8.970322e-007 -2.113787e-007
 5.250000e+001 -8.196933e-007  8.835178e-010
 5.262500e+001 -8.993878e-007 -1.189093e-007
 5.275000e+001 -8.978050e-007 -2.585378e-008
 5.287500e+001 -8.969940e-007 -7.318060e-008
 5.300000e+001 -8.464106e-007  3.417959e-008
 5.312500e+001 -9.299638e-007 -1.373375e-007
 5.325000e+001 -9.353731e-007 -6.452663e-008
 5.337500e+001 -8.732598e-007 -2.096695e-007
 5.350000e+001 -8.887648e-007 -8.303450e-008
 5.362500e+001 -8.831699e-007 -4.275621e-008
 5.375000e+001 -1.014067e-006 -1.800383e-007
 5.387500e+001 -9.691798e-007 -1.860873e-007
 5.400000e+001 -1.085019e-006 -4.057572e-008
 5.412500e+001 -8.930978e-007 -2.254017e-007
 5.425000e+001 -1.000482e-006 -7.307020e-008
 5.437500e+001 -9.922787e-007 -1.611937e-007
 5.450000e+001 -9.540886e-007 -1.299251e-008
 5.462500e+001 -1.066941e-006 -1.221829e-007
 5.475000e+001 -1.083399e-006 -3.075789e-007
 5.487500e+001 -9.397452e-007 -2.536772e-007
 5.500000e+001 -1.179805e-006 -1.650485e-007
 5.512500e+001 -9.747387e-007 -4.592968e-008
 5.525000e+001 -1.046751e-006 -2.498016e-007
 5.537500e+001 -1.133650e-006 -1.473716e-007
 5.550000e+001 -1.145306e-006 -1.626738e-007
 5.562500e+001 -1.238806e-006 -2.341998e-007
 5.575000e+001 -1.146688e-006 -2.000599e-007
 5.587500e+001 -1.326597e-006 -2.872251e-007
 5.600000e+001 -1.441051e-006 -2.505834e-007
 5.612500e+001 -1.177828e-006 -1.288288e-007
 5.625000e+001 -1.255634e-006 -8.605104e-008
 5.637500e+001 -1.304223e-006 -2.354345e-007
 5.650000e+001 -1.475565e-006 -2.195615e-007
 5.662500e+001 -1.340451e-006 -5.252358e-008
 5.675000e+001 -1.393158e-006 -8.036826e-008
 5.687500e+001 -1.488172e-006 -9.693794e-009
 5.700000e+001 -1.394749e-006 -4.452802e-008
 5.712500e+001 -1.284200e-006 -2.152549e-007
 5.725000e+001 -1.522315e-006 -1.963107e-007
 5.737500e+001 -1.504640e-006 -9.340359e-008
 5.750000e+001 -1.411237e-006 -8.954398e-008
 5.762500e+001 -1.461476e-006 -1.642960e-007
 5.775000e+001 -1.411516e-006 -8.728431e-008
 5.787500e+001 -1.447952e-006 -1.083740e-007
 5.800000e+001 -1.663894e-006 -1.202011e-007
 5.812500e+001 -1.498350e-006 -2.946139e-007
 5.825000e+001 -1.520703e-006 -1.660389e-007
 5.837500e+001 -1.629739e-006 -1.458839e-007
 5.850000e+001 -1.725307e-006 -2.881903e-008
 5.862500e+001 -1.634752e-006 -1.390330e-007
 5.875000e+001 -1.667070e-006 -1.255956e-007
 5.887500e+001 -1.723999e-006 -1.314236e-007
 5.900000e+001 -1.833485e-006 -2.727171e-007
 5.912500e+001 -1.684583e-006 -1.300389e-007
 5.925000e+001 -1.574147e-006 -1.325828e-007
 5.937500e+001 -1.796611e-006 -1.706069e-007
 5.950000e+001 -1.850533e-006  2.902853e-008
 5.962500e+001 -1.676099e-006 -1.239118e-007
 5.975000e+001 -1.783869e-006 -1.974908e-007
 5.987500e+001 -1.701551e-006 -7.182306e-008
 6.000000e+001 -1.839704e-006 -9.268608e-008
 6.012500e+001 -1.668043e-006 -2.226849e-007
 6.025000e+001 -1.880724e-006 -9.921122e-008
 6.037500e+001 -1.726687e-006 -1.208704e-007
 6.050000e+001 -1.885903e-006 -2.192247e-007
 6.062500e+001 -2.074142e-006 -2.255974e-008
 6.075000e+001 -1.813690e-006 -1.688920e-007
 6.087500e+001 -1.924862e-006 -5.847741e-008
 6.100000e+001 -2.097996e-006 -9.626724e-008
 6.112500e+001 -2.014319e-006 -1.424561e-007
 6.125000e+001 -2.020813e-006 -2.665788e-007
 6.137500e+001 -1.906135e-006 -1.564547e-007
 6.150000e+001 -2.107502e-006 -6.627239e-008
 6.162500e+001 -2.145616e-006 -1.570983e-007
 6.175000e+001 -2.162802e-006 -1.144276e-007
 6.187500e+001 -2.061453e-006 -1.632939e-007
 6.200000e+001 -2.141178e-006 -1.551717e-007
 6.212500e+001 -2.171868e-006 -1.598129e-007
 6.225000e+001 -2.273943e-006 -1.736543e-007
 6.237500e+001 -2.317575e-006 -2.538717e-007
 6.250000e+001 -1.999130e-006 -1.163176e-007
 6.262500e+001 -2.134743e-006 -2.369008e-007
 6.275000e+001 -2.377473e-006 -1.881173e-007
 6.287500e+001 -2.345202e-006 -4.039929e-008
 6.300000e+001 -2.399129e-006 -1.583488e-007
 6.312500e+001 -2.406649e-006 -4.153245e-010
 6.325000e+001 -2.411347e-006 -1.077339e-007
 6.337500e+001 -2.451353e-006 -8.225375e-008
 6.350000e+001 -2.575886e-006  1.565175e-008
 6.362500e+001 -2.433608e-006 -6.179778e-008
 6.375000e+001 -2.670303e-006 -1.021327e-007
 6.387500e+001 -2.714982e-006 -2.034894e-007
 6.400000e+001 -2.533821e-006 -2.023547e-008
 6.412500e+001 -2.530786e-006 -3.540619e-008
 6.425000e+001 -2.727756e-006 -1.216795e-007
 6.437500e+001 -2.839190e-006  1.402554e-008
 6.450000e+001 -2.741250e-006 -1.507863e-007
 6.462500e+001 -2.742697e-006 -4.180703e-008
 6.475000e+001 -2.819576e-006 -1.110630e-007
 6.487500e+001 -2.871989e-006  4.476600e-009
 6.500000e+001 -2.802588e-006 -1.757334e-007
 6.512500e+001 -2.966281e-006 -1.696097e-007
 6.525000e+001 -2.962559e-006 -1.515232e-007
 6.537500e+001 -2.979094e-006 -9.964380e-008
 6.550000e+001 -2.868582e-006 -9.355214e-008
 6.562500e+001 -3.031882e-006 -2.560897e-008
 6.575000e+001 -3.285679e-006 -2.204623e-008
 6.587500e+001 -3.224788e-006  3.106400e-008
 6.600000e+001 -3.191473e-006 -2.238136e-007
 6.612500e+001 -3.158618e-006 -5.515799e-008
 6.625000e+001 -3.507020e-006 -1.440412e-007
 6.637500e+001 -3.438298e-006 -1.911893e-007
 6.650000e+001 -3.536065e-006 -1.179856e-007
 6.662500e+001 -3.386959e-006 -8.004621e-008
 6.675000e+001 -3.553066e-006 -2.941125e-007
 6.687500e+001 -3.863954e-006 -1.934795e-007
 6.700000e+001 -3.763908e-006 -3.769029e-008
 6.712500e+001 -3.898356e-006 -1.287545e-007
 6.725000e+001 -3.991449e-006 -1.224562e-007
 6.737500e+001 -4.088340e-006  9.227208e-008
 6.750000e+001 -3.969106e-006  7.969708e-008
 6.762500e+001 -4.226440e-006 -2.987157e-008
 6.775000e+001 -4.239081e-006 -1.165296e-007
 6.787500e+001 -4.355406e-006 -1.367779e-007
 6.800000e+001 -4.330260e-006 -1.308630e-007
 6.812500e+001 -4.657763e-006 -2.235551e-007
 6.825000e+001 -4.746862e-006 -2.478378e-007
 6.837500e+001 -4.867146e-006 -3.698523e-007
 6.850000e+001 -5.002183e-006 -2.803372e-007
 6.862500e+001 -5.447226e-006 -3.009326e-007
 6.875000e+001 -5.362826e-006 -3.808648e-007
 6.887500e+001 -5.611874e-006 -2.445309e-007
 6.900000e+001 -5.730939e-006 -4.997956e-007
 6.912500e+001 -5.993825e-006 -3.017479e-007
 6.925000e+001 -6.242647e-006 -3.933898e-007
 6.937500e+001 -6.375277e-006 -3.040396e-007
 6.950000e+001 -6.634385e-006 -4.229230e-007
 6.962500e+001 -6.828781e-006 -3.627706e-007
 6.975000e+001 -7.310929e-006 -2.840782e-007
 6.987500e+001 -7.534515e-006 -2.678500e-007
 7.000000e+001 -7.949184e-006 -2.444780e-007
 7.012500e+001 -8.234562e-006 -4.345975e-007
 7.025000e+001 -8.721765e-006 -4.331252e-007
 7.037500e+001 -9.272714e-006 -1.528343e-007
 7.050000e+001 -9.798322e-006 -9.739181e-008
 7.062500e+001 -1.021051e-005 -1.499748e-007
 7.075000e+001 -1.073447e-005 -8.810813e-008
 7.087500e+001 -1.138093e-005  6.053895e-008
 7.100000e+001 -1.229881e-005  3.948014e-007
 7.112500e+001 -1.315329e-005  4.296273e-007
 7.125000e+001 -1.439758e-005  5.665111e-007
 7.137500e+001 -1.526431e-005  7.774689e-007
 7.150000e+001 -1.680088e-005  1.246841e-006
 7.162500e+001 -1.811337e-005  1.801492e-006
 7.175000e+001 -1.996413e-005  2.569599e-006
 7.187500e+001 -2.218397e-005  3.393553e-006
 7.200000e+001 -2.478094e-005  4.883953e-006
 7.212500e+001 -2.813024e-005  7.158874e-006
 7.225000e+001 -3.192361e-005  1.019733e-005
 7.237500e+001 -3.676855e-005  1.553288e-005
 7.250000e+001 -4.167952e-005  2.383480e-005
 7.262500e+001 -4.494310e-005  3.806999e-005
 7.275000e+001 -4.124940e-005  5.917224e-005
 7.287500e+001 -1.910965e-005  8.399431e-005
 7.300000e+001  2.488308e-005  8.244661e-005
 7.312500e+001  4.398716e-005  4.861250e-005
 7.325000e+001  3.729922e-005  2.732233e-005
 7.337500e+001  2.982172e-005  1.905175e-005
 7.350000e+001  2.486405e-005  1.463173e-005
 7.362500e+001  2.126673e-005  1.221003e-005
 7.375000e+001  1.892019e-005  1.044736e-005
 7.387500e+001  1.689322e-005  9.208264e-006
 7.400000e+001  1.555879e-005  8.302785e-006
 7.412500e+001  1.411031e-005  7.632835e-006
 7.425000e+001  1.307052e-005  7.051125e-006
 7.437500e+001  1.204234e-005  6.650974e-006
 7.450000e+001  1.147680e-005  6.159573e-006
 7.462500e+001  1.074120e-005  6.086340e-006
 7.475000e+001  1.019959e-005  5.388257e-006
 7.487500e+001  9.665339e-006  5.480345e-006
 7.500000e+001  9.398667e-006  5.362360e-006
 7.512500e+001  9.042633e-006  5.010314e-006
 7.525000e+001  8.789526e-006  4.634252e-006
 7.537500e+001  8.184268e-006  4.608118e-006
 7.550000e+001  8.165987e-006  4.279687e-006
 7.562500e+001  7.668795e-006  4.283009e-006
 7.575000e+001  7.595227e-006  3.993634e-006
 7.587500e+001  7.354543e-006  4.024413e-006
 7.600000e+001  7.061833e-006  3.918151e-006
 7.612500e+001  6.744476e-006  3.795948e-006
 7.625000e+001  6.744591e-006  3.836541e-006
 7.637500e+001  6.498889e-006  3.640845e-006
 7.650000e+001  6.529788e-006  3.339319e-006
 7.662500e+001  6.487823e-006  3.549045e-006
 7.675000e+001  6.101948e-006  3.475202e-006
 7.687500e+001  6.168004e-006  3.196574e-006
 7.700000e+001  6.184957e-006  3.137118e-006
 7.712500e+001  5.836834e-006  2.903393e-006
 7.725000e+001  5.796994e-006  3.104611e-006
 7.737500e+001  5.817764e-006  3.084719e-006
 7.750000e+001  5.678640e-006  2.999982e-006
 7.762500e+001  5.279218e-006  3.072855e-006
 7.775000e+001  5.415393e-006  2.830866e-006
 7.787500e+001  5.199032e-006  2.526519e-006
 7.800000e+001  5.137503e-006  2.627077e-006
 7.812500e+001  5.274750e-006  2.696210e-006
 7.825000e+001  4.935334e-006  2.665277e-006
 7.837500e+001  5.030205e-006  2.545801e-006
 7.850000e+001  4.950372e-006  2.574701e-006
 7.862500e+001  4.807111e-006  2.606081e-006
 7.875000e+001  4.585536e-006  2.424799e-006
 7.887500e+001  4.776070e-006  2.510091e-006
 7.900000e+001  4.297173e-006  2.411397e-006
 7.912500e+001  4.262436e-006  2.512789e-006
 7.925000e+001  4.120936e-006  2.418583e-006
 7.937500e+001  3.867592e-006  2.384579e-006
 7.950000e+001  3.517198e-006  3.392334e-006
 7.962500e+001  4.483712e-006  4.654040e-006
 7.975000e+001  6.048625e-006  3.355957e-006
 7.987500e+001  5.797393e-006  2.698258e-006
 8.000000e+001  5.608652e-006  2.526655e-006
 8.012500e+001  5.089993e-006  2.300015e-006
 8.025000e+001  4.997289e-006  2.263343e-006
 8.037500e+001  5.008859e-006  2.053354e-006
 8.050000e+001  4.896077e-006  1.977751e-006
 8.062500e+001  4.890555e-006  2.194407e-006
 8.075000e+001  4.738010e-006  2.036749e-006
 8.087500e+001  4.748338e-006  2.038698e-006
 8.100000e+001  5.060751e-006  1.781976e-006
 8.112500e+001  4.716878e-006  1.963879e-006
 8.125000e+001  4.442681e-006  1.867949e-006
 8.137500e+001  4.888367e-006  1.915661e-006
 8.150000e+001  4.621514e-006  1.727268e-006
 8.162500e+001  4.484220e-006  1.942814e-006
 8.175000e+001  4.564224e-006  1.588507e-006
 8.187500e+001  4.429564e-006  1.608141e-006
 8.200000e+001  4.350863e-006  1.592203e-006
 8.212500e+001  4.495194e-006  1.540373e-006
 8.225000e+001  4.519833e-006  1.693476e-006
 8.237500e+001  4.471758e-006  1.548014e-006
 8.250000e+001  4.526357e-006  1.350359e-006
 8.262500e+001  4.263133e-006  1.347251e-006
 8.275000e+001  4.464132e-006  1.368977e-006
 8.287500e+001  4.475031e-006  1.270233e-006
 8.300000e+001  4.260418e-006  1.185490e-006
 8.312500e+001  4.199908e-006  1.185399e-006
 8.325000e+001  4.500834e-006  1.127475e-006
 8.337500e+001  4.437796e-006  1.016712e-006
 8.350000e+001  4.180927e-006  1.189653e-006
 8.362500e+001  4.141558e-006  1.219253e-006
 8.375000e+001  4.024349e-006  1.130537e-006
 8.387500e+001  4.038374e-006  1.085790e-006
 8.400000e+001  4.154138e-006  9.656539e-007
 8.412500e+001  3.969225e-006  1.046924e-006
 8.425000e+001  4.328484e-006  9.089596e-007
 8.437500e+001  4.213646e-006  9.043539e-007
 8.450000e+001  4.201391e-006  9.689840e-007
 8.462500e+001  4.281145e-006  9.672192e-007
 8.475000e+001  3.957914e-006  6.550296e-007
 8.487500e+001  4.171596e-006  7.694205e-007
 8.500000e+001  4.126429e-006  1.123386e-006
 8.512500e+001  4.189216e-006  8.398549e-007
 8.525000e+001  4.005071e-006  6.888375e-007
 8.537500e+001  3.852729e-006  7.343046e-007
 8.550000e+001  3.960917e-006  4.815531e-007
 8.562500e+001  3.952286e-006  6.032527e-007
 8.575000e+001  3.948190e-006  4.362210e-007
 8.587500e+001  3.726433e-006  4.401349e-007
 8.600000e+001  3.639639e-006  4.383252e-007
 8.612500e+001  3.632343e-006  7.518885e-007
 8.625000e+001  3.864921e-006  3.471282e-007
 8.637500e+001  4.118214e-006  5.643911e-007
 8.650000e+001  4.020556e-006  3.929843e-007
 8.662500e+001  3.748024e-006  4.144100e-007
 8.675000e+001  3.741867e-006  4.684161e-007
 8.687500e+001  3.751599e-006  3.627449e-007
 8.700000e+001  3.638011e-006  5.815738e-007
 8.712500e+001  3.646010e-006  3.213310e-007
 8.725000e+001  3.919107e-006  3.611238e-007
 8.737500e+001  3.727086e-006  3.059931e-007
 8.750000e+001  3.507839e-006  2.846771e-007
 8.762500e+001  3.589683e-006  3.262700e-007
 8.775000e+001  3.630974e-006  1.157767e-007
 8.787500e+001  3.389749e-006  1.223533e-007
 8.800000e+001  3.208515e-006  1.662192e-007
 8.812500e+001  3.567714e-006  2.967925e-007
 8.825000e+001  3.438610e-006  3.216812e-007
 8.837500e+001  3.468535e-006  3.942315e-007
 8.850000e+001  3.429790e-006  1.202628e-007
 8.862500e+001  3.177595e-006  2.768630e-007
 8.875000e+001  3.445460e-006  3.712449e-007
 8.887500e+001  3.415730e-006  2.743253e-007
 8.900000e+001  3.256368e-006  1.616852e-007
 8.912500e+001  3.208040e-006  2.581958e-007
 8.925000e+001  2.912208e-006  1.687435e-007
 8.937500e+001  3.280123e-006  2.176849e-007
 8.950000e+001  2.665516e-006  4.520207e-007
 8.962500e+001  3.029184e-006  4.869273e-007
 8.975000e+001  3.009058e-006  6.569024e-007
 8.987500e+001  3.120328e-006  8.339026e-007
 9.000000e+001  3.038910e-006  5.229533e-007
 9.012500e+001  3.001347e-006  9.002279e-007
 9.025000e+001  3.260996e-006  9.305993e-007
 9.037500e+001  3.855665e-006  1.372263e-006
 9.050000e+001  4.121786e-006  9.311724e-007
 9.062500e+001  4.551242e-006  7.028340e-007
 9.075000e+001  4.446225e-006  1.941360e-007
 9.087500e+001  4.107007e-006 -1.123446e-007
 9.100000e+001  3.993649e-006 -4.147680e-007
 9.112500e+001  3.750329e-006 -2.830111e-007
 9.125000e+001  3.925773e-006 -7.294354e-007
 9.137500e+001  3.859056e-006 -6.460821e-007
 9.150000e+001  3.489996e-006 -5.764419e-007
 9.162500e+001  3.672062e-006 -8.234485e-007
 9.175000e+001  3.670198e-006 -4.896571e-007
 9.187500e+001  3.504821e-006 -6.883872e-007
 9.200000e+001  3.578996e-006 -7.416254e-007
 9.212500e+001  3.258628e-006 -7.442234e-007
 9.225000e+001  3.288191e-006 -5.268502e-007
 9.237500e+001  3.107441e-006 -8.003168e-007
 9.250000e+001  2.837870e-006 -7.305339e-007
 9.262500e+001  3.344637e-006 -7.473308e-007
 9.275000e+001  3.101309e-006 -8.834386e-007
 9.287500e+001  3.268625e-006 -6.957599e-007
 9.300000e+001  2.968731e-006 -7.112164e-007
 9.312500e+001  3.073078e-006 -8.055543e-007
 9.325000e+001  2.881261e-006 -7.774230e-007
 9.337500e+001  2.742309e-006 -6.480436e-007
 9.350000e+001  2.679804e-006 -1.140568e-006
 9.362500e+001  2.700583e-006 -7.330755e-007
 9.375000e+001  2.737729e-006 -1.070232e-006
 9.387500e+001  2.835367e-006 -8.156467e-007
 9.400000e+001  2.432958e-006 -1.046042e-006
 9.412500e+001  2.606642e-006 -9.064172e-007
 9.425000e+001  2.497191e-006 -1.069948e-006
 9.437500e+001  2.774358e-006 -1.156817e-006
 9.450000e+001  2.465518e-006 -9.947957e-007
 9.462500e+001  2.191368e-006 -9.337817e-007
 9.475000e+001  2.590068e-006 -7.304176e-007
 9.487500e+001  2.303825e-006 -9.506914e-007
 9.500000e+001  2.179552e-006 -1.048500e-006
 9.512500e+001  2.272607e-006 -1.105754e-006
 9.525000e+001  2.746042e-006 -1.059771e-006
 9.537500e+001  2.156681e-006 -1.127257e-006
 9.550000e+001  2.348300e-006 -8.533937e-007
 9.562500e+001  2.164706e-006 -9.485510e-007
 9.575000e+001  1.970610e-006 -7.904617e-007
 9.587500e+001  2.249764e-006 -9.856814e-007
 9.600000e+001  2.247909e-006 -9.378117e-007
 9.612500e+001  2.095412e-006 -1.144913e-006
 9.625000e+001  2.200093e-006 -1.086433e-006
 9.637500e+001  1.992392e-006 -1.155019e-006
 9.650000e+001  2.189443e-006 -1.352974e-006
 9.662500e+001  1.974946e-006 -1.108140e-006
 9.675000e+001  1.986689e-006 -8.185694e-007
 9.687500e+001  1.570064e-006 -1.236645e-006
 9.700000e+001  1.873182e-006 -1.120289e-006
 9.712500e+001  1.988892e-006 -1.011850e-006
 9.725000e+001  1.675002e-006 -1.356485e-006
 9.737500e+001  1.738094e-006 -1.202707e-006
 9.750000e+001  1.895336e-006 -1.117259e-006
 9.762500e+001  1.807046e-006 -1.105309e-006
 9.775000e+001  1.663316e-006 -1.164854e-006
 9.787500e+001  1.916923e-006 -1.283513e-006
 9.800000e+001  1.730856e-006 -1.197794e-006
 9.812500e+001  1.731293e-006 -7.775080e-007
 9.825000e+001  1.412189e-006 -1.165029e-006
 9.837500e+001  1.822624e-006 -9.704033e-007
 9.850000e+001  1.394965e-006 -9.613349e-007
 9.862500e+001  1.447965e-006 -1.185337e-006
 9.875000e+001  1.637133e-006 -1.083411e-006
 9.887500e+001  1.430312e-006 -1.074087e-006
 9.900000e+001  1.685103e-006 -1.077139e-006
 9.912500e+001  1.820967e-006 -9.141462e-007
 9.925000e+001  1.430967e-006 -1.256888e-006
 9.937500e+001  1.518304e-006 -8.927609e-007
 9.950000e+001  1.324875e-006 -1.176576e-006
 9.962500e+001  1.040344e-006 -1.118046e-006
 9.975000e+001  1.240926e-006 -1.171793e-006
 9.987500e+001  1.438687e-006 -1.110492e-006
 1.000000e+002  1.180537e-006 -9.342922e-007
 1.001250e+002  1.208520e-006 -8.865665e-007
 1.002500e+002  1.230575e-006 -8.675206e-007
 1.003750e+002  1.385313e-006 -1.141072e-006
 1.005000e+002  1.160876e-006 -8.464657e-007
 1.006250e+002  1.260096e-006 -5.728587e-007
 1.007500e+002  1.070676e-006 -1.097989e-006
 1.008750e+002  1.083536e-006 -1.073169e-006
 1.010000e+002  1.052606e-006 -8.395108e-007
 1.011250e+002  1.034951e-006 -8.901066e-007
 1.012500e+002  1.042603e-006 -9.956647e-007
 1.013750e+002  9.140479e-007 -9.805756e-007
 1.015000e+002  9.191896e-007 -6.761011e-007
 1.016250e+002  1.125418e-006 -9.367129e-007
 1.017500e+002  9.583253e-007 -9.238171e-007
 1.018750e+002  1.379026e-006 -8.886799e-007
 1.020000e+002  9.668808e-007 -1.383658e-006
 1.021250e+002  1.155751e-006 -1.005133e-006
 1.022500e+002  1.237663e-006 -8.917598e-007
 1.023750e+002  9.680758e-007 -8.899818e-007
 1.025000e+002  1.079473e-006 -1.038142e-006
 1.026250e+002  1.217471e-006 -1.141338e-006
 1.027500e+002  7.750298e-007 -8.999563e-007
 1.028750e+002  1.180732e-006 -8.897433e-007
 1.030000e+002  9.492679e-007 -7.503773e-007
 1.031250e+002  1.091969e-006 -1.033792e-006
 1.032500e+002  7.806381e-007 -9.581255e-007
 1.033750e+002  8.543242e-007 -8.220770e-007
 1.035000e+002  7.643016e-007 -1.022064e-006
 1.036250e+002  7.895001e-007 -8.267361e-007
 1.037500e+002  7.761557e-007 -9.418746e-007
 1.038750e+002  1.240306e-006 -5.493567e-007
 1.040000e+002  9.733202e-007 -1.264260e-006
 1.041250e+002  1.148437e-006 -9.923728e-007
 1.042500e+002  1.103520e-006 -1.097293e-006
 1.043750e+002  1.053351e-006 -8.293534e-007
 1.045000e+002  7.374286e-007 -1.004550e-006
 1.046250e+002  8.486097e-007 -8.779531e-007
 1.047500e+002  1.059945e-006 -9.446186e-007
 1.048750e+002  8.967256e-007 -1.218266e-006
 1.050000e+002  1.119947e-006 -9.168831e-007
 1.051250e+002  9.290254e-007 -5.863359e-007
 1.052500e+002  7.986795e-007 -9.659987e-007
 1.053750e+002  7.080427e-007 -7.541995e-007
 1.055000e+002  7.468597e-007 -9.559356e-007
 1.056250e+002  7.198005e-007 -8.648881e-007
 1.057500e+002  6.264384e-007 -8.682660e-007
 1.058750e+002  5.950429e-007 -8.850342e-007
 1.060000e+002  5.802408e-007 -8.981347e-007
 1.061250e+002  8.253413e-007 -1.154097e-006
 1.062500e+002  6.029611e-007 -1.025867e-006
 1.063750e+002  7.084965e-007 -1.035810e-006
 1.065000e+002  7.190045e-007 -1.032499e-006
 1.066250e+002  8.826796e-007 -1.002762e-006
 1.067500e+002  6.303781e-007 -1.093278e-006
 1.068750e+002  6.883324e-007 -8.686362e-007
 1.070000e+002  8.678747e-007 -8.459608e-007
 1.071250e+002  7.207941e-007 -4.380083e-007
 1.072500e+002  6.660953e-007 -9.173990e-007
 1.073750e+002  7.465953e-007 -7.592626e-007
 1.075000e+002  6.844139e-007 -1.064534e-006
 1.076250e+002  6.627871e-007 -8.478880e-007
 1.077500e+002  5.859628e-007 -9.146489e-007
 1.078750e+002  3.942624e-007 -8.144911e-007
 1.080000e+002  4.219050e-007 -9.452323e-007
 1.081250e+002  4.852831e-007 -1.021621e-006
 1.082500e+002  5.288339e-007 -7.963611e-007
 1.083750e+002  6.754351e-007 -7.908260e-007
 1.085000e+002  8.575405e-007 -9.132733e-007
 1.086250e+002  8.071043e-007 -9.467061e-007
 1.087500e+002  4.460988e-007 -8.319452e-007
 1.088750e+002  8.082062e-007 -8.294817e-007
 1.090000e+002  5.388456e-007 -1.019574e-006
 1.091250e+002  5.034335e-007 -1.088707e-006
 1.092500e+002  2.842413e-007 -8.657383e-007
 1.093750e+002  3.185077e-007 -1.103842e-006
 1.095000e+002  7.261324e-007 -8.066345e-007
 1.096250e+002  7.725671e-007 -7.535882e-007
 1.097500e+002  6.849558e-007 -1.028615e-006
 1.098750e+002  6.007894e-007 -8.153735e-007
 1.100000e+002  7.545350e-007 -9.908699e-007
 1.101250e+002  4.082458e-007 -7.881185e-007
 1.102500e+002  4.481082e-007 -1.028002e-006
 1.103750e+002  2.438156e-007 -7.886989e-007
 1.105000e+002  5.105554e-007 -9.206040e-007
 1.106250e+002  3.261365e-007 -6.857691e-007
 1.107500e+002  5.128900e-007 -1.257390e-006
 1.108750e+002  5.315695e-007 -1.108921e-006
 1.110000e+002  1.496008e-007 -1.002095e-006
 1.111250e+002  2.574288e-007 -1.133251e-006
 1.112500e+002  5.721491e-007 -1.240775e-006
 1.113750e+002  4.252527e-007 -8.121241e-007
 1.115000e+002  2.563722e-007 -9.839294e-007
 1.116250e+002  5.833045e-007 -1.029134e-006
 1.117500e+002  3.745443e-007 -1.140655e-006
 1.118750e+002  4.279427e-007 -9.674935e-007
 1.120000e+002  3.175198e-007 -9.594130e-007
 1.121250e+002  2.281317e-007 -8.727481e-007
 1.122500e+002  2.591701e-007 -9.209619e-007
 1.123750e+002  1.720642e-007 -8.709856e-007
 1.125000e+002  4.972511e-007 -1.022059e-006
 1.126250e+002 -7.219309e-008 -8.937995e-007
 1.127500e+002  2.211871e-007 -1.051563e-006
 1.128750e+002  3.061196e-007 -7.224719e-007
 1.130000e+002  5.434307e-007 -8.342423e-007
 1.131250e+002  2.754025e-007 -9.163041e-007
 1.132500e+002  2.830476e-007 -9.417536e-007
 1.133750e+002  4.017148e-007 -8.795660e-007
 1.135000e+002  2.466843e-007 -9.254650e-007
 1.136250e+002  6.740519e-008 -6.781256e-007
 1.137500e+002  1.180811e-007 -1.064876e-006
 1.138750e+002  2.232799e-007 -9.732899e-007
 1.140000e+002  1.863759e-007 -1.084129e-006
 1.141250e+002  1.882623e-007 -1.216455e-006
 1.142500e+002 -1.863854e-007 -1.050060e-006
 1.143750e+002  1.899918e-007 -7.960123e-007
 1.145000e+002  4.744827e-008 -1.231978e-006
 1.146250e+002  7.552303e-009 -1.007914e-006
 1.147500e+002  1.527950e-007 -5.351918e-007
 1.148750e+002  1.223038e-007 -1.144525e-006
 1.150000e+002  1.294380e-007 -9.222893e-007
 1.151250e+002  1.215444e-007 -6.705450e-007
 1.152500e+002  2.262155e-007 -9.078883e-007
 1.153750e+002  1.226899e-007 -9.949306e-007
 1.155000e+002  2.017684e-007 -8.659352e-007
 1.156250e+002 -2.911800e-007 -1.202250e-006
 1.157500e+002  1.175597e-007 -7.896305e-007
 1.158750e+002  3.005922e-007 -1.188844e-006
 1.160000e+002 -7.419813e-008 -9.642586e-007
 1.161250e+002 -1.217662e-007 -7.494935e-007
 1.162500e+002 -1.941711e-007 -8.602322e-007
 1.163750e+002 -5.259646e-008 -1.017384e-006
 1.165000e+002  1.880048e-008 -1.013003e-006
 1.166250e+002 -2.148340e-007 -1.030241e-006
 1.167500e+002 -7.645130e-008 -1.087101e-006
 1.168750e+002 -3.752502e-007 -9.882164e-007
 1.170000e+002 -3.461909e-007 -1.225450e-006
 1.171250e+002 -5.632772e-008 -9.918712e-007
 1.172500e+002 -3.720362e-007 -8.504819e-007
 1.173750e+002  1.117690e-008 -7.705263e-007
 1.175000e+002 -1.629460e-007 -6.935201e-007
 1.176250e+002 -2.711750e-007 -9.570082e-007
 1.177500e+002 -1.654355e-007 -8.263072e-007
 1.178750e+002 -1.043450e-007 -9.892769e-007
 1.180000e+002 -1.493509e-007 -1.021929e-006
 1.181250e+002 -1.254181e-007 -1.042334e-006
 1.182500e+002 -2.829954e-007 -8.859097e-007
 1.183750e+002 -1.406075e-007 -1.017291e-006
 1.185000e+002 -1.842097e-007 -9.685224e-007
 1.186250e+002 -1.457886e-007 -9.594751e-007
 1.187500e+002 -4.326536e-007 -1.267342e-006
 1.188750e+002 -5.258278e-008 -8.107030e-007
 1.190000e+002 -2.075312e-007 -8.369598e-007
 1.191250e+002 -1.970253e-007 -7.467028e-007
 1.192500e+002 -8.987945e-008 -9.252655e-007
 1.193750e+002 -3.566764e-007 -9.650539e-007
 1.195000e+002 -4.502424e-007 -9.790754e-007
 1.196250e+002 -3.159036e-007 -9.035299e-007
 1.197500e+002 -2.381425e-007 -8.693676e-007
 1.198750e+002 -3.271096e-007 -8.854704e-007
 1.200000e+002 -4.972733e-007 -5.624063e-007
 1.201250e+002 -2.702598e-007 -7.089662e-007
 1.202500e+002 -2.557031e-007 -7.196997e-007
 1.203750e+002 -4.105724e-007 -6.695754e-007
 1.205000e+002 -4.243990e-007 -7.201240e-007
 1.206250e+002 -3.480027e-007 -6.245694e-007
 1.207500e+002 -3.716132e-007 -7.496547e-007
 1.208750e+002  4.839333e-008 -6.135312e-007
 1.210000e+002 -2.424433e-007 -5.886578e-007
 1.211250e+002 -5.496969e-007 -6.352522e-007
 1.212500e+002 -2.971934e-007 -3.977559e-007
 1.213750e+002 -2.667105e-007 -6.373350e-007
 1.215000e+002 -4.364580e-007 -7.719564e-007
 1.216250e+002 -5.169903e-007 -6.409765e-007
 1.217500e+002 -2.871376e-007 -5.521804e-007
 1.218750e+002 -3.206223e-007 -5.252641e-007
 1.220000e+002 -5.359230e-007 -5.843793e-007
 1.221250e+002 -5.932234e-007 -4.323895e-007
 1.222500e+002 -2.534339e-007 -3.857860e-007
 1.223750e+002 -3.162606e-007 -4.663410e-007
 1.225000e+002 -3.095354e-007 -5.813106e-007
 1.226250e+002 -4.903866e-007 -3.723617e-007
 1.227500e+002 -2.680619e-007 -2.915148e-007
 1.228750e+002 -3.773716e-007 -4.720397e-007
 1.230000e+002 -2.358600e-007 -5.051591e-007
 1.231250e+002 -3.789960e-007 -3.631921e-007
 1.232500e+002 -5.168664e-007 -2.327392e-007
 1.233750e+002 -3.354557e-007 -3.957165e-007
 1.235000e+002 -3.345212e-007 -5.575474e-007
 1.236250e+002 -4.767647e-007 -4.461886e-007
 1.237500e+002 -5.026874e-007 -2.105704e-007
 1.238750e+002 -1.545104e-007 -3.348680e-007
 1.240000e+002 -3.331373e-007 -4.408330e-007
 1.241250e+002 -3.341525e-007 -8.303977e-008
 1.242500e+002 -4.691290e-007 -2.316845e-007
 1.243750e+002 -2.680130e-007 -2.867348e-007
 1.245000e+002 -3.328127e-007 -3.405801e-007
 1.246250e+002 -1.590931e-007 -3.919012e-007
 1.247500e+002 -1.577029e-007 -3.529815e-007
 1.248750e+002 -3.433934e-007 -3.299330e-007
 1.250000e+002 -4.149518e-007 -2.234245e-007
 1.251250e+002 -5.772362e-007  2.390645e-008
 1.252500e+002 -4.817436e-007 -2.172341e-007
 1.253750e+002 -4.064797e-007  3.839412e-008
 1.255000e+002 -4.429880e-007 -2.229016e-007
 1.256250e+002 -4.074046e-007 -3.645776e-007
 1.257500e+002 -2.963139e-007 -1.070833e-007
 1.258750e+002 -3.727495e-007 -1.920367e-007
 1.260000e+002 -3.229443e-007 -3.392023e-007
 1.261250e+002 -3.174561e-007  1.100750e-008
 1.262500e+002 -2.697953e-007 -2.189747e-007
 1.263750e+002 -3.733467e-007 -3.073846e-007
 1.265000e+002 -4.166286e-007 -8.773011e-008
 1.266250e+002 -3.166323e-007 -1.534652e-007
 1.267500e+002 -5.437319e-007  2.361505e-008
 1.268750e+002 -2.900405e-007 -7.167524e-008
 1.270000e+002 -8.033390e-008 -8.792652e-008
 1.271250e+002 -4.144383e-007 -1.150732e-007
 1.272500e+002 -5.077742e-007 -4.512470e-008
 1.273750e+002 -5.307921e-007 -1.231536e-007
 1.275000e+002 -4.175751e-007 -1.002238e-007
 1.276250e+002 -4.008538e-007  1.099606e-007
 1.277500e+002 -4.415868e-007 -1.498415e-007
 1.278750e+002 -4.115637e-007  7.051182e-008
 1.280000e+002 -6.273442e-007 -2.196560e-010
