 0.000000e+000 -2.748068e-003  0.000000e+000
 1.250000e-001 -2.665055e-006 -1.708800e-007
 2.500000e-001 -2.440532e-006  1.007526e-007
 3.750000e-001 -2.406797e-006 -4.850337e-008
 5.000000e-001 -2.436474e-006 -4.891245e-008
 6.250000e-001 -2.505234e-006  7.548027e-008
 7.500000e-001 -2.468214e-006 -7.090337e-008
 8.750000e-001 -2.503646e-006  8.938418e-008
 1.000000e+000 -2.454013e-006 -9.243664e-008
 1.125000e+000 -2.486790e-006  5.614669e-008
 1.250000e+000 -2.460421e-006  8.307887e-008
 1.375000e+000 -2.419624e-006  6.787872e-008
 1.500000e+000 -2.611780e-006  6.420780e-008
 1.625000e+000 -2.530970e-006  2.463062e-008
 1.750000e+000 -2.470072e-006  5.940208e-008
 1.875000e+000 -2.559344e-006  2.883018e-008
 2.000000e+000 -2.542631e-006  1.268625e-007
 2.125000e+000 -2.608599e-006  3.145918e-008
 2.250000e+000 -2.554171e-006  1.184224e-007
 2.375000e+000 -2.606439e-006  2.029168e-007
 2.500000e+000 -2.787526e-006  1.247589e-007
 2.625000e+000 -2.735415e-006  8.403461e-008
 2.750000e+000 -2.709967e-006  6.560808e-008
 2.875000e+000 -2.882195e-006  2.587639e-007
 3.000000e+000 -3.187763e-006  2.056800e-007
 3.125000e+000 -4.019210e-006  6.337199e-007
 3.250000e+000 -1.562814e-006 -5.247938e-007
 3.375000e+000 -1.748856e-006 -4.953555e-008
 3.500000e+000 -2.122398e-006  7.375738e-008
 3.625000e+000 -2.358158e-006  4.742106e-008
 3.750000e+000 -2.426169e-006  1.622215e-008
 3.875000e+000 -2.524575e-006  8.244863e-008
 4.000000e+000 -2.568562e-006  2.222687e-007
 4.125000e+000 -2.535190e-006  9.978878e-008
 4.250000e+000 -2.577635e-006  4.655326e-009
 4.375000e+000 -2.501912e-006  1.027987e-009
 4.500000e+000 -2.546677e-006  8.693571e-008
 4.625000e+000 -2.667841e-006  1.076409e-007
 4.750000e+000 -2.543693e-006  1.989027e-007
 4.875000e+000 -2.790148e-006  1.576330e-007
 5.000000e+000 -2.690383e-006  4.059334e-008
 5.125000e+000 -2.705601e-006  9.744479e-008
 5.250000e+000 -2.768931e-006  2.986613e-007
 5.375000e+000 -3.052334e-006  3.211970e-007
 5.500000e+000 -2.999679e-006  4.493960e-008
 5.625000e+000 -2.867414e-006  1.863525e-008
 5.750000e+000 -2.927892e-006  3.508115e-007
 5.875000e+000 -4.041150e-006  1.115837e-006
 6.000000e+000 -2.360244e-006  3.370171e-006
 6.125000e+000 -2.466208e-006  2.615833e-007
 6.250000e+000 -2.411182e-006 -2.552924e-007
 6.375000e+000 -2.165879e-006  2.225309e-007
 6.500000e+000 -2.568276e-006  5.572815e-007
 6.625000e+000 -2.891685e-006  2.396314e-007
 6.750000e+000 -2.846057e-006  1.135340e-007
 6.875000e+000 -2.647616e-006  1.679318e-007
 7.000000e+000 -2.694183e-006  2.721249e-007
 7.125000e+000 -2.772230e-006  2.361592e-007
 7.250000e+000 -2.777584e-006  2.537101e-007
 7.375000e+000 -2.736216e-006  2.908052e-007
 7.500000e+000 -2.977301e-006  2.360648e-007
 7.625000e+000 -2.944472e-006  1.860952e-007
 7.750000e+000 -2.963559e-006  2.584401e-007
 7.875000e+000 -2.935681e-006  2.485415e-007
 8.000000e+000 -2.990651e-006  3.108392e-007
 8.125000e+000 -3.083469e-006  3.175082e-007
 8.250000e+000 -2.969964e-006  2.541089e-007
 8.375000e+000 -3.138996e-006  2.709390e-007
 8.500000e+000 -3.189225e-006  2.411422e-007
 8.625000e+000 -3.046489e-006  1.761264e-007
 8.750000e+000 -3.043106e-006  2.296305e-007
 8.875000e+000 -3.153940e-006  3.890254e-007
 9.000000e+000 -3.294200e-006  3.096526e-007
 9.125000e+000 -3.239282e-006  2.093465e-007
 9.250000e+000 -3.187006e-006  3.054025e-007
 9.375000e+000 -3.368414e-006  3.712659e-007
 9.500000e+000 -3.447159e-006  1.994582e-007
 9.625000e+000 -3.355706e-006  1.763655e-007
 9.750000e+000 -3.290264e-006  3.307361e-007
 9.875000e+000 -3.395774e-006  2.547204e-007
 1.000000e+001 -3.558570e-006  3.276157e-007
 1.012500e+001 -3.459299e-006  1.989027e-007
 1.025000e+001 -3.497856e-006  3.595825e-007
 1.037500e+001 -3.690410e-006  3.178628e-007
 1.050000e+001 -3.725240e-006  2.832482e-007
 1.062500e+001 -3.675296e-006  2.199868e-007
 1.075000e+001 -3.651799e-006  4.208571e-007
 1.087500e+001 -3.780413e-006  3.058967e-007
 1.100000e+001 -3.913610e-006  2.692846e-007
 1.112500e+001 -3.814925e-006  2.761246e-007
 1.125000e+001 -3.798718e-006  3.547283e-007
 1.137500e+001 -3.956539e-006  4.287110e-007
 1.150000e+001 -3.967775e-006  2.094006e-007
 1.162500e+001 -3.944805e-006  1.510564e-007
 1.175000e+001 -4.046810e-006  3.581172e-007
 1.187500e+001 -4.179049e-006  3.029289e-007
 1.200000e+001 -4.296117e-006  3.285828e-007
 1.212500e+001 -4.250086e-006  3.214726e-007
 1.225000e+001 -4.243474e-006  4.031593e-007
 1.237500e+001 -4.362289e-006  3.440917e-007
 1.250000e+001 -4.386332e-006  2.489073e-007
 1.262500e+001 -4.425764e-006  2.424069e-007
 1.275000e+001 -4.486069e-006  4.653301e-007
 1.287500e+001 -4.564215e-006  3.360059e-007
 1.300000e+001 -4.738973e-006  2.664080e-007
 1.312500e+001 -4.698495e-006  3.058753e-007
 1.325000e+001 -4.855739e-006  3.994553e-007
 1.337500e+001 -4.938169e-006  3.374635e-007
 1.350000e+001 -4.906337e-006  3.490811e-007
 1.362500e+001 -4.922855e-006  3.946778e-007
 1.375000e+001 -5.036340e-006  3.928919e-007
 1.387500e+001 -5.135172e-006  3.770531e-007
 1.400000e+001 -5.136385e-006  3.576462e-007
 1.412500e+001 -5.240916e-006  4.251367e-007
 1.425000e+001 -5.406269e-006  4.048123e-007
 1.437500e+001 -5.424466e-006  3.975970e-007
 1.450000e+001 -5.384079e-006  3.706774e-007
 1.462500e+001 -5.537785e-006  4.650685e-007
 1.475000e+001 -5.650971e-006  5.259341e-007
 1.487500e+001 -5.885549e-006  3.655567e-007
 1.500000e+001 -5.790497e-006  2.974738e-007
 1.512500e+001 -5.884531e-006  3.845628e-007
 1.525000e+001 -6.097618e-006  3.201544e-007
 1.537500e+001 -6.285850e-006  3.437905e-007
 1.550000e+001 -6.225402e-006  3.147861e-007
 1.562500e+001 -6.379783e-006  3.418951e-007
 1.575000e+001 -6.570163e-006  4.004385e-007
 1.587500e+001 -6.744418e-006  3.176707e-007
 1.600000e+001 -6.846904e-006  3.134706e-007
 1.612500e+001 -6.894125e-006  3.229887e-007
 1.625000e+001 -7.222702e-006  4.840560e-007
 1.637500e+001 -7.221491e-006  3.156507e-007
 1.650000e+001 -7.291670e-006  3.182860e-007
 1.662500e+001 -7.558326e-006  4.129232e-007
 1.675000e+001 -7.794698e-006  2.474859e-007
 1.687500e+001 -7.990292e-006  2.539962e-007
 1.700000e+001 -8.101501e-006  2.966013e-007
 1.712500e+001 -8.281809e-006  3.714865e-007
 1.725000e+001 -8.618450e-006  3.230844e-007
 1.737500e+001 -8.791648e-006  2.209441e-007
 1.750000e+001 -8.872816e-006  2.135420e-007
 1.762500e+001 -9.276459e-006  2.440951e-007
 1.775000e+001 -9.530573e-006  1.404419e-007
 1.787500e+001 -9.778913e-006  1.023645e-007
 1.800000e+001 -9.975480e-006  2.159312e-007
 1.812500e+001 -1.053796e-005  1.881247e-007
 1.825000e+001 -1.083421e-005  1.669624e-007
 1.837500e+001 -1.115237e-005  1.905833e-007
 1.850000e+001 -1.159336e-005  2.077584e-007
 1.862500e+001 -1.198295e-005  1.660409e-007
 1.875000e+001 -1.246481e-005  8.713340e-008
 1.887500e+001 -1.279225e-005  5.078015e-008
 1.900000e+001 -1.320409e-005  1.880318e-007
 1.912500e+001 -1.392361e-005  1.125005e-007
 1.925000e+001 -1.458309e-005  2.621777e-009
 1.937500e+001 -1.504331e-005  1.854402e-010
 1.950000e+001 -1.574965e-005  2.006572e-007
 1.962500e+001 -1.662994e-005  9.327436e-008
 1.975000e+001 -1.739932e-005 -2.486058e-008
 1.987500e+001 -1.812603e-005  1.016735e-007
 2.000000e+001 -1.919622e-005  2.395649e-007
 2.012500e+001 -2.050367e-005  2.631890e-007
 2.025000e+001 -2.169150e-005  2.654718e-008
 2.037500e+001 -2.301522e-005  1.113968e-007
 2.050000e+001 -2.460920e-005  1.547701e-007
 2.062500e+001 -2.675329e-005  7.818213e-008
 2.075000e+001 -2.883009e-005  9.002481e-008
 2.087500e+001 -3.102103e-005  1.107336e-007
 2.100000e+001 -3.418342e-005  3.367122e-007
 2.112500e+001 -3.816064e-005  4.893809e-007
 2.125000e+001 -4.273372e-005  3.032077e-007
 2.137500e+001 -4.829857e-005  5.610225e-007
 2.150000e+001 -5.604257e-005  1.122659e-006
 2.162500e+001 -6.715044e-005  1.609003e-006
 2.175000e+001 -8.249810e-005  2.338910e-006
 2.187500e+001 -1.064975e-004  6.246760e-006
 2.200000e+001 -1.549351e-004  1.520382e-005
 2.212500e+001 -2.705950e-004  5.461293e-005
 2.225000e+001 -4.828046e-004  5.516333e-004
 2.237500e+001  4.663471e-004  1.000927e-004
 2.250000e+001  1.949201e-004  2.890284e-005
 2.262500e+001  1.238913e-004  1.963886e-005
 2.275000e+001  9.214310e-005  1.053666e-005
 2.287500e+001  7.225797e-005  7.228051e-006
 2.300000e+001  5.989994e-005  5.678893e-006
 2.312500e+001  5.101030e-005  5.138491e-006
 2.325000e+001  4.413521e-005  4.283033e-006
 2.337500e+001  3.929252e-005  3.720154e-006
 2.350000e+001  3.537396e-005  3.398580e-006
 2.362500e+001  3.217527e-005  3.431375e-006
 2.375000e+001  2.910791e-005  3.048710e-006
 2.387500e+001  2.703709e-005  2.808678e-006
 2.400000e+001  2.511401e-005  2.706371e-006
 2.412500e+001  2.338086e-005  2.587397e-006
 2.425000e+001  2.198713e-005  2.324791e-006
 2.437500e+001  2.069098e-005  2.352536e-006
 2.450000e+001  1.971946e-005  2.244338e-006
 2.462500e+001  1.856457e-005  2.235157e-006
 2.475000e+001  1.757476e-005  1.993392e-006
 2.487500e+001  1.679269e-005  1.970151e-006
 2.500000e+001  1.616876e-005  2.017015e-006
 2.512500e+001  1.532312e-005  1.995375e-006
 2.525000e+001  1.464899e-005  1.886740e-006
 2.537500e+001  1.409461e-005  1.744193e-006
 2.550000e+001  1.368466e-005  1.713576e-006
 2.562500e+001  1.300697e-005  1.723378e-006
 2.575000e+001  1.253274e-005  1.720415e-006
 2.587500e+001  1.211874e-005  1.566178e-006
 2.600000e+001  1.166732e-005  1.671857e-006
 2.612500e+001  1.135979e-005  1.574141e-006
 2.625000e+001  1.096433e-005  1.480485e-006
 2.637500e+001  1.069651e-005  1.422620e-006
 2.650000e+001  1.038453e-005  1.425748e-006
 2.662500e+001  1.001578e-005  1.387151e-006
 2.675000e+001  9.765813e-006  1.450656e-006
 2.687500e+001  9.465748e-006  1.369991e-006
 2.700000e+001  9.212914e-006  1.360735e-006
 2.712500e+001  8.985256e-006  1.328847e-006
 2.725000e+001  8.736508e-006  1.319510e-006
 2.737500e+001  8.423887e-006  1.324615e-006
 2.750000e+001  8.367999e-006  1.236605e-006
 2.762500e+001  8.000325e-006  1.389465e-006
 2.775000e+001  7.967319e-006  1.289815e-006
 2.787500e+001  7.730164e-006  1.194527e-006
 2.800000e+001  7.510628e-006  1.256565e-006
 2.812500e+001  7.371904e-006  1.307647e-006
 2.825000e+001  7.038284e-006  1.169670e-006
 2.837500e+001  6.903842e-006  1.246111e-006
 2.850000e+001  6.927391e-006  1.408588e-006
 2.862500e+001  6.743776e-006  1.359483e-006
 2.875000e+001  6.600509e-006  1.237425e-006
 2.887500e+001  6.492034e-006  1.285689e-006
 2.900000e+001  6.393411e-006  1.370480e-006
 2.912500e+001  6.273647e-006  1.365408e-006
 2.925000e+001  6.089782e-006  1.260212e-006
 2.937500e+001  6.138799e-006  1.218274e-006
 2.950000e+001  5.953571e-006  1.298902e-006
 2.962500e+001  5.811415e-006  1.227105e-006
 2.975000e+001  5.835794e-006  1.199037e-006
 2.987500e+001  5.631751e-006  1.176824e-006
 3.000000e+001  5.587469e-006  1.193721e-006
 3.012500e+001  5.443457e-006  1.297419e-006
 3.025000e+001  5.377703e-006  1.149652e-006
 3.037500e+001  5.214387e-006  1.245607e-006
 3.050000e+001  5.238316e-006  1.322249e-006
 3.062500e+001  5.245928e-006  1.206625e-006
 3.075000e+001  5.084984e-006  1.235073e-006
 3.087500e+001  5.007865e-006  1.230935e-006
 3.100000e+001  4.910268e-006  1.154482e-006
 3.112500e+001  4.791016e-006  1.192916e-006
 3.125000e+001  4.821151e-006  1.181077e-006
 3.137500e+001  4.849990e-006  1.236260e-006
 3.150000e+001  4.677022e-006  1.160565e-006
 3.162500e+001  4.629008e-006  1.292578e-006
 3.175000e+001  4.444607e-006  1.215145e-006
 3.187500e+001  4.456502e-006  1.178178e-006
 3.200000e+001  4.386376e-006  1.079661e-006
 3.212500e+001  4.456990e-006  1.102162e-006
 3.225000e+001  4.404068e-006  1.070295e-006
 3.237500e+001  4.229793e-006  1.221295e-006
 3.250000e+001  4.240662e-006  1.091545e-006
 3.262500e+001  4.155249e-006  1.048376e-006
 3.275000e+001  4.082075e-006  1.118185e-006
 3.287500e+001  4.083212e-006  1.087003e-006
 3.300000e+001  4.083634e-006  1.165665e-006
 3.312500e+001  4.004616e-006  1.005818e-006
 3.325000e+001  3.930489e-006  9.920292e-007
 3.337500e+001  3.903048e-006  1.038905e-006
 3.350000e+001  3.873407e-006  1.105083e-006
 3.362500e+001  3.837622e-006  1.028602e-006
 3.375000e+001  3.730750e-006  1.088022e-006
 3.387500e+001  3.657049e-006  1.067186e-006
 3.400000e+001  3.606749e-006  9.011322e-007
 3.412500e+001  3.643604e-006  1.032331e-006
 3.425000e+001  3.659825e-006  1.112872e-006
 3.437500e+001  3.481770e-006  1.045330e-006
 3.450000e+001  3.463159e-006  9.033336e-007
 3.462500e+001  3.428436e-006  9.468705e-007
 3.475000e+001  3.323012e-006  9.766220e-007
 3.487500e+001  3.341275e-006  1.065658e-006
 3.500000e+001  3.326810e-006  1.050983e-006
 3.512500e+001  3.241300e-006  1.061254e-006
 3.525000e+001  3.264080e-006  1.021520e-006
 3.537500e+001  3.216919e-006  9.926496e-007
 3.550000e+001  3.042397e-006  1.002451e-006
 3.562500e+001  3.146082e-006  9.615160e-007
 3.575000e+001  3.120023e-006  9.860557e-007
 3.587500e+001  3.016478e-006  9.708790e-007
 3.600000e+001  3.095934e-006  9.745556e-007
 3.612500e+001  3.038818e-006  1.009851e-006
 3.625000e+001  3.095956e-006  9.540502e-007
 3.637500e+001  3.013854e-006  1.054803e-006
 3.650000e+001  2.965967e-006  1.044335e-006
 3.662500e+001  2.849185e-006  1.101930e-006
 3.675000e+001  2.932713e-006  1.025884e-006
 3.687500e+001  2.908544e-006  8.779574e-007
 3.700000e+001  2.705629e-006  9.163179e-007
 3.712500e+001  2.820809e-006  9.690932e-007
 3.725000e+001  2.764983e-006  8.972904e-007
 3.737500e+001  2.790113e-006  9.655685e-007
 3.750000e+001  2.807130e-006  9.447433e-007
 3.762500e+001  2.731870e-006  9.499868e-007
 3.775000e+001  2.753351e-006  9.801396e-007
 3.787500e+001  2.698072e-006  9.425992e-007
 3.800000e+001  2.674007e-006  8.899783e-007
 3.812500e+001  2.625157e-006  9.383141e-007
 3.825000e+001  2.640963e-006  8.893715e-007
 3.837500e+001  2.732717e-006  9.472997e-007
 3.850000e+001  2.555152e-006  1.005417e-006
 3.862500e+001  2.518828e-006  9.368391e-007
 3.875000e+001  2.591571e-006  9.238286e-007
 3.887500e+001  2.559336e-006  9.662936e-007
 3.900000e+001  2.428882e-006  8.662344e-007
 3.912500e+001  2.518104e-006  8.851831e-007
 3.925000e+001  2.457150e-006  9.178679e-007
 3.937500e+001  2.472089e-006  8.540998e-007
 3.950000e+001  2.438202e-006  8.355672e-007
 3.962500e+001  2.387217e-006  9.050404e-007
 3.975000e+001  2.415175e-006  8.659674e-007
 3.987500e+001  2.426951e-006  8.414825e-007
 4.000000e+001  2.342853e-006  9.386920e-007
 4.012500e+001  2.358339e-006  8.798775e-007
 4.025000e+001  2.342884e-006  7.367616e-007
 4.037500e+001  2.291831e-006  8.570814e-007
 4.050000e+001  2.296170e-006  8.494124e-007
 4.062500e+001  2.173907e-006  7.471653e-007
 4.075000e+001  2.271216e-006  7.655701e-007
 4.087500e+001  2.264298e-006  8.811870e-007
 4.100000e+001  2.195171e-006  7.556061e-007
 4.112500e+001  2.314361e-006  9.217254e-007
 4.125000e+001  2.141881e-006  8.774268e-007
 4.137500e+001  2.218993e-006  7.567980e-007
 4.150000e+001  2.209026e-006  8.068174e-007
 4.162500e+001  2.142996e-006  8.691389e-007
 4.175000e+001  2.237176e-006  8.450255e-007
 4.187500e+001  2.163467e-006  8.799897e-007
 4.200000e+001  2.201382e-006  8.251565e-007
 4.212500e+001  2.072324e-006  7.174505e-007
 4.225000e+001  2.158955e-006  9.123807e-007
 4.237500e+001  2.161190e-006  8.119634e-007
 4.250000e+001  2.085325e-006  8.585559e-007
 4.262500e+001  2.043656e-006  8.761300e-007
 4.275000e+001  2.126899e-006  7.874659e-007
 4.287500e+001  2.173330e-006  8.572149e-007
 4.300000e+001  2.001493e-006  9.166639e-007
 4.312500e+001  2.058402e-006  8.122814e-007
 4.325000e+001  2.022551e-006  8.594377e-007
 4.337500e+001  2.079242e-006  8.182856e-007
 4.350000e+001  1.991743e-006  7.497126e-007
 4.362500e+001  1.987700e-006  8.542743e-007
 4.375000e+001  2.032845e-006  8.316611e-007
 4.387500e+001  1.990669e-006  7.433702e-007
 4.400000e+001  1.996772e-006  7.179127e-007
 4.412500e+001  2.089414e-006  8.162945e-007
 4.425000e+001  2.069488e-006  7.238283e-007
 4.437500e+001  1.999540e-006  7.406691e-007
 4.450000e+001  2.022519e-006  7.959833e-007
 4.462500e+001  2.033877e-006  6.578519e-007
 4.475000e+001  2.054266e-006  7.137739e-007
 4.487500e+001  1.931152e-006  7.865341e-007
 4.500000e+001  2.021551e-006  8.112158e-007
 4.512500e+001  1.987200e-006  6.948576e-007
 4.525000e+001  1.916595e-006  6.611519e-007
 4.537500e+001  1.914619e-006  7.603773e-007
 4.550000e+001  1.872721e-006  6.550044e-007
 4.562500e+001  1.886485e-006  6.243236e-007
 4.575000e+001  1.794671e-006  6.485682e-007
 4.587500e+001  1.876035e-006  6.281795e-007
 4.600000e+001  1.813199e-006  7.081067e-007
 4.612500e+001  1.885222e-006  7.539128e-007
 4.625000e+001  1.930091e-006  6.397503e-007
 4.637500e+001  1.867158e-006  6.823911e-007
 4.650000e+001  1.867566e-006  6.169925e-007
 4.662500e+001  1.831982e-006  5.906738e-007
 4.675000e+001  1.817896e-006  6.734292e-007
 4.687500e+001  1.952617e-006  6.354607e-007
 4.700000e+001  1.817173e-006  6.428691e-007
 4.712500e+001  1.778643e-006  5.755755e-007
 4.725000e+001  1.878163e-006  5.683138e-007
 4.737500e+001  1.830364e-006  5.774050e-007
 4.750000e+001  1.798765e-006  5.068774e-007
 4.762500e+001  1.933296e-006  6.058977e-007
 4.775000e+001  1.717893e-006  5.598552e-007
 4.787500e+001  1.838957e-006  4.747977e-007
 4.800000e+001  1.761931e-006  6.466035e-007
 4.812500e+001  1.803590e-006  6.164122e-007
 4.825000e+001  1.800921e-006  7.027132e-007
 4.837500e+001  1.770717e-006  6.454740e-007
 4.850000e+001  1.804461e-006  5.666003e-007
 4.862500e+001  1.819412e-006  6.000381e-007
 4.875000e+001  1.778985e-006  5.786985e-007
 4.887500e+001  1.691254e-006  7.110317e-007
 4.900000e+001  1.777474e-006  6.162837e-007
 4.912500e+001  1.806260e-006  6.746787e-007
 4.925000e+001  1.782127e-006  6.653791e-007
 4.937500e+001  1.713366e-006  5.598405e-007
 4.950000e+001  1.781140e-006  5.693208e-007
 4.962500e+001  1.792942e-006  6.583339e-007
 4.975000e+001  1.718565e-006  4.892140e-007
 4.987500e+001  1.687458e-006  5.583967e-007
 5.000000e+001  1.786495e-006  6.423446e-007
 5.012500e+001  1.702188e-006  6.382279e-007
 5.025000e+001  1.638391e-006  5.940279e-007
 5.037500e+001  1.792704e-006  5.000855e-007
 5.050000e+001  1.794952e-006  5.750379e-007
 5.062500e+001  1.804797e-006  5.901589e-007
 5.075000e+001  1.766775e-006  6.397855e-007
 5.087500e+001  1.850473e-006  6.036877e-007
 5.100000e+001  1.757509e-006  5.833026e-007
 5.112500e+001  1.818351e-006  4.031522e-007
 5.125000e+001  1.724521e-006  5.537613e-007
 5.137500e+001  1.760898e-006  5.547738e-007
 5.150000e+001  1.693431e-006  5.235480e-007
 5.162500e+001  1.866081e-006  5.345782e-007
 5.175000e+001  1.744311e-006  5.004369e-007
 5.187500e+001  1.732575e-006  6.063555e-007
 5.200000e+001  1.781504e-006  3.885183e-007
 5.212500e+001  1.780390e-006  4.728209e-007
 5.225000e+001  1.675538e-006  5.417189e-007
 5.237500e+001  1.801783e-006  4.886125e-007
 5.250000e+001  1.763378e-006  5.337050e-007
 5.262500e+001  1.691626e-006  4.956252e-007
 5.275000e+001  1.839265e-006  4.975222e-007
 5.287500e+001  1.703805e-006  4.835582e-007
 5.300000e+001  1.808317e-006  6.231201e-007
 5.312500e+001  1.822991e-006  4.773050e-007
 5.325000e+001  1.772013e-006  4.834634e-007
 5.337500e+001  1.878552e-006  4.178044e-007
 5.350000e+001  1.830424e-006  4.919171e-007
 5.362500e+001  1.864046e-006  5.039296e-007
 5.375000e+001  1.747123e-006  5.135917e-007
 5.387500e+001  1.904582e-006  4.728194e-007
 5.400000e+001  1.669254e-006  5.340001e-007
 5.412500e+001  1.806901e-006  4.015166e-007
 5.425000e+001  1.815801e-006  5.704314e-007
 5.437500e+001  1.895622e-006  4.620312e-007
 5.450000e+001  1.866355e-006  5.608361e-007
 5.462500e+001  1.755859e-006  5.681358e-007
 5.475000e+001  1.784758e-006  4.501151e-007
 5.487500e+001  1.935335e-006  5.101535e-007
 5.500000e+001  1.821284e-006  4.924993e-007
 5.512500e+001  2.014936e-006  6.066282e-007
 5.525000e+001  1.899766e-006  4.722123e-007
 5.537500e+001  1.890341e-006  4.519080e-007
 5.550000e+001  1.938566e-006  4.883359e-007
 5.562500e+001  1.890187e-006  4.919101e-007
 5.575000e+001  1.956635e-006  4.544247e-007
 5.587500e+001  1.931252e-006  4.979558e-007
 5.600000e+001  1.904020e-006  4.450146e-007
 5.612500e+001  2.099791e-006  4.525218e-007
 5.625000e+001  2.011660e-006  4.772153e-007
 5.637500e+001  2.018634e-006  4.063902e-007
 5.650000e+001  2.008752e-006  4.097072e-007
 5.662500e+001  2.030923e-006  4.617914e-007
 5.675000e+001  1.969467e-006  4.771949e-007
 5.687500e+001  1.979431e-006  3.720130e-007
 5.700000e+001  2.013540e-006  3.259761e-007
 5.712500e+001  2.141418e-006  3.295506e-007
 5.725000e+001  2.062648e-006  3.260286e-007
 5.737500e+001  1.960433e-006  4.107470e-007
 5.750000e+001  2.084595e-006  3.815306e-007
 5.762500e+001  2.039897e-006  3.992816e-007
 5.775000e+001  2.114431e-006  4.632491e-007
 5.787500e+001  2.111425e-006  4.349454e-007
 5.800000e+001  2.027564e-006  4.168080e-007
 5.812500e+001  2.104701e-006  3.273668e-007
 5.825000e+001  2.123955e-006  3.918695e-007
 5.837500e+001  2.027568e-006  3.399666e-007
 5.850000e+001  2.164526e-006  4.904558e-007
 5.862500e+001  2.021485e-006  2.895036e-007
 5.875000e+001  2.191594e-006  4.405379e-007
 5.887500e+001  2.056791e-006  2.767262e-007
 5.900000e+001  2.058487e-006  2.335566e-007
 5.912500e+001  2.263000e-006  3.666042e-007
 5.925000e+001  2.306519e-006  3.183709e-007
 5.937500e+001  2.186593e-006  3.127963e-007
 5.950000e+001  2.169303e-006  3.550457e-007
 5.962500e+001  2.267813e-006  2.830211e-007
 5.975000e+001  2.310835e-006  3.012407e-007
 5.987500e+001  2.391829e-006  3.126339e-007
 6.000000e+001  2.291325e-006  3.903997e-007
 6.012500e+001  2.347334e-006  2.332223e-007
 6.025000e+001  2.298941e-006  3.080248e-007
 6.037500e+001  2.418521e-006  2.787429e-007
 6.050000e+001  2.323390e-006  2.557366e-007
 6.062500e+001  2.228504e-006  3.437757e-007
 6.075000e+001  2.340246e-006  2.278207e-007
 6.087500e+001  2.433711e-006  3.513418e-007
 6.100000e+001  2.241636e-006  3.791941e-007
 6.112500e+001  2.396140e-006  2.743239e-007
 6.125000e+001  2.373530e-006  2.620288e-007
 6.137500e+001  2.512512e-006  2.787324e-007
 6.150000e+001  2.428438e-006  4.144220e-007
 6.162500e+001  2.402265e-006  2.990392e-007
 6.175000e+001  2.460720e-006  2.298163e-007
 6.187500e+001  2.527881e-006  3.425789e-007
 6.200000e+001  2.532920e-006  1.672955e-007
 6.212500e+001  2.556486e-006  2.863702e-007
 6.225000e+001  2.494744e-006  2.372195e-007
 6.237500e+001  2.447963e-006  2.217698e-007
 6.250000e+001  2.739030e-006  2.632988e-007
 6.262500e+001  2.743575e-006  1.624869e-007
 6.275000e+001  2.601893e-006  1.694284e-007
 6.287500e+001  2.593564e-006  2.573436e-007
 6.300000e+001  2.642490e-006  2.044377e-007
 6.312500e+001  2.717723e-006  3.126561e-007
 6.325000e+001  2.761308e-006  3.134014e-007
 6.337500e+001  2.701639e-006  1.664760e-007
 6.350000e+001  2.643908e-006  2.653517e-007
 6.362500e+001  2.857156e-006  2.631562e-007
 6.375000e+001  2.795351e-006  2.789272e-007
 6.387500e+001  2.813073e-006  2.013752e-007
 6.400000e+001  2.957452e-006  2.000786e-007
 6.412500e+001  2.981759e-006  2.183224e-007
 6.425000e+001  3.005209e-006  2.307314e-007
 6.437500e+001  2.893629e-006  3.009225e-007
 6.450000e+001  2.884467e-006  2.083074e-008
 6.462500e+001  3.169139e-006  1.894546e-007
 6.475000e+001  3.081547e-006  1.963560e-007
 6.487500e+001  3.045337e-006  1.646904e-007
 6.500000e+001  3.055845e-006  7.766042e-008
 6.512500e+001  3.091569e-006  1.436646e-007
 6.525000e+001  3.154375e-006  6.168207e-008
 6.537500e+001  3.248582e-006  1.005403e-007
 6.550000e+001  3.305856e-006  8.423296e-008
 6.562500e+001  3.286665e-006  1.071640e-007
 6.575000e+001  3.265139e-006  1.028938e-007
 6.587500e+001  3.377154e-006  1.796453e-007
 6.600000e+001  3.378916e-006  1.647614e-008
 6.612500e+001  3.478941e-006  9.627650e-008
 6.625000e+001  3.358510e-006  1.138782e-007
 6.637500e+001  3.408853e-006  7.750450e-008
 6.650000e+001  3.462876e-006  9.080967e-008
 6.662500e+001  3.665040e-006  1.809675e-007
 6.675000e+001  3.670647e-006  1.670495e-007
 6.687500e+001  3.718547e-006  1.573823e-008
 6.700000e+001  3.921478e-006  1.647518e-007
 6.712500e+001  3.918451e-006  1.299816e-007
 6.725000e+001  3.804216e-006  8.875364e-008
 6.737500e+001  3.851100e-006  1.297614e-007
 6.750000e+001  3.958400e-006  1.831499e-007
 6.762500e+001  3.982536e-006  1.090308e-007
 6.775000e+001  4.245575e-006  1.760444e-007
 6.787500e+001  4.207763e-006  1.393305e-007
 6.800000e+001  4.243350e-006  1.905260e-007
 6.812500e+001  4.176404e-006  3.392453e-007
 6.825000e+001  4.343359e-006  3.203755e-007
 6.837500e+001  4.498184e-006  2.093296e-007
 6.850000e+001  4.709835e-006  3.616427e-007
 6.862500e+001  4.617081e-006  2.230549e-007
 6.875000e+001  4.871673e-006  1.532160e-007
 6.887500e+001  4.853513e-006  2.132886e-007
 6.900000e+001  5.205240e-006  2.664183e-007
 6.912500e+001  5.280253e-006  2.788835e-007
 6.925000e+001  5.332907e-006  2.281388e-007
 6.937500e+001  5.546170e-006  2.756803e-007
 6.950000e+001  5.757058e-006  2.479602e-007
 6.962500e+001  5.894319e-006  2.743591e-007
 6.975000e+001  6.187121e-006  3.477386e-007
 6.987500e+001  6.227849e-006  3.385262e-007
 7.000000e+001  6.471572e-006  3.270358e-007
 7.012500e+001  6.675828e-006  2.559439e-007
 7.025000e+001  7.147540e-006  1.221730e-007
 7.037500e+001  7.259463e-006  1.966780e-007
 7.050000e+001  7.628739e-006  1.618601e-007
 7.062500e+001  7.950660e-006  7.856016e-008
 7.075000e+001  8.486539e-006  5.970078e-008
 7.087500e+001  8.797954e-006 -4.730426e-008
 7.100000e+001  9.265026e-006  6.826174e-008
 7.112500e+001  9.739013e-006 -1.108377e-007
 7.125000e+001  1.039842e-005 -2.103509e-007
 7.137500e+001  1.110456e-005 -4.193790e-007
 7.150000e+001  1.186350e-005 -6.977057e-007
 7.162500e+001  1.299825e-005 -1.118697e-006
 7.175000e+001  1.413796e-005 -1.443271e-006
 7.187500e+001  1.552865e-005 -2.040809e-006
 7.200000e+001  1.722375e-005 -2.747899e-006
 7.212500e+001  1.919431e-005 -4.209854e-006
 7.225000e+001  2.176450e-005 -6.108388e-006
 7.237500e+001  2.469198e-005 -9.397039e-006
 7.250000e+001  2.762121e-005 -1.467761e-005
 7.262500e+001  2.993752e-005 -2.359581e-005
 7.275000e+001  2.802745e-005 -3.669653e-005
 7.287500e+001  1.413538e-005 -5.247031e-005
 7.300000e+001 -1.324855e-005 -5.168897e-005
 7.312500e+001 -2.543169e-005 -3.030164e-005
 7.325000e+001 -2.118832e-005 -1.709020e-005
 7.337500e+001 -1.658098e-005 -1.187590e-005
 7.350000e+001 -1.358773e-005 -9.319941e-006
 7.362500e+001 -1.146487e-005 -7.842621e-006
 7.375000e+001 -9.974997e-006 -6.668418e-006
 7.387500e+001 -8.667197e-006 -6.038887e-006
 7.400000e+001 -7.615863e-006 -5.349179e-006
 7.412500e+001 -6.768767e-006 -5.046133e-006
 7.425000e+001 -6.247320e-006 -4.590353e-006
 7.437500e+001 -5.715002e-006 -4.218552e-006
 7.450000e+001 -5.162905e-006 -4.104720e-006
 7.462500e+001 -4.864504e-006 -3.883036e-006
 7.475000e+001 -4.336746e-006 -3.793866e-006
 7.487500e+001 -4.097658e-006 -3.453479e-006
 7.500000e+001 -3.783969e-006 -3.346270e-006
 7.512500e+001 -3.568891e-006 -3.265620e-006
 7.525000e+001 -3.246253e-006 -3.268019e-006
 7.537500e+001 -3.269060e-006 -3.013838e-006
 7.550000e+001 -2.993525e-006 -3.054004e-006
 7.562500e+001 -2.822079e-006 -2.876389e-006
 7.575000e+001 -2.514641e-006 -3.025098e-006
 7.587500e+001 -2.512975e-006 -2.750971e-006
 7.600000e+001 -2.435004e-006 -2.706706e-006
 7.612500e+001 -2.481459e-006 -2.831022e-006
 7.625000e+001 -2.033812e-006 -2.514382e-006
 7.637500e+001 -2.090999e-006 -2.725694e-006
 7.650000e+001 -1.841064e-006 -2.547702e-006
 7.662500e+001 -1.756193e-006 -2.481888e-006
 7.675000e+001 -1.916562e-006 -2.365399e-006
 7.687500e+001 -1.582391e-006 -2.434205e-006
 7.700000e+001 -1.632845e-006 -2.375533e-006
 7.712500e+001 -1.751975e-006 -2.380402e-006
 7.725000e+001 -1.543299e-006 -2.251174e-006
 7.737500e+001 -1.227421e-006 -2.430296e-006
 7.750000e+001 -1.243661e-006 -2.211132e-006
 7.762500e+001 -1.431447e-006 -2.154133e-006
 7.775000e+001 -1.317519e-006 -2.258639e-006
 7.787500e+001 -1.279040e-006 -2.242867e-006
 7.800000e+001 -1.190285e-006 -2.226874e-006
 7.812500e+001 -1.028727e-006 -2.191880e-006
 7.825000e+001 -1.098027e-006 -1.958539e-006
 7.837500e+001 -9.858304e-007 -2.136239e-006
 7.850000e+001 -9.981755e-007 -2.141819e-006
 7.862500e+001 -8.569031e-007 -2.086097e-006
 7.875000e+001 -1.052194e-006 -2.053618e-006
 7.887500e+001 -7.046143e-007 -2.082734e-006
 7.900000e+001 -8.305640e-007 -2.064961e-006
 7.912500e+001 -8.848243e-007 -1.983178e-006
 7.925000e+001 -6.307162e-007 -2.066042e-006
 7.937500e+001 -6.602958e-007 -2.216790e-006
 7.950000e+001 -5.111475e-007 -2.207472e-006
 7.962500e+001 -6.115819e-007 -2.472258e-006
 7.975000e+001 -1.090269e-006 -2.428686e-006
 7.987500e+001 -9.623754e-007 -2.091156e-006
 8.000000e+001 -6.811269e-007 -2.000675e-006
 8.012500e+001 -8.855798e-007 -1.914947e-006
 8.025000e+001 -8.029479e-007 -1.807452e-006
 8.037500e+001 -8.028835e-007 -1.876571e-006
 8.050000e+001 -7.504029e-007 -2.065816e-006
 8.062500e+001 -5.808574e-007 -1.788681e-006
 8.075000e+001 -7.136569e-007 -1.750574e-006
 8.087500e+001 -6.558777e-007 -1.805139e-006
 8.100000e+001 -5.207070e-007 -1.863445e-006
 8.112500e+001 -6.138979e-007 -1.735386e-006
 8.125000e+001 -6.034033e-007 -1.789433e-006
 8.137500e+001 -4.031203e-007 -1.661294e-006
 8.150000e+001 -4.503173e-007 -1.799356e-006
 8.162500e+001 -5.709657e-007 -1.611327e-006
 8.175000e+001 -5.168148e-007 -1.733527e-006
 8.187500e+001 -4.195833e-007 -1.707908e-006
 8.200000e+001 -5.190112e-007 -1.681487e-006
 8.212500e+001 -5.261379e-007 -1.711229e-006
 8.225000e+001 -3.709652e-007 -1.564603e-006
 8.237500e+001 -3.628358e-007 -1.632711e-006
 8.250000e+001 -4.464382e-007 -1.751568e-006
 8.262500e+001 -4.870227e-007 -1.609767e-006
 8.275000e+001 -3.761250e-007 -1.621182e-006
 8.287500e+001 -4.192323e-007 -1.628288e-006
 8.300000e+001 -3.274442e-007 -1.534282e-006
 8.312500e+001 -4.563187e-007 -1.695469e-006
 8.325000e+001 -2.627009e-007 -1.663726e-006
 8.337500e+001 -2.340887e-007 -1.668427e-006
 8.350000e+001 -2.924561e-007 -1.639768e-006
 8.362500e+001 -5.326479e-007 -1.621544e-006
 8.375000e+001 -3.211643e-007 -1.519984e-006
 8.387500e+001 -4.366913e-007 -1.674222e-006
 8.400000e+001 -3.033238e-007 -1.544905e-006
 8.412500e+001 -1.754120e-007 -1.485909e-006
 8.425000e+001 -4.555093e-008 -1.544055e-006
 8.437500e+001 -1.011168e-007 -1.647781e-006
 8.450000e+001 -1.114751e-007 -1.571692e-006
 8.462500e+001 -8.747882e-008 -1.485585e-006
 8.475000e+001 -1.623097e-007 -1.596906e-006
 8.487500e+001 -2.062119e-008 -1.542941e-006
 8.500000e+001  5.910919e-008 -1.395550e-006
 8.512500e+001  3.626631e-008 -1.405296e-006
 8.525000e+001 -5.384314e-008 -1.465517e-006
 8.537500e+001 -3.155120e-008 -1.457302e-006
 8.550000e+001  3.321280e-008 -1.563844e-006
 8.562500e+001  1.279463e-007 -1.496939e-006
 8.575000e+001  1.648352e-007 -1.472195e-006
 8.587500e+001  6.703453e-008 -1.540376e-006
 8.600000e+001  1.357774e-007 -1.461565e-006
 8.612500e+001  1.017832e-007 -1.258682e-006
 8.625000e+001  2.815439e-007 -1.600170e-006
 8.637500e+001  4.289445e-007 -1.302659e-006
 8.650000e+001  5.499606e-007 -1.580407e-006
 8.662500e+001  3.403406e-007 -1.471432e-006
 8.675000e+001  5.322828e-007 -1.406961e-006
 8.687500e+001  6.280733e-007 -1.375497e-006
 8.700000e+001  5.522191e-007 -1.300959e-006
 8.712500e+001  6.081824e-007 -1.401417e-006
 8.725000e+001  1.024970e-006 -1.480102e-006
 8.737500e+001  8.369649e-007 -1.449468e-006
 8.750000e+001  8.642600e-007 -1.409973e-006
 8.762500e+001  1.172794e-006 -1.524456e-006
 8.775000e+001  1.100697e-006 -1.627742e-006
 8.787500e+001  1.126218e-006 -1.626011e-006
 8.800000e+001  1.119037e-006 -1.655877e-006
 8.812500e+001  1.392181e-006 -1.491213e-006
 8.825000e+001  1.738262e-006 -1.664116e-006
 8.837500e+001  1.707374e-006 -1.586678e-006
 8.850000e+001  2.110513e-006 -1.820161e-006
 8.862500e+001  2.250543e-006 -1.908875e-006
 8.875000e+001  2.427130e-006 -2.118880e-006
 8.887500e+001  2.764464e-006 -2.235199e-006
 8.900000e+001  2.786833e-006 -2.382553e-006
 8.912500e+001  3.234942e-006 -2.690646e-006
 8.925000e+001  3.694376e-006 -3.414677e-006
 8.937500e+001  4.133717e-006 -3.489877e-006
 8.950000e+001  4.086530e-006 -4.116456e-006
 8.962500e+001  4.873335e-006 -4.990316e-006
 8.975000e+001  5.198827e-006 -5.794547e-006
 8.987500e+001  5.630727e-006 -7.425456e-006
 9.000000e+001  5.272239e-006 -9.335681e-006
 9.012500e+001  4.745672e-006 -1.157974e-005
 9.025000e+001  3.137258e-006 -1.456459e-005
 9.037500e+001 -4.505006e-007 -1.664074e-005
 9.050000e+001 -6.000086e-006 -1.736117e-005
 9.062500e+001 -1.106018e-005 -1.344734e-005
 9.075000e+001 -1.193553e-005 -7.973126e-006
 9.087500e+001 -1.054335e-005 -4.903785e-006
 9.100000e+001 -8.901746e-006 -3.698383e-006
 9.112500e+001 -7.925896e-006 -2.848039e-006
 9.125000e+001 -7.119999e-006 -2.686544e-006
 9.137500e+001 -6.470667e-006 -2.276737e-006
 9.150000e+001 -6.252210e-006 -2.069348e-006
 9.162500e+001 -5.889093e-006 -1.814219e-006
 9.175000e+001 -5.381034e-006 -1.619200e-006
 9.187500e+001 -5.080404e-006 -1.421735e-006
 9.200000e+001 -4.852663e-006 -1.577001e-006
 9.212500e+001 -4.842344e-006 -1.492217e-006
 9.225000e+001 -4.718950e-006 -1.226283e-006
 9.237500e+001 -4.611126e-006 -1.123896e-006
 9.250000e+001 -4.540145e-006 -1.142944e-006
 9.262500e+001 -4.091691e-006 -1.151514e-006
 9.275000e+001 -4.147673e-006 -1.081153e-006
 9.287500e+001 -4.064202e-006 -8.245470e-007
 9.300000e+001 -4.123712e-006 -6.916796e-007
 9.312500e+001 -3.939186e-006 -6.920281e-007
 9.325000e+001 -3.933867e-006 -7.965826e-007
 9.337500e+001 -3.891164e-006 -5.357448e-007
 9.350000e+001 -3.751045e-006 -6.703268e-007
 9.362500e+001 -3.906365e-006 -5.337598e-007
 9.375000e+001 -3.659645e-006 -6.886908e-007
 9.387500e+001 -3.603237e-006 -3.392285e-007
 9.400000e+001 -3.702230e-006 -4.911728e-007
 9.412500e+001 -3.536886e-006 -2.439821e-007
 9.425000e+001 -3.591876e-006 -4.420998e-007
 9.437500e+001 -3.437629e-006 -3.946223e-007
 9.450000e+001 -3.600002e-006 -2.389577e-007
 9.462500e+001 -3.765515e-006 -2.072174e-007
 9.475000e+001 -3.499185e-006 -1.736518e-008
 9.487500e+001 -3.345280e-006 -4.342900e-009
 9.500000e+001 -3.413160e-006 -1.144426e-007
 9.512500e+001 -3.263610e-006 -1.119275e-008
 9.525000e+001 -2.939927e-006  1.260052e-008
 9.537500e+001 -3.304136e-006 -2.394537e-008
 9.550000e+001 -3.081796e-006  1.303677e-007
 9.562500e+001 -3.068876e-006  6.397760e-008
 9.575000e+001 -3.165768e-006  2.417172e-007
 9.587500e+001 -2.915479e-006  4.027492e-007
 9.600000e+001 -2.802927e-006  3.996176e-007
 9.612500e+001 -3.027171e-006  2.701567e-007
 9.625000e+001 -2.692755e-006  3.283693e-007
 9.637500e+001 -2.794016e-006  3.245024e-007
 9.650000e+001 -2.700915e-006  1.893646e-007
 9.662500e+001 -2.725363e-006  3.598318e-007
 9.675000e+001 -2.672860e-006  4.230104e-007
 9.687500e+001 -2.889136e-006  2.885322e-007
 9.700000e+001 -2.618212e-006  1.930073e-007
 9.712500e+001 -2.603472e-006  5.238959e-007
 9.725000e+001 -2.753799e-006  2.324515e-007
 9.737500e+001 -2.565408e-006  4.127542e-007
 9.750000e+001 -2.474670e-006  5.830572e-007
 9.762500e+001 -2.451650e-006  5.624250e-007
 9.775000e+001 -2.595031e-006  4.894263e-007
 9.787500e+001 -2.233213e-006  5.018525e-007
 9.800000e+001 -2.249691e-006  4.910748e-007
 9.812500e+001 -2.499992e-006  6.693918e-007
 9.825000e+001 -2.444653e-006  6.461935e-007
 9.837500e+001 -2.187657e-006  7.605750e-007
 9.850000e+001 -2.491480e-006  8.071998e-007
 9.862500e+001 -2.453177e-006  5.336364e-007
 9.875000e+001 -2.144046e-006  5.142463e-007
 9.887500e+001 -2.356913e-006  7.851392e-007
 9.900000e+001 -2.028520e-006  8.242733e-007
 9.912500e+001 -2.135257e-006  7.312755e-007
 9.925000e+001 -2.118869e-006  5.577232e-007
 9.937500e+001 -2.071704e-006  8.001717e-007
 9.950000e+001 -2.170105e-006  8.384015e-007
 9.962500e+001 -2.178614e-006  6.565640e-007
 9.975000e+001 -2.176301e-006  5.817897e-007
 9.987500e+001 -1.990757e-006  7.836862e-007
 1.000000e+002 -2.106585e-006  8.869839e-007
 1.001250e+002 -2.018807e-006  8.551080e-007
 1.002500e+002 -2.129030e-006  8.943054e-007
 1.003750e+002 -2.199396e-006  8.262235e-007
 1.005000e+002 -2.012164e-006  9.224667e-007
 1.006250e+002 -1.897367e-006  9.756212e-007
 1.007500e+002 -2.090887e-006  9.161417e-007
 1.008750e+002 -2.081257e-006  8.669992e-007
 1.010000e+002 -1.923712e-006  9.030935e-007
 1.011250e+002 -1.895455e-006  8.692012e-007
 1.012500e+002 -2.034027e-006  7.682325e-007
 1.013750e+002 -2.088172e-006  1.035930e-006
 1.015000e+002 -1.781259e-006  1.093735e-006
 1.016250e+002 -1.753641e-006  1.167913e-006
 1.017500e+002 -1.933057e-006  9.449981e-007
 1.018750e+002 -1.725107e-006  1.066317e-006
 1.020000e+002 -1.813233e-006  8.822273e-007
 1.021250e+002 -1.535149e-006  8.732080e-007
 1.022500e+002 -1.562524e-006  1.181738e-006
 1.023750e+002 -1.684139e-006  1.136194e-006
 1.025000e+002 -1.610890e-006  1.010335e-006
 1.026250e+002 -1.483884e-006  8.317045e-007
 1.027500e+002 -1.793909e-006  1.023818e-006
 1.028750e+002 -1.464089e-006  1.074820e-006
 1.030000e+002 -1.474686e-006  8.857546e-007
 1.031250e+002 -1.484176e-006  1.030720e-006
 1.032500e+002 -1.650075e-006  1.011733e-006
 1.033750e+002 -1.449797e-006  1.225803e-006
 1.035000e+002 -1.499946e-006  1.046934e-006
 1.036250e+002 -1.411492e-006  1.182583e-006
 1.037500e+002 -1.562522e-006  1.221392e-006
 1.038750e+002 -1.309485e-006  1.419061e-006
 1.040000e+002 -1.309860e-006  1.049183e-006
 1.041250e+002 -1.091515e-006  1.209588e-006
 1.042500e+002 -1.341699e-006  1.182493e-006
 1.043750e+002 -1.266721e-006  1.037162e-006
 1.045000e+002 -1.387576e-006  1.124002e-006
 1.046250e+002 -1.192938e-006  1.021416e-006
 1.047500e+002 -1.079359e-006  9.817105e-007
 1.048750e+002 -1.159748e-006  9.488322e-007
 1.050000e+002 -1.186575e-006  1.197400e-006
 1.051250e+002 -1.245639e-006  1.288287e-006
 1.052500e+002 -1.208951e-006  1.066363e-006
 1.053750e+002 -1.362299e-006  1.183355e-006
 1.055000e+002 -1.132936e-006  1.161604e-006
 1.056250e+002 -1.236698e-006  1.198586e-006
 1.057500e+002 -1.222028e-006  1.148823e-006
 1.058750e+002 -1.133380e-006  8.762868e-007
 1.060000e+002 -1.146819e-006  1.112554e-006
 1.061250e+002 -1.045570e-006  8.605661e-007
 1.062500e+002 -1.186239e-006  1.142541e-006
 1.063750e+002 -1.172379e-006  1.125225e-006
 1.065000e+002 -9.516252e-007  9.409718e-007
 1.066250e+002 -7.566020e-007  1.113458e-006
 1.067500e+002 -1.003872e-006  7.807059e-007
 1.068750e+002 -1.031707e-006  1.085282e-006
 1.070000e+002 -8.702337e-007  9.090370e-007
 1.071250e+002 -8.690137e-007  1.011794e-006
 1.072500e+002 -8.858889e-007  8.642402e-007
 1.073750e+002 -7.502278e-007  1.123322e-006
 1.075000e+002 -7.622960e-007  1.113748e-006
 1.076250e+002 -9.216972e-007  1.207675e-006
 1.077500e+002 -7.540405e-007  7.939392e-007
 1.078750e+002 -8.779530e-007  1.183659e-006
 1.080000e+002 -8.827825e-007  8.136731e-007
 1.081250e+002 -9.830992e-007  1.006319e-006
 1.082500e+002 -8.062395e-007  1.185645e-006
 1.083750e+002 -7.181863e-007  1.010371e-006
 1.085000e+002 -5.960866e-007  9.602646e-007
 1.086250e+002 -5.277711e-007  9.371099e-007
 1.087500e+002 -6.960960e-007  1.038404e-006
 1.088750e+002 -6.506566e-007  9.737012e-007
 1.090000e+002 -4.830190e-007  9.781097e-007
 1.091250e+002 -6.382912e-007  8.549630e-007
 1.092500e+002 -7.548291e-007  9.825550e-007
 1.093750e+002 -4.565878e-007  7.767962e-007
 1.095000e+002 -5.957214e-007  9.794205e-007
 1.096250e+002 -4.415498e-007  1.187575e-006
 1.097500e+002 -6.560519e-007  1.042575e-006
 1.098750e+002 -6.307465e-007  9.637774e-007
 1.100000e+002 -4.291169e-007  7.480717e-007
 1.101250e+002 -6.253302e-007  1.026239e-006
 1.102500e+002 -4.330733e-007  9.430974e-007
 1.103750e+002 -6.146368e-007  1.023893e-006
 1.105000e+002 -3.871857e-007  8.777649e-007
 1.106250e+002 -5.288959e-007  1.085712e-006
 1.107500e+002 -4.019895e-007  8.505436e-007
 1.108750e+002 -4.053919e-007  9.301154e-007
 1.110000e+002 -4.252630e-007  7.580987e-007
 1.111250e+002 -3.083949e-007  8.627888e-007
 1.112500e+002 -3.090279e-007  6.046626e-007
 1.113750e+002 -1.262193e-007  7.813142e-007
 1.115000e+002 -3.810618e-007  7.001096e-007
 1.116250e+002 -3.871530e-007  8.564921e-007
 1.117500e+002 -3.758322e-007  7.037691e-007
 1.118750e+002 -1.951970e-007  8.247653e-007
 1.120000e+002 -3.189260e-007  6.364097e-007
 1.121250e+002 -3.891402e-007  9.038621e-007
 1.122500e+002 -2.447144e-007  7.537408e-007
 1.123750e+002 -2.368759e-007  7.914298e-007
 1.125000e+002 -1.241616e-007  8.012282e-007
 1.126250e+002 -3.138960e-007  6.038976e-007
 1.127500e+002 -3.386162e-007  7.177727e-007
 1.128750e+002 -2.778852e-007  7.012553e-007
 1.130000e+002  2.910181e-008  8.280906e-007
 1.131250e+002 -1.333608e-007  6.520901e-007
 1.132500e+002 -4.181358e-007  5.687379e-007
 1.133750e+002 -9.408085e-008  7.240661e-007
 1.135000e+002 -1.413224e-007  7.622294e-007
 1.136250e+002 -3.098147e-007  9.447662e-007
 1.137500e+002 -3.038092e-007  5.275506e-007
 1.138750e+002 -1.036994e-007  6.697344e-007
 1.140000e+002 -2.762375e-007  6.837548e-007
 1.141250e+002 -2.005773e-007  6.758539e-007
 1.142500e+002 -2.658189e-007  6.697436e-007
 1.143750e+002 -5.740411e-008  7.103390e-007
 1.145000e+002 -2.247453e-007  5.527035e-007
 1.146250e+002 -6.147934e-008  5.320768e-007
 1.147500e+002 -8.154666e-008  6.997225e-007
 1.148750e+002 -7.023087e-008  6.188749e-007
 1.150000e+002 -5.326641e-008  6.102488e-007
 1.151250e+002 -1.344590e-007  5.917349e-007
 1.152500e+002 -9.662297e-008  7.254700e-007
 1.153750e+002 -1.927103e-007  6.843851e-007
 1.155000e+002  6.897659e-008  6.539587e-007
 1.156250e+002 -2.018520e-007  6.354992e-007
 1.157500e+002 -6.957912e-009  6.084009e-007
 1.158750e+002 -9.031489e-008  5.711677e-007
 1.160000e+002 -1.589393e-007  5.839618e-007
 1.161250e+002  1.370470e-007  9.027196e-007
 1.162500e+002  1.160038e-008  5.181295e-007
 1.163750e+002 -7.413660e-008  4.038107e-007
 1.165000e+002  1.453315e-007  3.998040e-007
 1.166250e+002 -4.610884e-008  2.750524e-007
 1.167500e+002  5.553540e-008  4.968677e-007
 1.168750e+002  7.712640e-008  6.054738e-007
 1.170000e+002 -5.605183e-008  3.079241e-007
 1.171250e+002  8.701465e-008  3.341754e-007
 1.172500e+002 -9.767400e-008  4.677734e-007
 1.173750e+002  1.688190e-007  4.508060e-007
 1.175000e+002  1.354912e-007  5.056213e-007
 1.176250e+002  2.062378e-008  2.011194e-007
 1.177500e+002 -1.614904e-007  3.867341e-007
 1.178750e+002  1.011305e-007  3.931621e-007
 1.180000e+002 -4.344002e-008  3.186293e-007
 1.181250e+002  9.309804e-008  3.739894e-007
 1.182500e+002  1.795790e-008  4.488944e-007
 1.183750e+002  1.949351e-007  1.653673e-007
 1.185000e+002  2.088169e-007  3.775119e-007
 1.186250e+002  2.212189e-007  1.275572e-007
 1.187500e+002  5.793094e-008  2.031111e-007
 1.188750e+002  2.447221e-007  2.224440e-007
 1.190000e+002  3.311788e-008  1.782461e-007
 1.191250e+002  1.225342e-007  2.683151e-007
 1.192500e+002  3.009089e-007  1.317002e-007
 1.193750e+002  2.527733e-008  2.266357e-007
 1.195000e+002  1.920434e-007  1.081971e-007
 1.196250e+002  1.531935e-007  1.809735e-007
 1.197500e+002  1.121758e-007  3.748419e-007
 1.198750e+002  2.544539e-007  2.325051e-007
 1.200000e+002 -1.301171e-007  3.506388e-007
 1.201250e+002  1.352789e-007  3.795163e-007
 1.202500e+002  1.791411e-007  2.526346e-007
 1.203750e+002  8.995300e-008  2.008454e-007
 1.205000e+002  2.764393e-007  1.744371e-007
 1.206250e+002  2.686819e-007  2.617849e-007
 1.207500e+002  1.232358e-007  3.183535e-007
 1.208750e+002  4.013816e-007  3.040432e-007
 1.210000e+002  3.501575e-007  2.312097e-007
 1.211250e+002  8.038905e-008  2.387319e-007
 1.212500e+002  4.028170e-007  2.223602e-007
 1.213750e+002  3.727103e-007  2.120196e-007
 1.215000e+002  3.508017e-007  2.077258e-007
 1.216250e+002  1.651952e-007  1.542659e-007
 1.217500e+002  2.328237e-007  2.467517e-007
 1.218750e+002  1.899340e-007  4.443666e-007
 1.220000e+002  1.081001e-007  2.303412e-007
 1.221250e+002  3.021902e-007  4.974609e-008
 1.222500e+002  4.276454e-007  1.870493e-007
 1.223750e+002  1.630835e-007  2.933239e-007
 1.225000e+002  2.515503e-007  9.980869e-008
 1.226250e+002  2.028323e-007  1.906917e-007
 1.227500e+002  3.004105e-007  2.563956e-007
 1.228750e+002  2.717717e-007  1.667773e-007
 1.230000e+002  2.380217e-007  7.444716e-008
 1.231250e+002  2.146278e-007  2.176839e-007
 1.232500e+002  1.687029e-007  7.054175e-008
 1.233750e+002  2.930073e-007  1.273558e-007
 1.235000e+002  2.153252e-007  1.599786e-007
 1.236250e+002  3.545264e-007  1.113914e-007
 1.237500e+002  1.646427e-007  1.299603e-007
 1.238750e+002  2.912448e-007  1.762484e-007
 1.240000e+002  3.259061e-007  6.778613e-008
 1.241250e+002  4.770303e-007  1.373583e-007
 1.242500e+002  2.473027e-007  2.961315e-009
 1.243750e+002  3.545722e-007  1.538029e-008
 1.245000e+002  2.126226e-007  7.066562e-008
 1.246250e+002  3.550793e-007  8.784909e-009
 1.247500e+002  2.772406e-007  7.853651e-008
 1.248750e+002  2.843788e-007  4.801635e-008
 1.250000e+002  1.377786e-007  9.130130e-008
 1.251250e+002  3.015534e-007  1.162997e-007
 1.252500e+002  1.584262e-007 -2.113436e-007
 1.253750e+002  4.207947e-007  2.028773e-008
 1.255000e+002  2.022947e-007 -1.394965e-008
 1.256250e+002  9.188280e-008  8.570201e-009
 1.257500e+002  3.055548e-007  7.678306e-008
 1.258750e+002  3.903114e-007 -3.366706e-008
 1.260000e+002  2.381238e-007  5.808220e-009
 1.261250e+002  2.118345e-007  2.044344e-007
 1.262500e+002  2.306085e-007 -1.232662e-008
 1.263750e+002  3.901437e-007  3.094198e-008
 1.265000e+002  4.062096e-007  9.454235e-008
 1.266250e+002  1.860194e-007  1.650871e-007
 1.267500e+002  3.046049e-007 -1.527344e-008
 1.268750e+002  3.690252e-007  7.264052e-008
 1.270000e+002  3.680818e-007  2.626610e-008
 1.271250e+002  3.424724e-007 -1.145976e-007
 1.272500e+002  1.636339e-007 -1.354467e-007
 1.273750e+002  2.960715e-007 -1.188215e-007
 1.275000e+002  1.644687e-007 -2.463497e-008
 1.276250e+002  1.760458e-007  7.908705e-008
 1.277500e+002  3.131800e-007 -7.027930e-008
 1.278750e+002  3.232664e-007  9.457865e-008
 1.280000e+002  2.760801e-007  1.365778e-010
