 0.000000e+000  9.938481e-001  0.000000e+000
 1.250000e-001  8.953868e-001  0.000000e+000
 2.500000e-001  9.638003e-001  0.000000e+000
 3.750000e-001  9.820795e-001  0.000000e+000
 5.000000e-001  9.902052e-001  0.000000e+000
 6.250000e-001  9.928889e-001  0.000000e+000
 7.500000e-001  9.918978e-001  0.000000e+000
 8.750000e-001  9.907260e-001  0.000000e+000
 1.000000e+000  9.921469e-001  0.000000e+000
 1.125000e+000  9.919738e-001  0.000000e+000
 1.250000e+000  9.939873e-001  0.000000e+000
 1.375000e+000  9.930169e-001  0.000000e+000
 1.500000e+000  9.900027e-001  0.000000e+000
 1.625000e+000  9.914187e-001  0.000000e+000
 1.750000e+000  9.921530e-001  0.000000e+000
 1.875000e+000  9.913982e-001  0.000000e+000
 2.000000e+000  9.934171e-001  0.000000e+000
 2.125000e+000  9.937849e-001  0.000000e+000
 2.250000e+000  9.937364e-001  0.000000e+000
 2.375000e+000  9.931707e-001  0.000000e+000
 2.500000e+000  9.916685e-001  0.000000e+000
 2.625000e+000  9.911139e-001  0.000000e+000
 2.750000e+000  9.916725e-001  0.000000e+000
 2.875000e+000  9.942843e-001  0.000000e+000
 3.000000e+000  9.906002e-001  0.000000e+000
 3.125000e+000  9.853235e-001  0.000000e+000
 3.250000e+000  9.888865e-001  0.000000e+000
 3.375000e+000  9.908741e-001  0.000000e+000
 3.500000e+000  9.912586e-001  0.000000e+000
 3.625000e+000  9.879562e-001  0.000000e+000
 3.750000e+000  9.887708e-001  0.000000e+000
 3.875000e+000  9.824606e-001  0.000000e+000
 4.000000e+000  9.480209e-001  0.000000e+000
 4.125000e+000  6.597193e-001  0.000000e+000
 4.250000e+000  9.689696e-001  0.000000e+000
 4.375000e+000  9.841655e-001  0.000000e+000
 4.500000e+000  9.898938e-001  0.000000e+000
 4.625000e+000  9.938941e-001  0.000000e+000
 4.750000e+000  9.939939e-001  0.000000e+000
 4.875000e+000  9.937757e-001  0.000000e+000
 5.000000e+000  9.934536e-001  0.000000e+000
 5.125000e+000  9.932430e-001  0.000000e+000
 5.250000e+000  9.938727e-001  0.000000e+000
 5.375000e+000  9.930755e-001  0.000000e+000
 5.500000e+000  9.919702e-001  0.000000e+000
 5.625000e+000  9.920262e-001  0.000000e+000
 5.750000e+000  9.945835e-001  0.000000e+000
 5.875000e+000  9.934453e-001  0.000000e+000
 6.000000e+000  9.910090e-001  0.000000e+000
 6.125000e+000  9.917189e-001  0.000000e+000
 6.250000e+000  9.953625e-001  0.000000e+000
 6.375000e+000  9.953294e-001  0.000000e+000
 6.500000e+000  9.936622e-001  0.000000e+000
 6.625000e+000  9.932270e-001  0.000000e+000
 6.750000e+000  9.931381e-001  0.000000e+000
 6.875000e+000  9.943024e-001  0.000000e+000
 7.000000e+000  9.946002e-001  0.000000e+000
 7.125000e+000  9.953877e-001  0.000000e+000
 7.250000e+000  9.923996e-001  0.000000e+000
 7.375000e+000  9.920329e-001  0.000000e+000
 7.500000e+000  9.932850e-001  0.000000e+000
 7.625000e+000  9.934271e-001  0.000000e+000
 7.750000e+000  9.946115e-001  0.000000e+000
 7.875000e+000  9.953585e-001  0.000000e+000
 8.000000e+000  9.960508e-001  0.000000e+000
 8.125000e+000  9.942961e-001  0.000000e+000
 8.250000e+000  9.949340e-001  0.000000e+000
 8.375000e+000  9.942620e-001  0.000000e+000
 8.500000e+000  9.966945e-001  0.000000e+000
 8.625000e+000  9.934615e-001  0.000000e+000
 8.750000e+000  9.927796e-001  0.000000e+000
 8.875000e+000  9.938393e-001  0.000000e+000
 9.000000e+000  9.951496e-001  0.000000e+000
 9.125000e+000  9.948689e-001  0.000000e+000
 9.250000e+000  9.942402e-001  0.000000e+000
 9.375000e+000  9.942672e-001  0.000000e+000
 9.500000e+000  9.947690e-001  0.000000e+000
 9.625000e+000  9.956788e-001  0.000000e+000
 9.750000e+000  9.947399e-001  0.000000e+000
 9.875000e+000  9.939417e-001  0.000000e+000
 1.000000e+001  9.945527e-001  0.000000e+000
 1.012500e+001  9.944789e-001  0.000000e+000
 1.025000e+001  9.929239e-001  0.000000e+000
 1.037500e+001  9.946359e-001  0.000000e+000
 1.050000e+001  9.947858e-001  0.000000e+000
 1.062500e+001  9.935157e-001  0.000000e+000
 1.075000e+001  9.943020e-001  0.000000e+000
 1.087500e+001  9.948807e-001  0.000000e+000
 1.100000e+001  9.942985e-001  0.000000e+000
 1.112500e+001  9.937845e-001  0.000000e+000
 1.125000e+001  9.948932e-001  0.000000e+000
 1.137500e+001  9.953204e-001  0.000000e+000
 1.150000e+001  9.940838e-001  0.000000e+000
 1.162500e+001  9.955491e-001  0.000000e+000
 1.175000e+001  9.953302e-001  0.000000e+000
 1.187500e+001  9.956169e-001  0.000000e+000
 1.200000e+001  9.946525e-001  0.000000e+000
 1.212500e+001  9.950134e-001  0.000000e+000
 1.225000e+001  9.939413e-001  0.000000e+000
 1.237500e+001  9.944705e-001  0.000000e+000
 1.250000e+001  9.950799e-001  0.000000e+000
 1.262500e+001  9.946724e-001  0.000000e+000
 1.275000e+001  9.956367e-001  0.000000e+000
 1.287500e+001  9.950385e-001  0.000000e+000
 1.300000e+001  9.938267e-001  0.000000e+000
 1.312500e+001  9.942347e-001  0.000000e+000
 1.325000e+001  9.951997e-001  0.000000e+000
 1.337500e+001  9.950860e-001  0.000000e+000
 1.350000e+001  9.945028e-001  0.000000e+000
 1.362500e+001  9.955137e-001  0.000000e+000
 1.375000e+001  9.943913e-001  0.000000e+000
 1.387500e+001  9.948288e-001  0.000000e+000
 1.400000e+001  9.949279e-001  0.000000e+000
 1.412500e+001  9.937473e-001  0.000000e+000
 1.425000e+001  9.953516e-001  0.000000e+000
 1.437500e+001  9.939424e-001  0.000000e+000
 1.450000e+001  9.940881e-001  0.000000e+000
 1.462500e+001  9.940876e-001  0.000000e+000
 1.475000e+001  9.951720e-001  0.000000e+000
 1.487500e+001  9.949521e-001  0.000000e+000
 1.500000e+001  9.948756e-001  0.000000e+000
 1.512500e+001  9.952489e-001  0.000000e+000
 1.525000e+001  9.949875e-001  0.000000e+000
 1.537500e+001  9.951813e-001  0.000000e+000
 1.550000e+001  9.944240e-001  0.000000e+000
 1.562500e+001  9.943907e-001  0.000000e+000
 1.575000e+001  9.950926e-001  0.000000e+000
 1.587500e+001  9.943953e-001  0.000000e+000
 1.600000e+001  9.945667e-001  0.000000e+000
 1.612500e+001  9.932113e-001  0.000000e+000
 1.625000e+001  9.948863e-001  0.000000e+000
 1.637500e+001  9.945225e-001  0.000000e+000
 1.650000e+001  9.936971e-001  0.000000e+000
 1.662500e+001  9.942759e-001  0.000000e+000
 1.675000e+001  9.939665e-001  0.000000e+000
 1.687500e+001  9.949899e-001  0.000000e+000
 1.700000e+001  9.939626e-001  0.000000e+000
 1.712500e+001  9.944473e-001  0.000000e+000
 1.725000e+001  9.941792e-001  0.000000e+000
 1.737500e+001  9.951972e-001  0.000000e+000
 1.750000e+001  9.937455e-001  0.000000e+000
 1.762500e+001  9.944600e-001  0.000000e+000
 1.775000e+001  9.941676e-001  0.000000e+000
 1.787500e+001  9.947113e-001  0.000000e+000
 1.800000e+001  9.935162e-001  0.000000e+000
 1.812500e+001  9.948274e-001  0.000000e+000
 1.825000e+001  9.948046e-001  0.000000e+000
 1.837500e+001  9.940653e-001  0.000000e+000
 1.850000e+001  9.945983e-001  0.000000e+000
 1.862500e+001  9.946085e-001  0.000000e+000
 1.875000e+001  9.951635e-001  0.000000e+000
 1.887500e+001  9.936115e-001  0.000000e+000
 1.900000e+001  9.944643e-001  0.000000e+000
 1.912500e+001  9.949722e-001  0.000000e+000
 1.925000e+001  9.950701e-001  0.000000e+000
 1.937500e+001  9.942209e-001  0.000000e+000
 1.950000e+001  9.953259e-001  0.000000e+000
 1.962500e+001  9.944673e-001  0.000000e+000
 1.975000e+001  9.944013e-001  0.000000e+000
 1.987500e+001  9.945609e-001  0.000000e+000
 2.000000e+001  9.939833e-001  0.000000e+000
 2.012500e+001  9.949468e-001  0.000000e+000
 2.025000e+001  9.949159e-001  0.000000e+000
 2.037500e+001  9.947082e-001  0.000000e+000
 2.050000e+001  9.946347e-001  0.000000e+000
 2.062500e+001  9.950944e-001  0.000000e+000
 2.075000e+001  9.955186e-001  0.000000e+000
 2.087500e+001  9.948755e-001  0.000000e+000
 2.100000e+001  9.943340e-001  0.000000e+000
 2.112500e+001  9.946442e-001  0.000000e+000
 2.125000e+001  9.944893e-001  0.000000e+000
 2.137500e+001  9.946380e-001  0.000000e+000
 2.150000e+001  9.950633e-001  0.000000e+000
 2.162500e+001  9.944084e-001  0.000000e+000
 2.175000e+001  9.943445e-001  0.000000e+000
 2.187500e+001  9.947976e-001  0.000000e+000
 2.200000e+001  9.946508e-001  0.000000e+000
 2.212500e+001  9.952552e-001  0.000000e+000
 2.225000e+001  9.942198e-001  0.000000e+000
 2.237500e+001  9.944366e-001  0.000000e+000
 2.250000e+001  9.927103e-001  0.000000e+000
 2.262500e+001  9.855505e-001  0.000000e+000
 2.275000e+001  9.748538e-001  0.000000e+000
 2.287500e+001  9.888921e-001  0.000000e+000
 2.300000e+001  9.917450e-001  0.000000e+000
 2.312500e+001  9.934906e-001  0.000000e+000
 2.325000e+001  9.933891e-001  0.000000e+000
 2.337500e+001  9.928828e-001  0.000000e+000
 2.350000e+001  9.933665e-001  0.000000e+000
 2.362500e+001  9.945592e-001  0.000000e+000
 2.375000e+001  9.942554e-001  0.000000e+000
 2.387500e+001  9.944932e-001  0.000000e+000
 2.400000e+001  9.934109e-001  0.000000e+000
 2.412500e+001  9.937076e-001  0.000000e+000
 2.425000e+001  9.937729e-001  0.000000e+000
 2.437500e+001  9.943859e-001  0.000000e+000
 2.450000e+001  9.941446e-001  0.000000e+000
 2.462500e+001  9.939729e-001  0.000000e+000
 2.475000e+001  9.937559e-001  0.000000e+000
 2.487500e+001  9.941543e-001  0.000000e+000
 2.500000e+001  9.945235e-001  0.000000e+000
 2.512500e+001  9.942619e-001  0.000000e+000
 2.525000e+001  9.940701e-001  0.000000e+000
 2.537500e+001  9.940267e-001  0.000000e+000
 2.550000e+001  9.938432e-001  0.000000e+000
 2.562500e+001  9.943760e-001  0.000000e+000
 2.575000e+001  9.936260e-001  0.000000e+000
 2.587500e+001  9.940277e-001  0.000000e+000
 2.600000e+001  9.932558e-001  0.000000e+000
 2.612500e+001  9.938421e-001  0.000000e+000
 2.625000e+001  9.944152e-001  0.000000e+000
 2.637500e+001  9.935140e-001  0.000000e+000
 2.650000e+001  9.938028e-001  0.000000e+000
 2.662500e+001  9.937020e-001  0.000000e+000
 2.675000e+001  9.940186e-001  0.000000e+000
 2.687500e+001  9.938227e-001  0.000000e+000
 2.700000e+001  9.939073e-001  0.000000e+000
 2.712500e+001  9.941970e-001  0.000000e+000
 2.725000e+001  9.941170e-001  0.000000e+000
 2.737500e+001  9.943060e-001  0.000000e+000
 2.750000e+001  9.934250e-001  0.000000e+000
 2.762500e+001  9.936746e-001  0.000000e+000
 2.775000e+001  9.932348e-001  0.000000e+000
 2.787500e+001  9.935719e-001  0.000000e+000
 2.800000e+001  9.935455e-001  0.000000e+000
 2.812500e+001  9.941013e-001  0.000000e+000
 2.825000e+001  9.936884e-001  0.000000e+000
 2.837500e+001  9.939961e-001  0.000000e+000
 2.850000e+001  9.933627e-001  0.000000e+000
 2.862500e+001  9.931921e-001  0.000000e+000
 2.875000e+001  9.937171e-001  0.000000e+000
 2.887500e+001  9.940628e-001  0.000000e+000
 2.900000e+001  9.933178e-001  0.000000e+000
 2.912500e+001  9.939203e-001  0.000000e+000
 2.925000e+001  9.927811e-001  0.000000e+000
 2.937500e+001  9.936022e-001  0.000000e+000
 2.950000e+001  9.942436e-001  0.000000e+000
 2.962500e+001  9.929269e-001  0.000000e+000
 2.975000e+001  9.932092e-001  0.000000e+000
 2.987500e+001  9.935655e-001  0.000000e+000
 3.000000e+001  9.935367e-001  0.000000e+000
 3.012500e+001  9.936354e-001  0.000000e+000
 3.025000e+001  9.935216e-001  0.000000e+000
 3.037500e+001  9.940963e-001  0.000000e+000
 3.050000e+001  9.919372e-001  0.000000e+000
 3.062500e+001  9.944286e-001  0.000000e+000
 3.075000e+001  9.915606e-001  0.000000e+000
 3.087500e+001  9.917290e-001  0.000000e+000
 3.100000e+001  9.922424e-001  0.000000e+000
 3.112500e+001  9.918444e-001  0.000000e+000
 3.125000e+001  9.921176e-001  0.000000e+000
 3.137500e+001  9.929076e-001  0.000000e+000
 3.150000e+001  9.930208e-001  0.000000e+000
 3.162500e+001  9.933429e-001  0.000000e+000
 3.175000e+001  9.927994e-001  0.000000e+000
 3.187500e+001  9.925547e-001  0.000000e+000
 3.200000e+001  9.921101e-001  0.000000e+000
 3.212500e+001  9.926522e-001  0.000000e+000
 3.225000e+001  9.919474e-001  0.000000e+000
 3.237500e+001  9.909390e-001  0.000000e+000
 3.250000e+001  9.931141e-001  0.000000e+000
 3.262500e+001  9.917588e-001  0.000000e+000
 3.275000e+001  9.936412e-001  0.000000e+000
 3.287500e+001  9.925581e-001  0.000000e+000
 3.300000e+001  9.929798e-001  0.000000e+000
 3.312500e+001  9.929431e-001  0.000000e+000
 3.325000e+001  9.922338e-001  0.000000e+000
 3.337500e+001  9.921692e-001  0.000000e+000
 3.350000e+001  9.900487e-001  0.000000e+000
 3.362500e+001  9.922826e-001  0.000000e+000
 3.375000e+001  9.927568e-001  0.000000e+000
 3.387500e+001  9.906502e-001  0.000000e+000
 3.400000e+001  9.921052e-001  0.000000e+000
 3.412500e+001  9.929287e-001  0.000000e+000
 3.425000e+001  9.895842e-001  0.000000e+000
 3.437500e+001  9.925398e-001  0.000000e+000
 3.450000e+001  9.920650e-001  0.000000e+000
 3.462500e+001  9.927299e-001  0.000000e+000
 3.475000e+001  9.902795e-001  0.000000e+000
 3.487500e+001  9.915393e-001  0.000000e+000
 3.500000e+001  9.923680e-001  0.000000e+000
 3.512500e+001  9.910140e-001  0.000000e+000
 3.525000e+001  9.921274e-001  0.000000e+000
 3.537500e+001  9.875944e-001  0.000000e+000
 3.550000e+001  9.915661e-001  0.000000e+000
 3.562500e+001  9.911453e-001  0.000000e+000
 3.575000e+001  9.921451e-001  0.000000e+000
 3.587500e+001  9.897683e-001  0.000000e+000
 3.600000e+001  9.935278e-001  0.000000e+000
 3.612500e+001  9.921129e-001  0.000000e+000
 3.625000e+001  9.918625e-001  0.000000e+000
 3.637500e+001  9.903641e-001  0.000000e+000
 3.650000e+001  9.927458e-001  0.000000e+000
 3.662500e+001  9.889784e-001  0.000000e+000
 3.675000e+001  9.909359e-001  0.000000e+000
 3.687500e+001  9.908645e-001  0.000000e+000
 3.700000e+001  9.890828e-001  0.000000e+000
 3.712500e+001  9.905800e-001  0.000000e+000
 3.725000e+001  9.877145e-001  0.000000e+000
 3.737500e+001  9.901911e-001  0.000000e+000
 3.750000e+001  9.909535e-001  0.000000e+000
 3.762500e+001  9.891436e-001  0.000000e+000
 3.775000e+001  9.909096e-001  0.000000e+000
 3.787500e+001  9.908260e-001  0.000000e+000
 3.800000e+001  9.899102e-001  0.000000e+000
 3.812500e+001  9.907792e-001  0.000000e+000
 3.825000e+001  9.898360e-001  0.000000e+000
 3.837500e+001  9.882931e-001  0.000000e+000
 3.850000e+001  9.894934e-001  0.000000e+000
 3.862500e+001  9.876355e-001  0.000000e+000
 3.875000e+001  9.902040e-001  0.000000e+000
 3.887500e+001  9.905583e-001  0.000000e+000
 3.900000e+001  9.916054e-001  0.000000e+000
 3.912500e+001  9.900009e-001  0.000000e+000
 3.925000e+001  9.878346e-001  0.000000e+000
 3.937500e+001  9.882859e-001  0.000000e+000
 3.950000e+001  9.897657e-001  0.000000e+000
 3.962500e+001  9.845912e-001  0.000000e+000
 3.975000e+001  9.896221e-001  0.000000e+000
 3.987500e+001  9.881569e-001  0.000000e+000
 4.000000e+001  9.888806e-001  0.000000e+000
 4.012500e+001  9.866980e-001  0.000000e+000
 4.025000e+001  9.863268e-001  0.000000e+000
 4.037500e+001  9.884492e-001  0.000000e+000
 4.050000e+001  9.885806e-001  0.000000e+000
 4.062500e+001  9.889585e-001  0.000000e+000
 4.075000e+001  9.901720e-001  0.000000e+000
 4.087500e+001  9.890590e-001  0.000000e+000
 4.100000e+001  9.889528e-001  0.000000e+000
 4.112500e+001  9.876399e-001  0.000000e+000
 4.125000e+001  9.883286e-001  0.000000e+000
 4.137500e+001  9.866962e-001  0.000000e+000
 4.150000e+001  9.903773e-001  0.000000e+000
 4.162500e+001  9.892480e-001  0.000000e+000
 4.175000e+001  9.849303e-001  0.000000e+000
 4.187500e+001  9.834325e-001  0.000000e+000
 4.200000e+001  9.877312e-001  0.000000e+000
 4.212500e+001  9.826477e-001  0.000000e+000
 4.225000e+001  9.837632e-001  0.000000e+000
 4.237500e+001  9.856119e-001  0.000000e+000
 4.250000e+001  9.867997e-001  0.000000e+000
 4.262500e+001  9.891477e-001  0.000000e+000
 4.275000e+001  9.833997e-001  0.000000e+000
 4.287500e+001  9.881895e-001  0.000000e+000
 4.300000e+001  9.835332e-001  0.000000e+000
 4.312500e+001  9.820932e-001  0.000000e+000
 4.325000e+001  9.815819e-001  0.000000e+000
 4.337500e+001  9.887502e-001  0.000000e+000
 4.350000e+001  9.796891e-001  0.000000e+000
 4.362500e+001  9.852366e-001  0.000000e+000
 4.375000e+001  9.831926e-001  0.000000e+000
 4.387500e+001  9.812988e-001  0.000000e+000
 4.400000e+001  9.897341e-001  0.000000e+000
 4.412500e+001  9.873524e-001  0.000000e+000
 4.425000e+001  9.865263e-001  0.000000e+000
 4.437500e+001  9.819307e-001  0.000000e+000
 4.450000e+001  9.826762e-001  0.000000e+000
 4.462500e+001  9.860710e-001  0.000000e+000
 4.475000e+001  9.826812e-001  0.000000e+000
 4.487500e+001  9.835125e-001  0.000000e+000
 4.500000e+001  9.856204e-001  0.000000e+000
 4.512500e+001  9.884198e-001  0.000000e+000
 4.525000e+001  9.865059e-001  0.000000e+000
 4.537500e+001  9.830804e-001  0.000000e+000
 4.550000e+001  9.847686e-001  0.000000e+000
 4.562500e+001  9.865264e-001  0.000000e+000
 4.575000e+001  9.818502e-001  0.000000e+000
 4.587500e+001  9.846734e-001  0.000000e+000
 4.600000e+001  9.820355e-001  0.000000e+000
 4.612500e+001  9.801422e-001  0.000000e+000
 4.625000e+001  9.866182e-001  0.000000e+000
 4.637500e+001  9.818698e-001  0.000000e+000
 4.650000e+001  9.785688e-001  0.000000e+000
 4.662500e+001  9.808671e-001  0.000000e+000
 4.675000e+001  9.819341e-001  0.000000e+000
 4.687500e+001  9.853383e-001  0.000000e+000
 4.700000e+001  9.828570e-001  0.000000e+000
 4.712500e+001  9.812601e-001  0.000000e+000
 4.725000e+001  9.888285e-001  0.000000e+000
 4.737500e+001  9.834219e-001  0.000000e+000
 4.750000e+001  9.813473e-001  0.000000e+000
 4.762500e+001  9.823784e-001  0.000000e+000
 4.775000e+001  9.786439e-001  0.000000e+000
 4.787500e+001  9.794998e-001  0.000000e+000
 4.800000e+001  9.853738e-001  0.000000e+000
 4.812500e+001  9.816313e-001  0.000000e+000
 4.825000e+001  9.772546e-001  0.000000e+000
 4.837500e+001  9.816860e-001  0.000000e+000
 4.850000e+001  9.834343e-001  0.000000e+000
 4.862500e+001  9.830886e-001  0.000000e+000
 4.875000e+001  9.796450e-001  0.000000e+000
 4.887500e+001  9.832487e-001  0.000000e+000
 4.900000e+001  9.792461e-001  0.000000e+000
 4.912500e+001  9.846677e-001  0.000000e+000
 4.925000e+001  9.838308e-001  0.000000e+000
 4.937500e+001  9.778824e-001  0.000000e+000
 4.950000e+001  9.857686e-001  0.000000e+000
 4.962500e+001  9.826441e-001  0.000000e+000
 4.975000e+001  9.805940e-001  0.000000e+000
 4.987500e+001  9.862439e-001  0.000000e+000
 5.000000e+001  9.818842e-001  0.000000e+000
 5.012500e+001  9.796413e-001  0.000000e+000
 5.025000e+001  9.803922e-001  0.000000e+000
 5.037500e+001  9.843307e-001  0.000000e+000
 5.050000e+001  9.798530e-001  0.000000e+000
 5.062500e+001  9.779228e-001  0.000000e+000
 5.075000e+001  9.828879e-001  0.000000e+000
 5.087500e+001  9.828229e-001  0.000000e+000
 5.100000e+001  9.799085e-001  0.000000e+000
 5.112500e+001  9.789845e-001  0.000000e+000
 5.125000e+001  9.821334e-001  0.000000e+000
 5.137500e+001  9.839378e-001  0.000000e+000
 5.150000e+001  9.759414e-001  0.000000e+000
 5.162500e+001  9.817004e-001  0.000000e+000
 5.175000e+001  9.801034e-001  0.000000e+000
 5.187500e+001  9.817691e-001  0.000000e+000
 5.200000e+001  9.774075e-001  0.000000e+000
 5.212500e+001  9.745556e-001  0.000000e+000
 5.225000e+001  9.791837e-001  0.000000e+000
 5.237500e+001  9.768599e-001  0.000000e+000
 5.250000e+001  9.765755e-001  0.000000e+000
 5.262500e+001  9.848292e-001  0.000000e+000
 5.275000e+001  9.844722e-001  0.000000e+000
 5.287500e+001  9.809363e-001  0.000000e+000
 5.300000e+001  9.814586e-001  0.000000e+000
 5.312500e+001  9.798731e-001  0.000000e+000
 5.325000e+001  9.839579e-001  0.000000e+000
 5.337500e+001  9.757421e-001  0.000000e+000
 5.350000e+001  9.807004e-001  0.000000e+000
 5.362500e+001  9.779128e-001  0.000000e+000
 5.375000e+001  9.739305e-001  0.000000e+000
 5.387500e+001  9.804576e-001  0.000000e+000
 5.400000e+001  9.829355e-001  0.000000e+000
 5.412500e+001  9.800483e-001  0.000000e+000
 5.425000e+001  9.808233e-001  0.000000e+000
 5.437500e+001  9.784539e-001  0.000000e+000
 5.450000e+001  9.783826e-001  0.000000e+000
 5.462500e+001  9.794534e-001  0.000000e+000
 5.475000e+001  9.791173e-001  0.000000e+000
 5.487500e+001  9.820237e-001  0.000000e+000
 5.500000e+001  9.801008e-001  0.000000e+000
 5.512500e+001  9.800103e-001  0.000000e+000
 5.525000e+001  9.822206e-001  0.000000e+000
 5.537500e+001  9.825726e-001  0.000000e+000
 5.550000e+001  9.782005e-001  0.000000e+000
 5.562500e+001  9.837387e-001  0.000000e+000
 5.575000e+001  9.772587e-001  0.000000e+000
 5.587500e+001  9.800351e-001  0.000000e+000
 5.600000e+001  9.783038e-001  0.000000e+000
 5.612500e+001  9.801894e-001  0.000000e+000
 5.625000e+001  9.773691e-001  0.000000e+000
 5.637500e+001  9.822538e-001  0.000000e+000
 5.650000e+001  9.753667e-001  0.000000e+000
 5.662500e+001  9.814217e-001  0.000000e+000
 5.675000e+001  9.821904e-001  0.000000e+000
 5.687500e+001  9.767906e-001  0.000000e+000
 5.700000e+001  9.691184e-001  0.000000e+000
 5.712500e+001  9.820095e-001  0.000000e+000
 5.725000e+001  9.764267e-001  0.000000e+000
 5.737500e+001  9.710807e-001  0.000000e+000
 5.750000e+001  9.807576e-001  0.000000e+000
 5.762500e+001  9.765707e-001  0.000000e+000
 5.775000e+001  9.793358e-001  0.000000e+000
 5.787500e+001  9.822409e-001  0.000000e+000
 5.800000e+001  9.769779e-001  0.000000e+000
 5.812500e+001  9.798869e-001  0.000000e+000
 5.825000e+001  9.778772e-001  0.000000e+000
 5.837500e+001  9.812718e-001  0.000000e+000
 5.850000e+001  9.810863e-001  0.000000e+000
 5.862500e+001  9.742771e-001  0.000000e+000
 5.875000e+001  9.750994e-001  0.000000e+000
 5.887500e+001  9.775412e-001  0.000000e+000
 5.900000e+001  9.841623e-001  0.000000e+000
 5.912500e+001  9.828628e-001  0.000000e+000
 5.925000e+001  9.813979e-001  0.000000e+000
 5.937500e+001  9.784018e-001  0.000000e+000
 5.950000e+001  9.829050e-001  0.000000e+000
 5.962500e+001  9.813487e-001  0.000000e+000
 5.975000e+001  9.728953e-001  0.000000e+000
 5.987500e+001  9.735387e-001  0.000000e+000
 6.000000e+001  9.549754e-001  0.000000e+000
 6.012500e+001  9.833007e-001  0.000000e+000
 6.025000e+001  9.775178e-001  0.000000e+000
 6.037500e+001  9.773957e-001  0.000000e+000
 6.050000e+001  9.832274e-001  0.000000e+000
 6.062500e+001  9.782515e-001  0.000000e+000
 6.075000e+001  9.815915e-001  0.000000e+000
 6.087500e+001  9.806879e-001  0.000000e+000
 6.100000e+001  9.770244e-001  0.000000e+000
 6.112500e+001  9.782170e-001  0.000000e+000
 6.125000e+001  9.717776e-001  0.000000e+000
 6.137500e+001  9.794212e-001  0.000000e+000
 6.150000e+001  9.804495e-001  0.000000e+000
 6.162500e+001  9.777422e-001  0.000000e+000
 6.175000e+001  9.791109e-001  0.000000e+000
 6.187500e+001  9.830608e-001  0.000000e+000
 6.200000e+001  9.828756e-001  0.000000e+000
 6.212500e+001  9.771380e-001  0.000000e+000
 6.225000e+001  9.820562e-001  0.000000e+000
 6.237500e+001  9.815729e-001  0.000000e+000
 6.250000e+001  9.757347e-001  0.000000e+000
 6.262500e+001  9.822071e-001  0.000000e+000
 6.275000e+001  9.858410e-001  0.000000e+000
 6.287500e+001  9.832351e-001  0.000000e+000
 6.300000e+001  9.798877e-001  0.000000e+000
 6.312500e+001  9.853773e-001  0.000000e+000
 6.325000e+001  9.834864e-001  0.000000e+000
 6.337500e+001  9.791933e-001  0.000000e+000
 6.350000e+001  9.827587e-001  0.000000e+000
 6.362500e+001  9.816518e-001  0.000000e+000
 6.375000e+001  9.808675e-001  0.000000e+000
 6.387500e+001  9.806824e-001  0.000000e+000
 6.400000e+001  9.811751e-001  0.000000e+000
 6.412500e+001  9.839482e-001  0.000000e+000
 6.425000e+001  9.785564e-001  0.000000e+000
 6.437500e+001  9.816719e-001  0.000000e+000
 6.450000e+001  9.835994e-001  0.000000e+000
 6.462500e+001  9.807565e-001  0.000000e+000
 6.475000e+001  9.834718e-001  0.000000e+000
 6.487500e+001  9.771488e-001  0.000000e+000
 6.500000e+001  9.785173e-001  0.000000e+000
 6.512500e+001  9.794636e-001  0.000000e+000
 6.525000e+001  9.773378e-001  0.000000e+000
 6.537500e+001  9.831985e-001  0.000000e+000
 6.550000e+001  9.854234e-001  0.000000e+000
 6.562500e+001  9.785777e-001  0.000000e+000
 6.575000e+001  9.813249e-001  0.000000e+000
 6.587500e+001  9.769636e-001  0.000000e+000
 6.600000e+001  9.762456e-001  0.000000e+000
 6.612500e+001  9.844987e-001  0.000000e+000
 6.625000e+001  9.824817e-001  0.000000e+000
 6.637500e+001  9.797707e-001  0.000000e+000
 6.650000e+001  9.796157e-001  0.000000e+000
 6.662500e+001  9.869850e-001  0.000000e+000
 6.675000e+001  9.794105e-001  0.000000e+000
 6.687500e+001  9.818137e-001  0.000000e+000
 6.700000e+001  9.808133e-001  0.000000e+000
 6.712500e+001  9.838184e-001  0.000000e+000
 6.725000e+001  9.805023e-001  0.000000e+000
 6.737500e+001  9.764111e-001  0.000000e+000
 6.750000e+001  9.834501e-001  0.000000e+000
 6.762500e+001  9.857330e-001  0.000000e+000
 6.775000e+001  9.850853e-001  0.000000e+000
 6.787500e+001  9.779488e-001  0.000000e+000
 6.800000e+001  9.809749e-001  0.000000e+000
 6.812500e+001  9.830614e-001  0.000000e+000
 6.825000e+001  9.800480e-001  0.000000e+000
 6.837500e+001  9.776018e-001  0.000000e+000
 6.850000e+001  9.853420e-001  0.000000e+000
 6.862500e+001  9.803516e-001  0.000000e+000
 6.875000e+001  9.838846e-001  0.000000e+000
 6.887500e+001  9.793623e-001  0.000000e+000
 6.900000e+001  9.865568e-001  0.000000e+000
 6.912500e+001  9.784005e-001  0.000000e+000
 6.925000e+001  9.776464e-001  0.000000e+000
 6.937500e+001  9.779139e-001  0.000000e+000
 6.950000e+001  9.789545e-001  0.000000e+000
 6.962500e+001  9.799147e-001  0.000000e+000
 6.975000e+001  9.789097e-001  0.000000e+000
 6.987500e+001  9.821011e-001  0.000000e+000
 7.000000e+001  9.832893e-001  0.000000e+000
 7.012500e+001  9.792202e-001  0.000000e+000
 7.025000e+001  9.816280e-001  0.000000e+000
 7.037500e+001  9.793966e-001  0.000000e+000
 7.050000e+001  9.812444e-001  0.000000e+000
 7.062500e+001  9.803078e-001  0.000000e+000
 7.075000e+001  9.809371e-001  0.000000e+000
 7.087500e+001  9.812374e-001  0.000000e+000
 7.100000e+001  9.827318e-001  0.000000e+000
 7.112500e+001  9.806665e-001  0.000000e+000
 7.125000e+001  9.835528e-001  0.000000e+000
 7.137500e+001  9.819929e-001  0.000000e+000
 7.150000e+001  9.774571e-001  0.000000e+000
 7.162500e+001  9.771949e-001  0.000000e+000
 7.175000e+001  9.848114e-001  0.000000e+000
 7.187500e+001  9.811831e-001  0.000000e+000
 7.200000e+001  9.801224e-001  0.000000e+000
 7.212500e+001  9.811454e-001  0.000000e+000
 7.225000e+001  9.788303e-001  0.000000e+000
 7.237500e+001  9.791744e-001  0.000000e+000
 7.250000e+001  9.828718e-001  0.000000e+000
 7.262500e+001  9.791921e-001  0.000000e+000
 7.275000e+001  9.759126e-001  0.000000e+000
 7.287500e+001  9.718770e-001  0.000000e+000
 7.300000e+001  9.756690e-001  0.000000e+000
 7.312500e+001  9.724120e-001  0.000000e+000
 7.325000e+001  9.751881e-001  0.000000e+000
 7.337500e+001  9.780692e-001  0.000000e+000
 7.350000e+001  9.795678e-001  0.000000e+000
 7.362500e+001  9.786601e-001  0.000000e+000
 7.375000e+001  9.799040e-001  0.000000e+000
 7.387500e+001  9.775482e-001  0.000000e+000
 7.400000e+001  9.796599e-001  0.000000e+000
 7.412500e+001  9.775953e-001  0.000000e+000
 7.425000e+001  9.792830e-001  0.000000e+000
 7.437500e+001  9.786228e-001  0.000000e+000
 7.450000e+001  9.760478e-001  0.000000e+000
 7.462500e+001  9.790622e-001  0.000000e+000
 7.475000e+001  9.782346e-001  0.000000e+000
 7.487500e+001  9.768319e-001  0.000000e+000
 7.500000e+001  9.790054e-001  0.000000e+000
 7.512500e+001  9.798675e-001  0.000000e+000
 7.525000e+001  9.781665e-001  0.000000e+000
 7.537500e+001  9.781881e-001  0.000000e+000
 7.550000e+001  9.755347e-001  0.000000e+000
 7.562500e+001  9.753647e-001  0.000000e+000
 7.575000e+001  9.750154e-001  0.000000e+000
 7.587500e+001  9.740286e-001  0.000000e+000
 7.600000e+001  9.773846e-001  0.000000e+000
 7.612500e+001  9.756681e-001  0.000000e+000
 7.625000e+001  9.758090e-001  0.000000e+000
 7.637500e+001  9.789742e-001  0.000000e+000
 7.650000e+001  9.719094e-001  0.000000e+000
 7.662500e+001  9.746214e-001  0.000000e+000
 7.675000e+001  9.749601e-001  0.000000e+000
 7.687500e+001  9.754871e-001  0.000000e+000
 7.700000e+001  9.750974e-001  0.000000e+000
 7.712500e+001  9.714237e-001  0.000000e+000
 7.725000e+001  9.758308e-001  0.000000e+000
 7.737500e+001  9.748387e-001  0.000000e+000
 7.750000e+001  9.748333e-001  0.000000e+000
 7.762500e+001  9.748917e-001  0.000000e+000
 7.775000e+001  9.740568e-001  0.000000e+000
 7.787500e+001  9.727533e-001  0.000000e+000
 7.800000e+001  9.735197e-001  0.000000e+000
 7.812500e+001  9.729680e-001  0.000000e+000
 7.825000e+001  9.715667e-001  0.000000e+000
 7.837500e+001  9.731581e-001  0.000000e+000
 7.850000e+001  9.736361e-001  0.000000e+000
 7.862500e+001  9.733308e-001  0.000000e+000
 7.875000e+001  9.718626e-001  0.000000e+000
 7.887500e+001  9.716016e-001  0.000000e+000
 7.900000e+001  9.713401e-001  0.000000e+000
 7.912500e+001  9.702543e-001  0.000000e+000
 7.925000e+001  9.691967e-001  0.000000e+000
 7.937500e+001  9.673988e-001  0.000000e+000
 7.950000e+001  9.660174e-001  0.000000e+000
 7.962500e+001  9.626656e-001  0.000000e+000
 7.975000e+001  9.643146e-001  0.000000e+000
 7.987500e+001  9.680871e-001  0.000000e+000
 8.000000e+001  9.678013e-001  0.000000e+000
 8.012500e+001  9.729705e-001  0.000000e+000
 8.025000e+001  9.734837e-001  0.000000e+000
 8.037500e+001  9.690154e-001  0.000000e+000
 8.050000e+001  9.693831e-001  0.000000e+000
 8.062500e+001  9.691965e-001  0.000000e+000
 8.075000e+001  9.701577e-001  0.000000e+000
 8.087500e+001  9.678289e-001  0.000000e+000
 8.100000e+001  9.694601e-001  0.000000e+000
 8.112500e+001  9.681262e-001  0.000000e+000
 8.125000e+001  9.662014e-001  0.000000e+000
 8.137500e+001  9.662969e-001  0.000000e+000
 8.150000e+001  9.698824e-001  0.000000e+000
 8.162500e+001  9.681501e-001  0.000000e+000
 8.175000e+001  9.682965e-001  0.000000e+000
 8.187500e+001  9.668282e-001  0.000000e+000
 8.200000e+001  9.684458e-001  0.000000e+000
 8.212500e+001  9.669246e-001  0.000000e+000
 8.225000e+001  9.647368e-001  0.000000e+000
 8.237500e+001  9.657168e-001  0.000000e+000
 8.250000e+001  9.640192e-001  0.000000e+000
 8.262500e+001  9.634969e-001  0.000000e+000
 8.275000e+001  9.646103e-001  0.000000e+000
 8.287500e+001  9.656348e-001  0.000000e+000
 8.300000e+001  9.645759e-001  0.000000e+000
 8.312500e+001  9.660112e-001  0.000000e+000
 8.325000e+001  9.621988e-001  0.000000e+000
 8.337500e+001  9.633201e-001  0.000000e+000
 8.350000e+001  9.620475e-001  0.000000e+000
 8.362500e+001  9.662043e-001  0.000000e+000
 8.375000e+001  9.626614e-001  0.000000e+000
 8.387500e+001  9.625046e-001  0.000000e+000
 8.400000e+001  9.615693e-001  0.000000e+000
 8.412500e+001  9.624875e-001  0.000000e+000
 8.425000e+001  9.578067e-001  0.000000e+000
 8.437500e+001  9.618792e-001  0.000000e+000
 8.450000e+001  9.653012e-001  0.000000e+000
 8.462500e+001  9.524425e-001  0.000000e+000
 8.475000e+001  9.560600e-001  0.000000e+000
 8.487500e+001  9.595616e-001  0.000000e+000
 8.500000e+001  9.640802e-001  0.000000e+000
 8.512500e+001  9.606317e-001  0.000000e+000
 8.525000e+001  9.587768e-001  0.000000e+000
 8.537500e+001  9.570533e-001  0.000000e+000
 8.550000e+001  9.604033e-001  0.000000e+000
 8.562500e+001  9.569778e-001  0.000000e+000
 8.575000e+001  9.581215e-001  0.000000e+000
 8.587500e+001  9.576461e-001  0.000000e+000
 8.600000e+001  9.547678e-001  0.000000e+000
 8.612500e+001  9.553859e-001  0.000000e+000
 8.625000e+001  9.597923e-001  0.000000e+000
 8.637500e+001  9.598533e-001  0.000000e+000
 8.650000e+001  9.586661e-001  0.000000e+000
 8.662500e+001  9.551861e-001  0.000000e+000
 8.675000e+001  9.505916e-001  0.000000e+000
 8.687500e+001  9.542525e-001  0.000000e+000
 8.700000e+001  9.516576e-001  0.000000e+000
 8.712500e+001  9.577847e-001  0.000000e+000
 8.725000e+001  9.612757e-001  0.000000e+000
 8.737500e+001  9.518331e-001  0.000000e+000
 8.750000e+001  9.408773e-001  0.000000e+000
 8.762500e+001  9.443062e-001  0.000000e+000
 8.775000e+001  9.523726e-001  0.000000e+000
 8.787500e+001  9.452878e-001  0.000000e+000
 8.800000e+001  9.560628e-001  0.000000e+000
 8.812500e+001  9.467301e-001  0.000000e+000
 8.825000e+001  9.621953e-001  0.000000e+000
 8.837500e+001  9.484893e-001  0.000000e+000
 8.850000e+001  9.454840e-001  0.000000e+000
 8.862500e+001  9.563468e-001  0.000000e+000
 8.875000e+001  9.510221e-001  0.000000e+000
 8.887500e+001  9.404426e-001  0.000000e+000
 8.900000e+001  9.469593e-001  0.000000e+000
 8.912500e+001  9.406840e-001  0.000000e+000
 8.925000e+001  9.482958e-001  0.000000e+000
 8.937500e+001  9.453926e-001  0.000000e+000
 8.950000e+001  9.528211e-001  0.000000e+000
 8.962500e+001  9.615351e-001  0.000000e+000
 8.975000e+001  9.497808e-001  0.000000e+000
 8.987500e+001  9.520327e-001  0.000000e+000
 9.000000e+001  9.553150e-001  0.000000e+000
 9.012500e+001  9.436695e-001  0.000000e+000
 9.025000e+001  9.428662e-001  0.000000e+000
 9.037500e+001  9.431949e-001  0.000000e+000
 9.050000e+001  9.548787e-001  0.000000e+000
 9.062500e+001  9.318868e-001  0.000000e+000
 9.075000e+001  9.315790e-001  0.000000e+000
 9.087500e+001  9.506730e-001  0.000000e+000
 9.100000e+001  9.390478e-001  0.000000e+000
 9.112500e+001  9.421636e-001  0.000000e+000
 9.125000e+001  9.360667e-001  0.000000e+000
 9.137500e+001  9.365494e-001  0.000000e+000
 9.150000e+001  9.474360e-001  0.000000e+000
 9.162500e+001  9.318169e-001  0.000000e+000
 9.175000e+001  9.349462e-001  0.000000e+000
 9.187500e+001  9.392465e-001  0.000000e+000
 9.200000e+001  9.180676e-001  0.000000e+000
 9.212500e+001  9.259529e-001  0.000000e+000
 9.225000e+001  9.327034e-001  0.000000e+000
 9.237500e+001  9.371564e-001  0.000000e+000
 9.250000e+001  9.316821e-001  0.000000e+000
 9.262500e+001  9.397826e-001  0.000000e+000
 9.275000e+001  9.329450e-001  0.000000e+000
 9.287500e+001  9.161450e-001  0.000000e+000
 9.300000e+001  9.290968e-001  0.000000e+000
 9.312500e+001  9.303971e-001  0.000000e+000
 9.325000e+001  9.384025e-001  0.000000e+000
 9.337500e+001  9.436628e-001  0.000000e+000
 9.350000e+001  9.296196e-001  0.000000e+000
 9.362500e+001  9.251019e-001  0.000000e+000
 9.375000e+001  9.425043e-001  0.000000e+000
 9.387500e+001  9.195609e-001  0.000000e+000
 9.400000e+001  9.213452e-001  0.000000e+000
 9.412500e+001  9.192374e-001  0.000000e+000
 9.425000e+001  9.223257e-001  0.000000e+000
 9.437500e+001  9.194389e-001  0.000000e+000
 9.450000e+001  9.169616e-001  0.000000e+000
 9.462500e+001  9.265685e-001  0.000000e+000
 9.475000e+001  9.176441e-001  0.000000e+000
 9.487500e+001  9.219541e-001  0.000000e+000
 9.500000e+001  9.276454e-001  0.000000e+000
 9.512500e+001  9.186398e-001  0.000000e+000
 9.525000e+001  9.086546e-001  0.000000e+000
 9.537500e+001  9.179575e-001  0.000000e+000
 9.550000e+001  9.223192e-001  0.000000e+000
 9.562500e+001  9.137238e-001  0.000000e+000
 9.575000e+001  9.048740e-001  0.000000e+000
 9.587500e+001  9.247938e-001  0.000000e+000
 9.600000e+001  9.048250e-001  0.000000e+000
 9.612500e+001  9.205864e-001  0.000000e+000
 9.625000e+001  9.337625e-001  0.000000e+000
 9.637500e+001  9.194061e-001  0.000000e+000
 9.650000e+001  9.148550e-001  0.000000e+000
 9.662500e+001  9.204207e-001  0.000000e+000
 9.675000e+001  9.149545e-001  0.000000e+000
 9.687500e+001  9.013385e-001  0.000000e+000
 9.700000e+001  9.138847e-001  0.000000e+000
 9.712500e+001  9.177154e-001  0.000000e+000
 9.725000e+001  9.178429e-001  0.000000e+000
 9.737500e+001  9.065173e-001  0.000000e+000
 9.750000e+001  9.020114e-001  0.000000e+000
 9.762500e+001  8.912105e-001  0.000000e+000
 9.775000e+001  8.819990e-001  0.000000e+000
 9.787500e+001  9.101682e-001  0.000000e+000
 9.800000e+001  8.992470e-001  0.000000e+000
 9.812500e+001  9.068154e-001  0.000000e+000
 9.825000e+001  9.136745e-001  0.000000e+000
 9.837500e+001  9.237909e-001  0.000000e+000
 9.850000e+001  9.120228e-001  0.000000e+000
 9.862500e+001  8.988865e-001  0.000000e+000
 9.875000e+001  8.996713e-001  0.000000e+000
 9.887500e+001  8.949412e-001  0.000000e+000
 9.900000e+001  8.939379e-001  0.000000e+000
 9.912500e+001  8.650594e-001  0.000000e+000
 9.925000e+001  8.775344e-001  0.000000e+000
 9.937500e+001  8.759251e-001  0.000000e+000
 9.950000e+001  8.502358e-001  0.000000e+000
 9.962500e+001  9.139019e-001  0.000000e+000
 9.975000e+001  8.844133e-001  0.000000e+000
 9.987500e+001  9.067459e-001  0.000000e+000
 1.000000e+002  8.910185e-001  0.000000e+000
 1.001250e+002  8.440483e-001  0.000000e+000
 1.002500e+002  8.920362e-001  0.000000e+000
 1.003750e+002  8.852758e-001  0.000000e+000
 1.005000e+002  8.935992e-001  0.000000e+000
 1.006250e+002  9.169156e-001  0.000000e+000
 1.007500e+002  8.699803e-001  0.000000e+000
 1.008750e+002  8.796511e-001  0.000000e+000
 1.010000e+002  8.755476e-001  0.000000e+000
 1.011250e+002  8.615347e-001  0.000000e+000
 1.012500e+002  8.422378e-001  0.000000e+000
 1.013750e+002  8.676118e-001  0.000000e+000
 1.015000e+002  8.416250e-001  0.000000e+000
 1.016250e+002  8.733511e-001  0.000000e+000
 1.017500e+002  8.603505e-001  0.000000e+000
 1.018750e+002  8.592178e-001  0.000000e+000
 1.020000e+002  8.926245e-001  0.000000e+000
 1.021250e+002  8.634219e-001  0.000000e+000
 1.022500e+002  8.593132e-001  0.000000e+000
 1.023750e+002  8.609949e-001  0.000000e+000
 1.025000e+002  8.438150e-001  0.000000e+000
 1.026250e+002  8.765407e-001  0.000000e+000
 1.027500e+002  7.946407e-001  0.000000e+000
 1.028750e+002  8.296412e-001  0.000000e+000
 1.030000e+002  8.626882e-001  0.000000e+000
 1.031250e+002  7.952612e-001  0.000000e+000
 1.032500e+002  8.243169e-001  0.000000e+000
 1.033750e+002  8.352165e-001  0.000000e+000
 1.035000e+002  8.697460e-001  0.000000e+000
 1.036250e+002  8.347763e-001  0.000000e+000
 1.037500e+002  8.376195e-001  0.000000e+000
 1.038750e+002  8.087173e-001  0.000000e+000
 1.040000e+002  8.582592e-001  0.000000e+000
 1.041250e+002  8.219270e-001  0.000000e+000
 1.042500e+002  8.386121e-001  0.000000e+000
 1.043750e+002  8.598108e-001  0.000000e+000
 1.045000e+002  8.191561e-001  0.000000e+000
 1.046250e+002  8.051217e-001  0.000000e+000
 1.047500e+002  7.726433e-001  0.000000e+000
 1.048750e+002  8.311560e-001  0.000000e+000
 1.050000e+002  8.306028e-001  0.000000e+000
 1.051250e+002  8.255597e-001  0.000000e+000
 1.052500e+002  8.434420e-001  0.000000e+000
 1.053750e+002  8.191082e-001  0.000000e+000
 1.055000e+002  8.135636e-001  0.000000e+000
 1.056250e+002  8.419057e-001  0.000000e+000
 1.057500e+002  8.177917e-001  0.000000e+000
 1.058750e+002  8.313410e-001  0.000000e+000
 1.060000e+002  8.222453e-001  0.000000e+000
 1.061250e+002  8.089027e-001  0.000000e+000
 1.062500e+002  7.811149e-001  0.000000e+000
 1.063750e+002  7.968819e-001  0.000000e+000
 1.065000e+002  7.975550e-001  0.000000e+000
 1.066250e+002  8.052866e-001  0.000000e+000
 1.067500e+002  7.849547e-001  0.000000e+000
 1.068750e+002  8.100388e-001  0.000000e+000
 1.070000e+002  7.959606e-001  0.000000e+000
 1.071250e+002  8.108419e-001  0.000000e+000
 1.072500e+002  7.927982e-001  0.000000e+000
 1.073750e+002  8.079681e-001  0.000000e+000
 1.075000e+002  7.468238e-001  0.000000e+000
 1.076250e+002  7.948864e-001  0.000000e+000
 1.077500e+002  7.725839e-001  0.000000e+000
 1.078750e+002  7.856702e-001  0.000000e+000
 1.080000e+002  7.910772e-001  0.000000e+000
 1.081250e+002  7.488323e-001  0.000000e+000
 1.082500e+002  8.060889e-001  0.000000e+000
 1.083750e+002  8.075222e-001  0.000000e+000
 1.085000e+002  7.812751e-001  0.000000e+000
 1.086250e+002  7.842365e-001  0.000000e+000
 1.087500e+002  7.633231e-001  0.000000e+000
 1.088750e+002  7.673984e-001  0.000000e+000
 1.090000e+002  8.031873e-001  0.000000e+000
 1.091250e+002  7.822583e-001  0.000000e+000
 1.092500e+002  7.952740e-001  0.000000e+000
 1.093750e+002  7.958043e-001  0.000000e+000
 1.095000e+002  7.517443e-001  0.000000e+000
 1.096250e+002  7.580703e-001  0.000000e+000
 1.097500e+002  7.613495e-001  0.000000e+000
 1.098750e+002  8.014940e-001  0.000000e+000
 1.100000e+002  7.503707e-001  0.000000e+000
 1.101250e+002  7.492432e-001  0.000000e+000
 1.102500e+002  7.445325e-001  0.000000e+000
 1.103750e+002  8.016819e-001  0.000000e+000
 1.105000e+002  7.520904e-001  0.000000e+000
 1.106250e+002  7.568094e-001  0.000000e+000
 1.107500e+002  7.305267e-001  0.000000e+000
 1.108750e+002  7.550167e-001  0.000000e+000
 1.110000e+002  7.336408e-001  0.000000e+000
 1.111250e+002  7.653629e-001  0.000000e+000
 1.112500e+002  7.473894e-001  0.000000e+000
 1.113750e+002  7.432342e-001  0.000000e+000
 1.115000e+002  7.232257e-001  0.000000e+000
 1.116250e+002  7.529368e-001  0.000000e+000
 1.117500e+002  7.462339e-001  0.000000e+000
 1.118750e+002  7.559937e-001  0.000000e+000
 1.120000e+002  7.560230e-001  0.000000e+000
 1.121250e+002  7.400464e-001  0.000000e+000
 1.122500e+002  7.702146e-001  0.000000e+000
 1.123750e+002  7.510026e-001  0.000000e+000
 1.125000e+002  7.374968e-001  0.000000e+000
 1.126250e+002  7.458147e-001  0.000000e+000
 1.127500e+002  7.631540e-001  0.000000e+000
 1.128750e+002  7.782710e-001  0.000000e+000
 1.130000e+002  7.707459e-001  0.000000e+000
 1.131250e+002  7.736965e-001  0.000000e+000
 1.132500e+002  7.561088e-001  0.000000e+000
 1.133750e+002  7.574456e-001  0.000000e+000
 1.135000e+002  7.727460e-001  0.000000e+000
 1.136250e+002  7.658591e-001  0.000000e+000
 1.137500e+002  7.821398e-001  0.000000e+000
 1.138750e+002  7.538740e-001  0.000000e+000
 1.140000e+002  7.540320e-001  0.000000e+000
 1.141250e+002  7.874276e-001  0.000000e+000
 1.142500e+002  7.029300e-001  0.000000e+000
 1.143750e+002  7.149980e-001  0.000000e+000
 1.145000e+002  7.061808e-001  0.000000e+000
 1.146250e+002  6.794189e-001  0.000000e+000
 1.147500e+002  7.362159e-001  0.000000e+000
 1.148750e+002  7.226295e-001  0.000000e+000
 1.150000e+002  5.761845e-001  0.000000e+000
 1.151250e+002  5.891394e-001  0.000000e+000
 1.152500e+002  6.703904e-001  0.000000e+000
 1.153750e+002  5.716347e-001  0.000000e+000
 1.155000e+002  5.006782e-001  0.000000e+000
 1.156250e+002  5.282912e-001  0.000000e+000
 1.157500e+002  5.493299e-001  0.000000e+000
 1.158750e+002  3.057245e-001  0.000000e+000
 1.160000e+002  2.665103e-001  0.000000e+000
 1.161250e+002  3.558435e-001  0.000000e+000
 1.162500e+002  2.456967e-001  0.000000e+000
 1.163750e+002  2.752161e-001  0.000000e+000
 1.165000e+002  2.731607e-001  0.000000e+000
 1.166250e+002  1.763664e-001  0.000000e+000
 1.167500e+002  1.902241e-001  0.000000e+000
 1.168750e+002  1.122428e-001  0.000000e+000
 1.170000e+002  1.145219e-001  0.000000e+000
 1.171250e+002  1.384543e-001  0.000000e+000
 1.172500e+002  6.445830e-002  0.000000e+000
 1.173750e+002  1.706360e-001  0.000000e+000
 1.175000e+002  4.511006e-003  0.000000e+000
 1.176250e+002  1.077002e-002  0.000000e+000
 1.177500e+002  1.229051e-001  0.000000e+000
 1.178750e+002  3.889717e-002  0.000000e+000
 1.180000e+002  1.341398e-002  0.000000e+000
 1.181250e+002  1.901096e-002  0.000000e+000
 1.182500e+002  4.395221e-002  0.000000e+000
 1.183750e+002  7.331731e-003  0.000000e+000
 1.185000e+002  6.547432e-002  0.000000e+000
 1.186250e+002  1.152538e-001  0.000000e+000
 1.187500e+002  3.672268e-001  0.000000e+000
 1.188750e+002  2.073972e-001  0.000000e+000
 1.190000e+002  2.402563e-001  0.000000e+000
 1.191250e+002  9.574465e-002  0.000000e+000
 1.192500e+002  5.490485e-004  0.000000e+000
 1.193750e+002  1.234551e-001  0.000000e+000
 1.195000e+002  4.312788e-002  0.000000e+000
 1.196250e+002  3.460401e-001  0.000000e+000
 1.197500e+002  1.728183e-001  0.000000e+000
 1.198750e+002  7.291556e-002  0.000000e+000
 1.200000e+002  9.642311e-002  0.000000e+000
 1.201250e+002  2.460393e-001  0.000000e+000
 1.202500e+002  3.092663e-001  0.000000e+000
 1.203750e+002  1.407178e-001  0.000000e+000
 1.205000e+002  3.319504e-001  0.000000e+000
 1.206250e+002  1.856727e-001  0.000000e+000
 1.207500e+002  1.588500e-001  0.000000e+000
 1.208750e+002  1.487865e-001  0.000000e+000
 1.210000e+002  1.434546e-001  0.000000e+000
 1.211250e+002  5.704749e-002  0.000000e+000
 1.212500e+002  2.137142e-001  0.000000e+000
 1.213750e+002  3.203496e-001  0.000000e+000
 1.215000e+002  3.644761e-001  0.000000e+000
 1.216250e+002  5.003392e-001  0.000000e+000
 1.217500e+002  3.083048e-001  0.000000e+000
 1.218750e+002  2.992356e-001  0.000000e+000
 1.220000e+002  3.555388e-001  0.000000e+000
 1.221250e+002  3.605575e-001  0.000000e+000
 1.222500e+002  2.551161e-001  0.000000e+000
 1.223750e+002  2.653687e-001  0.000000e+000
 1.225000e+002  2.209061e-001  0.000000e+000
 1.226250e+002  2.086082e-001  0.000000e+000
 1.227500e+002  4.497654e-001  0.000000e+000
 1.228750e+002  4.093970e-001  0.000000e+000
 1.230000e+002  1.865781e-001  0.000000e+000
 1.231250e+002  3.065911e-001  0.000000e+000
 1.232500e+002  3.414643e-001  0.000000e+000
 1.233750e+002  2.040494e-001  0.000000e+000
 1.235000e+002  3.286482e-001  0.000000e+000
 1.236250e+002  3.432352e-001  0.000000e+000
 1.237500e+002  4.099721e-001  0.000000e+000
 1.238750e+002  1.354295e-001  0.000000e+000
 1.240000e+002  4.217581e-001  0.000000e+000
 1.241250e+002  2.990327e-001  0.000000e+000
 1.242500e+002  3.442620e-001  0.000000e+000
 1.243750e+002  5.021701e-001  0.000000e+000
 1.245000e+002  4.443844e-001  0.000000e+000
 1.246250e+002  3.922775e-001  0.000000e+000
 1.247500e+002  3.143003e-001  0.000000e+000
 1.248750e+002  5.083768e-001  0.000000e+000
 1.250000e+002  4.919448e-001  0.000000e+000
 1.251250e+002  5.692841e-001  0.000000e+000
 1.252500e+002  6.105007e-001  0.000000e+000
 1.253750e+002  2.149326e-001  0.000000e+000
 1.255000e+002  4.709584e-001  0.000000e+000
 1.256250e+002  4.881124e-001  0.000000e+000
 1.257500e+002  3.465990e-001  0.000000e+000
 1.258750e+002  4.251121e-001  0.000000e+000
 1.260000e+002  4.609596e-001  0.000000e+000
 1.261250e+002  6.172622e-001  0.000000e+000
 1.262500e+002  4.699383e-001  0.000000e+000
 1.263750e+002  2.751648e-001  0.000000e+000
 1.265000e+002  4.267632e-001  0.000000e+000
 1.266250e+002  5.067260e-001  0.000000e+000
 1.267500e+002  4.803119e-001  0.000000e+000
 1.268750e+002  3.265704e-001  0.000000e+000
 1.270000e+002  3.871110e-001  0.000000e+000
 1.271250e+002  4.923978e-001  0.000000e+000
 1.272500e+002  4.696938e-001  0.000000e+000
 1.273750e+002  3.572619e-001  0.000000e+000
 1.275000e+002  3.638450e-001  0.000000e+000
 1.276250e+002  5.352688e-001  0.000000e+000
 1.277500e+002  4.469240e-001  0.000000e+000
 1.278750e+002  3.316434e-001  0.000000e+000
 1.280000e+002  4.636215e-001  0.000000e+000
