 0.000000e+000 -2.250059e-006  0.000000e+000
 1.250000e-001  3.090262e-007 -8.262717e-007
 2.500000e-001 -2.795207e-007 -1.661585e-006
 3.750000e-001 -1.000432e-006 -2.066244e-006
 5.000000e-001 -1.633500e-006 -2.179363e-006
 6.250000e-001 -2.111577e-006 -2.101476e-006
 7.500000e-001 -2.479747e-006 -2.016404e-006
 8.750000e-001 -2.738517e-006 -1.812967e-006
 1.000000e+000 -2.909469e-006 -1.693366e-006
 1.125000e+000 -3.043129e-006 -1.577018e-006
 1.250000e+000 -3.191730e-006 -1.451365e-006
 1.375000e+000 -3.285575e-006 -1.369823e-006
 1.500000e+000 -3.368364e-006 -1.308030e-006
 1.625000e+000 -3.388008e-006 -1.194936e-006
 1.750000e+000 -3.454938e-006 -1.136427e-006
 1.875000e+000 -3.510851e-006 -1.048804e-006
 2.000000e+000 -3.539575e-006 -9.988173e-007
 2.125000e+000 -3.578267e-006 -9.627911e-007
 2.250000e+000 -3.588772e-006 -9.117167e-007
 2.375000e+000 -3.624328e-006 -8.841244e-007
 2.500000e+000 -3.639791e-006 -8.403514e-007
 2.625000e+000 -3.686992e-006 -8.206391e-007
 2.750000e+000 -3.685071e-006 -7.613163e-007
 2.875000e+000 -3.744042e-006 -7.332738e-007
 3.000000e+000 -3.744628e-006 -7.350907e-007
 3.125000e+000 -3.795458e-006 -7.263443e-007
 3.250000e+000 -3.738417e-006 -6.745462e-007
 3.375000e+000 -3.784449e-006 -6.635955e-007
 3.500000e+000 -3.822056e-006 -6.260403e-007
 3.625000e+000 -3.862565e-006 -5.869953e-007
 3.750000e+000 -3.940236e-006 -6.071749e-007
 3.875000e+000 -4.070241e-006 -6.360582e-007
 4.000000e+000 -4.642392e-006 -6.609342e-007
 4.125000e+000 -2.634261e-006  5.037644e-007
 4.250000e+000 -3.450218e-006 -4.388964e-007
 4.375000e+000 -3.599557e-006 -4.275303e-007
 4.500000e+000 -3.638787e-006 -4.482318e-007
 4.625000e+000 -3.732672e-006 -4.135702e-007
 4.750000e+000 -3.778505e-006 -4.188843e-007
 4.875000e+000 -3.804383e-006 -4.075539e-007
 5.000000e+000 -3.839278e-006 -4.494520e-007
 5.125000e+000 -3.854349e-006 -4.267016e-007
 5.250000e+000 -3.860190e-006 -4.022225e-007
 5.375000e+000 -3.855409e-006 -3.797116e-007
 5.500000e+000 -3.921340e-006 -3.741289e-007
 5.625000e+000 -3.953082e-006 -3.852942e-007
 5.750000e+000 -3.988483e-006 -3.884846e-007
 5.875000e+000 -4.049502e-006 -3.615327e-007
 6.000000e+000 -4.053072e-006 -2.339060e-007
 6.125000e+000 -3.815911e-006 -3.147113e-007
 6.250000e+000 -3.937995e-006 -3.415025e-007
 6.375000e+000 -3.973868e-006 -3.273151e-007
 6.500000e+000 -4.015033e-006 -3.369926e-007
 6.625000e+000 -4.024108e-006 -3.481082e-007
 6.750000e+000 -4.044811e-006 -3.433101e-007
 6.875000e+000 -4.037257e-006 -3.289060e-007
 7.000000e+000 -4.096460e-006 -3.061710e-007
 7.125000e+000 -4.118525e-006 -3.290425e-007
 7.250000e+000 -4.118500e-006 -3.102702e-007
 7.375000e+000 -4.139406e-006 -3.160314e-007
 7.500000e+000 -4.186223e-006 -3.002427e-007
 7.625000e+000 -4.186878e-006 -2.981717e-007
 7.750000e+000 -4.211333e-006 -3.201620e-007
 7.875000e+000 -4.260016e-006 -2.954522e-007
 8.000000e+000 -4.263001e-006 -3.120909e-007
 8.125000e+000 -4.277523e-006 -2.960490e-007
 8.250000e+000 -4.318687e-006 -2.971255e-007
 8.375000e+000 -4.352817e-006 -2.945415e-007
 8.500000e+000 -4.381802e-006 -3.058577e-007
 8.625000e+000 -4.381394e-006 -3.517864e-007
 8.750000e+000 -4.407597e-006 -3.088970e-007
 8.875000e+000 -4.438226e-006 -2.781712e-007
 9.000000e+000 -4.454946e-006 -2.807510e-007
 9.125000e+000 -4.494045e-006 -3.099232e-007
 9.250000e+000 -4.511701e-006 -2.828557e-007
 9.375000e+000 -4.546828e-006 -2.785018e-007
 9.500000e+000 -4.554632e-006 -2.623322e-007
 9.625000e+000 -4.594730e-006 -3.186810e-007
 9.750000e+000 -4.620256e-006 -2.893404e-007
 9.875000e+000 -4.698275e-006 -2.894628e-007
 1.000000e+001 -4.700295e-006 -2.910714e-007
 1.012500e+001 -4.730706e-006 -2.898767e-007
 1.025000e+001 -4.764575e-006 -3.192571e-007
 1.037500e+001 -4.810529e-006 -2.941627e-007
 1.050000e+001 -4.865902e-006 -3.041050e-007
 1.062500e+001 -4.916705e-006 -2.687769e-007
 1.075000e+001 -4.910250e-006 -2.295964e-007
 1.087500e+001 -4.881127e-006 -2.987720e-007
 1.100000e+001 -5.059801e-006 -3.137144e-007
 1.112500e+001 -5.018936e-006 -2.592672e-007
 1.125000e+001 -5.064474e-006 -2.989572e-007
 1.137500e+001 -5.067442e-006 -3.113366e-007
 1.150000e+001 -5.114891e-006 -3.070134e-007
 1.162500e+001 -5.155545e-006 -2.997657e-007
 1.175000e+001 -5.187931e-006 -3.087613e-007
 1.187500e+001 -5.270463e-006 -3.204939e-007
 1.200000e+001 -5.284900e-006 -3.018934e-007
 1.212500e+001 -5.379099e-006 -3.108664e-007
 1.225000e+001 -5.421443e-006 -3.306948e-007
 1.237500e+001 -5.472796e-006 -3.161265e-007
 1.250000e+001 -5.520174e-006 -3.587050e-007
 1.262500e+001 -5.556901e-006 -3.454885e-007
 1.275000e+001 -5.640637e-006 -3.721113e-007
 1.287500e+001 -5.668130e-006 -3.505713e-007
 1.300000e+001 -5.743898e-006 -3.193400e-007
 1.312500e+001 -5.803608e-006 -3.422798e-007
 1.325000e+001 -5.861219e-006 -3.727986e-007
 1.337500e+001 -5.905917e-006 -3.483316e-007
 1.350000e+001 -5.980832e-006 -3.478348e-007
 1.362500e+001 -6.014105e-006 -3.790805e-007
 1.375000e+001 -6.090062e-006 -3.644904e-007
 1.387500e+001 -6.193422e-006 -3.967859e-007
 1.400000e+001 -6.268105e-006 -4.161986e-007
 1.412500e+001 -6.339503e-006 -4.029689e-007
 1.425000e+001 -6.399071e-006 -4.161783e-007
 1.437500e+001 -6.490139e-006 -3.942173e-007
 1.450000e+001 -6.595115e-006 -4.163569e-007
 1.462500e+001 -6.678223e-006 -4.097658e-007
 1.475000e+001 -6.761868e-006 -4.284923e-007
 1.487500e+001 -6.828391e-006 -4.588249e-007
 1.500000e+001 -6.903359e-006 -4.747761e-007
 1.512500e+001 -6.973593e-006 -4.814799e-007
 1.525000e+001 -7.129665e-006 -5.106318e-007
 1.537500e+001 -7.210495e-006 -5.096674e-007
 1.550000e+001 -7.293747e-006 -5.034460e-007
 1.562500e+001 -7.446554e-006 -5.137884e-007
 1.575000e+001 -7.572411e-006 -5.205526e-007
 1.587500e+001 -7.696033e-006 -5.451503e-007
 1.600000e+001 -7.786821e-006 -5.553308e-007
 1.612500e+001 -7.932564e-006 -5.663757e-007
 1.625000e+001 -8.041524e-006 -5.789448e-007
 1.637500e+001 -8.240679e-006 -5.843801e-007
 1.650000e+001 -8.350690e-006 -5.579178e-007
 1.662500e+001 -8.534823e-006 -5.958551e-007
 1.675000e+001 -8.661904e-006 -6.421023e-007
 1.687500e+001 -8.783977e-006 -6.465481e-007
 1.700000e+001 -8.970792e-006 -6.765734e-007
 1.712500e+001 -9.147137e-006 -6.968981e-007
 1.725000e+001 -9.384944e-006 -6.946479e-007
 1.737500e+001 -9.513033e-006 -6.913414e-007
 1.750000e+001 -9.727925e-006 -7.866760e-007
 1.762500e+001 -9.941559e-006 -7.839678e-007
 1.775000e+001 -1.015849e-005 -7.630201e-007
 1.787500e+001 -1.041570e-005 -9.068239e-007
 1.800000e+001 -1.067686e-005 -8.393465e-007
 1.812500e+001 -1.095707e-005 -8.834705e-007
 1.825000e+001 -1.123596e-005 -9.724896e-007
 1.837500e+001 -1.151029e-005 -9.321616e-007
 1.850000e+001 -1.184144e-005 -9.852650e-007
 1.862500e+001 -1.217491e-005 -1.045921e-006
 1.875000e+001 -1.248645e-005 -1.060321e-006
 1.887500e+001 -1.290939e-005 -1.107945e-006
 1.900000e+001 -1.330864e-005 -1.128059e-006
 1.912500e+001 -1.375138e-005 -1.223769e-006
 1.925000e+001 -1.422056e-005 -1.264872e-006
 1.937500e+001 -1.474000e-005 -1.296758e-006
 1.950000e+001 -1.537922e-005 -1.359511e-006
 1.962500e+001 -1.597628e-005 -1.429138e-006
 1.975000e+001 -1.656558e-005 -1.488513e-006
 1.987500e+001 -1.725344e-005 -1.601949e-006
 2.000000e+001 -1.806324e-005 -1.547485e-006
 2.012500e+001 -1.888912e-005 -1.763499e-006
 2.025000e+001 -1.983363e-005 -1.793240e-006
 2.037500e+001 -2.090837e-005 -1.985097e-006
 2.050000e+001 -2.210888e-005 -1.988514e-006
 2.062500e+001 -2.351116e-005 -2.118552e-006
 2.075000e+001 -2.493539e-005 -2.255459e-006
 2.087500e+001 -2.655365e-005 -2.380921e-006
 2.100000e+001 -2.861616e-005 -2.547570e-006
 2.112500e+001 -3.099247e-005 -2.677302e-006
 2.125000e+001 -3.365698e-005 -2.947679e-006
 2.137500e+001 -3.712018e-005 -3.425743e-006
 2.150000e+001 -4.121234e-005 -3.604457e-006
 2.162500e+001 -4.612218e-005 -4.030842e-006
 2.175000e+001 -5.262010e-005 -4.173115e-006
 2.187500e+001 -6.158814e-005 -4.411941e-006
 2.200000e+001 -7.403190e-005 -4.767972e-006
 2.212500e+001 -9.291779e-005 -3.994116e-006
 2.225000e+001 -1.247227e-004 -1.732800e-006
 2.237500e+001 -1.921281e-004  1.543929e-005
 2.250000e+001 -3.327972e-004  1.220959e-004
 2.262500e+001 -2.126888e-004  6.732348e-004
 2.275000e+001  3.812246e-004  4.016626e-005
 2.287500e+001  1.745940e-004  4.278383e-005
 2.300000e+001  1.149340e-004  2.540080e-005
 2.312500e+001  8.588152e-005  1.760325e-005
 2.325000e+001  6.890171e-005  1.325022e-005
 2.337500e+001  5.739234e-005  1.069183e-005
 2.350000e+001  4.895232e-005  9.021175e-006
 2.362500e+001  4.295090e-005  7.834891e-006
 2.375000e+001  3.804124e-005  6.716332e-006
 2.387500e+001  3.420305e-005  6.143277e-006
 2.400000e+001  3.092181e-005  5.466738e-006
 2.412500e+001  2.827838e-005  4.808935e-006
 2.425000e+001  2.611374e-005  4.464701e-006
 2.437500e+001  2.424378e-005  4.157754e-006
 2.450000e+001  2.247899e-005  3.931304e-006
 2.462500e+001  2.107803e-005  3.668894e-006
 2.475000e+001  1.972653e-005  3.382686e-006
 2.487500e+001  1.861095e-005  3.207263e-006
 2.500000e+001  1.757381e-005  3.107702e-006
 2.512500e+001  1.661827e-005  2.935366e-006
 2.525000e+001  1.573579e-005  2.819671e-006
 2.537500e+001  1.499208e-005  2.732530e-006
 2.550000e+001  1.433513e-005  2.617592e-006
 2.562500e+001  1.369104e-005  2.424830e-006
 2.575000e+001  1.308287e-005  2.346102e-006
 2.587500e+001  1.260257e-005  2.296649e-006
 2.600000e+001  1.207483e-005  2.199712e-006
 2.612500e+001  1.161271e-005  2.091968e-006
 2.625000e+001  1.116986e-005  2.017713e-006
 2.637500e+001  1.077588e-005  2.012431e-006
 2.650000e+001  1.036203e-005  1.921536e-006
 2.662500e+001  1.004528e-005  1.853283e-006
 2.675000e+001  9.736317e-006  1.844360e-006
 2.687500e+001  9.320952e-006  1.798616e-006
 2.700000e+001  9.063616e-006  1.755312e-006
 2.712500e+001  8.767864e-006  1.724239e-006
 2.725000e+001  8.494164e-006  1.689441e-006
 2.737500e+001  8.253763e-006  1.630076e-006
 2.750000e+001  8.003196e-006  1.604119e-006
 2.762500e+001  7.799854e-006  1.553551e-006
 2.775000e+001  7.543689e-006  1.512449e-006
 2.787500e+001  7.350288e-006  1.486777e-006
 2.800000e+001  7.163177e-006  1.490166e-006
 2.812500e+001  7.005042e-006  1.459601e-006
 2.825000e+001  6.800764e-006  1.414684e-006
 2.837500e+001  6.619939e-006  1.389186e-006
 2.850000e+001  6.475362e-006  1.369357e-006
 2.862500e+001  6.304894e-006  1.344563e-006
 2.875000e+001  6.193449e-006  1.322196e-006
 2.887500e+001  6.051405e-006  1.262071e-006
 2.900000e+001  5.839996e-006  1.294662e-006
 2.912500e+001  5.718569e-006  1.251725e-006
 2.925000e+001  5.590130e-006  1.255686e-006
 2.937500e+001  5.482568e-006  1.223207e-006
 2.950000e+001  5.343725e-006  1.220236e-006
 2.962500e+001  5.232085e-006  1.184514e-006
 2.975000e+001  5.104800e-006  1.173561e-006
 2.987500e+001  5.017310e-006  1.152540e-006
 3.000000e+001  4.922482e-006  1.171980e-006
 3.012500e+001  4.812965e-006  1.126790e-006
 3.025000e+001  4.723557e-006  1.112521e-006
 3.037500e+001  4.626791e-006  1.083899e-006
 3.050000e+001  4.502237e-006  1.079155e-006
 3.062500e+001  4.459711e-006  1.047265e-006
 3.075000e+001  4.357153e-006  1.071100e-006
 3.087500e+001  4.269825e-006  1.034571e-006
 3.100000e+001  4.193746e-006  1.026353e-006
 3.112500e+001  4.113889e-006  1.030265e-006
 3.125000e+001  4.019537e-006  1.015143e-006
 3.137500e+001  3.962973e-006  1.004213e-006
 3.150000e+001  3.869606e-006  9.631092e-007
 3.162500e+001  3.819284e-006  9.431025e-007
 3.175000e+001  3.753229e-006  9.506512e-007
 3.187500e+001  3.690346e-006  9.781678e-007
 3.200000e+001  3.611836e-006  9.572594e-007
 3.212500e+001  3.543062e-006  9.548832e-007
 3.225000e+001  3.497229e-006  9.384968e-007
 3.237500e+001  3.446777e-006  9.180806e-007
 3.250000e+001  3.371026e-006  9.252528e-007
 3.262500e+001  3.308419e-006  9.282219e-007
 3.275000e+001  3.252948e-006  8.693348e-007
 3.287500e+001  3.221717e-006  8.730186e-007
 3.300000e+001  3.155165e-006  8.522866e-007
 3.312500e+001  3.091644e-006  8.525487e-007
 3.325000e+001  3.060651e-006  8.771260e-007
 3.337500e+001  2.990559e-006  8.543684e-007
 3.350000e+001  2.934514e-006  8.291045e-007
 3.362500e+001  2.870845e-006  8.233409e-007
 3.375000e+001  2.837278e-006  7.940499e-007
 3.387500e+001  2.797704e-006  8.202576e-007
 3.400000e+001  2.759038e-006  7.954320e-007
 3.412500e+001  2.685643e-006  8.000281e-007
 3.425000e+001  2.635002e-006  7.440827e-007
 3.437500e+001  2.507242e-006  7.725916e-007
 3.450000e+001  2.519743e-006  8.472833e-007
 3.462500e+001  2.542465e-006  8.508089e-007
 3.475000e+001  2.521404e-006  8.099122e-007
 3.487500e+001  2.481803e-006  7.761298e-007
 3.500000e+001  2.442639e-006  7.855838e-007
 3.512500e+001  2.396832e-006  7.605980e-007
 3.525000e+001  2.362073e-006  7.662283e-007
 3.537500e+001  2.318591e-006  7.598611e-007
 3.550000e+001  2.310611e-006  7.322597e-007
 3.562500e+001  2.257279e-006  7.174239e-007
 3.575000e+001  2.219954e-006  7.340534e-007
 3.587500e+001  2.198940e-006  7.249550e-007
 3.600000e+001  2.138293e-006  7.047360e-007
 3.612500e+001  2.117879e-006  6.990980e-007
 3.625000e+001  2.075304e-006  6.717206e-007
 3.637500e+001  2.065258e-006  6.605981e-007
 3.650000e+001  2.023869e-006  6.888411e-007
 3.662500e+001  1.984223e-006  6.646553e-007
 3.675000e+001  1.970243e-006  6.625413e-007
 3.687500e+001  1.941347e-006  6.710093e-007
 3.700000e+001  1.899250e-006  6.579164e-007
 3.712500e+001  1.895883e-006  6.404176e-007
 3.725000e+001  1.850443e-006  6.485780e-007
 3.737500e+001  1.825593e-006  6.330039e-007
 3.750000e+001  1.822271e-006  6.229130e-007
 3.762500e+001  1.743691e-006  6.217697e-007
 3.775000e+001  1.757684e-006  6.021163e-007
 3.787500e+001  1.713860e-006  6.094972e-007
 3.800000e+001  1.698614e-006  5.898194e-007
 3.812500e+001  1.679389e-006  5.810507e-007
 3.825000e+001  1.640731e-006  5.792245e-007
 3.837500e+001  1.601027e-006  5.891944e-007
 3.850000e+001  1.614809e-006  5.713345e-007
 3.862500e+001  1.570587e-006  5.770370e-007
 3.875000e+001  1.570289e-006  5.646048e-007
 3.887500e+001  1.532248e-006  5.526605e-007
 3.900000e+001  1.505351e-006  5.639570e-007
 3.912500e+001  1.490663e-006  5.564830e-007
 3.925000e+001  1.467442e-006  5.463785e-007
 3.937500e+001  1.447523e-006  5.519128e-007
 3.950000e+001  1.439556e-006  5.245945e-007
 3.962500e+001  1.398167e-006  5.599489e-007
 3.975000e+001  1.374938e-006  5.232938e-007
 3.987500e+001  1.353393e-006  5.087974e-007
 4.000000e+001  1.334143e-006  5.166791e-007
 4.012500e+001  1.337506e-006  5.339618e-007
 4.025000e+001  1.311135e-006  5.225649e-007
 4.037500e+001  1.280748e-006  4.776193e-007
 4.050000e+001  1.275298e-006  5.117974e-007
 4.062500e+001  1.234115e-006  5.092110e-007
 4.075000e+001  1.219539e-006  4.873403e-007
 4.087500e+001  1.188765e-006  4.909884e-007
 4.100000e+001  1.170370e-006  4.696504e-007
 4.112500e+001  1.187128e-006  4.701284e-007
 4.125000e+001  1.134170e-006  4.804853e-007
 4.137500e+001  1.118069e-006  4.581300e-007
 4.150000e+001  1.109055e-006  4.648141e-007
 4.162500e+001  1.074774e-006  4.411259e-007
 4.175000e+001  1.081775e-006  4.671258e-007
 4.187500e+001  1.083730e-006  4.660437e-007
 4.200000e+001  1.034617e-006  4.264392e-007
 4.212500e+001  1.043036e-006  4.596499e-007
 4.225000e+001  9.937338e-007  4.327985e-007
 4.237500e+001  1.034683e-006  4.029624e-007
 4.250000e+001  9.890192e-007  4.040248e-007
 4.262500e+001  9.840339e-007  4.151124e-007
 4.275000e+001  9.472925e-007  4.189023e-007
 4.287500e+001  9.351637e-007  3.991082e-007
 4.300000e+001  9.340345e-007  4.030690e-007
 4.312500e+001  9.012244e-007  3.987588e-007
 4.325000e+001  8.982215e-007  3.875626e-007
 4.337500e+001  8.938473e-007  3.819677e-007
 4.350000e+001  8.579199e-007  3.974576e-007
 4.362500e+001  8.700923e-007  3.914476e-007
 4.375000e+001  8.363708e-007  3.819186e-007
 4.387500e+001  8.090528e-007  3.651652e-007
 4.400000e+001  8.108382e-007  3.708027e-007
 4.412500e+001  7.811440e-007  3.365234e-007
 4.425000e+001  7.877151e-007  3.281324e-007
 4.437500e+001  7.536899e-007  3.377013e-007
 4.450000e+001  7.457052e-007  3.349086e-007
 4.462500e+001  7.191078e-007  3.606779e-007
 4.475000e+001  7.394515e-007  3.139920e-007
 4.487500e+001  7.074171e-007  3.090146e-007
 4.500000e+001  7.298728e-007  3.030211e-007
 4.512500e+001  6.810452e-007  2.852986e-007
 4.525000e+001  6.066004e-007  2.913652e-007
 4.537500e+001  6.247119e-007  3.847702e-007
 4.550000e+001  6.456680e-007  3.292378e-007
 4.562500e+001  6.039815e-007  3.075839e-007
 4.575000e+001  6.253089e-007  3.211179e-007
 4.587500e+001  6.289807e-007  3.279079e-007
 4.600000e+001  5.899373e-007  3.216817e-007
 4.612500e+001  5.745461e-007  3.351828e-007
 4.625000e+001  5.864372e-007  3.043453e-007
 4.637500e+001  5.534727e-007  2.765531e-007
 4.650000e+001  5.525408e-007  2.659163e-007
 4.662500e+001  5.521858e-007  2.669972e-007
 4.675000e+001  5.136851e-007  2.662891e-007
 4.687500e+001  5.200741e-007  2.493234e-007
 4.700000e+001  5.139152e-007  2.434727e-007
 4.712500e+001  5.232953e-007  2.699143e-007
 4.725000e+001  4.976513e-007  2.472637e-007
 4.737500e+001  4.602510e-007  2.776400e-007
 4.750000e+001  4.691265e-007  2.426948e-007
 4.762500e+001  4.556641e-007  2.399370e-007
 4.775000e+001  4.596473e-007  2.434420e-007
 4.787500e+001  4.284998e-007  2.485753e-007
 4.800000e+001  4.297988e-007  2.511529e-007
 4.812500e+001  4.228623e-007  2.087014e-007
 4.825000e+001  4.186020e-007  2.292515e-007
 4.837500e+001  3.980135e-007  2.338663e-007
 4.850000e+001  3.824176e-007  2.554474e-007
 4.862500e+001  4.035689e-007  2.275794e-007
 4.875000e+001  3.557172e-007  1.948613e-007
 4.887500e+001  3.447365e-007  1.756488e-007
 4.900000e+001  3.759666e-007  1.852701e-007
 4.912500e+001  3.341231e-007  1.721489e-007
 4.925000e+001  3.423115e-007  1.995501e-007
 4.937500e+001  3.173298e-007  1.918408e-007
 4.950000e+001  3.177373e-007  1.743283e-007
 4.962500e+001  3.066214e-007  1.774757e-007
 4.975000e+001  2.743729e-007  1.636513e-007
 4.987500e+001  2.622317e-007  1.642437e-007
 5.000000e+001  2.481476e-007  1.406011e-007
 5.012500e+001  2.640014e-007  1.804713e-007
 5.025000e+001  2.722282e-007  1.525970e-007
 5.037500e+001  2.273496e-007  1.723261e-007
 5.050000e+001  2.382385e-007  1.290974e-007
 5.062500e+001  2.214195e-007  1.433812e-007
 5.075000e+001  1.968503e-007  1.174728e-007
 5.087500e+001  2.110615e-007  1.294690e-007
 5.100000e+001  2.100645e-007  1.324935e-007
 5.112500e+001  1.631852e-007  1.345975e-007
 5.125000e+001  1.403628e-007  1.436491e-007
 5.137500e+001  1.786753e-007  1.403902e-007
 5.150000e+001  1.518859e-007  1.208749e-007
 5.162500e+001  1.586698e-007  1.225038e-007
 5.175000e+001  1.309094e-007  1.075064e-007
 5.187500e+001  1.226084e-007  1.222569e-007
 5.200000e+001  1.220231e-007  8.221736e-008
 5.212500e+001  1.129065e-007  1.193453e-007
 5.225000e+001  1.183769e-007  7.328915e-008
 5.237500e+001  8.802062e-008  9.538551e-008
 5.250000e+001  5.490487e-008  9.200769e-008
 5.262500e+001  8.140668e-008  8.961869e-008
 5.275000e+001  7.193781e-008  6.250280e-008
 5.287500e+001  5.767166e-008  8.741732e-008
 5.300000e+001  4.625230e-008  8.090310e-008
 5.312500e+001  5.589122e-008  7.826939e-008
 5.325000e+001  5.306390e-008  6.065818e-008
 5.337500e+001  2.955389e-008  3.414972e-008
 5.350000e+001  1.321369e-008  6.202697e-008
 5.362500e+001  1.127722e-008  7.279919e-008
 5.375000e+001  1.415239e-008  7.815727e-008
 5.387500e+001 -1.997895e-008  4.979600e-008
 5.400000e+001 -6.947391e-009  2.879851e-008
 5.412500e+001 -2.587342e-008  5.065122e-008
 5.425000e+001 -1.856421e-008  7.103272e-008
 5.437500e+001 -3.837092e-008  2.043772e-008
 5.450000e+001 -4.911590e-008  3.151771e-008
 5.462500e+001 -5.006915e-008  6.303101e-008
 5.475000e+001 -8.226286e-008  7.310063e-009
 5.487500e+001 -6.822943e-008  7.560489e-009
 5.500000e+001 -7.432564e-008  2.077369e-010
 5.512500e+001 -9.739703e-008  1.136604e-008
 5.525000e+001 -1.061514e-007  2.455291e-008
 5.537500e+001 -1.347839e-007  1.578591e-008
 5.550000e+001 -1.272458e-007  5.689256e-009
 5.562500e+001 -1.376032e-007  2.734124e-008
 5.575000e+001 -1.738358e-007 -1.273690e-008
 5.587500e+001 -1.418546e-007  4.297783e-008
 5.600000e+001 -1.452179e-007  2.144659e-008
 5.612500e+001 -1.560749e-007  1.921410e-008
 5.625000e+001 -1.763717e-007  4.677888e-009
 5.637500e+001 -1.867429e-007  3.072972e-008
 5.650000e+001 -1.607262e-007  3.091626e-008
 5.662500e+001 -1.610428e-007  4.768681e-008
 5.675000e+001 -1.438635e-007  9.415616e-008
 5.687500e+001 -6.086998e-008  1.711634e-007
 5.700000e+001  1.088281e-007  3.952397e-008
 5.712500e+001  6.133367e-008 -1.820649e-007
 5.725000e+001 -1.097515e-007 -2.087903e-007
 5.737500e+001 -1.745990e-007 -1.881635e-007
 5.750000e+001 -1.673581e-007 -1.815249e-007
 5.762500e+001 -2.231997e-007 -1.310441e-007
 5.775000e+001 -2.614088e-007 -1.487457e-007
 5.787500e+001 -2.772030e-007 -1.571040e-007
 5.800000e+001 -2.771715e-007 -1.071021e-007
 5.812500e+001 -3.019742e-007 -1.434748e-007
 5.825000e+001 -3.054762e-007 -1.539451e-007
 5.837500e+001 -3.114402e-007 -1.708638e-007
 5.850000e+001 -3.221632e-007 -1.555544e-007
 5.862500e+001 -3.019365e-007 -1.492315e-007
 5.875000e+001 -3.195393e-007 -1.549716e-007
 5.887500e+001 -3.640128e-007 -1.331349e-007
 5.900000e+001 -3.536285e-007 -1.513512e-007
 5.912500e+001 -3.633702e-007 -1.580209e-007
 5.925000e+001 -4.076426e-007 -1.552963e-007
 5.937500e+001 -4.019314e-007 -1.472067e-007
 5.950000e+001 -4.190855e-007 -1.650033e-007
 5.962500e+001 -4.098861e-007 -1.759478e-007
 5.975000e+001 -4.472207e-007 -1.393778e-007
 5.987500e+001 -4.482456e-007 -1.540460e-007
 6.000000e+001 -4.277654e-007 -1.774127e-007
 6.012500e+001 -4.465166e-007 -1.977571e-007
 6.025000e+001 -4.903489e-007 -1.730369e-007
 6.037500e+001 -4.817552e-007 -1.741583e-007
 6.050000e+001 -4.976218e-007 -1.624330e-007
 6.062500e+001 -4.716497e-007 -1.889777e-007
 6.075000e+001 -5.212031e-007 -2.045244e-007
 6.087500e+001 -5.208809e-007 -2.029368e-007
 6.100000e+001 -4.976823e-007 -2.015202e-007
 6.112500e+001 -5.317885e-007 -2.138690e-007
 6.125000e+001 -5.401532e-007 -2.082281e-007
 6.137500e+001 -5.398056e-007 -2.110479e-007
 6.150000e+001 -5.294449e-007 -2.061944e-007
 6.162500e+001 -5.847991e-007 -2.151569e-007
 6.175000e+001 -5.788142e-007 -2.127685e-007
 6.187500e+001 -5.959419e-007 -1.769896e-007
 6.200000e+001 -6.161363e-007 -2.344870e-007
 6.212500e+001 -6.255755e-007 -2.140671e-007
 6.225000e+001 -6.312444e-007 -2.214954e-007
 6.237500e+001 -6.347636e-007 -2.023628e-007
 6.250000e+001 -6.280337e-007 -2.146950e-007
 6.262500e+001 -6.703410e-007 -2.533145e-007
 6.275000e+001 -6.770956e-007 -2.443803e-007
 6.287500e+001 -7.015630e-007 -2.847483e-007
 6.300000e+001 -7.074429e-007 -2.783188e-007
 6.312500e+001 -7.530030e-007 -2.601637e-007
 6.325000e+001 -7.619299e-007 -2.424072e-007
 6.337500e+001 -7.591980e-007 -2.804642e-007
 6.350000e+001 -8.060182e-007 -2.720603e-007
 6.362500e+001 -7.936899e-007 -2.783409e-007
 6.375000e+001 -7.855453e-007 -2.980640e-007
 6.387500e+001 -8.149785e-007 -2.749488e-007
 6.400000e+001 -8.152726e-007 -3.150137e-007
 6.412500e+001 -8.519648e-007 -2.700297e-007
 6.425000e+001 -8.770279e-007 -2.704369e-007
 6.437500e+001 -8.819710e-007 -2.795273e-007
 6.450000e+001 -8.720769e-007 -2.944818e-007
 6.462500e+001 -8.945133e-007 -3.038976e-007
 6.475000e+001 -9.257181e-007 -2.876765e-007
 6.487500e+001 -9.468010e-007 -3.136714e-007
 6.500000e+001 -9.377403e-007 -3.169509e-007
 6.512500e+001 -9.703010e-007 -3.129039e-007
 6.525000e+001 -1.007524e-006 -3.411530e-007
 6.537500e+001 -1.006952e-006 -2.959802e-007
 6.550000e+001 -9.869118e-007 -3.366873e-007
 6.562500e+001 -1.032137e-006 -3.161006e-007
 6.575000e+001 -1.034722e-006 -2.918375e-007
 6.587500e+001 -1.060724e-006 -3.212876e-007
 6.600000e+001 -1.058807e-006 -3.434074e-007
 6.612500e+001 -1.111876e-006 -3.410130e-007
 6.625000e+001 -1.128861e-006 -3.294012e-007
 6.637500e+001 -1.151656e-006 -3.317827e-007
 6.650000e+001 -1.165020e-006 -3.349199e-007
 6.662500e+001 -1.151974e-006 -3.704557e-007
 6.675000e+001 -1.228388e-006 -3.716673e-007
 6.687500e+001 -1.196001e-006 -3.330067e-007
 6.700000e+001 -1.228335e-006 -3.160600e-007
 6.712500e+001 -1.261723e-006 -3.781878e-007
 6.725000e+001 -1.293463e-006 -3.841769e-007
 6.737500e+001 -1.288764e-006 -3.707622e-007
 6.750000e+001 -1.306136e-006 -3.655665e-007
 6.762500e+001 -1.266418e-006 -4.063183e-007
 6.775000e+001 -1.316898e-006 -5.192545e-007
 6.787500e+001 -1.499491e-006 -4.531212e-007
 6.800000e+001 -1.452724e-006 -3.801931e-007
 6.812500e+001 -1.520730e-006 -4.509041e-007
 6.825000e+001 -1.551803e-006 -3.946811e-007
 6.837500e+001 -1.554481e-006 -4.205467e-007
 6.850000e+001 -1.595705e-006 -3.689289e-007
 6.862500e+001 -1.584102e-006 -4.002605e-007
 6.875000e+001 -1.655325e-006 -4.230362e-007
 6.887500e+001 -1.665068e-006 -4.186910e-007
 6.900000e+001 -1.676046e-006 -4.330448e-007
 6.912500e+001 -1.692938e-006 -4.255667e-007
 6.925000e+001 -1.748891e-006 -4.116884e-007
 6.937500e+001 -1.777469e-006 -3.896864e-007
 6.950000e+001 -1.744499e-006 -4.477520e-007
 6.962500e+001 -1.841199e-006 -4.382052e-007
 6.975000e+001 -1.871218e-006 -4.560742e-007
 6.987500e+001 -1.932885e-006 -4.215161e-007
 7.000000e+001 -1.909655e-006 -4.654346e-007
 7.012500e+001 -1.959818e-006 -4.751974e-007
 7.025000e+001 -2.029210e-006 -4.659286e-007
 7.037500e+001 -2.047503e-006 -4.962803e-007
 7.050000e+001 -2.072419e-006 -4.919055e-007
 7.062500e+001 -2.146582e-006 -4.638193e-007
 7.075000e+001 -2.181674e-006 -4.896880e-007
 7.087500e+001 -2.222810e-006 -4.867992e-007
 7.100000e+001 -2.265559e-006 -4.893788e-007
 7.112500e+001 -2.320544e-006 -5.094792e-007
 7.125000e+001 -2.374528e-006 -5.051577e-007
 7.137500e+001 -2.407925e-006 -5.475766e-007
 7.150000e+001 -2.462558e-006 -4.928066e-007
 7.162500e+001 -2.531642e-006 -5.146514e-007
 7.175000e+001 -2.624592e-006 -5.588021e-007
 7.187500e+001 -2.633143e-006 -5.073484e-007
 7.200000e+001 -2.712304e-006 -5.303065e-007
 7.212500e+001 -2.741626e-006 -5.245443e-007
 7.225000e+001 -2.844392e-006 -5.111120e-007
 7.237500e+001 -2.909940e-006 -5.649200e-007
 7.250000e+001 -2.977249e-006 -5.090832e-007
 7.262500e+001 -2.991415e-006 -5.571194e-007
 7.275000e+001 -3.089098e-006 -5.593700e-007
 7.287500e+001 -3.169540e-006 -5.551586e-007
 7.300000e+001 -3.218621e-006 -6.363449e-007
 7.312500e+001 -3.279369e-006 -6.220358e-007
 7.325000e+001 -3.412348e-006 -6.477798e-007
 7.337500e+001 -3.529755e-006 -6.004420e-007
 7.350000e+001 -3.591342e-006 -6.405661e-007
 7.362500e+001 -3.671711e-006 -6.579643e-007
 7.375000e+001 -3.779251e-006 -6.035286e-007
 7.387500e+001 -3.888039e-006 -6.293905e-007
 7.400000e+001 -4.006504e-006 -6.882203e-007
 7.412500e+001 -4.091127e-006 -6.635858e-007
 7.425000e+001 -4.229840e-006 -6.691586e-007
 7.437500e+001 -4.387282e-006 -6.520074e-007
 7.450000e+001 -4.511537e-006 -6.723106e-007
 7.462500e+001 -4.616064e-006 -6.781692e-007
 7.475000e+001 -4.790863e-006 -7.191567e-007
 7.487500e+001 -4.981226e-006 -7.410929e-007
 7.500000e+001 -5.091652e-006 -6.874800e-007
 7.512500e+001 -5.311687e-006 -7.589542e-007
 7.525000e+001 -5.438629e-006 -7.309264e-007
 7.537500e+001 -5.605813e-006 -7.155439e-007
 7.550000e+001 -5.813402e-006 -7.387887e-007
 7.562500e+001 -5.984189e-006 -7.120321e-007
 7.575000e+001 -6.273728e-006 -7.517381e-007
 7.587500e+001 -6.523199e-006 -7.576982e-007
 7.600000e+001 -6.804210e-006 -7.181708e-007
 7.612500e+001 -7.093268e-006 -7.293163e-007
 7.625000e+001 -7.368528e-006 -8.102463e-007
 7.637500e+001 -7.673331e-006 -8.131875e-007
 7.650000e+001 -7.976016e-006 -7.661296e-007
 7.662500e+001 -8.354303e-006 -7.957233e-007
 7.675000e+001 -8.746183e-006 -7.659651e-007
 7.687500e+001 -9.286905e-006 -8.548353e-007
 7.700000e+001 -9.740227e-006 -8.098958e-007
 7.712500e+001 -1.024634e-005 -8.003209e-007
 7.725000e+001 -1.086786e-005 -8.332672e-007
 7.737500e+001 -1.155887e-005 -8.119492e-007
 7.750000e+001 -1.235214e-005 -8.089895e-007
 7.762500e+001 -1.313555e-005 -8.462947e-007
 7.775000e+001 -1.413202e-005 -8.152922e-007
 7.787500e+001 -1.503755e-005 -6.450766e-007
 7.800000e+001 -1.631326e-005 -7.685428e-007
 7.812500e+001 -1.782995e-005 -5.768361e-007
 7.825000e+001 -1.953754e-005 -5.242045e-007
 7.837500e+001 -2.146256e-005 -2.959875e-007
 7.850000e+001 -2.405986e-005 -1.508100e-007
 7.862500e+001 -2.726800e-005  2.169324e-007
 7.875000e+001 -3.120597e-005  1.205619e-006
 7.887500e+001 -3.648817e-005  2.634242e-006
 7.900000e+001 -4.335917e-005  4.653586e-006
 7.912500e+001 -5.388005e-005  8.439968e-006
 7.925000e+001 -6.882589e-005  1.687707e-005
 7.937500e+001 -9.252267e-005  3.852722e-005
 7.950000e+001 -1.167363e-004  9.896892e-005
 7.962500e+001 -4.615662e-005  2.213762e-004
 7.975000e+001  1.304736e-004  1.307678e-004
 7.987500e+001  9.000830e-005  4.599172e-005
 8.000000e+001  6.635093e-005  2.444897e-005
 8.012500e+001  5.253906e-005  1.627842e-005
 8.025000e+001  4.306459e-005  1.151003e-005
 8.037500e+001  3.666908e-005  8.715763e-006
 8.050000e+001  3.183744e-005  6.518861e-006
 8.062500e+001  2.808334e-005  5.578110e-006
 8.075000e+001  2.522956e-005  4.475779e-006
 8.087500e+001  2.284000e-005  3.614567e-006
 8.100000e+001  2.090037e-005  3.159485e-006
 8.112500e+001  1.928132e-005  2.733170e-006
 8.125000e+001  1.792660e-005  2.586439e-006
 8.137500e+001  1.691572e-005  2.143962e-006
 8.150000e+001  1.584452e-005  1.911262e-006
 8.162500e+001  1.496088e-005  1.677633e-006
 8.175000e+001  1.410232e-005  1.559620e-006
 8.187500e+001  1.324088e-005  1.338464e-006
 8.200000e+001  1.267079e-005  1.222528e-006
 8.212500e+001  1.213499e-005  1.163607e-006
 8.225000e+001  1.153909e-005  1.054943e-006
 8.237500e+001  1.104542e-005  9.921862e-007
 8.250000e+001  1.062508e-005  9.083730e-007
 8.262500e+001  1.026682e-005  8.428526e-007
 8.275000e+001  9.889885e-006  7.097108e-007
 8.287500e+001  9.624935e-006  7.660790e-007
 8.300000e+001  9.271212e-006  6.253932e-007
 8.312500e+001  8.930742e-006  5.362179e-007
 8.325000e+001  8.653173e-006  5.637778e-007
 8.337500e+001  8.435294e-006  4.814046e-007
 8.350000e+001  8.173559e-006  4.212230e-007
 8.362500e+001  7.972753e-006  4.180414e-007
 8.375000e+001  7.710655e-006  3.616772e-007
 8.387500e+001  7.517671e-006  4.236083e-007
 8.400000e+001  7.345960e-006  3.521589e-007
 8.412500e+001  7.146680e-006  2.780841e-007
 8.425000e+001  6.997182e-006  2.373083e-007
 8.437500e+001  6.850298e-006  2.232110e-007
 8.450000e+001  6.760423e-006  2.151910e-007
 8.462500e+001  6.549380e-006  1.400383e-007
 8.475000e+001  6.448958e-006  1.475565e-007
 8.487500e+001  6.355657e-006  1.892953e-007
 8.500000e+001  6.178999e-006  1.530466e-007
 8.512500e+001  6.077761e-006  1.117922e-007
 8.525000e+001  5.971736e-006  2.966783e-008
 8.537500e+001  5.828303e-006  1.047277e-007
 8.550000e+001  5.692429e-006  3.583531e-008
 8.562500e+001  5.578815e-006  2.654698e-009
 8.575000e+001  5.477432e-006 -7.571644e-008
 8.587500e+001  5.448621e-006 -2.211631e-008
 8.600000e+001  5.287971e-006 -2.161604e-008
 8.612500e+001  5.297066e-006 -1.862247e-008
 8.625000e+001  5.181372e-006  4.095645e-009
 8.637500e+001  5.057351e-006 -6.835622e-008
 8.650000e+001  5.064840e-006 -1.850177e-007
 8.662500e+001  4.980874e-006 -1.236884e-007
 8.675000e+001  4.894772e-006 -1.443176e-007
 8.687500e+001  4.793326e-006 -9.202399e-008
 8.700000e+001  4.706807e-006 -9.303610e-008
 8.712500e+001  4.666570e-006 -1.367515e-007
 8.725000e+001  4.682931e-006 -1.367147e-007
 8.737500e+001  4.604145e-006 -1.352742e-007
 8.750000e+001  4.504175e-006 -1.522051e-007
 8.762500e+001  4.365443e-006 -2.213465e-007
 8.775000e+001  4.386883e-006 -1.706654e-007
 8.787500e+001  4.244010e-006 -2.129399e-007
 8.800000e+001  4.260974e-006 -1.673806e-007
 8.812500e+001  4.198142e-006 -1.950374e-007
 8.825000e+001  4.149565e-006 -2.532364e-007
 8.837500e+001  4.063527e-006 -2.228009e-007
 8.850000e+001  4.024357e-006 -2.056024e-007
 8.862500e+001  3.969411e-006 -2.500077e-007
 8.875000e+001  3.973804e-006 -2.032488e-007
 8.887500e+001  3.861305e-006 -2.819440e-007
 8.900000e+001  3.848826e-006 -2.967186e-007
 8.912500e+001  3.861307e-006 -3.275176e-007
 8.925000e+001  3.744412e-006 -3.394173e-007
 8.937500e+001  3.790117e-006 -3.308074e-007
 8.950000e+001  3.681426e-006 -2.964629e-007
 8.962500e+001  3.654927e-006 -3.249901e-007
 8.975000e+001  3.583142e-006 -3.129798e-007
 8.987500e+001  3.557886e-006 -3.545341e-007
 9.000000e+001  3.543992e-006 -3.340216e-007
 9.012500e+001  3.509993e-006 -4.029277e-007
 9.025000e+001  3.534458e-006 -3.960651e-007
 9.037500e+001  3.423788e-006 -4.139473e-007
 9.050000e+001  3.366349e-006 -3.417910e-007
 9.062500e+001  3.351216e-006 -3.653193e-007
 9.075000e+001  3.336583e-006 -3.921894e-007
 9.087500e+001  3.261711e-006 -3.509275e-007
 9.100000e+001  3.254798e-006 -3.654490e-007
 9.112500e+001  3.200195e-006 -4.055603e-007
 9.125000e+001  3.144957e-006 -3.783140e-007
 9.137500e+001  3.154343e-006 -3.682627e-007
 9.150000e+001  3.198843e-006 -3.467108e-007
 9.162500e+001  3.150853e-006 -4.295393e-007
 9.175000e+001  3.097821e-006 -4.289034e-007
 9.187500e+001  3.083481e-006 -4.922231e-007
 9.200000e+001  3.010343e-006 -4.462609e-007
 9.212500e+001  2.995577e-006 -5.129806e-007
 9.225000e+001  3.018191e-006 -4.600460e-007
 9.237500e+001  2.963189e-006 -5.115687e-007
 9.250000e+001  2.917856e-006 -4.481311e-007
 9.262500e+001  2.911439e-006 -4.687976e-007
 9.275000e+001  2.931071e-006 -5.071765e-007
 9.287500e+001  2.929235e-006 -4.941810e-007
 9.300000e+001  2.817667e-006 -5.597130e-007
 9.312500e+001  2.832554e-006 -5.782039e-007
 9.325000e+001  2.795419e-006 -5.582222e-007
 9.337500e+001  2.763619e-006 -6.605226e-007
 9.350000e+001  2.736161e-006 -5.573358e-007
 9.362500e+001  2.697942e-006 -5.795266e-007
 9.375000e+001  2.659870e-006 -6.142428e-007
 9.387500e+001  2.633469e-006 -5.402694e-007
 9.400000e+001  2.601011e-006 -5.972712e-007
 9.412500e+001  2.629876e-006 -5.962004e-007
 9.425000e+001  2.620446e-006 -5.705335e-007
 9.437500e+001  2.631604e-006 -6.571166e-007
 9.450000e+001  2.551332e-006 -5.419407e-007
 9.462500e+001  2.511338e-006 -6.219623e-007
 9.475000e+001  2.523076e-006 -5.459832e-007
 9.487500e+001  2.461936e-006 -6.785615e-007
 9.500000e+001  2.455282e-006 -6.539682e-007
 9.512500e+001  2.458345e-006 -5.821416e-007
 9.525000e+001  2.463525e-006 -6.074234e-007
 9.537500e+001  2.423423e-006 -6.398512e-007
 9.550000e+001  2.403558e-006 -6.579789e-007
 9.562500e+001  2.390105e-006 -7.331962e-007
 9.575000e+001  2.319313e-006 -6.963291e-007
 9.587500e+001  2.327313e-006 -7.252101e-007
 9.600000e+001  2.312263e-006 -6.712585e-007
 9.612500e+001  2.263719e-006 -6.627384e-007
 9.625000e+001  2.235067e-006 -6.749369e-007
 9.637500e+001  2.268877e-006 -7.332809e-007
 9.650000e+001  2.223975e-006 -7.298332e-007
 9.662500e+001  2.228974e-006 -6.779205e-007
 9.675000e+001  2.181445e-006 -7.148107e-007
 9.687500e+001  2.217480e-006 -7.098948e-007
 9.700000e+001  2.162018e-006 -7.015467e-007
 9.712500e+001  2.137655e-006 -6.942861e-007
 9.725000e+001  2.145324e-006 -7.118461e-007
 9.737500e+001  2.094104e-006 -7.379738e-007
 9.750000e+001  2.088198e-006 -7.793790e-007
 9.762500e+001  2.072147e-006 -7.069900e-007
 9.775000e+001  2.037645e-006 -7.865972e-007
 9.787500e+001  2.019950e-006 -7.933637e-007
 9.800000e+001  2.029067e-006 -7.958199e-007
 9.812500e+001  1.956809e-006 -7.666821e-007
 9.825000e+001  1.986552e-006 -8.009979e-007
 9.837500e+001  2.015553e-006 -8.303488e-007
 9.850000e+001  1.980378e-006 -7.943833e-007
 9.862500e+001  1.888282e-006 -7.912420e-007
 9.875000e+001  1.859283e-006 -8.509780e-007
 9.887500e+001  1.874609e-006 -8.036794e-007
 9.900000e+001  1.899978e-006 -8.119657e-007
 9.912500e+001  1.843297e-006 -8.084024e-007
 9.925000e+001  1.831273e-006 -8.710162e-007
 9.937500e+001  1.810107e-006 -8.801645e-007
 9.950000e+001  1.784136e-006 -8.248058e-007
 9.962500e+001  1.783985e-006 -9.254970e-007
 9.975000e+001  1.773600e-006 -8.672486e-007
 9.987500e+001  1.803038e-006 -8.827658e-007
 1.000000e+002  1.737280e-006 -8.708212e-007
 1.001250e+002  1.653833e-006 -8.939871e-007
 1.002500e+002  1.653756e-006 -9.556108e-007
 1.003750e+002  1.692352e-006 -9.280130e-007
 1.005000e+002  1.644628e-006 -9.585595e-007
 1.006250e+002  1.704377e-006 -9.090196e-007
 1.007500e+002  1.597056e-006 -9.480941e-007
 1.008750e+002  1.586541e-006 -9.214232e-007
 1.010000e+002  1.570165e-006 -1.042768e-006
 1.011250e+002  1.587022e-006 -9.775561e-007
 1.012500e+002  1.562628e-006 -1.037069e-006
 1.013750e+002  1.528329e-006 -9.545799e-007
 1.015000e+002  1.518672e-006 -9.766277e-007
 1.016250e+002  1.535798e-006 -1.003394e-006
 1.017500e+002  1.479222e-006 -1.009280e-006
 1.018750e+002  1.420922e-006 -1.040329e-006
 1.020000e+002  1.318740e-006 -1.006180e-006
 1.021250e+002  1.268049e-006 -9.882208e-007
 1.022500e+002  1.168310e-006 -8.723202e-007
 1.023750e+002  1.405262e-006 -6.689453e-007
 1.025000e+002  1.469167e-006 -8.387544e-007
 1.026250e+002  1.368129e-006 -9.429384e-007
 1.027500e+002  1.367002e-006 -9.575635e-007
 1.028750e+002  1.405704e-006 -8.649620e-007
 1.030000e+002  1.373177e-006 -9.571285e-007
 1.031250e+002  1.402950e-006 -1.025517e-006
 1.032500e+002  1.325368e-006 -1.000877e-006
 1.033750e+002  1.347066e-006 -9.741740e-007
 1.035000e+002  1.320422e-006 -1.005998e-006
 1.036250e+002  1.303938e-006 -9.986637e-007
 1.037500e+002  1.258016e-006 -1.005990e-006
 1.038750e+002  1.283698e-006 -1.015805e-006
 1.040000e+002  1.240974e-006 -1.044638e-006
 1.041250e+002  1.194977e-006 -1.041206e-006
 1.042500e+002  1.184555e-006 -1.049019e-006
 1.043750e+002  1.209711e-006 -1.028633e-006
 1.045000e+002  1.161781e-006 -1.039615e-006
 1.046250e+002  1.105957e-006 -9.925703e-007
 1.047500e+002  1.044211e-006 -1.061321e-006
 1.048750e+002  1.179246e-006 -1.052829e-006
 1.050000e+002  1.085348e-006 -1.084603e-006
 1.051250e+002  1.112847e-006 -1.091265e-006
 1.052500e+002  1.081206e-006 -1.095398e-006
 1.053750e+002  9.733518e-007 -1.121162e-006
 1.055000e+002  1.037916e-006 -1.045702e-006
 1.056250e+002  9.838796e-007 -1.021161e-006
 1.057500e+002  9.414340e-007 -1.107468e-006
 1.058750e+002  9.777336e-007 -1.053738e-006
 1.060000e+002  9.615669e-007 -1.079313e-006
 1.061250e+002  9.335728e-007 -1.098995e-006
 1.062500e+002  9.563294e-007 -1.066851e-006
 1.063750e+002  8.295159e-007 -1.041840e-006
 1.065000e+002  8.527823e-007 -1.096235e-006
 1.066250e+002  9.250672e-007 -1.040974e-006
 1.067500e+002  8.796178e-007 -1.013501e-006
 1.068750e+002  8.503735e-007 -1.092347e-006
 1.070000e+002  8.133348e-007 -1.097958e-006
 1.071250e+002  8.241185e-007 -1.045368e-006
 1.072500e+002  8.025729e-007 -1.031784e-006
 1.073750e+002  7.523643e-007 -1.052204e-006
 1.075000e+002  7.516178e-007 -1.061965e-006
 1.076250e+002  8.115934e-007 -1.049796e-006
 1.077500e+002  7.503629e-007 -1.090685e-006
 1.078750e+002  7.800677e-007 -1.062669e-006
 1.080000e+002  6.862513e-007 -1.107709e-006
 1.081250e+002  6.599866e-007 -1.036439e-006
 1.082500e+002  6.853926e-007 -1.005654e-006
 1.083750e+002  6.563352e-007 -1.009450e-006
 1.085000e+002  6.538021e-007 -1.043964e-006
 1.086250e+002  6.099541e-007 -1.010947e-006
 1.087500e+002  6.488202e-007 -1.020736e-006
 1.088750e+002  6.067468e-007 -9.527975e-007
 1.090000e+002  5.996928e-007 -1.042255e-006
 1.091250e+002  6.203247e-007 -1.002328e-006
 1.092500e+002  5.622159e-007 -9.184349e-007
 1.093750e+002  5.894482e-007 -9.411639e-007
 1.095000e+002  5.587089e-007 -9.830894e-007
 1.096250e+002  5.570506e-007 -9.172213e-007
 1.097500e+002  5.003709e-007 -9.369842e-007
 1.098750e+002  4.791995e-007 -9.601772e-007
 1.100000e+002  5.144116e-007 -9.212258e-007
 1.101250e+002  4.831599e-007 -8.960307e-007
 1.102500e+002  5.032567e-007 -8.551086e-007
 1.103750e+002  4.701203e-007 -8.475986e-007
 1.105000e+002  4.838573e-007 -8.921826e-007
 1.106250e+002  4.551550e-007 -8.071965e-007
 1.107500e+002  4.350777e-007 -7.824511e-007
 1.108750e+002  4.517811e-007 -8.070563e-007
 1.110000e+002  4.537997e-007 -6.973245e-007
 1.111250e+002  4.405726e-007 -7.975662e-007
 1.112500e+002  4.252556e-007 -6.765783e-007
 1.113750e+002  5.588616e-007 -6.915206e-007
 1.115000e+002  5.113389e-007 -6.730128e-007
 1.116250e+002  5.385843e-007 -5.759713e-007
 1.117500e+002  5.293765e-007 -6.147382e-007
 1.118750e+002  6.267865e-007 -4.982639e-007
 1.120000e+002  6.899402e-007 -5.782582e-007
 1.121250e+002  7.856472e-007 -4.871895e-007
 1.122500e+002  8.696587e-007 -4.958021e-007
 1.123750e+002  1.029029e-006 -5.295226e-007
 1.125000e+002  1.111777e-006 -6.020894e-007
 1.126250e+002  1.259377e-006 -7.174244e-007
 1.127500e+002  1.365455e-006 -8.218863e-007
 1.128750e+002  1.340658e-006 -9.615628e-007
 1.130000e+002  1.294954e-006 -1.126757e-006
 1.131250e+002  1.232358e-006 -1.330001e-006
 1.132500e+002  1.223479e-006 -1.384363e-006
 1.133750e+002  1.106266e-006 -1.614833e-006
 1.135000e+002  9.987152e-007 -1.691828e-006
 1.136250e+002  8.228848e-007 -1.730093e-006
 1.137500e+002  7.805648e-007 -1.719504e-006
 1.138750e+002  6.294068e-007 -1.672094e-006
 1.140000e+002  5.481406e-007 -1.650157e-006
 1.141250e+002  4.692697e-007 -1.623383e-006
 1.142500e+002  2.890905e-007 -1.659049e-006
 1.143750e+002  3.488131e-007 -1.607233e-006
 1.145000e+002  3.052498e-007 -1.568310e-006
 1.146250e+002  2.272536e-007 -1.629809e-006
 1.147500e+002  1.510644e-007 -1.452215e-006
 1.148750e+002  1.918146e-007 -1.514686e-006
 1.150000e+002  5.671914e-008 -1.444360e-006
 1.151250e+002  1.349776e-007 -1.411051e-006
 1.152500e+002  5.154977e-008 -1.472991e-006
 1.153750e+002  3.934030e-008 -1.400873e-006
 1.155000e+002  2.138316e-008 -1.404735e-006
 1.156250e+002  3.002942e-009 -1.287355e-006
 1.157500e+002  3.549145e-010 -1.254334e-006
 1.158750e+002 -2.291001e-008 -1.309418e-006
 1.160000e+002 -6.608233e-008 -1.286601e-006
 1.161250e+002 -4.529610e-008 -1.302210e-006
 1.162500e+002 -6.775673e-008 -1.313732e-006
 1.163750e+002 -6.151328e-008 -1.281454e-006
 1.165000e+002 -9.645494e-008 -1.188802e-006
 1.166250e+002 -7.217852e-008 -1.157548e-006
 1.167500e+002 -1.332668e-007 -1.170377e-006
 1.168750e+002 -1.956962e-007 -1.151717e-006
 1.170000e+002 -1.522855e-007 -1.159342e-006
 1.171250e+002 -1.231116e-007 -1.118556e-006
 1.172500e+002 -1.700455e-007 -1.123033e-006
 1.173750e+002 -2.186185e-007 -1.071185e-006
 1.175000e+002 -1.472369e-007 -1.090857e-006
 1.176250e+002 -1.965594e-007 -1.041786e-006
 1.177500e+002 -1.873089e-007 -1.035111e-006
 1.178750e+002 -2.645472e-007 -1.023907e-006
 1.180000e+002 -2.313432e-007 -1.008261e-006
 1.181250e+002 -2.611640e-007 -9.858481e-007
 1.182500e+002 -2.783097e-007 -9.653194e-007
 1.183750e+002 -2.535071e-007 -9.502342e-007
 1.185000e+002 -1.980385e-007 -9.700878e-007
 1.186250e+002 -2.954364e-007 -9.323260e-007
 1.187500e+002 -3.050087e-007 -9.318239e-007
 1.188750e+002 -2.818083e-007 -8.790045e-007
 1.190000e+002 -2.618979e-007 -9.037316e-007
 1.191250e+002 -2.918941e-007 -8.947333e-007
 1.192500e+002 -2.660147e-007 -8.997320e-007
 1.193750e+002 -2.938226e-007 -9.026286e-007
 1.195000e+002 -2.933659e-007 -8.820279e-007
 1.196250e+002 -2.986805e-007 -8.731797e-007
 1.197500e+002 -3.594190e-007 -7.986387e-007
 1.198750e+002 -4.113063e-007 -7.918637e-007
 1.200000e+002 -3.555838e-007 -8.420979e-007
 1.201250e+002 -3.280377e-007 -7.675892e-007
 1.202500e+002 -3.877655e-007 -7.672946e-007
 1.203750e+002 -3.449117e-007 -7.412445e-007
 1.205000e+002 -3.829795e-007 -6.755989e-007
 1.206250e+002 -3.838858e-007 -7.196268e-007
 1.207500e+002 -3.691277e-007 -6.869568e-007
 1.208750e+002 -3.642877e-007 -6.699492e-007
 1.210000e+002 -3.838664e-007 -6.832207e-007
 1.211250e+002 -3.746682e-007 -6.652944e-007
 1.212500e+002 -3.616737e-007 -7.256940e-007
 1.213750e+002 -3.795298e-007 -6.451790e-007
 1.215000e+002 -3.684695e-007 -6.358600e-007
 1.216250e+002 -3.841216e-007 -6.767340e-007
 1.217500e+002 -3.856887e-007 -5.802897e-007
 1.218750e+002 -3.613716e-007 -5.508728e-007
 1.220000e+002 -4.046420e-007 -5.644891e-007
 1.221250e+002 -4.168768e-007 -5.563430e-007
 1.222500e+002 -4.179683e-007 -5.766692e-007
 1.223750e+002 -4.231343e-007 -5.309418e-007
 1.225000e+002 -4.021460e-007 -5.257352e-007
 1.226250e+002 -4.023387e-007 -5.257043e-007
 1.227500e+002 -4.055947e-007 -4.812724e-007
 1.228750e+002 -4.500793e-007 -4.913794e-007
 1.230000e+002 -4.004635e-007 -4.455006e-007
 1.231250e+002 -4.013344e-007 -4.575185e-007
 1.232500e+002 -4.300840e-007 -3.966884e-007
 1.233750e+002 -4.122147e-007 -4.204474e-007
 1.235000e+002 -4.528690e-007 -4.339868e-007
 1.236250e+002 -4.168729e-007 -3.967589e-007
 1.237500e+002 -4.153919e-007 -4.002761e-007
 1.238750e+002 -4.508055e-007 -3.924895e-007
 1.240000e+002 -4.124448e-007 -3.619889e-007
 1.241250e+002 -4.101704e-007 -3.703784e-007
 1.242500e+002 -4.286960e-007 -3.280860e-007
 1.243750e+002 -4.232743e-007 -3.352638e-007
 1.245000e+002 -4.516963e-007 -3.280603e-007
 1.246250e+002 -4.510862e-007 -3.147349e-007
 1.247500e+002 -4.486165e-007 -2.726902e-007
 1.248750e+002 -4.109770e-007 -2.501692e-007
 1.250000e+002 -4.474115e-007 -2.695026e-007
 1.251250e+002 -4.446611e-007 -2.396355e-007
 1.252500e+002 -4.316835e-007 -2.350141e-007
 1.253750e+002 -4.877318e-007 -2.307544e-007
 1.255000e+002 -3.849613e-007 -2.131148e-007
 1.256250e+002 -4.425162e-007 -2.009916e-007
 1.257500e+002 -4.225062e-007 -1.933596e-007
 1.258750e+002 -4.515883e-007 -2.026405e-007
 1.260000e+002 -4.347635e-007 -2.014587e-007
 1.261250e+002 -3.796291e-007 -1.617380e-007
 1.262500e+002 -4.006562e-007 -1.394538e-007
 1.263750e+002 -3.979512e-007 -1.566258e-007
 1.265000e+002 -4.114368e-007 -1.208379e-007
 1.266250e+002 -4.133679e-007 -1.096735e-007
 1.267500e+002 -4.264393e-007 -1.009813e-007
 1.268750e+002 -4.241969e-007 -1.294540e-007
 1.270000e+002 -4.267398e-007 -8.685733e-008
 1.271250e+002 -4.158693e-007 -7.612342e-008
 1.272500e+002 -3.756771e-007 -1.014092e-007
 1.273750e+002 -3.914790e-007 -6.825122e-008
 1.275000e+002 -4.246299e-007 -4.807584e-008
 1.276250e+002 -4.150074e-007 -4.330133e-008
 1.277500e+002 -4.009137e-007 -2.019331e-008
 1.278750e+002 -4.125266e-007 -6.502444e-009
 1.280000e+002 -4.404209e-007 -1.842361e-010
