 0.000000e+000  3.507017e-004  0.000000e+000
 2.500000e-001 -3.472577e-003  1.929098e-005
 5.000000e-001 -4.802644e-003  3.521954e-004
 7.500000e-001 -5.539292e-003  7.376928e-004
 1.000000e+000 -4.818803e-003  2.012709e-004
 1.250000e+000 -5.506555e-003 -2.848923e-004
 1.500000e+000 -5.433123e-003 -2.832936e-004
 1.750000e+000 -5.532389e-003  2.862499e-004
 2.000000e+000 -4.980647e-003  5.386341e-004
 2.250000e+000 -4.672143e-003  1.629491e-004
 2.500000e+000 -5.234161e-003 -8.574503e-004
 2.750000e+000 -5.676132e-003 -5.715057e-004
 3.000000e+000 -5.437614e-003 -3.319740e-004
 3.250000e+000 -9.383987e-003  3.551038e-003
 3.500000e+000 -4.984246e-003  1.124930e-003
 3.750000e+000 -4.957696e-003  6.217687e-004
 4.000000e+000 -5.220769e-003  5.499857e-004
 4.250000e+000 -5.317922e-003  7.460439e-004
 4.500000e+000 -5.248254e-003  4.130098e-004
 4.750000e+000 -5.494818e-003  3.299445e-004
 5.000000e+000 -5.588719e-003  4.370144e-004
 5.250000e+000 -5.206530e-003  3.632305e-004
 5.500000e+000 -5.665172e-003  5.162681e-004
 5.750000e+000 -6.210434e-003  3.142277e-004
 6.000000e+000 -5.126029e-003  2.229071e-003
 6.250000e+000 -4.393513e-003  4.226957e-004
 6.500000e+000 -5.259447e-003  2.763758e-004
 6.750000e+000 -5.062583e-003 -5.762267e-006
 7.000000e+000 -5.260376e-003 -1.232981e-004
 7.250000e+000 -5.380126e-003 -9.709504e-005
 7.500000e+000 -5.497638e-003  3.167113e-006
 7.750000e+000 -5.642044e-003  4.985307e-006
 8.000000e+000 -5.692753e-003  3.673871e-005
 8.250000e+000 -5.908042e-003 -5.084976e-005
 8.500000e+000 -5.986197e-003 -8.419040e-005
 8.750000e+000 -6.243170e-003  2.144517e-004
 9.000000e+000 -6.339058e-003  1.595088e-004
 9.250000e+000 -6.363755e-003  4.393655e-005
 9.500000e+000 -6.509266e-003  4.276217e-004
 9.750000e+000 -6.291805e-003  2.636571e-004
 1.000000e+001 -6.523708e-003  5.833492e-004
 1.025000e+001 -6.622801e-003  4.363197e-004
 1.050000e+001 -6.740157e-003  4.931479e-004
 1.075000e+001 -6.966790e-003  5.286789e-004
 1.100000e+001 -7.016660e-003  5.620054e-004
 1.125000e+001 -7.034018e-003  6.567998e-004
 1.150000e+001 -7.258309e-003  8.683023e-004
 1.175000e+001 -7.336164e-003  7.939850e-004
 1.200000e+001 -7.275709e-003  7.898097e-004
 1.225000e+001 -7.536276e-003  7.557924e-004
 1.250000e+001 -7.559982e-003  1.108690e-003
 1.275000e+001 -7.608920e-003  8.192834e-004
 1.300000e+001 -7.652674e-003  9.749363e-004
 1.325000e+001 -7.925938e-003  8.358048e-004
 1.350000e+001 -8.167763e-003  1.029063e-003
 1.375000e+001 -8.245938e-003  8.328785e-004
 1.400000e+001 -8.563332e-003  7.851506e-004
 1.425000e+001 -8.747863e-003  9.775951e-004
 1.450000e+001 -9.047640e-003  1.087790e-003
 1.475000e+001 -9.294030e-003  1.128160e-003
 1.500000e+001 -9.587727e-003  8.727207e-004
 1.525000e+001 -9.632633e-003  1.202470e-003
 1.550000e+001 -1.014338e-002  1.071566e-003
 1.575000e+001 -1.065324e-002  1.535722e-003
 1.600000e+001 -1.089400e-002  1.467604e-003
 1.625000e+001 -1.117426e-002  1.540203e-003
 1.650000e+001 -1.174809e-002  1.317211e-003
 1.675000e+001 -1.221237e-002  1.994801e-003
 1.700000e+001 -1.251443e-002  1.641899e-003
 1.725000e+001 -1.355197e-002  1.545515e-003
 1.750000e+001 -1.366673e-002  1.623767e-003
 1.775000e+001 -1.473746e-002  1.695829e-003
 1.800000e+001 -1.546037e-002  1.829510e-003
 1.825000e+001 -1.629057e-002  2.492281e-003
 1.850000e+001 -1.685427e-002  2.402309e-003
 1.875000e+001 -1.815758e-002  2.621116e-003
 1.900000e+001 -1.899755e-002  2.122265e-003
 1.925000e+001 -2.077252e-002  3.185884e-003
 1.950000e+001 -2.277319e-002  3.813619e-003
 1.975000e+001 -2.474364e-002  3.245430e-003
 2.000000e+001 -2.682983e-002  4.777608e-003
 2.025000e+001 -3.083217e-002  5.304184e-003
 2.050000e+001 -3.483418e-002  5.593097e-003
 2.075000e+001 -3.937337e-002  5.781427e-003
 2.100000e+001 -4.722479e-002  7.292111e-003
 2.125000e+001 -5.704348e-002  1.098479e-002
 2.150000e+001 -7.510177e-002  1.667120e-002
 2.175000e+001 -1.039315e-001  2.616808e-002
 2.200000e+001 -1.784127e-001  6.598769e-002
 2.225000e+001 -3.549147e-001  4.315304e-001
 2.250000e+001  3.585557e-001  1.719681e-002
 2.275000e+001  1.394223e-001 -7.679498e-003
 2.300000e+001  8.564657e-002 -7.800687e-003
 2.325000e+001  6.222243e-002 -6.156780e-003
 2.350000e+001  4.792177e-002 -5.938666e-003
 2.375000e+001  4.087572e-002 -3.707375e-003
 2.400000e+001  3.359830e-002 -4.122358e-003
 2.425000e+001  2.977334e-002 -3.643947e-003
 2.450000e+001  2.526751e-002 -3.145231e-003
 2.475000e+001  2.261401e-002 -2.748260e-003
 2.500000e+001  2.124053e-002 -2.680698e-003
 2.525000e+001  1.868278e-002 -2.552260e-003
 2.550000e+001  1.737084e-002 -2.077027e-003
 2.575000e+001  1.596867e-002 -1.877819e-003
 2.600000e+001  1.454339e-002 -1.429384e-003
 2.625000e+001  1.360298e-002 -1.592240e-003
 2.650000e+001  1.273845e-002 -1.473371e-003
 2.675000e+001  1.190201e-002 -1.473182e-003
 2.700000e+001  1.133514e-002 -1.346022e-003
 2.725000e+001  1.044642e-002 -1.279757e-003
 2.750000e+001  9.999111e-003 -1.451588e-003
 2.775000e+001  9.610571e-003 -1.183812e-003
 2.800000e+001  8.976399e-003 -1.019233e-003
 2.825000e+001  8.565239e-003 -9.970765e-004
 2.850000e+001  8.253224e-003 -1.018763e-003
 2.875000e+001  7.636302e-003 -1.105202e-003
 2.900000e+001  7.440101e-003 -7.593343e-004
 2.925000e+001  7.041652e-003 -8.718867e-004
 2.950000e+001  6.870613e-003 -9.502782e-004
 2.975000e+001  6.512814e-003 -6.842418e-004
 3.000000e+001  6.327713e-003 -6.357701e-004
 3.025000e+001  5.942587e-003 -6.632360e-004
 3.050000e+001  5.735515e-003 -6.309159e-004
 3.075000e+001  5.646149e-003 -6.332890e-004
 3.100000e+001  5.228825e-003 -6.236659e-004
 3.125000e+001  5.195217e-003 -6.145511e-004
 3.150000e+001  4.841900e-003 -4.582832e-004
 3.175000e+001  4.854717e-003 -5.062468e-004
 3.200000e+001  4.631761e-003 -4.292890e-004
 3.225000e+001  4.543310e-003 -5.020031e-004
 3.250000e+001  4.337118e-003 -4.108045e-004
 3.275000e+001  4.174319e-003 -5.148438e-004
 3.300000e+001  4.040331e-003 -4.298761e-004
 3.325000e+001  3.976729e-003 -3.424762e-004
 3.350000e+001  3.850680e-003 -2.636809e-004
 3.375000e+001  3.696147e-003 -3.649257e-004
 3.400000e+001  3.588069e-003 -4.227853e-004
 3.425000e+001  3.487351e-003 -3.255159e-004
 3.450000e+001  3.454938e-003 -2.594352e-004
 3.475000e+001  3.240141e-003 -2.469451e-004
 3.500000e+001  3.091541e-003 -2.040394e-004
 3.525000e+001  3.124196e-003 -2.708196e-004
 3.550000e+001  3.069844e-003 -1.470771e-004
 3.575000e+001  2.873283e-003 -1.865658e-004
 3.600000e+001  2.848049e-003 -2.133908e-004
 3.625000e+001  2.727707e-003 -2.036459e-004
 3.650000e+001  2.640966e-003 -1.892968e-004
 3.675000e+001  2.614121e-003 -1.731683e-004
 3.700000e+001  2.509862e-003 -1.007452e-004
 3.725000e+001  2.418114e-003 -1.883711e-004
 3.750000e+001  2.351030e-003 -1.742084e-004
 3.775000e+001  2.267323e-003 -8.397691e-005
 3.800000e+001  2.149061e-003 -1.221162e-004
 3.825000e+001  2.172612e-003 -1.683858e-004
 3.850000e+001  2.054668e-003 -1.158426e-004
 3.875000e+001  1.981769e-003 -1.991133e-005
 3.900000e+001  1.983348e-003 -7.130203e-005
 3.925000e+001  1.917502e-003 -4.530546e-005
 3.950000e+001  1.852386e-003 -2.867856e-005
 3.975000e+001  1.815955e-003 -4.624761e-005
 4.000000e+001  1.773309e-003 -7.927555e-005
 4.025000e+001  1.729150e-003 -7.284462e-005
 4.050000e+001  1.678969e-003 -6.502474e-005
 4.075000e+001  1.583616e-003 -6.064433e-005
 4.100000e+001  1.529888e-003  4.138618e-006
 4.125000e+001  1.472412e-003  1.125093e-005
 4.150000e+001  1.459380e-003  7.220873e-006
 4.175000e+001  1.386371e-003  2.979332e-005
 4.200000e+001  1.400189e-003  1.374647e-005
 4.225000e+001  1.319970e-003  6.735637e-005
 4.250000e+001  1.284407e-003  2.453800e-005
 4.275000e+001  1.239397e-003  2.309593e-005
 4.300000e+001  1.181944e-003  6.173363e-005
 4.325000e+001  1.154198e-003  7.892772e-005
 4.350000e+001  1.102898e-003  5.621774e-005
 4.375000e+001  1.080511e-003  4.934247e-005
 4.400000e+001  1.012836e-003  3.840298e-005
 4.425000e+001  9.995614e-004  6.358498e-005
 4.450000e+001  9.330701e-004  4.236067e-005
 4.475000e+001  8.418217e-004  1.192021e-004
 4.500000e+001  9.185937e-004  9.145335e-005
 4.525000e+001  8.237784e-004  1.106081e-004
 4.550000e+001  7.691241e-004  1.273152e-004
 4.575000e+001  7.886200e-004  9.505183e-005
 4.600000e+001  6.614090e-004  1.142390e-004
 4.625000e+001  6.946931e-004  1.122130e-004
 4.650000e+001  6.765509e-004  1.358459e-004
 4.675000e+001  6.043396e-004  1.222153e-004
 4.700000e+001  5.612151e-004  1.127659e-004
 4.725000e+001  5.686642e-004  1.166225e-004
 4.750000e+001  5.443964e-004  1.334470e-004
 4.775000e+001  5.109397e-004  1.337556e-004
 4.800000e+001  4.597331e-004  9.966180e-005
 4.825000e+001  4.585108e-004  1.256141e-004
 4.850000e+001  4.389965e-004  1.573419e-004
 4.875000e+001  3.895056e-004  1.552545e-004
 4.900000e+001  3.174299e-004  1.579201e-004
 4.925000e+001  3.085906e-004  1.579434e-004
 4.950000e+001  2.697012e-004  1.444998e-004
 4.975000e+001  2.178394e-004  1.896642e-004
 5.000000e+001  2.046164e-004  1.403218e-004
 5.025000e+001  1.601180e-004  1.094386e-004
 5.050000e+001  1.801196e-004  1.681593e-004
 5.075000e+001  1.162913e-004  1.556864e-004
 5.100000e+001  9.519218e-005  2.103300e-004
 5.125000e+001  8.706496e-005  1.978515e-004
 5.150000e+001  1.894267e-005  1.691315e-004
 5.175000e+001 -8.975891e-006  1.707340e-004
 5.200000e+001  1.190191e-005  1.757707e-004
 5.225000e+001 -1.540611e-006  1.967825e-004
 5.250000e+001 -9.748535e-005  1.850332e-004
 5.275000e+001 -1.188941e-004  1.778698e-004
 5.300000e+001 -1.447962e-004  1.851150e-004
 5.325000e+001 -1.928928e-004  1.947792e-004
 5.350000e+001 -2.064356e-004  1.929163e-004
 5.375000e+001 -2.211734e-004  1.846139e-004
 5.400000e+001 -2.756207e-004  1.664717e-004
 5.425000e+001 -2.579515e-004  2.117925e-004
 5.450000e+001 -2.900859e-004  2.015291e-004
 5.475000e+001 -3.666409e-004  2.326415e-004
 5.500000e+001 -3.487932e-004  1.875632e-004
 5.525000e+001 -3.990413e-004  1.721883e-004
 5.550000e+001 -4.341972e-004  1.653544e-004
 5.575000e+001 -4.719304e-004  1.415678e-004
 5.600000e+001 -5.423103e-004  1.314830e-004
 5.625000e+001 -6.100559e-004  1.979928e-004
 5.650000e+001 -6.573788e-004  1.629513e-004
 5.675000e+001 -6.762621e-004  1.870384e-004
 5.700000e+001 -7.369017e-004  2.159439e-004
 5.725000e+001 -7.286930e-004  2.355872e-004
 5.750000e+001 -7.910398e-004  2.589300e-004
 5.775000e+001 -7.746583e-004  1.913750e-004
 5.800000e+001 -8.508577e-004  2.511014e-004
 5.825000e+001 -8.710365e-004  2.369144e-004
 5.850000e+001 -8.794097e-004  2.806719e-004
 5.875000e+001 -9.221373e-004  2.109827e-004
 5.900000e+001 -9.940601e-004  2.119390e-004
 5.925000e+001 -1.045815e-003  2.650564e-004
 5.950000e+001 -1.073496e-003  2.926543e-004
 5.975000e+001 -1.113911e-003  2.549781e-004
 6.000000e+001 -1.162310e-003  2.887646e-004
 6.025000e+001 -1.157546e-003  2.126699e-004
 6.050000e+001 -1.213268e-003  2.737498e-004
 6.075000e+001 -1.270827e-003  2.660812e-004
 6.100000e+001 -1.356479e-003  2.830377e-004
 6.125000e+001 -1.391069e-003  3.112390e-004
 6.150000e+001 -1.416080e-003  3.085757e-004
 6.175000e+001 -1.426131e-003  2.690512e-004
 6.200000e+001 -1.514325e-003  3.237143e-004
 6.225000e+001 -1.611450e-003  3.157712e-004
 6.250000e+001 -1.626819e-003  2.840955e-004
 6.275000e+001 -1.714642e-003  2.870760e-004
 6.300000e+001 -1.737380e-003  2.752877e-004
 6.325000e+001 -1.807055e-003  2.619014e-004
 6.350000e+001 -1.887290e-003  3.308999e-004
 6.375000e+001 -1.963097e-003  3.785781e-004
 6.400000e+001 -2.018828e-003  3.808423e-004
 6.425000e+001 -2.125918e-003  2.536821e-004
 6.450000e+001 -2.166033e-003  3.227180e-004
 6.475000e+001 -2.271524e-003  3.746958e-004
 6.500000e+001 -2.335466e-003  3.961064e-004
 6.525000e+001 -2.438879e-003  4.012213e-004
 6.550000e+001 -2.618333e-003  4.394753e-004
 6.575000e+001 -2.608978e-003  4.194083e-004
 6.600000e+001 -2.709699e-003  4.409300e-004
 6.625000e+001 -2.736842e-003  4.303075e-004
 6.650000e+001 -2.946366e-003  3.397444e-004
 6.675000e+001 -3.095180e-003  4.064529e-004
 6.700000e+001 -3.075966e-003  4.215150e-004
 6.725000e+001 -3.396944e-003  3.580014e-004
 6.750000e+001 -3.598780e-003  5.297180e-004
 6.775000e+001 -3.725622e-003  4.637059e-004
 6.800000e+001 -3.781307e-003  7.084564e-004
 6.825000e+001 -4.061053e-003  5.702111e-004
 6.850000e+001 -4.165834e-003  4.825374e-004
 6.875000e+001 -4.280044e-003  7.435089e-004
 6.900000e+001 -4.690706e-003  6.970672e-004
 6.925000e+001 -4.840422e-003  8.182367e-004
 6.950000e+001 -5.208444e-003  8.435120e-004
 6.975000e+001 -5.562082e-003  8.336892e-004
 7.000000e+001 -5.889951e-003  7.336212e-004
 7.025000e+001 -6.053726e-003  1.026396e-003
 7.050000e+001 -6.634593e-003  1.080450e-003
 7.075000e+001 -7.273945e-003  1.283650e-003
 7.100000e+001 -7.802243e-003  1.505948e-003
 7.125000e+001 -8.390449e-003  1.754048e-003
 7.150000e+001 -9.061342e-003  2.069808e-003
 7.175000e+001 -1.010070e-002  2.429841e-003
 7.200000e+001 -1.146302e-002  3.008028e-003
 7.225000e+001 -1.280978e-002  3.882955e-003
 7.250000e+001 -1.424682e-002  4.913198e-003
 7.275000e+001 -1.625976e-002  6.360608e-003
 7.300000e+001 -1.808931e-002  8.767140e-003
 7.325000e+001 -2.089843e-002  1.214191e-002
 7.350000e+001 -2.288592e-002  1.812054e-002
 7.375000e+001 -2.318930e-002  2.766489e-002
 7.400000e+001 -2.083858e-002  3.947859e-002
 7.425000e+001 -4.957829e-003  5.355299e-002
 7.450000e+001  2.355289e-002  5.523369e-002
 7.475000e+001  3.896463e-002  2.663314e-002
 7.500000e+001  2.901345e-002  8.844992e-003
 7.525000e+001  2.193077e-002  5.648694e-003
 7.550000e+001  1.803014e-002  4.260124e-003
 7.575000e+001  1.505106e-002  3.459128e-003
 7.600000e+001  1.307059e-002  2.529855e-003
 7.625000e+001  1.169569e-002  2.254198e-003
 7.650000e+001  1.045638e-002  1.619019e-003
 7.675000e+001  9.658050e-003  1.702788e-003
 7.700000e+001  8.977338e-003  1.372061e-003
 7.725000e+001  7.909495e-003  1.260514e-003
 7.750000e+001  7.284825e-003  1.122383e-003
 7.775000e+001  6.785252e-003  9.827136e-004
 7.800000e+001  6.266201e-003  8.389635e-004
 7.825000e+001  6.104065e-003  7.763122e-004
 7.850000e+001  5.816156e-003  7.437174e-004
 7.875000e+001  5.505121e-003  8.140625e-004
 7.900000e+001  5.155059e-003  7.081365e-004
 7.925000e+001  4.719763e-003  5.806521e-004
 7.950000e+001  4.647017e-003  5.480504e-004
 7.975000e+001  4.381162e-003  6.647613e-004
 8.000000e+001  4.138114e-003  4.836190e-004
 8.025000e+001  3.952220e-003  5.019029e-004
 8.050000e+001  3.788338e-003  5.560486e-004
 8.075000e+001  3.673777e-003  4.495160e-004
 8.100000e+001  3.448938e-003  4.408960e-004
 8.125000e+001  3.409476e-003  5.470232e-004
 8.150000e+001  3.305200e-003  4.881920e-004
 8.175000e+001  3.174881e-003  5.137289e-004
 8.200000e+001  3.097840e-003  4.146484e-004
 8.225000e+001  2.991901e-003  3.033531e-004
 8.250000e+001  2.833333e-003  4.437643e-004
 8.275000e+001  2.753675e-003  3.980986e-004
 8.300000e+001  2.717013e-003  4.280104e-004
 8.325000e+001  2.617413e-003  3.888935e-004
 8.350000e+001  2.488311e-003  4.261867e-004
 8.375000e+001  2.382584e-003  3.528958e-004
 8.400000e+001  2.367753e-003  3.779953e-004
 8.425000e+001  2.251893e-003  3.921825e-004
 8.450000e+001  2.194843e-003  3.810763e-004
 8.475000e+001  2.148769e-003  3.268981e-004
 8.500000e+001  2.018303e-003  3.708992e-004
 8.525000e+001  1.983150e-003  3.665003e-004
 8.550000e+001  1.865335e-003  3.453140e-004
 8.575000e+001  1.917616e-003  4.059174e-004
 8.600000e+001  1.783501e-003  4.215470e-004
 8.625000e+001  1.712378e-003  3.391826e-004
 8.650000e+001  1.728795e-003  3.606063e-004
 8.675000e+001  1.620757e-003  3.813109e-004
 8.700000e+001  1.547443e-003  3.948636e-004
 8.725000e+001  1.509994e-003  3.565269e-004
 8.750000e+001  1.398605e-003  3.509684e-004
 8.775000e+001  1.340102e-003  3.693319e-004
 8.800000e+001  1.302678e-003  4.331982e-004
 8.825000e+001  1.279246e-003  3.911301e-004
 8.850000e+001  1.173283e-003  4.148534e-004
 8.875000e+001  1.081734e-003  4.414927e-004
 8.900000e+001  1.023293e-003  4.266118e-004
 8.925000e+001  8.874630e-004  4.935818e-004
 8.950000e+001  8.284921e-004  4.862764e-004
 8.975000e+001  7.826293e-004  5.510743e-004
 9.000000e+001  6.019778e-004  6.088047e-004
 9.025000e+001  4.782613e-004  7.094657e-004
 9.050000e+001  3.870686e-004  8.081245e-004
 9.075000e+001  2.254433e-004  9.581633e-004
 9.100000e+001  7.503668e-005  1.224130e-003
 9.125000e+001 -6.905164e-005  1.481962e-003
 9.150000e+001 -1.627160e-004  1.875231e-003
 9.175000e+001 -1.580499e-004  2.417956e-003
 9.200000e+001 -5.543606e-005  3.189671e-003
 9.225000e+001  6.947111e-004  4.004840e-003
 9.250000e+001  2.179311e-003  4.553533e-003
 9.275000e+001  3.908281e-003  3.815577e-003
 9.300000e+001  4.502205e-003  1.863437e-003
 9.325000e+001  3.827604e-003  8.288091e-004
 9.350000e+001  3.258554e-003  5.829068e-004
 9.375000e+001  2.923337e-003  3.711433e-004
 9.400000e+001  2.705002e-003  3.000645e-004
 9.425000e+001  2.458353e-003  2.658425e-004
 9.450000e+001  2.350239e-003  1.871949e-004
 9.475000e+001  2.221660e-003  2.036920e-004
 9.500000e+001  2.094266e-003  1.510740e-004
 9.525000e+001  2.014563e-003  1.294041e-004
 9.550000e+001  1.939811e-003  9.303323e-005
 9.575000e+001  1.861239e-003  7.725069e-005
 9.600000e+001  1.793905e-003  7.340531e-005
 9.625000e+001  1.732100e-003  9.009199e-005
 9.650000e+001  1.642637e-003  1.043863e-004
 9.675000e+001  1.615210e-003  9.686935e-005
 9.700000e+001  1.603259e-003  1.277546e-004
 9.725000e+001  1.581833e-003  8.245814e-005
 9.750000e+001  1.505816e-003  9.908658e-005
 9.775000e+001  1.511047e-003  7.554446e-005
 9.800000e+001  1.491328e-003  7.297867e-005
 9.825000e+001  1.472656e-003  9.370185e-005
 9.850000e+001  1.396976e-003  7.878382e-005
 9.875000e+001  1.367908e-003  6.878213e-005
 9.900000e+001  1.356490e-003  6.916934e-005
 9.925000e+001  1.330980e-003  4.291170e-005
 9.950000e+001  1.273938e-003  2.889767e-005
 9.975000e+001  1.267466e-003  8.413780e-005
 1.000000e+002  1.253270e-003  5.395557e-005
 1.002500e+002  1.247942e-003  4.506977e-005
 1.005000e+002  1.231289e-003  1.240855e-005
 1.007500e+002  1.204481e-003  4.258967e-005
 1.010000e+002  1.205360e-003  3.790898e-005
 1.012500e+002  1.122220e-003  6.305964e-005
 1.015000e+002  1.153229e-003  4.120260e-005
 1.017500e+002  1.112139e-003  2.313510e-005
 1.020000e+002  1.132045e-003  9.253693e-006
 1.022500e+002  1.123305e-003  2.493105e-005
 1.025000e+002  1.082114e-003  2.509117e-005
 1.027500e+002  1.038181e-003  1.193571e-005
 1.030000e+002  1.039282e-003 -3.594524e-006
 1.032500e+002  1.048954e-003  1.383733e-005
 1.035000e+002  1.019388e-003  2.737253e-005
 1.037500e+002  1.005811e-003  3.981155e-005
 1.040000e+002  9.815255e-004  3.956248e-005
 1.042500e+002  9.987309e-004  4.619382e-005
 1.045000e+002  9.633200e-004  9.532527e-006
 1.047500e+002  9.844641e-004  4.651199e-005
 1.050000e+002  9.436392e-004  2.416540e-005
 1.052500e+002  9.395311e-004  1.316377e-005
 1.055000e+002  9.286259e-004  7.875257e-006
 1.057500e+002  9.222974e-004  1.530506e-005
 1.060000e+002  9.136611e-004 -7.395752e-006
 1.062500e+002  9.258683e-004  1.598723e-005
 1.065000e+002  9.446521e-004 -3.305234e-006
 1.067500e+002  8.881962e-004 -1.963123e-006
 1.070000e+002  8.875756e-004 -6.510241e-006
 1.072500e+002  9.077172e-004 -1.934203e-005
 1.075000e+002  8.542825e-004  1.358491e-005
 1.077500e+002  8.193762e-004 -3.384749e-005
 1.080000e+002  7.839417e-004 -1.792605e-005
 1.082500e+002  8.277325e-004 -8.150698e-006
 1.085000e+002  7.986921e-004 -7.097421e-006
 1.087500e+002  8.501103e-004  2.172484e-005
 1.090000e+002  8.117499e-004 -3.847708e-005
 1.092500e+002  7.961915e-004 -4.114918e-006
 1.095000e+002  8.016831e-004  6.327755e-006
 1.097500e+002  7.978634e-004  1.750983e-005
 1.100000e+002  7.620434e-004 -3.420194e-005
 1.102500e+002  7.846686e-004 -6.949659e-006
 1.105000e+002  7.724951e-004 -3.116874e-005
 1.107500e+002  7.382861e-004 -5.429701e-005
 1.110000e+002  7.784824e-004 -5.142123e-005
 1.112500e+002  7.417193e-004 -4.703777e-005
 1.115000e+002  7.661633e-004 -5.969563e-005
 1.117500e+002  6.959347e-004 -5.593818e-005
 1.120000e+002  7.100131e-004 -1.561299e-005
 1.122500e+002  7.336357e-004 -5.187591e-005
 1.125000e+002  7.479192e-004 -2.824720e-005
 1.127500e+002  7.131218e-004 -5.261814e-006
 1.130000e+002  6.862381e-004  3.949543e-006
 1.132500e+002  6.868113e-004 -4.899449e-005
 1.135000e+002  7.081065e-004 -4.687850e-005
 1.137500e+002  7.271004e-004 -6.743953e-005
 1.140000e+002  6.624418e-004 -7.658622e-005
 1.142500e+002  6.595771e-004 -1.208577e-004
 1.145000e+002  6.294510e-004 -3.665419e-005
 1.147500e+002  6.099775e-004 -5.039070e-005
 1.150000e+002  5.760638e-004 -4.607393e-005
 1.152500e+002  6.241337e-004 -7.311202e-005
 1.155000e+002  6.228525e-004 -6.204606e-005
 1.157500e+002  6.032540e-004 -2.933578e-005
 1.160000e+002  6.295679e-004 -4.972528e-005
 1.162500e+002  5.874281e-004 -6.697508e-005
 1.165000e+002  6.231260e-004 -8.531926e-005
 1.167500e+002  6.266805e-004 -3.016487e-005
 1.170000e+002  5.838559e-004 -5.739318e-005
 1.172500e+002  5.872366e-004 -6.753650e-005
 1.175000e+002  5.579407e-004 -6.986309e-005
 1.177500e+002  5.607440e-004 -5.696346e-005
 1.180000e+002  5.692594e-004 -3.395060e-005
 1.182500e+002  5.762879e-004 -1.091756e-004
 1.185000e+002  6.034719e-004 -4.029055e-005
 1.187500e+002  5.886632e-004 -6.871376e-005
 1.190000e+002  5.805578e-004 -6.771494e-005
 1.192500e+002  5.029274e-004 -7.485584e-005
 1.195000e+002  5.308314e-004 -4.490694e-005
 1.197500e+002  5.368465e-004 -8.793396e-005
 1.200000e+002  5.190736e-004 -8.287005e-005
 1.202500e+002  5.254854e-004 -7.850962e-005
 1.205000e+002  5.278447e-004 -6.235881e-005
 1.207500e+002  5.722423e-004 -1.409223e-004
 1.210000e+002  4.470239e-004 -6.150949e-005
 1.212500e+002  5.768293e-004 -1.065470e-004
 1.215000e+002  5.370597e-004 -2.612280e-005
 1.217500e+002  5.530533e-004 -9.623145e-005
 1.220000e+002  5.145259e-004 -6.291898e-005
 1.222500e+002  4.878639e-004 -7.713839e-005
 1.225000e+002  4.675365e-004 -9.579658e-005
 1.227500e+002  5.302231e-004 -9.478876e-005
 1.230000e+002  5.065659e-004 -1.408787e-004
 1.232500e+002  5.100765e-004 -8.836938e-005
 1.235000e+002  4.670497e-004 -1.007864e-004
 1.237500e+002  5.113377e-004 -9.058868e-005
 1.240000e+002  5.190093e-004 -1.212461e-004
 1.242500e+002  4.910558e-004 -1.109508e-004
 1.245000e+002  4.702679e-004 -1.569912e-004
 1.247500e+002  4.794745e-004 -1.559160e-004
 1.250000e+002  4.625409e-004 -1.108907e-004
 1.252500e+002  4.213692e-004 -1.103704e-004
 1.255000e+002  4.987819e-004 -1.163265e-004
 1.257500e+002  4.677044e-004 -1.079938e-004
 1.260000e+002  4.853206e-004 -9.871233e-005
 1.262500e+002  4.963522e-004 -1.695949e-004
 1.265000e+002  4.294443e-004 -1.204736e-004
 1.267500e+002  4.438930e-004 -1.081674e-004
 1.270000e+002  4.802515e-004 -1.297577e-004
 1.272500e+002  4.488203e-004 -1.583356e-004
 1.275000e+002  4.170024e-004 -1.361819e-004
 1.277500e+002  4.630064e-004 -9.846938e-005
 1.280000e+002  4.500769e-004 -1.402150e-004
 1.282500e+002  5.093257e-004 -1.464432e-004
 1.285000e+002  4.403645e-004 -1.329422e-004
 1.287500e+002  4.350801e-004 -1.281572e-004
 1.290000e+002  4.677513e-004 -1.286107e-004
 1.292500e+002  4.918259e-004 -1.555091e-004
 1.295000e+002  4.909312e-004 -9.101723e-005
 1.297500e+002  4.533097e-004 -1.075809e-004
 1.300000e+002  5.030728e-004 -1.073534e-004
 1.302500e+002  4.043925e-004 -1.115889e-004
 1.305000e+002  5.051784e-004 -1.699353e-004
 1.307500e+002  4.570288e-004 -1.515913e-004
 1.310000e+002  4.312527e-004 -1.883767e-004
 1.312500e+002  4.800826e-004 -1.204167e-004
 1.315000e+002  4.090749e-004 -1.414185e-004
 1.317500e+002  4.318773e-004 -1.239362e-004
 1.320000e+002  4.789512e-004 -1.880060e-004
 1.322500e+002  4.493520e-004 -1.365077e-004
 1.325000e+002  4.202346e-004 -1.658492e-004
 1.327500e+002  4.490337e-004 -1.672458e-004
 1.330000e+002  4.221528e-004 -1.395458e-004
 1.332500e+002  4.311651e-004 -1.381899e-004
 1.335000e+002  4.097456e-004 -1.096087e-004
 1.337500e+002  4.538970e-004 -2.209809e-004
 1.340000e+002  4.877370e-004 -1.377163e-004
 1.342500e+002  4.305372e-004 -2.144095e-004
 1.345000e+002  3.993866e-004 -1.702174e-004
 1.347500e+002  4.288392e-004 -1.359026e-004
 1.350000e+002  4.128602e-004 -1.189014e-004
 1.352500e+002  4.340229e-004 -1.215138e-004
 1.355000e+002  3.933376e-004 -1.453144e-004
 1.357500e+002  4.409784e-004 -1.833721e-004
 1.360000e+002  5.113545e-004 -1.388979e-004
 1.362500e+002  4.409464e-004 -1.740720e-004
 1.365000e+002  4.137751e-004 -1.756486e-004
 1.367500e+002  4.134427e-004 -2.000285e-004
 1.370000e+002  4.342780e-004 -1.785068e-004
 1.372500e+002  4.018801e-004 -1.647592e-004
 1.375000e+002  4.489733e-004 -1.379071e-004
 1.377500e+002  4.612203e-004 -1.693586e-004
 1.380000e+002  3.978903e-004 -1.822991e-004
 1.382500e+002  4.400151e-004 -1.450093e-004
 1.385000e+002  4.040744e-004 -1.616661e-004
 1.387500e+002  4.583177e-004 -1.450266e-004
 1.390000e+002  4.208810e-004 -1.356332e-004
 1.392500e+002  4.438178e-004 -1.159043e-004
 1.395000e+002  3.867679e-004 -1.531799e-004
 1.397500e+002  4.336097e-004 -1.869063e-004
 1.400000e+002  4.267146e-004 -1.265573e-004
 1.402500e+002  4.256706e-004 -1.626754e-004
 1.405000e+002  3.778797e-004 -1.466841e-004
 1.407500e+002  4.691767e-004 -1.369797e-004
 1.410000e+002  4.424850e-004 -1.191398e-004
 1.412500e+002  3.971989e-004 -1.749797e-004
 1.415000e+002  4.130947e-004 -1.661135e-004
 1.417500e+002  4.311520e-004 -1.772011e-004
 1.420000e+002  4.662586e-004 -1.253558e-004
 1.422500e+002  3.694817e-004 -1.171682e-004
 1.425000e+002  4.438697e-004 -1.001914e-004
 1.427500e+002  3.982162e-004 -1.273064e-004
 1.430000e+002  4.581261e-004 -1.143050e-004
 1.432500e+002  4.005983e-004 -1.222403e-004
 1.435000e+002  4.166245e-004 -1.073661e-004
 1.437500e+002  4.560994e-004 -1.282775e-004
 1.440000e+002  4.028258e-004 -1.515768e-004
 1.442500e+002  3.742358e-004 -1.426605e-004
 1.445000e+002  3.639038e-004 -1.140977e-004
 1.447500e+002  4.060080e-004 -1.173616e-004
 1.450000e+002  3.844891e-004 -1.561675e-004
 1.452500e+002  4.149499e-004 -1.492716e-004
 1.455000e+002  3.651422e-004 -1.553048e-004
 1.457500e+002  4.192456e-004 -1.723108e-004
 1.460000e+002  4.125027e-004 -1.156888e-004
 1.462500e+002  3.603574e-004 -1.512161e-004
 1.465000e+002  3.765193e-004 -1.151337e-004
 1.467500e+002  4.082744e-004 -1.260133e-004
 1.470000e+002  3.817673e-004 -1.291331e-004
 1.472500e+002  4.008924e-004 -1.997055e-004
 1.475000e+002  3.735940e-004 -1.354065e-004
 1.477500e+002  4.213914e-004 -1.531357e-004
 1.480000e+002  4.021169e-004 -1.404642e-004
 1.482500e+002  3.493670e-004 -1.291700e-004
 1.485000e+002  4.084289e-004 -1.765149e-004
 1.487500e+002  4.292969e-004 -1.288130e-004
 1.490000e+002  3.434015e-004 -8.603097e-005
 1.492500e+002  3.743805e-004 -4.126829e-005
 1.495000e+002  4.132428e-004 -1.083086e-004
 1.497500e+002  3.441991e-004 -9.795688e-005
 1.500000e+002  4.089537e-004 -4.975683e-005
 1.502500e+002  3.947018e-004 -8.128300e-005
 1.505000e+002  3.602854e-004 -1.228054e-004
 1.507500e+002  3.539354e-004 -9.065109e-005
 1.510000e+002  3.840632e-004 -1.440663e-004
 1.512500e+002  4.145869e-004 -1.261025e-004
 1.515000e+002  3.936397e-004 -1.049556e-004
 1.517500e+002  3.663176e-004 -1.397977e-004
 1.520000e+002  4.135839e-004 -8.839795e-005
 1.522500e+002  3.822460e-004 -1.247779e-004
 1.525000e+002  3.851225e-004 -9.892802e-005
 1.527500e+002  3.971828e-004 -9.856030e-005
 1.530000e+002  3.943079e-004 -9.910291e-005
 1.532500e+002  3.970226e-004 -9.428983e-005
 1.535000e+002  3.924707e-004 -1.033449e-004
 1.537500e+002  3.802128e-004 -8.811015e-005
 1.540000e+002  3.497329e-004 -9.070239e-005
 1.542500e+002  4.100214e-004 -5.452031e-005
 1.545000e+002  3.627106e-004 -3.995222e-005
 1.547500e+002  3.583123e-004 -9.541489e-005
 1.550000e+002  3.810369e-004 -4.771662e-005
 1.552500e+002  3.683284e-004 -4.533488e-005
 1.555000e+002  4.093822e-004 -8.012872e-005
 1.557500e+002  4.037576e-004 -9.529377e-005
 1.560000e+002  3.124574e-004 -6.711101e-005
 1.562500e+002  4.041777e-004 -4.359005e-005
 1.565000e+002  3.541842e-004 -4.455599e-005
 1.567500e+002  3.409800e-004 -4.129868e-005
 1.570000e+002  3.296770e-004 -6.325953e-005
 1.572500e+002  3.380324e-004 -4.648626e-005
 1.575000e+002  3.241994e-004 -5.546103e-005
 1.577500e+002  3.824653e-004 -2.140122e-005
 1.580000e+002  3.645204e-004 -2.935961e-005
 1.582500e+002  3.734876e-004 -4.776150e-005
 1.585000e+002  3.995739e-004 -4.181428e-005
 1.587500e+002  3.338851e-004 -6.004404e-006
 1.590000e+002  3.625669e-004 -4.672850e-005
 1.592500e+002  3.049023e-004  1.508484e-005
 1.595000e+002  3.408805e-004  3.145095e-006
 1.597500e+002  3.567253e-004  1.659710e-005
 1.600000e+002  4.258585e-004 -2.895493e-005
 1.602500e+002  3.101885e-004  4.404637e-005
 1.605000e+002  3.656479e-004 -2.376298e-005
 1.607500e+002  3.839054e-004  2.879321e-005
 1.610000e+002  3.364846e-004  1.424755e-005
 1.612500e+002  3.309600e-004 -1.215668e-006
 1.615000e+002  3.325717e-004  5.222014e-005
 1.617500e+002  3.222395e-004  4.791930e-005
 1.620000e+002  3.379551e-004  6.006069e-006
 1.622500e+002  3.425262e-004  3.069451e-005
 1.625000e+002  3.638928e-004  4.875185e-005
 1.627500e+002  3.778443e-004  4.682788e-005
 1.630000e+002  3.519260e-004  1.195030e-004
 1.632500e+002  3.607082e-004  1.020277e-004
 1.635000e+002  3.319464e-004  9.501265e-005
 1.637500e+002  3.840883e-004  1.385124e-004
 1.640000e+002  4.142805e-004  1.162404e-004
 1.642500e+002  4.199116e-004  9.074555e-005
 1.645000e+002  4.169663e-004  1.380133e-004
 1.647500e+002  4.043340e-004  1.220715e-004
 1.650000e+002  4.490643e-004  9.688293e-005
 1.652500e+002  4.924419e-004  1.165640e-004
 1.655000e+002  3.961792e-004  7.054170e-005
 1.657500e+002  4.849468e-004  6.599484e-005
 1.660000e+002  4.620175e-004  5.899259e-005
 1.662500e+002  4.618402e-004  4.975501e-005
 1.665000e+002  4.945863e-004  7.950220e-005
 1.667500e+002  5.170698e-004  3.808095e-005
 1.670000e+002  4.920382e-004  5.111014e-006
 1.672500e+002  4.696499e-004  4.698184e-005
 1.675000e+002  4.625898e-004  6.754944e-005
 1.677500e+002  4.551465e-004  3.526917e-005
 1.680000e+002  4.292917e-004 -1.488842e-005
 1.682500e+002  4.530506e-004  6.134301e-005
 1.685000e+002  4.536775e-004  3.524151e-005
 1.687500e+002  4.640118e-004  3.898753e-006
 1.690000e+002  4.403188e-004 -1.031858e-005
 1.692500e+002  4.118557e-004 -2.648095e-005
 1.695000e+002  4.176764e-004  4.901818e-005
 1.697500e+002  5.275988e-004  3.098272e-005
 1.700000e+002  4.511775e-004  2.666432e-005
 1.702500e+002  4.499906e-004  3.916607e-005
 1.705000e+002  4.422373e-004  3.706105e-005
 1.707500e+002  4.313152e-004 -1.433726e-005
 1.710000e+002  4.227556e-004  3.864079e-006
 1.712500e+002  4.039718e-004  3.136705e-005
 1.715000e+002  4.380450e-004  7.874319e-006
 1.717500e+002  4.239797e-004  4.312438e-005
 1.720000e+002  4.384351e-004  2.135584e-005
 1.722500e+002  3.790678e-004  6.598410e-005
 1.725000e+002  4.244087e-004  2.682522e-005
 1.727500e+002  4.039117e-004 -4.749452e-006
 1.730000e+002  4.491495e-004  5.070159e-005
 1.732500e+002  4.430195e-004  5.719526e-005
 1.735000e+002  3.759393e-004  9.220841e-006
 1.737500e+002  4.025021e-004  1.027767e-004
 1.740000e+002  3.957459e-004 -2.227205e-005
 1.742500e+002  3.964023e-004  3.146680e-006
 1.745000e+002  3.932366e-004  2.183644e-005
 1.747500e+002  4.151599e-004  4.988234e-006
 1.750000e+002  3.874676e-004  2.546401e-005
 1.752500e+002  4.088451e-004  3.010140e-005
 1.755000e+002  3.890231e-004  9.874325e-005
 1.757500e+002  3.523522e-004  3.991090e-005
 1.760000e+002  3.882445e-004  9.297375e-006
 1.762500e+002  4.188862e-004  4.916263e-005
 1.765000e+002  3.803708e-004  2.303088e-005
 1.767500e+002  3.881703e-004  1.238219e-004
 1.770000e+002  4.333960e-004  2.941585e-005
 1.772500e+002  3.986661e-004  3.462524e-005
 1.775000e+002  4.138014e-004 -4.736967e-007
 1.777500e+002  3.462128e-004  6.411600e-005
 1.780000e+002  4.422377e-004  1.323895e-004
 1.782500e+002  3.475590e-004  4.631237e-005
 1.785000e+002  4.356335e-004  1.209033e-004
 1.787500e+002  3.485458e-004  2.251665e-007
 1.790000e+002  3.785793e-004  6.937894e-005
 1.792500e+002  3.447509e-004  3.903549e-005
 1.795000e+002  4.353846e-004  3.825862e-005
 1.797500e+002  4.000284e-004  7.228808e-005
 1.800000e+002  3.487890e-004  6.032854e-005
 1.802500e+002  3.690538e-004 -3.844867e-006
 1.805000e+002  3.728331e-004  9.298804e-005
 1.807500e+002  4.038964e-004  6.447365e-005
 1.810000e+002  3.007144e-004  7.083147e-005
 1.812500e+002  3.096327e-004  6.162894e-005
 1.815000e+002  3.920227e-004  5.710596e-006
 1.817500e+002  3.743294e-004  9.386077e-005
 1.820000e+002  3.932083e-004  6.118024e-005
 1.822500e+002  3.667700e-004  6.557576e-005
 1.825000e+002  3.529592e-004  2.535802e-005
 1.827500e+002  3.606514e-004  4.347590e-005
 1.830000e+002  3.635180e-004  8.123428e-005
 1.832500e+002  3.709517e-004  4.409308e-005
 1.835000e+002  3.043133e-004  7.202820e-005
 1.837500e+002  3.054461e-004  4.044280e-005
 1.840000e+002  2.776187e-004  6.880125e-005
 1.842500e+002  3.351819e-004  7.667498e-005
 1.845000e+002  3.291826e-004  9.664234e-005
 1.847500e+002  3.103250e-004  9.388682e-005
 1.850000e+002  3.021777e-004  4.839517e-005
 1.852500e+002  3.181946e-004  7.266859e-005
 1.855000e+002  3.443815e-004  1.047774e-004
 1.857500e+002  2.930096e-004  7.831082e-005
 1.860000e+002  3.048750e-004  7.409445e-005
 1.862500e+002  2.848575e-004  6.290202e-005
 1.865000e+002  2.713904e-004  6.937304e-005
 1.867500e+002  3.524062e-004  5.278991e-005
 1.870000e+002  2.910576e-004  1.176304e-004
 1.872500e+002  2.934609e-004  8.742496e-005
 1.875000e+002  2.757470e-004  5.086876e-005
 1.877500e+002  3.418678e-004  7.651579e-005
 1.880000e+002  2.174912e-004  6.643285e-005
 1.882500e+002  2.980283e-004  1.272686e-004
 1.885000e+002  2.509910e-004  5.947100e-005
 1.887500e+002  3.177813e-004  7.011307e-005
 1.890000e+002  2.430750e-004  1.050477e-004
 1.892500e+002  3.236429e-004  7.820206e-005
 1.895000e+002  3.343147e-004  1.202633e-004
 1.897500e+002  3.529056e-004  1.277753e-004
 1.900000e+002  3.119793e-004  1.102985e-004
 1.902500e+002  2.498328e-004  4.001365e-005
 1.905000e+002  1.900480e-004  1.399882e-004
 1.907500e+002  2.651302e-004  1.105279e-004
 1.910000e+002  3.390352e-004  6.632107e-005
 1.912500e+002  2.811125e-004  6.744522e-005
 1.915000e+002  3.138303e-004  1.076570e-004
 1.917500e+002  2.623985e-004  6.413158e-005
 1.920000e+002  2.742860e-004  4.721955e-005
 1.922500e+002  2.453750e-004  8.006726e-005
 1.925000e+002  3.075764e-004  9.485416e-005
 1.927500e+002  2.677495e-004  1.120844e-004
 1.930000e+002  2.432949e-004  1.271832e-004
 1.932500e+002  2.386201e-004  1.071853e-004
 1.935000e+002  2.054569e-004  8.646155e-005
 1.937500e+002  3.062074e-004  8.091778e-005
 1.940000e+002  2.351261e-004  1.157694e-004
 1.942500e+002  2.862903e-004  7.093906e-005
 1.945000e+002  2.520227e-004  9.902412e-005
 1.947500e+002  2.523501e-004  1.013889e-004
 1.950000e+002  2.735533e-004  9.219921e-005
 1.952500e+002  2.385410e-004  1.130074e-004
 1.955000e+002  2.319634e-004  7.019674e-005
 1.957500e+002  2.295138e-004  7.767688e-005
 1.960000e+002  1.979548e-004  8.935227e-005
 1.962500e+002  1.805872e-004  1.004916e-004
 1.965000e+002  1.897440e-004  1.099264e-004
 1.967500e+002  2.282986e-004  1.364784e-004
 1.970000e+002  2.454021e-004  7.451232e-005
 1.972500e+002  1.781651e-004  2.663899e-005
 1.975000e+002  2.325988e-004  7.170312e-005
 1.977500e+002  1.885931e-004  9.328894e-005
 1.980000e+002  1.794533e-004  1.320493e-004
 1.982500e+002  1.841556e-004  7.619338e-005
 1.985000e+002  2.108782e-004  9.901120e-005
 1.987500e+002  1.924096e-004  5.118555e-005
 1.990000e+002  1.973030e-004  1.012771e-004
 1.992500e+002  1.937476e-004  7.111571e-005
 1.995000e+002  2.043688e-004  7.253253e-005
 1.997500e+002  1.583191e-004  6.380916e-005
 2.000000e+002  1.913836e-004  7.579741e-005
 2.002500e+002  1.995364e-004  1.347345e-004
 2.005000e+002  1.856820e-004  8.448759e-005
 2.007500e+002  1.874970e-004  8.058801e-005
 2.010000e+002  2.236016e-004  1.050807e-004
 2.012500e+002  1.782372e-004  5.639977e-005
 2.015000e+002  1.757173e-004  5.668216e-005
 2.017500e+002  1.309917e-004  9.994775e-005
 2.020000e+002  1.355371e-004  2.891105e-005
 2.022500e+002  2.128693e-004  1.044356e-004
 2.025000e+002  2.020161e-004  6.440472e-005
 2.027500e+002  1.489137e-004  6.173617e-005
 2.030000e+002  1.849839e-004  4.141442e-006
 2.032500e+002  1.672435e-004  6.205321e-005
 2.035000e+002  1.746170e-004  6.124425e-005
 2.037500e+002  1.620379e-004  5.337925e-005
 2.040000e+002  1.755523e-004  8.195583e-005
 2.042500e+002  2.138616e-004  6.134637e-005
 2.045000e+002  2.093019e-004  6.460168e-005
 2.047500e+002  1.343808e-004  2.767981e-005
 2.050000e+002  8.802143e-005  5.498717e-005
 2.052500e+002  1.518483e-004  4.403000e-005
 2.055000e+002  1.460346e-004  5.845543e-005
 2.057500e+002  1.685816e-004  1.066906e-004
 2.060000e+002  1.677350e-004  7.335898e-005
 2.062500e+002  1.483086e-004  6.731687e-005
 2.065000e+002  1.990674e-004 -6.658061e-006
 2.067500e+002  1.472943e-004  2.119632e-005
 2.070000e+002  1.641233e-004  6.676143e-005
 2.072500e+002  1.028088e-004  6.794387e-005
 2.075000e+002  1.452409e-004  5.991660e-005
 2.077500e+002  1.444515e-004  3.633569e-005
 2.080000e+002  1.296429e-004 -6.846261e-006
 2.082500e+002  1.267263e-004  1.592650e-005
 2.085000e+002  1.458042e-004 -8.791553e-006
 2.087500e+002  9.034826e-005  5.448752e-005
 2.090000e+002  1.447782e-004  2.885762e-005
 2.092500e+002  8.430663e-005  3.469617e-006
 2.095000e+002  1.203275e-004  1.486266e-005
 2.097500e+002  1.039145e-004  2.573072e-005
 2.100000e+002  1.192218e-004  6.072101e-006
 2.102500e+002  9.657798e-005  1.309011e-005
 2.105000e+002  1.478719e-004 -2.177364e-006
 2.107500e+002  9.058877e-005  1.284236e-006
 2.110000e+002  1.415081e-004  1.272013e-005
 2.112500e+002  1.195430e-004 -4.081857e-005
 2.115000e+002  1.316605e-004 -5.222843e-006
 2.117500e+002  1.049916e-004  2.244545e-005
 2.120000e+002  9.339585e-005 -3.040875e-005
 2.122500e+002  1.296832e-004  2.853566e-005
 2.125000e+002  8.027383e-005  4.119194e-005
 2.127500e+002  8.953503e-005  3.484364e-005
 2.130000e+002  9.836051e-005 -3.031197e-006
 2.132500e+002  1.044673e-004 -2.855397e-005
 2.135000e+002  1.284078e-004  9.225358e-006
 2.137500e+002  1.804659e-004  2.174905e-005
 2.140000e+002  9.423754e-005  3.824973e-005
 2.142500e+002  1.453366e-004  4.408129e-005
 2.145000e+002  5.921519e-005 -8.177575e-007
 2.147500e+002  1.513986e-004 -1.146653e-005
 2.150000e+002  1.385984e-004 -2.975139e-005
 2.152500e+002  1.312690e-004 -3.248167e-005
 2.155000e+002  1.099091e-004 -8.136551e-006
 2.157500e+002  1.481442e-004  2.528327e-005
 2.160000e+002  1.512084e-004 -4.523372e-005
 2.162500e+002  8.453251e-005 -3.537735e-005
 2.165000e+002  8.824035e-005 -3.042278e-005
 2.167500e+002  8.027081e-005  1.256537e-006
 2.170000e+002  2.432359e-005 -5.574357e-005
 2.172500e+002  8.460199e-005 -3.625045e-005
 2.175000e+002  1.211603e-004 -2.013254e-005
 2.177500e+002  5.215972e-005 -3.453100e-005
 2.180000e+002  1.187448e-004 -2.095029e-005
 2.182500e+002  8.848262e-005 -4.218580e-005
 2.185000e+002  9.220416e-005 -4.485809e-005
 2.187500e+002  7.873786e-005 -4.336460e-005
 2.190000e+002  1.538228e-004 -8.175081e-005
 2.192500e+002  5.957721e-005 -8.223290e-005
 2.195000e+002  1.410298e-004 -2.016345e-005
 2.197500e+002  1.011509e-004 -1.164160e-004
 2.200000e+002  1.174897e-004 -6.309546e-005
 2.202500e+002  1.826413e-004 -1.297560e-004
 2.205000e+002  8.656972e-005 -5.171811e-005
 2.207500e+002  1.184015e-004 -8.860248e-005
 2.210000e+002  1.365982e-004 -8.884950e-005
 2.212500e+002  1.118967e-004 -2.103668e-005
 2.215000e+002  1.229404e-004 -1.333087e-004
 2.217500e+002  1.286693e-004 -7.702419e-005
 2.220000e+002  1.061338e-004 -1.076167e-004
 2.222500e+002  1.434018e-004 -8.139806e-005
 2.225000e+002  1.686830e-004 -5.852074e-005
 2.227500e+002  6.961285e-005 -7.341990e-005
 2.230000e+002  1.655534e-004 -1.018856e-004
 2.232500e+002  1.271262e-004 -1.354684e-004
 2.235000e+002  8.879241e-005 -6.717161e-005
 2.237500e+002  1.454887e-004 -4.712218e-006
 2.240000e+002  9.815306e-005 -1.587922e-004
 2.242500e+002  1.222922e-004 -1.268070e-004
 2.245000e+002  1.291931e-004 -9.151715e-005
 2.247500e+002  1.034170e-004 -8.258610e-005
 2.250000e+002  6.727983e-005 -1.223657e-004
 2.252500e+002  1.478675e-004 -1.036143e-004
 2.255000e+002  1.704701e-004 -1.084206e-004
 2.257500e+002  1.286984e-004 -1.219674e-004
 2.260000e+002  1.163667e-004 -3.745585e-005
 2.262500e+002  1.511613e-004 -9.253132e-005
 2.265000e+002  5.752150e-005 -8.131787e-005
 2.267500e+002  1.303611e-004 -1.065585e-004
 2.270000e+002  1.748803e-004 -1.285160e-004
 2.272500e+002  1.025665e-004 -1.181303e-004
 2.275000e+002  1.135356e-004 -1.127468e-004
 2.277500e+002  1.603155e-004 -1.429926e-004
 2.280000e+002  2.156963e-004 -1.373475e-004
 2.282500e+002  1.134327e-004 -1.554180e-004
 2.285000e+002  2.357009e-004 -9.841549e-005
 2.287500e+002  2.429600e-004 -1.227817e-004
 2.290000e+002  2.129811e-004 -8.319503e-005
 2.292500e+002  2.134684e-004 -1.633528e-004
 2.295000e+002  1.672685e-004 -1.186614e-004
 2.297500e+002  1.597607e-004 -1.057987e-004
 2.300000e+002  1.777277e-004 -1.219544e-004
 2.302500e+002  1.714860e-004 -1.708080e-004
 2.305000e+002  1.722130e-004 -1.890696e-004
 2.307500e+002  2.334875e-004 -1.281198e-004
 2.310000e+002  2.747253e-004 -8.660644e-005
 2.312500e+002  1.740021e-004 -1.157648e-004
 2.315000e+002  1.694154e-004 -8.326990e-005
 2.317500e+002  1.494504e-004 -1.579056e-004
 2.320000e+002  1.909212e-004 -8.390290e-005
 2.322500e+002  2.023024e-004 -1.382664e-004
 2.325000e+002  2.470740e-004 -1.736944e-004
 2.327500e+002  1.750026e-004 -1.245426e-004
 2.330000e+002  1.664478e-004 -1.023709e-004
 2.332500e+002  2.580895e-004 -1.738169e-004
 2.335000e+002  2.343888e-004 -1.273507e-004
 2.337500e+002  1.708131e-004 -2.247348e-004
 2.340000e+002  2.107363e-004 -1.820563e-004
 2.342500e+002  1.986357e-004 -1.764489e-004
 2.345000e+002  2.778515e-004 -1.241689e-004
 2.347500e+002  2.818092e-004 -1.763849e-004
 2.350000e+002  2.770431e-004 -1.025658e-004
 2.352500e+002  2.166870e-004 -1.506917e-004
 2.355000e+002  2.629404e-004 -2.045494e-004
 2.357500e+002  2.337106e-004 -1.753960e-004
 2.360000e+002  2.810931e-004 -1.415550e-004
 2.362500e+002  1.917186e-004 -1.084463e-004
 2.365000e+002  3.064740e-004 -1.372368e-004
 2.367500e+002  2.101230e-004 -1.896254e-004
 2.370000e+002  3.012719e-004 -2.283373e-004
 2.372500e+002  3.610645e-004 -1.688386e-004
 2.375000e+002  2.487904e-004 -2.054232e-004
 2.377500e+002  2.527307e-004 -2.585679e-004
 2.380000e+002  2.939187e-004 -1.588999e-004
 2.382500e+002  2.677683e-004 -1.732430e-004
 2.385000e+002  2.836151e-004 -1.209484e-004
 2.387500e+002  3.078682e-004 -1.354326e-004
 2.390000e+002  3.430327e-004 -1.663003e-004
 2.392500e+002  3.510272e-004 -2.252742e-004
 2.395000e+002  2.997901e-004 -1.843712e-004
 2.397500e+002  2.770021e-004 -1.533522e-004
 2.400000e+002  2.939254e-004 -1.431248e-004
 2.402500e+002  2.978223e-004 -1.714311e-004
 2.405000e+002  2.911684e-004 -1.693597e-004
 2.407500e+002  2.703573e-004 -1.165973e-004
 2.410000e+002  2.456391e-004 -1.280134e-004
 2.412500e+002  3.673250e-004 -4.775232e-005
 2.415000e+002  3.439787e-004 -9.541427e-005
 2.417500e+002  4.055438e-004 -1.148762e-004
 2.420000e+002  4.408167e-004 -1.013573e-004
 2.422500e+002  3.551481e-004 -1.029944e-004
 2.425000e+002  4.156038e-004 -1.082082e-004
 2.427500e+002  3.829453e-004 -1.346763e-004
 2.430000e+002  4.014754e-004 -1.185873e-004
 2.432500e+002  3.574150e-004 -1.806806e-004
 2.435000e+002  4.404035e-004 -1.401116e-004
 2.437500e+002  3.759701e-004 -1.906843e-004
 2.440000e+002  4.330121e-004 -2.370596e-004
 2.442500e+002  4.224975e-004 -1.664903e-004
 2.445000e+002  3.938509e-004 -1.614689e-004
 2.447500e+002  4.212732e-004 -1.965122e-004
 2.450000e+002  4.915964e-004 -1.604603e-004
 2.452500e+002  4.643847e-004 -1.809448e-004
 2.455000e+002  4.313750e-004 -1.359842e-004
 2.457500e+002  5.082871e-004 -1.657661e-004
 2.460000e+002  4.946037e-004 -2.294337e-004
 2.462500e+002  5.532355e-004 -3.028136e-004
 2.465000e+002  5.240310e-004 -2.928517e-004
 2.467500e+002  4.711601e-004 -2.732275e-004
 2.470000e+002  5.192652e-004 -3.491769e-004
 2.472500e+002  4.246812e-004 -3.084188e-004
 2.475000e+002  4.621382e-004 -3.546316e-004
 2.477500e+002  3.950751e-004 -3.677095e-004
 2.480000e+002  4.234197e-004 -4.143607e-004
 2.482500e+002  3.531940e-004 -4.593534e-004
 2.485000e+002  3.240581e-004 -5.069551e-004
 2.487500e+002  2.690806e-004 -5.101298e-004
 2.490000e+002  9.607191e-005 -4.518878e-004
 2.492500e+002  9.700047e-005 -3.439212e-004
 2.495000e+002  1.684517e-004 -1.687924e-004
 2.497500e+002  1.638036e-005 -2.341559e-004
 2.500000e+002  1.258040e-004 -4.769406e-005
 2.502500e+002  1.204470e-004 -7.602789e-005
 2.505000e+002  1.684738e-004 -6.439777e-005
 2.507500e+002  2.177959e-004 -1.214860e-004
 2.510000e+002  1.817145e-004  3.168949e-005
 2.512500e+002  2.286096e-004 -3.234437e-005
 2.515000e+002  2.431548e-004 -3.288124e-005
 2.517500e+002  2.187592e-004 -1.136580e-004
 2.520000e+002  2.872063e-004  1.612533e-005
 2.522500e+002  2.914615e-004  7.716271e-006
 2.525000e+002  3.145145e-004 -1.398972e-005
 2.527500e+002  2.142990e-004 -5.718002e-005
 2.530000e+002  3.299243e-004 -1.816592e-005
 2.532500e+002  3.061676e-004 -1.102527e-005
 2.535000e+002  2.446759e-004 -1.753167e-005
 2.537500e+002  3.026703e-004 -8.028643e-006
 2.540000e+002  2.990213e-004  3.775858e-005
 2.542500e+002  2.881466e-004  4.568519e-005
 2.545000e+002  2.441861e-004 -9.570264e-005
 2.547500e+002  3.047638e-004  1.655019e-006
 2.550000e+002  3.604942e-004  1.652515e-006
 2.552500e+002  2.953458e-004 -1.973378e-005
 2.555000e+002  3.752560e-004 -1.532153e-005
 2.557500e+002  3.816358e-004 -5.363120e-005
 2.560000e+002  3.625055e-004  9.658000e-008