 0.000000e+000 -7.946715e-005  0.000000e+000
 2.500000e-001 -2.734726e-003  1.066951e-004
 5.000000e-001 -3.970646e-003  1.865176e-004
 7.500000e-001 -4.450807e-003  5.870735e-004
 1.000000e+000 -3.835070e-003  9.671099e-005
 1.250000e+000 -4.434148e-003 -3.566271e-004
 1.500000e+000 -4.415449e-003 -2.999591e-004
 1.750000e+000 -4.507898e-003  1.984917e-004
 2.000000e+000 -3.985909e-003  5.384775e-004
 2.250000e+000 -3.638015e-003  1.264766e-004
 2.500000e+000 -4.211600e-003 -9.441334e-004
 2.750000e+000 -4.643481e-003 -6.103657e-004
 3.000000e+000 -4.433135e-003 -3.719105e-004
 3.250000e+000 -8.382396e-003  3.433573e-003
 3.500000e+000 -4.006138e-003  1.087810e-003
 3.750000e+000 -4.013156e-003  5.146322e-004
 4.000000e+000 -4.176353e-003  4.571453e-004
 4.250000e+000 -4.349899e-003  8.295392e-004
 4.500000e+000 -4.279403e-003  4.290381e-004
 4.750000e+000 -4.511995e-003  3.193416e-004
 5.000000e+000 -4.579010e-003  3.591902e-004
 5.250000e+000 -4.163631e-003  2.974376e-004
 5.500000e+000 -4.695897e-003  5.129013e-004
 5.750000e+000 -5.298179e-003  2.670303e-004
 6.000000e+000 -4.184128e-003  2.242044e-003
 6.250000e+000 -3.485422e-003  4.577686e-004
 6.500000e+000 -4.349310e-003  2.702843e-004
 6.750000e+000 -4.090772e-003 -1.690528e-006
 7.000000e+000 -4.373596e-003 -5.316325e-005
 7.250000e+000 -4.446402e-003 -5.910319e-005
 7.500000e+000 -4.564699e-003  1.831880e-005
 7.750000e+000 -4.708522e-003 -5.346045e-006
 8.000000e+000 -4.737319e-003  8.232079e-005
 8.250000e+000 -4.981087e-003  6.359491e-006
 8.500000e+000 -5.021421e-003 -5.337278e-005
 8.750000e+000 -5.187546e-003  1.849548e-004
 9.000000e+000 -5.379391e-003  1.837483e-004
 9.250000e+000 -5.286825e-003  8.377249e-005
 9.500000e+000 -5.547672e-003  3.941785e-004
 9.750000e+000 -5.290378e-003  2.822633e-004
 1.000000e+001 -5.559379e-003  5.546815e-004
 1.025000e+001 -5.630331e-003  4.310722e-004
 1.050000e+001 -5.798719e-003  5.231562e-004
 1.075000e+001 -6.022216e-003  5.099146e-004
 1.100000e+001 -5.993363e-003  4.854749e-004
 1.125000e+001 -6.118008e-003  6.926029e-004
 1.150000e+001 -6.327433e-003  7.803994e-004
 1.175000e+001 -6.458520e-003  7.519437e-004
 1.200000e+001 -6.337317e-003  7.659128e-004
 1.225000e+001 -6.642852e-003  6.997471e-004
 1.250000e+001 -6.648990e-003  1.097240e-003
 1.275000e+001 -6.806200e-003  8.598527e-004
 1.300000e+001 -6.912698e-003  9.641936e-004
 1.325000e+001 -7.097397e-003  8.335376e-004
 1.350000e+001 -7.348244e-003  1.025847e-003
 1.375000e+001 -7.472232e-003  8.795876e-004
 1.400000e+001 -7.734306e-003  9.339122e-004
 1.425000e+001 -7.991892e-003  1.047703e-003
 1.450000e+001 -8.318550e-003  1.170289e-003
 1.475000e+001 -8.518305e-003  1.142985e-003
 1.500000e+001 -8.820694e-003  1.017505e-003
 1.525000e+001 -8.882105e-003  1.321215e-003
 1.550000e+001 -9.423138e-003  1.177482e-003
 1.575000e+001 -9.832036e-003  1.601820e-003
 1.600000e+001 -1.021269e-002  1.548285e-003
 1.625000e+001 -1.055005e-002  1.539299e-003
 1.650000e+001 -1.109871e-002  1.457642e-003
 1.675000e+001 -1.156806e-002  2.031912e-003
 1.700000e+001 -1.192824e-002  1.752519e-003
 1.725000e+001 -1.305161e-002  1.626236e-003
 1.750000e+001 -1.312300e-002  1.741454e-003
 1.775000e+001 -1.429859e-002  1.835480e-003
 1.800000e+001 -1.505642e-002  2.023615e-003
 1.825000e+001 -1.595264e-002  2.660922e-003
 1.850000e+001 -1.662302e-002  2.610708e-003
 1.875000e+001 -1.801349e-002  2.903837e-003
 1.900000e+001 -1.889069e-002  2.341751e-003
 1.925000e+001 -2.074632e-002  3.410019e-003
 1.950000e+001 -2.293836e-002  4.050084e-003
 1.975000e+001 -2.494519e-002  3.471064e-003
 2.000000e+001 -2.717098e-002  5.049254e-003
 2.025000e+001 -3.145651e-002  5.596173e-003
 2.050000e+001 -3.575362e-002  5.878170e-003
 2.075000e+001 -4.055411e-002  6.098699e-003
 2.100000e+001 -4.893750e-002  7.690442e-003
 2.125000e+001 -5.939867e-002  1.160594e-002
 2.150000e+001 -7.860485e-002  1.757828e-002
 2.175000e+001 -1.094802e-001  2.743331e-002
 2.200000e+001 -1.891924e-001  6.956265e-002
 2.225000e+001 -3.785206e-001  4.578742e-001
 2.250000e+001  3.802510e-001  2.201415e-002
 2.275000e+001  1.535148e-001 -6.679981e-003
 2.300000e+001  9.379475e-002 -8.087379e-003
 2.325000e+001  6.836871e-002 -6.391931e-003
 2.350000e+001  5.292274e-002 -6.197421e-003
 2.375000e+001  4.542355e-002 -3.814435e-003
 2.400000e+001  3.761621e-002 -4.299758e-003
 2.425000e+001  3.358239e-002 -3.749509e-003
 2.450000e+001  2.872068e-002 -3.400437e-003
 2.475000e+001  2.587311e-002 -2.779951e-003
 2.500000e+001  2.449832e-002 -2.784049e-003
 2.525000e+001  2.163781e-002 -2.725687e-003
 2.550000e+001  2.025484e-002 -2.108490e-003
 2.575000e+001  1.869854e-002 -1.908695e-003
 2.600000e+001  1.705278e-002 -1.445935e-003
 2.625000e+001  1.615681e-002 -1.626586e-003
 2.650000e+001  1.532329e-002 -1.611201e-003
 2.675000e+001  1.434517e-002 -1.542112e-003
 2.700000e+001  1.377910e-002 -1.321733e-003
 2.725000e+001  1.284419e-002 -1.398704e-003
 2.750000e+001  1.239778e-002 -1.530062e-003
 2.775000e+001  1.197166e-002 -1.218692e-003
 2.800000e+001  1.121150e-002 -9.677231e-004
 2.825000e+001  1.087324e-002 -1.086150e-003
 2.850000e+001  1.043751e-002 -1.095883e-003
 2.875000e+001  9.802237e-003 -1.089735e-003
 2.900000e+001  9.700954e-003 -7.995831e-004
 2.925000e+001  9.260001e-003 -8.395746e-004
 2.950000e+001  9.088244e-003 -9.881966e-004
 2.975000e+001  8.888274e-003 -8.282310e-004
 3.000000e+001  8.440185e-003 -8.571987e-004
 3.025000e+001  8.018649e-003 -7.624220e-004
 3.050000e+001  7.777947e-003 -6.690245e-004
 3.075000e+001  7.684350e-003 -7.096551e-004
 3.100000e+001  7.322799e-003 -6.715495e-004
 3.125000e+001  7.262462e-003 -5.926587e-004
 3.150000e+001  6.811200e-003 -4.163759e-004
 3.175000e+001  6.925601e-003 -5.488085e-004
 3.200000e+001  6.703907e-003 -3.960506e-004
 3.225000e+001  6.594004e-003 -4.697316e-004
 3.250000e+001  6.342585e-003 -4.849688e-004
 3.275000e+001  6.205587e-003 -5.530695e-004
 3.300000e+001  6.087740e-003 -4.549759e-004
 3.325000e+001  6.019575e-003 -2.897635e-004
 3.350000e+001  5.867016e-003 -2.887796e-004
 3.375000e+001  5.721725e-003 -3.924539e-004
 3.400000e+001  5.680079e-003 -4.891386e-004
 3.425000e+001  5.516978e-003 -2.897472e-004
 3.450000e+001  5.530348e-003 -2.911388e-004
 3.475000e+001  5.242030e-003 -1.779624e-004
 3.500000e+001  5.079428e-003 -2.926430e-004
 3.525000e+001  5.174260e-003 -2.997554e-004
 3.550000e+001  5.111177e-003 -1.489947e-004
 3.575000e+001  4.950245e-003 -2.251052e-004
 3.600000e+001  4.798834e-003 -2.745124e-004
 3.625000e+001  4.713048e-003 -2.368888e-004
 3.650000e+001  4.672569e-003 -1.853017e-004
 3.675000e+001  4.585116e-003 -1.524381e-004
 3.700000e+001  4.481028e-003 -1.028019e-004
 3.725000e+001  4.414279e-003 -2.447428e-004
 3.750000e+001  4.377986e-003 -1.843240e-004
 3.775000e+001  4.320043e-003 -6.078840e-005
 3.800000e+001  4.215429e-003 -1.123421e-004
 3.825000e+001  4.159665e-003 -1.797292e-004
 3.850000e+001  4.119860e-003 -6.545387e-005
 3.875000e+001  4.054936e-003 -6.159522e-005
 3.900000e+001  4.058223e-003 -1.081354e-004
 3.925000e+001  4.008301e-003 -9.349263e-006
 3.950000e+001  3.983329e-003  9.841872e-006
 3.975000e+001  3.868172e-003 -7.688379e-005
 4.000000e+001  3.782259e-003 -5.135753e-005
 4.025000e+001  3.834125e-003 -4.212987e-005
 4.050000e+001  3.786800e-003 -2.475171e-005
 4.075000e+001  3.690528e-003  1.758849e-005
 4.100000e+001  3.620437e-003 -1.925390e-005
 4.125000e+001  3.591127e-003  1.139812e-005
 4.150000e+001  3.561533e-003 -2.258488e-005
 4.175000e+001  3.519065e-003 -5.809819e-005
 4.200000e+001  3.538174e-003  4.740998e-005
 4.225000e+001  3.537371e-003  6.225159e-005
 4.250000e+001  3.372979e-003  2.233066e-005
 4.275000e+001  3.490578e-003  9.527804e-006
 4.300000e+001  3.292388e-003  1.029952e-004
 4.325000e+001  3.310538e-003  5.262711e-005
 4.350000e+001  3.321141e-003  1.562071e-005
 4.375000e+001  3.306083e-003  6.000327e-005
 4.400000e+001  3.214017e-003 -1.872839e-006
 4.425000e+001  3.173406e-003  2.177991e-005
 4.450000e+001  3.128832e-003 -3.282643e-005
 4.475000e+001  3.112421e-003  1.034469e-004
 4.500000e+001  3.063611e-003  1.275786e-004
 4.525000e+001  3.134991e-003  9.935598e-005
 4.550000e+001  3.098980e-003  5.837780e-005
 4.575000e+001  3.007075e-003  1.929456e-004
 4.600000e+001  2.999722e-003  1.194474e-004
 4.625000e+001  3.052285e-003  1.458666e-004
 4.650000e+001  2.977270e-003  1.395150e-004
 4.675000e+001  2.969293e-003  1.258422e-004
 4.700000e+001  2.955564e-003  1.452906e-004
 4.725000e+001  2.896192e-003  1.759685e-004
 4.750000e+001  2.935203e-003  1.048520e-004
 4.775000e+001  2.909446e-003  1.141186e-004
 4.800000e+001  2.897496e-003  8.198992e-005
 4.825000e+001  2.840794e-003  7.151889e-005
 4.850000e+001  2.808038e-003  1.551321e-004
 4.875000e+001  2.791345e-003  1.395943e-004
 4.900000e+001  2.797813e-003  1.497558e-004
 4.925000e+001  2.760028e-003  1.664258e-004
 4.950000e+001  2.732795e-003  1.522053e-004
 4.975000e+001  2.725342e-003  9.460983e-005
 5.000000e+001  2.749581e-003  1.761117e-004
 5.025000e+001  2.757921e-003  2.429928e-004
 5.050000e+001  2.722678e-003  1.494035e-004
 5.075000e+001  2.686943e-003  1.834765e-004
 5.100000e+001  2.664238e-003  1.575447e-004
 5.125000e+001  2.742938e-003  1.912506e-004
 5.150000e+001  2.608882e-003  2.052168e-004
 5.175000e+001  2.677671e-003  1.749004e-004
 5.200000e+001  2.676237e-003  2.215708e-004
 5.225000e+001  2.601552e-003  1.807704e-004
 5.250000e+001  2.594022e-003  1.730941e-004
 5.275000e+001  2.617635e-003  2.131161e-004
 5.300000e+001  2.583302e-003  2.052190e-004
 5.325000e+001  2.627288e-003  2.676207e-004
 5.350000e+001  2.564484e-003  2.700696e-004
 5.375000e+001  2.614235e-003  2.390194e-004
 5.400000e+001  2.613779e-003  2.127815e-004
 5.425000e+001  2.596836e-003  1.983136e-004
 5.450000e+001  2.596138e-003  1.981467e-004
 5.475000e+001  2.612570e-003  1.528295e-004
 5.500000e+001  2.566992e-003  1.607337e-004
 5.525000e+001  2.545587e-003  2.300924e-004
 5.550000e+001  2.534042e-003  2.330285e-004
 5.575000e+001  2.636804e-003  2.826413e-004
 5.600000e+001  2.633933e-003  2.081089e-004
 5.625000e+001  2.635555e-003  2.506361e-004
 5.650000e+001  2.685264e-003  2.110487e-004
 5.675000e+001  2.659018e-003  2.116329e-004
 5.700000e+001  2.661517e-003  2.156915e-004
 5.725000e+001  2.644742e-003  2.030704e-004
 5.750000e+001  2.615984e-003  1.633996e-004
 5.775000e+001  2.644241e-003  2.527569e-004
 5.800000e+001  2.609177e-003  2.021245e-004
 5.825000e+001  2.663477e-003  1.237140e-004
 5.850000e+001  2.662740e-003  1.775116e-004
 5.875000e+001  2.645731e-003  1.252471e-004
 5.900000e+001  2.620007e-003  2.054787e-004
 5.925000e+001  2.673305e-003  1.878431e-004
 5.950000e+001  2.609075e-003  2.049483e-004
 5.975000e+001  2.616716e-003  1.969256e-004
 6.000000e+001  2.708151e-003  2.928153e-004
 6.025000e+001  2.718041e-003  1.693085e-004
 6.050000e+001  2.699253e-003  2.439621e-004
 6.075000e+001  2.730368e-003  2.438149e-004
 6.100000e+001  2.757370e-003  2.215384e-004
 6.125000e+001  2.816142e-003  1.715924e-004
 6.150000e+001  2.780997e-003  1.535127e-004
 6.175000e+001  2.771797e-003  2.479903e-004
 6.200000e+001  2.804366e-003  1.770747e-004
 6.225000e+001  2.880438e-003  2.056052e-004
 6.250000e+001  2.843348e-003  1.757944e-004
 6.275000e+001  2.898526e-003  2.282018e-004
 6.300000e+001  2.954371e-003  1.613295e-004
 6.325000e+001  2.960977e-003  2.041166e-004
 6.350000e+001  3.019888e-003  1.992676e-004
 6.375000e+001  3.054508e-003  1.569302e-004
 6.400000e+001  3.005392e-003  1.312131e-004
 6.425000e+001  3.098001e-003  2.362922e-004
 6.450000e+001  3.111640e-003  1.485511e-004
 6.475000e+001  3.263735e-003  1.301331e-004
 6.500000e+001  3.184127e-003  1.533243e-004
 6.525000e+001  3.295641e-003  1.635846e-004
 6.550000e+001  3.474903e-003  9.025609e-005
 6.575000e+001  3.463410e-003  1.464699e-004
 6.600000e+001  3.485868e-003  8.429034e-005
 6.625000e+001  3.533111e-003  1.408175e-004
 6.650000e+001  3.600371e-003  2.030966e-004
 6.675000e+001  3.720778e-003  1.268848e-004
 6.700000e+001  3.666253e-003  9.390811e-005
 6.725000e+001  3.894159e-003  1.908472e-004
 6.750000e+001  3.981549e-003  2.575682e-005
 6.775000e+001  4.082326e-003  1.069096e-004
 6.800000e+001  4.195477e-003 -6.006395e-005
 6.825000e+001  4.315910e-003  4.876251e-005
 6.850000e+001  4.367190e-003  2.028503e-005
 6.875000e+001  4.480893e-003 -6.156027e-005
 6.900000e+001  4.763062e-003 -8.611471e-006
 6.925000e+001  4.887050e-003 -1.346865e-004
 6.950000e+001  5.125935e-003 -1.458409e-004
 6.975000e+001  5.384205e-003 -1.916594e-004
 7.000000e+001  5.618865e-003 -8.813487e-005
 7.025000e+001  5.703105e-003 -2.772483e-004
 7.050000e+001  6.145440e-003 -2.962374e-004
 7.075000e+001  6.618891e-003 -3.961909e-004
 7.100000e+001  7.020265e-003 -5.617802e-004
 7.125000e+001  7.378241e-003 -8.511091e-004
 7.150000e+001  7.863006e-003 -9.517276e-004
 7.175000e+001  8.662531e-003 -1.242801e-003
 7.200000e+001  9.625718e-003 -1.581350e-003
 7.225000e+001  1.057534e-002 -2.232652e-003
 7.250000e+001  1.160286e-002 -3.105563e-003
 7.275000e+001  1.315928e-002 -4.011786e-003
 7.300000e+001  1.446181e-002 -5.756407e-003
 7.325000e+001  1.662465e-002 -8.162073e-003
 7.350000e+001  1.812899e-002 -1.259067e-002
 7.375000e+001  1.843322e-002 -1.961675e-002
 7.400000e+001  1.686443e-002 -2.829713e-002
 7.425000e+001  5.340343e-003 -3.883385e-002
 7.450000e+001 -1.575885e-002 -4.025451e-002
 7.475000e+001 -2.734650e-002 -1.917144e-002
 7.500000e+001 -2.009854e-002 -6.172995e-003
 7.525000e+001 -1.491965e-002 -3.753850e-003
 7.550000e+001 -1.203477e-002 -2.754457e-003
 7.575000e+001 -9.847840e-003 -2.091160e-003
 7.600000e+001 -8.442491e-003 -1.386398e-003
 7.625000e+001 -7.443623e-003 -1.259772e-003
 7.650000e+001 -6.557224e-003 -8.181001e-004
 7.675000e+001 -5.929028e-003 -8.139274e-004
 7.700000e+001 -5.377183e-003 -5.528812e-004
 7.725000e+001 -4.670436e-003 -5.410556e-004
 7.750000e+001 -4.216159e-003 -3.994178e-004
 7.775000e+001 -3.747938e-003 -2.838754e-004
 7.800000e+001 -3.368860e-003 -2.381405e-004
 7.825000e+001 -3.326223e-003 -1.441184e-004
 7.850000e+001 -3.157801e-003 -1.190949e-004
 7.875000e+001 -2.879024e-003 -1.889475e-004
 7.900000e+001 -2.633563e-003 -1.142696e-004
 7.925000e+001 -2.295985e-003 -5.907204e-005
 7.950000e+001 -2.340231e-003 -2.319922e-005
 7.975000e+001 -2.133601e-003 -9.551863e-005
 8.000000e+001 -1.989201e-003 -1.351297e-005
 8.025000e+001 -1.862874e-003 -1.214744e-005
 8.050000e+001 -1.691004e-003  1.957084e-005
 8.075000e+001 -1.531387e-003  3.809478e-006
 8.100000e+001 -1.484594e-003  6.664355e-006
 8.125000e+001 -1.471249e-003 -2.376268e-005
 8.150000e+001 -1.379797e-003  1.978298e-005
 8.175000e+001 -1.256833e-003  4.556995e-005
 8.200000e+001 -1.121602e-003  7.120502e-005
 8.225000e+001 -1.068261e-003  1.207783e-004
 8.250000e+001 -9.815051e-004  7.703467e-005
 8.275000e+001 -8.491412e-004 -1.016486e-005
 8.300000e+001 -8.639944e-004  4.826467e-005
 8.325000e+001 -8.119005e-004 -3.569943e-005
 8.350000e+001 -7.211376e-004  2.134161e-005
 8.375000e+001 -6.367542e-004  5.005173e-005
 8.400000e+001 -5.506016e-004  8.067095e-006
 8.425000e+001 -5.528938e-004 -5.456729e-007
 8.450000e+001 -4.878788e-004 -1.817258e-005
 8.475000e+001 -3.538769e-004 -2.129877e-005
 8.500000e+001 -3.138573e-004  6.985686e-005
 8.525000e+001 -2.519265e-004 -2.177533e-005
 8.550000e+001 -1.669658e-004  5.545630e-005
 8.575000e+001 -1.631029e-004 -1.254809e-005
 8.600000e+001  1.406458e-005  4.299450e-005
 8.625000e+001  6.394595e-005 -5.529660e-005
 8.650000e+001  1.164953e-004 -1.756056e-005
 8.675000e+001  1.064503e-004 -4.690330e-005
 8.700000e+001  2.371677e-004 -9.161715e-005
 8.725000e+001  3.132464e-004 -1.149393e-004
 8.750000e+001  4.409131e-004 -6.181883e-005
 8.775000e+001  5.663238e-004 -6.850962e-005
 8.800000e+001  6.592622e-004 -1.167572e-004
 8.825000e+001  7.491499e-004 -2.158250e-004
 8.850000e+001  8.627670e-004 -2.377577e-004
 8.875000e+001  1.076961e-003 -2.832809e-004
 8.900000e+001  1.160026e-003 -3.934341e-004
 8.925000e+001  1.334466e-003 -4.521756e-004
 8.950000e+001  1.626475e-003 -5.269494e-004
 8.975000e+001  1.767488e-003 -6.633852e-004
 9.000000e+001  1.996028e-003 -8.510923e-004
 9.025000e+001  2.324584e-003 -1.009130e-003
 9.050000e+001  2.629609e-003 -1.277926e-003
 9.075000e+001  3.030707e-003 -1.715718e-003
 9.100000e+001  3.506237e-003 -2.305397e-003
 9.125000e+001  3.805806e-003 -3.164513e-003
 9.150000e+001  4.117954e-003 -4.142873e-003
 9.175000e+001  4.264037e-003 -5.759771e-003
 9.200000e+001  3.994489e-003 -7.946117e-003
 9.225000e+001  2.098420e-003 -1.051451e-002
 9.250000e+001 -1.967168e-003 -1.247044e-002
 9.275000e+001 -7.276552e-003 -1.049217e-002
 9.300000e+001 -9.295806e-003 -5.120324e-003
 9.325000e+001 -7.470105e-003 -2.107877e-003
 9.350000e+001 -5.931626e-003 -1.381916e-003
 9.375000e+001 -5.110636e-003 -8.259623e-004
 9.400000e+001 -4.596871e-003 -6.024487e-004
 9.425000e+001 -4.008791e-003 -4.314799e-004
 9.450000e+001 -3.767752e-003 -2.940128e-004
 9.475000e+001 -3.414675e-003 -2.285911e-004
 9.500000e+001 -3.183272e-003 -1.152486e-004
 9.525000e+001 -2.876969e-003 -1.195480e-004
 9.550000e+001 -2.740917e-003 -4.119935e-005
 9.575000e+001 -2.497271e-003 -4.492956e-005
 9.600000e+001 -2.480138e-003 -6.282472e-006
 9.625000e+001 -2.301062e-003 -1.149941e-005
 9.650000e+001 -2.101641e-003 -2.971663e-005
 9.675000e+001 -2.051601e-003 -9.946937e-006
 9.700000e+001 -2.014985e-003 -2.265397e-005
 9.725000e+001 -1.904626e-003  3.870063e-005
 9.750000e+001 -1.801562e-003  5.124863e-005
 9.775000e+001 -1.778652e-003  4.872565e-005
 9.800000e+001 -1.769279e-003  2.204041e-006
 9.825000e+001 -1.734348e-003 -8.660107e-006
 9.850000e+001 -1.581206e-003  6.458643e-005
 9.875000e+001 -1.594155e-003 -3.406569e-005
 9.900000e+001 -1.506727e-003  8.113834e-006
 9.925000e+001 -1.463434e-003  7.385788e-005
 9.950000e+001 -1.447016e-003  2.484051e-005
 9.975000e+001 -1.362977e-003  5.938873e-005
 1.000000e+002 -1.390695e-003  5.091558e-005
 1.002500e+002 -1.354402e-003  3.968767e-005
 1.005000e+002 -1.280922e-003  8.663741e-005
 1.007500e+002 -1.292229e-003  4.444365e-005
 1.010000e+002 -1.266952e-003  2.697403e-005
 1.012500e+002 -1.260627e-003  7.173727e-005
 1.015000e+002 -1.169993e-003  5.355565e-005
 1.017500e+002 -1.197413e-003  5.269904e-005
 1.020000e+002 -1.186389e-003  1.162560e-005
 1.022500e+002 -1.161034e-003  3.787530e-005
 1.025000e+002 -1.072058e-003  7.017043e-005
 1.027500e+002 -1.058715e-003  7.260766e-005
 1.030000e+002 -1.047374e-003  1.097733e-004
 1.032500e+002 -1.062986e-003  3.542520e-005
 1.035000e+002 -1.037076e-003 -2.643638e-005
 1.037500e+002 -9.816860e-004  3.791934e-006
 1.040000e+002 -9.369857e-004  5.350960e-005
 1.042500e+002 -9.862611e-004  5.940997e-005
 1.045000e+002 -9.630457e-004  2.936030e-005
 1.047500e+002 -9.398697e-004  7.267982e-005
 1.050000e+002 -8.963608e-004 -1.187951e-005
 1.052500e+002 -8.929044e-004  1.184394e-005
 1.055000e+002 -9.215488e-004  8.281843e-005
 1.057500e+002 -9.037445e-004  2.167518e-005
 1.060000e+002 -8.621516e-004  2.046460e-005
 1.062500e+002 -8.084811e-004  5.446946e-006
 1.065000e+002 -8.780409e-004 -4.983356e-006
 1.067500e+002 -8.552134e-004  5.220099e-005
 1.070000e+002 -8.647101e-004 -3.544927e-005
 1.072500e+002 -7.902447e-004 -1.919148e-005
 1.075000e+002 -8.177778e-004 -2.601324e-005
 1.077500e+002 -8.169041e-004  5.073021e-005
 1.080000e+002 -7.989247e-004 -3.413335e-005
 1.082500e+002 -7.824091e-004 -4.883846e-005
 1.085000e+002 -7.539466e-004  3.130583e-005
 1.087500e+002 -7.688894e-004 -9.572606e-008
 1.090000e+002 -7.665162e-004  2.978250e-005
 1.092500e+002 -7.121864e-004 -3.336834e-005
 1.095000e+002 -7.562198e-004 -2.622619e-005
 1.097500e+002 -7.300097e-004 -3.561829e-006
 1.100000e+002 -7.466467e-004 -4.511811e-005
 1.102500e+002 -7.100267e-004 -1.968253e-005
 1.105000e+002 -7.047601e-004 -1.482966e-005
 1.107500e+002 -6.739087e-004 -6.960803e-005
 1.110000e+002 -6.531141e-004 -3.151885e-005
 1.112500e+002 -6.631047e-004  3.616680e-005
 1.115000e+002 -6.461907e-004 -4.043933e-005
 1.117500e+002 -6.605087e-004 -5.739858e-005
 1.120000e+002 -6.829840e-004 -8.890610e-006
 1.122500e+002 -6.444916e-004 -6.238630e-006
 1.125000e+002 -6.154630e-004 -1.092443e-008
 1.127500e+002 -6.290372e-004  6.302627e-006
 1.130000e+002 -6.408702e-004 -1.717721e-006
 1.132500e+002 -6.647873e-004 -2.085513e-006
 1.135000e+002 -6.892787e-004 -5.652369e-005
 1.137500e+002 -5.679085e-004 -3.226988e-005
 1.140000e+002 -6.357450e-004 -5.487636e-005
 1.142500e+002 -5.304794e-004 -3.641423e-005
 1.145000e+002 -5.670323e-004 -4.226748e-005
 1.147500e+002 -5.779501e-004 -6.166202e-006
 1.150000e+002 -5.719798e-004 -1.714609e-005
 1.152500e+002 -5.640061e-004 -4.222543e-005
 1.155000e+002 -5.660634e-004 -8.648958e-006
 1.157500e+002 -4.887292e-004 -2.579568e-005
 1.160000e+002 -5.748202e-004 -7.776636e-005
 1.162500e+002 -6.044179e-004 -8.064629e-005
 1.165000e+002 -5.659470e-004 -5.510768e-005
 1.167500e+002 -5.554151e-004 -6.180233e-005
 1.170000e+002 -5.041411e-004 -1.220837e-004
 1.172500e+002 -5.284204e-004 -1.087354e-004
 1.175000e+002 -5.241375e-004 -7.789000e-005
 1.177500e+002 -5.682891e-004 -6.288860e-005
 1.180000e+002 -5.047228e-004 -9.564129e-005
 1.182500e+002 -5.047973e-004 -5.667957e-005
 1.185000e+002 -4.729582e-004 -1.100332e-004
 1.187500e+002 -5.393694e-004 -1.276950e-004
 1.190000e+002 -5.769112e-004 -7.765861e-005
 1.192500e+002 -4.632268e-004 -7.432324e-005
 1.195000e+002 -5.254422e-004 -9.461436e-005
 1.197500e+002 -5.101852e-004 -6.948235e-005
 1.200000e+002 -5.566232e-004 -5.802523e-005
 1.202500e+002 -5.219875e-004 -8.332982e-005
 1.205000e+002 -4.872861e-004 -1.957637e-005
 1.207500e+002 -4.606313e-004 -1.109735e-004
 1.210000e+002 -4.230800e-004 -1.185643e-005
 1.212500e+002 -4.780807e-004 -1.040431e-004
 1.215000e+002 -4.749676e-004 -1.110648e-004
 1.217500e+002 -4.302260e-004 -9.439385e-005
 1.220000e+002 -4.473556e-004 -8.934096e-005
 1.222500e+002 -4.675535e-004 -7.785142e-005
 1.225000e+002 -4.135043e-004 -3.562066e-005
 1.227500e+002 -4.249345e-004 -1.435469e-004
 1.230000e+002 -4.228391e-004 -1.211075e-004
 1.232500e+002 -4.578916e-004 -1.677105e-004
 1.235000e+002 -4.351787e-004 -1.108529e-004
 1.237500e+002 -4.431513e-004 -7.483968e-005
 1.240000e+002 -4.315106e-004 -1.260186e-004
 1.242500e+002 -4.451623e-004 -1.398973e-004
 1.245000e+002 -3.900031e-004 -1.059733e-004
 1.247500e+002 -4.197690e-004 -1.538436e-004
 1.250000e+002 -3.820344e-004 -7.953170e-006
 1.252500e+002 -4.310872e-004 -9.882686e-005
 1.255000e+002 -3.986292e-004 -1.341218e-004
 1.257500e+002 -4.054872e-004 -1.257651e-004
 1.260000e+002 -3.708899e-004 -1.038447e-004
 1.262500e+002 -4.161327e-004 -1.095892e-004
 1.265000e+002 -3.674657e-004 -6.126735e-005
 1.267500e+002 -4.152351e-004 -1.623988e-004
 1.270000e+002 -3.376054e-004 -1.236620e-004
 1.272500e+002 -3.715848e-004 -8.781112e-005
 1.275000e+002 -3.388422e-004 -9.195169e-005
 1.277500e+002 -3.404450e-004 -5.992360e-005
 1.280000e+002 -3.832434e-004 -9.659382e-005
 1.282500e+002 -3.795148e-004 -1.678690e-004
 1.285000e+002 -3.518082e-004 -7.402201e-005
 1.287500e+002 -3.637577e-004 -1.710181e-004
 1.290000e+002 -3.716893e-004 -1.878552e-004
 1.292500e+002 -4.150928e-004 -8.417681e-005
 1.295000e+002 -3.795904e-004 -1.057271e-004
 1.297500e+002 -3.879538e-004 -1.370655e-004
 1.300000e+002 -3.350085e-004 -1.635789e-004
 1.302500e+002 -3.476399e-004 -7.981922e-005
 1.305000e+002 -3.985402e-004 -1.839178e-004
 1.307500e+002 -3.846921e-004 -1.263097e-004
 1.310000e+002 -3.672741e-004 -1.518444e-004
 1.312500e+002 -2.949025e-004 -9.522197e-005
 1.315000e+002 -3.743519e-004 -1.465326e-004
 1.317500e+002 -3.302180e-004 -1.972382e-004
 1.320000e+002 -2.509099e-004 -1.779549e-004
 1.322500e+002 -3.228922e-004 -1.286929e-004
 1.325000e+002 -3.276655e-004 -1.770804e-004
 1.327500e+002 -3.594981e-004 -1.666249e-004
 1.330000e+002 -3.380751e-004 -1.111295e-004
 1.332500e+002 -3.093659e-004 -1.259057e-004
 1.335000e+002 -3.527438e-004 -1.302661e-004
 1.337500e+002 -3.647602e-004 -1.611813e-004
 1.340000e+002 -3.445695e-004 -1.121562e-004
 1.342500e+002 -2.858061e-004 -1.652181e-004
 1.345000e+002 -3.150843e-004 -1.185847e-004
 1.347500e+002 -2.544486e-004 -1.745323e-004
 1.350000e+002 -2.180146e-004 -1.932775e-004
 1.352500e+002 -3.133166e-004 -8.835053e-005
 1.355000e+002 -3.047483e-004 -1.276566e-004
 1.357500e+002 -2.904142e-004 -1.488273e-004
 1.360000e+002 -2.822264e-004 -1.257434e-004
 1.362500e+002 -2.384080e-004 -1.602785e-004
 1.365000e+002 -2.806028e-004 -1.683678e-004
 1.367500e+002 -2.038431e-004 -1.479472e-004
 1.370000e+002 -2.250545e-004 -1.568136e-004
 1.372500e+002 -2.463021e-004 -1.144018e-004
 1.375000e+002 -2.329946e-004 -1.176551e-004
 1.377500e+002 -1.550360e-004 -1.354945e-004
 1.380000e+002 -2.330164e-004 -2.051462e-004
 1.382500e+002 -2.597699e-004 -1.347488e-004
 1.385000e+002 -2.113768e-004 -1.368668e-004
 1.387500e+002 -1.949893e-004 -2.047899e-004
 1.390000e+002 -2.429877e-004 -1.437541e-004
 1.392500e+002 -1.915636e-004 -2.352962e-004
 1.395000e+002 -2.014530e-004 -1.143575e-004
 1.397500e+002 -1.935594e-004 -1.377321e-004
 1.400000e+002 -2.043915e-004 -1.479311e-004
 1.402500e+002 -2.275900e-004 -1.640818e-004
 1.405000e+002 -2.038335e-004 -1.222351e-004
 1.407500e+002 -2.508925e-004 -1.718872e-004
 1.410000e+002 -2.749498e-004 -1.874513e-004
 1.412500e+002 -1.414295e-004 -2.361851e-004
 1.415000e+002 -1.604933e-004 -1.657529e-004
 1.417500e+002 -1.942659e-004 -1.599138e-004
 1.420000e+002 -1.285652e-004 -1.139934e-004
 1.422500e+002 -2.037513e-004 -9.623606e-005
 1.425000e+002 -2.299223e-004 -1.441259e-004
 1.427500e+002 -2.247533e-004 -1.658141e-004
 1.430000e+002 -1.623269e-004 -8.095443e-005
 1.432500e+002 -1.336535e-004 -1.292749e-004
 1.435000e+002 -2.516805e-004 -1.488918e-004
 1.437500e+002 -1.471826e-004 -1.215342e-004
 1.440000e+002 -1.012071e-004 -9.175668e-005
 1.442500e+002 -1.130491e-004 -1.046183e-004
 1.445000e+002 -1.121147e-004 -9.193937e-005
 1.447500e+002 -2.055969e-004 -1.167097e-004
 1.450000e+002 -1.255965e-004 -1.143312e-004
 1.452500e+002 -1.684521e-004 -1.396516e-004
 1.455000e+002 -1.687577e-004 -1.953950e-004
 1.457500e+002 -1.589038e-004 -1.096092e-004
 1.460000e+002 -9.295330e-005 -1.052450e-004
 1.462500e+002 -1.224125e-004 -9.089987e-005
 1.465000e+002 -1.659233e-004 -6.387519e-005
 1.467500e+002 -1.412588e-004 -1.351587e-004
 1.470000e+002 -1.910421e-004 -5.621148e-005
 1.472500e+002 -1.395290e-004 -9.375961e-005
 1.475000e+002 -1.321377e-004 -1.369179e-004
 1.477500e+002 -1.681452e-004 -1.107211e-004
 1.480000e+002 -1.074255e-004 -1.340632e-004
 1.482500e+002 -1.415586e-004 -1.548807e-004
 1.485000e+002 -8.660953e-005 -1.563283e-004
 1.487500e+002 -1.227471e-004 -1.737178e-004
 1.490000e+002 -1.457284e-004 -1.205844e-004
 1.492500e+002 -1.850395e-004 -8.572577e-005
 1.495000e+002 -7.829295e-005 -8.954860e-005
 1.497500e+002 -6.463062e-005 -1.392778e-004
 1.500000e+002 -1.029584e-004 -7.277512e-005
 1.502500e+002 -3.351470e-005 -9.312260e-005
 1.505000e+002 -5.793838e-005 -1.310571e-004
 1.507500e+002 -1.164928e-004 -9.661448e-005
 1.510000e+002 -1.724474e-005 -1.074676e-004
 1.512500e+002 -7.598480e-005 -1.132421e-004
 1.515000e+002 -1.162379e-004 -1.179251e-004
 1.517500e+002 -2.073994e-005 -1.035994e-004
 1.520000e+002 -9.674424e-005 -7.284466e-005
 1.522500e+002 -9.110395e-005 -7.417089e-005
 1.525000e+002 -1.247088e-004 -5.163552e-005
 1.527500e+002 -7.150973e-005 -1.782976e-004
 1.530000e+002 -6.715182e-005 -1.288963e-004
 1.532500e+002 -4.014476e-005 -1.278750e-004
 1.535000e+002 -9.169168e-005 -1.023091e-004
 1.537500e+002  6.978214e-006 -1.120145e-004
 1.540000e+002 -3.857846e-005 -4.826270e-005
 1.542500e+002 -9.201121e-005 -1.691789e-004
 1.545000e+002 -3.879942e-005 -1.551805e-004
 1.547500e+002 -4.506871e-005 -7.540546e-005
 1.550000e+002 -1.148595e-004 -5.652511e-005
 1.552500e+002 -5.429235e-005 -1.541226e-004
 1.555000e+002 -7.672190e-005 -6.924883e-005
 1.557500e+002 -3.575269e-005 -9.507737e-005
 1.560000e+002 -5.149181e-005 -1.183947e-004
 1.562500e+002 -3.989580e-005 -5.584641e-005
 1.565000e+002 -9.538522e-005 -1.355801e-004
 1.567500e+002 -4.678764e-005 -5.895080e-005
 1.570000e+002 -6.446089e-005 -1.126630e-004
 1.572500e+002 -3.375913e-005 -7.061923e-005
 1.575000e+002 -9.403951e-006 -7.461265e-005
 1.577500e+002 -3.725170e-005 -3.338710e-005
 1.580000e+002 -9.325251e-005 -7.302911e-005
 1.582500e+002 -5.064663e-005 -4.066428e-005
 1.585000e+002 -4.793548e-005 -9.176330e-005
 1.587500e+002 -6.418633e-005 -3.625041e-005
 1.590000e+002  1.199825e-005 -8.268460e-005
 1.592500e+002 -2.748599e-005 -3.009163e-005
 1.595000e+002 -2.082812e-007 -4.255639e-005
 1.597500e+002 -6.862158e-006 -1.001424e-004
 1.600000e+002 -2.556805e-006 -4.508056e-005
 1.602500e+002 -3.119933e-005 -6.702037e-005
 1.605000e+002  2.092973e-005 -9.179774e-005
 1.607500e+002 -5.528224e-006 -4.117912e-005
 1.610000e+002 -3.773043e-005 -7.783463e-005
 1.612500e+002 -9.466746e-005  1.338578e-005
 1.615000e+002  2.777241e-005 -4.692151e-005
 1.617500e+002 -1.724056e-005 -5.640999e-006
 1.620000e+002 -4.615791e-005 -7.451054e-005
 1.622500e+002 -6.377198e-006 -8.142472e-005
 1.625000e+002  1.422309e-005 -8.146623e-005
 1.627500e+002  8.512547e-006 -9.396037e-005
 1.630000e+002 -5.208904e-006 -2.255380e-005
 1.632500e+002  2.830092e-005 -3.814880e-005
 1.635000e+002 -1.005634e-005 -3.276551e-005
 1.637500e+002 -5.825523e-005 -6.464172e-005
 1.640000e+002 -1.465711e-006 -1.094328e-004
 1.642500e+002  5.751170e-005 -9.504099e-005
 1.645000e+002  9.856785e-006 -6.460130e-005
 1.647500e+002 -3.141742e-005 -8.149953e-005
 1.650000e+002  5.704442e-005 -6.601222e-005
 1.652500e+002 -4.321242e-006 -1.687327e-005
 1.655000e+002 -2.056403e-005 -6.246695e-005
 1.657500e+002 -9.980999e-005 -1.101169e-004
 1.660000e+002 -2.340449e-005 -6.550559e-005
 1.662500e+002  2.064855e-005 -7.559881e-005
 1.665000e+002 -6.659394e-005 -7.199361e-005
 1.667500e+002 -3.869697e-005 -5.203318e-005
 1.670000e+002  1.107690e-005  5.630599e-005
 1.672500e+002 -6.274943e-005 -6.937494e-006
 1.675000e+002  2.408207e-005  2.528529e-005
 1.677500e+002 -6.484792e-005  2.108660e-005
 1.680000e+002  1.673998e-007  1.439960e-005
 1.682500e+002 -2.602376e-005  3.851276e-005
 1.685000e+002 -1.048182e-005 -9.621991e-006
 1.687500e+002  3.195324e-006 -5.224848e-005
 1.690000e+002 -1.485664e-005 -9.111053e-005
 1.692500e+002 -1.034940e-005 -6.796585e-005
 1.695000e+002  2.026489e-005  1.982749e-005
 1.697500e+002 -1.480399e-005  5.099116e-005
 1.700000e+002 -6.396374e-006  2.790277e-005
 1.702500e+002 -2.834832e-005  1.413608e-005
 1.705000e+002 -2.787524e-005 -1.211111e-006
 1.707500e+002 -4.469487e-005  3.613740e-006
 1.710000e+002 -4.969777e-006  1.399380e-005
 1.712500e+002 -2.472792e-005  8.093158e-006
 1.715000e+002 -1.738380e-005 -6.111936e-005
 1.717500e+002 -3.431855e-005  1.545436e-005
 1.720000e+002 -3.518603e-005  3.758919e-005
 1.722500e+002  1.246113e-005  3.005395e-005
 1.725000e+002 -5.373530e-005  1.480860e-006
 1.727500e+002  1.825801e-006  2.997051e-005
 1.730000e+002  1.892013e-005  5.750975e-005
 1.732500e+002 -2.613728e-005  5.726323e-005
 1.735000e+002 -9.136892e-005  1.302291e-006
 1.737500e+002  8.477732e-006  2.883585e-005
 1.740000e+002  2.448565e-005  1.245786e-005
 1.742500e+002 -1.272638e-005  3.192262e-005
 1.745000e+002 -1.531682e-005  8.826439e-005
 1.747500e+002  8.150632e-005  7.177509e-007
 1.750000e+002  4.929919e-005  4.494869e-005
 1.752500e+002 -1.007376e-004  3.529208e-005
 1.755000e+002  7.049674e-006  5.554168e-005
 1.757500e+002  1.560690e-005  2.182854e-005
 1.760000e+002  2.638347e-005  7.812148e-005
 1.762500e+002  4.673682e-005  7.505794e-005
 1.765000e+002  1.906548e-005  4.847839e-005
 1.767500e+002  3.548741e-005  2.695930e-005
 1.770000e+002 -1.493231e-005  2.800432e-006
 1.772500e+002  5.536303e-005  4.891539e-005
 1.775000e+002 -2.401425e-005  7.675190e-005
 1.777500e+002 -7.372889e-005  1.143747e-004
 1.780000e+002 -3.679258e-005  7.569733e-005
 1.782500e+002 -4.066411e-005  7.638239e-005
 1.785000e+002 -4.907695e-005  7.171840e-005
 1.787500e+002  3.804435e-005  6.199640e-005
 1.790000e+002 -7.018634e-005  6.200534e-005
 1.792500e+002 -1.204555e-005  4.840418e-005
 1.795000e+002 -3.769974e-005  1.692497e-005
 1.797500e+002 -3.700622e-005  6.546412e-005
 1.800000e+002  2.565186e-005  6.439787e-005
 1.802500e+002  2.802282e-005  4.920762e-005
 1.805000e+002 -6.123626e-005  6.847940e-005
 1.807500e+002  5.224434e-005  8.207050e-005
 1.810000e+002 -5.640210e-006  3.493732e-005
 1.812500e+002 -6.399701e-005  5.643784e-005
 1.815000e+002  2.025009e-005  5.968625e-006
 1.817500e+002  3.004997e-005  4.809159e-005
 1.820000e+002  9.247879e-005  3.878433e-005
 1.822500e+002  1.239390e-005  1.230845e-004
 1.825000e+002  3.389796e-005  3.254795e-005
 1.827500e+002 -1.075359e-005  9.200374e-005
 1.830000e+002 -6.531435e-005  6.400129e-005
 1.832500e+002 -4.123224e-005  6.063840e-005
 1.835000e+002  3.486245e-006  3.529807e-005
 1.837500e+002 -2.250579e-005 -1.316324e-005
 1.840000e+002 -1.232597e-005  8.991014e-005
 1.842500e+002  4.894076e-006  9.178927e-005
 1.845000e+002 -2.969320e-005  9.791427e-005
 1.847500e+002 -1.934407e-005  1.610097e-004
 1.850000e+002 -1.118599e-004  1.207382e-004
 1.852500e+002 -6.531808e-006  1.389901e-004
 1.855000e+002  2.915377e-006  5.222769e-005
 1.857500e+002  7.771972e-006  8.660324e-005
 1.860000e+002  1.325882e-005  1.007029e-004
 1.862500e+002 -7.265391e-006  6.882804e-005
 1.865000e+002  1.335032e-005  4.584447e-005
 1.867500e+002 -2.031552e-005  4.339912e-005
 1.870000e+002 -2.470851e-005  9.265255e-005
 1.872500e+002 -7.824391e-005  9.412187e-005
 1.875000e+002 -6.157947e-006  9.491557e-005
 1.877500e+002 -2.204259e-005  9.666760e-005
 1.880000e+002 -9.635905e-005  7.777237e-005
 1.882500e+002 -4.722452e-005  5.602673e-005
 1.885000e+002 -7.072003e-005  1.522700e-004
 1.887500e+002 -7.797977e-005  1.207601e-004
 1.890000e+002 -5.357229e-005  1.306366e-004
 1.892500e+002 -6.701778e-005  9.726101e-005
 1.895000e+002 -1.589782e-005  1.450536e-005
 1.897500e+002 -7.646418e-005  1.530194e-004
 1.900000e+002  3.735336e-005  1.376860e-004
 1.902500e+002 -1.255946e-004  9.924750e-005
 1.905000e+002 -9.172322e-005  1.259470e-004
 1.907500e+002 -5.928024e-005  1.262467e-004
 1.910000e+002 -5.052682e-005  6.630617e-005
 1.912500e+002 -6.628369e-005  8.525374e-005
 1.915000e+002 -1.907807e-006  9.765907e-005
 1.917500e+002 -1.206913e-004  1.446785e-004
 1.920000e+002 -4.698279e-005  1.235985e-004
 1.922500e+002 -6.256427e-005  1.023408e-004
 1.925000e+002 -1.263256e-004  9.473384e-005
 1.927500e+002 -9.464795e-006  1.060794e-004
 1.930000e+002 -4.782722e-005  1.246310e-004
 1.932500e+002 -8.598411e-005  7.586812e-005
 1.935000e+002 -8.087877e-005  8.421532e-005
 1.937500e+002 -8.161748e-005  7.224994e-005
 1.940000e+002 -1.013459e-004  1.453474e-004
 1.942500e+002 -6.916112e-005  7.201955e-005
 1.945000e+002 -1.037632e-004  1.427916e-004
 1.947500e+002 -1.499680e-004  1.746871e-004
 1.950000e+002 -4.123567e-005  1.005961e-004
 1.952500e+002 -6.563757e-005  1.853997e-004
 1.955000e+002 -9.081555e-005  1.363633e-004
 1.957500e+002 -1.628705e-004  1.125983e-004
 1.960000e+002 -1.069636e-004  7.823111e-005
 1.962500e+002 -1.301851e-004  1.327205e-004
 1.965000e+002 -2.933777e-005  1.010051e-004
 1.967500e+002 -1.479460e-004  4.613841e-005
 1.970000e+002 -6.350947e-005  1.137953e-004
 1.972500e+002 -2.511448e-005  1.406928e-004
 1.975000e+002 -5.746350e-005  1.420962e-004
 1.977500e+002 -1.656913e-004  9.253590e-005
 1.980000e+002 -1.599955e-004  1.437149e-004
 1.982500e+002 -4.787666e-005  7.882980e-005
 1.985000e+002 -9.909689e-005  3.465189e-005
 1.987500e+002 -6.361917e-005  7.734675e-005
 1.990000e+002 -1.248545e-004  7.340401e-005
 1.992500e+002 -1.403545e-004  1.179797e-004
 1.995000e+002 -1.168752e-004  1.548299e-004
 1.997500e+002 -6.830762e-005  1.134266e-004
 2.000000e+002 -1.704344e-004  7.329915e-005
 2.002500e+002 -1.082598e-004  9.153036e-005
 2.005000e+002 -1.122788e-004  1.707299e-004
 2.007500e+002 -1.340728e-004  1.310374e-004
 2.010000e+002 -1.462458e-004  1.512487e-004
 2.012500e+002 -1.094525e-004  3.934450e-005
 2.015000e+002 -1.563681e-004  5.992388e-005
 2.017500e+002 -1.278054e-004  3.545049e-005
 2.020000e+002 -1.689703e-004  4.640046e-005
 2.022500e+002 -6.928161e-005  7.831927e-005
 2.025000e+002 -1.011676e-004  4.205428e-005
 2.027500e+002 -6.993050e-005  4.714943e-005
 2.030000e+002 -9.010960e-005  4.099670e-005
 2.032500e+002 -1.541757e-004  5.910305e-005
 2.035000e+002 -1.642476e-004  1.933967e-005
 2.037500e+002 -1.010874e-004  6.900956e-005
 2.040000e+002 -9.933357e-005  1.435525e-004
 2.042500e+002 -1.540146e-004  8.839221e-005
 2.045000e+002 -1.457407e-004  2.155362e-005
 2.047500e+002 -1.357669e-004  7.227812e-005
 2.050000e+002 -1.046920e-004  5.464061e-005
 2.052500e+002 -1.908644e-004  7.503010e-005
 2.055000e+002 -6.821652e-005  8.263020e-005
 2.057500e+002 -1.113539e-004  1.089626e-005
 2.060000e+002 -1.620713e-004  1.107770e-004
 2.062500e+002 -1.634672e-004  3.092184e-005
 2.065000e+002 -1.795299e-004  1.305462e-004
 2.067500e+002 -1.462756e-004  5.919123e-005
 2.070000e+002 -1.081735e-004  1.279318e-004
 2.072500e+002 -1.438944e-004 -2.958435e-005
 2.075000e+002 -2.335057e-004  3.449348e-005
 2.077500e+002 -9.857903e-005  5.038513e-005
 2.080000e+002 -1.375070e-004  3.803383e-005
 2.082500e+002 -1.352490e-004  3.949726e-005
 2.085000e+002 -1.386968e-004 -1.027416e-006
 2.087500e+002 -1.537360e-004  3.106861e-005
 2.090000e+002 -1.971235e-004  3.479740e-005
 2.092500e+002 -1.567770e-004  5.478070e-005
 2.095000e+002 -1.914289e-004  6.483231e-005
 2.097500e+002 -2.298749e-004  4.805738e-005
 2.100000e+002 -1.766798e-004  2.222775e-005
 2.102500e+002 -1.348892e-004  8.890279e-005
 2.105000e+002 -1.517865e-004  6.504256e-007
 2.107500e+002 -1.826945e-004  8.643500e-006
 2.110000e+002 -1.664895e-004 -2.882116e-005
 2.112500e+002 -1.293834e-004  5.504184e-005
 2.115000e+002 -1.461293e-004  2.385696e-005
 2.117500e+002 -1.052442e-004  2.179155e-005
 2.120000e+002 -1.448774e-004  2.882534e-006
 2.122500e+002 -1.243415e-004  5.159407e-005
 2.125000e+002 -1.326813e-004  2.110932e-006
 2.127500e+002 -2.403047e-004  2.086422e-005
 2.130000e+002 -1.226675e-004 -3.288639e-005
 2.132500e+002 -1.378940e-004  5.211590e-005
 2.135000e+002 -1.814915e-004 -5.114811e-006
 2.137500e+002 -2.095179e-004 -1.138025e-005
 2.140000e+002 -1.783953e-004  1.383328e-005
 2.142500e+002 -1.450184e-004 -3.436577e-005
 2.145000e+002 -1.403259e-004 -2.272539e-005
 2.147500e+002 -1.805316e-004  4.430127e-006
 2.150000e+002 -1.157944e-004 -7.390221e-005
 2.152500e+002 -1.490106e-004  4.118790e-005
 2.155000e+002 -1.562634e-004  2.166590e-005
 2.157500e+002 -1.349918e-004 -1.612354e-005
 2.160000e+002 -1.906232e-004  4.682270e-005
 2.162500e+002 -1.542003e-004 -2.163082e-005
 2.165000e+002 -1.885858e-004 -1.832416e-005
 2.167500e+002 -1.385948e-004 -7.358440e-006
 2.170000e+002 -1.497917e-004 -4.005297e-005
 2.172500e+002 -1.508216e-004 -5.474863e-005
 2.175000e+002 -1.675990e-004  9.723634e-007
 2.177500e+002 -1.520626e-004  1.769209e-005
 2.180000e+002 -1.189133e-004 -1.953125e-005
 2.182500e+002 -1.513860e-004 -1.841661e-005
 2.185000e+002 -3.031893e-004 -8.250307e-005
 2.187500e+002 -1.183234e-004 -1.586753e-006
 2.190000e+002 -1.455805e-004 -8.423524e-006
 2.192500e+002 -1.291287e-004 -5.873036e-005
 2.195000e+002 -1.267958e-004  1.948419e-006
 2.197500e+002 -1.366676e-004 -6.100826e-005
 2.200000e+002 -1.231673e-004 -5.061070e-005
 2.202500e+002 -9.392995e-005 -1.191275e-004
 2.205000e+002 -1.865707e-004 -8.291298e-005
 2.207500e+002 -1.768630e-004 -1.227003e-004
 2.210000e+002 -8.930353e-005  1.331777e-005
 2.212500e+002 -2.146429e-004 -1.345824e-004
 2.215000e+002 -1.951143e-004 -9.235870e-005
 2.217500e+002 -2.430228e-004 -1.709934e-005
 2.220000e+002 -1.621790e-004 -9.807807e-005
 2.222500e+002 -1.800539e-004 -5.005860e-005
 2.225000e+002 -7.873863e-005 -6.218994e-005
 2.227500e+002 -1.794666e-004 -7.054342e-005
 2.230000e+002 -1.442661e-004 -9.931325e-005
 2.232500e+002 -9.282376e-005 -9.477592e-005
 2.235000e+002 -1.741993e-004 -1.191932e-004
 2.237500e+002 -1.229303e-004 -5.427406e-005
 2.240000e+002 -5.235468e-005 -9.947678e-005
 2.242500e+002 -1.873597e-004 -4.442405e-005
 2.245000e+002 -1.748825e-004 -6.613911e-005
 2.247500e+002 -9.109728e-005 -3.996741e-005
 2.250000e+002 -1.429914e-004 -8.425002e-005
 2.252500e+002 -1.551057e-004 -5.546979e-005
 2.255000e+002 -5.271499e-005 -6.747973e-005
 2.257500e+002 -1.042047e-004 -1.290541e-004
 2.260000e+002 -1.438331e-004 -5.918671e-005
 2.262500e+002 -3.783192e-005 -1.251353e-004
 2.265000e+002 -1.673071e-004 -7.379694e-005
 2.267500e+002 -6.578457e-005 -1.315798e-004
 2.270000e+002 -9.763359e-005 -1.534807e-004
 2.272500e+002 -1.237217e-004 -1.114143e-005
 2.275000e+002 -1.038367e-004 -1.568957e-004
 2.277500e+002 -1.227280e-004 -1.257251e-004
 2.280000e+002 -1.230145e-004 -1.209630e-004
 2.282500e+002 -4.472107e-005 -1.736419e-004
 2.285000e+002 -5.100986e-005 -2.412833e-004
 2.287500e+002 -1.526320e-004 -1.323133e-004
 2.290000e+002 -7.153402e-005 -1.652933e-004
 2.292500e+002 -3.234806e-005 -1.316421e-004
 2.295000e+002 -7.259228e-005 -1.506017e-004
 2.297500e+002 -7.152598e-005 -1.405423e-004
 2.300000e+002 -9.744905e-005 -1.877170e-004
 2.302500e+002 -3.437128e-005 -1.723624e-004
 2.305000e+002 -8.226754e-005 -1.167983e-004
 2.307500e+002  6.870164e-006 -9.620587e-005
 2.310000e+002  1.587138e-005 -1.476140e-004
 2.312500e+002 -7.543393e-005 -1.979937e-004
 2.315000e+002  4.327771e-005 -1.437715e-004
 2.317500e+002 -2.307167e-005 -2.414767e-004
 2.320000e+002 -8.638807e-005 -1.997560e-004
 2.322500e+002 -6.646748e-005 -1.259183e-004
 2.325000e+002 -2.258187e-005 -1.285250e-004
 2.327500e+002 -5.245620e-005 -1.579023e-004
 2.330000e+002 -5.097616e-005 -2.138910e-004
 2.332500e+002  6.956263e-005 -1.477602e-004
 2.335000e+002 -9.514186e-006 -2.115171e-004
 2.337500e+002  9.648373e-006 -9.717345e-005
 2.340000e+002 -5.750560e-005 -1.269563e-004
 2.342500e+002 -7.347970e-005 -1.200005e-004
 2.345000e+002  3.684574e-005 -9.850408e-005
 2.347500e+002 -4.498172e-005 -1.502142e-004
 2.350000e+002 -4.744796e-005 -1.366602e-004
 2.352500e+002  2.603972e-005 -1.141884e-004
 2.355000e+002  3.882488e-005 -8.005068e-005
 2.357500e+002  3.351932e-005 -1.780354e-004
 2.360000e+002 -1.686336e-005 -1.970579e-004
 2.362500e+002  1.069099e-005 -1.812945e-004
 2.365000e+002  6.312317e-006 -2.019970e-004
 2.367500e+002 -3.992781e-006 -1.539849e-004
 2.370000e+002  3.334600e-005 -1.447477e-004
 2.372500e+002  5.312000e-005 -8.564912e-005
 2.375000e+002  4.634964e-005 -1.072317e-004
 2.377500e+002  3.474163e-005 -1.933901e-004
 2.380000e+002  1.069500e-004 -1.700839e-004
 2.382500e+002  5.155238e-005 -2.171458e-004
 2.385000e+002  8.649244e-005 -1.322460e-004
 2.387500e+002 -1.336815e-005 -2.392016e-004
 2.390000e+002  3.243464e-005 -1.340892e-004
 2.392500e+002  1.465779e-004 -1.996855e-004
 2.395000e+002  1.050203e-004 -1.852249e-004
 2.397500e+002  5.532381e-005 -1.389728e-004
 2.400000e+002  2.974756e-005 -2.493800e-004
 2.402500e+002  9.477117e-005 -1.720273e-004
 2.405000e+002  1.558454e-005 -1.365589e-004
 2.407500e+002  1.297607e-004 -1.109038e-004
 2.410000e+002  7.874601e-005 -1.832826e-004
 2.412500e+002  9.016897e-005 -1.726082e-004
 2.415000e+002  1.030059e-004 -1.489414e-004
 2.417500e+002  1.566188e-004 -1.156848e-004
 2.420000e+002  1.210971e-004 -1.045834e-004
 2.422500e+002  1.387514e-004 -1.792772e-004
 2.425000e+002  2.038075e-004 -6.955170e-005
 2.427500e+002  1.900093e-004 -2.110392e-004
 2.430000e+002  9.932648e-005 -1.450311e-004
 2.432500e+002  2.016165e-004 -1.981828e-004
 2.435000e+002  2.798892e-004 -8.430031e-005
 2.437500e+002  2.163820e-004 -1.005270e-004
 2.440000e+002  1.797819e-004 -1.027644e-004
 2.442500e+002  2.469694e-004 -1.240756e-004
 2.445000e+002  2.399975e-004 -8.019342e-005
 2.447500e+002  2.791184e-004 -3.217980e-004
 2.450000e+002  2.595977e-004 -1.487911e-004
 2.452500e+002  3.309915e-004 -1.144967e-004
 2.455000e+002  2.005893e-004 -5.548811e-005
 2.457500e+002  2.338662e-004 -1.888291e-004
 2.460000e+002  3.062439e-004 -2.624723e-004
 2.462500e+002  3.157340e-004 -3.195264e-004
 2.465000e+002  2.806361e-004 -3.196901e-004
 2.467500e+002  3.255635e-004 -2.495095e-004
 2.470000e+002  3.876758e-004 -3.470102e-004
 2.472500e+002  3.394362e-004 -4.079790e-004
 2.475000e+002  2.252994e-004 -3.740148e-004
 2.477500e+002  2.189375e-004 -4.607768e-004
 2.480000e+002  3.000446e-004 -4.794667e-004
 2.482500e+002  1.700589e-004 -5.222067e-004
 2.485000e+002  8.267828e-005 -6.097625e-004
 2.487500e+002 -1.207501e-004 -5.147432e-004
 2.490000e+002 -2.355289e-004 -4.435867e-004
 2.492500e+002 -2.033975e-004 -3.555779e-004
 2.495000e+002 -6.659442e-005 -1.645287e-004
 2.497500e+002 -2.012948e-004 -2.383795e-004
 2.500000e+002 -1.243669e-004 -1.105366e-004
 2.502500e+002 -1.559914e-004 -6.601308e-005
 2.505000e+002 -1.258182e-004  4.977031e-005
 2.507500e+002 -1.598883e-004 -1.415656e-004
 2.510000e+002 -1.756823e-005  3.781735e-006
 2.512500e+002  1.671668e-005 -4.061306e-005
 2.515000e+002  4.084601e-005 -6.037622e-005
 2.517500e+002 -5.068705e-006 -7.175587e-005
 2.520000e+002  3.305627e-005  6.820015e-005
 2.522500e+002  2.113598e-005 -6.509989e-005
 2.525000e+002  1.204557e-004 -7.028105e-005
 2.527500e+002  9.597045e-005 -1.355170e-004
 2.530000e+002  4.310260e-005 -1.435566e-005
 2.532500e+002  3.578800e-005  5.216558e-005
 2.535000e+002  8.420815e-005  2.132793e-005
 2.537500e+002  7.213470e-005 -2.433965e-005
 2.540000e+002  1.663916e-004 -1.490828e-005
 2.542500e+002  1.037825e-004 -1.113339e-004
 2.545000e+002  1.194962e-004 -5.332072e-005
 2.547500e+002  3.984444e-005 -2.191102e-005
 2.550000e+002  7.941427e-005 -1.135083e-004
 2.552500e+002  9.374669e-005 -6.767028e-005
 2.555000e+002  1.829743e-004 -4.899558e-005
 2.557500e+002  1.126898e-004  1.746259e-005
 2.560000e+002  1.116042e-004  2.799296e-008