 0.000000e+000  9.977735e-001  0.000000e+000
 2.500000e-001  7.062055e-001  0.000000e+000
 5.000000e-001  9.100488e-001  0.000000e+000
 7.500000e-001  9.709369e-001  0.000000e+000
 1.000000e+000  9.786612e-001  0.000000e+000
 1.250000e+000  9.705307e-001  0.000000e+000
 1.500000e+000  9.646271e-001  0.000000e+000
 1.750000e+000  9.520607e-001  0.000000e+000
 2.000000e+000  9.662650e-001  0.000000e+000
 2.250000e+000  8.434462e-001  0.000000e+000
 2.500000e+000  9.360050e-001  0.000000e+000
 2.750000e+000  8.886607e-001  0.000000e+000
 3.000000e+000  4.499782e-001  0.000000e+000
 3.250000e+000  4.439678e-001  0.000000e+000
 3.500000e+000  7.521686e-001  0.000000e+000
 3.750000e+000  8.939407e-001  0.000000e+000
 4.000000e+000  9.429473e-001  0.000000e+000
 4.250000e+000  9.673321e-001  0.000000e+000
 4.500000e+000  9.728168e-001  0.000000e+000
 4.750000e+000  9.811121e-001  0.000000e+000
 5.000000e+000  9.760693e-001  0.000000e+000
 5.250000e+000  9.496091e-001  0.000000e+000
 5.500000e+000  9.566015e-001  0.000000e+000
 5.750000e+000  8.165644e-001  0.000000e+000
 6.000000e+000  5.372069e-001  0.000000e+000
 6.250000e+000  8.627505e-001  0.000000e+000
 6.500000e+000  9.336370e-001  0.000000e+000
 6.750000e+000  9.691944e-001  0.000000e+000
 7.000000e+000  9.545233e-001  0.000000e+000
 7.250000e+000  9.748335e-001  0.000000e+000
 7.500000e+000  9.647115e-001  0.000000e+000
 7.750000e+000  9.708296e-001  0.000000e+000
 8.000000e+000  9.721025e-001  0.000000e+000
 8.250000e+000  9.779229e-001  0.000000e+000
 8.500000e+000  9.634116e-001  0.000000e+000
 8.750000e+000  9.708366e-001  0.000000e+000
 9.000000e+000  9.703152e-001  0.000000e+000
 9.250000e+000  9.716564e-001  0.000000e+000
 9.500000e+000  9.805973e-001  0.000000e+000
 9.750000e+000  9.737028e-001  0.000000e+000
 1.000000e+001  9.776667e-001  0.000000e+000
 1.025000e+001  9.798031e-001  0.000000e+000
 1.050000e+001  9.837077e-001  0.000000e+000
 1.075000e+001  9.874226e-001  0.000000e+000
 1.100000e+001  9.857842e-001  0.000000e+000
 1.125000e+001  9.808826e-001  0.000000e+000
 1.150000e+001  9.880416e-001  0.000000e+000
 1.175000e+001  9.711406e-001  0.000000e+000
 1.200000e+001  9.778107e-001  0.000000e+000
 1.225000e+001  9.792218e-001  0.000000e+000
 1.250000e+001  9.795681e-001  0.000000e+000
 1.275000e+001  9.792752e-001  0.000000e+000
 1.300000e+001  9.860527e-001  0.000000e+000
 1.325000e+001  9.812704e-001  0.000000e+000
 1.350000e+001  9.842415e-001  0.000000e+000
 1.375000e+001  9.872870e-001  0.000000e+000
 1.400000e+001  9.860172e-001  0.000000e+000
 1.425000e+001  9.868739e-001  0.000000e+000
 1.450000e+001  9.828062e-001  0.000000e+000
 1.475000e+001  9.887789e-001  0.000000e+000
 1.500000e+001  9.896407e-001  0.000000e+000
 1.525000e+001  9.857128e-001  0.000000e+000
 1.550000e+001  9.851997e-001  0.000000e+000
 1.575000e+001  9.856961e-001  0.000000e+000
 1.600000e+001  9.889354e-001  0.000000e+000
 1.625000e+001  9.885507e-001  0.000000e+000
 1.650000e+001  9.885188e-001  0.000000e+000
 1.675000e+001  9.913288e-001  0.000000e+000
 1.700000e+001  9.850281e-001  0.000000e+000
 1.725000e+001  9.894585e-001  0.000000e+000
 1.750000e+001  9.859591e-001  0.000000e+000
 1.775000e+001  9.895963e-001  0.000000e+000
 1.800000e+001  9.856439e-001  0.000000e+000
 1.825000e+001  9.872065e-001  0.000000e+000
 1.850000e+001  9.783005e-001  0.000000e+000
 1.875000e+001  9.841295e-001  0.000000e+000
 1.900000e+001  9.859362e-001  0.000000e+000
 1.925000e+001  9.870870e-001  0.000000e+000
 1.950000e+001  9.902273e-001  0.000000e+000
 1.975000e+001  9.863645e-001  0.000000e+000
 2.000000e+001  9.907776e-001  0.000000e+000
 2.025000e+001  9.840731e-001  0.000000e+000
 2.050000e+001  9.914069e-001  0.000000e+000
 2.075000e+001  9.912847e-001  0.000000e+000
 2.100000e+001  9.874891e-001  0.000000e+000
 2.125000e+001  9.863576e-001  0.000000e+000
 2.150000e+001  9.926762e-001  0.000000e+000
 2.175000e+001  9.914926e-001  0.000000e+000
 2.200000e+001  9.897697e-001  0.000000e+000
 2.225000e+001  9.781082e-001  0.000000e+000
 2.250000e+001  9.700815e-001  0.000000e+000
 2.275000e+001  9.812519e-001  0.000000e+000
 2.300000e+001  9.799516e-001  0.000000e+000
 2.325000e+001  9.856215e-001  0.000000e+000
 2.350000e+001  9.835228e-001  0.000000e+000
 2.375000e+001  9.861906e-001  0.000000e+000
 2.400000e+001  9.826185e-001  0.000000e+000
 2.425000e+001  9.862549e-001  0.000000e+000
 2.450000e+001  9.835943e-001  0.000000e+000
 2.475000e+001  9.778145e-001  0.000000e+000
 2.500000e+001  9.827367e-001  0.000000e+000
 2.525000e+001  9.794302e-001  0.000000e+000
 2.550000e+001  9.870175e-001  0.000000e+000
 2.575000e+001  9.838564e-001  0.000000e+000
 2.600000e+001  9.788026e-001  0.000000e+000
 2.625000e+001  9.826152e-001  0.000000e+000
 2.650000e+001  9.854448e-001  0.000000e+000
 2.675000e+001  9.796396e-001  0.000000e+000
 2.700000e+001  9.876624e-001  0.000000e+000
 2.725000e+001  9.832745e-001  0.000000e+000
 2.750000e+001  9.874180e-001  0.000000e+000
 2.775000e+001  9.744692e-001  0.000000e+000
 2.800000e+001  9.834944e-001  0.000000e+000
 2.825000e+001  9.830573e-001  0.000000e+000
 2.850000e+001  9.857234e-001  0.000000e+000
 2.875000e+001  9.852328e-001  0.000000e+000
 2.900000e+001  9.847446e-001  0.000000e+000
 2.925000e+001  9.777341e-001  0.000000e+000
 2.950000e+001  9.892963e-001  0.000000e+000
 2.975000e+001  9.846317e-001  0.000000e+000
 3.000000e+001  9.861952e-001  0.000000e+000
 3.025000e+001  9.782906e-001  0.000000e+000
 3.050000e+001  9.821722e-001  0.000000e+000
 3.075000e+001  9.805787e-001  0.000000e+000
 3.100000e+001  9.809131e-001  0.000000e+000
 3.125000e+001  9.873114e-001  0.000000e+000
 3.150000e+001  9.816302e-001  0.000000e+000
 3.175000e+001  9.850935e-001  0.000000e+000
 3.200000e+001  9.827933e-001  0.000000e+000
 3.225000e+001  9.763753e-001  0.000000e+000
 3.250000e+001  9.824715e-001  0.000000e+000
 3.275000e+001  9.817293e-001  0.000000e+000
 3.300000e+001  9.827198e-001  0.000000e+000
 3.325000e+001  9.782122e-001  0.000000e+000
 3.350000e+001  9.794942e-001  0.000000e+000
 3.375000e+001  9.817603e-001  0.000000e+000
 3.400000e+001  9.802909e-001  0.000000e+000
 3.425000e+001  9.784518e-001  0.000000e+000
 3.450000e+001  9.819741e-001  0.000000e+000
 3.475000e+001  9.736262e-001  0.000000e+000
 3.500000e+001  9.800763e-001  0.000000e+000
 3.525000e+001  9.777140e-001  0.000000e+000
 3.550000e+001  9.736828e-001  0.000000e+000
 3.575000e+001  9.743600e-001  0.000000e+000
 3.600000e+001  9.789119e-001  0.000000e+000
 3.625000e+001  9.737846e-001  0.000000e+000
 3.650000e+001  9.728837e-001  0.000000e+000
 3.675000e+001  9.752910e-001  0.000000e+000
 3.700000e+001  9.737701e-001  0.000000e+000
 3.725000e+001  9.674773e-001  0.000000e+000
 3.750000e+001  9.720770e-001  0.000000e+000
 3.775000e+001  9.706181e-001  0.000000e+000
 3.800000e+001  9.653466e-001  0.000000e+000
 3.825000e+001  9.689223e-001  0.000000e+000
 3.850000e+001  9.643449e-001  0.000000e+000
 3.875000e+001  9.671738e-001  0.000000e+000
 3.900000e+001  9.710003e-001  0.000000e+000
 3.925000e+001  9.672903e-001  0.000000e+000
 3.950000e+001  9.598991e-001  0.000000e+000
 3.975000e+001  9.716018e-001  0.000000e+000
 4.000000e+001  9.601735e-001  0.000000e+000
 4.025000e+001  9.628510e-001  0.000000e+000
 4.050000e+001  9.606357e-001  0.000000e+000
 4.075000e+001  9.531869e-001  0.000000e+000
 4.100000e+001  9.502175e-001  0.000000e+000
 4.125000e+001  9.487693e-001  0.000000e+000
 4.150000e+001  9.601978e-001  0.000000e+000
 4.175000e+001  9.499711e-001  0.000000e+000
 4.200000e+001  9.455295e-001  0.000000e+000
 4.225000e+001  9.424226e-001  0.000000e+000
 4.250000e+001  9.377829e-001  0.000000e+000
 4.275000e+001  9.322316e-001  0.000000e+000
 4.300000e+001  9.334217e-001  0.000000e+000
 4.325000e+001  9.222558e-001  0.000000e+000
 4.350000e+001  9.314194e-001  0.000000e+000
 4.375000e+001  9.307971e-001  0.000000e+000
 4.400000e+001  9.301269e-001  0.000000e+000
 4.425000e+001  9.174480e-001  0.000000e+000
 4.450000e+001  9.290411e-001  0.000000e+000
 4.475000e+001  9.196856e-001  0.000000e+000
 4.500000e+001  8.931552e-001  0.000000e+000
 4.525000e+001  8.998944e-001  0.000000e+000
 4.550000e+001  8.841799e-001  0.000000e+000
 4.575000e+001  8.697432e-001  0.000000e+000
 4.600000e+001  8.910147e-001  0.000000e+000
 4.625000e+001  8.462293e-001  0.000000e+000
 4.650000e+001  8.685783e-001  0.000000e+000
 4.675000e+001  8.251582e-001  0.000000e+000
 4.700000e+001  8.903123e-001  0.000000e+000
 4.725000e+001  8.548084e-001  0.000000e+000
 4.750000e+001  8.184541e-001  0.000000e+000
 4.775000e+001  8.326155e-001  0.000000e+000
 4.800000e+001  7.397388e-001  0.000000e+000
 4.825000e+001  7.769945e-001  0.000000e+000
 4.850000e+001  7.413436e-001  0.000000e+000
 4.875000e+001  7.419006e-001  0.000000e+000
 4.900000e+001  6.989210e-001  0.000000e+000
 4.925000e+001  6.381073e-001  0.000000e+000
 4.950000e+001  6.269049e-001  0.000000e+000
 4.975000e+001  5.978026e-001  0.000000e+000
 5.000000e+001  5.233927e-001  0.000000e+000
 5.025000e+001  3.966570e-001  0.000000e+000
 5.050000e+001  5.226866e-001  0.000000e+000
 5.075000e+001  3.271071e-001  0.000000e+000
 5.100000e+001  4.982532e-001  0.000000e+000
 5.125000e+001  4.672717e-001  0.000000e+000
 5.150000e+001  4.000115e-001  0.000000e+000
 5.175000e+001  2.946341e-001  0.000000e+000
 5.200000e+001  2.656637e-001  0.000000e+000
 5.225000e+001  3.272198e-001  0.000000e+000
 5.250000e+001  3.500223e-001  0.000000e+000
 5.275000e+001  4.945019e-001  0.000000e+000
 5.300000e+001  4.973038e-001  0.000000e+000
 5.325000e+001  5.686985e-001  0.000000e+000
 5.350000e+001  5.793737e-001  0.000000e+000
 5.375000e+001  5.609130e-001  0.000000e+000
 5.400000e+001  6.194040e-001  0.000000e+000
 5.425000e+001  5.777056e-001  0.000000e+000
 5.450000e+001  6.733283e-001  0.000000e+000
 5.475000e+001  6.903177e-001  0.000000e+000
 5.500000e+001  6.940041e-001  0.000000e+000
 5.525000e+001  6.814153e-001  0.000000e+000
 5.550000e+001  7.306748e-001  0.000000e+000
 5.575000e+001  7.203273e-001  0.000000e+000
 5.600000e+001  8.455759e-001  0.000000e+000
 5.625000e+001  8.790756e-001  0.000000e+000
 5.650000e+001  8.953680e-001  0.000000e+000
 5.675000e+001  9.112594e-001  0.000000e+000
 5.700000e+001  9.148521e-001  0.000000e+000
 5.725000e+001  9.495243e-001  0.000000e+000
 5.750000e+001  9.449020e-001  0.000000e+000
 5.775000e+001  9.270810e-001  0.000000e+000
 5.800000e+001  9.449226e-001  0.000000e+000
 5.825000e+001  9.463440e-001  0.000000e+000
 5.850000e+001  9.517557e-001  0.000000e+000
 5.875000e+001  9.573258e-001  0.000000e+000
 5.900000e+001  9.481224e-001  0.000000e+000
 5.925000e+001  9.698684e-001  0.000000e+000
 5.950000e+001  9.725307e-001  0.000000e+000
 5.975000e+001  9.618227e-001  0.000000e+000
 6.000000e+001  9.639398e-001  0.000000e+000
 6.025000e+001  9.440271e-001  0.000000e+000
 6.050000e+001  9.657243e-001  0.000000e+000
 6.075000e+001  9.802477e-001  0.000000e+000
 6.100000e+001  9.696923e-001  0.000000e+000
 6.125000e+001  9.668615e-001  0.000000e+000
 6.150000e+001  9.875600e-001  0.000000e+000
 6.175000e+001  9.824672e-001  0.000000e+000
 6.200000e+001  9.789028e-001  0.000000e+000
 6.225000e+001  9.646224e-001  0.000000e+000
 6.250000e+001  9.894336e-001  0.000000e+000
 6.275000e+001  9.879730e-001  0.000000e+000
 6.300000e+001  9.894698e-001  0.000000e+000
 6.325000e+001  9.859979e-001  0.000000e+000
 6.350000e+001  9.871894e-001  0.000000e+000
 6.375000e+001  9.880083e-001  0.000000e+000
 6.400000e+001  9.878923e-001  0.000000e+000
 6.425000e+001  9.888959e-001  0.000000e+000
 6.450000e+001  9.898731e-001  0.000000e+000
 6.475000e+001  9.853972e-001  0.000000e+000
 6.500000e+001  9.859849e-001  0.000000e+000
 6.525000e+001  9.879613e-001  0.000000e+000
 6.550000e+001  9.931271e-001  0.000000e+000
 6.575000e+001  9.911778e-001  0.000000e+000
 6.600000e+001  9.942659e-001  0.000000e+000
 6.625000e+001  9.910396e-001  0.000000e+000
 6.650000e+001  9.936838e-001  0.000000e+000
 6.675000e+001  9.970258e-001  0.000000e+000
 6.700000e+001  9.962478e-001  0.000000e+000
 6.725000e+001  9.938742e-001  0.000000e+000
 6.750000e+001  9.911327e-001  0.000000e+000
 6.775000e+001  9.952960e-001  0.000000e+000
 6.800000e+001  9.945370e-001  0.000000e+000
 6.825000e+001  9.937195e-001  0.000000e+000
 6.850000e+001  9.956611e-001  0.000000e+000
 6.875000e+001  9.949845e-001  0.000000e+000
 6.900000e+001  9.983012e-001  0.000000e+000
 6.925000e+001  9.962959e-001  0.000000e+000
 6.950000e+001  9.953547e-001  0.000000e+000
 6.975000e+001  9.958431e-001  0.000000e+000
 7.000000e+001  9.962804e-001  0.000000e+000
 7.025000e+001  9.974658e-001  0.000000e+000
 7.050000e+001  9.931070e-001  0.000000e+000
 7.075000e+001  9.966425e-001  0.000000e+000
 7.100000e+001  9.980348e-001  0.000000e+000
 7.125000e+001  9.955199e-001  0.000000e+000
 7.150000e+001  9.982210e-001  0.000000e+000
 7.175000e+001  9.952570e-001  0.000000e+000
 7.200000e+001  9.951499e-001  0.000000e+000
 7.225000e+001  9.941533e-001  0.000000e+000
 7.250000e+001  9.913205e-001  0.000000e+000
 7.275000e+001  9.941146e-001  0.000000e+000
 7.300000e+001  9.848715e-001  0.000000e+000
 7.325000e+001  9.870861e-001  0.000000e+000
 7.350000e+001  9.848522e-001  0.000000e+000
 7.375000e+001  9.833401e-001  0.000000e+000
 7.400000e+001  9.736205e-001  0.000000e+000
 7.425000e+001  9.563206e-001  0.000000e+000
 7.450000e+001  9.571199e-001  0.000000e+000
 7.475000e+001  9.430777e-001  0.000000e+000
 7.500000e+001  9.758053e-001  0.000000e+000
 7.525000e+001  9.909681e-001  0.000000e+000
 7.550000e+001  9.932411e-001  0.000000e+000
 7.575000e+001  9.925050e-001  0.000000e+000
 7.600000e+001  9.955388e-001  0.000000e+000
 7.625000e+001  9.970791e-001  0.000000e+000
 7.650000e+001  9.942960e-001  0.000000e+000
 7.675000e+001  9.942874e-001  0.000000e+000
 7.700000e+001  9.946299e-001  0.000000e+000
 7.725000e+001  9.971125e-001  0.000000e+000
 7.750000e+001  9.954451e-001  0.000000e+000
 7.775000e+001  9.966156e-001  0.000000e+000
 7.800000e+001  9.966539e-001  0.000000e+000
 7.825000e+001  9.970451e-001  0.000000e+000
 7.850000e+001  9.972320e-001  0.000000e+000
 7.875000e+001  9.948024e-001  0.000000e+000
 7.900000e+001  9.945139e-001  0.000000e+000
 7.925000e+001  9.947941e-001  0.000000e+000
 7.950000e+001  9.928514e-001  0.000000e+000
 7.975000e+001  9.937246e-001  0.000000e+000
 8.000000e+001  9.950073e-001  0.000000e+000
 8.025000e+001  9.977899e-001  0.000000e+000
 8.050000e+001  9.941152e-001  0.000000e+000
 8.075000e+001  9.956732e-001  0.000000e+000
 8.100000e+001  9.957083e-001  0.000000e+000
 8.125000e+001  9.954396e-001  0.000000e+000
 8.150000e+001  9.968018e-001  0.000000e+000
 8.175000e+001  9.965069e-001  0.000000e+000
 8.200000e+001  9.933724e-001  0.000000e+000
 8.225000e+001  9.968971e-001  0.000000e+000
 8.250000e+001  9.938547e-001  0.000000e+000
 8.275000e+001  9.936625e-001  0.000000e+000
 8.300000e+001  9.972560e-001  0.000000e+000
 8.325000e+001  9.968083e-001  0.000000e+000
 8.350000e+001  9.943315e-001  0.000000e+000
 8.375000e+001  9.937336e-001  0.000000e+000
 8.400000e+001  9.962803e-001  0.000000e+000
 8.425000e+001  9.965621e-001  0.000000e+000
 8.450000e+001  9.958154e-001  0.000000e+000
 8.475000e+001  9.926927e-001  0.000000e+000
 8.500000e+001  9.906353e-001  0.000000e+000
 8.525000e+001  9.939175e-001  0.000000e+000
 8.550000e+001  9.928350e-001  0.000000e+000
 8.575000e+001  9.908929e-001  0.000000e+000
 8.600000e+001  9.918341e-001  0.000000e+000
 8.625000e+001  9.904838e-001  0.000000e+000
 8.650000e+001  9.935806e-001  0.000000e+000
 8.675000e+001  9.817305e-001  0.000000e+000
 8.700000e+001  9.917488e-001  0.000000e+000
 8.725000e+001  9.901834e-001  0.000000e+000
 8.750000e+001  9.924244e-001  0.000000e+000
 8.775000e+001  9.883062e-001  0.000000e+000
 8.800000e+001  9.861622e-001  0.000000e+000
 8.825000e+001  9.764864e-001  0.000000e+000
 8.850000e+001  9.839759e-001  0.000000e+000
 8.875000e+001  9.868093e-001  0.000000e+000
 8.900000e+001  9.860191e-001  0.000000e+000
 8.925000e+001  9.780517e-001  0.000000e+000
 8.950000e+001  9.750550e-001  0.000000e+000
 8.975000e+001  9.731426e-001  0.000000e+000
 9.000000e+001  9.544876e-001  0.000000e+000
 9.025000e+001  9.294875e-001  0.000000e+000
 9.050000e+001  9.416898e-001  0.000000e+000
 9.075000e+001  9.327624e-001  0.000000e+000
 9.100000e+001  9.445360e-001  0.000000e+000
 9.125000e+001  9.659158e-001  0.000000e+000
 9.150000e+001  9.468393e-001  0.000000e+000
 9.175000e+001  9.573637e-001  0.000000e+000
 9.200000e+001  9.689302e-001  0.000000e+000
 9.225000e+001  9.654436e-001  0.000000e+000
 9.250000e+001  9.770994e-001  0.000000e+000
 9.275000e+001  9.683051e-001  0.000000e+000
 9.300000e+001  9.831477e-001  0.000000e+000
 9.325000e+001  9.913827e-001  0.000000e+000
 9.350000e+001  9.924103e-001  0.000000e+000
 9.375000e+001  9.938846e-001  0.000000e+000
 9.400000e+001  9.950897e-001  0.000000e+000
 9.425000e+001  9.941481e-001  0.000000e+000
 9.450000e+001  9.948873e-001  0.000000e+000
 9.475000e+001  9.935337e-001  0.000000e+000
 9.500000e+001  9.930670e-001  0.000000e+000
 9.525000e+001  9.928686e-001  0.000000e+000
 9.550000e+001  9.957451e-001  0.000000e+000
 9.575000e+001  9.954265e-001  0.000000e+000
 9.600000e+001  9.944726e-001  0.000000e+000
 9.625000e+001  9.921304e-001  0.000000e+000
 9.650000e+001  9.932863e-001  0.000000e+000
 9.675000e+001  9.904515e-001  0.000000e+000
 9.700000e+001  9.881439e-001  0.000000e+000
 9.725000e+001  9.867145e-001  0.000000e+000
 9.750000e+001  9.911554e-001  0.000000e+000
 9.775000e+001  9.928598e-001  0.000000e+000
 9.800000e+001  9.865962e-001  0.000000e+000
 9.825000e+001  9.890383e-001  0.000000e+000
 9.850000e+001  9.844157e-001  0.000000e+000
 9.875000e+001  9.862533e-001  0.000000e+000
 9.900000e+001  9.924681e-001  0.000000e+000
 9.925000e+001  9.897380e-001  0.000000e+000
 9.950000e+001  9.916421e-001  0.000000e+000
 9.975000e+001  9.836021e-001  0.000000e+000
 1.000000e+002  9.861549e-001  0.000000e+000
 1.002500e+002  9.941296e-001  0.000000e+000
 1.005000e+002  9.889811e-001  0.000000e+000
 1.007500e+002  9.848323e-001  0.000000e+000
 1.010000e+002  9.860865e-001  0.000000e+000
 1.012500e+002  9.883660e-001  0.000000e+000
 1.015000e+002  9.819585e-001  0.000000e+000
 1.017500e+002  9.759457e-001  0.000000e+000
 1.020000e+002  9.831230e-001  0.000000e+000
 1.022500e+002  9.860386e-001  0.000000e+000
 1.025000e+002  9.876229e-001  0.000000e+000
 1.027500e+002  9.733749e-001  0.000000e+000
 1.030000e+002  9.697784e-001  0.000000e+000
 1.032500e+002  9.870687e-001  0.000000e+000
 1.035000e+002  9.828447e-001  0.000000e+000
 1.037500e+002  9.803975e-001  0.000000e+000
 1.040000e+002  9.833767e-001  0.000000e+000
 1.042500e+002  9.790944e-001  0.000000e+000
 1.045000e+002  9.828761e-001  0.000000e+000
 1.047500e+002  9.748085e-001  0.000000e+000
 1.050000e+002  9.810289e-001  0.000000e+000
 1.052500e+002  9.800503e-001  0.000000e+000
 1.055000e+002  9.789414e-001  0.000000e+000
 1.057500e+002  9.807824e-001  0.000000e+000
 1.060000e+002  9.630685e-001  0.000000e+000
 1.062500e+002  9.727139e-001  0.000000e+000
 1.065000e+002  9.793690e-001  0.000000e+000
 1.067500e+002  9.826442e-001  0.000000e+000
 1.070000e+002  9.847591e-001  0.000000e+000
 1.072500e+002  9.805894e-001  0.000000e+000
 1.075000e+002  9.756254e-001  0.000000e+000
 1.077500e+002  9.713507e-001  0.000000e+000
 1.080000e+002  9.611877e-001  0.000000e+000
 1.082500e+002  9.673432e-001  0.000000e+000
 1.085000e+002  9.815374e-001  0.000000e+000
 1.087500e+002  9.675640e-001  0.000000e+000
 1.090000e+002  9.765876e-001  0.000000e+000
 1.092500e+002  9.748183e-001  0.000000e+000
 1.095000e+002  9.686784e-001  0.000000e+000
 1.097500e+002  9.664271e-001  0.000000e+000
 1.100000e+002  9.672179e-001  0.000000e+000
 1.102500e+002  9.726356e-001  0.000000e+000
 1.105000e+002  9.631460e-001  0.000000e+000
 1.107500e+002  9.412105e-001  0.000000e+000
 1.110000e+002  9.696876e-001  0.000000e+000
 1.112500e+002  9.692342e-001  0.000000e+000
 1.115000e+002  9.791662e-001  0.000000e+000
 1.117500e+002  9.478919e-001  0.000000e+000
 1.120000e+002  9.519731e-001  0.000000e+000
 1.122500e+002  9.780681e-001  0.000000e+000
 1.125000e+002  9.667860e-001  0.000000e+000
 1.127500e+002  9.780464e-001  0.000000e+000
 1.130000e+002  9.596157e-001  0.000000e+000
 1.132500e+002  9.576574e-001  0.000000e+000
 1.135000e+002  9.427842e-001  0.000000e+000
 1.137500e+002  9.472076e-001  0.000000e+000
 1.140000e+002  9.138489e-001  0.000000e+000
 1.142500e+002  9.395350e-001  0.000000e+000
 1.145000e+002  9.555931e-001  0.000000e+000
 1.147500e+002  9.430186e-001  0.000000e+000
 1.150000e+002  8.714612e-001  0.000000e+000
 1.152500e+002  9.350901e-001  0.000000e+000
 1.155000e+002  9.702997e-001  0.000000e+000
 1.157500e+002  9.624875e-001  0.000000e+000
 1.160000e+002  9.506146e-001  0.000000e+000
 1.162500e+002  9.769007e-001  0.000000e+000
 1.165000e+002  9.559665e-001  0.000000e+000
 1.167500e+002  9.623716e-001  0.000000e+000
 1.170000e+002  9.201621e-001  0.000000e+000
 1.172500e+002  9.621615e-001  0.000000e+000
 1.175000e+002  9.342148e-001  0.000000e+000
 1.177500e+002  9.343625e-001  0.000000e+000
 1.180000e+002  9.521382e-001  0.000000e+000
 1.182500e+002  9.340259e-001  0.000000e+000
 1.185000e+002  9.404574e-001  0.000000e+000
 1.187500e+002  9.544557e-001  0.000000e+000
 1.190000e+002  9.536943e-001  0.000000e+000
 1.192500e+002  9.209698e-001  0.000000e+000
 1.195000e+002  9.219813e-001  0.000000e+000
 1.197500e+002  9.457173e-001  0.000000e+000
 1.200000e+002  9.138975e-001  0.000000e+000
 1.202500e+002  9.373046e-001  0.000000e+000
 1.205000e+002  9.340854e-001  0.000000e+000
 1.207500e+002  9.457292e-001  0.000000e+000
 1.210000e+002  9.233524e-001  0.000000e+000
 1.212500e+002  9.270118e-001  0.000000e+000
 1.215000e+002  9.465142e-001  0.000000e+000
 1.217500e+002  9.498252e-001  0.000000e+000
 1.220000e+002  9.507560e-001  0.000000e+000
 1.222500e+002  9.140183e-001  0.000000e+000
 1.225000e+002  9.287415e-001  0.000000e+000
 1.227500e+002  9.372607e-001  0.000000e+000
 1.230000e+002  9.276086e-001  0.000000e+000
 1.232500e+002  8.945471e-001  0.000000e+000
 1.235000e+002  8.722525e-001  0.000000e+000
 1.237500e+002  9.528151e-001  0.000000e+000
 1.240000e+002  9.644620e-001  0.000000e+000
 1.242500e+002  9.220645e-001  0.000000e+000
 1.245000e+002  8.997595e-001  0.000000e+000
 1.247500e+002  9.572011e-001  0.000000e+000
 1.250000e+002  9.224688e-001  0.000000e+000
 1.252500e+002  9.012064e-001  0.000000e+000
 1.255000e+002  9.511533e-001  0.000000e+000
 1.257500e+002  9.495023e-001  0.000000e+000
 1.260000e+002  9.489834e-001  0.000000e+000
 1.262500e+002  9.503388e-001  0.000000e+000
 1.265000e+002  9.232371e-001  0.000000e+000
 1.267500e+002  8.511441e-001  0.000000e+000
 1.270000e+002  9.406813e-001  0.000000e+000
 1.272500e+002  9.050940e-001  0.000000e+000
 1.275000e+002  9.096844e-001  0.000000e+000
 1.277500e+002  9.322070e-001  0.000000e+000
 1.280000e+002  9.557323e-001  0.000000e+000
 1.282500e+002  9.448856e-001  0.000000e+000
 1.285000e+002  8.995740e-001  0.000000e+000
 1.287500e+002  9.222499e-001  0.000000e+000
 1.290000e+002  9.228198e-001  0.000000e+000
 1.292500e+002  9.263314e-001  0.000000e+000
 1.295000e+002  9.165551e-001  0.000000e+000
 1.297500e+002  8.827854e-001  0.000000e+000
 1.300000e+002  9.565163e-001  0.000000e+000
 1.302500e+002  9.106421e-001  0.000000e+000
 1.305000e+002  9.462503e-001  0.000000e+000
 1.307500e+002  9.190233e-001  0.000000e+000
 1.310000e+002  9.091674e-001  0.000000e+000
 1.312500e+002  9.156761e-001  0.000000e+000
 1.315000e+002  9.120913e-001  0.000000e+000
 1.317500e+002  9.536752e-001  0.000000e+000
 1.320000e+002  9.385045e-001  0.000000e+000
 1.322500e+002  9.241534e-001  0.000000e+000
 1.325000e+002  9.273382e-001  0.000000e+000
 1.327500e+002  9.433822e-001  0.000000e+000
 1.330000e+002  9.000139e-001  0.000000e+000
 1.332500e+002  9.534160e-001  0.000000e+000
 1.335000e+002  9.230798e-001  0.000000e+000
 1.337500e+002  9.195849e-001  0.000000e+000
 1.340000e+002  9.520999e-001  0.000000e+000
 1.342500e+002  9.609191e-001  0.000000e+000
 1.345000e+002  8.850081e-001  0.000000e+000
 1.347500e+002  9.074683e-001  0.000000e+000
 1.350000e+002  8.979115e-001  0.000000e+000
 1.352500e+002  9.258309e-001  0.000000e+000
 1.355000e+002  9.043911e-001  0.000000e+000
 1.357500e+002  9.507040e-001  0.000000e+000
 1.360000e+002  9.269294e-001  0.000000e+000
 1.362500e+002  9.094618e-001  0.000000e+000
 1.365000e+002  8.937756e-001  0.000000e+000
 1.367500e+002  9.313967e-001  0.000000e+000
 1.370000e+002  9.071767e-001  0.000000e+000
 1.372500e+002  9.051442e-001  0.000000e+000
 1.375000e+002  9.088714e-001  0.000000e+000
 1.377500e+002  9.656341e-001  0.000000e+000
 1.380000e+002  9.004627e-001  0.000000e+000
 1.382500e+002  9.518757e-001  0.000000e+000
 1.385000e+002  9.309329e-001  0.000000e+000
 1.387500e+002  9.309449e-001  0.000000e+000
 1.390000e+002  9.040049e-001  0.000000e+000
 1.392500e+002  9.278750e-001  0.000000e+000
 1.395000e+002  9.305109e-001  0.000000e+000
 1.397500e+002  9.267263e-001  0.000000e+000
 1.400000e+002  9.272073e-001  0.000000e+000
 1.402500e+002  9.190031e-001  0.000000e+000
 1.405000e+002  9.047955e-001  0.000000e+000
 1.407500e+002  9.122251e-001  0.000000e+000
 1.410000e+002  9.500519e-001  0.000000e+000
 1.412500e+002  9.067308e-001  0.000000e+000
 1.415000e+002  8.951916e-001  0.000000e+000
 1.417500e+002  9.268441e-001  0.000000e+000
 1.420000e+002  9.078210e-001  0.000000e+000
 1.422500e+002  8.904688e-001  0.000000e+000
 1.425000e+002  9.210032e-001  0.000000e+000
 1.427500e+002  9.034340e-001  0.000000e+000
 1.430000e+002  8.980100e-001  0.000000e+000
 1.432500e+002  8.908432e-001  0.000000e+000
 1.435000e+002  9.340253e-001  0.000000e+000
 1.437500e+002  9.068685e-001  0.000000e+000
 1.440000e+002  8.827394e-001  0.000000e+000
 1.442500e+002  9.428211e-001  0.000000e+000
 1.445000e+002  8.462507e-001  0.000000e+000
 1.447500e+002  9.006319e-001  0.000000e+000
 1.450000e+002  9.112973e-001  0.000000e+000
 1.452500e+002  9.004350e-001  0.000000e+000
 1.455000e+002  8.330376e-001  0.000000e+000
 1.457500e+002  9.124798e-001  0.000000e+000
 1.460000e+002  9.249732e-001  0.000000e+000
 1.462500e+002  9.058447e-001  0.000000e+000
 1.465000e+002  8.695965e-001  0.000000e+000
 1.467500e+002  9.269800e-001  0.000000e+000
 1.470000e+002  8.640606e-001  0.000000e+000
 1.472500e+002  9.006388e-001  0.000000e+000
 1.475000e+002  9.027017e-001  0.000000e+000
 1.477500e+002  8.968195e-001  0.000000e+000
 1.480000e+002  9.048830e-001  0.000000e+000
 1.482500e+002  8.503920e-001  0.000000e+000
 1.485000e+002  8.727997e-001  0.000000e+000
 1.487500e+002  9.137621e-001  0.000000e+000
 1.490000e+002  9.083213e-001  0.000000e+000
 1.492500e+002  9.137795e-001  0.000000e+000
 1.495000e+002  9.078370e-001  0.000000e+000
 1.497500e+002  8.649887e-001  0.000000e+000
 1.500000e+002  8.823447e-001  0.000000e+000
 1.502500e+002  9.343954e-001  0.000000e+000
 1.505000e+002  9.200490e-001  0.000000e+000
 1.507500e+002  8.248539e-001  0.000000e+000
 1.510000e+002  9.228825e-001  0.000000e+000
 1.512500e+002  9.209740e-001  0.000000e+000
 1.515000e+002  9.079070e-001  0.000000e+000
 1.517500e+002  9.371344e-001  0.000000e+000
 1.520000e+002  8.859712e-001  0.000000e+000
 1.522500e+002  9.320347e-001  0.000000e+000
 1.525000e+002  8.825749e-001  0.000000e+000
 1.527500e+002  9.526326e-001  0.000000e+000
 1.530000e+002  8.733245e-001  0.000000e+000
 1.532500e+002  8.962831e-001  0.000000e+000
 1.535000e+002  8.931952e-001  0.000000e+000
 1.537500e+002  9.309835e-001  0.000000e+000
 1.540000e+002  9.062940e-001  0.000000e+000
 1.542500e+002  9.184325e-001  0.000000e+000
 1.545000e+002  9.269514e-001  0.000000e+000
 1.547500e+002  9.108627e-001  0.000000e+000
 1.550000e+002  9.129564e-001  0.000000e+000
 1.552500e+002  8.987115e-001  0.000000e+000
 1.555000e+002  9.219903e-001  0.000000e+000
 1.557500e+002  9.528361e-001  0.000000e+000
 1.560000e+002  8.857584e-001  0.000000e+000
 1.562500e+002  8.845470e-001  0.000000e+000
 1.565000e+002  8.457384e-001  0.000000e+000
 1.567500e+002  8.752208e-001  0.000000e+000
 1.570000e+002  9.214919e-001  0.000000e+000
 1.572500e+002  8.729465e-001  0.000000e+000
 1.575000e+002  8.850778e-001  0.000000e+000
 1.577500e+002  9.120805e-001  0.000000e+000
 1.580000e+002  8.613680e-001  0.000000e+000
 1.582500e+002  8.939893e-001  0.000000e+000
 1.585000e+002  9.396445e-001  0.000000e+000
 1.587500e+002  9.366630e-001  0.000000e+000
 1.590000e+002  8.629377e-001  0.000000e+000
 1.592500e+002  8.847850e-001  0.000000e+000
 1.595000e+002  8.822163e-001  0.000000e+000
 1.597500e+002  9.018446e-001  0.000000e+000
 1.600000e+002  8.886739e-001  0.000000e+000
 1.602500e+002  8.820572e-001  0.000000e+000
 1.605000e+002  9.205975e-001  0.000000e+000
 1.607500e+002  9.357036e-001  0.000000e+000
 1.610000e+002  9.237780e-001  0.000000e+000
 1.612500e+002  8.168404e-001  0.000000e+000
 1.615000e+002  8.414779e-001  0.000000e+000
 1.617500e+002  8.675040e-001  0.000000e+000
 1.620000e+002  8.009602e-001  0.000000e+000
 1.622500e+002  9.290076e-001  0.000000e+000
 1.625000e+002  8.601196e-001  0.000000e+000
 1.627500e+002  8.689315e-001  0.000000e+000
 1.630000e+002  8.583753e-001  0.000000e+000
 1.632500e+002  8.568708e-001  0.000000e+000
 1.635000e+002  8.722908e-001  0.000000e+000
 1.637500e+002  8.846400e-001  0.000000e+000
 1.640000e+002  8.584998e-001  0.000000e+000
 1.642500e+002  8.403797e-001  0.000000e+000
 1.645000e+002  9.483742e-001  0.000000e+000
 1.647500e+002  9.093492e-001  0.000000e+000
 1.650000e+002  9.424977e-001  0.000000e+000
 1.652500e+002  9.129329e-001  0.000000e+000
 1.655000e+002  8.491357e-001  0.000000e+000
 1.657500e+002  9.132715e-001  0.000000e+000
 1.660000e+002  9.107564e-001  0.000000e+000
 1.662500e+002  9.334977e-001  0.000000e+000
 1.665000e+002  9.494318e-001  0.000000e+000
 1.667500e+002  9.130467e-001  0.000000e+000
 1.670000e+002  9.311770e-001  0.000000e+000
 1.672500e+002  9.402495e-001  0.000000e+000
 1.675000e+002  9.370226e-001  0.000000e+000
 1.677500e+002  8.994671e-001  0.000000e+000
 1.680000e+002  9.291566e-001  0.000000e+000
 1.682500e+002  9.458141e-001  0.000000e+000
 1.685000e+002  9.429847e-001  0.000000e+000
 1.687500e+002  9.036998e-001  0.000000e+000
 1.690000e+002  9.441943e-001  0.000000e+000
 1.692500e+002  9.214664e-001  0.000000e+000
 1.695000e+002  8.337835e-001  0.000000e+000
 1.697500e+002  9.264428e-001  0.000000e+000
 1.700000e+002  9.413905e-001  0.000000e+000
 1.702500e+002  8.934649e-001  0.000000e+000
 1.705000e+002  9.336206e-001  0.000000e+000
 1.707500e+002  9.432265e-001  0.000000e+000
 1.710000e+002  8.491191e-001  0.000000e+000
 1.712500e+002  8.854845e-001  0.000000e+000
 1.715000e+002  8.881297e-001  0.000000e+000
 1.717500e+002  8.346644e-001  0.000000e+000
 1.720000e+002  9.114127e-001  0.000000e+000
 1.722500e+002  8.674073e-001  0.000000e+000
 1.725000e+002  8.810202e-001  0.000000e+000
 1.727500e+002  9.489618e-001  0.000000e+000
 1.730000e+002  9.509827e-001  0.000000e+000
 1.732500e+002  9.244266e-001  0.000000e+000
 1.735000e+002  8.837509e-001  0.000000e+000
 1.737500e+002  8.521842e-001  0.000000e+000
 1.740000e+002  8.839631e-001  0.000000e+000
 1.742500e+002  8.944757e-001  0.000000e+000
 1.745000e+002  8.970706e-001  0.000000e+000
 1.747500e+002  8.572018e-001  0.000000e+000
 1.750000e+002  8.660558e-001  0.000000e+000
 1.752500e+002  9.318700e-001  0.000000e+000
 1.755000e+002  9.116740e-001  0.000000e+000
 1.757500e+002  8.982469e-001  0.000000e+000
 1.760000e+002  8.940818e-001  0.000000e+000
 1.762500e+002  9.300696e-001  0.000000e+000
 1.765000e+002  9.084996e-001  0.000000e+000
 1.767500e+002  8.576022e-001  0.000000e+000
 1.770000e+002  9.109845e-001  0.000000e+000
 1.772500e+002  8.324482e-001  0.000000e+000
 1.775000e+002  8.074550e-001  0.000000e+000
 1.777500e+002  8.308100e-001  0.000000e+000
 1.780000e+002  9.159517e-001  0.000000e+000
 1.782500e+002  8.183345e-001  0.000000e+000
 1.785000e+002  8.612070e-001  0.000000e+000
 1.787500e+002  7.507364e-001  0.000000e+000
 1.790000e+002  8.284686e-001  0.000000e+000
 1.792500e+002  7.995616e-001  0.000000e+000
 1.795000e+002  8.712910e-001  0.000000e+000
 1.797500e+002  8.933231e-001  0.000000e+000
 1.800000e+002  8.022693e-001  0.000000e+000
 1.802500e+002  8.848609e-001  0.000000e+000
 1.805000e+002  8.373485e-001  0.000000e+000
 1.807500e+002  9.153508e-001  0.000000e+000
 1.810000e+002  7.879246e-001  0.000000e+000
 1.812500e+002  8.300837e-001  0.000000e+000
 1.815000e+002  7.874629e-001  0.000000e+000
 1.817500e+002  7.635346e-001  0.000000e+000
 1.820000e+002  8.245050e-001  0.000000e+000
 1.822500e+002  8.980767e-001  0.000000e+000
 1.825000e+002  9.071748e-001  0.000000e+000
 1.827500e+002  8.952849e-001  0.000000e+000
 1.830000e+002  8.983192e-001  0.000000e+000
 1.832500e+002  8.400415e-001  0.000000e+000
 1.835000e+002  7.968361e-001  0.000000e+000
 1.837500e+002  8.059691e-001  0.000000e+000
 1.840000e+002  8.078626e-001  0.000000e+000
 1.842500e+002  8.469588e-001  0.000000e+000
 1.845000e+002  8.416541e-001  0.000000e+000
 1.847500e+002  8.596454e-001  0.000000e+000
 1.850000e+002  7.577156e-001  0.000000e+000
 1.852500e+002  7.356081e-001  0.000000e+000
 1.855000e+002  8.185724e-001  0.000000e+000
 1.857500e+002  7.978539e-001  0.000000e+000
 1.860000e+002  7.674155e-001  0.000000e+000
 1.862500e+002  8.033438e-001  0.000000e+000
 1.865000e+002  7.667087e-001  0.000000e+000
 1.867500e+002  8.482451e-001  0.000000e+000
 1.870000e+002  8.350454e-001  0.000000e+000
 1.872500e+002  8.088956e-001  0.000000e+000
 1.875000e+002  7.572183e-001  0.000000e+000
 1.877500e+002  7.957777e-001  0.000000e+000
 1.880000e+002  8.280675e-001  0.000000e+000
 1.882500e+002  8.570607e-001  0.000000e+000
 1.885000e+002  7.968168e-001  0.000000e+000
 1.887500e+002  8.477820e-001  0.000000e+000
 1.890000e+002  7.870136e-001  0.000000e+000
 1.892500e+002  8.580391e-001  0.000000e+000
 1.895000e+002  9.170482e-001  0.000000e+000
 1.897500e+002  8.522674e-001  0.000000e+000
 1.900000e+002  8.230276e-001  0.000000e+000
 1.902500e+002  7.223303e-001  0.000000e+000
 1.905000e+002  6.983951e-001  0.000000e+000
 1.907500e+002  8.394861e-001  0.000000e+000
 1.910000e+002  8.745316e-001  0.000000e+000
 1.912500e+002  8.653887e-001  0.000000e+000
 1.915000e+002  8.728204e-001  0.000000e+000
 1.917500e+002  7.555839e-001  0.000000e+000
 1.920000e+002  7.585779e-001  0.000000e+000
 1.922500e+002  8.278561e-001  0.000000e+000
 1.925000e+002  7.871122e-001  0.000000e+000
 1.927500e+002  8.108291e-001  0.000000e+000
 1.930000e+002  8.077142e-001  0.000000e+000
 1.932500e+002  7.752437e-001  0.000000e+000
 1.935000e+002  8.238786e-001  0.000000e+000
 1.937500e+002  8.486360e-001  0.000000e+000
 1.940000e+002  8.104410e-001  0.000000e+000
 1.942500e+002  7.760294e-001  0.000000e+000
 1.945000e+002  8.324757e-001  0.000000e+000
 1.947500e+002  7.445681e-001  0.000000e+000
 1.950000e+002  8.861709e-001  0.000000e+000
 1.952500e+002  8.120931e-001  0.000000e+000
 1.955000e+002  6.538050e-001  0.000000e+000
 1.957500e+002  7.238719e-001  0.000000e+000
 1.960000e+002  6.833832e-001  0.000000e+000
 1.962500e+002  7.629352e-001  0.000000e+000
 1.965000e+002  6.623079e-001  0.000000e+000
 1.967500e+002  7.943048e-001  0.000000e+000
 1.970000e+002  6.319368e-001  0.000000e+000
 1.972500e+002  6.961351e-001  0.000000e+000
 1.975000e+002  6.998593e-001  0.000000e+000
 1.977500e+002  6.384010e-001  0.000000e+000
 1.980000e+002  5.968443e-001  0.000000e+000
 1.982500e+002  7.807502e-001  0.000000e+000
 1.985000e+002  7.039999e-001  0.000000e+000
 1.987500e+002  6.315442e-001  0.000000e+000
 1.990000e+002  6.793611e-001  0.000000e+000
 1.992500e+002  6.824490e-001  0.000000e+000
 1.995000e+002  6.759487e-001  0.000000e+000
 1.997500e+002  6.278434e-001  0.000000e+000
 2.000000e+002  6.815153e-001  0.000000e+000
 2.002500e+002  6.190853e-001  0.000000e+000
 2.005000e+002  7.289261e-001  0.000000e+000
 2.007500e+002  7.771964e-001  0.000000e+000
 2.010000e+002  7.954770e-001  0.000000e+000
 2.012500e+002  6.621793e-001  0.000000e+000
 2.015000e+002  5.457070e-001  0.000000e+000
 2.017500e+002  6.436220e-001  0.000000e+000
 2.020000e+002  5.421289e-001  0.000000e+000
 2.022500e+002  6.795315e-001  0.000000e+000
 2.025000e+002  6.104932e-001  0.000000e+000
 2.027500e+002  5.873531e-001  0.000000e+000
 2.030000e+002  7.000975e-001  0.000000e+000
 2.032500e+002  5.779884e-001  0.000000e+000
 2.035000e+002  5.983392e-001  0.000000e+000
 2.037500e+002  7.044989e-001  0.000000e+000
 2.040000e+002  6.121473e-001  0.000000e+000
 2.042500e+002  8.053482e-001  0.000000e+000
 2.045000e+002  6.279743e-001  0.000000e+000
 2.047500e+002  4.250489e-001  0.000000e+000
 2.050000e+002  3.396701e-001  0.000000e+000
 2.052500e+002  4.568881e-001  0.000000e+000
 2.055000e+002  5.175545e-001  0.000000e+000
 2.057500e+002  7.937468e-001  0.000000e+000
 2.060000e+002  6.883596e-001  0.000000e+000
 2.062500e+002  6.128162e-001  0.000000e+000
 2.065000e+002  6.595904e-001  0.000000e+000
 2.067500e+002  4.489485e-001  0.000000e+000
 2.070000e+002  5.428418e-001  0.000000e+000
 2.072500e+002  4.707831e-001  0.000000e+000
 2.075000e+002  4.356134e-001  0.000000e+000
 2.077500e+002  4.783044e-001  0.000000e+000
 2.080000e+002  5.241417e-001  0.000000e+000
 2.082500e+002  4.325362e-001  0.000000e+000
 2.085000e+002  4.782459e-001  0.000000e+000
 2.087500e+002  2.931877e-001  0.000000e+000
 2.090000e+002  4.344198e-001  0.000000e+000
 2.092500e+002  3.158056e-001  0.000000e+000
 2.095000e+002  4.465534e-001  0.000000e+000
 2.097500e+002  2.521225e-001  0.000000e+000
 2.100000e+002  6.514583e-001  0.000000e+000
 2.102500e+002  2.774503e-001  0.000000e+000
 2.105000e+002  4.813492e-001  0.000000e+000
 2.107500e+002  2.267771e-001  0.000000e+000
 2.110000e+002  3.895223e-001  0.000000e+000
 2.112500e+002  3.771607e-001  0.000000e+000
 2.115000e+002  3.417387e-001  0.000000e+000
 2.117500e+002  3.104290e-001  0.000000e+000
 2.120000e+002  2.811009e-001  0.000000e+000
 2.122500e+002  4.487678e-001  0.000000e+000
 2.125000e+002  2.311640e-001  0.000000e+000
 2.127500e+002  2.503017e-001  0.000000e+000
 2.130000e+002  2.599923e-001  0.000000e+000
 2.132500e+002  5.646257e-001  0.000000e+000
 2.135000e+002  4.391701e-001  0.000000e+000
 2.137500e+002  7.312660e-001  0.000000e+000
 2.140000e+002  3.768423e-001  0.000000e+000
 2.142500e+002  4.274175e-001  0.000000e+000
 2.145000e+002  1.957005e-001  0.000000e+000
 2.147500e+002  6.192473e-001  0.000000e+000
 2.150000e+002  5.288633e-001  0.000000e+000
 2.152500e+002  4.314116e-001  0.000000e+000
 2.155000e+002  3.361609e-001  0.000000e+000
 2.157500e+002  4.327572e-001  0.000000e+000
 2.160000e+002  5.630514e-001  0.000000e+000
 2.162500e+002  1.763923e-001  0.000000e+000
 2.165000e+002  2.325029e-001  0.000000e+000
 2.167500e+002  1.511613e-001  0.000000e+000
 2.170000e+002  1.479911e-001  0.000000e+000
 2.172500e+002  2.012443e-001  0.000000e+000
 2.175000e+002  3.668956e-001  0.000000e+000
 2.177500e+002  1.224628e-001  0.000000e+000
 2.180000e+002  2.659818e-001  0.000000e+000
 2.182500e+002  3.153646e-001  0.000000e+000
 2.185000e+002  3.335212e-001  0.000000e+000
 2.187500e+002  2.891986e-001  0.000000e+000
 2.190000e+002  5.444663e-001  0.000000e+000
 2.192500e+002  2.169297e-001  0.000000e+000
 2.195000e+002  3.727301e-001  0.000000e+000
 2.197500e+002  5.123767e-001  0.000000e+000
 2.200000e+002  4.824664e-001  0.000000e+000
 2.202500e+002  5.919886e-001  0.000000e+000
 2.205000e+002  2.392014e-001  0.000000e+000
 2.207500e+002  3.179423e-001  0.000000e+000
 2.210000e+002  4.635809e-001  0.000000e+000
 2.212500e+002  2.365919e-001  0.000000e+000
 2.215000e+002  4.792496e-001  0.000000e+000
 2.217500e+002  4.513254e-001  0.000000e+000
 2.220000e+002  3.064077e-001  0.000000e+000
 2.222500e+002  5.211049e-001  0.000000e+000
 2.225000e+002  4.408562e-001  0.000000e+000
 2.227500e+002  2.970462e-001  0.000000e+000
 2.230000e+002  5.058243e-001  0.000000e+000
 2.232500e+002  6.227794e-001  0.000000e+000
 2.235000e+002  3.188339e-001  0.000000e+000
 2.237500e+002  4.706093e-001  0.000000e+000
 2.240000e+002  6.195551e-001  0.000000e+000
 2.242500e+002  5.858164e-001  0.000000e+000
 2.245000e+002  5.572494e-001  0.000000e+000
 2.247500e+002  3.602904e-001  0.000000e+000
 2.250000e+002  3.850383e-001  0.000000e+000
 2.252500e+002  7.100399e-001  0.000000e+000
 2.255000e+002  5.662878e-001  0.000000e+000
 2.257500e+002  4.789421e-001  0.000000e+000
 2.260000e+002  2.709979e-001  0.000000e+000
 2.262500e+002  5.166940e-001  0.000000e+000
 2.265000e+002  2.584704e-001  0.000000e+000
 2.267500e+002  5.502430e-001  0.000000e+000
 2.270000e+002  5.281258e-001  0.000000e+000
 2.272500e+002  3.411838e-001  0.000000e+000
 2.275000e+002  5.162141e-001  0.000000e+000
 2.277500e+002  6.506736e-001  0.000000e+000
 2.280000e+002  5.556654e-001  0.000000e+000
 2.282500e+002  4.890326e-001  0.000000e+000
 2.285000e+002  5.870621e-001  0.000000e+000
 2.287500e+002  5.999584e-001  0.000000e+000
 2.290000e+002  7.430769e-001  0.000000e+000
 2.292500e+002  7.804118e-001  0.000000e+000
 2.295000e+002  6.365539e-001  0.000000e+000
 2.297500e+002  4.843101e-001  0.000000e+000
 2.300000e+002  4.811081e-001  0.000000e+000
 2.302500e+002  6.884803e-001  0.000000e+000
 2.305000e+002  5.653452e-001  0.000000e+000
 2.307500e+002  6.802670e-001  0.000000e+000
 2.310000e+002  5.713695e-001  0.000000e+000
 2.312500e+002  5.574650e-001  0.000000e+000
 2.315000e+002  4.583154e-001  0.000000e+000
 2.317500e+002  5.225158e-001  0.000000e+000
 2.320000e+002  4.321117e-001  0.000000e+000
 2.322500e+002  5.266561e-001  0.000000e+000
 2.325000e+002  6.555376e-001  0.000000e+000
 2.327500e+002  6.858522e-001  0.000000e+000
 2.330000e+002  5.050746e-001  0.000000e+000
 2.332500e+002  7.167358e-001  0.000000e+000
 2.335000e+002  4.901643e-001  0.000000e+000
 2.337500e+002  7.519503e-001  0.000000e+000
 2.340000e+002  6.366012e-001  0.000000e+000
 2.342500e+002  4.335591e-001  0.000000e+000
 2.345000e+002  8.214554e-001  0.000000e+000
 2.347500e+002  7.642146e-001  0.000000e+000
 2.350000e+002  6.954273e-001  0.000000e+000
 2.352500e+002  6.251039e-001  0.000000e+000
 2.355000e+002  6.430998e-001  0.000000e+000
 2.357500e+002  7.528645e-001  0.000000e+000
 2.360000e+002  6.908077e-001  0.000000e+000
 2.362500e+002  5.883527e-001  0.000000e+000
 2.365000e+002  6.757833e-001  0.000000e+000
 2.367500e+002  5.666295e-001  0.000000e+000
 2.370000e+002  7.577001e-001  0.000000e+000
 2.372500e+002  6.867211e-001  0.000000e+000
 2.375000e+002  7.638693e-001  0.000000e+000
 2.377500e+002  7.073687e-001  0.000000e+000
 2.380000e+002  6.785399e-001  0.000000e+000
 2.382500e+002  6.993593e-001  0.000000e+000
 2.385000e+002  5.834911e-001  0.000000e+000
 2.387500e+002  6.647509e-001  0.000000e+000
 2.390000e+002  6.789284e-001  0.000000e+000
 2.392500e+002  8.047184e-001  0.000000e+000
 2.395000e+002  7.340603e-001  0.000000e+000
 2.397500e+002  6.953743e-001  0.000000e+000
 2.400000e+002  5.781156e-001  0.000000e+000
 2.402500e+002  6.970406e-001  0.000000e+000
 2.405000e+002  6.412489e-001  0.000000e+000
 2.407500e+002  6.264177e-001  0.000000e+000
 2.410000e+002  5.291346e-001  0.000000e+000
 2.412500e+002  7.153153e-001  0.000000e+000
 2.415000e+002  6.068097e-001  0.000000e+000
 2.417500e+002  7.543961e-001  0.000000e+000
 2.420000e+002  7.804149e-001  0.000000e+000
 2.422500e+002  7.257797e-001  0.000000e+000
 2.425000e+002  6.403544e-001  0.000000e+000
 2.427500e+002  7.400271e-001  0.000000e+000
 2.430000e+002  7.064366e-001  0.000000e+000
 2.432500e+002  5.701197e-001  0.000000e+000
 2.435000e+002  6.031497e-001  0.000000e+000
 2.437500e+002  6.533418e-001  0.000000e+000
 2.440000e+002  7.957485e-001  0.000000e+000
 2.442500e+002  7.042891e-001  0.000000e+000
 2.445000e+002  5.340323e-001  0.000000e+000
 2.447500e+002  7.533867e-001  0.000000e+000
 2.450000e+002  7.319117e-001  0.000000e+000
 2.452500e+002  7.634390e-001  0.000000e+000
 2.455000e+002  6.815717e-001  0.000000e+000
 2.457500e+002  7.538542e-001  0.000000e+000
 2.460000e+002  6.515258e-001  0.000000e+000
 2.462500e+002  8.276767e-001  0.000000e+000
 2.465000e+002  6.652310e-001  0.000000e+000
 2.467500e+002  6.248776e-001  0.000000e+000
 2.470000e+002  7.053210e-001  0.000000e+000
 2.472500e+002  6.709868e-001  0.000000e+000
 2.475000e+002  6.154113e-001  0.000000e+000
 2.477500e+002  5.491583e-001  0.000000e+000
 2.480000e+002  6.542389e-001  0.000000e+000
 2.482500e+002  5.462404e-001  0.000000e+000
 2.485000e+002  5.579976e-001  0.000000e+000
 2.487500e+002  5.061590e-001  0.000000e+000
 2.490000e+002  4.032688e-001  0.000000e+000
 2.492500e+002  3.300246e-001  0.000000e+000
 2.495000e+002  2.708612e-001  0.000000e+000
 2.497500e+002  1.773538e-001  0.000000e+000
 2.500000e+002  9.737279e-002  0.000000e+000
 2.502500e+002  1.063779e-001  0.000000e+000
 2.505000e+002  1.638533e-001  0.000000e+000
 2.507500e+002  2.922892e-001  0.000000e+000
 2.510000e+002  2.485250e-001  0.000000e+000
 2.512500e+002  2.713594e-001  0.000000e+000
 2.515000e+002  2.936465e-001  0.000000e+000
 2.517500e+002  3.046703e-001  0.000000e+000
 2.520000e+002  3.674308e-001  0.000000e+000
 2.522500e+002  4.398447e-001  0.000000e+000
 2.525000e+002  4.618990e-001  0.000000e+000
 2.527500e+002  3.258604e-001  0.000000e+000
 2.530000e+002  3.751341e-001  0.000000e+000
 2.532500e+002  3.959435e-001  0.000000e+000
 2.535000e+002  2.921906e-001  0.000000e+000
 2.537500e+002  3.782589e-001  0.000000e+000
 2.540000e+002  3.929075e-001  0.000000e+000
 2.542500e+002  3.499789e-001  0.000000e+000
 2.545000e+002  3.776558e-001  0.000000e+000
 2.547500e+002  3.711117e-001  0.000000e+000
 2.550000e+002  4.845404e-001  0.000000e+000
 2.552500e+002  3.541811e-001  0.000000e+000
 2.555000e+002  5.324242e-001  0.000000e+000
 2.557500e+002  5.454098e-001  0.000000e+000
 2.560000e+002  4.294030e-001  0.000000e+000
