 0.000000e+000  3.052126e+000  0.000000e+000
 2.500000e-001  1.914303e+000 -2.333347e+000
 5.000000e-001  3.624671e+000 -3.979732e+000
 7.500000e-001 -6.447198e+000 -3.680657e+000
 1.000000e+000 -7.546924e+000 -1.351095e-001
 1.250000e+000 -6.313157e+000 -3.366445e+000
 1.500000e+000 -4.539183e+000 -4.751827e+000
 1.750000e+000 -2.378360e+000 -6.162318e+000
 2.000000e+000 -1.473290e+000 -4.925177e+000
 2.250000e+000 -6.596713e+000 -2.561981e+000
 2.500000e+000 -7.202104e+000 -5.352624e+000
 2.750000e+000 -8.176814e+000 -9.317223e+000
 3.000000e+000 -9.812839e+000 -1.245333e+001
 3.250000e+000 -3.427957e+000  6.816337e+000
 3.500000e+000 -6.150681e+000 -1.502078e+000
 3.750000e+000 -1.263531e+001 -1.295299e+000
 4.000000e+000 -1.146987e+001  2.517534e+000
 4.250000e+000 -1.232011e+001  1.959557e+000
 4.500000e+000 -1.286014e+001  5.616068e+000
 4.750000e+000 -1.643918e+001  2.606620e+000
 5.000000e+000 -1.727922e+001  3.204599e+000
 5.250000e+000 -1.765448e+001  3.601933e+000
 5.500000e+000 -2.101503e+001  2.795545e+000
 5.750000e+000 -2.151664e+001  4.256258e+000
 6.000000e+000 -1.578122e+001  2.655678e+001
 6.250000e+000 -1.547791e+001  4.262395e+000
 6.500000e+000 -1.661281e+001  2.980048e+000
 6.750000e+000 -1.761179e+001  2.685002e+000
 7.000000e+000 -1.740044e+001  2.996298e+000
 7.250000e+000 -1.878863e+001  2.592547e+000
 7.500000e+000 -1.845234e+001  3.581216e+000
 7.750000e+000 -1.866955e+001  3.107007e+000
 8.000000e+000 -1.983278e+001  3.336561e+000
 8.250000e+000 -1.983326e+001  2.639895e+000
 8.500000e+000 -2.125804e+001  2.800323e+000
 8.750000e+000 -2.116148e+001  3.513012e+000
 9.000000e+000 -2.057303e+001  3.536878e+000
 9.250000e+000 -2.090257e+001  3.104170e+000
 9.500000e+000 -2.151149e+001  2.007126e+000
 9.750000e+000 -2.231072e+001  3.466681e+000
 1.000000e+001 -2.261568e+001  3.572352e+000
 1.025000e+001 -2.313757e+001  3.304627e+000
 1.050000e+001 -2.328703e+001  4.258539e+000
 1.075000e+001 -2.406394e+001  4.670232e+000
 1.100000e+001 -2.436168e+001  4.714594e+000
 1.125000e+001 -2.426295e+001  4.950951e+000
 1.150000e+001 -2.431053e+001  4.981604e+000
 1.175000e+001 -2.477703e+001  4.898257e+000
 1.200000e+001 -2.583839e+001  4.932386e+000
 1.225000e+001 -2.600378e+001  5.641639e+000
 1.250000e+001 -2.696916e+001  5.128135e+000
 1.275000e+001 -2.779143e+001  5.687004e+000
 1.300000e+001 -2.907131e+001  6.723298e+000
 1.325000e+001 -2.926287e+001  6.364072e+000
 1.350000e+001 -2.975388e+001  6.676113e+000
 1.375000e+001 -3.010220e+001  8.202812e+000
 1.400000e+001 -3.066273e+001  7.662953e+000
 1.425000e+001 -3.104582e+001  8.053405e+000
 1.450000e+001 -3.236823e+001  8.681485e+000
 1.475000e+001 -3.359872e+001  9.630022e+000
 1.500000e+001 -3.455228e+001  9.381907e+000
 1.525000e+001 -3.529015e+001  1.045420e+001
 1.550000e+001 -3.682769e+001  1.075982e+001
 1.575000e+001 -3.836715e+001  1.132440e+001
 1.600000e+001 -3.863680e+001  1.131665e+001
 1.625000e+001 -4.072934e+001  1.188216e+001
 1.650000e+001 -4.234478e+001  1.275774e+001
 1.675000e+001 -4.332067e+001  1.258674e+001
 1.700000e+001 -4.633281e+001  1.277208e+001
 1.725000e+001 -4.833736e+001  1.441583e+001
 1.750000e+001 -5.062378e+001  1.479423e+001
 1.775000e+001 -5.224016e+001  1.665173e+001
 1.800000e+001 -5.570748e+001  1.870209e+001
 1.825000e+001 -5.794714e+001  1.963218e+001
 1.850000e+001 -6.180889e+001  1.971925e+001
 1.875000e+001 -6.688976e+001  2.147999e+001
 1.900000e+001 -7.011463e+001  2.431778e+001
 1.925000e+001 -7.689217e+001  2.661341e+001
 1.950000e+001 -8.566720e+001  2.782409e+001
 1.975000e+001 -9.323978e+001  3.240411e+001
 2.000000e+001 -1.025246e+002  3.677859e+001
 2.025000e+001 -1.152797e+002  4.127368e+001
 2.050000e+001 -1.309866e+002  4.666283e+001
 2.075000e+001 -1.521837e+002  5.258110e+001
 2.100000e+001 -1.887647e+002  6.328980e+001
 2.125000e+001 -2.340524e+002  9.343829e+001
 2.150000e+001 -3.107428e+002  1.246589e+002
 2.175000e+001 -4.770013e+002  2.004187e+002
 2.200000e+001 -8.832309e+002  5.473392e+002
 2.225000e+001 -1.083213e+002  5.579979e+003
 2.250000e+001  7.876245e+002 -3.807623e+002
 2.275000e+001  4.060078e+002 -1.088200e+002
 2.300000e+001  2.893505e+002 -1.055399e+002
 2.325000e+001  2.163270e+002 -8.037588e+001
 2.350000e+001  1.724185e+002 -6.108396e+001
 2.375000e+001  1.474119e+002 -5.309556e+001
 2.400000e+001  1.231327e+002 -4.704722e+001
 2.425000e+001  1.082097e+002 -4.092844e+001
 2.450000e+001  9.632676e+001 -3.607112e+001
 2.475000e+001  8.812073e+001 -3.261092e+001
 2.500000e+001  7.993172e+001 -2.976114e+001
 2.525000e+001  7.361564e+001 -2.789054e+001
 2.550000e+001  6.796309e+001 -2.527500e+001
 2.575000e+001  6.395684e+001 -2.355308e+001
 2.600000e+001  5.975154e+001 -2.265080e+001
 2.625000e+001  5.559248e+001 -2.157495e+001
 2.650000e+001  5.195942e+001 -2.025647e+001
 2.675000e+001  4.909970e+001 -1.923856e+001
 2.700000e+001  4.705511e+001 -1.862083e+001
 2.725000e+001  4.456280e+001 -1.696415e+001
 2.750000e+001  4.284263e+001 -1.722129e+001
 2.775000e+001  4.059293e+001 -1.565716e+001
 2.800000e+001  3.894013e+001 -1.520131e+001
 2.825000e+001  3.823039e+001 -1.503363e+001
 2.850000e+001  3.728238e+001 -1.465608e+001
 2.875000e+001  3.500491e+001 -1.499884e+001
 2.900000e+001  3.281664e+001 -1.393113e+001
 2.925000e+001  3.208804e+001 -1.374723e+001
 2.950000e+001  3.131720e+001 -1.304131e+001
 2.975000e+001  3.058412e+001 -1.235654e+001
 3.000000e+001  2.942141e+001 -1.219019e+001
 3.025000e+001  2.879384e+001 -1.192962e+001
 3.050000e+001  2.767382e+001 -1.165814e+001
 3.075000e+001  2.758175e+001 -1.120757e+001
 3.100000e+001  2.616199e+001 -1.080908e+001
 3.125000e+001  2.537218e+001 -1.078966e+001
 3.150000e+001  2.561982e+001 -1.079776e+001
 3.175000e+001  2.479393e+001 -1.016199e+001
 3.200000e+001  2.419995e+001 -9.764121e+000
 3.225000e+001  2.384371e+001 -9.737727e+000
 3.250000e+001  2.304965e+001 -9.724702e+000
 3.275000e+001  2.271170e+001 -9.330729e+000
 3.300000e+001  2.211044e+001 -9.241470e+000
 3.325000e+001  2.187822e+001 -9.253080e+000
 3.350000e+001  2.118836e+001 -8.570978e+000
 3.375000e+001  2.138735e+001 -8.514663e+000
 3.400000e+001  2.069354e+001 -8.677550e+000
 3.425000e+001  2.045357e+001 -8.793125e+000
 3.450000e+001  1.999623e+001 -8.485991e+000
 3.475000e+001  1.977684e+001 -8.277203e+000
 3.500000e+001  1.948783e+001 -8.280004e+000
 3.525000e+001  1.911683e+001 -7.994006e+000
 3.550000e+001  1.899067e+001 -7.742896e+000
 3.575000e+001  1.862027e+001 -7.761632e+000
 3.600000e+001  1.843193e+001 -7.449918e+000
 3.625000e+001  1.830831e+001 -7.600237e+000
 3.650000e+001  1.806129e+001 -7.430682e+000
 3.675000e+001  1.802481e+001 -7.390746e+000
 3.700000e+001  1.756411e+001 -7.151076e+000
 3.725000e+001  1.746649e+001 -7.410429e+000
 3.750000e+001  1.737106e+001 -7.085414e+000
 3.775000e+001  1.713854e+001 -7.096895e+000
 3.800000e+001  1.646193e+001 -7.185532e+000
 3.825000e+001  1.667049e+001 -6.606456e+000
 3.850000e+001  1.650528e+001 -6.783591e+000
 3.875000e+001  1.640975e+001 -6.718000e+000
 3.900000e+001  1.602957e+001 -6.503467e+000
 3.925000e+001  1.600671e+001 -6.447155e+000
 3.950000e+001  1.596328e+001 -6.302661e+000
 3.975000e+001  1.604590e+001 -6.370310e+000
 4.000000e+001  1.567029e+001 -6.291152e+000
 4.025000e+001  1.592222e+001 -6.190065e+000
 4.050000e+001  1.553972e+001 -6.119223e+000
 4.075000e+001  1.532150e+001 -6.364168e+000
 4.100000e+001  1.522090e+001 -6.338252e+000
 4.125000e+001  1.512260e+001 -6.050286e+000
 4.150000e+001  1.534869e+001 -5.916678e+000
 4.175000e+001  1.511904e+001 -5.824200e+000
 4.200000e+001  1.473203e+001 -5.783867e+000
 4.225000e+001  1.525689e+001 -6.106270e+000
 4.250000e+001  1.487687e+001 -5.885633e+000
 4.275000e+001  1.506928e+001 -5.787365e+000
 4.300000e+001  1.476769e+001 -5.346625e+000
 4.325000e+001  1.472709e+001 -5.660962e+000
 4.350000e+001  1.475907e+001 -5.225080e+000
 4.375000e+001  1.513575e+001 -5.084889e+000
 4.400000e+001  1.478163e+001 -5.295610e+000
 4.425000e+001  1.479162e+001 -4.860214e+000
 4.450000e+001  1.763607e+001 -5.315006e+000
 4.475000e+001  1.390345e+001 -5.945037e+000
 4.500000e+001  1.481180e+001 -5.757308e+000
 4.525000e+001  1.421838e+001 -5.968729e+000
 4.550000e+001  1.434357e+001 -5.534803e+000
 4.575000e+001  1.396512e+001 -5.468423e+000
 4.600000e+001  1.427819e+001 -5.497591e+000
 4.625000e+001  1.415626e+001 -5.140616e+000
 4.650000e+001  1.428314e+001 -5.269166e+000
 4.675000e+001  1.441417e+001 -5.111845e+000
 4.700000e+001  1.420508e+001 -5.163616e+000
 4.725000e+001  1.424636e+001 -5.401279e+000
 4.750000e+001  1.411658e+001 -4.833420e+000
 4.775000e+001  1.427451e+001 -5.150698e+000
 4.800000e+001  1.436631e+001 -5.088704e+000
 4.825000e+001  1.432876e+001 -5.097373e+000
 4.850000e+001  1.424659e+001 -4.724209e+000
 4.875000e+001  1.439605e+001 -5.024490e+000
 4.900000e+001  1.440021e+001 -4.798156e+000
 4.925000e+001  1.406333e+001 -4.894974e+000
 4.950000e+001  1.434354e+001 -4.758723e+000
 4.975000e+001  1.457655e+001 -4.526453e+000
 5.000000e+001  1.443092e+001 -4.494060e+000
 5.025000e+001  1.473354e+001 -4.321034e+000
 5.050000e+001  1.472899e+001 -4.781449e+000
 5.075000e+001  1.497994e+001 -4.628135e+000
 5.100000e+001  1.516869e+001 -5.527070e+000
 5.125000e+001  1.469712e+001 -4.988669e+000
 5.150000e+001  1.475353e+001 -4.980589e+000
 5.175000e+001  1.464870e+001 -4.713798e+000
 5.200000e+001  1.443654e+001 -4.894636e+000
 5.225000e+001  1.468025e+001 -4.696767e+000
 5.250000e+001  1.460071e+001 -4.475525e+000
 5.275000e+001  1.455648e+001 -4.386090e+000
 5.300000e+001  1.479607e+001 -4.649935e+000
 5.325000e+001  1.508818e+001 -4.472868e+000
 5.350000e+001  1.464985e+001 -4.605449e+000
 5.375000e+001  1.478061e+001 -4.192870e+000
 5.400000e+001  1.491471e+001 -4.385308e+000
 5.425000e+001  1.519920e+001 -4.212428e+000
 5.450000e+001  1.506926e+001 -4.620211e+000
 5.475000e+001  1.511086e+001 -4.519420e+000
 5.500000e+001  1.521420e+001 -4.081303e+000
 5.525000e+001  1.552485e+001 -4.159054e+000
 5.550000e+001  1.541692e+001 -3.791059e+000
 5.575000e+001  1.588691e+001 -3.897331e+000
 5.600000e+001  1.605502e+001 -4.006542e+000
 5.625000e+001  1.623980e+001 -3.980006e+000
 5.650000e+001  1.608838e+001 -4.325581e+000
 5.675000e+001  1.653647e+001 -4.309808e+000
 5.700000e+001  1.669799e+001 -4.086091e+000
 5.725000e+001  1.635445e+001 -4.290194e+000
 5.750000e+001  1.661312e+001 -4.121076e+000
 5.775000e+001  1.694907e+001 -4.045983e+000
 5.800000e+001  1.721687e+001 -4.362784e+000
 5.825000e+001  1.708188e+001 -4.111419e+000
 5.850000e+001  1.717406e+001 -4.065384e+000
 5.875000e+001  1.741344e+001 -3.882632e+000
 5.900000e+001  1.746431e+001 -3.945910e+000
 5.925000e+001  1.763172e+001 -4.007085e+000
 5.950000e+001  1.809454e+001 -4.048143e+000
 5.975000e+001  1.822443e+001 -3.976356e+000
 6.000000e+001  1.873033e+001 -4.117980e+000
 6.025000e+001  1.868496e+001 -4.361277e+000
 6.050000e+001  1.888821e+001 -4.106193e+000
 6.075000e+001  1.908447e+001 -4.359271e+000
 6.100000e+001  1.909284e+001 -3.931743e+000
 6.125000e+001  1.959687e+001 -4.230292e+000
 6.150000e+001  1.996132e+001 -4.369780e+000
 6.175000e+001  2.011782e+001 -4.258390e+000
 6.200000e+001  2.029859e+001 -4.148083e+000
 6.225000e+001  2.081701e+001 -4.245086e+000
 6.250000e+001  2.127868e+001 -4.205030e+000
 6.275000e+001  2.163773e+001 -3.958580e+000
 6.300000e+001  2.163390e+001 -4.230392e+000
 6.325000e+001  2.214187e+001 -3.929594e+000
 6.350000e+001  2.234256e+001 -4.208514e+000
 6.375000e+001  2.272791e+001 -4.465214e+000
 6.400000e+001  2.358345e+001 -4.270759e+000
 6.425000e+001  2.394461e+001 -4.251044e+000
 6.450000e+001  2.412825e+001 -4.318539e+000
 6.475000e+001  2.500529e+001 -4.494500e+000
 6.500000e+001  2.532862e+001 -4.315694e+000
 6.525000e+001  2.609118e+001 -4.764493e+000
 6.550000e+001  2.669720e+001 -4.322639e+000
 6.575000e+001  2.765710e+001 -4.813951e+000
 6.600000e+001  2.822697e+001 -4.623019e+000
 6.625000e+001  2.933716e+001 -5.549070e+000
 6.650000e+001  3.063821e+001 -5.323438e+000
 6.675000e+001  3.099119e+001 -7.988535e+000
 6.700000e+001  3.145646e+001 -4.374736e+000
 6.725000e+001  3.261616e+001 -5.466272e+000
 6.750000e+001  3.379793e+001 -5.185404e+000
 6.775000e+001  3.537212e+001 -5.618299e+000
 6.800000e+001  3.691506e+001 -6.215637e+000
 6.825000e+001  3.816815e+001 -6.442774e+000
 6.850000e+001  3.976778e+001 -6.366619e+000
 6.875000e+001  4.173386e+001 -7.234800e+000
 6.900000e+001  4.367743e+001 -7.978220e+000
 6.925000e+001  4.677122e+001 -8.305741e+000
 6.950000e+001  4.906459e+001 -8.341859e+000
 6.975000e+001  5.239316e+001 -9.565533e+000
 7.000000e+001  5.617593e+001 -1.079239e+001
 7.025000e+001  6.121936e+001 -1.129916e+001
 7.050000e+001  6.560596e+001 -1.331930e+001
 7.075000e+001  7.212859e+001 -1.505518e+001
 7.100000e+001  7.962109e+001 -1.816903e+001
 7.125000e+001  8.989205e+001 -2.203590e+001
 7.150000e+001  1.012942e+002 -2.886877e+001
 7.175000e+001  1.186626e+002 -3.737066e+001
 7.200000e+001  1.407154e+002 -5.401635e+001
 7.225000e+001  1.701605e+002 -8.272182e+001
 7.250000e+001  2.128755e+002 -1.385121e+002
 7.275000e+001  2.426320e+002 -2.667009e+002
 7.300000e+001  1.243557e+002 -5.219678e+002
 7.325000e+001 -3.870927e+002 -4.215070e+002
 7.350000e+001 -2.705949e+002 -8.008013e+001
 7.375000e+001 -1.765285e+002 -3.706636e+001
 7.400000e+001 -1.330943e+002 -2.177673e+001
 7.425000e+001 -1.064756e+002 -1.568062e+001
 7.450000e+001 -8.782293e+001 -1.221286e+001
 7.475000e+001 -7.403365e+001 -9.472695e+000
 7.500000e+001 -6.598951e+001 -7.453033e+000
 7.525000e+001 -5.769230e+001 -6.448414e+000
 7.550000e+001 -5.154253e+001 -5.360456e+000
 7.575000e+001 -4.680806e+001 -4.517920e+000
 7.600000e+001 -4.260231e+001 -4.386482e+000
 7.625000e+001 -3.871758e+001 -4.134308e+000
 7.650000e+001 -3.582804e+001 -3.842638e+000
 7.675000e+001 -3.288149e+001 -3.661510e+000
 7.700000e+001 -3.118944e+001 -3.134301e+000
 7.725000e+001 -2.869954e+001 -2.972191e+000
 7.750000e+001 -2.705930e+001 -3.095654e+000
 7.775000e+001 -2.459034e+001 -2.788454e+000
 7.800000e+001 -2.345422e+001 -2.630050e+000
 7.825000e+001 -2.208664e+001 -2.660884e+000
 7.850000e+001 -2.090038e+001 -2.649011e+000
 7.875000e+001 -1.923322e+001 -2.534209e+000
 7.900000e+001 -1.795671e+001 -2.845386e+000
 7.925000e+001 -1.674213e+001 -3.196824e+000
 7.950000e+001 -1.539356e+001 -4.502854e+000
 7.975000e+001 -1.770514e+001 -6.041422e+000
 8.000000e+001 -1.729758e+001 -3.148379e+000
 8.025000e+001 -1.644537e+001 -2.319732e+000
 8.050000e+001 -1.516595e+001 -2.209513e+000
 8.075000e+001 -1.429209e+001 -2.260067e+000
 8.100000e+001 -1.383407e+001 -2.034337e+000
 8.125000e+001 -1.311014e+001 -1.932297e+000
 8.150000e+001 -1.245938e+001 -2.114741e+000
 8.175000e+001 -1.193351e+001 -1.919643e+000
 8.200000e+001 -1.149921e+001 -1.827770e+000
 8.225000e+001 -1.107135e+001 -2.119282e+000
 8.250000e+001 -1.050412e+001 -1.965802e+000
 8.275000e+001 -1.003621e+001 -1.957343e+000
 8.300000e+001 -9.856319e+000 -1.905757e+000
 8.325000e+001 -9.247723e+000 -1.923480e+000
 8.350000e+001 -9.224290e+000 -1.945644e+000
 8.375000e+001 -8.588047e+000 -1.501160e+000
 8.400000e+001 -8.492716e+000 -1.842853e+000
 8.425000e+001 -8.063830e+000 -1.965246e+000
 8.450000e+001 -8.001558e+000 -1.938069e+000
 8.475000e+001 -7.561481e+000 -1.720920e+000
 8.500000e+001 -7.250920e+000 -1.825950e+000
 8.525000e+001 -6.810935e+000 -1.809072e+000
 8.550000e+001 -6.783676e+000 -1.842340e+000
 8.575000e+001 -6.173479e+000 -1.927684e+000
 8.600000e+001 -6.184421e+000 -1.838858e+000
 8.625000e+001 -5.716538e+000 -1.704764e+000
 8.650000e+001 -5.721147e+000 -1.932132e+000
 8.675000e+001 -5.394140e+000 -1.623917e+000
 8.700000e+001 -5.207130e+000 -1.908832e+000
 8.725000e+001 -5.051428e+000 -1.888592e+000
 8.750000e+001 -4.694440e+000 -2.012042e+000
 8.775000e+001 -4.456782e+000 -1.861723e+000
 8.800000e+001 -3.929593e+000 -2.393207e+000
 8.825000e+001 -3.867005e+000 -2.368465e+000
 8.850000e+001 -3.528109e+000 -2.894792e+000
 8.875000e+001 -3.209118e+000 -2.734797e+000
 8.900000e+001 -2.877823e+000 -3.406366e+000
 8.925000e+001 -2.649716e+000 -3.818796e+000
 8.950000e+001 -2.309892e+000 -4.504468e+000
 8.975000e+001 -2.281209e+000 -5.795231e+000
 9.000000e+001 -2.911225e+000 -7.871943e+000
 9.025000e+001 -4.756551e+000 -9.980197e+000
 9.050000e+001 -1.033015e+001 -1.114507e+001
 9.075000e+001 -1.415221e+001 -4.358382e+000
 9.100000e+001 -1.087853e+001 -9.279470e-001
 9.125000e+001 -9.194561e+000 -3.481438e-001
 9.150000e+001 -8.067025e+000  4.708973e-002
 9.175000e+001 -7.303025e+000  6.677686e-002
 9.200000e+001 -6.758787e+000  2.385482e-001
 9.225000e+001 -6.221887e+000  2.951306e-001
 9.250000e+001 -6.202729e+000  1.513802e-001
 9.275000e+001 -5.495842e+000  3.839636e-001
 9.300000e+001 -5.302383e+000  2.212100e-001
 9.325000e+001 -5.128835e+000  4.161919e-001
 9.350000e+001 -4.895008e+000  3.003682e-001
 9.375000e+001 -4.839878e+000  5.693723e-001
 9.400000e+001 -4.659708e+000  4.849235e-001
 9.425000e+001 -4.415608e+000  1.841669e-001
 9.450000e+001 -4.306945e+000  4.990171e-001
 9.475000e+001 -4.072253e+000  3.496192e-001
 9.500000e+001 -3.950599e+000  4.422227e-001
 9.525000e+001 -3.678551e+000  4.191473e-001
 9.550000e+001 -3.560093e+000  4.166753e-001
 9.575000e+001 -3.439338e+000  2.753473e-001
 9.600000e+001 -3.293982e+000  2.482851e-001
 9.625000e+001 -3.180683e+000  5.417844e-001
 9.650000e+001 -3.109091e+000  5.504414e-001
 9.675000e+001 -3.168113e+000  6.162729e-001
 9.700000e+001 -3.159272e+000  4.072992e-001
 9.725000e+001 -3.057962e+000  4.305571e-001
 9.750000e+001 -2.950613e+000  3.337117e-001
 9.775000e+001 -2.793739e+000  5.002591e-001
 9.800000e+001 -2.860144e+000  6.520870e-001
 9.825000e+001 -2.724272e+000  3.226792e-001
 9.850000e+001 -2.938127e+000  5.803769e-001
 9.875000e+001 -2.676122e+000  3.736329e-001
 9.900000e+001 -2.632412e+000  5.411102e-001
 9.925000e+001 -2.559314e+000  4.969328e-001
 9.950000e+001 -2.690336e+000  2.655463e-001
 9.975000e+001 -2.284838e+000  5.955168e-001
 1.000000e+002 -2.496891e+000  6.368282e-001
 1.002500e+002 -2.218058e+000  5.206919e-001
 1.005000e+002 -1.887311e+000  3.755138e-001
 1.007500e+002 -2.256013e+000  6.455275e-001
 1.010000e+002 -2.220029e+000  7.534172e-001
 1.012500e+002 -2.153806e+000  6.191999e-001
 1.015000e+002 -1.945969e+000  5.414973e-001
 1.017500e+002 -1.786657e+000  7.661240e-001
 1.020000e+002 -2.056896e+000  4.597962e-001
 1.022500e+002 -1.836510e+000  5.740541e-001
 1.025000e+002 -1.773120e+000  7.342728e-001
 1.027500e+002 -1.848429e+000  5.936772e-001
 1.030000e+002 -1.967155e+000  6.784484e-001
 1.032500e+002 -2.034108e+000  8.262543e-001
 1.035000e+002 -1.921842e+000  5.476894e-001
 1.037500e+002 -1.803481e+000  8.655217e-001
 1.040000e+002 -1.807426e+000  8.176847e-001
 1.042500e+002 -1.618165e+000  9.092911e-001
 1.045000e+002 -1.636145e+000  9.501188e-001
 1.047500e+002 -1.363012e+000  8.965697e-001
 1.050000e+002 -1.771675e+000  9.438376e-001
 1.052500e+002 -1.609792e+000  9.984389e-001
 1.055000e+002 -1.429636e+000  8.563212e-001
 1.057500e+002 -1.538251e+000  8.882326e-001
 1.060000e+002 -1.773257e+000  1.431825e+000
 1.062500e+002 -1.409620e+000  9.992809e-001
 1.065000e+002 -1.546324e+000  9.909126e-001
 1.067500e+002 -1.459493e+000  1.140619e+000
 1.070000e+002 -1.457459e+000  9.914338e-001
 1.072500e+002 -1.226387e+000  1.019848e+000
 1.075000e+002 -1.099040e+000  1.171353e+000
 1.077500e+002 -1.269263e+000  9.528995e-001
 1.080000e+002 -1.132979e+000  9.247358e-001
 1.082500e+002 -1.347680e+000  8.088822e-001
 1.085000e+002 -1.025260e+000  9.557185e-001
 1.087500e+002 -1.102053e+000  9.589164e-001
 1.090000e+002 -1.256257e+000  8.819092e-001
 1.092500e+002 -1.064330e+000  9.709662e-001
 1.095000e+002 -1.402922e+000  9.526988e-001
 1.097500e+002 -1.020980e+000  8.528947e-001
 1.100000e+002 -1.080741e+000  9.977919e-001
 1.102500e+002 -9.382488e-001  9.335473e-001
 1.105000e+002 -1.053193e+000  1.058886e+000
 1.107500e+002 -1.288272e+000  1.121186e+000
 1.110000e+002 -1.166158e+000  1.014251e+000
 1.112500e+002 -1.042639e+000  9.473227e-001
 1.115000e+002 -9.972085e-001  1.056869e+000
 1.117500e+002 -1.314564e+000  8.899467e-001
 1.120000e+002 -1.007895e+000  1.068275e+000
 1.122500e+002 -9.668699e-001  1.255317e+000
 1.125000e+002 -9.024321e-001  1.132644e+000
 1.127500e+002 -7.041103e-001  7.911043e-001
 1.130000e+002 -9.235123e-001  6.843913e-001
 1.132500e+002 -9.273317e-001  8.463543e-001
 1.135000e+002 -9.998678e-001  9.417911e-001
 1.137500e+002 -1.186094e+000  8.387381e-001
 1.140000e+002 -1.114502e+000  9.617549e-001
 1.142500e+002 -9.842626e-001  9.197741e-001
 1.145000e+002 -1.158180e+000  7.662784e-001
 1.147500e+002 -7.878999e-001  1.018429e+000
 1.150000e+002 -7.768887e-001  8.145041e-001
 1.152500e+002 -1.026198e+000  1.212752e+000
 1.155000e+002 -1.009487e+000  1.026348e+000
 1.157500e+002 -9.399347e-001  1.104011e+000
 1.160000e+002 -1.162837e+000  1.241570e+000
 1.162500e+002 -1.072370e+000  1.150575e+000
 1.165000e+002 -1.035985e+000  1.240962e+000
 1.167500e+002 -1.026667e+000  1.198179e+000
 1.170000e+002 -9.360873e-001  9.280812e-001
 1.172500e+002 -1.156020e+000  1.157070e+000
 1.175000e+002 -1.271895e+000  1.313714e+000
 1.177500e+002 -7.588983e-001  1.245235e+000
 1.180000e+002 -9.285215e-001  1.330957e+000
 1.182500e+002 -1.069528e+000  1.233143e+000
 1.185000e+002 -9.541727e-001  1.019962e+000
 1.187500e+002 -9.571387e-001  7.962437e-001
 1.190000e+002 -1.075780e+000  1.045262e+000
 1.192500e+002 -1.132511e+000  9.371842e-001
 1.195000e+002 -8.799891e-001  1.278488e+000
 1.197500e+002 -1.004702e+000  1.282968e+000
 1.200000e+002 -1.119935e+000  1.064936e+000
 1.202500e+002 -1.166173e+000  9.399778e-001
 1.205000e+002 -1.223020e+000  1.078080e+000
 1.207500e+002 -1.173920e+000  1.137222e+000
 1.210000e+002 -1.165552e+000  1.124738e+000
 1.212500e+002 -1.104337e+000  1.193149e+000
 1.215000e+002 -1.181936e+000  1.296938e+000
 1.217500e+002 -6.897909e-001  9.901771e-001
 1.220000e+002 -1.226482e+000  1.249146e+000
 1.222500e+002 -1.045753e+000  1.280241e+000
 1.225000e+002 -1.138111e+000  1.165851e+000
 1.227500e+002 -1.055308e+000  1.066479e+000
 1.230000e+002 -8.370134e-001  1.169894e+000
 1.232500e+002 -1.066250e+000  1.385967e+000
 1.235000e+002 -9.482910e-001  1.436866e+000
 1.237500e+002 -9.565885e-001  1.083458e+000
 1.240000e+002 -8.226672e-001  1.197677e+000
 1.242500e+002 -8.624066e-001  1.119173e+000
 1.245000e+002 -1.060751e+000  1.239697e+000
 1.247500e+002 -9.308193e-001  1.195741e+000
 1.250000e+002 -1.321378e+000  1.157792e+000
 1.252500e+002 -1.049705e+000  1.535539e+000
 1.255000e+002 -7.221435e-001  1.286465e+000
 1.257500e+002 -9.678179e-001  1.341215e+000
 1.260000e+002 -1.183346e+000  1.315070e+000
 1.262500e+002 -8.771387e-001  9.003746e-001
 1.265000e+002 -9.438030e-001  1.296600e+000
 1.267500e+002 -1.041950e+000  1.140287e+000
 1.270000e+002 -1.057397e+000  1.027120e+000
 1.272500e+002 -1.274440e+000  1.331111e+000
 1.275000e+002 -1.249677e+000  1.171751e+000
 1.277500e+002 -1.206970e+000  1.231217e+000
 1.280000e+002 -1.046046e+000  1.193065e+000
 1.282500e+002 -1.248755e+000  1.393548e+000
 1.285000e+002 -1.177517e+000  1.062342e+000
 1.287500e+002 -1.116101e+000  1.314850e+000
 1.290000e+002 -1.142211e+000  1.209349e+000
 1.292500e+002 -9.388729e-001  1.063427e+000
 1.295000e+002 -1.347924e+000  1.221033e+000
 1.297500e+002 -1.139502e+000  1.048331e+000
 1.300000e+002 -1.249083e+000  1.184397e+000
 1.302500e+002 -1.138368e+000  8.762351e-001
 1.305000e+002 -9.925225e-001  1.311791e+000
 1.307500e+002 -1.288126e+000  1.314150e+000
 1.310000e+002 -1.326182e+000  1.473802e+000
 1.312500e+002 -1.019252e+000  1.410398e+000
 1.315000e+002 -1.438392e+000  1.343702e+000
 1.317500e+002 -1.164524e+000  1.171004e+000
 1.320000e+002 -1.277637e+000  1.065187e+000
 1.322500e+002 -1.307416e+000  1.339473e+000
 1.325000e+002 -1.227810e+000  1.028191e+000
 1.327500e+002 -1.137621e+000  7.819371e-001
 1.330000e+002 -1.347264e+000  1.270390e+000
 1.332500e+002 -1.348439e+000  1.132845e+000
 1.335000e+002 -1.138318e+000  9.709813e-001
 1.337500e+002 -1.099653e+000  8.922722e-001
 1.340000e+002 -1.140640e+000  1.325285e+000
 1.342500e+002 -1.546388e+000  1.284486e+000
 1.345000e+002 -1.391490e+000  1.219830e+000
 1.347500e+002 -1.185840e+000  1.162196e+000
 1.350000e+002 -1.409673e+000  1.373346e+000
 1.352500e+002 -1.255310e+000  1.074449e+000
 1.355000e+002 -1.356735e+000  9.468235e-001
 1.357500e+002 -1.168991e+000  1.034106e+000
 1.360000e+002 -1.372755e+000  1.326106e+000
 1.362500e+002 -1.233798e+000  1.085841e+000
 1.365000e+002 -8.929340e-001  1.062285e+000
 1.367500e+002 -1.360484e+000  8.977988e-001
 1.370000e+002 -1.234395e+000  1.136053e+000
 1.372500e+002 -1.323090e+000  1.247452e+000
 1.375000e+002 -1.166033e+000  1.079272e+000
 1.377500e+002 -1.486953e+000  1.081308e+000
 1.380000e+002 -1.380559e+000  8.832007e-001
 1.382500e+002 -1.394041e+000  1.125605e+000
 1.385000e+002 -1.415399e+000  6.766797e-001
 1.387500e+002 -1.369395e+000  1.147074e+000
 1.390000e+002 -1.429947e+000  1.098129e+000
 1.392500e+002 -1.253744e+000  1.075516e+000
 1.395000e+002 -1.256147e+000  8.359936e-001
 1.397500e+002 -1.116794e+000  1.013856e+000
 1.400000e+002 -1.247768e+000  1.112094e+000
 1.402500e+002 -1.203407e+000  7.961512e-001
 1.405000e+002 -1.162793e+000  8.729770e-001
 1.407500e+002 -1.662734e+000  1.014226e+000
 1.410000e+002 -1.163129e+000  1.017574e+000
 1.412500e+002 -1.155936e+000  7.741504e-001
 1.415000e+002 -1.538265e+000  9.692053e-001
 1.417500e+002 -1.271447e+000  1.011688e+000
 1.420000e+002 -1.495210e+000  8.352777e-001
 1.422500e+002 -1.339428e+000  7.850294e-001
 1.425000e+002 -1.513160e+000  9.056480e-001
 1.427500e+002 -1.495016e+000  9.818392e-001
 1.430000e+002 -1.423081e+000  7.534295e-001
 1.432500e+002 -1.462840e+000  8.167871e-001
 1.435000e+002 -1.571162e+000  6.985025e-001
 1.437500e+002 -1.328389e+000  1.059552e+000
 1.440000e+002 -1.604808e+000  6.374608e-001
 1.442500e+002 -1.391437e+000  6.142476e-001
 1.445000e+002 -1.327601e+000  9.106809e-001
 1.447500e+002 -1.614042e+000  3.849842e-001
 1.450000e+002 -1.320365e+000  7.269421e-001
 1.452500e+002 -1.377752e+000  6.869624e-001
 1.455000e+002 -1.445084e+000  8.580326e-001
 1.457500e+002 -1.683953e+000  6.345857e-001
 1.460000e+002 -1.772235e+000  8.538102e-001
 1.462500e+002 -1.578711e+000  5.838755e-001
 1.465000e+002 -1.681153e+000  8.765300e-001
 1.467500e+002 -1.662995e+000  6.960440e-001
 1.470000e+002 -1.502286e+000  1.007042e+000
 1.472500e+002 -1.652921e+000  7.839113e-001
 1.475000e+002 -1.754618e+000  7.019522e-001
 1.477500e+002 -1.386051e+000  7.121973e-001
 1.480000e+002 -1.486758e+000  6.729356e-001
 1.482500e+002 -1.436497e+000  4.642351e-001
 1.485000e+002 -1.370009e+000  5.463347e-001
 1.487500e+002 -1.306207e+000  5.131437e-001
 1.490000e+002 -1.411432e+000  4.884898e-001
 1.492500e+002 -1.621295e+000  4.926876e-001
 1.495000e+002 -1.601028e+000  5.666730e-001
 1.497500e+002 -1.513240e+000  4.215013e-001
 1.500000e+002 -1.411833e+000  4.383587e-001
 1.502500e+002 -1.421351e+000  4.597598e-001
 1.505000e+002 -1.506355e+000  3.600511e-001
 1.507500e+002 -1.717962e+000  5.669643e-001
 1.510000e+002 -1.375597e+000  3.222526e-001
 1.512500e+002 -1.363870e+000  5.015433e-001
 1.515000e+002 -1.354396e+000  1.968467e-001
 1.517500e+002 -1.621437e+000  2.434556e-001
 1.520000e+002 -1.286640e+000  6.372621e-001
 1.522500e+002 -1.467550e+000  2.800600e-001
 1.525000e+002 -1.820115e+000  4.196650e-001
 1.527500e+002 -1.631712e+000  3.301306e-001
 1.530000e+002 -1.331016e+000  3.889802e-001
 1.532500e+002 -1.276607e+000  3.249540e-001
 1.535000e+002 -1.459561e+000  3.087510e-001
 1.537500e+002 -1.534531e+000  2.847677e-001
 1.540000e+002 -1.304599e+000  7.988501e-002
 1.542500e+002 -1.265869e+000  3.012531e-001
 1.545000e+002 -1.511798e+000  4.217207e-001
 1.547500e+002 -1.469434e+000  2.643554e-001
 1.550000e+002 -1.515837e+000  3.084467e-001
 1.552500e+002 -1.483229e+000  3.703243e-001
 1.555000e+002 -1.670926e+000  2.077464e-001
 1.557500e+002 -1.775378e+000  2.628266e-001
 1.560000e+002 -1.729203e+000  2.129921e-001
 1.562500e+002 -1.632197e+000  8.832033e-002
 1.565000e+002 -1.511035e+000  1.992109e-001
 1.567500e+002 -1.503862e+000 -3.034175e-002
 1.570000e+002 -1.440824e+000  1.101155e-001
 1.572500e+002 -1.586974e+000 -1.627657e-001
 1.575000e+002 -1.488877e+000  1.567348e-001
 1.577500e+002 -1.339263e+000  1.320163e-001
 1.580000e+002 -1.450541e+000  3.374591e-003
 1.582500e+002 -1.466616e+000  1.134857e-001
 1.585000e+002 -1.757478e+000  8.427845e-002
 1.587500e+002 -1.633904e+000 -1.190266e-001
 1.590000e+002 -1.728101e+000 -2.733462e-001
 1.592500e+002 -1.431433e+000  1.537730e-001
 1.595000e+002 -1.231424e+000 -1.148246e-001
 1.597500e+002 -1.649423e+000  3.141525e-002
 1.600000e+002 -1.494253e+000 -1.612890e-001
 1.602500e+002 -1.299672e+000  3.752100e-002
 1.605000e+002 -1.447472e+000  9.827556e-003
 1.607500e+002 -1.498489e+000  7.598916e-002
 1.610000e+002 -1.350808e+000 -1.822464e-001
 1.612500e+002 -1.247514e+000  3.685705e-002
 1.615000e+002 -1.440192e+000 -2.138201e-001
 1.617500e+002 -1.420946e+000 -2.947918e-001
 1.620000e+002 -1.426414e+000 -3.564970e-001
 1.622500e+002 -1.345745e+000 -9.525666e-002
 1.625000e+002 -1.412732e+000 -4.225836e-001
 1.627500e+002 -1.027703e+000 -2.827297e-001
 1.630000e+002 -1.041161e+000 -5.963711e-001
 1.632500e+002 -1.405333e+000 -4.837399e-001
 1.635000e+002 -1.641394e+000 -4.644023e-001
 1.637500e+002 -1.552899e+000 -3.632877e-001
 1.640000e+002 -1.767366e+000 -1.966484e-001
 1.642500e+002 -1.747198e+000 -4.884739e-001
 1.645000e+002 -1.623458e+000 -5.368341e-001
 1.647500e+002 -1.906837e+000 -1.742680e-001
 1.650000e+002 -1.703842e+000 -5.263253e-001
 1.652500e+002 -1.674242e+000 -3.550874e-001
 1.655000e+002 -1.793215e+000 -3.783619e-001
 1.657500e+002 -1.378883e+000 -2.140962e-001
 1.660000e+002 -1.678261e+000 -3.270708e-001
 1.662500e+002 -1.643402e+000 -3.703829e-001
 1.665000e+002 -1.731643e+000 -2.960267e-001
 1.667500e+002 -1.713481e+000 -2.184855e-001
 1.670000e+002 -1.415011e+000 -4.199867e-001
 1.672500e+002 -1.666103e+000 -3.384130e-001
 1.675000e+002 -1.429466e+000 -4.261121e-001
 1.677500e+002 -1.773863e+000 -1.555555e-001
 1.680000e+002 -1.191324e+000 -2.998512e-001
 1.682500e+002 -1.310045e+000 -3.793873e-001
 1.685000e+002 -1.363272e+000 -1.264916e-001
 1.687500e+002 -1.256331e+000 -4.329883e-001
 1.690000e+002 -1.302482e+000 -2.363497e-001
 1.692500e+002 -1.160064e+000 -2.049628e-001
 1.695000e+002 -1.198727e+000 -5.195202e-001
 1.697500e+002 -1.169514e+000 -3.733580e-001
 1.700000e+002 -1.149751e+000 -4.540512e-001
 1.702500e+002 -9.483289e-001 -2.366990e-001
 1.705000e+002 -1.170708e+000 -4.020487e-001
 1.707500e+002 -1.132286e+000  6.503171e-003
 1.710000e+002 -9.594315e-001 -2.291382e-001
 1.712500e+002 -9.485878e-001 -4.065871e-001
 1.715000e+002 -1.211242e+000 -4.994390e-001
 1.717500e+002 -1.229773e+000 -5.035653e-001
 1.720000e+002 -8.111177e-001 -5.866119e-001
 1.722500e+002 -1.050760e+000 -5.644103e-001
 1.725000e+002 -1.024713e+000 -3.462949e-001
 1.727500e+002 -1.092226e+000 -5.419674e-001
 1.730000e+002 -1.117884e+000 -4.351343e-001
 1.732500e+002 -1.150479e+000 -7.235648e-001
 1.735000e+002 -9.412674e-001 -5.073759e-001
 1.737500e+002 -8.655734e-001 -5.557427e-001
 1.740000e+002 -9.729911e-001 -6.836883e-001
 1.742500e+002 -1.353286e+000 -6.305990e-001
 1.745000e+002 -1.138234e+000 -8.004155e-001
 1.747500e+002 -1.029364e+000 -8.189729e-001
 1.750000e+002 -9.856241e-001 -8.087006e-001
 1.752500e+002 -7.292902e-001 -8.653704e-001
 1.755000e+002 -1.248799e+000 -5.291933e-001
 1.757500e+002 -9.871026e-001 -8.722090e-001
 1.760000e+002 -8.735853e-001 -9.667645e-001
 1.762500e+002 -9.941711e-001 -7.953067e-001
 1.765000e+002 -8.068757e-001 -6.615074e-001
 1.767500e+002 -7.548282e-001 -5.944104e-001
 1.770000e+002 -1.101863e+000 -9.216338e-001
 1.772500e+002 -8.877730e-001 -7.888576e-001
 1.775000e+002 -1.049413e+000 -9.986154e-001
 1.777500e+002 -1.124944e+000 -5.967762e-001
 1.780000e+002 -6.030840e-001 -5.492134e-001
 1.782500e+002 -9.448975e-001 -6.831463e-001
 1.785000e+002 -6.649814e-001 -8.204991e-001
 1.787500e+002 -6.926790e-001 -5.100208e-001
 1.790000e+002 -6.145589e-001 -8.099089e-001
 1.792500e+002 -6.179467e-001 -9.159204e-001
 1.795000e+002 -6.701562e-001 -9.036607e-001
 1.797500e+002 -6.802348e-001 -8.491279e-001
 1.800000e+002 -6.078615e-001 -9.681166e-001
 1.802500e+002 -7.614558e-001 -6.523361e-001
 1.805000e+002 -8.555102e-001 -8.154753e-001
 1.807500e+002 -1.096817e+000 -8.453794e-001
 1.810000e+002 -7.648877e-001 -1.036418e+000
 1.812500e+002 -1.099268e+000 -7.350065e-001
 1.815000e+002 -9.746374e-001 -7.252892e-001
 1.817500e+002 -7.297450e-001 -6.638943e-001
 1.820000e+002 -1.021231e+000 -7.128975e-001
 1.822500e+002 -8.149541e-001 -6.381001e-001
 1.825000e+002 -7.266159e-001 -9.226341e-001
 1.827500e+002 -7.968997e-001 -6.060148e-001
 1.830000e+002 -5.457270e-001 -8.370627e-001
 1.832500e+002 -7.265078e-001 -6.645483e-001
 1.835000e+002 -6.119790e-001 -8.428774e-001
 1.837500e+002 -6.713244e-001 -7.484863e-001
 1.840000e+002 -5.559646e-001 -8.468332e-001
 1.842500e+002 -8.096639e-001 -7.322966e-001
 1.845000e+002 -6.851549e-001 -5.990431e-001
 1.847500e+002 -7.183961e-001 -5.454523e-001
 1.850000e+002 -4.450552e-001 -9.600561e-001
 1.852500e+002 -7.886739e-001 -6.129452e-001
 1.855000e+002 -5.065426e-001 -8.049765e-001
 1.857500e+002 -7.501768e-001 -6.631376e-001
 1.860000e+002 -6.000679e-001 -7.167106e-001
 1.862500e+002 -4.620700e-001 -7.612457e-001
 1.865000e+002 -6.339782e-001 -7.736523e-001
 1.867500e+002 -3.685991e-001 -7.747532e-001
 1.870000e+002 -5.689343e-001 -7.501382e-001
 1.872500e+002 -4.395801e-001 -6.725744e-001
 1.875000e+002 -6.479598e-001 -5.623115e-001
 1.877500e+002 -3.187811e-001 -5.510018e-001
 1.880000e+002 -2.500277e-001 -6.222878e-001
 1.882500e+002 -2.176465e-001 -9.489779e-001
 1.885000e+002 -5.312272e-001 -4.402203e-001
 1.887500e+002 -2.272169e-001 -4.827124e-001
 1.890000e+002 -5.024080e-001 -7.769739e-001
 1.892500e+002 -4.132442e-001 -6.651201e-001
 1.895000e+002 -1.402180e-001 -7.163038e-001
 1.897500e+002 -2.898296e-001 -6.663325e-001
 1.900000e+002 -2.294323e-001 -7.677804e-001
 1.902500e+002 -1.080860e-001 -5.942500e-001
 1.905000e+002 -3.056750e-001 -9.276392e-001
 1.907500e+002 -5.355052e-001 -7.236240e-001
 1.910000e+002  8.861573e-002 -7.502934e-001
 1.912500e+002 -2.489026e-001 -4.958031e-001
 1.915000e+002 -7.178618e-002 -6.522964e-001
 1.917500e+002 -6.105481e-003 -8.121402e-001
 1.920000e+002 -1.112272e-001 -5.631484e-001
 1.922500e+002  2.771916e-001 -3.863108e-001
 1.925000e+002 -4.308278e-002 -7.943788e-001
 1.927500e+002  4.084939e-002 -3.964131e-001
 1.930000e+002  4.863459e-002 -6.449342e-001
 1.932500e+002  1.833992e-001 -6.394045e-001
 1.935000e+002  2.082842e-001 -6.103113e-001
 1.937500e+002  1.358252e-001 -3.190570e-001
 1.940000e+002 -1.713695e-001 -6.840898e-001
 1.942500e+002  6.629508e-002 -4.699368e-001
 1.945000e+002 -7.732334e-002 -5.795628e-001
 1.947500e+002  1.700111e-001 -4.227422e-001
 1.950000e+002 -1.800763e-001 -6.841589e-001
 1.952500e+002  7.113996e-002 -3.261214e-001
 1.955000e+002 -1.407828e-001 -2.366177e-001
 1.957500e+002 -4.598405e-002 -6.021631e-001
 1.960000e+002  1.050878e-001 -5.301264e-001
 1.962500e+002  2.780024e-001 -4.677108e-001
 1.965000e+002 -1.317840e-002 -3.413808e-001
 1.967500e+002  2.020630e-001 -5.150135e-001
 1.970000e+002  2.936885e-002 -2.819138e-001
 1.972500e+002 -2.720563e-001 -6.188892e-001
 1.975000e+002  1.407060e-001 -5.041941e-001
 1.977500e+002 -4.273955e-002 -2.831496e-001
 1.980000e+002  1.462303e-001 -4.221894e-001
 1.982500e+002  6.265256e-002 -3.529717e-001
 1.985000e+002  1.427885e-001 -5.128555e-001
 1.987500e+002  5.166559e-001 -2.954057e-001
 1.990000e+002  1.911442e-001 -1.381868e-001
 1.992500e+002  3.758297e-001 -5.643241e-001
 1.995000e+002 -1.068043e-001 -2.212276e-001
 1.997500e+002  2.212483e-001 -3.475717e-001
 2.000000e+002  1.718284e-001 -2.402319e-001
 2.002500e+002  3.034722e-001 -1.050734e-001
 2.005000e+002  3.602155e-001 -3.324292e-001
 2.007500e+002  1.823002e-001 -4.251876e-001
 2.010000e+002  3.600069e-001 -2.493904e-001
 2.012500e+002  3.521845e-001 -2.940428e-001
 2.015000e+002  2.423899e-001 -2.482289e-001
 2.017500e+002  4.630430e-002 -3.233948e-001
 2.020000e+002  1.922530e-001 -3.140311e-001
 2.022500e+002  4.564503e-001 -9.033769e-002
 2.025000e+002  9.061845e-002 -1.844609e-001
 2.027500e+002  4.877899e-001 -6.574889e-002
 2.030000e+002  3.029506e-001 -2.695990e-002
 2.032500e+002  1.755405e-001 -4.520954e-001
 2.035000e+002  5.955716e-001  1.107982e-002
 2.037500e+002  4.873161e-001 -2.184456e-001
 2.040000e+002  3.314725e-001 -9.772661e-002
 2.042500e+002  4.114491e-001  1.786231e-001
 2.045000e+002  4.275237e-001 -1.510429e-001
 2.047500e+002  6.453381e-002 -2.352082e-001
 2.050000e+002  3.548999e-001  4.116897e-002
 2.052500e+002  9.599359e-004 -1.555515e-001
 2.055000e+002  9.755399e-002 -2.308707e-001
 2.057500e+002  5.225371e-001  1.599807e-002
 2.060000e+002  4.208888e-001 -1.156415e-001
 2.062500e+002  5.063379e-002 -1.345524e-001
 2.065000e+002  1.087162e-001 -7.775174e-003
 2.067500e+002  3.359777e-001  8.772646e-004
 2.070000e+002  1.400171e-001 -2.207859e-001
 2.072500e+002  3.367588e-001 -4.590334e-002
 2.075000e+002  4.605341e-001  7.942215e-002
 2.077500e+002  2.392439e-001  2.476066e-001
 2.080000e+002  5.471010e-001  1.645391e-001
 2.082500e+002  2.458543e-001  3.309088e-001
 2.085000e+002  6.661746e-001  2.840551e-001
 2.087500e+002  4.973635e-001  1.243803e-001
 2.090000e+002  1.607987e-001  1.975105e-001
 2.092500e+002  5.534771e-001  4.788346e-001
 2.095000e+002  2.176002e-001  1.388132e-001
 2.097500e+002  3.593598e-001 -2.148194e-001
 2.100000e+002  3.250576e-001  3.522353e-001
 2.102500e+002  6.339313e-001  3.256077e-001
 2.105000e+002  3.188227e-001  9.072977e-002
 2.107500e+002  1.337899e-001  3.164428e-001
 2.110000e+002  3.424736e-001  5.246985e-002
 2.112500e+002  5.327321e-001  3.390397e-001
 2.115000e+002  1.352276e-001  1.120150e-001
 2.117500e+002  1.977416e-001  2.748725e-001
 2.120000e+002  6.561703e-001  3.888250e-001
 2.122500e+002  2.534778e-001  2.416096e-001
 2.125000e+002  2.997554e-001  7.032034e-001
 2.127500e+002  4.734265e-001  4.614964e-001
 2.130000e+002  2.021626e-001  2.851840e-001
 2.132500e+002  8.132939e-002  2.845533e-001
 2.135000e+002  4.753197e-001  4.411840e-001
 2.137500e+002  1.428749e-001  4.263397e-001
 2.140000e+002  1.022103e-001  5.096122e-001
 2.142500e+002  2.655250e-001  4.401656e-001
 2.145000e+002  4.363771e-001  6.651762e-001
 2.147500e+002  1.689569e-001  5.502862e-001
 2.150000e+002  3.754475e-001  5.424916e-001
 2.152500e+002  5.463299e-001  4.298594e-001
 2.155000e+002  1.109862e-001  6.865304e-001
 2.157500e+002  6.245007e-002  6.015199e-001
 2.160000e+002  3.025808e-001  4.970100e-001
 2.162500e+002  4.804963e-001  5.913473e-001
 2.165000e+002  2.522926e-001  5.442600e-001
 2.167500e+002  2.113828e-002  3.619148e-001
 2.170000e+002  2.766930e-001  5.046963e-001
 2.172500e+002  1.950728e-001  8.370145e-001
 2.175000e+002  2.366846e-001  4.962895e-001
 2.177500e+002  1.472131e-001  6.636887e-001
 2.180000e+002  9.814651e-002  6.819430e-001
 2.182500e+002  1.775421e-001  7.173462e-001
 2.185000e+002  2.356915e-001  6.436655e-001
 2.187500e+002  1.740862e-001  8.887371e-001
 2.190000e+002  2.320938e-001  6.490611e-001
 2.192500e+002  4.396171e-002  5.885596e-001
 2.195000e+002  3.465633e-001  6.840575e-001
 2.197500e+002 -1.327141e-002  5.134078e-001
 2.200000e+002 -1.326030e-001  8.199303e-001
 2.202500e+002 -3.040404e-002  6.949871e-001
 2.205000e+002 -1.436461e-001  4.595493e-001
 2.207500e+002 -1.220110e-001  8.781805e-001
 2.210000e+002  1.882529e-001  6.350832e-001
 2.212500e+002 -2.102585e-001  5.723019e-001
 2.215000e+002 -1.212207e-001  4.253511e-001
 2.217500e+002 -1.315228e-001  7.929807e-001
 2.220000e+002 -1.168971e-001  5.924516e-001
 2.222500e+002  1.282861e-001  9.470329e-001
 2.225000e+002 -1.012767e-001  8.643780e-001
 2.227500e+002 -9.600631e-002  9.037198e-001
 2.230000e+002 -3.910149e-001  9.611699e-001
 2.232500e+002 -3.638209e-001  6.537627e-001
 2.235000e+002 -3.085590e-001  7.041814e-001
 2.237500e+002 -1.806054e-001  8.665950e-001
 2.240000e+002 -1.166045e-001  9.553099e-001
 2.242500e+002 -1.705258e-001  7.962141e-001
 2.245000e+002 -5.602399e-001  6.260709e-001
 2.247500e+002 -1.880540e-001  9.384934e-001
 2.250000e+002 -2.104656e-001  1.012188e+000
 2.252500e+002 -4.116787e-001  6.925628e-001
 2.255000e+002 -2.858226e-001  9.004436e-001
 2.257500e+002 -5.026661e-001  7.803430e-001
 2.260000e+002 -1.115536e-001  8.432902e-001
 2.262500e+002 -3.113357e-001  8.639821e-001
 2.265000e+002 -4.906850e-001  9.121479e-001
 2.267500e+002 -2.737040e-001  9.779052e-001
 2.270000e+002 -6.019271e-001  8.141227e-001
 2.272500e+002 -2.400175e-001  9.259349e-001
 2.275000e+002 -5.349179e-001  6.174710e-001
 2.277500e+002 -5.604323e-001  6.334479e-001
 2.280000e+002 -6.634472e-001  6.139176e-001
 2.282500e+002 -6.352331e-001  7.834569e-001
 2.285000e+002 -7.866647e-001  9.985294e-001
 2.287500e+002 -5.773551e-001  1.221565e+000
 2.290000e+002 -5.726615e-001  8.976881e-001
 2.292500e+002 -8.624383e-001  7.186489e-001
 2.295000e+002 -7.127330e-001  8.044398e-001
 2.297500e+002 -5.576332e-001  8.810081e-001
 2.300000e+002 -4.753782e-001  5.658549e-001
 2.302500e+002 -1.018508e+000  6.233402e-001
 2.305000e+002 -5.605820e-001  1.144164e+000
 2.307500e+002 -8.168920e-001  5.860475e-001
 2.310000e+002 -9.318806e-001  5.792692e-001
 2.312500e+002 -7.657730e-001  6.751063e-001
 2.315000e+002 -5.782644e-001  7.274892e-001
 2.317500e+002 -9.350343e-001  1.045987e+000
 2.320000e+002 -9.272809e-001  4.705968e-001
 2.322500e+002 -7.958785e-001  5.528328e-001
 2.325000e+002 -7.775182e-001  8.863983e-001
 2.327500e+002 -8.893393e-001  6.633915e-001
 2.330000e+002 -1.137807e+000  6.533340e-001
 2.332500e+002 -7.586685e-001  5.830647e-001
 2.335000e+002 -7.675065e-001  7.550123e-001
 2.337500e+002 -1.278864e+000  6.496618e-001
 2.340000e+002 -1.130601e+000  7.421412e-001
 2.342500e+002 -1.222843e+000  4.335597e-001
 2.345000e+002 -1.029871e+000  4.483968e-001
 2.347500e+002 -1.328653e+000  7.223240e-001
 2.350000e+002 -9.843463e-001  1.699439e-001
 2.352500e+002 -1.212572e+000  7.412372e-001
 2.355000e+002 -8.439988e-001  5.198500e-001
 2.357500e+002 -1.026378e+000  5.631723e-001
 2.360000e+002 -1.170359e+000  6.220422e-001
 2.362500e+002 -9.287602e-001  4.813227e-001
 2.365000e+002 -1.088883e+000  5.964319e-001
 2.367500e+002 -1.103079e+000  5.777946e-001
 2.370000e+002 -1.074011e+000  5.923536e-001
 2.372500e+002 -7.053688e-001  5.621185e-001
 2.375000e+002 -1.136119e+000  6.189307e-001
 2.377500e+002 -6.171261e-001  3.587991e-001
 2.380000e+002 -9.179236e-001  4.069454e-001
 2.382500e+002 -9.887133e-001 -9.175147e-002
 2.385000e+002 -8.128003e-001  3.217247e-001
 2.387500e+002 -1.289202e+000  3.514348e-001
 2.390000e+002 -8.830619e-001  2.332087e-001
 2.392500e+002 -1.081874e+000  1.761243e-001
 2.395000e+002 -1.085543e+000  2.499084e-001
 2.397500e+002 -7.088459e-001  1.032308e-001
 2.400000e+002 -1.088998e+000 -7.194166e-003
 2.402500e+002 -9.167454e-001  1.282422e-001
 2.405000e+002 -5.483419e-001  9.163332e-003
 2.407500e+002 -1.206812e+000 -9.302995e-002
 2.410000e+002 -7.890304e-001 -1.580235e-003
 2.412500e+002 -9.998316e-001 -5.408745e-002
 2.415000e+002 -1.345234e+000 -9.485941e-002
 2.417500e+002 -1.022424e+000 -6.945363e-002
 2.420000e+002 -1.200912e+000 -1.943848e-001
 2.422500e+002 -1.090513e+000 -7.339370e-002
 2.425000e+002 -8.087130e-001 -3.094788e-001
 2.427500e+002 -8.547158e-001  3.912159e-002
 2.430000e+002 -7.981741e-001 -1.041902e-001
 2.432500e+002 -1.031535e+000 -4.497446e-001
 2.435000e+002 -7.014604e-001 -5.006202e-001
 2.437500e+002 -9.777317e-001 -2.545041e-001
 2.440000e+002 -5.493992e-001 -3.492644e-001
 2.442500e+002 -6.553268e-001 -5.750044e-001
 2.445000e+002 -4.179367e-001 -5.340202e-001
 2.447500e+002 -2.917414e-001 -7.957911e-001
 2.450000e+002 -1.094643e-001 -5.521373e-001
 2.452500e+002 -1.111140e-001 -8.032499e-001
 2.455000e+002 -2.873667e-001 -7.563855e-001
 2.457500e+002 -2.170081e-001 -9.740714e-001
 2.460000e+002 -2.170048e-001 -9.300261e-001
 2.462500e+002  1.580568e-001 -1.110133e+000
 2.465000e+002  1.577813e-001 -1.084794e+000
 2.467500e+002 -1.613067e-001 -1.455443e+000
 2.470000e+002  1.771315e-001 -2.040960e+000
 2.472500e+002  2.317014e-001 -2.128001e+000
 2.475000e+002 -2.493944e-001 -2.468569e+000
 2.477500e+002 -2.121730e-001 -2.596877e+000
 2.480000e+002 -8.886819e-001 -2.965858e+000
 2.482500e+002 -1.494815e+000 -2.819847e+000
 2.485000e+002 -1.723625e+000 -2.483773e+000
 2.487500e+002 -1.550367e+000 -2.195497e+000
 2.490000e+002 -1.707206e+000 -1.877409e+000
 2.492500e+002 -1.504783e+000 -1.688728e+000
 2.495000e+002 -1.600328e+000 -1.545692e+000
 2.497500e+002 -1.525271e+000 -1.504903e+000
 2.500000e+002 -1.496832e+000 -1.022039e+000
 2.502500e+002 -1.292578e+000 -1.142423e+000
 2.505000e+002 -9.710933e-001 -1.129161e+000
 2.507500e+002 -1.161776e+000 -1.120746e+000
 2.510000e+002 -8.391967e-001 -8.603390e-001
 2.512500e+002 -8.678177e-001 -9.703345e-001
 2.515000e+002 -1.264865e+000 -9.557699e-001
 2.517500e+002 -8.904339e-001 -7.037967e-001
 2.520000e+002 -7.587805e-001 -1.084559e+000
 2.522500e+002 -1.161080e+000 -7.715701e-001
 2.525000e+002 -8.606241e-001 -7.016690e-001
 2.527500e+002 -9.030671e-001 -7.208853e-001
 2.530000e+002 -7.347470e-001 -4.920096e-001
 2.532500e+002 -4.132774e-001 -5.108646e-001
 2.535000e+002 -2.135455e-001 -4.385045e-001
 2.537500e+002 -3.180467e-001 -6.116570e-001
 2.540000e+002 -2.076835e-001 -5.314240e-001
 2.542500e+002 -7.448384e-001 -1.170978e-001
 2.545000e+002 -7.241310e-001 -5.855323e-001
 2.547500e+002 -5.212777e-001 -2.821508e-001
 2.550000e+002 -1.954079e-001  9.383349e-002
 2.552500e+002 -5.330135e-001 -2.692905e-002
 2.555000e+002 -5.386935e-001 -2.224363e-001
 2.557500e+002 -4.677890e-001 -2.253426e-001
 2.560000e+002 -3.357389e-001 -1.133522e-005
