 0.000000e+000 -1.128200e-003  0.000000e+000
 2.500000e-001  2.274575e-004 -5.492821e-004
 5.000000e-001  5.551201e-004 -8.124744e-004
 7.500000e-001 -1.322505e-003 -6.908084e-004
 1.000000e+000 -1.484182e-003  1.212424e-004
 1.250000e+000 -1.243779e-003 -5.339813e-004
 1.500000e+000 -8.789823e-004 -8.461668e-004
 1.750000e+000 -4.993115e-004 -1.167172e-003
 2.000000e+000 -3.097284e-004 -8.765749e-004
 2.250000e+000 -1.235632e-003 -4.718464e-004
 2.500000e+000 -1.379178e-003 -9.341706e-004
 2.750000e+000 -1.523952e-003 -1.683231e-003
 3.000000e+000 -1.652919e-003 -2.028764e-003
 3.250000e+000 -9.353743e-004  3.629668e-004
 3.500000e+000 -1.296129e-003 -4.540944e-004
 3.750000e+000 -2.588819e-003 -3.351137e-004
 4.000000e+000 -2.293165e-003  4.139765e-004
 4.250000e+000 -2.416380e-003  4.315523e-004
 4.500000e+000 -2.535399e-003  1.043285e-003
 4.750000e+000 -3.299995e-003  5.453644e-004
 5.000000e+000 -3.336963e-003  5.302253e-004
 5.250000e+000 -3.379682e-003  6.945173e-004
 5.500000e+000 -3.797335e-003  4.261100e-004
 5.750000e+000 -3.914856e-003  6.919789e-004
 6.000000e+000 -3.268690e-003  3.556045e-003
 6.250000e+000 -3.164788e-003  6.774059e-004
 6.500000e+000 -3.301873e-003  5.339925e-004
 6.750000e+000 -3.430972e-003  5.016201e-004
 7.000000e+000 -3.398417e-003  5.402939e-004
 7.250000e+000 -3.601560e-003  4.092113e-004
 7.500000e+000 -3.501811e-003  6.348993e-004
 7.750000e+000 -3.548735e-003  5.332557e-004
 8.000000e+000 -3.676350e-003  5.416836e-004
 8.250000e+000 -3.750976e-003  4.100146e-004
 8.500000e+000 -4.002574e-003  4.181179e-004
 8.750000e+000 -3.941577e-003  5.852720e-004
 9.000000e+000 -3.920963e-003  5.128928e-004
 9.250000e+000 -3.838148e-003  4.600544e-004
 9.500000e+000 -3.905108e-003  3.437581e-004
 9.750000e+000 -4.064859e-003  4.932621e-004
 1.000000e+001 -4.184533e-003  5.263653e-004
 1.025000e+001 -4.201853e-003  4.883729e-004
 1.050000e+001 -4.305206e-003  6.703699e-004
 1.075000e+001 -4.375624e-003  7.096361e-004
 1.100000e+001 -4.386191e-003  7.152256e-004
 1.125000e+001 -4.424084e-003  7.594655e-004
 1.150000e+001 -4.362615e-003  7.533815e-004
 1.175000e+001 -4.417936e-003  7.695458e-004
 1.200000e+001 -4.649268e-003  7.155007e-004
 1.225000e+001 -4.677057e-003  8.315244e-004
 1.250000e+001 -4.791952e-003  7.546984e-004
 1.275000e+001 -4.866913e-003  7.973784e-004
 1.300000e+001 -5.004272e-003  9.509537e-004
 1.325000e+001 -5.129795e-003  9.003716e-004
 1.350000e+001 -5.117381e-003  9.829337e-004
 1.375000e+001 -5.158770e-003  1.220124e-003
 1.400000e+001 -5.265502e-003  1.080796e-003
 1.425000e+001 -5.276282e-003  1.196517e-003
 1.450000e+001 -5.480681e-003  1.222335e-003
 1.475000e+001 -5.686870e-003  1.388338e-003
 1.500000e+001 -5.814799e-003  1.352082e-003
 1.525000e+001 -5.908731e-003  1.528854e-003
 1.550000e+001 -6.054834e-003  1.609888e-003
 1.575000e+001 -6.267247e-003  1.570838e-003
 1.600000e+001 -6.375249e-003  1.585820e-003
 1.625000e+001 -6.624773e-003  1.666855e-003
 1.650000e+001 -6.827025e-003  1.793914e-003
 1.675000e+001 -6.911247e-003  1.833955e-003
 1.700000e+001 -7.374789e-003  1.834887e-003
 1.725000e+001 -7.590018e-003  2.053412e-003
 1.750000e+001 -7.957666e-003  2.103465e-003
 1.775000e+001 -8.188984e-003  2.345002e-003
 1.800000e+001 -8.695678e-003  2.671625e-003
 1.825000e+001 -8.995780e-003  2.745213e-003
 1.850000e+001 -9.468059e-003  2.718329e-003
 1.875000e+001 -1.012106e-002  3.054415e-003
 1.900000e+001 -1.056837e-002  3.349440e-003
 1.925000e+001 -1.150361e-002  3.719850e-003
 1.950000e+001 -1.269310e-002  3.810037e-003
 1.975000e+001 -1.370351e-002  4.444834e-003
 2.000000e+001 -1.497285e-002  5.043651e-003
 2.025000e+001 -1.662973e-002  5.699333e-003
 2.050000e+001 -1.884514e-002  6.409134e-003
 2.075000e+001 -2.168043e-002  7.227886e-003
 2.100000e+001 -2.662651e-002  8.585069e-003
 2.125000e+001 -3.283437e-002  1.270524e-002
 2.150000e+001 -4.326405e-002  1.694976e-002
 2.175000e+001 -6.557193e-002  2.726020e-002
 2.200000e+001 -1.204592e-001  7.374729e-002
 2.225000e+001 -1.672688e-002  7.535201e-001
 2.250000e+001  1.040617e-001 -5.115479e-002
 2.275000e+001  5.443485e-002 -1.080770e-002
 2.300000e+001  3.868385e-002 -1.419227e-002
 2.325000e+001  2.840307e-002 -1.085940e-002
 2.350000e+001  2.233115e-002 -8.196726e-003
 2.375000e+001  1.895799e-002 -7.112495e-003
 2.400000e+001  1.562189e-002 -6.321204e-003
 2.425000e+001  1.358848e-002 -5.441663e-003
 2.450000e+001  1.199643e-002 -4.824008e-003
 2.475000e+001  1.087090e-002 -4.348497e-003
 2.500000e+001  9.770269e-003 -3.967993e-003
 2.525000e+001  8.928710e-003 -3.640436e-003
 2.550000e+001  8.086184e-003 -3.357457e-003
 2.575000e+001  7.514303e-003 -3.110612e-003
 2.600000e+001  6.902743e-003 -2.957491e-003
 2.625000e+001  6.432543e-003 -2.849644e-003
 2.650000e+001  5.961134e-003 -2.640006e-003
 2.675000e+001  5.540894e-003 -2.542076e-003
 2.700000e+001  5.255804e-003 -2.470765e-003
 2.725000e+001  4.906233e-003 -2.237196e-003
 2.750000e+001  4.672046e-003 -2.223615e-003
 2.775000e+001  4.438239e-003 -2.037266e-003
 2.800000e+001  4.203644e-003 -2.076067e-003
 2.825000e+001  4.020139e-003 -1.970910e-003
 2.850000e+001  3.847997e-003 -1.937084e-003
 2.875000e+001  3.536053e-003 -1.934453e-003
 2.900000e+001  3.297501e-003 -1.737595e-003
 2.925000e+001  3.211753e-003 -1.678592e-003
 2.950000e+001  3.038384e-003 -1.630788e-003
 2.975000e+001  3.001078e-003 -1.621953e-003
 3.000000e+001  2.792740e-003 -1.539011e-003
 3.025000e+001  2.712442e-003 -1.519834e-003
 3.050000e+001  2.561833e-003 -1.514077e-003
 3.075000e+001  2.497608e-003 -1.451216e-003
 3.100000e+001  2.381586e-003 -1.417049e-003
 3.125000e+001  2.275843e-003 -1.376303e-003
 3.150000e+001  2.267881e-003 -1.380330e-003
 3.175000e+001  2.137828e-003 -1.328578e-003
 3.200000e+001  2.082149e-003 -1.252392e-003
 3.225000e+001  2.008158e-003 -1.265169e-003
 3.250000e+001  1.896771e-003 -1.212387e-003
 3.275000e+001  1.844143e-003 -1.167749e-003
 3.300000e+001  1.836957e-003 -1.166902e-003
 3.325000e+001  1.715363e-003 -1.141339e-003
 3.350000e+001  1.640509e-003 -1.130881e-003
 3.375000e+001  1.604014e-003 -1.111247e-003
 3.400000e+001  1.542239e-003 -1.055591e-003
 3.425000e+001  1.500625e-003 -1.111136e-003
 3.450000e+001  1.464861e-003 -1.062161e-003
 3.475000e+001  1.395101e-003 -1.013886e-003
 3.500000e+001  1.390188e-003 -1.036484e-003
 3.525000e+001  1.337936e-003 -1.019008e-003
 3.550000e+001  1.304945e-003 -9.981351e-004
 3.575000e+001  1.240531e-003 -1.002663e-003
 3.600000e+001  1.226558e-003 -9.294650e-004
 3.625000e+001  1.166567e-003 -9.300739e-004
 3.650000e+001  1.131661e-003 -9.404909e-004
 3.675000e+001  1.094612e-003 -9.140597e-004
 3.700000e+001  1.086945e-003 -9.170585e-004
 3.725000e+001  1.044999e-003 -9.047343e-004
 3.750000e+001  9.856774e-004 -8.511484e-004
 3.775000e+001  9.976623e-004 -8.886583e-004
 3.800000e+001  8.932301e-004 -8.677365e-004
 3.825000e+001  8.820262e-004 -8.102562e-004
 3.850000e+001  9.085726e-004 -8.315031e-004
 3.875000e+001  8.702545e-004 -8.241043e-004
 3.900000e+001  8.506285e-004 -8.266851e-004
 3.925000e+001  8.486250e-004 -7.979258e-004
 3.950000e+001  7.689675e-004 -8.061907e-004
 3.975000e+001  7.758754e-004 -8.254445e-004
 4.000000e+001  7.155494e-004 -7.321166e-004
 4.025000e+001  7.228944e-004 -8.078085e-004
 4.050000e+001  7.056813e-004 -7.397739e-004
 4.075000e+001  6.857162e-004 -7.683422e-004
 4.100000e+001  6.714969e-004 -7.462816e-004
 4.125000e+001  6.513422e-004 -7.366765e-004
 4.150000e+001  6.214312e-004 -7.567921e-004
 4.175000e+001  6.466070e-004 -7.494092e-004
 4.200000e+001  5.489572e-004 -7.434380e-004
 4.225000e+001  5.558940e-004 -7.338781e-004
 4.250000e+001  5.428927e-004 -7.187296e-004
 4.275000e+001  5.347594e-004 -6.834205e-004
 4.300000e+001  5.293986e-004 -6.690494e-004
 4.325000e+001  5.030437e-004 -7.001997e-004
 4.350000e+001  5.043813e-004 -7.010310e-004
 4.375000e+001  4.654931e-004 -7.026845e-004
 4.400000e+001  4.437736e-004 -7.018709e-004
 4.425000e+001  4.291032e-004 -7.025755e-004
 4.450000e+001  1.256043e-004 -7.493170e-004
 4.475000e+001  4.428193e-004 -6.009542e-004
 4.500000e+001  4.123602e-004 -6.643617e-004
 4.525000e+001  3.340095e-004 -6.369472e-004
 4.550000e+001  3.658905e-004 -6.553609e-004
 4.575000e+001  2.982303e-004 -6.318102e-004
 4.600000e+001  3.019307e-004 -6.139928e-004
 4.625000e+001  3.289300e-004 -5.589984e-004
 4.650000e+001  3.071823e-004 -5.835733e-004
 4.675000e+001  2.862562e-004 -5.936144e-004
 4.700000e+001  3.027745e-004 -6.096897e-004
 4.725000e+001  2.601432e-004 -5.580463e-004
 4.750000e+001  2.892780e-004 -6.153002e-004
 4.775000e+001  2.298638e-004 -5.590210e-004
 4.800000e+001  2.303122e-004 -6.080237e-004
 4.825000e+001  1.808822e-004 -5.846536e-004
 4.850000e+001  2.154203e-004 -5.673321e-004
 4.875000e+001  2.282588e-004 -5.966553e-004
 4.900000e+001  2.123550e-004 -5.542334e-004
 4.925000e+001  1.347147e-004 -5.659960e-004
 4.950000e+001  1.303012e-004 -5.468917e-004
 4.975000e+001  1.200034e-004 -5.443068e-004
 5.000000e+001  1.160366e-004 -5.450065e-004
 5.025000e+001  8.337154e-005 -5.514626e-004
 5.050000e+001  6.106848e-005 -5.101546e-004
 5.075000e+001  6.258995e-005 -5.477692e-004
 5.100000e+001  8.854446e-005 -4.924379e-004
 5.125000e+001  3.404400e-005 -5.188221e-004
 5.150000e+001  4.512909e-005 -5.065237e-004
 5.175000e+001  8.491007e-005 -4.852832e-004
 5.200000e+001  1.987717e-005 -5.018627e-004
 5.225000e+001  1.442170e-005 -4.974598e-004
 5.250000e+001  2.342393e-005 -4.880902e-004
 5.275000e+001 -6.845296e-007 -4.849784e-004
 5.300000e+001 -4.830374e-005 -4.950048e-004
 5.325000e+001 -6.832346e-005 -5.250701e-004
 5.350000e+001 -5.892891e-005 -4.245217e-004
 5.375000e+001 -7.943060e-005 -4.675809e-004
 5.400000e+001 -6.263508e-005 -4.848244e-004
 5.425000e+001 -8.587899e-005 -4.793008e-004
 5.450000e+001 -1.262194e-004 -4.802704e-004
 5.475000e+001 -1.291050e-004 -4.672160e-004
 5.500000e+001 -1.793912e-004 -4.644675e-004
 5.525000e+001 -1.811009e-004 -4.332610e-004
 5.550000e+001 -1.765017e-004 -4.236130e-004
 5.575000e+001 -2.217091e-004 -4.435199e-004
 5.600000e+001 -2.214790e-004 -4.545810e-004
 5.625000e+001 -1.851891e-004 -4.216065e-004
 5.650000e+001 -2.093570e-004 -3.903039e-004
 5.675000e+001 -2.511962e-004 -4.052988e-004
 5.700000e+001 -2.512190e-004 -3.910352e-004
 5.725000e+001 -3.022867e-004 -4.164644e-004
 5.750000e+001 -2.338533e-004 -3.841781e-004
 5.775000e+001 -3.049093e-004 -4.119539e-004
 5.800000e+001 -3.350271e-004 -4.123223e-004
 5.825000e+001 -3.081449e-004 -3.787191e-004
 5.850000e+001 -3.180896e-004 -3.610429e-004
 5.875000e+001 -3.521523e-004 -3.886262e-004
 5.900000e+001 -3.506149e-004 -3.808393e-004
 5.925000e+001 -4.055523e-004 -3.345077e-004
 5.950000e+001 -4.293769e-004 -3.771317e-004
 5.975000e+001 -4.570014e-004 -3.479632e-004
 6.000000e+001 -4.740830e-004 -3.542603e-004
 6.025000e+001 -4.686178e-004 -4.124450e-004
 6.050000e+001 -4.744798e-004 -3.503317e-004
 6.075000e+001 -5.460418e-004 -3.723187e-004
 6.100000e+001 -5.390244e-004 -3.339495e-004
 6.125000e+001 -5.896011e-004 -3.064842e-004
 6.150000e+001 -5.973820e-004 -3.008102e-004
 6.175000e+001 -6.382740e-004 -2.997933e-004
 6.200000e+001 -6.845096e-004 -3.126866e-004
 6.225000e+001 -6.813413e-004 -3.253311e-004
 6.250000e+001 -7.252517e-004 -3.361022e-004
 6.275000e+001 -7.388493e-004 -3.435267e-004
 6.300000e+001 -7.955100e-004 -2.922985e-004
 6.325000e+001 -8.058573e-004 -2.744922e-004
 6.350000e+001 -8.204494e-004 -3.040290e-004
 6.375000e+001 -8.817070e-004 -2.427494e-004
 6.400000e+001 -9.370213e-004 -2.791749e-004
 6.425000e+001 -9.572389e-004 -2.662782e-004
 6.450000e+001 -1.000327e-003 -2.731447e-004
 6.475000e+001 -1.046215e-003 -2.636080e-004
 6.500000e+001 -1.076855e-003 -2.302763e-004
 6.525000e+001 -1.111256e-003 -2.050135e-004
 6.550000e+001 -1.214639e-003 -2.222258e-004
 6.575000e+001 -1.250222e-003 -2.038143e-004
 6.600000e+001 -1.290573e-003 -2.265268e-004
 6.625000e+001 -1.421775e-003 -1.474394e-004
 6.650000e+001 -1.448614e-003 -1.751750e-004
 6.675000e+001 -1.619017e-003 -5.714168e-005
 6.700000e+001 -1.524952e-003 -2.053205e-004
 6.725000e+001 -1.657585e-003 -1.505304e-004
 6.750000e+001 -1.769070e-003 -1.485405e-004
 6.775000e+001 -1.885838e-003 -1.428070e-004
 6.800000e+001 -1.975334e-003 -8.015044e-005
 6.825000e+001 -2.076371e-003 -6.565582e-005
 6.850000e+001 -2.198860e-003 -3.098684e-005
 6.875000e+001 -2.420249e-003  6.750800e-005
 6.900000e+001 -2.517005e-003  7.079160e-005
 6.925000e+001 -2.749419e-003  1.294077e-004
 6.950000e+001 -2.939555e-003  1.063075e-004
 6.975000e+001 -3.209650e-003  1.845925e-004
 7.000000e+001 -3.457631e-003  2.801614e-004
 7.025000e+001 -3.789813e-003  3.311014e-004
 7.050000e+001 -4.178750e-003  4.773267e-004
 7.075000e+001 -4.611286e-003  6.138586e-004
 7.100000e+001 -5.213595e-003  8.601711e-004
 7.125000e+001 -5.926122e-003  1.144411e-003
 7.150000e+001 -6.833174e-003  1.584592e-003
 7.175000e+001 -8.036331e-003  2.208498e-003
 7.200000e+001 -9.695729e-003  3.434365e-003
 7.225000e+001 -1.188857e-002  5.466242e-003
 7.250000e+001 -1.511044e-002  9.629866e-003
 7.275000e+001 -1.736820e-002  1.897930e-002
 7.300000e+001 -8.825006e-003  3.780737e-002
 7.325000e+001  2.880938e-002  3.069785e-002
 7.350000e+001  2.033325e-002  5.568557e-003
 7.375000e+001  1.346418e-002  2.376074e-003
 7.400000e+001  1.027660e-002  1.306840e-003
 7.425000e+001  8.288006e-003  7.906463e-004
 7.450000e+001  6.897201e-003  5.386860e-004
 7.475000e+001  5.944702e-003  3.459539e-004
 7.500000e+001  5.378438e-003  2.167003e-004
 7.525000e+001  4.710030e-003  1.739092e-004
 7.550000e+001  4.264239e-003  1.049818e-004
 7.575000e+001  3.903923e-003  2.260775e-005
 7.600000e+001  3.559540e-003  4.926430e-006
 7.625000e+001  3.306565e-003 -1.898918e-005
 7.650000e+001  3.040512e-003  1.445260e-006
 7.675000e+001  2.858543e-003  1.158322e-005
 7.700000e+001  2.717926e-003 -6.515547e-005
 7.725000e+001  2.449568e-003 -4.124916e-005
 7.750000e+001  2.391286e-003 -6.282672e-005
 7.775000e+001  2.256125e-003 -6.068075e-005
 7.800000e+001  2.117965e-003 -6.933706e-005
 7.825000e+001  1.981187e-003 -5.362928e-005
 7.850000e+001  1.935043e-003 -5.841319e-005
 7.875000e+001  1.779353e-003 -6.097949e-005
 7.900000e+001  1.691493e-003 -4.206176e-005
 7.925000e+001  1.607674e-003 -3.313661e-005
 7.950000e+001  1.504187e-003 -1.195801e-005
 7.975000e+001  1.537837e-003  8.632234e-005
 8.000000e+001  1.483069e-003 -5.426105e-005
 8.025000e+001  1.385406e-003  1.428401e-006
 8.050000e+001  1.341390e-003 -4.272001e-006
 8.075000e+001  1.254773e-003 -4.136250e-005
 8.100000e+001  1.178776e-003  9.278069e-007
 8.125000e+001  1.115431e-003 -1.028136e-005
 8.150000e+001  1.068387e-003  1.592507e-006
 8.175000e+001  1.031399e-003 -3.478596e-005
 8.200000e+001  9.897449e-004 -2.540197e-005
 8.225000e+001  8.956628e-004  6.137427e-008
 8.250000e+001  8.697970e-004 -3.743846e-005
 8.275000e+001  7.979261e-004 -1.726767e-005
 8.300000e+001  7.280793e-004  6.522575e-005
 8.325000e+001  6.934497e-004  6.458838e-005
 8.350000e+001  6.530075e-004  1.570961e-005
 8.375000e+001  5.494699e-004  4.241283e-005
 8.400000e+001  5.015241e-004  6.853622e-005
 8.425000e+001  4.538514e-004  9.418466e-005
 8.450000e+001  3.763164e-004  1.130886e-004
 8.475000e+001  2.834405e-004  8.199327e-005
 8.500000e+001  2.478078e-004  1.123595e-004
 8.525000e+001  1.930001e-004  1.931431e-004
 8.550000e+001  1.162417e-004  1.907135e-004
 8.575000e+001  2.656379e-005  2.321267e-004
 8.600000e+001 -5.709753e-005  2.649684e-004
 8.625000e+001 -1.997154e-004  2.280820e-004
 8.650000e+001 -2.100073e-004  3.197269e-004
 8.675000e+001 -3.703289e-004  3.530335e-004
 8.700000e+001 -4.674163e-004  3.912147e-004
 8.725000e+001 -6.149600e-004  4.421199e-004
 8.750000e+001 -7.770040e-004  5.341651e-004
 8.775000e+001 -9.568928e-004  6.196252e-004
 8.800000e+001 -1.183969e-003  7.119879e-004
 8.825000e+001 -1.425729e-003  8.732414e-004
 8.850000e+001 -1.734237e-003  1.105058e-003
 8.875000e+001 -2.078931e-003  1.367503e-003
 8.900000e+001 -2.499283e-003  1.764104e-003
 8.925000e+001 -3.040570e-003  2.308632e-003
 8.950000e+001 -3.634954e-003  3.256130e-003
 8.975000e+001 -4.274919e-003  4.732827e-003
 9.000000e+001 -4.701587e-003  7.431406e-003
 9.025000e+001 -3.121520e-003  1.175517e-002
 9.050000e+001  4.243096e-003  1.578583e-002
 9.075000e+001  1.219184e-002  8.076096e-003
 9.100000e+001  8.940134e-003  2.291264e-003
 9.125000e+001  6.834324e-003  1.228433e-003
 9.150000e+001  5.621828e-003  7.303790e-004
 9.175000e+001  4.867480e-003  4.347509e-004
 9.200000e+001  4.356836e-003  3.407319e-004
 9.225000e+001  3.909126e-003  2.256019e-004
 9.250000e+001  3.568759e-003  1.506067e-004
 9.275000e+001  3.362853e-003  7.862103e-005
 9.300000e+001  3.094981e-003  6.778832e-005
 9.325000e+001  2.907409e-003  4.323036e-005
 9.350000e+001  2.768120e-003 -8.328283e-006
 9.375000e+001  2.629855e-003 -2.970942e-005
 9.400000e+001  2.484951e-003  1.862802e-005
 9.425000e+001  2.451391e-003 -4.025816e-005
 9.450000e+001  2.308548e-003  5.059266e-006
 9.475000e+001  2.192621e-003 -5.367469e-005
 9.500000e+001  2.122139e-003 -4.772636e-005
 9.525000e+001  1.978331e-003 -5.397559e-005
 9.550000e+001  1.915531e-003  2.431791e-005
 9.575000e+001  1.940027e-003  1.449020e-005
 9.600000e+001  1.895779e-003 -1.578518e-005
 9.625000e+001  1.850941e-003  3.622771e-005
 9.650000e+001  1.807582e-003  3.387541e-006
 9.675000e+001  1.799544e-003  3.645140e-005
 9.700000e+001  1.763876e-003 -9.321113e-006
 9.725000e+001  1.711379e-003  1.576523e-005
 9.750000e+001  1.632060e-003 -4.760806e-006
 9.775000e+001  1.659480e-003 -2.892817e-007
 9.800000e+001  1.602297e-003  1.327780e-006
 9.825000e+001  1.505549e-003  1.985812e-005
 9.850000e+001  1.535565e-003 -6.173374e-006
 9.875000e+001  1.494716e-003  1.243724e-005
 9.900000e+001  1.479367e-003 -6.794205e-006
 9.925000e+001  1.499183e-003  2.080907e-005
 9.950000e+001  1.385961e-003  2.464268e-006
 9.975000e+001  1.405705e-003 -3.000896e-005
 1.000000e+002  1.367026e-003  1.122140e-005
 1.002500e+002  1.388091e-003 -2.250878e-005
 1.005000e+002  1.350876e-003  4.337764e-005
 1.007500e+002  1.345321e-003  3.235616e-005
 1.010000e+002  1.314860e-003 -2.412112e-005
 1.012500e+002  1.288340e-003  1.559636e-005
 1.015000e+002  1.264209e-003  3.982846e-005
 1.017500e+002  1.256971e-003  4.260481e-005
 1.020000e+002  1.302980e-003  3.193893e-005
 1.022500e+002  1.244294e-003  3.821844e-005
 1.025000e+002  1.193510e-003  2.694434e-005
 1.027500e+002  1.239258e-003  5.667293e-005
 1.030000e+002  1.208766e-003  1.205076e-005
 1.032500e+002  1.177177e-003  2.596764e-005
 1.035000e+002  1.154695e-003  4.011027e-005
 1.037500e+002  1.151885e-003  5.746353e-005
 1.040000e+002  1.133335e-003  2.159566e-005
 1.042500e+002  1.129305e-003  4.637986e-005
 1.045000e+002  1.087214e-003  3.013317e-005
 1.047500e+002  1.095800e-003  4.502268e-005
 1.050000e+002  1.082489e-003  7.844747e-005
 1.052500e+002  1.040880e-003  5.063204e-005
 1.055000e+002  1.040939e-003  3.890076e-005
 1.057500e+002  1.036428e-003  5.574542e-005
 1.060000e+002  1.052355e-003  3.815620e-005
 1.062500e+002  9.946201e-004  5.810620e-005
 1.065000e+002  1.051262e-003  5.422125e-005
 1.067500e+002  9.935165e-004  7.049509e-005
 1.070000e+002  1.025223e-003  6.917590e-005
 1.072500e+002  9.785690e-004  9.585666e-005
 1.075000e+002  9.460031e-004  6.707041e-005
 1.077500e+002  9.880242e-004  7.019310e-005
 1.080000e+002  9.654539e-004  3.684799e-005
 1.082500e+002  9.568929e-004  8.102718e-005
 1.085000e+002  9.449396e-004  1.140099e-004
 1.087500e+002  8.888337e-004  5.758779e-005
 1.090000e+002  9.264235e-004  5.310243e-005
 1.092500e+002  8.967812e-004  5.948603e-007
 1.095000e+002  9.215115e-004  5.385192e-005
 1.097500e+002  8.761577e-004  4.836569e-005
 1.100000e+002  9.084775e-004  6.762980e-005
 1.102500e+002  8.856728e-004  3.483003e-005
 1.105000e+002  9.120915e-004  8.334403e-005
 1.107500e+002  8.497945e-004  4.797864e-005
 1.110000e+002  8.246944e-004  8.118773e-005
 1.112500e+002  8.212993e-004  4.746590e-005
 1.115000e+002  8.056809e-004  6.876688e-005
 1.117500e+002  8.342116e-004  5.193646e-005
 1.120000e+002  7.555476e-004  7.892042e-005
 1.122500e+002  8.049339e-004  4.764168e-005
 1.125000e+002  7.724909e-004  8.957060e-005
 1.127500e+002  7.383387e-004  1.258964e-004
 1.130000e+002  7.873161e-004  8.134085e-005
 1.132500e+002  7.608970e-004  1.448447e-004
 1.135000e+002  8.003901e-004  8.876793e-005
 1.137500e+002  7.666916e-004  8.936195e-005
 1.140000e+002  7.588011e-004  7.539675e-005
 1.142500e+002  7.371797e-004  8.762310e-005
 1.145000e+002  7.310752e-004  9.831262e-005
 1.147500e+002  7.461129e-004  7.798742e-005
 1.150000e+002  7.064328e-004  1.187329e-004
 1.152500e+002  7.499394e-004  1.427011e-004
 1.155000e+002  7.146065e-004  1.083046e-004
 1.157500e+002  7.221948e-004  1.026038e-004
 1.160000e+002  7.219825e-004  9.921933e-005
 1.162500e+002  6.840379e-004  8.613516e-005
 1.165000e+002  6.846466e-004  7.465111e-005
 1.167500e+002  6.708645e-004  1.110049e-004
 1.170000e+002  6.607314e-004  7.997821e-005
 1.172500e+002  6.701744e-004  9.541563e-005
 1.175000e+002  6.765528e-004  1.388902e-004
 1.177500e+002  6.460438e-004  1.167100e-004
 1.180000e+002  6.666932e-004  1.108688e-004
 1.182500e+002  6.349381e-004  1.185807e-004
 1.185000e+002  6.698683e-004  1.331506e-004
 1.187500e+002  6.335235e-004  1.134879e-004
 1.190000e+002  6.574907e-004  1.266552e-004
 1.192500e+002  6.424344e-004  8.706749e-005
 1.195000e+002  6.347354e-004  1.407024e-004
 1.197500e+002  5.969139e-004  9.590301e-005
 1.200000e+002  6.146937e-004  1.299519e-004
 1.202500e+002  6.396581e-004  1.362683e-004
 1.205000e+002  5.752647e-004  1.211617e-004
 1.207500e+002  6.019397e-004  9.629294e-005
 1.210000e+002  5.812050e-004  1.095110e-004
 1.212500e+002  6.210843e-004  1.484838e-004
 1.215000e+002  5.846826e-004  1.344126e-004
 1.217500e+002  5.682167e-004  9.356945e-005
 1.220000e+002  5.543153e-004  1.080272e-004
 1.222500e+002  5.817875e-004  1.346120e-004
 1.225000e+002  5.422712e-004  8.427527e-005
 1.227500e+002  5.013616e-004  7.526157e-005
 1.230000e+002  5.389807e-004  1.495120e-004
 1.232500e+002  5.319969e-004  1.302090e-004
 1.235000e+002  5.368842e-004  9.506974e-005
 1.237500e+002  5.630342e-004  1.336810e-004
 1.240000e+002  5.310832e-004  9.374253e-005
 1.242500e+002  5.202406e-004  1.326126e-004
 1.245000e+002  5.623927e-004  1.347852e-004
 1.247500e+002  4.938161e-004  1.192640e-004
 1.250000e+002  5.076885e-004  1.275734e-004
 1.252500e+002  5.186339e-004  1.096492e-004
 1.255000e+002  4.965272e-004  1.432604e-004
 1.257500e+002  5.320411e-004  1.020447e-004
 1.260000e+002  4.675978e-004  1.229309e-004
 1.262500e+002  4.768544e-004  1.717307e-004
 1.265000e+002  4.450713e-004  1.098325e-004
 1.267500e+002  4.757238e-004  1.488211e-004
 1.270000e+002  5.017979e-004  1.450760e-004
 1.272500e+002  4.777457e-004  1.104224e-004
 1.275000e+002  4.665047e-004  1.333428e-004
 1.277500e+002  4.161805e-004  1.847953e-004
 1.280000e+002  4.525715e-004  7.059004e-005
 1.282500e+002  4.668397e-004  9.780017e-005
 1.285000e+002  4.439650e-004  1.475684e-004
 1.287500e+002  4.522890e-004  1.197800e-004
 1.290000e+002  4.621508e-004  9.935378e-005
 1.292500e+002  4.256028e-004  1.309407e-004
 1.295000e+002  4.041654e-004  1.275586e-004
 1.297500e+002  4.314061e-004  9.796805e-005
 1.300000e+002  4.358954e-004  1.192710e-004
 1.302500e+002  4.146134e-004  1.265763e-004
 1.305000e+002  3.681531e-004  9.586852e-005
 1.307500e+002  4.097134e-004  1.042790e-004
 1.310000e+002  4.288491e-004  1.447578e-004
 1.312500e+002  4.216047e-004  1.125638e-004
 1.315000e+002  4.313520e-004  1.276330e-004
 1.317500e+002  4.259609e-004  1.435115e-004
 1.320000e+002  3.686614e-004  1.607976e-004
 1.322500e+002  3.873760e-004  1.369796e-004
 1.325000e+002  4.185426e-004  1.422610e-004
 1.327500e+002  3.997416e-004  1.363556e-004
 1.330000e+002  3.963648e-004  1.167425e-004
 1.332500e+002  3.920031e-004  1.511111e-004
 1.335000e+002  3.759151e-004  1.114199e-004
 1.337500e+002  3.513398e-004  1.438018e-004
 1.340000e+002  3.740001e-004  1.135407e-004
 1.342500e+002  3.557422e-004  1.248340e-004
 1.345000e+002  3.524066e-004  1.321896e-004
 1.347500e+002  3.365979e-004  1.043229e-004
 1.350000e+002  3.587862e-004  9.928491e-005
 1.352500e+002  3.394926e-004  1.300550e-004
 1.355000e+002  3.339784e-004  1.251206e-004
 1.357500e+002  3.499351e-004  1.084037e-004
 1.360000e+002  3.192624e-004  1.420034e-004
 1.362500e+002  3.374850e-004  1.218463e-004
 1.365000e+002  3.653779e-004  1.575055e-004
 1.367500e+002  3.330748e-004  1.150971e-004
 1.370000e+002  3.152782e-004  1.195877e-004
 1.372500e+002  2.649742e-004  9.518231e-005
 1.375000e+002  3.125973e-004  1.108489e-004
 1.377500e+002  2.900999e-004  9.140292e-005
 1.380000e+002  2.933912e-004  1.022739e-004
 1.382500e+002  2.974070e-004  1.005147e-004
 1.385000e+002  2.976023e-004  9.901143e-005
 1.387500e+002  2.672695e-004  1.144177e-004
 1.390000e+002  3.456407e-004  5.795581e-005
 1.392500e+002  2.917535e-004  8.889543e-005
 1.395000e+002  2.902613e-004  8.687879e-005
 1.397500e+002  3.423904e-004  1.177965e-004
 1.400000e+002  2.727444e-004  1.080029e-004
 1.402500e+002  2.620745e-004  1.229486e-004
 1.405000e+002  2.625177e-004  1.103387e-004
 1.407500e+002  2.744734e-004  1.028142e-004
 1.410000e+002  3.306212e-004  6.494472e-005
 1.412500e+002  3.248119e-004  9.596296e-005
 1.415000e+002  2.755671e-004  9.181285e-005
 1.417500e+002  2.789653e-004  1.376495e-004
 1.420000e+002  2.152026e-004  1.081198e-004
 1.422500e+002  2.381294e-004  1.156391e-004
 1.425000e+002  2.499290e-004  9.462932e-005
 1.427500e+002  2.289283e-004  1.101044e-004
 1.430000e+002  2.736675e-004  5.488637e-005
 1.432500e+002  2.319582e-004  9.426713e-005
 1.435000e+002  2.171301e-004  9.247386e-005
 1.437500e+002  2.163973e-004  1.181872e-004
 1.440000e+002  2.491354e-004  7.693729e-005
 1.442500e+002  2.142511e-004  4.780950e-005
 1.445000e+002  2.482660e-004  8.932022e-005
 1.447500e+002  2.404905e-004  7.979513e-005
 1.450000e+002  2.474390e-004  8.644144e-005
 1.452500e+002  2.298070e-004  8.226363e-005
 1.455000e+002  2.238059e-004  1.109612e-004
 1.457500e+002  2.389707e-004  8.218296e-005
 1.460000e+002  1.998356e-004  5.339684e-005
 1.462500e+002  1.763895e-004  7.872535e-005
 1.465000e+002  1.918475e-004  8.656031e-005
 1.467500e+002  2.158629e-004  6.952154e-005
 1.470000e+002  1.590024e-004  6.053187e-005
 1.472500e+002  2.287809e-004  9.871102e-005
 1.475000e+002  1.877513e-004  6.277219e-005
 1.477500e+002  1.852084e-004  7.226553e-005
 1.480000e+002  2.167550e-004  9.249450e-005
 1.482500e+002  2.030480e-004  2.766508e-005
 1.485000e+002  1.668433e-004  4.612378e-005
 1.487500e+002  1.841770e-004  4.303984e-005
 1.490000e+002  1.384964e-004  1.710541e-005
 1.492500e+002  1.927605e-004  3.229579e-005
 1.495000e+002  1.661304e-004  7.138172e-005
 1.497500e+002  1.983148e-004  1.667075e-005
 1.500000e+002  1.914483e-004  4.339913e-005
 1.502500e+002  2.313070e-004  2.703976e-007
 1.505000e+002  1.912431e-004  5.195651e-005
 1.507500e+002  1.613015e-004  5.325743e-005
 1.510000e+002  1.747988e-004  1.808414e-005
 1.512500e+002  1.558513e-004  1.027216e-005
 1.515000e+002  1.904424e-004  9.578881e-006
 1.517500e+002  1.960616e-004  6.121290e-006
 1.520000e+002  1.670523e-004  2.450399e-005
 1.522500e+002  1.713235e-004  3.512736e-005
 1.525000e+002  1.763853e-004  1.706988e-006
 1.527500e+002  1.893509e-004  1.386073e-005
 1.530000e+002  1.643107e-004  6.854384e-005
 1.532500e+002  1.354437e-004  2.113357e-005
 1.535000e+002  2.103407e-004  4.195303e-005
 1.537500e+002  1.643037e-004 -6.253008e-007
 1.540000e+002  1.287823e-004  2.042000e-005
 1.542500e+002  2.013713e-004  1.622182e-006
 1.545000e+002  1.835402e-004  1.740681e-005
 1.547500e+002  1.437502e-004  2.092842e-005
 1.550000e+002  1.519988e-004  1.978666e-005
 1.552500e+002  1.297790e-004  1.052243e-005
 1.555000e+002  1.601390e-004  3.495999e-005
 1.557500e+002  1.281429e-004 -1.002351e-005
 1.560000e+002  1.197170e-004 -8.389964e-006
 1.562500e+002  1.693364e-004  1.895549e-005
 1.565000e+002  1.411748e-004  1.860300e-005
 1.567500e+002  1.422440e-004 -1.058050e-005
 1.570000e+002  1.270765e-004  2.639768e-005
 1.572500e+002  1.224906e-004 -2.262874e-005
 1.575000e+002  1.315563e-004  8.314692e-006
 1.577500e+002  1.802583e-004  1.633964e-005
 1.580000e+002  1.426646e-004  2.438450e-005
 1.582500e+002  1.420591e-004 -2.185184e-006
 1.585000e+002  1.341808e-004  5.104270e-007
 1.587500e+002  1.450123e-004 -1.336815e-006
 1.590000e+002  1.326229e-004 -2.156748e-005
 1.592500e+002  1.183433e-004 -9.532051e-007
 1.595000e+002  1.352401e-004 -8.363538e-006
 1.597500e+002  1.369768e-004 -2.849938e-005
 1.600000e+002  1.247007e-004 -4.851189e-005
 1.602500e+002  1.431617e-004 -3.587959e-005
 1.605000e+002  1.448847e-004  7.020467e-006
 1.607500e+002  1.381332e-004  2.320629e-005
 1.610000e+002  1.299093e-004 -3.971235e-005
 1.612500e+002  1.520170e-004 -2.000609e-005
 1.615000e+002  1.348801e-004 -3.566000e-005
 1.617500e+002  1.303196e-004 -2.935714e-005
 1.620000e+002  1.770986e-004 -2.690603e-005
 1.622500e+002  9.868193e-005 -3.830371e-005
 1.625000e+002  1.372017e-004 -1.465842e-005
 1.627500e+002  1.285774e-004 -3.116814e-005
 1.630000e+002  1.124278e-004 -7.296514e-005
 1.632500e+002  9.398429e-005 -1.598008e-005
 1.635000e+002  1.370651e-004 -6.619971e-005
 1.637500e+002  1.433730e-004  8.281452e-006
 1.640000e+002  1.088292e-004 -2.316860e-005
 1.642500e+002  1.654918e-004 -4.580158e-005
 1.645000e+002  1.264379e-004 -5.336055e-005
 1.647500e+002  1.505222e-004 -8.956501e-006
 1.650000e+002  1.502392e-004 -6.012799e-005
 1.652500e+002  1.485885e-004 -3.636524e-005
 1.655000e+002  1.279667e-004 -3.809708e-005
 1.657500e+002  1.284208e-004 -6.009964e-005
 1.660000e+002  1.949098e-004 -6.585093e-005
 1.662500e+002  1.094344e-004 -4.483697e-005
 1.665000e+002  1.412919e-004 -5.803889e-005
 1.667500e+002  1.046430e-004 -4.339542e-005
 1.670000e+002  1.105698e-004 -6.596121e-005
 1.672500e+002  1.441760e-004 -8.473037e-005
 1.675000e+002  1.401537e-004 -4.895816e-005
 1.677500e+002  1.745820e-004 -4.876023e-005
 1.680000e+002  1.222473e-004 -9.363018e-005
 1.682500e+002  1.304640e-004 -7.785034e-005
 1.685000e+002  1.484623e-004 -9.346208e-005
 1.687500e+002  1.497254e-004 -8.153504e-005
 1.690000e+002  1.853772e-004 -6.121048e-005
 1.692500e+002  1.598360e-004 -8.551035e-005
 1.695000e+002  1.051913e-004 -6.086870e-005
 1.697500e+002  1.301536e-004 -1.054896e-004
 1.700000e+002  1.193259e-004 -4.388030e-005
 1.702500e+002  1.466721e-004 -7.204617e-005
 1.705000e+002  1.517289e-004 -1.071452e-004
 1.707500e+002  1.268568e-004 -1.159178e-004
 1.710000e+002  1.238882e-004 -1.064240e-004
 1.712500e+002  1.606737e-004 -3.141930e-005
 1.715000e+002  1.342454e-004 -7.067044e-005
 1.717500e+002  1.528039e-004 -1.134776e-004
 1.720000e+002  1.635796e-004 -8.029745e-005
 1.722500e+002  9.976668e-005 -7.714229e-005
 1.725000e+002  1.144317e-004 -4.654808e-005
 1.727500e+002  1.770513e-004 -6.559541e-005
 1.730000e+002  1.529734e-004 -9.765593e-005
 1.732500e+002  1.154630e-004 -6.036777e-005
 1.735000e+002  1.477329e-004 -1.008841e-004
 1.737500e+002  1.323390e-004 -1.158858e-004
 1.740000e+002  1.620835e-004 -9.695556e-005
 1.742500e+002  1.486162e-004 -7.441985e-005
 1.745000e+002  1.998393e-004 -1.066922e-004
 1.747500e+002  1.479509e-004 -1.313068e-004
 1.750000e+002  1.583614e-004 -9.515328e-005
 1.752500e+002  1.514741e-004 -9.355722e-005
 1.755000e+002  1.864846e-004 -8.570472e-005
 1.757500e+002  1.724994e-004 -8.628868e-005
 1.760000e+002  1.646393e-004 -1.244342e-004
 1.762500e+002  1.749563e-004 -8.915308e-005
 1.765000e+002  1.657851e-004 -9.458349e-005
 1.767500e+002  1.592197e-004 -7.640436e-005
 1.770000e+002  1.473345e-004 -9.014886e-005
 1.772500e+002  1.974081e-004 -1.402920e-004
 1.775000e+002  1.615384e-004 -7.654464e-005
 1.777500e+002  1.572864e-004 -1.094293e-004
 1.780000e+002  1.621463e-004 -1.035829e-004
 1.782500e+002  1.657182e-004 -1.202875e-004
 1.785000e+002  1.307865e-004 -1.059075e-004
 1.787500e+002  1.796351e-004 -1.050956e-004
 1.790000e+002  1.741439e-004 -9.992277e-005
 1.792500e+002  1.667788e-004 -9.507350e-005
 1.795000e+002  1.982653e-004 -9.894417e-005
 1.797500e+002  1.601761e-004 -1.251728e-004
 1.800000e+002  1.819811e-004 -8.170175e-005
 1.802500e+002  1.594816e-004 -9.047179e-005
 1.805000e+002  1.743135e-004 -9.030892e-005
 1.807500e+002  1.695461e-004 -9.527499e-005
 1.810000e+002  1.759877e-004 -4.539861e-005
 1.812500e+002  1.754988e-004 -1.045913e-004
 1.815000e+002  1.567080e-004 -9.675916e-005
 1.817500e+002  1.786194e-004 -8.372745e-005
 1.820000e+002  1.881975e-004 -7.405378e-005
 1.822500e+002  1.822882e-004 -1.025608e-004
 1.825000e+002  1.688461e-004 -1.087477e-004
 1.827500e+002  1.723878e-004 -1.224730e-004
 1.830000e+002  2.121929e-004 -1.138764e-004
 1.832500e+002  2.144458e-004 -6.163656e-005
 1.835000e+002  1.960726e-004 -8.541991e-005
 1.837500e+002  1.638854e-004 -1.481193e-004
 1.840000e+002  1.900223e-004 -1.209072e-004
 1.842500e+002  2.005742e-004 -1.283084e-004
 1.845000e+002  1.679652e-004 -1.319372e-004
 1.847500e+002  2.312429e-004 -1.301347e-004
 1.850000e+002  1.556996e-004 -9.966114e-005
 1.852500e+002  2.168331e-004 -1.368259e-004
 1.855000e+002  1.738562e-004 -1.326132e-004
 1.857500e+002  1.799381e-004 -9.437344e-005
 1.860000e+002  2.428934e-004 -1.164232e-004
 1.862500e+002  2.519433e-004 -1.321778e-004
 1.865000e+002  2.083068e-004 -1.228445e-004
 1.867500e+002  1.966265e-004 -1.152765e-004
 1.870000e+002  1.809479e-004 -1.033731e-004
 1.872500e+002  1.849605e-004 -9.948016e-005
 1.875000e+002  1.957958e-004 -1.094566e-004
 1.877500e+002  2.375162e-004 -1.060571e-004
 1.880000e+002  2.159127e-004 -1.205211e-004
 1.882500e+002  2.358449e-004 -1.307282e-004
 1.885000e+002  2.097211e-004 -8.804516e-005
 1.887500e+002  2.257214e-004 -8.131329e-005
 1.890000e+002  1.809317e-004 -9.897651e-005
 1.892500e+002  2.099087e-004 -1.102470e-004
 1.895000e+002  1.851262e-004 -8.022383e-005
 1.897500e+002  2.166817e-004 -7.906965e-005
 1.900000e+002  2.457444e-004 -5.019093e-005
 1.902500e+002  2.259247e-004 -1.535711e-004
 1.905000e+002  1.879083e-004 -8.461871e-005
 1.907500e+002  1.947739e-004 -1.046668e-004
 1.910000e+002  2.112766e-004 -9.624453e-005
 1.912500e+002  2.248001e-004 -4.860124e-005
 1.915000e+002  2.195918e-004 -1.113582e-004
 1.917500e+002  2.264855e-004 -6.707078e-005
 1.920000e+002  1.989497e-004 -1.168227e-004
 1.922500e+002  2.669640e-004 -1.217333e-004
 1.925000e+002  2.070645e-004 -1.002724e-004
 1.927500e+002  2.191771e-004 -1.156981e-004
 1.930000e+002  2.410026e-004 -1.020418e-004
 1.932500e+002  2.558989e-004 -1.133856e-004
 1.935000e+002  2.628280e-004 -1.346570e-004
 1.937500e+002  2.634223e-004 -9.303756e-005
 1.940000e+002  2.349681e-004 -1.140394e-004
 1.942500e+002  2.562647e-004 -1.494994e-004
 1.945000e+002  2.311078e-004 -6.399448e-005
 1.947500e+002  2.075563e-004 -1.001826e-004
 1.950000e+002  2.486496e-004 -6.156486e-005
 1.952500e+002  2.309884e-004 -9.748699e-005
 1.955000e+002  2.125733e-004 -8.940703e-005
 1.957500e+002  2.341758e-004 -7.439313e-005
 1.960000e+002  2.347615e-004 -1.136880e-004
 1.962500e+002  2.388239e-004 -5.261866e-005
 1.965000e+002  2.854329e-004 -7.561166e-005
 1.967500e+002  2.653091e-004 -9.801382e-005
 1.970000e+002  2.865740e-004 -8.033904e-005
 1.972500e+002  2.197919e-004 -8.003655e-005
 1.975000e+002  2.375921e-004 -8.800317e-005
 1.977500e+002  2.556979e-004 -1.214023e-004
 1.980000e+002  2.186945e-004 -6.505717e-005
 1.982500e+002  3.032106e-004 -9.261385e-005
 1.985000e+002  2.245083e-004 -8.104746e-005
 1.987500e+002  2.382060e-004 -3.875876e-005
 1.990000e+002  2.792259e-004 -7.388710e-005
 1.992500e+002  2.791930e-004 -4.554340e-005
 1.995000e+002  2.780151e-004 -7.468195e-005
 1.997500e+002  2.658245e-004 -7.966192e-005
 2.000000e+002  1.957887e-004 -8.516471e-005
 2.002500e+002  3.034530e-004 -5.728629e-005
 2.005000e+002  2.825986e-004 -2.260358e-005
 2.007500e+002  2.433431e-004 -5.632201e-005
 2.010000e+002  2.496381e-004 -3.429564e-005
 2.012500e+002  2.427071e-004 -6.654805e-005
 2.015000e+002  2.605765e-004 -6.184917e-005
 2.017500e+002  2.978241e-004 -2.846612e-005
 2.020000e+002  2.615830e-004 -3.999509e-005
 2.022500e+002  2.598417e-004 -3.516156e-005
 2.025000e+002  2.562680e-004 -4.552499e-005
 2.027500e+002  2.886697e-004 -2.897858e-005
 2.030000e+002  2.871367e-004 -4.245412e-005
 2.032500e+002  2.619627e-004 -7.212451e-005
 2.035000e+002  2.486976e-004 -3.488349e-006
 2.037500e+002  2.482277e-004 -1.812323e-005
 2.040000e+002  3.015646e-004 -4.644904e-005
 2.042500e+002  2.629078e-004 -4.795904e-006
 2.045000e+002  2.299942e-004 -4.478788e-005
 2.047500e+002  2.298818e-004 -2.208238e-005
 2.050000e+002  2.786716e-004 -3.033554e-005
 2.052500e+002  3.060593e-004 -1.115879e-005
 2.055000e+002  2.587552e-004 -4.278956e-005
 2.057500e+002  2.459914e-004 -3.662676e-005
 2.060000e+002  2.569796e-004  9.559708e-007
 2.062500e+002  2.189535e-004 -3.073428e-005
 2.065000e+002  2.310224e-004  8.286430e-006
 2.067500e+002  2.826607e-004  1.290138e-005
 2.070000e+002  2.671065e-004 -4.505384e-005
 2.072500e+002  3.087443e-004 -3.083282e-005
 2.075000e+002  2.632443e-004  4.253492e-005
 2.077500e+002  2.589139e-004  1.020267e-005
 2.080000e+002  2.340743e-004 -2.520069e-005
 2.082500e+002  2.695022e-004  1.233671e-005
 2.085000e+002  2.483898e-004  5.984655e-005
 2.087500e+002  2.497840e-004 -3.799089e-006
 2.090000e+002  2.509228e-004 -1.419382e-005
 2.092500e+002  2.325067e-004  2.869945e-005
 2.095000e+002  2.163439e-004  2.619228e-005
 2.097500e+002  2.559730e-004  1.553660e-005
 2.100000e+002  2.388758e-004  1.197058e-005
 2.102500e+002  2.517730e-004  3.242537e-005
 2.105000e+002  2.421751e-004  1.233062e-005
 2.107500e+002  2.263409e-004  1.552714e-005
 2.110000e+002  2.586651e-004  2.007059e-005
 2.112500e+002  3.093824e-004  7.872137e-006
 2.115000e+002  2.795976e-004  1.242655e-005
 2.117500e+002  2.897744e-004  3.609463e-005
 2.120000e+002  2.852336e-004  3.471371e-005
 2.122500e+002  2.449538e-004  3.033074e-006
 2.125000e+002  2.632092e-004  4.783589e-005
 2.127500e+002  2.800687e-004 -3.744600e-006
 2.130000e+002  2.705769e-004  6.019448e-005
 2.132500e+002  2.290014e-004  2.772572e-005
 2.135000e+002  2.563183e-004  5.138403e-005
 2.137500e+002  2.174109e-004  1.869645e-005
 2.140000e+002  2.004826e-004  3.585421e-005
 2.142500e+002  1.934208e-004  4.528508e-005
 2.145000e+002  2.543436e-004  5.619949e-005
 2.147500e+002  2.497158e-004  3.225796e-005
 2.150000e+002  2.568577e-004  5.921850e-005
 2.152500e+002  2.342075e-004  6.621519e-005
 2.155000e+002  2.747056e-004  1.034246e-004
 2.157500e+002  1.954570e-004  2.413222e-005
 2.160000e+002  2.452258e-004  5.568659e-005
 2.162500e+002  2.590643e-004  1.052131e-004
 2.165000e+002  2.249941e-004  4.166583e-005
 2.167500e+002  2.436638e-004  7.617478e-005
 2.170000e+002  1.859649e-004  5.089544e-005
 2.172500e+002  2.422735e-004  4.549296e-005
 2.175000e+002  2.249069e-004  8.969681e-005
 2.177500e+002  2.700852e-004  7.849702e-005
 2.180000e+002  2.513410e-004  7.573347e-005
 2.182500e+002  2.358897e-004  9.636971e-005
 2.185000e+002  2.308021e-004  6.335304e-005
 2.187500e+002  2.217293e-004  4.950697e-005
 2.190000e+002  1.761203e-004  3.009259e-005
 2.192500e+002  2.250421e-004  5.112842e-005
 2.195000e+002  2.376112e-004  7.931380e-005
 2.197500e+002  2.138564e-004  7.153180e-005
 2.200000e+002  1.832001e-004  6.463564e-005
 2.202500e+002  1.861811e-004  1.172175e-004
 2.205000e+002  1.955628e-004  5.462684e-005
 2.207500e+002  2.079524e-004  7.620052e-005
 2.210000e+002  2.132122e-004  1.034577e-004
 2.212500e+002  1.914534e-004  7.343504e-005
 2.215000e+002  1.860213e-004  9.673063e-005
 2.217500e+002  1.892321e-004  9.991054e-005
 2.220000e+002  1.889150e-004  7.551826e-005
 2.222500e+002  1.746280e-004  1.341894e-004
 2.225000e+002  2.016174e-004  8.155519e-005
 2.227500e+002  1.835852e-004  8.603485e-005
 2.230000e+002  1.606563e-004  9.068976e-005
 2.232500e+002  1.580401e-004  5.668592e-005
 2.235000e+002  1.414214e-004  1.363283e-004
 2.237500e+002  1.848969e-004  1.010055e-004
 2.240000e+002  1.674392e-004  1.418394e-004
 2.242500e+002  1.781715e-004  1.301744e-004
 2.245000e+002  1.035895e-004  1.073882e-004
 2.247500e+002  1.404312e-004  1.055310e-004
 2.250000e+002  1.395025e-004  8.049254e-005
 2.252500e+002  1.512467e-004  1.034708e-004
 2.255000e+002  1.338243e-004  7.386316e-005
 2.257500e+002  1.128082e-004  1.142478e-004
 2.260000e+002  1.389542e-004  7.190893e-005
 2.262500e+002  2.041186e-004  1.068224e-004
 2.265000e+002  1.867802e-004  1.378035e-004
 2.267500e+002  1.279984e-004  1.120907e-004
 2.270000e+002  1.385494e-004  8.384521e-005
 2.272500e+002  1.816936e-004  1.139060e-004
 2.275000e+002  1.092821e-004  1.091293e-004
 2.277500e+002  1.347138e-004  4.194470e-005
 2.280000e+002  9.520430e-005  1.040436e-004
 2.282500e+002  1.149029e-004  5.805772e-005
 2.285000e+002  8.513512e-005  5.606245e-005
 2.287500e+002  1.156633e-004  8.839396e-005
 2.290000e+002  9.468908e-005  6.924993e-005
 2.292500e+002  1.527055e-004  1.017597e-004
 2.295000e+002  1.243288e-004  4.864010e-005
 2.297500e+002  9.213363e-005  1.295740e-004
 2.300000e+002  1.338701e-004  6.448961e-005
 2.302500e+002  2.408305e-005  1.010284e-004
 2.305000e+002  1.468606e-004  9.861417e-005
 2.307500e+002  1.116493e-004  1.041395e-004
 2.310000e+002  1.124010e-004  6.918535e-005
 2.312500e+002  6.389759e-005  5.548061e-005
 2.315000e+002  1.056855e-004  1.008799e-004
 2.317500e+002  7.542773e-005  2.038667e-005
 2.320000e+002  1.017041e-004  7.950429e-005
 2.322500e+002  5.221049e-005  5.685419e-005
 2.325000e+002  8.107664e-005  5.139192e-005
 2.327500e+002  8.061010e-005  8.665103e-005
 2.330000e+002  7.273414e-005  1.072221e-004
 2.332500e+002  8.936573e-005  1.059153e-004
 2.335000e+002  5.408239e-005  4.015614e-005
 2.337500e+002  3.756255e-005  1.017905e-004
 2.340000e+002  7.051141e-005  9.544420e-005
 2.342500e+002  6.977098e-005  1.486625e-005
 2.345000e+002  3.477143e-005  4.210919e-005
 2.347500e+002  7.575259e-005  4.335427e-005
 2.350000e+002  7.214278e-005  5.221419e-005
 2.352500e+002  2.619574e-005  1.143834e-005
 2.355000e+002  5.988319e-005  4.957716e-005
 2.357500e+002  3.169913e-005  3.564622e-005
 2.360000e+002  3.492198e-005  6.437967e-005
 2.362500e+002  3.408123e-005  7.374210e-005
 2.365000e+002  6.099441e-005  3.363042e-005
 2.367500e+002  6.446491e-005 -1.868113e-006
 2.370000e+002  1.659332e-005  4.197382e-005
 2.372500e+002  3.809178e-005  4.180574e-005
 2.375000e+002  8.150515e-005 -2.506861e-005
 2.377500e+002  9.983202e-006 -2.950405e-006
 2.380000e+002  4.083164e-005  6.513288e-005
 2.382500e+002  5.900269e-005  1.350419e-005
 2.385000e+002  3.827334e-005  3.499178e-005
 2.387500e+002  5.727293e-005  4.393516e-005
 2.390000e+002  3.131537e-005 -4.488595e-005
 2.392500e+002  4.674391e-005 -2.586412e-005
 2.395000e+002  4.759399e-005  3.861925e-005
 2.397500e+002  6.923306e-005 -2.220556e-005
 2.400000e+002  2.678208e-005 -3.296986e-005
 2.402500e+002  4.754025e-005 -2.062060e-005
 2.405000e+002  6.654778e-005  1.564422e-005
 2.407500e+002  6.219169e-005 -4.421196e-005
 2.410000e+002  4.681535e-005  7.327809e-006
 2.412500e+002  4.062072e-005  1.087391e-005
 2.415000e+002  3.172079e-005 -2.629514e-005
 2.417500e+002  5.758075e-005 -2.656652e-005
 2.420000e+002  7.608708e-005 -7.447440e-005
 2.422500e+002  6.289131e-005 -9.246925e-005
 2.425000e+002  3.702918e-005  2.194227e-005
 2.427500e+002  7.033314e-005 -8.088423e-005
 2.430000e+002  6.734979e-005 -5.869617e-005
 2.432500e+002  1.191571e-004 -7.219037e-005
 2.435000e+002  5.447255e-005 -8.446452e-005
 2.437500e+002  9.958221e-005 -1.126067e-004
 2.440000e+002  7.209538e-005 -5.151057e-005
 2.442500e+002  1.131236e-004 -7.501259e-005
 2.445000e+002  1.006123e-004 -6.298965e-005
 2.447500e+002  1.249025e-004 -1.224113e-004
 2.450000e+002  1.390473e-004 -9.560432e-005
 2.452500e+002  1.393732e-004 -1.031867e-004
 2.455000e+002  1.701231e-004 -1.423643e-004
 2.457500e+002  1.454084e-004 -1.014682e-004
 2.460000e+002  1.397746e-004 -9.377911e-005
 2.462500e+002  2.134312e-004 -1.803867e-004
 2.465000e+002  2.456210e-004 -1.864993e-004
 2.467500e+002  1.919320e-004 -1.620871e-004
 2.470000e+002  1.915249e-004 -2.824997e-004
 2.472500e+002  1.914094e-004 -2.472422e-004
 2.475000e+002  1.399682e-004 -3.075049e-004
 2.477500e+002  1.625026e-004 -3.187066e-004
 2.480000e+002  9.053337e-005 -3.641762e-004
 2.482500e+002  4.826785e-005 -3.670383e-004
 2.485000e+002  6.141979e-006 -3.372379e-004
 2.487500e+002 -5.077522e-005 -2.744729e-004
 2.490000e+002 -1.918579e-005 -2.375909e-004
 2.492500e+002  3.165011e-005 -2.321050e-004
 2.495000e+002  4.302081e-006 -1.921528e-004
 2.497500e+002 -1.223769e-005 -2.133100e-004
 2.500000e+002  4.633410e-005 -1.854095e-004
 2.502500e+002  4.742537e-006 -1.801504e-004
 2.505000e+002  2.467063e-005 -1.800190e-004
 2.507500e+002  2.436642e-005 -1.495459e-004
 2.510000e+002  7.417367e-005 -1.167054e-004
 2.512500e+002  1.621293e-005 -1.617283e-004
 2.515000e+002  1.910428e-005 -9.480047e-005
 2.517500e+002  3.785038e-005 -1.283389e-004
 2.520000e+002  6.216234e-005 -9.063987e-005
 2.522500e+002  5.544002e-005 -1.145020e-004
 2.525000e+002  8.732892e-005 -8.435464e-005
 2.527500e+002  8.436223e-005 -8.349404e-005
 2.530000e+002  1.139145e-004 -5.126588e-005
 2.532500e+002  1.090158e-004 -6.384033e-005
 2.535000e+002  9.729384e-005 -1.587786e-004
 2.537500e+002  8.944137e-005 -7.793191e-005
 2.540000e+002  1.217787e-004 -5.195406e-005
 2.542500e+002  7.119009e-005 -1.146684e-005
 2.545000e+002  1.509510e-004 -1.067969e-005
 2.547500e+002  1.020532e-004 -9.094874e-006
 2.550000e+002  1.375582e-004 -2.140255e-005
 2.552500e+002  1.135948e-004 -2.765786e-005
 2.555000e+002  1.144582e-004 -2.809417e-006
 2.557500e+002  1.388537e-004 -3.722092e-006
 2.560000e+002  1.108830e-004  7.431407e-008
