 0.000000e+000  9.534598e-001  0.000000e+000
 2.500000e-001  6.293336e-001  0.000000e+000
 5.000000e-001  3.935353e-001  0.000000e+000
 7.500000e-001  3.212831e-001  0.000000e+000
 1.000000e+000  6.560279e-001  0.000000e+000
 1.250000e+000  7.652651e-001  0.000000e+000
 1.500000e+000  7.420118e-001  0.000000e+000
 1.750000e+000  5.431136e-001  0.000000e+000
 2.000000e+000  1.707389e-001  0.000000e+000
 2.250000e+000  2.573512e-001  0.000000e+000
 2.500000e+000  4.473540e-001  0.000000e+000
 2.750000e+000  6.192026e-001  0.000000e+000
 3.000000e+000  4.580064e-001  0.000000e+000
 3.250000e+000  1.349361e-001  0.000000e+000
 3.500000e+000  1.741979e-001  0.000000e+000
 3.750000e+000  4.601565e-001  0.000000e+000
 4.000000e+000  3.928070e-001  0.000000e+000
 4.250000e+000  4.256453e-001  0.000000e+000
 4.500000e+000  5.468104e-001  0.000000e+000
 4.750000e+000  6.704897e-001  0.000000e+000
 5.000000e+000  7.499102e-001  0.000000e+000
 5.250000e+000  8.293396e-001  0.000000e+000
 5.500000e+000  8.485490e-001  0.000000e+000
 5.750000e+000  8.537344e-001  0.000000e+000
 6.000000e+000  8.199412e-001  0.000000e+000
 6.250000e+000  8.985912e-001  0.000000e+000
 6.500000e+000  9.120325e-001  0.000000e+000
 6.750000e+000  9.105191e-001  0.000000e+000
 7.000000e+000  9.304390e-001  0.000000e+000
 7.250000e+000  9.182844e-001  0.000000e+000
 7.500000e+000  9.332371e-001  0.000000e+000
 7.750000e+000  9.497936e-001  0.000000e+000
 8.000000e+000  9.547015e-001  0.000000e+000
 8.250000e+000  9.577597e-001  0.000000e+000
 8.500000e+000  9.609740e-001  0.000000e+000
 8.750000e+000  9.603456e-001  0.000000e+000
 9.000000e+000  9.622186e-001  0.000000e+000
 9.250000e+000  9.582388e-001  0.000000e+000
 9.500000e+000  9.642811e-001  0.000000e+000
 9.750000e+000  9.639310e-001  0.000000e+000
 1.000000e+001  9.672024e-001  0.000000e+000
 1.025000e+001  9.728906e-001  0.000000e+000
 1.050000e+001  9.727807e-001  0.000000e+000
 1.075000e+001  9.759038e-001  0.000000e+000
 1.100000e+001  9.671642e-001  0.000000e+000
 1.125000e+001  9.669384e-001  0.000000e+000
 1.150000e+001  9.608979e-001  0.000000e+000
 1.175000e+001  9.730693e-001  0.000000e+000
 1.200000e+001  9.808340e-001  0.000000e+000
 1.225000e+001  9.800362e-001  0.000000e+000
 1.250000e+001  9.778434e-001  0.000000e+000
 1.275000e+001  9.814023e-001  0.000000e+000
 1.300000e+001  9.772933e-001  0.000000e+000
 1.325000e+001  9.805043e-001  0.000000e+000
 1.350000e+001  9.818609e-001  0.000000e+000
 1.375000e+001  9.790699e-001  0.000000e+000
 1.400000e+001  9.758008e-001  0.000000e+000
 1.425000e+001  9.788629e-001  0.000000e+000
 1.450000e+001  9.851753e-001  0.000000e+000
 1.475000e+001  9.813532e-001  0.000000e+000
 1.500000e+001  9.845378e-001  0.000000e+000
 1.525000e+001  9.859664e-001  0.000000e+000
 1.550000e+001  9.841052e-001  0.000000e+000
 1.575000e+001  9.817681e-001  0.000000e+000
 1.600000e+001  9.878778e-001  0.000000e+000
 1.625000e+001  9.859952e-001  0.000000e+000
 1.650000e+001  9.869222e-001  0.000000e+000
 1.675000e+001  9.864967e-001  0.000000e+000
 1.700000e+001  9.848532e-001  0.000000e+000
 1.725000e+001  9.851452e-001  0.000000e+000
 1.750000e+001  9.856839e-001  0.000000e+000
 1.775000e+001  9.838938e-001  0.000000e+000
 1.800000e+001  9.833675e-001  0.000000e+000
 1.825000e+001  9.835233e-001  0.000000e+000
 1.850000e+001  9.802940e-001  0.000000e+000
 1.875000e+001  9.844998e-001  0.000000e+000
 1.900000e+001  9.838070e-001  0.000000e+000
 1.925000e+001  9.886960e-001  0.000000e+000
 1.950000e+001  9.855359e-001  0.000000e+000
 1.975000e+001  9.825783e-001  0.000000e+000
 2.000000e+001  9.814236e-001  0.000000e+000
 2.025000e+001  9.797180e-001  0.000000e+000
 2.050000e+001  9.808169e-001  0.000000e+000
 2.075000e+001  9.843633e-001  0.000000e+000
 2.100000e+001  9.822474e-001  0.000000e+000
 2.125000e+001  9.838182e-001  0.000000e+000
 2.150000e+001  9.825284e-001  0.000000e+000
 2.175000e+001  9.831289e-001  0.000000e+000
 2.200000e+001  9.811603e-001  0.000000e+000
 2.225000e+001  9.783162e-001  0.000000e+000
 2.250000e+001  9.788170e-001  0.000000e+000
 2.275000e+001  9.701892e-001  0.000000e+000
 2.300000e+001  9.792823e-001  0.000000e+000
 2.325000e+001  9.794461e-001  0.000000e+000
 2.350000e+001  9.814469e-001  0.000000e+000
 2.375000e+001  9.801859e-001  0.000000e+000
 2.400000e+001  9.778402e-001  0.000000e+000
 2.425000e+001  9.766648e-001  0.000000e+000
 2.450000e+001  9.809524e-001  0.000000e+000
 2.475000e+001  9.775426e-001  0.000000e+000
 2.500000e+001  9.763023e-001  0.000000e+000
 2.525000e+001  9.793049e-001  0.000000e+000
 2.550000e+001  9.753760e-001  0.000000e+000
 2.575000e+001  9.784005e-001  0.000000e+000
 2.600000e+001  9.750106e-001  0.000000e+000
 2.625000e+001  9.788225e-001  0.000000e+000
 2.650000e+001  9.742683e-001  0.000000e+000
 2.675000e+001  9.763527e-001  0.000000e+000
 2.700000e+001  9.701062e-001  0.000000e+000
 2.725000e+001  9.730654e-001  0.000000e+000
 2.750000e+001  9.758419e-001  0.000000e+000
 2.775000e+001  9.782038e-001  0.000000e+000
 2.800000e+001  9.691145e-001  0.000000e+000
 2.825000e+001  9.774310e-001  0.000000e+000
 2.850000e+001  9.743168e-001  0.000000e+000
 2.875000e+001  9.719269e-001  0.000000e+000
 2.900000e+001  9.658685e-001  0.000000e+000
 2.925000e+001  9.696528e-001  0.000000e+000
 2.950000e+001  9.667982e-001  0.000000e+000
 2.975000e+001  9.720122e-001  0.000000e+000
 3.000000e+001  9.738757e-001  0.000000e+000
 3.025000e+001  9.654959e-001  0.000000e+000
 3.050000e+001  9.685816e-001  0.000000e+000
 3.075000e+001  9.705426e-001  0.000000e+000
 3.100000e+001  9.659148e-001  0.000000e+000
 3.125000e+001  9.629202e-001  0.000000e+000
 3.150000e+001  9.645377e-001  0.000000e+000
 3.175000e+001  9.677084e-001  0.000000e+000
 3.200000e+001  9.599951e-001  0.000000e+000
 3.225000e+001  9.637896e-001  0.000000e+000
 3.250000e+001  9.689028e-001  0.000000e+000
 3.275000e+001  9.593036e-001  0.000000e+000
 3.300000e+001  9.589208e-001  0.000000e+000
 3.325000e+001  9.618387e-001  0.000000e+000
 3.350000e+001  9.551536e-001  0.000000e+000
 3.375000e+001  9.449940e-001  0.000000e+000
 3.400000e+001  9.598337e-001  0.000000e+000
 3.425000e+001  9.507270e-001  0.000000e+000
 3.450000e+001  9.615690e-001  0.000000e+000
 3.475000e+001  9.465863e-001  0.000000e+000
 3.500000e+001  9.555702e-001  0.000000e+000
 3.525000e+001  9.439897e-001  0.000000e+000
 3.550000e+001  9.562060e-001  0.000000e+000
 3.575000e+001  9.550762e-001  0.000000e+000
 3.600000e+001  9.579252e-001  0.000000e+000
 3.625000e+001  9.477025e-001  0.000000e+000
 3.650000e+001  9.407393e-001  0.000000e+000
 3.675000e+001  9.367343e-001  0.000000e+000
 3.700000e+001  9.509759e-001  0.000000e+000
 3.725000e+001  9.416603e-001  0.000000e+000
 3.750000e+001  9.348487e-001  0.000000e+000
 3.775000e+001  9.406348e-001  0.000000e+000
 3.800000e+001  9.403752e-001  0.000000e+000
 3.825000e+001  9.312879e-001  0.000000e+000
 3.850000e+001  9.423828e-001  0.000000e+000
 3.875000e+001  9.449503e-001  0.000000e+000
 3.900000e+001  9.279897e-001  0.000000e+000
 3.925000e+001  9.429809e-001  0.000000e+000
 3.950000e+001  9.316655e-001  0.000000e+000
 3.975000e+001  9.376053e-001  0.000000e+000
 4.000000e+001  9.207266e-001  0.000000e+000
 4.025000e+001  9.397573e-001  0.000000e+000
 4.050000e+001  9.390956e-001  0.000000e+000
 4.075000e+001  9.340839e-001  0.000000e+000
 4.100000e+001  9.254814e-001  0.000000e+000
 4.125000e+001  9.229236e-001  0.000000e+000
 4.150000e+001  9.306199e-001  0.000000e+000
 4.175000e+001  9.346968e-001  0.000000e+000
 4.200000e+001  9.186120e-001  0.000000e+000
 4.225000e+001  9.110187e-001  0.000000e+000
 4.250000e+001  9.175469e-001  0.000000e+000
 4.275000e+001  9.288828e-001  0.000000e+000
 4.300000e+001  9.031935e-001  0.000000e+000
 4.325000e+001  8.861290e-001  0.000000e+000
 4.350000e+001  9.132399e-001  0.000000e+000
 4.375000e+001  9.101191e-001  0.000000e+000
 4.400000e+001  9.158279e-001  0.000000e+000
 4.425000e+001  9.118828e-001  0.000000e+000
 4.450000e+001  8.982359e-001  0.000000e+000
 4.475000e+001  8.997015e-001  0.000000e+000
 4.500000e+001  9.159316e-001  0.000000e+000
 4.525000e+001  8.806120e-001  0.000000e+000
 4.550000e+001  8.780757e-001  0.000000e+000
 4.575000e+001  9.158565e-001  0.000000e+000
 4.600000e+001  8.886183e-001  0.000000e+000
 4.625000e+001  8.743999e-001  0.000000e+000
 4.650000e+001  8.289958e-001  0.000000e+000
 4.675000e+001  8.669127e-001  0.000000e+000
 4.700000e+001  9.118532e-001  0.000000e+000
 4.725000e+001  8.810825e-001  0.000000e+000
 4.750000e+001  8.892146e-001  0.000000e+000
 4.775000e+001  8.638841e-001  0.000000e+000
 4.800000e+001  8.980820e-001  0.000000e+000
 4.825000e+001  8.912051e-001  0.000000e+000
 4.850000e+001  8.549462e-001  0.000000e+000
 4.875000e+001  8.654212e-001  0.000000e+000
 4.900000e+001  8.430331e-001  0.000000e+000
 4.925000e+001  8.460606e-001  0.000000e+000
 4.950000e+001  8.518155e-001  0.000000e+000
 4.975000e+001  7.730725e-001  0.000000e+000
 5.000000e+001  8.767592e-001  0.000000e+000
 5.025000e+001  8.644366e-001  0.000000e+000
 5.050000e+001  8.809410e-001  0.000000e+000
 5.075000e+001  8.330956e-001  0.000000e+000
 5.100000e+001  8.001637e-001  0.000000e+000
 5.125000e+001  8.402554e-001  0.000000e+000
 5.150000e+001  8.476981e-001  0.000000e+000
 5.175000e+001  8.303398e-001  0.000000e+000
 5.200000e+001  8.546171e-001  0.000000e+000
 5.225000e+001  7.905015e-001  0.000000e+000
 5.250000e+001  8.159168e-001  0.000000e+000
 5.275000e+001  7.968452e-001  0.000000e+000
 5.300000e+001  8.566304e-001  0.000000e+000
 5.325000e+001  8.149596e-001  0.000000e+000
 5.350000e+001  8.153399e-001  0.000000e+000
 5.375000e+001  8.048650e-001  0.000000e+000
 5.400000e+001  8.454355e-001  0.000000e+000
 5.425000e+001  8.243440e-001  0.000000e+000
 5.450000e+001  8.466082e-001  0.000000e+000
 5.475000e+001  8.336086e-001  0.000000e+000
 5.500000e+001  8.557095e-001  0.000000e+000
 5.525000e+001  8.520249e-001  0.000000e+000
 5.550000e+001  7.674230e-001  0.000000e+000
 5.575000e+001  8.797545e-001  0.000000e+000
 5.600000e+001  8.229492e-001  0.000000e+000
 5.625000e+001  7.926815e-001  0.000000e+000
 5.650000e+001  7.427887e-001  0.000000e+000
 5.675000e+001  8.533353e-001  0.000000e+000
 5.700000e+001  8.808727e-001  0.000000e+000
 5.725000e+001  8.395006e-001  0.000000e+000
 5.750000e+001  8.222730e-001  0.000000e+000
 5.775000e+001  8.660610e-001  0.000000e+000
 5.800000e+001  8.863250e-001  0.000000e+000
 5.825000e+001  8.182512e-001  0.000000e+000
 5.850000e+001  8.465759e-001  0.000000e+000
 5.875000e+001  8.570678e-001  0.000000e+000
 5.900000e+001  8.577313e-001  0.000000e+000
 5.925000e+001  8.536297e-001  0.000000e+000
 5.950000e+001  9.003004e-001  0.000000e+000
 5.975000e+001  8.985918e-001  0.000000e+000
 6.000000e+001  8.689622e-001  0.000000e+000
 6.025000e+001  9.275749e-001  0.000000e+000
 6.050000e+001  8.995686e-001  0.000000e+000
 6.075000e+001  9.211427e-001  0.000000e+000
 6.100000e+001  8.733700e-001  0.000000e+000
 6.125000e+001  8.847219e-001  0.000000e+000
 6.150000e+001  9.126884e-001  0.000000e+000
 6.175000e+001  9.389991e-001  0.000000e+000
 6.200000e+001  9.373559e-001  0.000000e+000
 6.225000e+001  9.268910e-001  0.000000e+000
 6.250000e+001  9.497157e-001  0.000000e+000
 6.275000e+001  9.455546e-001  0.000000e+000
 6.300000e+001  9.344918e-001  0.000000e+000
 6.325000e+001  9.443574e-001  0.000000e+000
 6.350000e+001  9.361671e-001  0.000000e+000
 6.375000e+001  9.608331e-001  0.000000e+000
 6.400000e+001  9.571917e-001  0.000000e+000
 6.425000e+001  9.653606e-001  0.000000e+000
 6.450000e+001  9.605615e-001  0.000000e+000
 6.475000e+001  9.666957e-001  0.000000e+000
 6.500000e+001  9.581744e-001  0.000000e+000
 6.525000e+001  9.592860e-001  0.000000e+000
 6.550000e+001  9.730595e-001  0.000000e+000
 6.575000e+001  9.806871e-001  0.000000e+000
 6.600000e+001  9.755906e-001  0.000000e+000
 6.625000e+001  9.781101e-001  0.000000e+000
 6.650000e+001  9.777026e-001  0.000000e+000
 6.675000e+001  9.799433e-001  0.000000e+000
 6.700000e+001  9.764826e-001  0.000000e+000
 6.725000e+001  9.843794e-001  0.000000e+000
 6.750000e+001  9.881187e-001  0.000000e+000
 6.775000e+001  9.903439e-001  0.000000e+000
 6.800000e+001  9.887893e-001  0.000000e+000
 6.825000e+001  9.918920e-001  0.000000e+000
 6.850000e+001  9.920564e-001  0.000000e+000
 6.875000e+001  9.916171e-001  0.000000e+000
 6.900000e+001  9.928385e-001  0.000000e+000
 6.925000e+001  9.926422e-001  0.000000e+000
 6.950000e+001  9.940218e-001  0.000000e+000
 6.975000e+001  9.953011e-001  0.000000e+000
 7.000000e+001  9.951663e-001  0.000000e+000
 7.025000e+001  9.952182e-001  0.000000e+000
 7.050000e+001  9.945504e-001  0.000000e+000
 7.075000e+001  9.972066e-001  0.000000e+000
 7.100000e+001  9.959093e-001  0.000000e+000
 7.125000e+001  9.975963e-001  0.000000e+000
 7.150000e+001  9.977770e-001  0.000000e+000
 7.175000e+001  9.966319e-001  0.000000e+000
 7.200000e+001  9.984393e-001  0.000000e+000
 7.225000e+001  9.980119e-001  0.000000e+000
 7.250000e+001  9.987422e-001  0.000000e+000
 7.275000e+001  9.973692e-001  0.000000e+000
 7.300000e+001  9.957517e-001  0.000000e+000
 7.325000e+001  9.952112e-001  0.000000e+000
 7.350000e+001  9.965262e-001  0.000000e+000
 7.375000e+001  9.970396e-001  0.000000e+000
 7.400000e+001  9.961959e-001  0.000000e+000
 7.425000e+001  9.976621e-001  0.000000e+000
 7.450000e+001  9.971475e-001  0.000000e+000
 7.475000e+001  9.958730e-001  0.000000e+000
 7.500000e+001  9.966517e-001  0.000000e+000
 7.525000e+001  9.974882e-001  0.000000e+000
 7.550000e+001  9.963302e-001  0.000000e+000
 7.575000e+001  9.957715e-001  0.000000e+000
 7.600000e+001  9.973224e-001  0.000000e+000
 7.625000e+001  9.946156e-001  0.000000e+000
 7.650000e+001  9.956665e-001  0.000000e+000
 7.675000e+001  9.941911e-001  0.000000e+000
 7.700000e+001  9.942675e-001  0.000000e+000
 7.725000e+001  9.930869e-001  0.000000e+000
 7.750000e+001  9.934501e-001  0.000000e+000
 7.775000e+001  9.931381e-001  0.000000e+000
 7.800000e+001  9.959775e-001  0.000000e+000
 7.825000e+001  9.912787e-001  0.000000e+000
 7.850000e+001  9.943760e-001  0.000000e+000
 7.875000e+001  9.840121e-001  0.000000e+000
 7.900000e+001  9.893335e-001  0.000000e+000
 7.925000e+001  9.864595e-001  0.000000e+000
 7.950000e+001  9.855598e-001  0.000000e+000
 7.975000e+001  9.881331e-001  0.000000e+000
 8.000000e+001  9.867921e-001  0.000000e+000
 8.025000e+001  9.822497e-001  0.000000e+000
 8.050000e+001  9.826065e-001  0.000000e+000
 8.075000e+001  9.781662e-001  0.000000e+000
 8.100000e+001  9.737334e-001  0.000000e+000
 8.125000e+001  9.714580e-001  0.000000e+000
 8.150000e+001  9.778009e-001  0.000000e+000
 8.175000e+001  9.683094e-001  0.000000e+000
 8.200000e+001  9.680048e-001  0.000000e+000
 8.225000e+001  9.566095e-001  0.000000e+000
 8.250000e+001  9.650095e-001  0.000000e+000
 8.275000e+001  9.499765e-001  0.000000e+000
 8.300000e+001  9.475767e-001  0.000000e+000
 8.325000e+001  9.355775e-001  0.000000e+000
 8.350000e+001  9.499397e-001  0.000000e+000
 8.375000e+001  9.051664e-001  0.000000e+000
 8.400000e+001  9.058209e-001  0.000000e+000
 8.425000e+001  8.458172e-001  0.000000e+000
 8.450000e+001  7.943841e-001  0.000000e+000
 8.475000e+001  7.842861e-001  0.000000e+000
 8.500000e+001  7.151511e-001  0.000000e+000
 8.525000e+001  6.573445e-001  0.000000e+000
 8.550000e+001  6.174064e-001  0.000000e+000
 8.575000e+001  7.299361e-001  0.000000e+000
 8.600000e+001  7.202564e-001  0.000000e+000
 8.625000e+001  7.848122e-001  0.000000e+000
 8.650000e+001  8.874716e-001  0.000000e+000
 8.675000e+001  9.260370e-001  0.000000e+000
 8.700000e+001  9.391370e-001  0.000000e+000
 8.725000e+001  9.461135e-001  0.000000e+000
 8.750000e+001  9.689287e-001  0.000000e+000
 8.775000e+001  9.770934e-001  0.000000e+000
 8.800000e+001  9.835140e-001  0.000000e+000
 8.825000e+001  9.883325e-001  0.000000e+000
 8.850000e+001  9.915172e-001  0.000000e+000
 8.875000e+001  9.935526e-001  0.000000e+000
 8.900000e+001  9.924138e-001  0.000000e+000
 8.925000e+001  9.944137e-001  0.000000e+000
 8.950000e+001  9.961399e-001  0.000000e+000
 8.975000e+001  9.954504e-001  0.000000e+000
 9.000000e+001  9.953169e-001  0.000000e+000
 9.025000e+001  9.942729e-001  0.000000e+000
 9.050000e+001  9.932088e-001  0.000000e+000
 9.075000e+001  9.901186e-001  0.000000e+000
 9.100000e+001  9.951317e-001  0.000000e+000
 9.125000e+001  9.955137e-001  0.000000e+000
 9.150000e+001  9.963149e-001  0.000000e+000
 9.175000e+001  9.962699e-001  0.000000e+000
 9.200000e+001  9.978070e-001  0.000000e+000
 9.225000e+001  9.967975e-001  0.000000e+000
 9.250000e+001  9.962760e-001  0.000000e+000
 9.275000e+001  9.955048e-001  0.000000e+000
 9.300000e+001  9.966215e-001  0.000000e+000
 9.325000e+001  9.967155e-001  0.000000e+000
 9.350000e+001  9.962118e-001  0.000000e+000
 9.375000e+001  9.954126e-001  0.000000e+000
 9.400000e+001  9.924328e-001  0.000000e+000
 9.425000e+001  9.954304e-001  0.000000e+000
 9.450000e+001  9.927668e-001  0.000000e+000
 9.475000e+001  9.941615e-001  0.000000e+000
 9.500000e+001  9.889659e-001  0.000000e+000
 9.525000e+001  9.894937e-001  0.000000e+000
 9.550000e+001  9.903380e-001  0.000000e+000
 9.575000e+001  9.958368e-001  0.000000e+000
 9.600000e+001  9.917055e-001  0.000000e+000
 9.625000e+001  9.886223e-001  0.000000e+000
 9.650000e+001  9.870902e-001  0.000000e+000
 9.675000e+001  9.914957e-001  0.000000e+000
 9.700000e+001  9.896208e-001  0.000000e+000
 9.725000e+001  9.944392e-001  0.000000e+000
 9.750000e+001  9.855629e-001  0.000000e+000
 9.775000e+001  9.893991e-001  0.000000e+000
 9.800000e+001  9.876785e-001  0.000000e+000
 9.825000e+001  9.864078e-001  0.000000e+000
 9.850000e+001  9.885939e-001  0.000000e+000
 9.875000e+001  9.917207e-001  0.000000e+000
 9.900000e+001  9.906133e-001  0.000000e+000
 9.925000e+001  9.887871e-001  0.000000e+000
 9.950000e+001  9.846411e-001  0.000000e+000
 9.975000e+001  9.871042e-001  0.000000e+000
 1.000000e+002  9.861308e-001  0.000000e+000
 1.002500e+002  9.859756e-001  0.000000e+000
 1.005000e+002  9.738213e-001  0.000000e+000
 1.007500e+002  9.823980e-001  0.000000e+000
 1.010000e+002  9.843398e-001  0.000000e+000
 1.012500e+002  9.824009e-001  0.000000e+000
 1.015000e+002  9.849527e-001  0.000000e+000
 1.017500e+002  9.785594e-001  0.000000e+000
 1.020000e+002  9.848715e-001  0.000000e+000
 1.022500e+002  9.827339e-001  0.000000e+000
 1.025000e+002  9.752460e-001  0.000000e+000
 1.027500e+002  9.771342e-001  0.000000e+000
 1.030000e+002  9.805000e-001  0.000000e+000
 1.032500e+002  9.823464e-001  0.000000e+000
 1.035000e+002  9.846414e-001  0.000000e+000
 1.037500e+002  9.863402e-001  0.000000e+000
 1.040000e+002  9.760307e-001  0.000000e+000
 1.042500e+002  9.749736e-001  0.000000e+000
 1.045000e+002  9.810855e-001  0.000000e+000
 1.047500e+002  9.730688e-001  0.000000e+000
 1.050000e+002  9.724490e-001  0.000000e+000
 1.052500e+002  9.825979e-001  0.000000e+000
 1.055000e+002  9.735989e-001  0.000000e+000
 1.057500e+002  9.660821e-001  0.000000e+000
 1.060000e+002  9.735923e-001  0.000000e+000
 1.062500e+002  9.631102e-001  0.000000e+000
 1.065000e+002  9.758029e-001  0.000000e+000
 1.067500e+002  9.726143e-001  0.000000e+000
 1.070000e+002  9.726270e-001  0.000000e+000
 1.072500e+002  9.692186e-001  0.000000e+000
 1.075000e+002  9.762110e-001  0.000000e+000
 1.077500e+002  9.662128e-001  0.000000e+000
 1.080000e+002  9.614943e-001  0.000000e+000
 1.082500e+002  9.657471e-001  0.000000e+000
 1.085000e+002  9.725598e-001  0.000000e+000
 1.087500e+002  9.765503e-001  0.000000e+000
 1.090000e+002  9.820966e-001  0.000000e+000
 1.092500e+002  9.792672e-001  0.000000e+000
 1.095000e+002  9.620423e-001  0.000000e+000
 1.097500e+002  9.563919e-001  0.000000e+000
 1.100000e+002  9.749032e-001  0.000000e+000
 1.102500e+002  9.495813e-001  0.000000e+000
 1.105000e+002  9.625168e-001  0.000000e+000
 1.107500e+002  9.704882e-001  0.000000e+000
 1.110000e+002  9.695244e-001  0.000000e+000
 1.112500e+002  9.559668e-001  0.000000e+000
 1.115000e+002  9.619086e-001  0.000000e+000
 1.117500e+002  9.623167e-001  0.000000e+000
 1.120000e+002  9.469792e-001  0.000000e+000
 1.122500e+002  9.682514e-001  0.000000e+000
 1.125000e+002  9.637920e-001  0.000000e+000
 1.127500e+002  9.454938e-001  0.000000e+000
 1.130000e+002  9.712119e-001  0.000000e+000
 1.132500e+002  9.599823e-001  0.000000e+000
 1.135000e+002  9.618001e-001  0.000000e+000
 1.137500e+002  9.482210e-001  0.000000e+000
 1.140000e+002  9.524075e-001  0.000000e+000
 1.142500e+002  9.604630e-001  0.000000e+000
 1.145000e+002  9.605833e-001  0.000000e+000
 1.147500e+002  9.625573e-001  0.000000e+000
 1.150000e+002  9.501241e-001  0.000000e+000
 1.152500e+002  9.592458e-001  0.000000e+000
 1.155000e+002  9.475087e-001  0.000000e+000
 1.157500e+002  9.595360e-001  0.000000e+000
 1.160000e+002  9.510643e-001  0.000000e+000
 1.162500e+002  9.346526e-001  0.000000e+000
 1.165000e+002  9.334537e-001  0.000000e+000
 1.167500e+002  9.441066e-001  0.000000e+000
 1.170000e+002  9.499182e-001  0.000000e+000
 1.172500e+002  9.352796e-001  0.000000e+000
 1.175000e+002  9.516110e-001  0.000000e+000
 1.177500e+002  9.089093e-001  0.000000e+000
 1.180000e+002  9.396242e-001  0.000000e+000
 1.182500e+002  9.584001e-001  0.000000e+000
 1.185000e+002  9.451529e-001  0.000000e+000
 1.187500e+002  9.249691e-001  0.000000e+000
 1.190000e+002  9.347748e-001  0.000000e+000
 1.192500e+002  9.340435e-001  0.000000e+000
 1.195000e+002  9.424802e-001  0.000000e+000
 1.197500e+002  9.348247e-001  0.000000e+000
 1.200000e+002  9.377040e-001  0.000000e+000
 1.202500e+002  9.258606e-001  0.000000e+000
 1.205000e+002  9.214112e-001  0.000000e+000
 1.207500e+002  9.137748e-001  0.000000e+000
 1.210000e+002  9.306402e-001  0.000000e+000
 1.212500e+002  9.395645e-001  0.000000e+000
 1.215000e+002  9.321926e-001  0.000000e+000
 1.217500e+002  9.375831e-001  0.000000e+000
 1.220000e+002  9.402341e-001  0.000000e+000
 1.222500e+002  9.540538e-001  0.000000e+000
 1.225000e+002  8.847424e-001  0.000000e+000
 1.227500e+002  9.125631e-001  0.000000e+000
 1.230000e+002  9.092571e-001  0.000000e+000
 1.232500e+002  9.024936e-001  0.000000e+000
 1.235000e+002  9.181727e-001  0.000000e+000
 1.237500e+002  9.357004e-001  0.000000e+000
 1.240000e+002  9.207985e-001  0.000000e+000
 1.242500e+002  9.436746e-001  0.000000e+000
 1.245000e+002  9.424089e-001  0.000000e+000
 1.247500e+002  8.905529e-001  0.000000e+000
 1.250000e+002  9.102992e-001  0.000000e+000
 1.252500e+002  9.036891e-001  0.000000e+000
 1.255000e+002  8.941590e-001  0.000000e+000
 1.257500e+002  9.317001e-001  0.000000e+000
 1.260000e+002  9.084989e-001  0.000000e+000
 1.262500e+002  9.144509e-001  0.000000e+000
 1.265000e+002  9.211262e-001  0.000000e+000
 1.267500e+002  8.442028e-001  0.000000e+000
 1.270000e+002  9.164504e-001  0.000000e+000
 1.272500e+002  9.146625e-001  0.000000e+000
 1.275000e+002  8.826174e-001  0.000000e+000
 1.277500e+002  8.852350e-001  0.000000e+000
 1.280000e+002  8.681718e-001  0.000000e+000
 1.282500e+002  8.940625e-001  0.000000e+000
 1.285000e+002  8.917184e-001  0.000000e+000
 1.287500e+002  8.980655e-001  0.000000e+000
 1.290000e+002  9.084098e-001  0.000000e+000
 1.292500e+002  8.866400e-001  0.000000e+000
 1.295000e+002  8.357554e-001  0.000000e+000
 1.297500e+002  8.823192e-001  0.000000e+000
 1.300000e+002  8.962495e-001  0.000000e+000
 1.302500e+002  8.847622e-001  0.000000e+000
 1.305000e+002  8.463202e-001  0.000000e+000
 1.307500e+002  9.042593e-001  0.000000e+000
 1.310000e+002  8.881562e-001  0.000000e+000
 1.312500e+002  8.913502e-001  0.000000e+000
 1.315000e+002  9.095561e-001  0.000000e+000
 1.317500e+002  9.102473e-001  0.000000e+000
 1.320000e+002  8.451954e-001  0.000000e+000
 1.322500e+002  8.755761e-001  0.000000e+000
 1.325000e+002  9.054370e-001  0.000000e+000
 1.327500e+002  8.812463e-001  0.000000e+000
 1.330000e+002  9.199073e-001  0.000000e+000
 1.332500e+002  9.044433e-001  0.000000e+000
 1.335000e+002  8.740540e-001  0.000000e+000
 1.337500e+002  7.954620e-001  0.000000e+000
 1.340000e+002  8.500101e-001  0.000000e+000
 1.342500e+002  8.312802e-001  0.000000e+000
 1.345000e+002  8.554240e-001  0.000000e+000
 1.347500e+002  8.485313e-001  0.000000e+000
 1.350000e+002  8.534954e-001  0.000000e+000
 1.352500e+002  8.364567e-001  0.000000e+000
 1.355000e+002  7.967093e-001  0.000000e+000
 1.357500e+002  8.532002e-001  0.000000e+000
 1.360000e+002  7.933489e-001  0.000000e+000
 1.362500e+002  8.735013e-001  0.000000e+000
 1.365000e+002  8.618132e-001  0.000000e+000
 1.367500e+002  7.991067e-001  0.000000e+000
 1.370000e+002  8.824848e-001  0.000000e+000
 1.372500e+002  7.739685e-001  0.000000e+000
 1.375000e+002  8.198410e-001  0.000000e+000
 1.377500e+002  7.843260e-001  0.000000e+000
 1.380000e+002  8.075353e-001  0.000000e+000
 1.382500e+002  7.995126e-001  0.000000e+000
 1.385000e+002  8.194525e-001  0.000000e+000
 1.387500e+002  7.821304e-001  0.000000e+000
 1.390000e+002  8.467643e-001  0.000000e+000
 1.392500e+002  7.567065e-001  0.000000e+000
 1.395000e+002  7.864286e-001  0.000000e+000
 1.397500e+002  7.863266e-001  0.000000e+000
 1.400000e+002  7.890764e-001  0.000000e+000
 1.402500e+002  7.196167e-001  0.000000e+000
 1.405000e+002  7.262817e-001  0.000000e+000
 1.407500e+002  7.738299e-001  0.000000e+000
 1.410000e+002  8.239222e-001  0.000000e+000
 1.412500e+002  8.360398e-001  0.000000e+000
 1.415000e+002  7.556329e-001  0.000000e+000
 1.417500e+002  8.203945e-001  0.000000e+000
 1.420000e+002  6.989428e-001  0.000000e+000
 1.422500e+002  6.671906e-001  0.000000e+000
 1.425000e+002  7.666625e-001  0.000000e+000
 1.427500e+002  7.217467e-001  0.000000e+000
 1.430000e+002  8.202591e-001  0.000000e+000
 1.432500e+002  6.348160e-001  0.000000e+000
 1.435000e+002  6.438875e-001  0.000000e+000
 1.437500e+002  7.356013e-001  0.000000e+000
 1.440000e+002  7.571737e-001  0.000000e+000
 1.442500e+002  6.235498e-001  0.000000e+000
 1.445000e+002  7.638117e-001  0.000000e+000
 1.447500e+002  7.626674e-001  0.000000e+000
 1.450000e+002  6.986667e-001  0.000000e+000
 1.452500e+002  7.306628e-001  0.000000e+000
 1.455000e+002  7.270302e-001  0.000000e+000
 1.457500e+002  7.794685e-001  0.000000e+000
 1.460000e+002  6.634613e-001  0.000000e+000
 1.462500e+002  6.079632e-001  0.000000e+000
 1.465000e+002  6.561868e-001  0.000000e+000
 1.467500e+002  6.195289e-001  0.000000e+000
 1.470000e+002  5.495421e-001  0.000000e+000
 1.472500e+002  7.609302e-001  0.000000e+000
 1.475000e+002  5.389266e-001  0.000000e+000
 1.477500e+002  6.329039e-001  0.000000e+000
 1.480000e+002  7.039222e-001  0.000000e+000
 1.482500e+002  6.771381e-001  0.000000e+000
 1.485000e+002  5.328203e-001  0.000000e+000
 1.487500e+002  5.754042e-001  0.000000e+000
 1.490000e+002  4.964396e-001  0.000000e+000
 1.492500e+002  6.629793e-001  0.000000e+000
 1.495000e+002  5.590189e-001  0.000000e+000
 1.497500e+002  6.538356e-001  0.000000e+000
 1.500000e+002  6.533062e-001  0.000000e+000
 1.502500e+002  6.297891e-001  0.000000e+000
 1.505000e+002  6.523793e-001  0.000000e+000
 1.507500e+002  5.045924e-001  0.000000e+000
 1.510000e+002  5.535091e-001  0.000000e+000
 1.512500e+002  5.406577e-001  0.000000e+000
 1.515000e+002  6.295191e-001  0.000000e+000
 1.517500e+002  6.147627e-001  0.000000e+000
 1.520000e+002  4.816492e-001  0.000000e+000
 1.522500e+002  5.141159e-001  0.000000e+000
 1.525000e+002  6.345075e-001  0.000000e+000
 1.527500e+002  5.478483e-001  0.000000e+000
 1.530000e+002  6.376930e-001  0.000000e+000
 1.532500e+002  4.180673e-001  0.000000e+000
 1.535000e+002  5.926300e-001  0.000000e+000
 1.537500e+002  5.194039e-001  0.000000e+000
 1.540000e+002  3.761411e-001  0.000000e+000
 1.542500e+002  5.930794e-001  0.000000e+000
 1.545000e+002  5.787059e-001  0.000000e+000
 1.547500e+002  5.099784e-001  0.000000e+000
 1.550000e+002  4.911865e-001  0.000000e+000
 1.552500e+002  3.316363e-001  0.000000e+000
 1.555000e+002  5.931230e-001  0.000000e+000
 1.557500e+002  3.707459e-001  0.000000e+000
 1.560000e+002  4.025434e-001  0.000000e+000
 1.562500e+002  4.564901e-001  0.000000e+000
 1.565000e+002  4.395406e-001  0.000000e+000
 1.567500e+002  3.597490e-001  0.000000e+000
 1.570000e+002  4.243685e-001  0.000000e+000
 1.572500e+002  3.523580e-001  0.000000e+000
 1.575000e+002  5.199972e-001  0.000000e+000
 1.577500e+002  6.230522e-001  0.000000e+000
 1.580000e+002  4.208335e-001  0.000000e+000
 1.582500e+002  4.213893e-001  0.000000e+000
 1.585000e+002  4.632570e-001  0.000000e+000
 1.587500e+002  4.981832e-001  0.000000e+000
 1.590000e+002  5.503401e-001  0.000000e+000
 1.592500e+002  4.169405e-001  0.000000e+000
 1.595000e+002  4.278940e-001  0.000000e+000
 1.597500e+002  3.761660e-001  0.000000e+000
 1.600000e+002  4.539453e-001  0.000000e+000
 1.602500e+002  4.746599e-001  0.000000e+000
 1.605000e+002  4.637320e-001  0.000000e+000
 1.607500e+002  4.052652e-001  0.000000e+000
 1.610000e+002  4.168153e-001  0.000000e+000
 1.612500e+002  4.142179e-001  0.000000e+000
 1.615000e+002  5.272317e-001  0.000000e+000
 1.617500e+002  3.599540e-001  0.000000e+000
 1.620000e+002  4.941359e-001  0.000000e+000
 1.622500e+002  2.215418e-001  0.000000e+000
 1.625000e+002  4.204863e-001  0.000000e+000
 1.627500e+002  4.047826e-001  0.000000e+000
 1.630000e+002  4.086691e-001  0.000000e+000
 1.632500e+002  2.868152e-001  0.000000e+000
 1.635000e+002  5.593880e-001  0.000000e+000
 1.637500e+002  3.420877e-001  0.000000e+000
 1.640000e+002  4.200658e-001  0.000000e+000
 1.642500e+002  5.644138e-001  0.000000e+000
 1.645000e+002  3.872796e-001  0.000000e+000
 1.647500e+002  5.235445e-001  0.000000e+000
 1.650000e+002  5.037802e-001  0.000000e+000
 1.652500e+002  4.452679e-001  0.000000e+000
 1.655000e+002  4.244660e-001  0.000000e+000
 1.657500e+002  4.967467e-001  0.000000e+000
 1.660000e+002  6.063195e-001  0.000000e+000
 1.662500e+002  2.888229e-001  0.000000e+000
 1.665000e+002  3.808654e-001  0.000000e+000
 1.667500e+002  2.172266e-001  0.000000e+000
 1.670000e+002  4.045381e-001  0.000000e+000
 1.672500e+002  5.741913e-001  0.000000e+000
 1.675000e+002  4.609946e-001  0.000000e+000
 1.677500e+002  4.878457e-001  0.000000e+000
 1.680000e+002  4.594376e-001  0.000000e+000
 1.682500e+002  4.546724e-001  0.000000e+000
 1.685000e+002  5.859190e-001  0.000000e+000
 1.687500e+002  5.991846e-001  0.000000e+000
 1.690000e+002  6.062632e-001  0.000000e+000
 1.692500e+002  5.564674e-001  0.000000e+000
 1.695000e+002  3.330330e-001  0.000000e+000
 1.697500e+002  3.721344e-001  0.000000e+000
 1.700000e+002  3.399112e-001  0.000000e+000
 1.702500e+002  4.232822e-001  0.000000e+000
 1.705000e+002  6.341694e-001  0.000000e+000
 1.707500e+002  5.506987e-001  0.000000e+000
 1.710000e+002  5.573568e-001  0.000000e+000
 1.712500e+002  4.700318e-001  0.000000e+000
 1.715000e+002  4.950495e-001  0.000000e+000
 1.717500e+002  5.835063e-001  0.000000e+000
 1.720000e+002  6.132925e-001  0.000000e+000
 1.722500e+002  4.346595e-001  0.000000e+000
 1.725000e+002  3.252133e-001  0.000000e+000
 1.727500e+002  6.226047e-001  0.000000e+000
 1.730000e+002  5.600900e-001  0.000000e+000
 1.732500e+002  3.447224e-001  0.000000e+000
 1.735000e+002  4.912887e-001  0.000000e+000
 1.737500e+002  5.224456e-001  0.000000e+000
 1.740000e+002  5.650142e-001  0.000000e+000
 1.742500e+002  4.581416e-001  0.000000e+000
 1.745000e+002  6.810746e-001  0.000000e+000
 1.747500e+002  6.210771e-001  0.000000e+000
 1.750000e+002  6.043404e-001  0.000000e+000
 1.752500e+002  5.208449e-001  0.000000e+000
 1.755000e+002  5.681273e-001  0.000000e+000
 1.757500e+002  5.514644e-001  0.000000e+000
 1.760000e+002  5.803052e-001  0.000000e+000
 1.762500e+002  6.834970e-001  0.000000e+000
 1.765000e+002  6.408246e-001  0.000000e+000
 1.767500e+002  4.921118e-001  0.000000e+000
 1.770000e+002  5.668983e-001  0.000000e+000
 1.772500e+002  7.317926e-001  0.000000e+000
 1.775000e+002  5.462601e-001  0.000000e+000
 1.777500e+002  5.619962e-001  0.000000e+000
 1.780000e+002  6.357849e-001  0.000000e+000
 1.782500e+002  5.413039e-001  0.000000e+000
 1.785000e+002  4.522837e-001  0.000000e+000
 1.787500e+002  5.825164e-001  0.000000e+000
 1.790000e+002  4.986401e-001  0.000000e+000
 1.792500e+002  5.749058e-001  0.000000e+000
 1.795000e+002  7.215886e-001  0.000000e+000
 1.797500e+002  6.748273e-001  0.000000e+000
 1.800000e+002  5.374345e-001  0.000000e+000
 1.802500e+002  5.810046e-001  0.000000e+000
 1.805000e+002  5.431857e-001  0.000000e+000
 1.807500e+002  5.218209e-001  0.000000e+000
 1.810000e+002  4.708561e-001  0.000000e+000
 1.812500e+002  5.858246e-001  0.000000e+000
 1.815000e+002  6.280471e-001  0.000000e+000
 1.817500e+002  5.758654e-001  0.000000e+000
 1.820000e+002  5.645574e-001  0.000000e+000
 1.822500e+002  6.575037e-001  0.000000e+000
 1.825000e+002  5.644159e-001  0.000000e+000
 1.827500e+002  5.783010e-001  0.000000e+000
 1.830000e+002  6.919974e-001  0.000000e+000
 1.832500e+002  6.761551e-001  0.000000e+000
 1.835000e+002  6.857014e-001  0.000000e+000
 1.837500e+002  6.722038e-001  0.000000e+000
 1.840000e+002  6.579885e-001  0.000000e+000
 1.842500e+002  6.115184e-001  0.000000e+000
 1.845000e+002  6.603367e-001  0.000000e+000
 1.847500e+002  6.927568e-001  0.000000e+000
 1.850000e+002  5.700267e-001  0.000000e+000
 1.852500e+002  6.745543e-001  0.000000e+000
 1.855000e+002  6.523687e-001  0.000000e+000
 1.857500e+002  6.230029e-001  0.000000e+000
 1.860000e+002  7.500257e-001  0.000000e+000
 1.862500e+002  7.891821e-001  0.000000e+000
 1.865000e+002  7.011462e-001  0.000000e+000
 1.867500e+002  6.516896e-001  0.000000e+000
 1.870000e+002  6.739872e-001  0.000000e+000
 1.872500e+002  5.536645e-001  0.000000e+000
 1.875000e+002  6.417415e-001  0.000000e+000
 1.877500e+002  7.690213e-001  0.000000e+000
 1.880000e+002  6.801532e-001  0.000000e+000
 1.882500e+002  7.168080e-001  0.000000e+000
 1.885000e+002  5.969291e-001  0.000000e+000
 1.887500e+002  6.516088e-001  0.000000e+000
 1.890000e+002  5.814306e-001  0.000000e+000
 1.892500e+002  5.703046e-001  0.000000e+000
 1.895000e+002  5.524634e-001  0.000000e+000
 1.897500e+002  7.067583e-001  0.000000e+000
 1.900000e+002  6.680493e-001  0.000000e+000
 1.902500e+002  6.581204e-001  0.000000e+000
 1.905000e+002  5.711496e-001  0.000000e+000
 1.907500e+002  6.851776e-001  0.000000e+000
 1.910000e+002  6.623135e-001  0.000000e+000
 1.912500e+002  6.485965e-001  0.000000e+000
 1.915000e+002  6.906233e-001  0.000000e+000
 1.917500e+002  6.650120e-001  0.000000e+000
 1.920000e+002  7.014516e-001  0.000000e+000
 1.922500e+002  7.571647e-001  0.000000e+000
 1.925000e+002  6.761649e-001  0.000000e+000
 1.927500e+002  7.453758e-001  0.000000e+000
 1.930000e+002  6.863332e-001  0.000000e+000
 1.932500e+002  7.768322e-001  0.000000e+000
 1.935000e+002  7.464719e-001  0.000000e+000
 1.937500e+002  7.227146e-001  0.000000e+000
 1.940000e+002  7.410105e-001  0.000000e+000
 1.942500e+002  7.824060e-001  0.000000e+000
 1.945000e+002  5.929926e-001  0.000000e+000
 1.947500e+002  6.562972e-001  0.000000e+000
 1.950000e+002  6.907597e-001  0.000000e+000
 1.952500e+002  7.392091e-001  0.000000e+000
 1.955000e+002  6.533029e-001  0.000000e+000
 1.957500e+002  6.800916e-001  0.000000e+000
 1.960000e+002  7.101117e-001  0.000000e+000
 1.962500e+002  6.522211e-001  0.000000e+000
 1.965000e+002  7.127512e-001  0.000000e+000
 1.967500e+002  6.866648e-001  0.000000e+000
 1.970000e+002  7.027882e-001  0.000000e+000
 1.972500e+002  6.684778e-001  0.000000e+000
 1.975000e+002  7.657109e-001  0.000000e+000
 1.977500e+002  8.034379e-001  0.000000e+000
 1.980000e+002  6.308132e-001  0.000000e+000
 1.982500e+002  7.390711e-001  0.000000e+000
 1.985000e+002  6.968039e-001  0.000000e+000
 1.987500e+002  6.959258e-001  0.000000e+000
 1.990000e+002  7.238457e-001  0.000000e+000
 1.992500e+002  7.322393e-001  0.000000e+000
 1.995000e+002  7.662106e-001  0.000000e+000
 1.997500e+002  7.261401e-001  0.000000e+000
 2.000000e+002  6.281808e-001  0.000000e+000
 2.002500e+002  8.091267e-001  0.000000e+000
 2.005000e+002  6.828117e-001  0.000000e+000
 2.007500e+002  6.994216e-001  0.000000e+000
 2.010000e+002  7.670928e-001  0.000000e+000
 2.012500e+002  7.035484e-001  0.000000e+000
 2.015000e+002  7.222080e-001  0.000000e+000
 2.017500e+002  7.286173e-001  0.000000e+000
 2.020000e+002  6.626918e-001  0.000000e+000
 2.022500e+002  6.958023e-001  0.000000e+000
 2.025000e+002  7.317736e-001  0.000000e+000
 2.027500e+002  7.083643e-001  0.000000e+000
 2.030000e+002  7.947568e-001  0.000000e+000
 2.032500e+002  7.246326e-001  0.000000e+000
 2.035000e+002  6.304576e-001  0.000000e+000
 2.037500e+002  6.410251e-001  0.000000e+000
 2.040000e+002  7.873483e-001  0.000000e+000
 2.042500e+002  7.582577e-001  0.000000e+000
 2.045000e+002  6.317072e-001  0.000000e+000
 2.047500e+002  5.545887e-001  0.000000e+000
 2.050000e+002  6.148779e-001  0.000000e+000
 2.052500e+002  6.918008e-001  0.000000e+000
 2.055000e+002  7.866680e-001  0.000000e+000
 2.057500e+002  6.354402e-001  0.000000e+000
 2.060000e+002  6.410124e-001  0.000000e+000
 2.062500e+002  6.267865e-001  0.000000e+000
 2.065000e+002  7.261789e-001  0.000000e+000
 2.067500e+002  6.946483e-001  0.000000e+000
 2.070000e+002  7.442440e-001  0.000000e+000
 2.072500e+002  7.767294e-001  0.000000e+000
 2.075000e+002  7.151760e-001  0.000000e+000
 2.077500e+002  7.170435e-001  0.000000e+000
 2.080000e+002  6.581036e-001  0.000000e+000
 2.082500e+002  6.630616e-001  0.000000e+000
 2.085000e+002  6.367194e-001  0.000000e+000
 2.087500e+002  7.029588e-001  0.000000e+000
 2.090000e+002  6.903942e-001  0.000000e+000
 2.092500e+002  7.056351e-001  0.000000e+000
 2.095000e+002  5.686260e-001  0.000000e+000
 2.097500e+002  6.183361e-001  0.000000e+000
 2.100000e+002  6.509684e-001  0.000000e+000
 2.102500e+002  7.009482e-001  0.000000e+000
 2.105000e+002  6.029798e-001  0.000000e+000
 2.107500e+002  5.770364e-001  0.000000e+000
 2.110000e+002  6.618800e-001  0.000000e+000
 2.112500e+002  7.159744e-001  0.000000e+000
 2.115000e+002  6.404861e-001  0.000000e+000
 2.117500e+002  7.832913e-001  0.000000e+000
 2.120000e+002  7.981439e-001  0.000000e+000
 2.122500e+002  5.909532e-001  0.000000e+000
 2.125000e+002  6.919920e-001  0.000000e+000
 2.127500e+002  8.114644e-001  0.000000e+000
 2.130000e+002  7.378955e-001  0.000000e+000
 2.132500e+002  6.060472e-001  0.000000e+000
 2.135000e+002  6.262811e-001  0.000000e+000
 2.137500e+002  7.197326e-001  0.000000e+000
 2.140000e+002  5.744935e-001  0.000000e+000
 2.142500e+002  5.901320e-001  0.000000e+000
 2.145000e+002  6.580682e-001  0.000000e+000
 2.147500e+002  6.462067e-001  0.000000e+000
 2.150000e+002  7.256486e-001  0.000000e+000
 2.152500e+002  6.986349e-001  0.000000e+000
 2.155000e+002  7.631974e-001  0.000000e+000
 2.157500e+002  5.285828e-001  0.000000e+000
 2.160000e+002  6.992517e-001  0.000000e+000
 2.162500e+002  7.725968e-001  0.000000e+000
 2.165000e+002  5.829477e-001  0.000000e+000
 2.167500e+002  6.304803e-001  0.000000e+000
 2.170000e+002  4.498988e-001  0.000000e+000
 2.172500e+002  6.538451e-001  0.000000e+000
 2.175000e+002  7.030606e-001  0.000000e+000
 2.177500e+002  7.365237e-001  0.000000e+000
 2.180000e+002  5.994187e-001  0.000000e+000
 2.182500e+002  7.432637e-001  0.000000e+000
 2.185000e+002  6.334879e-001  0.000000e+000
 2.187500e+002  6.463559e-001  0.000000e+000
 2.190000e+002  5.352666e-001  0.000000e+000
 2.192500e+002  6.097513e-001  0.000000e+000
 2.195000e+002  5.740908e-001  0.000000e+000
 2.197500e+002  5.414360e-001  0.000000e+000
 2.200000e+002  5.712271e-001  0.000000e+000
 2.202500e+002  5.610228e-001  0.000000e+000
 2.205000e+002  5.912748e-001  0.000000e+000
 2.207500e+002  5.718276e-001  0.000000e+000
 2.210000e+002  5.863664e-001  0.000000e+000
 2.212500e+002  6.921195e-001  0.000000e+000
 2.215000e+002  6.275320e-001  0.000000e+000
 2.217500e+002  5.944043e-001  0.000000e+000
 2.220000e+002  5.001826e-001  0.000000e+000
 2.222500e+002  6.251972e-001  0.000000e+000
 2.225000e+002  5.165163e-001  0.000000e+000
 2.227500e+002  5.764067e-001  0.000000e+000
 2.230000e+002  3.912637e-001  0.000000e+000
 2.232500e+002  4.617624e-001  0.000000e+000
 2.235000e+002  5.725818e-001  0.000000e+000
 2.237500e+002  4.985630e-001  0.000000e+000
 2.240000e+002  6.110619e-001  0.000000e+000
 2.242500e+002  5.601118e-001  0.000000e+000
 2.245000e+002  3.943380e-001  0.000000e+000
 2.247500e+002  4.711491e-001  0.000000e+000
 2.250000e+002  4.443618e-001  0.000000e+000
 2.252500e+002  3.788466e-001  0.000000e+000
 2.255000e+002  4.443730e-001  0.000000e+000
 2.257500e+002  4.767086e-001  0.000000e+000
 2.260000e+002  3.783761e-001  0.000000e+000
 2.262500e+002  5.393394e-001  0.000000e+000
 2.265000e+002  5.988450e-001  0.000000e+000
 2.267500e+002  4.671275e-001  0.000000e+000
 2.270000e+002  4.070765e-001  0.000000e+000
 2.272500e+002  5.959526e-001  0.000000e+000
 2.275000e+002  3.966158e-001  0.000000e+000
 2.277500e+002  3.063717e-001  0.000000e+000
 2.280000e+002  3.415343e-001  0.000000e+000
 2.282500e+002  3.245504e-001  0.000000e+000
 2.285000e+002  2.117320e-001  0.000000e+000
 2.287500e+002  4.210355e-001  0.000000e+000
 2.290000e+002  3.331588e-001  0.000000e+000
 2.292500e+002  5.413992e-001  0.000000e+000
 2.295000e+002  3.482394e-001  0.000000e+000
 2.297500e+002  3.685471e-001  0.000000e+000
 2.300000e+002  3.090886e-001  0.000000e+000
 2.302500e+002  2.252704e-001  0.000000e+000
 2.305000e+002  4.787860e-001  0.000000e+000
 2.307500e+002  3.447955e-001  0.000000e+000
 2.310000e+002  3.444070e-001  0.000000e+000
 2.312500e+002  1.567221e-001  0.000000e+000
 2.315000e+002  3.506524e-001  0.000000e+000
 2.317500e+002  1.334216e-001  0.000000e+000
 2.320000e+002  2.696068e-001  0.000000e+000
 2.322500e+002  1.447180e-001  0.000000e+000
 2.325000e+002  2.288388e-001  0.000000e+000
 2.327500e+002  2.367594e-001  0.000000e+000
 2.330000e+002  3.025993e-001  0.000000e+000
 2.332500e+002  3.017780e-001  0.000000e+000
 2.335000e+002  1.095711e-001  0.000000e+000
 2.337500e+002  2.148958e-001  0.000000e+000
 2.340000e+002  1.910592e-001  0.000000e+000
 2.342500e+002  6.678678e-002  0.000000e+000
 2.345000e+002  6.740098e-002  0.000000e+000
 2.347500e+002  1.404905e-001  0.000000e+000
 2.350000e+002  1.779441e-001  0.000000e+000
 2.352500e+002  1.776442e-002  0.000000e+000
 2.355000e+002  1.104477e-001  0.000000e+000
 2.357500e+002  4.280293e-002  0.000000e+000
 2.360000e+002  9.438462e-002  0.000000e+000
 2.362500e+002  1.215935e-001  0.000000e+000
 2.365000e+002  1.036904e-001  0.000000e+000
 2.367500e+002  6.997253e-002  0.000000e+000
 2.370000e+002  4.263426e-002  0.000000e+000
 2.372500e+002  8.044200e-002  0.000000e+000
 2.375000e+002  1.026264e-001  0.000000e+000
 2.377500e+002  1.678895e-003  0.000000e+000
 2.380000e+002  1.062302e-001  0.000000e+000
 2.382500e+002  5.906268e-002  0.000000e+000
 2.385000e+002  4.826797e-002  0.000000e+000
 2.387500e+002  8.099119e-002  0.000000e+000
 2.390000e+002  5.983884e-002  0.000000e+000
 2.392500e+002  6.099526e-002  0.000000e+000
 2.395000e+002  5.672037e-002  0.000000e+000
 2.397500e+002  7.323376e-002  0.000000e+000
 2.400000e+002  2.702083e-002  0.000000e+000
 2.402500e+002  5.137401e-002  0.000000e+000
 2.405000e+002  6.700984e-002  0.000000e+000
 2.407500e+002  9.356296e-002  0.000000e+000
 2.410000e+002  3.177287e-002  0.000000e+000
 2.412500e+002  2.154048e-002  0.000000e+000
 2.415000e+002  3.552599e-002  0.000000e+000
 2.417500e+002  4.524262e-002  0.000000e+000
 2.420000e+002  1.212522e-001  0.000000e+000
 2.422500e+002  1.700959e-001  0.000000e+000
 2.425000e+002  2.836415e-002  0.000000e+000
 2.427500e+002  1.168813e-001  0.000000e+000
 2.430000e+002  6.999081e-002  0.000000e+000
 2.432500e+002  1.788240e-001  0.000000e+000
 2.435000e+002  6.978720e-002  0.000000e+000
 2.437500e+002  2.233665e-001  0.000000e+000
 2.440000e+002  7.651990e-002  0.000000e+000
 2.442500e+002  1.446321e-001  0.000000e+000
 2.445000e+002  1.183033e-001  0.000000e+000
 2.447500e+002  1.761139e-001  0.000000e+000
 2.450000e+002  2.194607e-001  0.000000e+000
 2.452500e+002  2.013854e-001  0.000000e+000
 2.455000e+002  2.487998e-001  0.000000e+000
 2.457500e+002  1.544413e-001  0.000000e+000
 2.460000e+002  1.273972e-001  0.000000e+000
 2.462500e+002  2.582605e-001  0.000000e+000
 2.465000e+002  2.726924e-001  0.000000e+000
 2.467500e+002  2.002490e-001  0.000000e+000
 2.470000e+002  2.248647e-001  0.000000e+000
 2.472500e+002  1.915723e-001  0.000000e+000
 2.475000e+002  1.881008e-001  0.000000e+000
 2.477500e+002  2.063720e-001  0.000000e+000
 2.480000e+002  2.512648e-001  0.000000e+000
 2.482500e+002  2.392158e-001  0.000000e+000
 2.485000e+002  2.516480e-001  0.000000e+000
 2.487500e+002  1.937238e-001  0.000000e+000
 2.490000e+002  1.671213e-001  0.000000e+000
 2.492500e+002  1.898180e-001  0.000000e+000
 2.495000e+002  1.470363e-001  0.000000e+000
 2.497500e+002  1.991976e-001  0.000000e+000
 2.500000e+002  1.647724e-001  0.000000e+000
 2.502500e+002  1.355747e-001  0.000000e+000
 2.505000e+002  1.677511e-001  0.000000e+000
 2.507500e+002  1.083284e-001  0.000000e+000
 2.510000e+002  1.013252e-001  0.000000e+000
 2.512500e+002  1.450707e-001  0.000000e+000
 2.515000e+002  5.385110e-002  0.000000e+000
 2.517500e+002  9.707550e-002  0.000000e+000
 2.520000e+002  7.763492e-002  0.000000e+000
 2.522500e+002  9.475587e-002  0.000000e+000
 2.525000e+002  7.828400e-002  0.000000e+000
 2.527500e+002  8.689881e-002  0.000000e+000
 2.530000e+002  9.597643e-002  0.000000e+000
 2.532500e+002  8.767945e-002  0.000000e+000
 2.535000e+002  2.097698e-001  0.000000e+000
 2.537500e+002  1.013697e-001  0.000000e+000
 2.540000e+002  1.062084e-001  0.000000e+000
 2.542500e+002  3.792611e-002  0.000000e+000
 2.545000e+002  1.200290e-001  0.000000e+000
 2.547500e+002  6.454761e-002  0.000000e+000
 2.550000e+002  1.008501e-001  0.000000e+000
 2.552500e+002  8.684561e-002  0.000000e+000
 2.555000e+002  6.901384e-002  0.000000e+000
 2.557500e+002  1.234292e-001  0.000000e+000
 2.560000e+002  8.001740e-002  0.000000e+000
