 0.000000e+000 -9.003064e-005  0.000000e+000
 2.500000e-001  1.504524e-003 -1.115823e-003
 5.000000e-001  3.073738e-004  1.090396e-003
 7.500000e-001 -2.135645e-003  1.867213e-003
 1.000000e+000 -2.930950e-003  1.226283e-003
 1.250000e+000 -3.063199e-003  7.218547e-004
 1.500000e+000 -3.210733e-003 -7.084636e-004
 1.750000e+000 -4.092321e-003 -1.266451e-003
 2.000000e+000 -4.007920e-003  3.432643e-004
 2.250000e+000 -4.793508e-003 -2.283297e-004
 2.500000e+000 -5.680282e-003  8.520306e-004
 2.750000e+000 -5.522566e-003  8.131951e-004
 3.000000e+000 -4.129867e-003  1.489355e-003
 3.250000e+000 -3.287288e-003  2.295038e-004
 3.500000e+000 -4.220522e-003  8.881079e-004
 3.750000e+000 -5.056370e-003  1.023404e-003
 4.000000e+000 -7.641001e-003  2.965501e-003
 4.250000e+000 -3.507501e-003  2.436590e-004
 4.500000e+000 -4.218070e-003 -1.086664e-004
 4.750000e+000 -4.811694e-003  4.808452e-005
 5.000000e+000 -5.062991e-003  4.809790e-004
 5.250000e+000 -4.810093e-003  4.327970e-004
 5.500000e+000 -5.003500e-003 -9.415172e-005
 5.750000e+000 -4.971905e-003  3.084800e-004
 6.000000e+000 -4.309763e-003 -1.257816e-004
 6.250000e+000 -5.129877e-003 -3.978689e-004
 6.500000e+000 -5.441758e-003 -2.721881e-004
 6.750000e+000 -5.298841e-003 -1.158806e-005
 7.000000e+000 -5.566720e-003 -4.525045e-004
 7.250000e+000 -5.137526e-003 -3.559059e-004
 7.500000e+000 -5.383703e-003 -6.334390e-004
 7.750000e+000 -5.638569e-003 -2.652164e-004
 8.000000e+000 -5.889850e-003 -5.162628e-004
 8.250000e+000 -5.932622e-003 -7.096018e-004
 8.500000e+000 -6.297651e-003 -4.807317e-004
 8.750000e+000 -6.017227e-003 -4.536534e-004
 9.000000e+000 -6.474337e-003 -8.621088e-004
 9.250000e+000 -6.518067e-003 -5.866501e-004
 9.500000e+000 -6.398239e-003 -1.179689e-004
 9.750000e+000 -6.373715e-003 -4.818835e-004
 1.000000e+001 -6.683898e-003 -5.542987e-004
 1.025000e+001 -6.627472e-003 -3.677620e-004
 1.050000e+001 -6.890620e-003 -5.467723e-004
 1.075000e+001 -7.042406e-003 -5.458355e-004
 1.100000e+001 -7.021475e-003 -3.402542e-004
 1.125000e+001 -7.159411e-003 -2.542826e-004
 1.150000e+001 -7.432149e-003 -3.123003e-005
 1.175000e+001 -7.630883e-003 -3.013900e-004
 1.200000e+001 -7.615992e-003 -3.132803e-005
 1.225000e+001 -7.802297e-003 -6.476883e-005
 1.250000e+001 -7.781369e-003 -4.073931e-005
 1.275000e+001 -7.624200e-003 -4.179352e-004
 1.300000e+001 -8.052849e-003 -2.366362e-004
 1.325000e+001 -8.214423e-003 -4.296361e-004
 1.350000e+001 -8.691883e-003 -3.295196e-004
 1.375000e+001 -8.772140e-003 -2.797070e-004
 1.400000e+001 -8.862687e-003 -6.154842e-005
 1.425000e+001 -8.938788e-003 -3.079286e-004
 1.450000e+001 -8.851953e-003 -3.793192e-004
 1.475000e+001 -9.484325e-003 -2.890072e-004
 1.500000e+001 -9.558352e-003  1.668015e-004
 1.525000e+001 -9.969202e-003  1.384226e-004
 1.550000e+001 -9.734254e-003  1.433711e-004
 1.575000e+001 -1.056415e-002 -3.507475e-004
 1.600000e+001 -1.065302e-002 -5.659401e-004
 1.625000e+001 -1.081563e-002 -3.004370e-005
 1.650000e+001 -1.171269e-002  2.950655e-004
 1.675000e+001 -1.172364e-002 -2.373455e-004
 1.700000e+001 -1.245510e-002 -1.820575e-004
 1.725000e+001 -1.242135e-002  2.023805e-005
 1.750000e+001 -1.339258e-002  1.002782e-004
 1.775000e+001 -1.376530e-002 -1.978270e-004
 1.800000e+001 -1.483443e-002 -6.708247e-004
 1.825000e+001 -1.512535e-002 -1.400910e-004
 1.850000e+001 -1.558954e-002 -8.001579e-005
 1.875000e+001 -1.691191e-002 -3.472925e-004
 1.900000e+001 -1.831866e-002 -3.038532e-004
 1.925000e+001 -1.921182e-002  1.405881e-004
 1.950000e+001 -2.112638e-002  5.263094e-004
 1.975000e+001 -2.206002e-002 -8.361951e-005
 2.000000e+001 -2.459132e-002 -1.755746e-004
 2.025000e+001 -2.669761e-002 -2.484281e-005
 2.050000e+001 -3.030559e-002 -3.854589e-004
 2.075000e+001 -3.464705e-002  6.149143e-004
 2.100000e+001 -4.035406e-002  1.792365e-003
 2.125000e+001 -4.558858e-002  9.540873e-004
 2.150000e+001 -5.879889e-002  3.628632e-003
 2.175000e+001 -7.548841e-002  5.320334e-003
 2.200000e+001 -1.114035e-001  1.117878e-002
 2.225000e+001 -1.871905e-001  6.981542e-002
 2.250000e+001 -2.594198e-001  3.247313e-001
 2.275000e+001  3.589127e-001  8.955474e-002
 2.300000e+001  1.268601e-001  2.151712e-002
 2.325000e+001  8.033747e-002  9.066296e-003
 2.350000e+001  5.790323e-002  4.494922e-003
 2.375000e+001  4.736807e-002  4.647163e-003
 2.400000e+001  3.785407e-002  3.235128e-003
 2.425000e+001  3.123343e-002  2.964825e-003
 2.450000e+001  2.776355e-002  2.008075e-003
 2.475000e+001  2.412928e-002  1.326974e-003
 2.500000e+001  2.208643e-002  1.496806e-003
 2.525000e+001  1.933719e-002  1.203904e-003
 2.550000e+001  1.808307e-002  1.365839e-003
 2.575000e+001  1.598519e-002  8.222988e-004
 2.600000e+001  1.483070e-002  5.542369e-004
 2.625000e+001  1.328335e-002  4.919459e-004
 2.650000e+001  1.297699e-002  7.825749e-004
 2.675000e+001  1.216437e-002  7.752325e-004
 2.700000e+001  1.085739e-002  3.152579e-004
 2.725000e+001  1.047123e-002  6.094917e-004
 2.750000e+001  9.723203e-003  3.530681e-004
 2.775000e+001  9.245621e-003  3.695441e-004
 2.800000e+001  8.873522e-003  3.735599e-004
 2.825000e+001  8.337096e-003  2.102128e-004
 2.850000e+001  8.033321e-003  2.295992e-004
 2.875000e+001  7.577889e-003  5.985754e-004
 2.900000e+001  7.185990e-003  6.275876e-005
 2.925000e+001  6.665210e-003  4.729660e-004
 2.950000e+001  6.669271e-003  2.848486e-004
 2.975000e+001  6.189231e-003  3.816461e-004
 3.000000e+001  6.001402e-003  3.683755e-004
 3.025000e+001  5.523494e-003  3.587495e-004
 3.050000e+001  5.437618e-003  4.256879e-004
 3.075000e+001  5.132885e-003  2.884100e-004
 3.100000e+001  5.078630e-003  9.098190e-005
 3.125000e+001  4.731368e-003  4.132370e-004
 3.150000e+001  4.702456e-003  3.826318e-005
 3.175000e+001  4.425081e-003  3.687414e-004
 3.200000e+001  4.292086e-003  6.914203e-005
 3.225000e+001  3.935206e-003  3.377561e-004
 3.250000e+001  3.917163e-003  3.337392e-004
 3.275000e+001  3.640646e-003  2.911887e-004
 3.300000e+001  3.775580e-003  3.057522e-004
 3.325000e+001  3.497362e-003  3.123355e-004
 3.350000e+001  3.270976e-003  4.400181e-004
 3.375000e+001  3.194424e-003  3.400321e-004
 3.400000e+001  2.986510e-003  4.624473e-004
 3.425000e+001  3.264434e-003  3.104026e-004
 3.450000e+001  3.237878e-003  2.658519e-004
 3.475000e+001  3.036147e-003  2.303594e-004
 3.500000e+001  2.997390e-003  2.823888e-004
 3.525000e+001  2.905202e-003  2.111627e-004
 3.550000e+001  2.666857e-003  4.081836e-005
 3.575000e+001  2.565201e-003  1.712308e-004
 3.600000e+001  2.185074e-003  3.569045e-004
 3.625000e+001  2.409305e-003  3.062078e-004
 3.650000e+001  2.254195e-003  5.191975e-004
 3.675000e+001  2.299810e-003  3.350930e-004
 3.700000e+001  2.277264e-003  2.184592e-004
 3.725000e+001  1.947417e-003  3.153381e-004
 3.750000e+001  2.005718e-003  2.352676e-004
 3.775000e+001  2.046404e-003  3.354891e-004
 3.800000e+001  1.881911e-003  2.116716e-004
 3.825000e+001  1.707053e-003  1.086597e-004
 3.850000e+001  1.972955e-003  4.409518e-004
 3.875000e+001  1.694022e-003  2.449581e-004
 3.900000e+001  1.636364e-003  3.243884e-004
 3.925000e+001  1.431686e-003  3.995175e-004
 3.950000e+001  1.571314e-003  1.734948e-004
 3.975000e+001  1.533505e-003  3.477862e-004
 4.000000e+001  1.489186e-003  2.995555e-004
 4.025000e+001  1.461842e-003  3.035121e-004
 4.050000e+001  1.571070e-003  3.362610e-004
 4.075000e+001  1.181198e-003  2.751163e-004
 4.100000e+001  1.387985e-003  1.418141e-004
 4.125000e+001  1.132576e-003  1.505831e-004
 4.150000e+001  1.083596e-003  3.114064e-004
 4.175000e+001  1.192148e-003  2.017091e-004
 4.200000e+001  1.115910e-003  2.713817e-004
 4.225000e+001  9.896554e-004  2.307096e-004
 4.250000e+001  9.953397e-004  2.017681e-004
 4.275000e+001  1.085868e-003 -1.175895e-005
 4.300000e+001  9.556627e-004  3.608769e-004
 4.325000e+001  9.673597e-004  2.270177e-004
 4.350000e+001  9.536850e-004  3.886534e-004
 4.375000e+001  8.147220e-004  2.281084e-004
 4.400000e+001  7.490216e-004  5.555595e-005
 4.425000e+001  9.870565e-004  3.468225e-004
 4.450000e+001  6.502352e-004  2.785486e-004
 4.475000e+001  8.068827e-004  2.279860e-004
 4.500000e+001  6.562651e-004 -4.879568e-005
 4.525000e+001  3.375415e-004  3.764788e-004
 4.550000e+001  6.707749e-004  2.727697e-004
 4.575000e+001  6.518941e-004  2.912845e-004
 4.600000e+001  6.414902e-004  2.074058e-004
 4.625000e+001  6.413730e-004  2.292447e-004
 4.650000e+001  7.357088e-004  1.492629e-004
 4.675000e+001  5.467058e-004  3.691977e-004
 4.700000e+001  3.113038e-004  2.304724e-004
 4.725000e+001  2.340973e-004  1.089170e-004
 4.750000e+001  5.211573e-004  2.741194e-004
 4.775000e+001  4.542505e-004  1.145752e-004
 4.800000e+001  3.526619e-004  2.821454e-004
 4.825000e+001  2.956136e-004  1.279967e-004
 4.850000e+001  1.983406e-004  3.745377e-004
 4.875000e+001  1.085665e-004  2.278609e-004
 4.900000e+001  3.672660e-004  3.327781e-004
 4.925000e+001  3.426663e-004  2.400436e-004
 4.950000e+001  2.659986e-004  7.046795e-005
 4.975000e+001  1.368319e-004  2.848777e-004
 5.000000e+001  3.975560e-004  1.699494e-004
 5.025000e+001  2.819948e-004  5.461710e-005
 5.050000e+001 -8.144107e-006  2.505651e-004
 5.075000e+001  1.380469e-004  3.407480e-004
 5.100000e+001  1.830770e-004  3.664971e-004
 5.125000e+001  1.695090e-004  2.850293e-004
 5.150000e+001 -2.314135e-005  2.872490e-004
 5.175000e+001  2.028229e-005  1.150986e-004
 5.200000e+001 -4.745596e-005  3.614396e-004
 5.225000e+001  6.963587e-005  4.109377e-005
 5.250000e+001  2.117608e-004  3.303301e-004
 5.275000e+001  1.249192e-004  1.208088e-004
 5.300000e+001 -1.871142e-004  2.638925e-004
 5.325000e+001 -1.525934e-004  3.508105e-004
 5.350000e+001 -1.925143e-004  1.569880e-004
 5.375000e+001 -1.817194e-004  3.875559e-004
 5.400000e+001 -3.789816e-004  1.449287e-004
 5.425000e+001 -2.580219e-004  5.240318e-004
 5.450000e+001 -2.869899e-004  2.737290e-004
 5.475000e+001 -1.537463e-004  4.628237e-004
 5.500000e+001 -4.485409e-004  2.648161e-004
 5.525000e+001 -3.851657e-004  4.861491e-004
 5.550000e+001 -4.037031e-004  3.234162e-004
 5.575000e+001 -3.475359e-004  3.540510e-004
 5.600000e+001 -5.395703e-005  4.053209e-004
 5.625000e+001 -1.353840e-004  4.875044e-004
 5.650000e+001 -2.892901e-004  2.499270e-004
 5.675000e+001 -2.022838e-004  1.351902e-004
 5.700000e+001 -1.991369e-004 -4.422503e-005
 5.725000e+001 -6.408847e-004  3.772196e-005
 5.750000e+001 -6.817860e-004 -1.382215e-005
 5.775000e+001 -5.097043e-004  2.549985e-004
 5.800000e+001 -5.025156e-004  3.377246e-004
 5.825000e+001 -8.647454e-004  1.151449e-004
 5.850000e+001 -5.822750e-004  1.569153e-005
 5.875000e+001 -6.965530e-004  5.620660e-006
 5.900000e+001 -7.831343e-004  1.971459e-004
 5.925000e+001 -8.356093e-004  9.872214e-005
 5.950000e+001 -7.775891e-004  2.868289e-004
 5.975000e+001 -9.261854e-004  2.664241e-004
 6.000000e+001 -7.435858e-004  1.324098e-004
 6.025000e+001 -8.708744e-004  1.786557e-004
 6.050000e+001 -9.554165e-004  2.071508e-004
 6.075000e+001 -7.899227e-004  1.266067e-004
 6.100000e+001 -1.099876e-003  1.441088e-004
 6.125000e+001 -9.779794e-004  4.796281e-005
 6.150000e+001 -1.101716e-003  1.871340e-004
 6.175000e+001 -1.036322e-003  2.134722e-004
 6.200000e+001 -1.226269e-003  1.876816e-004
 6.225000e+001 -1.114861e-003  1.630249e-004
 6.250000e+001 -1.296163e-003  1.035155e-004
 6.275000e+001 -1.338810e-003  2.341838e-004
 6.300000e+001 -1.430174e-003  5.255772e-004
 6.325000e+001 -1.362904e-003 -3.122524e-005
 6.350000e+001 -1.321519e-003  1.543376e-004
 6.375000e+001 -1.359220e-003  2.592356e-004
 6.400000e+001 -1.418577e-003  2.826069e-004
 6.425000e+001 -1.312466e-003  2.302101e-004
 6.450000e+001 -1.313117e-003  1.837648e-004
 6.475000e+001 -1.552675e-003  8.731804e-005
 6.500000e+001 -1.507621e-003  3.203947e-004
 6.525000e+001 -1.550523e-003  1.829485e-004
 6.550000e+001 -1.549956e-003  1.724529e-004
 6.575000e+001 -1.875651e-003  4.033514e-004
 6.600000e+001 -1.487650e-003  4.737909e-004
 6.625000e+001 -1.903508e-003  1.603783e-004
 6.650000e+001 -2.004749e-003  9.761573e-005
 6.675000e+001 -1.872173e-003  2.139918e-004
 6.700000e+001 -1.815489e-003  4.068128e-004
 6.725000e+001 -2.107342e-003  1.729751e-004
 6.750000e+001 -2.259020e-003  3.266737e-004
 6.775000e+001 -2.074680e-003  3.521055e-004
 6.800000e+001 -2.054381e-003  2.410205e-004
 6.825000e+001 -2.160505e-003  1.070432e-004
 6.850000e+001 -2.225637e-003  3.455845e-004
 6.875000e+001 -2.376317e-003  2.308068e-004
 6.900000e+001 -2.151018e-003  3.601739e-004
 6.925000e+001 -2.539266e-003  1.935743e-004
 6.950000e+001 -2.467339e-003  1.208083e-004
 6.975000e+001 -2.726304e-003  2.694334e-004
 7.000000e+001 -2.804727e-003  1.390207e-004
 7.025000e+001 -2.854163e-003  2.740865e-004
 7.050000e+001 -3.042503e-003  1.448332e-004
 7.075000e+001 -3.032775e-003  1.040008e-004
 7.100000e+001 -3.183088e-003  2.002392e-004
 7.125000e+001 -3.200453e-003  2.481337e-004
 7.150000e+001 -3.618532e-003  3.444070e-004
 7.175000e+001 -3.446491e-003  1.219814e-004
 7.200000e+001 -3.696807e-003  4.816596e-004
 7.225000e+001 -3.765831e-003  4.121549e-004
 7.250000e+001 -3.989145e-003  4.784325e-004
 7.275000e+001 -4.141100e-003  2.679786e-004
 7.300000e+001 -4.324842e-003  3.745810e-004
 7.325000e+001 -4.459950e-003  6.019221e-004
 7.350000e+001 -4.582983e-003  3.486152e-004
 7.375000e+001 -5.170712e-003  5.641194e-004
 7.400000e+001 -5.418626e-003  4.582202e-004
 7.425000e+001 -5.634385e-003  5.147020e-004
 7.450000e+001 -5.937927e-003  5.012601e-004
 7.475000e+001 -5.884345e-003  5.575649e-004
 7.500000e+001 -6.559668e-003  6.561487e-004
 7.525000e+001 -6.954266e-003  4.667087e-004
 7.550000e+001 -7.675058e-003  6.137337e-004
 7.575000e+001 -7.648613e-003  9.878712e-004
 7.600000e+001 -8.507202e-003  1.156057e-003
 7.625000e+001 -9.546711e-003  7.411437e-004
 7.650000e+001 -1.044151e-002  1.540059e-003
 7.675000e+001 -1.160946e-002  1.474268e-003
 7.700000e+001 -1.286220e-002  1.982396e-003
 7.725000e+001 -1.464311e-002  2.538075e-003
 7.750000e+001 -1.709713e-002  3.334636e-003
 7.775000e+001 -1.902862e-002  4.497611e-003
 7.800000e+001 -2.230228e-002  8.670162e-003
 7.825000e+001 -2.689882e-002  1.216288e-002
 7.850000e+001 -3.137889e-002  2.162627e-002
 7.875000e+001 -3.543139e-002  3.443193e-002
 7.900000e+001 -2.422050e-002  5.682107e-002
 7.925000e+001  5.982741e-003  7.377279e-002
 7.950000e+001  4.178355e-002  5.005873e-002
 7.975000e+001  3.896955e-002  2.022118e-002
 8.000000e+001  2.990560e-002  1.160254e-002
 8.025000e+001  2.429831e-002  7.555677e-003
 8.050000e+001  1.958049e-002  4.558250e-003
 8.075000e+001  1.725415e-002  3.803620e-003
 8.100000e+001  1.470923e-002  2.811197e-003
 8.125000e+001  1.326909e-002  1.736714e-003
 8.150000e+001  1.181221e-002  2.167040e-003
 8.175000e+001  1.065279e-002  1.644389e-003
 8.200000e+001  1.039855e-002  1.326853e-003
 8.225000e+001  9.166956e-003  1.280146e-003
 8.250000e+001  8.439337e-003  9.969235e-004
 8.275000e+001  8.028910e-003  9.026377e-004
 8.300000e+001  7.348186e-003  8.573195e-004
 8.325000e+001  6.940230e-003  6.821185e-004
 8.350000e+001  6.292511e-003  6.620846e-004
 8.375000e+001  6.286201e-003  7.415419e-004
 8.400000e+001  6.118246e-003  5.610965e-004
 8.425000e+001  5.600332e-003  1.514261e-004
 8.450000e+001  5.662408e-003  2.594411e-004
 8.475000e+001  5.128040e-003  2.657237e-004
 8.500000e+001  4.860558e-003  2.735500e-004
 8.525000e+001  4.906088e-003  2.794651e-004
 8.550000e+001  4.518446e-003  2.215543e-004
 8.575000e+001  4.251267e-003 -1.408016e-005
 8.600000e+001  4.216454e-003  1.866150e-004
 8.625000e+001  4.237871e-003  1.672771e-004
 8.650000e+001  3.963584e-003  2.658463e-004
 8.675000e+001  3.767519e-003  1.392202e-004
 8.700000e+001  3.870686e-003  2.398756e-004
 8.725000e+001  3.569889e-003  2.044205e-004
 8.750000e+001  3.450270e-003  1.356794e-004
 8.775000e+001  3.495867e-003  1.075185e-004
 8.800000e+001  3.083594e-003  2.188677e-004
 8.825000e+001  3.237790e-003  1.138300e-004
 8.850000e+001  3.328113e-003  2.101345e-004
 8.875000e+001  3.135891e-003  3.014166e-004
 8.900000e+001  2.720241e-003  2.362784e-004
 8.925000e+001  2.948327e-003  1.402211e-004
 8.950000e+001  2.689843e-003  9.273431e-006
 8.975000e+001  2.531550e-003  1.932120e-004
 9.000000e+001  2.666584e-003 -9.057294e-005
 9.025000e+001  2.632408e-003  4.597012e-005
 9.050000e+001  2.604520e-003 -1.077770e-004
 9.075000e+001  2.365639e-003  1.819188e-004
 9.100000e+001  2.315981e-003  1.022442e-004
 9.125000e+001  2.716164e-003  1.936148e-004
 9.150000e+001  2.457395e-003  2.684516e-004
 9.175000e+001  2.500176e-003  1.459817e-004
 9.200000e+001  2.255142e-003  1.111096e-004
 9.225000e+001  2.253222e-003 -2.848677e-005
 9.250000e+001  2.421917e-003  1.438478e-004
 9.275000e+001  2.292029e-003  6.440208e-005
 9.300000e+001  2.058899e-003  5.819458e-005
 9.325000e+001  2.196344e-003  9.731847e-005
 9.350000e+001  1.929252e-003  9.396137e-005
 9.375000e+001  1.974097e-003  5.856007e-005
 9.400000e+001  1.884921e-003  2.356404e-004
 9.425000e+001  1.895535e-003 -1.906644e-005
 9.450000e+001  1.902941e-003  1.687991e-004
 9.475000e+001  1.833644e-003  2.929106e-005
 9.500000e+001  1.704931e-003  8.193268e-005
 9.525000e+001  1.841891e-003 -9.629110e-005
 9.550000e+001  1.939649e-003  2.746028e-004
 9.575000e+001  1.707160e-003 -1.069282e-005
 9.600000e+001  1.879419e-003  1.073832e-004
 9.625000e+001  1.879110e-003  1.404651e-004
 9.650000e+001  1.625144e-003 -1.385231e-004
 9.675000e+001  1.620482e-003 -9.130100e-005
 9.700000e+001  1.699762e-003 -1.620259e-004
 9.725000e+001  1.648806e-003 -5.790985e-005
 9.750000e+001  1.521661e-003  1.964865e-005
 9.775000e+001  1.679430e-003  2.114428e-005
 9.800000e+001  1.665722e-003 -1.921656e-004
 9.825000e+001  1.613641e-003  1.045627e-004
 9.850000e+001  1.435744e-003 -7.580575e-005
 9.875000e+001  1.679375e-003  4.027066e-005
 9.900000e+001  1.402633e-003 -1.262277e-005
 9.925000e+001  1.299303e-003 -3.263758e-006
 9.950000e+001  1.363692e-003 -8.625473e-005
 9.975000e+001  1.582079e-003 -7.502811e-005
 1.000000e+002  1.160756e-003 -2.127867e-005
 1.002500e+002  1.282925e-003 -1.229409e-004
 1.005000e+002  1.251609e-003 -1.479801e-004
 1.007500e+002  1.294346e-003  5.592009e-006
 1.010000e+002  1.288997e-003 -1.083548e-004
 1.012500e+002  1.148790e-003 -2.492408e-004
 1.015000e+002  1.110666e-003 -1.747216e-004
 1.017500e+002  1.069205e-003  3.359721e-005
 1.020000e+002  1.288721e-003  7.727391e-005
 1.022500e+002  1.181860e-003 -2.057462e-005
 1.025000e+002  1.380421e-003 -7.957682e-005
 1.027500e+002  1.221321e-003 -4.480539e-005
 1.030000e+002  1.360027e-003 -4.239674e-005
 1.032500e+002  1.239740e-003 -2.156130e-004
 1.035000e+002  1.062640e-003  2.414052e-005
 1.037500e+002  1.366496e-003 -4.397646e-005
 1.040000e+002  1.041990e-003 -1.525142e-004
 1.042500e+002  1.136837e-003  2.433540e-005
 1.045000e+002  1.293514e-003  8.727796e-005
 1.047500e+002  1.075809e-003  2.678086e-005
 1.050000e+002  1.125832e-003 -1.843938e-004
 1.052500e+002  1.104981e-003 -8.834205e-005
 1.055000e+002  1.050472e-003 -2.691920e-005
 1.057500e+002  9.835231e-004 -5.469171e-005
 1.060000e+002  1.020280e-003 -1.941401e-004
 1.062500e+002  1.078451e-003 -3.623177e-005
 1.065000e+002  8.216664e-004 -1.473511e-004
 1.067500e+002  1.235747e-003  9.749847e-005
 1.070000e+002  9.521813e-004 -4.159519e-006
 1.072500e+002  1.016986e-003 -2.206419e-004
 1.075000e+002  8.847042e-004 -6.037916e-005
 1.077500e+002  1.069707e-003 -1.694727e-004
 1.080000e+002  1.160778e-003 -8.838066e-005
 1.082500e+002  1.130884e-003 -8.019682e-005
 1.085000e+002  1.055326e-003 -1.570784e-004
 1.087500e+002  9.872694e-004 -1.427182e-004
 1.090000e+002  8.845369e-004  1.099744e-004
 1.092500e+002  6.589169e-004  1.250432e-004
 1.095000e+002  9.598541e-004 -1.226100e-004
 1.097500e+002  8.682600e-004 -9.164096e-005
 1.100000e+002  7.691849e-004 -3.367893e-004
 1.102500e+002  9.640176e-004 -2.446594e-004
 1.105000e+002  9.432593e-004 -2.676295e-005
 1.107500e+002  9.475357e-004 -1.020405e-004
 1.110000e+002  8.356114e-004 -8.722874e-005
 1.112500e+002  1.108270e-003 -6.066824e-005
 1.115000e+002  7.533751e-004 -1.895656e-004
 1.117500e+002  8.510703e-004 -1.121747e-004
 1.120000e+002  8.988746e-004 -4.150743e-005
 1.122500e+002  8.379598e-004 -7.159337e-006
 1.125000e+002  5.194539e-004 -1.509269e-004
 1.127500e+002  8.941341e-004 -4.654021e-005
 1.130000e+002  9.186766e-004  1.937338e-005
 1.132500e+002  8.287263e-004 -1.877466e-004
 1.135000e+002  8.862908e-004 -6.296412e-005
 1.137500e+002  8.961808e-004 -1.351015e-004
 1.140000e+002  9.886566e-004 -1.443045e-004
 1.142500e+002  6.751911e-004 -9.150117e-005
 1.145000e+002  7.369733e-004 -1.320722e-004
 1.147500e+002  8.048528e-004 -2.579631e-004
 1.150000e+002  7.499136e-004 -8.036019e-005
 1.152500e+002  9.463048e-004 -3.035730e-004
 1.155000e+002  8.805243e-004 -7.843322e-005
 1.157500e+002  8.511278e-004 -1.086393e-005
 1.160000e+002  6.090766e-004  1.013609e-005
 1.162500e+002  5.614442e-004 -7.193426e-005
 1.165000e+002  5.795659e-004 -1.936047e-004
 1.167500e+002  6.719731e-004 -1.923781e-004
 1.170000e+002  6.756691e-004 -1.507273e-004
 1.172500e+002  8.443601e-004 -2.157702e-004
 1.175000e+002  5.094660e-004 -5.594778e-005
 1.177500e+002  7.497377e-004 -4.654729e-005
 1.180000e+002  6.322358e-004 -3.952756e-004
 1.182500e+002  6.319466e-004 -1.163687e-004
 1.185000e+002  6.539297e-004 -2.318142e-004
 1.187500e+002  8.136482e-004 -3.078947e-004
 1.190000e+002  7.475733e-004 -1.798507e-004
 1.192500e+002  5.773217e-004  4.778051e-005
 1.195000e+002  7.117930e-004  7.346538e-005
 1.197500e+002  6.105390e-004  6.676007e-005
 1.200000e+002  6.564560e-004 -2.725699e-004
 1.202500e+002  6.163803e-004 -1.038868e-004
 1.205000e+002  7.132166e-004 -1.502692e-004
 1.207500e+002  5.967570e-004 -1.380940e-004
 1.210000e+002  5.446197e-004 -2.062528e-004
 1.212500e+002  7.385759e-004 -1.616319e-004
 1.215000e+002  3.436402e-004 -2.277143e-004
 1.217500e+002  5.665589e-004 -1.861353e-004
 1.220000e+002  5.553714e-004 -2.315374e-005
 1.222500e+002  5.353707e-004  3.249067e-005
 1.225000e+002  4.828228e-004 -1.926384e-005
 1.227500e+002  5.471127e-004 -5.009383e-005
 1.230000e+002  5.093844e-004  2.641137e-005
 1.232500e+002  6.049341e-004 -1.618771e-005
 1.235000e+002  7.921240e-004  9.128050e-005
 1.237500e+002  4.831972e-004 -4.347583e-005
 1.240000e+002  3.427464e-004 -1.976968e-004
 1.242500e+002  4.436852e-004 -1.504550e-005
 1.245000e+002  7.927401e-004 -1.249327e-004
 1.247500e+002  4.042583e-004 -6.344873e-005
 1.250000e+002  6.630943e-004 -9.120750e-006
 1.252500e+002  4.568946e-004 -7.816597e-005
 1.255000e+002  6.541354e-004 -3.387432e-004
 1.257500e+002  5.124609e-004 -2.246375e-004
 1.260000e+002  8.035576e-004 -1.019291e-005
 1.262500e+002  3.775234e-004 -1.039012e-004
 1.265000e+002  5.567145e-004 -1.455752e-004
 1.267500e+002  7.376670e-004 -1.484865e-004
 1.270000e+002  5.468170e-004 -3.440573e-005
 1.272500e+002  2.808914e-004 -7.491319e-005
 1.275000e+002  4.886659e-004 -9.926441e-005
 1.277500e+002  6.791561e-004 -1.229428e-004
 1.280000e+002  6.354883e-004 -2.416867e-004
 1.282500e+002  6.299492e-004 -9.269186e-005
 1.285000e+002  6.460844e-004  6.256531e-006
 1.287500e+002  5.683451e-004  8.879167e-005
 1.290000e+002  5.368846e-004 -6.651178e-005
 1.292500e+002  7.089185e-004 -9.478049e-005
 1.295000e+002  5.842098e-004 -3.972667e-004
 1.297500e+002  6.802313e-004 -8.060924e-005
 1.300000e+002  4.652777e-004 -3.495073e-006
 1.302500e+002  4.643777e-004 -2.229969e-004
 1.305000e+002  6.595551e-004 -2.546235e-004
 1.307500e+002  5.860732e-004  5.435240e-005
 1.310000e+002  7.586542e-004  1.558832e-004
 1.312500e+002  5.667477e-004 -1.460291e-004
 1.315000e+002  5.648431e-004 -9.065624e-005
 1.317500e+002  4.707802e-004 -1.575724e-004
 1.320000e+002  6.367052e-004  2.302046e-005
 1.322500e+002  5.485840e-004  4.407947e-005
 1.325000e+002  6.635214e-004  1.220650e-004
 1.327500e+002  5.255643e-004  7.277514e-005
 1.330000e+002  5.220885e-004 -2.594799e-004
 1.332500e+002  6.607310e-004 -2.212687e-004
 1.335000e+002  5.838010e-004 -2.726428e-005
 1.337500e+002  5.728761e-004  5.084532e-005
 1.340000e+002  5.701362e-004 -7.137711e-005
 1.342500e+002  5.694793e-004 -8.859102e-005
 1.345000e+002  3.887721e-004 -6.046955e-005
 1.347500e+002  4.972665e-004  9.610600e-005
 1.350000e+002  5.679147e-004 -1.396860e-004
 1.352500e+002  4.654379e-004 -1.947866e-005
 1.355000e+002  6.315619e-004 -2.022646e-004
 1.357500e+002  6.860142e-004  9.934649e-006
 1.360000e+002  5.692373e-004  1.845842e-004
 1.362500e+002  4.635381e-004 -2.181642e-004
 1.365000e+002  3.541313e-004 -2.220694e-004
 1.367500e+002  5.934319e-004  5.773737e-005
 1.370000e+002  4.327750e-004 -6.861150e-005
 1.372500e+002  5.800787e-004 -1.337667e-004
 1.375000e+002  5.559159e-004 -2.236781e-004
 1.377500e+002  6.069779e-004 -1.523261e-004
 1.380000e+002  6.245505e-004 -1.840576e-004
 1.382500e+002  4.937149e-004 -3.109723e-004
 1.385000e+002  5.962858e-004 -2.161910e-004
 1.387500e+002  5.632753e-004  8.016965e-005
 1.390000e+002  8.175967e-004 -1.729530e-004
 1.392500e+002  4.819030e-004 -7.966358e-005
 1.395000e+002  3.952546e-004  1.678579e-005
 1.397500e+002  4.547776e-004 -5.784809e-005
 1.400000e+002  5.143345e-004 -1.427091e-004
 1.402500e+002  1.928641e-004 -1.757186e-004
 1.405000e+002  4.575631e-004 -9.557209e-005
 1.407500e+002  4.436637e-004 -2.639239e-004
 1.410000e+002  5.869968e-004 -2.337071e-004
 1.412500e+002  3.814744e-004 -1.186249e-004
 1.415000e+002  3.252695e-004  2.077716e-004
 1.417500e+002  5.250566e-004 -2.450357e-004
 1.420000e+002  5.740128e-004 -1.413043e-006
 1.422500e+002  3.171024e-004 -3.957343e-005
 1.425000e+002  3.903967e-004 -1.850591e-005
 1.427500e+002  1.893845e-004 -1.577710e-004
 1.430000e+002  4.276116e-004 -2.895366e-004
 1.432500e+002  6.797058e-004 -1.338953e-004
 1.435000e+002  6.701350e-004 -1.753029e-004
 1.437500e+002  5.637057e-004  5.899855e-006
 1.440000e+002  6.303029e-004 -1.464858e-004
 1.442500e+002  4.395702e-004 -1.971934e-004
 1.445000e+002  5.113180e-004  4.781189e-005
 1.447500e+002  4.400848e-004 -6.998435e-005
 1.450000e+002  5.535092e-004 -3.070147e-004
 1.452500e+002  3.818510e-004 -1.373765e-004
 1.455000e+002  4.607713e-004 -2.815933e-004
 1.457500e+002  3.153853e-004  2.529394e-005
 1.460000e+002  4.159752e-004 -9.289293e-005
 1.462500e+002  4.914621e-004 -1.586256e-004
 1.465000e+002  3.913508e-004 -4.336109e-005
 1.467500e+002  3.890853e-004 -2.672203e-005
 1.470000e+002  5.204572e-004  5.487353e-005
 1.472500e+002  6.094611e-004 -1.515555e-004
 1.475000e+002  3.930253e-004 -1.502816e-004
 1.477500e+002  5.564530e-004 -5.195938e-005
 1.480000e+002  5.440010e-004 -2.467735e-004
 1.482500e+002  5.376078e-004 -1.789611e-004
 1.485000e+002  5.065634e-004 -4.055014e-005
 1.487500e+002  4.688516e-004 -1.476420e-004
 1.490000e+002  3.136796e-004 -4.554485e-005
 1.492500e+002  4.549525e-004 -2.880201e-005
 1.495000e+002  5.024058e-004  8.689098e-005
 1.497500e+002  3.167749e-004 -1.149443e-004
 1.500000e+002  4.553614e-004 -1.923771e-004
 1.502500e+002  4.650887e-004  4.087721e-005
 1.505000e+002  6.589765e-004  3.680134e-005
 1.507500e+002  5.162099e-004 -7.983997e-005
 1.510000e+002  3.803295e-004  5.156406e-005
 1.512500e+002  5.464672e-004 -1.829519e-004
 1.515000e+002  4.536672e-004 -1.539121e-004
 1.517500e+002  5.604881e-004 -1.289263e-004
 1.520000e+002  5.129376e-004 -1.373944e-005
 1.522500e+002  4.995332e-004 -4.810930e-005
 1.525000e+002  7.058603e-004  1.667886e-004
 1.527500e+002  4.680258e-004  8.815639e-005
 1.530000e+002  3.928762e-004 -8.641139e-005
 1.532500e+002  5.597299e-004 -1.192271e-004
 1.535000e+002  3.752074e-004  8.913391e-005
 1.537500e+002  5.406405e-004 -2.069882e-004
 1.540000e+002  4.187357e-004 -3.731293e-007
 1.542500e+002  4.808355e-004 -3.445798e-006
 1.545000e+002  3.354102e-004 -1.239056e-004
 1.547500e+002  4.196094e-004 -7.196038e-005
 1.550000e+002  3.802379e-004  8.258100e-005
 1.552500e+002  3.176894e-004 -1.418816e-004
 1.555000e+002  2.891133e-004 -6.694060e-007
 1.557500e+002  2.917975e-004  1.461953e-005
 1.560000e+002  5.325604e-004  6.673337e-005
 1.562500e+002  4.800761e-004 -1.712301e-004
 1.565000e+002  4.106386e-004 -2.914482e-005
 1.567500e+002  3.193310e-004 -1.377660e-004
 1.570000e+002  2.342945e-004  6.184211e-005
 1.572500e+002  3.926075e-004 -5.894415e-005
 1.575000e+002  5.528220e-004 -6.871580e-006
 1.577500e+002  1.087198e-004 -5.517830e-005
 1.580000e+002  6.898480e-005  1.250000e-005
 1.582500e+002  2.671825e-004 -1.212235e-004
 1.585000e+002  3.008074e-004 -2.204595e-005
 1.587500e+002  2.999779e-004 -1.457287e-006
 1.590000e+002  5.001598e-004  1.752816e-004
 1.592500e+002  3.383104e-004  1.899318e-004
 1.595000e+002  3.328888e-004  3.158768e-005
 1.597500e+002  3.941109e-004 -6.568753e-005
 1.600000e+002  3.632149e-004  1.559786e-004
 1.602500e+002  3.422866e-004  1.670181e-004
 1.605000e+002  1.431767e-004  2.365831e-004
 1.607500e+002  5.808980e-004 -1.386229e-005
 1.610000e+002  4.534092e-004 -2.168860e-004
 1.612500e+002  2.325303e-004 -5.502223e-005
 1.615000e+002  3.637029e-004  1.278723e-004
 1.617500e+002  2.942630e-004 -5.782734e-005
 1.620000e+002  1.826823e-004 -1.965089e-004
 1.622500e+002  6.841396e-004  1.230987e-004
 1.625000e+002  4.430061e-004 -7.754138e-005
 1.627500e+002  2.219005e-004 -1.328713e-004
 1.630000e+002  6.115807e-004  2.489026e-005
 1.632500e+002  4.712230e-004  4.277898e-005
 1.635000e+002  2.863336e-004  1.012112e-004
 1.637500e+002  3.318190e-004  2.563897e-005
 1.640000e+002  2.798778e-004 -7.541023e-006
 1.642500e+002  4.013851e-004 -1.686707e-004
 1.645000e+002  4.397787e-004  2.682439e-005
 1.647500e+002  4.464039e-004  5.030077e-005
 1.650000e+002  5.350681e-004 -1.580842e-005
 1.652500e+002  3.271424e-004  1.621267e-004
 1.655000e+002  3.506254e-004 -5.671634e-005
 1.657500e+002  4.110811e-004  2.217883e-005
 1.660000e+002  3.205684e-004  6.039219e-007
 1.662500e+002  4.104439e-004  3.941779e-005
 1.665000e+002  3.607077e-004  1.423359e-004
 1.667500e+002  5.553606e-004  2.843117e-005
 1.670000e+002  3.687886e-004  3.935788e-004
 1.672500e+002  3.176413e-004  2.775204e-004
 1.675000e+002  1.263995e-004  4.028856e-005
 1.677500e+002  3.680969e-004  4.964650e-005
 1.680000e+002  1.693441e-004 -1.757420e-005
 1.682500e+002  4.173888e-004  8.660175e-005
 1.685000e+002  2.976284e-004  1.081774e-004
 1.687500e+002  4.437729e-004  2.372040e-005
 1.690000e+002  5.808877e-004 -9.944857e-005
 1.692500e+002  2.314733e-004  1.881656e-005
 1.695000e+002  4.104641e-004 -3.520720e-005
 1.697500e+002  1.606208e-004  1.955974e-005
 1.700000e+002  2.845356e-004 -9.850225e-005
 1.702500e+002  3.019720e-004 -5.715107e-005
 1.705000e+002  4.998626e-004  5.498053e-005
 1.707500e+002  4.653729e-004 -6.023350e-005
 1.710000e+002  4.155449e-004  2.797391e-004
 1.712500e+002  2.724659e-004  1.824753e-004
 1.715000e+002  5.166776e-004 -5.746555e-005
 1.717500e+002  1.454514e-004 -1.193095e-004
 1.720000e+002  4.326642e-004  7.027675e-005
 1.722500e+002  3.567051e-004 -1.582291e-004
 1.725000e+002  3.839569e-004  5.682724e-005
 1.727500e+002  1.082599e-004 -3.223629e-005
 1.730000e+002  3.184905e-004  1.584650e-004
 1.732500e+002  4.215613e-004  1.284679e-004
 1.735000e+002  4.219801e-004  3.369722e-005
 1.737500e+002  2.938426e-004  3.078286e-004
 1.740000e+002  2.708455e-004  2.449610e-004
 1.742500e+002  3.806085e-004  6.967684e-005
 1.745000e+002  4.775901e-004  2.638863e-005
 1.747500e+002  3.193692e-004  1.062613e-004
 1.750000e+002  3.325515e-004 -4.322923e-005
 1.752500e+002  4.254454e-004  1.723398e-004
 1.755000e+002  3.325075e-004 -1.468354e-004
 1.757500e+002  2.078991e-004  4.654316e-005
 1.760000e+002  4.481467e-004 -1.893354e-005
 1.762500e+002  2.552971e-004 -2.154524e-005
 1.765000e+002  2.309414e-004 -2.514626e-005
 1.767500e+002  2.594927e-004  2.013688e-004
 1.770000e+002  3.232720e-004 -2.108625e-005
 1.772500e+002  3.249534e-004  1.944956e-004
 1.775000e+002  2.431302e-004  1.524145e-005
 1.777500e+002  2.417969e-004 -7.793248e-005
 1.780000e+002  4.186037e-004 -1.806525e-005
 1.782500e+002  4.344010e-004  9.134012e-005
 1.785000e+002  3.606875e-004  8.674642e-005
 1.787500e+002  1.333851e-004 -1.746672e-004
 1.790000e+002  2.120052e-004 -6.975204e-005
 1.792500e+002  3.566409e-004  1.812375e-004
 1.795000e+002  3.112960e-004  1.513042e-004
 1.797500e+002  3.073563e-004  7.655482e-005
 1.800000e+002  2.137466e-004 -3.399597e-005
 1.802500e+002  4.153502e-004  6.923460e-005
 1.805000e+002  2.695988e-004  2.215963e-004
 1.807500e+002  2.297662e-004  1.759658e-004
 1.810000e+002  3.396627e-004  1.257266e-004
 1.812500e+002  4.233335e-004  1.357288e-005
 1.815000e+002  2.604155e-004  2.715929e-004
 1.817500e+002  1.875521e-004  2.608867e-006
 1.820000e+002  3.027420e-004  1.708620e-004
 1.822500e+002  2.442957e-004 -6.637393e-006
 1.825000e+002  2.656897e-004  1.892706e-004
 1.827500e+002  2.394710e-004  2.083262e-004
 1.830000e+002  3.497828e-004  1.586725e-004
 1.832500e+002  2.117985e-004 -2.044801e-005
 1.835000e+002  3.067396e-004  7.031507e-005
 1.837500e+002  1.616766e-004  2.227276e-005
 1.840000e+002  3.959106e-004  2.920781e-005
 1.842500e+002  2.352086e-004  7.037157e-005
 1.845000e+002  3.165246e-004  6.891577e-005
 1.847500e+002  2.582429e-004  8.223009e-005
 1.850000e+002  1.877788e-004  1.017256e-004
 1.852500e+002  2.884808e-004  2.882838e-006
 1.855000e+002  2.211261e-004  1.205824e-004
 1.857500e+002 -5.395430e-005  1.116495e-004
 1.860000e+002  2.047556e-004 -1.087136e-004
 1.862500e+002  2.248549e-004 -3.434565e-005
 1.865000e+002  3.028994e-004  1.115305e-004
 1.867500e+002  2.899950e-004  1.266000e-004
 1.870000e+002  3.664606e-004 -6.443580e-005
 1.872500e+002  3.286559e-004  4.115746e-005
 1.875000e+002  3.090800e-004  1.126453e-004
 1.877500e+002  1.780182e-004 -4.906529e-005
 1.880000e+002  9.332973e-005  6.654368e-005
 1.882500e+002  1.382591e-004  2.017693e-004
 1.885000e+002  2.840886e-004  9.892797e-006
 1.887500e+002  1.643030e-004  2.466782e-007
 1.890000e+002  4.016283e-005 -1.368145e-004
 1.892500e+002  1.875141e-004 -1.713811e-005
 1.895000e+002  1.423815e-004 -6.678312e-005
 1.897500e+002  5.530294e-005 -4.012805e-005
 1.900000e+002  7.521690e-005  6.961318e-005
 1.902500e+002  1.433713e-004  6.876937e-005
 1.905000e+002  1.783961e-004  1.056114e-004
 1.907500e+002  9.763214e-005 -6.271178e-006
 1.910000e+002  4.416682e-005 -7.443865e-005
 1.912500e+002  5.055053e-004  1.019563e-004
 1.915000e+002  3.397879e-004 -9.562202e-005
 1.917500e+002  1.052278e-004  6.975097e-005
 1.920000e+002  3.956346e-004 -1.392206e-004
 1.922500e+002  1.495266e-004  4.984102e-005
 1.925000e+002  1.152987e-004  6.720608e-005
 1.927500e+002  1.567659e-004  2.518921e-004
 1.930000e+002  1.572002e-004  9.118101e-005
 1.932500e+002  8.523168e-005  1.060363e-004
 1.935000e+002  2.344033e-004  2.770994e-005
 1.937500e+002  3.499222e-004 -7.837514e-005
 1.940000e+002  9.549777e-005 -8.031624e-005
 1.942500e+002  2.744646e-004  1.803322e-004
 1.945000e+002  2.307328e-004  1.660398e-005
 1.947500e+002  1.935287e-004  1.314127e-004
 1.950000e+002  3.152039e-004  1.128831e-004
 1.952500e+002  1.372784e-004  1.417175e-004
 1.955000e+002  3.003898e-004 -1.404007e-005
 1.957500e+002  2.027661e-004  8.324371e-005
 1.960000e+002  2.507931e-004 -2.567480e-005
 1.962500e+002  1.226836e-004  1.592706e-005
 1.965000e+002  2.291823e-004  6.301280e-005
 1.967500e+002  2.385556e-004  1.637919e-005
 1.970000e+002  8.146556e-005 -2.064905e-005
 1.972500e+002  1.885261e-004  5.813963e-005
 1.975000e+002  1.791480e-004  8.597003e-005
 1.977500e+002  2.492829e-004  1.706682e-004
 1.980000e+002  5.962035e-005 -1.139514e-004
 1.982500e+002  3.442494e-004  1.338191e-004
 1.985000e+002  2.402981e-004  8.858509e-005
 1.987500e+002  3.086766e-004  4.287038e-005
 1.990000e+002  3.342953e-004 -2.134901e-006
 1.992500e+002  1.253862e-004 -8.642112e-006
 1.995000e+002  1.027727e-004 -4.975423e-005
 1.997500e+002  2.656942e-004  1.939496e-005
 2.000000e+002  1.665173e-005  1.859801e-004
 2.002500e+002  3.499832e-004 -1.347177e-004
 2.005000e+002  2.315008e-004  1.033194e-004
 2.007500e+002  2.620281e-004  1.442246e-004
 2.010000e+002  2.758489e-004  6.037651e-005
 2.012500e+002  1.537470e-004  1.287118e-005
 2.015000e+002  2.854757e-004 -1.772282e-004
 2.017500e+002  2.433123e-004 -4.125916e-005
 2.020000e+002  1.787908e-004 -3.365534e-005
 2.022500e+002  2.458058e-004 -3.723272e-006
 2.025000e+002  2.100927e-004 -6.216715e-005
 2.027500e+002  1.413823e-004 -5.711795e-005
 2.030000e+002 -2.644767e-005  1.365298e-004
 2.032500e+002  2.503791e-004  1.576147e-004
 2.035000e+002  1.438870e-004 -1.008361e-004
 2.037500e+002  1.529938e-004  1.274834e-005
 2.040000e+002  1.949011e-004 -5.519009e-005
 2.042500e+002  2.592035e-004  3.984260e-005
 2.045000e+002  1.142604e-004  6.940938e-005
 2.047500e+002  6.181720e-005 -3.879845e-005
 2.050000e+002  1.861732e-004  2.803808e-004
 2.052500e+002  1.593552e-004 -6.135651e-005
 2.055000e+002  3.760182e-004 -9.432033e-006
 2.057500e+002 -4.012208e-005 -4.704662e-005
 2.060000e+002  1.471806e-004  1.742236e-004
 2.062500e+002  1.035407e-004  9.303878e-005
 2.065000e+002  1.002074e-004  1.554761e-004
 2.067500e+002  1.224619e-004 -1.471606e-004
 2.070000e+002 -6.239286e-006  3.284840e-005
 2.072500e+002  1.641879e-004 -2.985951e-005
 2.075000e+002  2.863475e-004  1.178711e-005
 2.077500e+002  2.376695e-004 -4.084726e-006
 2.080000e+002  1.961597e-004 -1.272409e-004
 2.082500e+002  1.604945e-004 -2.347894e-005
 2.085000e+002 -1.861820e-005 -6.874461e-005
 2.087500e+002  2.673523e-004  5.444370e-005
 2.090000e+002  1.626853e-004  1.661178e-004
 2.092500e+002  1.172572e-004 -3.272704e-005
 2.095000e+002  3.786616e-004  2.917636e-005
 2.097500e+002  1.047516e-004 -9.309912e-005
 2.100000e+002  2.668213e-004  6.235836e-005
 2.102500e+002  2.866772e-004 -8.009140e-005
 2.105000e+002  1.525539e-005 -8.046242e-006
 2.107500e+002  2.244316e-004  1.445787e-004
 2.110000e+002  1.368149e-004  1.803830e-004
 2.112500e+002  6.990005e-005 -2.102412e-004
 2.115000e+002 -3.341959e-005 -2.805044e-004
 2.117500e+002  2.734168e-004 -1.802634e-004
 2.120000e+002  2.900884e-004  3.792664e-005
 2.122500e+002  8.298288e-005 -1.013081e-004
 2.125000e+002  1.476355e-004  2.016908e-005
 2.127500e+002  3.380216e-004  8.313106e-006
 2.130000e+002  1.593380e-004  1.452926e-005
 2.132500e+002  6.718576e-005 -4.366755e-006
 2.135000e+002  2.760108e-004 -1.119448e-004
 2.137500e+002  2.134749e-004 -9.843981e-005
 2.140000e+002  2.375401e-004  4.358403e-005
 2.142500e+002  1.731175e-004 -3.694062e-005
 2.145000e+002  2.759429e-004 -6.582474e-005
 2.147500e+002  1.631033e-004 -1.224224e-004
 2.150000e+002  2.306141e-005 -3.338085e-005
 2.152500e+002  2.019095e-004 -3.445572e-005
 2.155000e+002  3.726059e-004 -1.030511e-004
 2.157500e+002  1.682439e-004  1.390275e-004
 2.160000e+002  1.288887e-004 -8.394777e-005
 2.162500e+002  1.998016e-004 -1.323379e-004
 2.165000e+002  2.384800e-005 -5.207113e-005
 2.167500e+002  6.860901e-005 -2.923030e-005
 2.170000e+002  1.627462e-004 -9.498528e-005
 2.172500e+002  1.082069e-004 -1.516742e-004
 2.175000e+002  2.557856e-004 -2.592083e-004
 2.177500e+002  1.576479e-004  2.565446e-005
 2.180000e+002  1.099520e-004 -1.419960e-004
 2.182500e+002  1.932833e-004  1.512461e-005
 2.185000e+002  1.962750e-004 -6.691019e-005
 2.187500e+002  2.353858e-004 -2.310890e-004
 2.190000e+002  3.188095e-004 -2.340999e-004
 2.192500e+002  1.505871e-004 -1.473056e-004
 2.195000e+002  1.515243e-004 -8.872567e-005
 2.197500e+002 -3.593943e-005 -1.552166e-006
 2.200000e+002  1.487016e-004 -1.009282e-005
 2.202500e+002  2.689333e-004 -5.021180e-005
 2.205000e+002  1.873341e-004  1.257640e-004
 2.207500e+002  2.348852e-004 -5.490810e-005
 2.210000e+002  1.990772e-004  1.533781e-004
 2.212500e+002  1.109243e-004  5.962227e-005
 2.215000e+002  2.151693e-004 -1.603300e-004
 2.217500e+002  1.429823e-004  4.345916e-005
 2.220000e+002  2.826780e-004 -7.223091e-005
 2.222500e+002  4.078155e-004 -1.206384e-004
 2.225000e+002  1.866469e-004 -8.017988e-005
 2.227500e+002  2.388505e-004  7.396246e-005
 2.230000e+002  3.157326e-005 -2.780378e-005
 2.232500e+002  6.971975e-005 -1.662126e-004
 2.235000e+002  1.771307e-004  3.315457e-005
 2.237500e+002  7.640690e-005 -4.171825e-005
 2.240000e+002  2.738923e-004  4.398110e-005
 2.242500e+002  9.602228e-005 -7.219988e-005
 2.245000e+002  1.100175e-004 -1.417346e-004
 2.247500e+002  1.490867e-004 -6.256591e-005
 2.250000e+002  2.337367e-004  8.446871e-005
 2.252500e+002  6.532693e-005 -1.746869e-004
 2.255000e+002  1.018616e-004 -8.892755e-005
 2.257500e+002  2.577470e-004  6.291727e-005
 2.260000e+002  3.214662e-004 -4.574441e-005
 2.262500e+002  2.617948e-004 -1.143297e-004
 2.265000e+002  2.127246e-004 -1.541294e-005
 2.267500e+002 -1.280708e-005  2.813664e-005
 2.270000e+002  1.787435e-004 -2.552945e-004
 2.272500e+002  1.253468e-004  5.048702e-005
 2.275000e+002  1.941372e-004 -1.806217e-005
 2.277500e+002  8.091581e-005  2.587102e-005
 2.280000e+002  9.439543e-005 -3.095020e-005
 2.282500e+002  1.706420e-004  5.414562e-008
 2.285000e+002  1.341038e-004 -8.959574e-005
 2.287500e+002 -3.520302e-005 -1.191756e-004
 2.290000e+002  1.409501e-004 -7.245802e-005
 2.292500e+002  4.336750e-004 -1.517662e-004
 2.295000e+002  2.988526e-004  7.677534e-005
 2.297500e+002  3.092955e-004 -4.171741e-005
 2.300000e+002  1.597604e-004  1.180077e-005
 2.302500e+002  3.296315e-004 -9.163800e-006
 2.305000e+002  1.859291e-004 -1.889873e-005
 2.307500e+002  3.064037e-004 -2.916538e-004
 2.310000e+002  2.688104e-004 -3.297591e-005
 2.312500e+002  1.372667e-004 -2.586458e-006
 2.315000e+002  5.344170e-005  1.383532e-004
 2.317500e+002  2.854891e-004 -8.593165e-005
 2.320000e+002  2.847553e-006  1.109531e-004
 2.322500e+002  3.735178e-004  4.642961e-005
 2.325000e+002  2.636643e-004 -2.108198e-004
 2.327500e+002  3.543557e-004  8.997532e-005
 2.330000e+002  4.805794e-004 -2.845064e-004
 2.332500e+002  2.777480e-004 -1.972167e-005
 2.335000e+002  2.904818e-004  5.535831e-005
 2.337500e+002  1.772903e-004 -2.215496e-004
 2.340000e+002  1.903987e-004  7.716257e-005
 2.342500e+002  3.710039e-005 -3.006203e-004
 2.345000e+002  1.718566e-004  1.575205e-004
 2.347500e+002  2.915281e-004 -2.034511e-005
 2.350000e+002  2.613106e-004 -4.024328e-005
 2.352500e+002  1.612165e-004  9.155229e-005
 2.355000e+002  5.879534e-005 -1.999899e-004
 2.357500e+002  1.023153e-004 -2.480383e-004
 2.360000e+002  1.093749e-004 -1.896457e-004
 2.362500e+002  2.306295e-004  1.088929e-005
 2.365000e+002  3.152228e-004  1.298645e-004
 2.367500e+002  3.293370e-004 -8.852083e-005
 2.370000e+002  2.586045e-005 -5.740495e-005
 2.372500e+002  2.187359e-004  7.896266e-005
 2.375000e+002  4.567433e-004  2.074584e-004
 2.377500e+002  2.740820e-004 -2.727281e-004
 2.380000e+002  4.013990e-004 -2.430874e-005
 2.382500e+002  2.709571e-004 -2.788920e-004
 2.385000e+002  2.265270e-004 -7.201078e-005
 2.387500e+002  2.415570e-004 -1.564324e-004
 2.390000e+002  4.126582e-004 -4.111090e-006
 2.392500e+002  2.846438e-004 -6.999084e-005
 2.395000e+002  9.787060e-005 -1.884401e-004
 2.397500e+002  2.318335e-004  3.259474e-005
 2.400000e+002  3.055357e-004 -3.533749e-005
 2.402500e+002  2.664680e-004  1.806902e-004
 2.405000e+002  3.198106e-004  4.466511e-005
 2.407500e+002  3.126598e-004  4.640845e-005
 2.410000e+002  2.278060e-004  8.675756e-005
 2.412500e+002  3.504941e-004 -2.144461e-005
 2.415000e+002  2.884283e-004 -4.588642e-005
 2.417500e+002  1.917476e-004  2.384526e-004
 2.420000e+002  1.691627e-004  5.473864e-005
 2.422500e+002  9.569745e-005 -3.965028e-005
 2.425000e+002  4.825334e-004  2.467897e-005
 2.427500e+002  4.970968e-004 -1.936296e-004
 2.430000e+002  2.056190e-004 -3.732847e-005
 2.432500e+002  3.187770e-004 -9.995655e-005
 2.435000e+002  1.448572e-004 -1.279216e-004
 2.437500e+002  2.880871e-004 -6.421488e-005
 2.440000e+002  4.993896e-004  2.049662e-004
 2.442500e+002  5.447236e-004 -1.379312e-004
 2.445000e+002  9.978292e-005  6.245947e-005
 2.447500e+002  1.587782e-004  3.175416e-005
 2.450000e+002  6.716343e-005  5.978017e-005
 2.452500e+002  2.880227e-004 -1.279187e-004
 2.455000e+002  3.156823e-004 -4.201814e-005
 2.457500e+002  2.385807e-004 -1.375260e-004
 2.460000e+002  1.937228e-004  6.278274e-005
 2.462500e+002  2.088898e-004 -1.717635e-004
 2.465000e+002  4.106030e-004  4.210936e-005
 2.467500e+002  7.040956e-005 -6.603044e-005
 2.470000e+002  1.297368e-004 -1.569774e-005
 2.472500e+002  1.434930e-004 -1.279339e-004
 2.475000e+002  1.834162e-004 -2.127941e-004
 2.477500e+002  1.343509e-004 -7.754976e-005
 2.480000e+002  2.844976e-005 -3.605909e-005
 2.482500e+002  1.643116e-004  9.230601e-005
 2.485000e+002  3.811585e-005  1.026037e-004
 2.487500e+002 -4.445407e-005 -2.429461e-004
 2.490000e+002  1.291508e-005  1.645315e-005
 2.492500e+002 -4.180744e-005  1.187434e-004
 2.495000e+002  1.312596e-004  2.560700e-004
 2.497500e+002  2.541887e-004  1.019356e-004
 2.500000e+002  2.768794e-004 -6.922256e-005
 2.502500e+002  2.295536e-004  2.364444e-005
 2.505000e+002  3.773360e-005  2.077225e-004
 2.507500e+002  1.244117e-004  1.360554e-004
 2.510000e+002  3.848767e-005 -2.474258e-005
 2.512500e+002  1.848323e-004  1.826075e-005
 2.515000e+002  6.986672e-005  2.814002e-005
 2.517500e+002  1.634226e-004  1.442408e-004
 2.520000e+002  8.529969e-005 -4.255188e-005
 2.522500e+002  1.829243e-004  1.524004e-004
 2.525000e+002 -1.066249e-004 -2.754717e-006
 2.527500e+002 -1.360298e-004 -1.352116e-004
 2.530000e+002  1.368454e-005  2.576154e-004
 2.532500e+002  1.058092e-004  1.565786e-005
 2.535000e+002  7.575584e-005 -5.560704e-005
 2.537500e+002  1.292721e-004  7.661990e-005
 2.540000e+002  1.681946e-004 -1.326936e-005
 2.542500e+002  6.436985e-005 -2.784235e-005
 2.545000e+002  6.112424e-005  1.669587e-004
 2.547500e+002 -2.520962e-005 -1.969463e-005
 2.550000e+002  3.642272e-005  1.608259e-004
 2.552500e+002  1.786793e-004 -8.366115e-005
 2.555000e+002 -6.554639e-005 -1.261092e-004
 2.557500e+002 -8.572226e-005  3.269695e-005
 2.560000e+002  2.554170e-004 -2.401562e-009
