 0.000000e+000  9.667943e-001  0.000000e+000
 2.500000e-001  4.619512e-001  0.000000e+000
 5.000000e-001  2.919048e-002  0.000000e+000
 7.500000e-001  5.123692e-001  0.000000e+000
 1.000000e+000  7.563269e-001  0.000000e+000
 1.250000e+000  7.285011e-001  0.000000e+000
 1.500000e+000  8.428150e-001  0.000000e+000
 1.750000e+000  7.148815e-001  0.000000e+000
 2.000000e+000  5.852504e-001  0.000000e+000
 2.250000e+000  7.761326e-001  0.000000e+000
 2.500000e+000  8.104664e-001  0.000000e+000
 2.750000e+000  7.180665e-001  0.000000e+000
 3.000000e+000  7.508795e-001  0.000000e+000
 3.250000e+000  6.324156e-001  0.000000e+000
 3.500000e+000  7.826816e-001  0.000000e+000
 3.750000e+000  7.308296e-001  0.000000e+000
 4.000000e+000  3.247011e-001  0.000000e+000
 4.250000e+000  3.573938e-001  0.000000e+000
 4.500000e+000  7.529237e-001  0.000000e+000
 4.750000e+000  8.807617e-001  0.000000e+000
 5.000000e+000  9.251712e-001  0.000000e+000
 5.250000e+000  9.343665e-001  0.000000e+000
 5.500000e+000  9.749911e-001  0.000000e+000
 5.750000e+000  9.657564e-001  0.000000e+000
 6.000000e+000  9.099203e-001  0.000000e+000
 6.250000e+000  9.706700e-001  0.000000e+000
 6.500000e+000  9.737446e-001  0.000000e+000
 6.750000e+000  9.862748e-001  0.000000e+000
 7.000000e+000  9.803349e-001  0.000000e+000
 7.250000e+000  9.757823e-001  0.000000e+000
 7.500000e+000  9.769230e-001  0.000000e+000
 7.750000e+000  9.849718e-001  0.000000e+000
 8.000000e+000  9.779553e-001  0.000000e+000
 8.250000e+000  9.789755e-001  0.000000e+000
 8.500000e+000  9.832023e-001  0.000000e+000
 8.750000e+000  9.857780e-001  0.000000e+000
 9.000000e+000  9.898442e-001  0.000000e+000
 9.250000e+000  9.776020e-001  0.000000e+000
 9.500000e+000  9.669475e-001  0.000000e+000
 9.750000e+000  9.774398e-001  0.000000e+000
 1.000000e+001  9.915258e-001  0.000000e+000
 1.025000e+001  9.827695e-001  0.000000e+000
 1.050000e+001  9.844099e-001  0.000000e+000
 1.075000e+001  9.848366e-001  0.000000e+000
 1.100000e+001  9.883491e-001  0.000000e+000
 1.125000e+001  9.838207e-001  0.000000e+000
 1.150000e+001  9.949197e-001  0.000000e+000
 1.175000e+001  9.945969e-001  0.000000e+000
 1.200000e+001  9.869339e-001  0.000000e+000
 1.225000e+001  9.864727e-001  0.000000e+000
 1.250000e+001  9.881265e-001  0.000000e+000
 1.275000e+001  9.772977e-001  0.000000e+000
 1.300000e+001  9.901506e-001  0.000000e+000
 1.325000e+001  9.873825e-001  0.000000e+000
 1.350000e+001  9.826501e-001  0.000000e+000
 1.375000e+001  9.883303e-001  0.000000e+000
 1.400000e+001  9.906371e-001  0.000000e+000
 1.425000e+001  9.889851e-001  0.000000e+000
 1.450000e+001  9.867370e-001  0.000000e+000
 1.475000e+001  9.889318e-001  0.000000e+000
 1.500000e+001  9.976801e-001  0.000000e+000
 1.525000e+001  9.852483e-001  0.000000e+000
 1.550000e+001  9.881359e-001  0.000000e+000
 1.575000e+001  9.895905e-001  0.000000e+000
 1.600000e+001  9.913955e-001  0.000000e+000
 1.625000e+001  9.905674e-001  0.000000e+000
 1.650000e+001  9.870016e-001  0.000000e+000
 1.675000e+001  9.911532e-001  0.000000e+000
 1.700000e+001  9.911563e-001  0.000000e+000
 1.725000e+001  9.913135e-001  0.000000e+000
 1.750000e+001  9.923371e-001  0.000000e+000
 1.775000e+001  9.913075e-001  0.000000e+000
 1.800000e+001  9.890262e-001  0.000000e+000
 1.825000e+001  9.821963e-001  0.000000e+000
 1.850000e+001  9.950767e-001  0.000000e+000
 1.875000e+001  9.888898e-001  0.000000e+000
 1.900000e+001  9.870781e-001  0.000000e+000
 1.925000e+001  9.958131e-001  0.000000e+000
 1.950000e+001  9.888018e-001  0.000000e+000
 1.975000e+001  9.897940e-001  0.000000e+000
 2.000000e+001  9.905652e-001  0.000000e+000
 2.025000e+001  9.953689e-001  0.000000e+000
 2.050000e+001  9.965043e-001  0.000000e+000
 2.075000e+001  9.955255e-001  0.000000e+000
 2.100000e+001  9.928309e-001  0.000000e+000
 2.125000e+001  9.910567e-001  0.000000e+000
 2.150000e+001  9.937789e-001  0.000000e+000
 2.175000e+001  9.951299e-001  0.000000e+000
 2.200000e+001  9.984018e-001  0.000000e+000
 2.225000e+001  9.929009e-001  0.000000e+000
 2.250000e+001  9.868235e-001  0.000000e+000
 2.275000e+001  9.685214e-001  0.000000e+000
 2.300000e+001  9.919530e-001  0.000000e+000
 2.325000e+001  9.934217e-001  0.000000e+000
 2.350000e+001  9.935982e-001  0.000000e+000
 2.375000e+001  9.947012e-001  0.000000e+000
 2.400000e+001  9.904335e-001  0.000000e+000
 2.425000e+001  9.935093e-001  0.000000e+000
 2.450000e+001  9.924247e-001  0.000000e+000
 2.475000e+001  9.883038e-001  0.000000e+000
 2.500000e+001  9.927222e-001  0.000000e+000
 2.525000e+001  9.909962e-001  0.000000e+000
 2.550000e+001  9.888642e-001  0.000000e+000
 2.575000e+001  9.895948e-001  0.000000e+000
 2.600000e+001  9.927936e-001  0.000000e+000
 2.625000e+001  9.902475e-001  0.000000e+000
 2.650000e+001  9.852540e-001  0.000000e+000
 2.675000e+001  9.921279e-001  0.000000e+000
 2.700000e+001  9.921389e-001  0.000000e+000
 2.725000e+001  9.936517e-001  0.000000e+000
 2.750000e+001  9.898907e-001  0.000000e+000
 2.775000e+001  9.888490e-001  0.000000e+000
 2.800000e+001  9.894155e-001  0.000000e+000
 2.825000e+001  9.918572e-001  0.000000e+000
 2.850000e+001  9.926574e-001  0.000000e+000
 2.875000e+001  9.924462e-001  0.000000e+000
 2.900000e+001  9.821922e-001  0.000000e+000
 2.925000e+001  9.866884e-001  0.000000e+000
 2.950000e+001  9.935332e-001  0.000000e+000
 2.975000e+001  9.854798e-001  0.000000e+000
 3.000000e+001  9.919462e-001  0.000000e+000
 3.025000e+001  9.805549e-001  0.000000e+000
 3.050000e+001  9.903919e-001  0.000000e+000
 3.075000e+001  9.851273e-001  0.000000e+000
 3.100000e+001  9.841959e-001  0.000000e+000
 3.125000e+001  9.883106e-001  0.000000e+000
 3.150000e+001  9.936365e-001  0.000000e+000
 3.175000e+001  9.876022e-001  0.000000e+000
 3.200000e+001  9.830215e-001  0.000000e+000
 3.225000e+001  9.811638e-001  0.000000e+000
 3.250000e+001  9.735685e-001  0.000000e+000
 3.275000e+001  9.823747e-001  0.000000e+000
 3.300000e+001  9.719405e-001  0.000000e+000
 3.325000e+001  9.775804e-001  0.000000e+000
 3.350000e+001  9.726809e-001  0.000000e+000
 3.375000e+001  9.779624e-001  0.000000e+000
 3.400000e+001  9.603628e-001  0.000000e+000
 3.425000e+001  9.630874e-001  0.000000e+000
 3.450000e+001  9.715711e-001  0.000000e+000
 3.475000e+001  9.781331e-001  0.000000e+000
 3.500000e+001  9.801660e-001  0.000000e+000
 3.525000e+001  9.513273e-001  0.000000e+000
 3.550000e+001  9.678530e-001  0.000000e+000
 3.575000e+001  9.399759e-001  0.000000e+000
 3.600000e+001  9.698413e-001  0.000000e+000
 3.625000e+001  9.514571e-001  0.000000e+000
 3.650000e+001  9.606934e-001  0.000000e+000
 3.675000e+001  9.474990e-001  0.000000e+000
 3.700000e+001  9.476193e-001  0.000000e+000
 3.725000e+001  8.858624e-001  0.000000e+000
 3.750000e+001  9.617308e-001  0.000000e+000
 3.775000e+001  9.439603e-001  0.000000e+000
 3.800000e+001  9.289475e-001  0.000000e+000
 3.825000e+001  8.906778e-001  0.000000e+000
 3.850000e+001  9.576992e-001  0.000000e+000
 3.875000e+001  8.753583e-001  0.000000e+000
 3.900000e+001  9.430228e-001  0.000000e+000
 3.925000e+001  9.207970e-001  0.000000e+000
 3.950000e+001  8.719175e-001  0.000000e+000
 3.975000e+001  9.235889e-001  0.000000e+000
 4.000000e+001  9.034062e-001  0.000000e+000
 4.025000e+001  9.294519e-001  0.000000e+000
 4.050000e+001  8.942075e-001  0.000000e+000
 4.075000e+001  8.650279e-001  0.000000e+000
 4.100000e+001  9.435692e-001  0.000000e+000
 4.125000e+001  8.825478e-001  0.000000e+000
 4.150000e+001  8.575181e-001  0.000000e+000
 4.175000e+001  7.803635e-001  0.000000e+000
 4.200000e+001  8.240681e-001  0.000000e+000
 4.225000e+001  8.551714e-001  0.000000e+000
 4.250000e+001  8.613413e-001  0.000000e+000
 4.275000e+001  8.157570e-001  0.000000e+000
 4.300000e+001  7.826205e-001  0.000000e+000
 4.325000e+001  8.762224e-001  0.000000e+000
 4.350000e+001  7.758837e-001  0.000000e+000
 4.375000e+001  7.627997e-001  0.000000e+000
 4.400000e+001  7.366776e-001  0.000000e+000
 4.425000e+001  8.189552e-001  0.000000e+000
 4.450000e+001  7.466659e-001  0.000000e+000
 4.475000e+001  7.163275e-001  0.000000e+000
 4.500000e+001  7.184453e-001  0.000000e+000
 4.525000e+001  4.922331e-001  0.000000e+000
 4.550000e+001  6.872587e-001  0.000000e+000
 4.575000e+001  7.100818e-001  0.000000e+000
 4.600000e+001  6.521637e-001  0.000000e+000
 4.625000e+001  5.934411e-001  0.000000e+000
 4.650000e+001  7.676560e-001  0.000000e+000
 4.675000e+001  5.868614e-001  0.000000e+000
 4.700000e+001  3.346995e-001  0.000000e+000
 4.725000e+001  2.944850e-001  0.000000e+000
 4.750000e+001  5.733906e-001  0.000000e+000
 4.775000e+001  4.934191e-001  0.000000e+000
 4.800000e+001  4.774415e-001  0.000000e+000
 4.825000e+001  3.122286e-001  0.000000e+000
 4.850000e+001  5.118917e-001  0.000000e+000
 4.875000e+001  2.691394e-001  0.000000e+000
 4.900000e+001  6.072316e-001  0.000000e+000
 4.925000e+001  4.694947e-001  0.000000e+000
 4.950000e+001  2.683684e-001  0.000000e+000
 4.975000e+001  3.451190e-001  0.000000e+000
 5.000000e+001  4.865613e-001  0.000000e+000
 5.025000e+001  1.933513e-001  0.000000e+000
 5.050000e+001  2.066837e-001  0.000000e+000
 5.075000e+001  3.711900e-001  0.000000e+000
 5.100000e+001  5.404219e-001  0.000000e+000
 5.125000e+001  4.950364e-001  0.000000e+000
 5.150000e+001  2.832103e-001  0.000000e+000
 5.175000e+001  4.958844e-002  0.000000e+000
 5.200000e+001  4.368523e-001  0.000000e+000
 5.225000e+001  3.719844e-002  0.000000e+000
 5.250000e+001  4.074673e-001  0.000000e+000
 5.275000e+001  1.146111e-001  0.000000e+000
 5.300000e+001  3.685759e-001  0.000000e+000
 5.325000e+001  3.850495e-001  0.000000e+000
 5.350000e+001  1.694789e-001  0.000000e+000
 5.375000e+001  4.810237e-001  0.000000e+000
 5.400000e+001  3.995564e-001  0.000000e+000
 5.425000e+001  5.022961e-001  0.000000e+000
 5.450000e+001  3.356682e-001  0.000000e+000
 5.475000e+001  5.940219e-001  0.000000e+000
 5.500000e+001  5.370689e-001  0.000000e+000
 5.525000e+001  5.933288e-001  0.000000e+000
 5.550000e+001  5.241325e-001  0.000000e+000
 5.575000e+001  6.581852e-001  0.000000e+000
 5.600000e+001  5.508251e-001  0.000000e+000
 5.625000e+001  5.105377e-001  0.000000e+000
 5.650000e+001  3.060102e-001  0.000000e+000
 5.675000e+001  2.310572e-001  0.000000e+000
 5.700000e+001  1.188344e-001  0.000000e+000
 5.725000e+001  6.240545e-001  0.000000e+000
 5.750000e+001  7.164736e-001  0.000000e+000
 5.775000e+001  4.527646e-001  0.000000e+000
 5.800000e+001  7.379230e-001  0.000000e+000
 5.825000e+001  8.327752e-001  0.000000e+000
 5.850000e+001  5.731474e-001  0.000000e+000
 5.875000e+001  5.976463e-001  0.000000e+000
 5.900000e+001  7.270647e-001  0.000000e+000
 5.925000e+001  8.013688e-001  0.000000e+000
 5.950000e+001  7.127935e-001  0.000000e+000
 5.975000e+001  8.216685e-001  0.000000e+000
 6.000000e+001  6.777462e-001  0.000000e+000
 6.025000e+001  7.001453e-001  0.000000e+000
 6.050000e+001  7.659277e-001  0.000000e+000
 6.075000e+001  7.582316e-001  0.000000e+000
 6.100000e+001  8.148566e-001  0.000000e+000
 6.125000e+001  8.189907e-001  0.000000e+000
 6.150000e+001  9.113358e-001  0.000000e+000
 6.175000e+001  8.648604e-001  0.000000e+000
 6.200000e+001  9.033862e-001  0.000000e+000
 6.225000e+001  8.470394e-001  0.000000e+000
 6.250000e+001  8.706307e-001  0.000000e+000
 6.275000e+001  8.687660e-001  0.000000e+000
 6.300000e+001  9.259237e-001  0.000000e+000
 6.325000e+001  9.350013e-001  0.000000e+000
 6.350000e+001  9.126498e-001  0.000000e+000
 6.375000e+001  9.187188e-001  0.000000e+000
 6.400000e+001  8.908616e-001  0.000000e+000
 6.425000e+001  9.199525e-001  0.000000e+000
 6.450000e+001  9.502757e-001  0.000000e+000
 6.475000e+001  8.700365e-001  0.000000e+000
 6.500000e+001  9.221863e-001  0.000000e+000
 6.525000e+001  9.025255e-001  0.000000e+000
 6.550000e+001  8.519426e-001  0.000000e+000
 6.575000e+001  9.546948e-001  0.000000e+000
 6.600000e+001  9.581194e-001  0.000000e+000
 6.625000e+001  9.383527e-001  0.000000e+000
 6.650000e+001  9.322912e-001  0.000000e+000
 6.675000e+001  9.271995e-001  0.000000e+000
 6.700000e+001  9.212497e-001  0.000000e+000
 6.725000e+001  9.472985e-001  0.000000e+000
 6.750000e+001  9.533942e-001  0.000000e+000
 6.775000e+001  9.515906e-001  0.000000e+000
 6.800000e+001  9.471079e-001  0.000000e+000
 6.825000e+001  9.694542e-001  0.000000e+000
 6.850000e+001  9.698611e-001  0.000000e+000
 6.875000e+001  9.683585e-001  0.000000e+000
 6.900000e+001  9.725422e-001  0.000000e+000
 6.925000e+001  9.665670e-001  0.000000e+000
 6.950000e+001  9.739679e-001  0.000000e+000
 6.975000e+001  9.604662e-001  0.000000e+000
 7.000000e+001  9.679355e-001  0.000000e+000
 7.025000e+001  9.413221e-001  0.000000e+000
 7.050000e+001  9.809303e-001  0.000000e+000
 7.075000e+001  9.557511e-001  0.000000e+000
 7.100000e+001  9.667192e-001  0.000000e+000
 7.125000e+001  9.766989e-001  0.000000e+000
 7.150000e+001  9.779447e-001  0.000000e+000
 7.175000e+001  9.863549e-001  0.000000e+000
 7.200000e+001  9.742182e-001  0.000000e+000
 7.225000e+001  9.794584e-001  0.000000e+000
 7.250000e+001  9.844174e-001  0.000000e+000
 7.275000e+001  9.771287e-001  0.000000e+000
 7.300000e+001  9.780895e-001  0.000000e+000
 7.325000e+001  9.918768e-001  0.000000e+000
 7.350000e+001  9.885759e-001  0.000000e+000
 7.375000e+001  9.904115e-001  0.000000e+000
 7.400000e+001  9.736393e-001  0.000000e+000
 7.425000e+001  9.921489e-001  0.000000e+000
 7.450000e+001  9.874210e-001  0.000000e+000
 7.475000e+001  9.882413e-001  0.000000e+000
 7.500000e+001  9.891359e-001  0.000000e+000
 7.525000e+001  9.945588e-001  0.000000e+000
 7.550000e+001  9.951983e-001  0.000000e+000
 7.575000e+001  9.908928e-001  0.000000e+000
 7.600000e+001  9.936952e-001  0.000000e+000
 7.625000e+001  9.944371e-001  0.000000e+000
 7.650000e+001  9.953173e-001  0.000000e+000
 7.675000e+001  9.928069e-001  0.000000e+000
 7.700000e+001  9.960234e-001  0.000000e+000
 7.725000e+001  9.942802e-001  0.000000e+000
 7.750000e+001  9.951377e-001  0.000000e+000
 7.775000e+001  9.949179e-001  0.000000e+000
 7.800000e+001  9.950282e-001  0.000000e+000
 7.825000e+001  9.898208e-001  0.000000e+000
 7.850000e+001  9.935960e-001  0.000000e+000
 7.875000e+001  9.939355e-001  0.000000e+000
 7.900000e+001  9.867800e-001  0.000000e+000
 7.925000e+001  9.801893e-001  0.000000e+000
 7.950000e+001  9.863099e-001  0.000000e+000
 7.975000e+001  9.905668e-001  0.000000e+000
 8.000000e+001  9.932027e-001  0.000000e+000
 8.025000e+001  9.929994e-001  0.000000e+000
 8.050000e+001  9.936505e-001  0.000000e+000
 8.075000e+001  9.942529e-001  0.000000e+000
 8.100000e+001  9.945498e-001  0.000000e+000
 8.125000e+001  9.912360e-001  0.000000e+000
 8.150000e+001  9.956797e-001  0.000000e+000
 8.175000e+001  9.918483e-001  0.000000e+000
 8.200000e+001  9.965127e-001  0.000000e+000
 8.225000e+001  9.966416e-001  0.000000e+000
 8.250000e+001  9.928110e-001  0.000000e+000
 8.275000e+001  9.898059e-001  0.000000e+000
 8.300000e+001  9.944569e-001  0.000000e+000
 8.325000e+001  9.930339e-001  0.000000e+000
 8.350000e+001  9.927180e-001  0.000000e+000
 8.375000e+001  9.893602e-001  0.000000e+000
 8.400000e+001  9.914405e-001  0.000000e+000
 8.425000e+001  9.871640e-001  0.000000e+000
 8.450000e+001  9.868968e-001  0.000000e+000
 8.475000e+001  9.868746e-001  0.000000e+000
 8.500000e+001  9.871423e-001  0.000000e+000
 8.525000e+001  9.899378e-001  0.000000e+000
 8.550000e+001  9.840173e-001  0.000000e+000
 8.575000e+001  9.857921e-001  0.000000e+000
 8.600000e+001  9.832681e-001  0.000000e+000
 8.625000e+001  9.827150e-001  0.000000e+000
 8.650000e+001  9.785010e-001  0.000000e+000
 8.675000e+001  9.902365e-001  0.000000e+000
 8.700000e+001  9.826075e-001  0.000000e+000
 8.725000e+001  9.852434e-001  0.000000e+000
 8.750000e+001  9.723520e-001  0.000000e+000
 8.775000e+001  9.800532e-001  0.000000e+000
 8.800000e+001  9.822649e-001  0.000000e+000
 8.825000e+001  9.742242e-001  0.000000e+000
 8.850000e+001  9.781755e-001  0.000000e+000
 8.875000e+001  9.839109e-001  0.000000e+000
 8.900000e+001  9.814833e-001  0.000000e+000
 8.925000e+001  9.692491e-001  0.000000e+000
 8.950000e+001  9.596232e-001  0.000000e+000
 8.975000e+001  9.563494e-001  0.000000e+000
 9.000000e+001  9.660559e-001  0.000000e+000
 9.025000e+001  9.386336e-001  0.000000e+000
 9.050000e+001  9.774581e-001  0.000000e+000
 9.075000e+001  9.662649e-001  0.000000e+000
 9.100000e+001  9.357907e-001  0.000000e+000
 9.125000e+001  9.707758e-001  0.000000e+000
 9.150000e+001  9.225062e-001  0.000000e+000
 9.175000e+001  9.506664e-001  0.000000e+000
 9.200000e+001  9.491373e-001  0.000000e+000
 9.225000e+001  9.511113e-001  0.000000e+000
 9.250000e+001  9.645768e-001  0.000000e+000
 9.275000e+001  9.784165e-001  0.000000e+000
 9.300000e+001  9.585507e-001  0.000000e+000
 9.325000e+001  9.657602e-001  0.000000e+000
 9.350000e+001  9.126472e-001  0.000000e+000
 9.375000e+001  9.260084e-001  0.000000e+000
 9.400000e+001  9.535651e-001  0.000000e+000
 9.425000e+001  9.513837e-001  0.000000e+000
 9.450000e+001  9.334734e-001  0.000000e+000
 9.475000e+001  9.094272e-001  0.000000e+000
 9.500000e+001  9.166029e-001  0.000000e+000
 9.525000e+001  9.455082e-001  0.000000e+000
 9.550000e+001  9.458587e-001  0.000000e+000
 9.575000e+001  9.332028e-001  0.000000e+000
 9.600000e+001  9.189125e-001  0.000000e+000
 9.625000e+001  9.468092e-001  0.000000e+000
 9.650000e+001  9.213169e-001  0.000000e+000
 9.675000e+001  9.489046e-001  0.000000e+000
 9.700000e+001  9.374182e-001  0.000000e+000
 9.725000e+001  8.821747e-001  0.000000e+000
 9.750000e+001  9.044576e-001  0.000000e+000
 9.775000e+001  9.262198e-001  0.000000e+000
 9.800000e+001  9.439527e-001  0.000000e+000
 9.825000e+001  9.400228e-001  0.000000e+000
 9.850000e+001  8.710802e-001  0.000000e+000
 9.875000e+001  9.484336e-001  0.000000e+000
 9.900000e+001  8.508469e-001  0.000000e+000
 9.925000e+001  9.138310e-001  0.000000e+000
 9.950000e+001  9.181849e-001  0.000000e+000
 9.975000e+001  9.669819e-001  0.000000e+000
 1.000000e+002  7.712477e-001  0.000000e+000
 1.002500e+002  9.327586e-001  0.000000e+000
 1.005000e+002  8.135043e-001  0.000000e+000
 1.007500e+002  8.753666e-001  0.000000e+000
 1.010000e+002  8.750749e-001  0.000000e+000
 1.012500e+002  8.630896e-001  0.000000e+000
 1.015000e+002  8.321906e-001  0.000000e+000
 1.017500e+002  9.115436e-001  0.000000e+000
 1.020000e+002  8.636497e-001  0.000000e+000
 1.022500e+002  8.795269e-001  0.000000e+000
 1.025000e+002  9.263002e-001  0.000000e+000
 1.027500e+002  8.811402e-001  0.000000e+000
 1.030000e+002  8.629279e-001  0.000000e+000
 1.032500e+002  9.295138e-001  0.000000e+000
 1.035000e+002  7.456799e-001  0.000000e+000
 1.037500e+002  9.253232e-001  0.000000e+000
 1.040000e+002  7.881933e-001  0.000000e+000
 1.042500e+002  8.216389e-001  0.000000e+000
 1.045000e+002  9.359704e-001  0.000000e+000
 1.047500e+002  8.814730e-001  0.000000e+000
 1.050000e+002  8.303593e-001  0.000000e+000
 1.052500e+002  8.777522e-001  0.000000e+000
 1.055000e+002  8.751512e-001  0.000000e+000
 1.057500e+002  8.546977e-001  0.000000e+000
 1.060000e+002  8.464479e-001  0.000000e+000
 1.062500e+002  8.194456e-001  0.000000e+000
 1.065000e+002  7.299594e-001  0.000000e+000
 1.067500e+002  8.024033e-001  0.000000e+000
 1.070000e+002  7.193511e-001  0.000000e+000
 1.072500e+002  8.514776e-001  0.000000e+000
 1.075000e+002  8.042540e-001  0.000000e+000
 1.077500e+002  8.086402e-001  0.000000e+000
 1.080000e+002  7.855774e-001  0.000000e+000
 1.082500e+002  8.917623e-001  0.000000e+000
 1.085000e+002  8.580377e-001  0.000000e+000
 1.087500e+002  7.924195e-001  0.000000e+000
 1.090000e+002  8.275172e-001  0.000000e+000
 1.092500e+002  7.440146e-001  0.000000e+000
 1.095000e+002  8.084028e-001  0.000000e+000
 1.097500e+002  8.289261e-001  0.000000e+000
 1.100000e+002  8.501873e-001  0.000000e+000
 1.102500e+002  8.048595e-001  0.000000e+000
 1.105000e+002  8.385477e-001  0.000000e+000
 1.107500e+002  7.797592e-001  0.000000e+000
 1.110000e+002  8.392432e-001  0.000000e+000
 1.112500e+002  8.180127e-001  0.000000e+000
 1.115000e+002  7.169268e-001  0.000000e+000
 1.117500e+002  7.147717e-001  0.000000e+000
 1.120000e+002  6.418878e-001  0.000000e+000
 1.122500e+002  6.317157e-001  0.000000e+000
 1.125000e+002  5.737861e-001  0.000000e+000
 1.127500e+002  8.342764e-001  0.000000e+000
 1.130000e+002  7.600529e-001  0.000000e+000
 1.132500e+002  7.105925e-001  0.000000e+000
 1.135000e+002  7.993711e-001  0.000000e+000
 1.137500e+002  7.568713e-001  0.000000e+000
 1.140000e+002  8.312013e-001  0.000000e+000
 1.142500e+002  5.691327e-001  0.000000e+000
 1.145000e+002  7.303811e-001  0.000000e+000
 1.147500e+002  8.307374e-001  0.000000e+000
 1.150000e+002  6.732841e-001  0.000000e+000
 1.152500e+002  7.732161e-001  0.000000e+000
 1.155000e+002  8.412980e-001  0.000000e+000
 1.157500e+002  7.930939e-001  0.000000e+000
 1.160000e+002  6.957882e-001  0.000000e+000
 1.162500e+002  6.728399e-001  0.000000e+000
 1.165000e+002  6.011346e-001  0.000000e+000
 1.167500e+002  7.810256e-001  0.000000e+000
 1.170000e+002  6.988642e-001  0.000000e+000
 1.172500e+002  8.131948e-001  0.000000e+000
 1.175000e+002  5.342975e-001  0.000000e+000
 1.177500e+002  7.880404e-001  0.000000e+000
 1.180000e+002  7.026768e-001  0.000000e+000
 1.182500e+002  5.687927e-001  0.000000e+000
 1.185000e+002  6.515585e-001  0.000000e+000
 1.187500e+002  8.216342e-001  0.000000e+000
 1.190000e+002  7.201445e-001  0.000000e+000
 1.192500e+002  6.681381e-001  0.000000e+000
 1.195000e+002  7.191194e-001  0.000000e+000
 1.197500e+002  5.618465e-001  0.000000e+000
 1.200000e+002  6.338418e-001  0.000000e+000
 1.202500e+002  5.930038e-001  0.000000e+000
 1.205000e+002  6.665937e-001  0.000000e+000
 1.207500e+002  7.909907e-001  0.000000e+000
 1.210000e+002  7.324956e-001  0.000000e+000
 1.212500e+002  8.379834e-001  0.000000e+000
 1.215000e+002  4.590323e-001  0.000000e+000
 1.217500e+002  6.124275e-001  0.000000e+000
 1.220000e+002  6.633833e-001  0.000000e+000
 1.222500e+002  4.800638e-001  0.000000e+000
 1.225000e+002  4.749371e-001  0.000000e+000
 1.227500e+002  4.590654e-001  0.000000e+000
 1.230000e+002  5.927880e-001  0.000000e+000
 1.232500e+002  6.040165e-001  0.000000e+000
 1.235000e+002  6.965208e-001  0.000000e+000
 1.237500e+002  5.252336e-001  0.000000e+000
 1.240000e+002  4.255275e-001  0.000000e+000
 1.242500e+002  6.160547e-001  0.000000e+000
 1.245000e+002  7.678530e-001  0.000000e+000
 1.247500e+002  4.140008e-001  0.000000e+000
 1.250000e+002  7.042167e-001  0.000000e+000
 1.252500e+002  6.120732e-001  0.000000e+000
 1.255000e+002  7.162392e-001  0.000000e+000
 1.257500e+002  5.718952e-001  0.000000e+000
 1.260000e+002  6.938482e-001  0.000000e+000
 1.262500e+002  4.883561e-001  0.000000e+000
 1.265000e+002  6.165250e-001  0.000000e+000
 1.267500e+002  5.826764e-001  0.000000e+000
 1.270000e+002  7.024218e-001  0.000000e+000
 1.272500e+002  4.378813e-001  0.000000e+000
 1.275000e+002  4.638543e-001  0.000000e+000
 1.277500e+002  7.314058e-001  0.000000e+000
 1.280000e+002  7.480850e-001  0.000000e+000
 1.282500e+002  5.878879e-001  0.000000e+000
 1.285000e+002  6.975535e-001  0.000000e+000
 1.287500e+002  6.152182e-001  0.000000e+000
 1.290000e+002  6.848957e-001  0.000000e+000
 1.292500e+002  7.223372e-001  0.000000e+000
 1.295000e+002  7.339690e-001  0.000000e+000
 1.297500e+002  8.754746e-001  0.000000e+000
 1.300000e+002  4.307964e-001  0.000000e+000
 1.302500e+002  4.543909e-001  0.000000e+000
 1.305000e+002  6.534592e-001  0.000000e+000
 1.307500e+002  5.464414e-001  0.000000e+000
 1.310000e+002  6.771584e-001  0.000000e+000
 1.312500e+002  5.379861e-001  0.000000e+000
 1.315000e+002  6.647862e-001  0.000000e+000
 1.317500e+002  6.813560e-001  0.000000e+000
 1.320000e+002  6.779847e-001  0.000000e+000
 1.322500e+002  5.952206e-001  0.000000e+000
 1.325000e+002  7.192575e-001  0.000000e+000
 1.327500e+002  4.227077e-001  0.000000e+000
 1.330000e+002  5.089285e-001  0.000000e+000
 1.332500e+002  7.120234e-001  0.000000e+000
 1.335000e+002  6.057791e-001  0.000000e+000
 1.337500e+002  6.562812e-001  0.000000e+000
 1.340000e+002  5.521732e-001  0.000000e+000
 1.342500e+002  5.988488e-001  0.000000e+000
 1.345000e+002  4.441624e-001  0.000000e+000
 1.347500e+002  5.870324e-001  0.000000e+000
 1.350000e+002  6.579022e-001  0.000000e+000
 1.352500e+002  5.191249e-001  0.000000e+000
 1.355000e+002  5.855433e-001  0.000000e+000
 1.357500e+002  7.711157e-001  0.000000e+000
 1.360000e+002  7.039055e-001  0.000000e+000
 1.362500e+002  6.660632e-001  0.000000e+000
 1.365000e+002  3.714347e-001  0.000000e+000
 1.367500e+002  5.932013e-001  0.000000e+000
 1.370000e+002  5.929688e-001  0.000000e+000
 1.372500e+002  6.599356e-001  0.000000e+000
 1.375000e+002  5.690420e-001  0.000000e+000
 1.377500e+002  5.682065e-001  0.000000e+000
 1.380000e+002  6.048986e-001  0.000000e+000
 1.382500e+002  6.498338e-001  0.000000e+000
 1.385000e+002  7.956815e-001  0.000000e+000
 1.387500e+002  5.500073e-001  0.000000e+000
 1.390000e+002  7.570685e-001  0.000000e+000
 1.392500e+002  5.676233e-001  0.000000e+000
 1.395000e+002  3.039695e-001  0.000000e+000
 1.397500e+002  5.277581e-001  0.000000e+000
 1.400000e+002  4.523229e-001  0.000000e+000
 1.402500e+002  2.376286e-001  0.000000e+000
 1.405000e+002  5.167944e-001  0.000000e+000
 1.407500e+002  6.803465e-001  0.000000e+000
 1.410000e+002  7.051719e-001  0.000000e+000
 1.412500e+002  3.848907e-001  0.000000e+000
 1.415000e+002  4.919001e-001  0.000000e+000
 1.417500e+002  4.978087e-001  0.000000e+000
 1.420000e+002  6.732370e-001  0.000000e+000
 1.422500e+002  2.175638e-001  0.000000e+000
 1.425000e+002  2.960517e-001  0.000000e+000
 1.427500e+002  2.084154e-001  0.000000e+000
 1.430000e+002  6.497607e-001  0.000000e+000
 1.432500e+002  7.714179e-001  0.000000e+000
 1.435000e+002  7.651997e-001  0.000000e+000
 1.437500e+002  5.651813e-001  0.000000e+000
 1.440000e+002  7.832505e-001  0.000000e+000
 1.442500e+002  5.796431e-001  0.000000e+000
 1.445000e+002  6.619968e-001  0.000000e+000
 1.447500e+002  3.279403e-001  0.000000e+000
 1.450000e+002  6.118731e-001  0.000000e+000
 1.452500e+002  6.279922e-001  0.000000e+000
 1.455000e+002  5.132706e-001  0.000000e+000
 1.457500e+002  2.952700e-001  0.000000e+000
 1.460000e+002  5.054036e-001  0.000000e+000
 1.462500e+002  5.876508e-001  0.000000e+000
 1.465000e+002  4.772527e-001  0.000000e+000
 1.467500e+002  3.346722e-001  0.000000e+000
 1.470000e+002  5.264441e-001  0.000000e+000
 1.472500e+002  6.959936e-001  0.000000e+000
 1.475000e+002  3.622805e-001  0.000000e+000
 1.477500e+002  7.071902e-001  0.000000e+000
 1.480000e+002  5.259653e-001  0.000000e+000
 1.482500e+002  8.155470e-001  0.000000e+000
 1.485000e+002  4.490341e-001  0.000000e+000
 1.487500e+002  5.584157e-001  0.000000e+000
 1.490000e+002  2.862514e-001  0.000000e+000
 1.492500e+002  6.567134e-001  0.000000e+000
 1.495000e+002  7.287419e-001  0.000000e+000
 1.497500e+002  2.436132e-001  0.000000e+000
 1.500000e+002  5.117707e-001  0.000000e+000
 1.502500e+002  5.310575e-001  0.000000e+000
 1.505000e+002  7.079691e-001  0.000000e+000
 1.507500e+002  5.308467e-001  0.000000e+000
 1.510000e+002  3.093567e-001  0.000000e+000
 1.512500e+002  7.341191e-001  0.000000e+000
 1.515000e+002  6.307041e-001  0.000000e+000
 1.517500e+002  7.232312e-001  0.000000e+000
 1.520000e+002  6.337761e-001  0.000000e+000
 1.522500e+002  4.836489e-001  0.000000e+000
 1.525000e+002  7.666433e-001  0.000000e+000
 1.527500e+002  6.317207e-001  0.000000e+000
 1.530000e+002  3.854646e-001  0.000000e+000
 1.532500e+002  5.649171e-001  0.000000e+000
 1.535000e+002  4.699472e-001  0.000000e+000
 1.537500e+002  5.847539e-001  0.000000e+000
 1.540000e+002  5.372211e-001  0.000000e+000
 1.542500e+002  4.700766e-001  0.000000e+000
 1.545000e+002  4.476480e-001  0.000000e+000
 1.547500e+002  4.415743e-001  0.000000e+000
 1.550000e+002  5.130381e-001  0.000000e+000
 1.552500e+002  2.707634e-001  0.000000e+000
 1.555000e+002  2.862214e-001  0.000000e+000
 1.557500e+002  3.086775e-001  0.000000e+000
 1.560000e+002  5.341980e-001  0.000000e+000
 1.562500e+002  6.470987e-001  0.000000e+000
 1.565000e+002  4.067421e-001  0.000000e+000
 1.567500e+002  2.772686e-001  0.000000e+000
 1.570000e+002  2.334588e-001  0.000000e+000
 1.572500e+002  3.466023e-001  0.000000e+000
 1.575000e+002  5.613819e-001  0.000000e+000
 1.577500e+002  7.911380e-002  0.000000e+000
 1.580000e+002  2.602378e-002  0.000000e+000
 1.582500e+002  2.052058e-001  0.000000e+000
 1.585000e+002  4.140140e-001  0.000000e+000
 1.587500e+002  2.399105e-001  0.000000e+000
 1.590000e+002  5.019265e-001  0.000000e+000
 1.592500e+002  3.858823e-001  0.000000e+000
 1.595000e+002  3.795694e-001  0.000000e+000
 1.597500e+002  3.730924e-001  0.000000e+000
 1.600000e+002  3.744043e-001  0.000000e+000
 1.602500e+002  4.615290e-001  0.000000e+000
 1.605000e+002  1.733162e-001  0.000000e+000
 1.607500e+002  8.670056e-001  0.000000e+000
 1.610000e+002  5.381073e-001  0.000000e+000
 1.612500e+002  1.979427e-001  0.000000e+000
 1.615000e+002  5.085089e-001  0.000000e+000
 1.617500e+002  2.552272e-001  0.000000e+000
 1.620000e+002  3.097311e-001  0.000000e+000
 1.622500e+002  8.378794e-001  0.000000e+000
 1.625000e+002  6.414607e-001  0.000000e+000
 1.627500e+002  2.044665e-001  0.000000e+000
 1.630000e+002  6.709255e-001  0.000000e+000
 1.632500e+002  3.834938e-001  0.000000e+000
 1.635000e+002  3.547651e-001  0.000000e+000
 1.637500e+002  3.222941e-001  0.000000e+000
 1.640000e+002  3.108673e-001  0.000000e+000
 1.642500e+002  4.106734e-001  0.000000e+000
 1.645000e+002  5.115604e-001  0.000000e+000
 1.647500e+002  4.292688e-001  0.000000e+000
 1.650000e+002  5.131604e-001  0.000000e+000
 1.652500e+002  4.385658e-001  0.000000e+000
 1.655000e+002  3.759925e-001  0.000000e+000
 1.657500e+002  4.638720e-001  0.000000e+000
 1.660000e+002  2.759649e-001  0.000000e+000
 1.662500e+002  3.702212e-001  0.000000e+000
 1.665000e+002  5.627489e-001  0.000000e+000
 1.667500e+002  4.330666e-001  0.000000e+000
 1.670000e+002  4.834073e-001  0.000000e+000
 1.672500e+002  5.035782e-001  0.000000e+000
 1.675000e+002  6.647462e-002  0.000000e+000
 1.677500e+002  3.393922e-001  0.000000e+000
 1.680000e+002  1.348040e-001  0.000000e+000
 1.682500e+002  3.182414e-001  0.000000e+000
 1.685000e+002  3.190504e-001  0.000000e+000
 1.687500e+002  4.025144e-001  0.000000e+000
 1.690000e+002  6.176243e-001  0.000000e+000
 1.692500e+002  2.084422e-001  0.000000e+000
 1.695000e+002  4.138139e-001  0.000000e+000
 1.697500e+002  7.748502e-002  0.000000e+000
 1.700000e+002  2.442313e-001  0.000000e+000
 1.702500e+002  1.920661e-001  0.000000e+000
 1.705000e+002  4.143320e-001  0.000000e+000
 1.707500e+002  4.282590e-001  0.000000e+000
 1.710000e+002  3.911707e-001  0.000000e+000
 1.712500e+002  4.771778e-001  0.000000e+000
 1.715000e+002  4.862126e-001  0.000000e+000
 1.717500e+002  1.884615e-001  0.000000e+000
 1.720000e+002  4.876445e-001  0.000000e+000
 1.722500e+002  4.477414e-001  0.000000e+000
 1.725000e+002  3.791380e-001  0.000000e+000
 1.727500e+002  4.717274e-002  0.000000e+000
 1.730000e+002  5.760118e-001  0.000000e+000
 1.732500e+002  5.145469e-001  0.000000e+000
 1.735000e+002  4.828183e-001  0.000000e+000
 1.737500e+002  4.214937e-001  0.000000e+000
 1.740000e+002  2.554455e-001  0.000000e+000
 1.742500e+002  3.777281e-001  0.000000e+000
 1.745000e+002  6.973416e-001  0.000000e+000
 1.747500e+002  2.312373e-001  0.000000e+000
 1.750000e+002  1.879784e-001  0.000000e+000
 1.752500e+002  4.721146e-001  0.000000e+000
 1.755000e+002  3.484175e-001  0.000000e+000
 1.757500e+002  1.892771e-001  0.000000e+000
 1.760000e+002  4.207221e-001  0.000000e+000
 1.762500e+002  2.754777e-001  0.000000e+000
 1.765000e+002  1.239088e-001  0.000000e+000
 1.767500e+002  3.623970e-001  0.000000e+000
 1.770000e+002  3.678474e-001  0.000000e+000
 1.772500e+002  4.463920e-001  0.000000e+000
 1.775000e+002  1.830720e-001  0.000000e+000
 1.777500e+002  3.642925e-001  0.000000e+000
 1.780000e+002  4.564401e-001  0.000000e+000
 1.782500e+002  3.868910e-001  0.000000e+000
 1.785000e+002  3.861132e-001  0.000000e+000
 1.787500e+002  1.166630e-001  0.000000e+000
 1.790000e+002  1.361052e-001  0.000000e+000
 1.792500e+002  4.080349e-001  0.000000e+000
 1.795000e+002  2.950685e-001  0.000000e+000
 1.797500e+002  3.837929e-001  0.000000e+000
 1.800000e+002  1.449860e-001  0.000000e+000
 1.802500e+002  4.424142e-001  0.000000e+000
 1.805000e+002  2.994151e-001  0.000000e+000
 1.807500e+002  1.873768e-001  0.000000e+000
 1.810000e+002  3.683798e-001  0.000000e+000
 1.812500e+002  6.299912e-001  0.000000e+000
 1.815000e+002  4.805084e-001  0.000000e+000
 1.817500e+002  1.701400e-001  0.000000e+000
 1.820000e+002  4.758371e-001  0.000000e+000
 1.822500e+002  2.301982e-001  0.000000e+000
 1.825000e+002  4.337606e-001  0.000000e+000
 1.827500e+002  3.710266e-001  0.000000e+000
 1.830000e+002  4.035254e-001  0.000000e+000
 1.832500e+002  2.275412e-001  0.000000e+000
 1.835000e+002  3.662206e-001  0.000000e+000
 1.837500e+002  1.562256e-001  0.000000e+000
 1.840000e+002  3.310488e-001  0.000000e+000
 1.842500e+002  3.201832e-001  0.000000e+000
 1.845000e+002  5.364375e-001  0.000000e+000
 1.847500e+002  3.342197e-001  0.000000e+000
 1.850000e+002  1.835310e-001  0.000000e+000
 1.852500e+002  3.623069e-001  0.000000e+000
 1.855000e+002  3.598853e-001  0.000000e+000
 1.857500e+002  8.729949e-002  0.000000e+000
 1.860000e+002  2.985402e-001  0.000000e+000
 1.862500e+002  3.161987e-001  0.000000e+000
 1.865000e+002  3.164840e-001  0.000000e+000
 1.867500e+002  2.776857e-001  0.000000e+000
 1.870000e+002  4.457362e-001  0.000000e+000
 1.872500e+002  3.062679e-001  0.000000e+000
 1.875000e+002  2.634993e-001  0.000000e+000
 1.877500e+002  1.091847e-001  0.000000e+000
 1.880000e+002  7.094809e-002  0.000000e+000
 1.882500e+002  1.994030e-001  0.000000e+000
 1.885000e+002  4.059454e-001  0.000000e+000
 1.887500e+002  1.055432e-001  0.000000e+000
 1.890000e+002  1.160638e-001  0.000000e+000
 1.892500e+002  1.770662e-001  0.000000e+000
 1.895000e+002  1.149157e-001  0.000000e+000
 1.897500e+002  2.092364e-002  0.000000e+000
 1.900000e+002  4.751362e-002  0.000000e+000
 1.902500e+002  1.057178e-001  0.000000e+000
 1.905000e+002  1.412586e-001  0.000000e+000
 1.907500e+002  3.203899e-002  0.000000e+000
 1.910000e+002  2.527963e-002  0.000000e+000
 1.912500e+002  5.663776e-001  0.000000e+000
 1.915000e+002  2.547765e-001  0.000000e+000
 1.917500e+002  7.116904e-002  0.000000e+000
 1.920000e+002  6.252587e-001  0.000000e+000
 1.922500e+002  9.816281e-002  0.000000e+000
 1.925000e+002  6.689674e-002  0.000000e+000
 1.927500e+002  4.035002e-001  0.000000e+000
 1.930000e+002  1.641712e-001  0.000000e+000
 1.932500e+002  1.176221e-001  0.000000e+000
 1.935000e+002  1.128654e-001  0.000000e+000
 1.937500e+002  2.257482e-001  0.000000e+000
 1.940000e+002  5.047349e-002  0.000000e+000
 1.942500e+002  2.889554e-001  0.000000e+000
 1.945000e+002  1.741652e-001  0.000000e+000
 1.947500e+002  1.930957e-001  0.000000e+000
 1.950000e+002  3.916820e-001  0.000000e+000
 1.952500e+002  1.527730e-001  0.000000e+000
 1.955000e+002  2.562213e-001  0.000000e+000
 1.957500e+002  1.280600e-001  0.000000e+000
 1.960000e+002  2.345150e-001  0.000000e+000
 1.962500e+002  6.485457e-002  0.000000e+000
 1.965000e+002  1.366764e-001  0.000000e+000
 1.967500e+002  1.478933e-001  0.000000e+000
 1.970000e+002  5.211649e-002  0.000000e+000
 1.972500e+002  1.541786e-001  0.000000e+000
 1.975000e+002  1.096068e-001  0.000000e+000
 1.977500e+002  2.527174e-001  0.000000e+000
 1.980000e+002  9.107858e-002  0.000000e+000
 1.982500e+002  3.685323e-001  0.000000e+000
 1.985000e+002  2.133448e-001  0.000000e+000
 1.987500e+002  3.062722e-001  0.000000e+000
 1.990000e+002  4.105621e-001  0.000000e+000
 1.992500e+002  6.794024e-002  0.000000e+000
 1.995000e+002  4.650825e-002  0.000000e+000
 1.997500e+002  3.181661e-001  0.000000e+000
 2.000000e+002  8.685371e-002  0.000000e+000
 2.002500e+002  4.757210e-001  0.000000e+000
 2.005000e+002  1.884507e-001  0.000000e+000
 2.007500e+002  2.142996e-001  0.000000e+000
 2.010000e+002  2.163688e-001  0.000000e+000
 2.012500e+002  1.109903e-001  0.000000e+000
 2.015000e+002  4.491825e-001  0.000000e+000
 2.017500e+002  1.812304e-001  0.000000e+000
 2.020000e+002  1.080471e-001  0.000000e+000
 2.022500e+002  2.091963e-001  0.000000e+000
 2.025000e+002  1.925423e-001  0.000000e+000
 2.027500e+002  4.967260e-002  0.000000e+000
 2.030000e+002  8.125310e-002  0.000000e+000
 2.032500e+002  3.096916e-001  0.000000e+000
 2.035000e+002  1.348257e-001  0.000000e+000
 2.037500e+002  1.658287e-001  0.000000e+000
 2.040000e+002  1.333107e-001  0.000000e+000
 2.042500e+002  3.041618e-001  0.000000e+000
 2.045000e+002  9.778234e-002  0.000000e+000
 2.047500e+002  2.506572e-002  0.000000e+000
 2.050000e+002  2.657175e-001  0.000000e+000
 2.052500e+002  1.203911e-001  0.000000e+000
 2.055000e+002  2.649283e-001  0.000000e+000
 2.057500e+002  2.337814e-002  0.000000e+000
 2.060000e+002  1.654645e-001  0.000000e+000
 2.062500e+002  1.351403e-001  0.000000e+000
 2.065000e+002  1.341010e-001  0.000000e+000
 2.067500e+002  1.450038e-001  0.000000e+000
 2.070000e+002  4.463867e-003  0.000000e+000
 2.072500e+002  1.354765e-001  0.000000e+000
 2.075000e+002  2.448162e-001  0.000000e+000
 2.077500e+002  1.420868e-001  0.000000e+000
 2.080000e+002  2.082638e-001  0.000000e+000
 2.082500e+002  8.741165e-002  0.000000e+000
 2.085000e+002  1.709023e-002  0.000000e+000
 2.087500e+002  2.572021e-001  0.000000e+000
 2.090000e+002  1.753968e-001  0.000000e+000
 2.092500e+002  1.028721e-001  0.000000e+000
 2.095000e+002  3.003109e-001  0.000000e+000
 2.097500e+002  8.297764e-002  0.000000e+000
 2.100000e+002  1.962187e-001  0.000000e+000
 2.102500e+002  3.281425e-001  0.000000e+000
 2.105000e+002  1.844054e-003  0.000000e+000
 2.107500e+002  1.687909e-001  0.000000e+000
 2.110000e+002  2.113589e-001  0.000000e+000
 2.112500e+002  1.896994e-001  0.000000e+000
 2.115000e+002  1.806344e-001  0.000000e+000
 2.117500e+002  3.035611e-001  0.000000e+000
 2.120000e+002  4.654760e-001  0.000000e+000
 2.122500e+002  9.263988e-002  0.000000e+000
 2.125000e+002  8.008566e-002  0.000000e+000
 2.127500e+002  4.973212e-001  0.000000e+000
 2.130000e+002  7.488730e-002  0.000000e+000
 2.132500e+002  2.299001e-002  0.000000e+000
 2.135000e+002  3.334902e-001  0.000000e+000
 2.137500e+002  1.258296e-001  0.000000e+000
 2.140000e+002  2.058336e-001  0.000000e+000
 2.142500e+002  8.360882e-002  0.000000e+000
 2.145000e+002  3.429979e-001  0.000000e+000
 2.147500e+002  1.729258e-001  0.000000e+000
 2.150000e+002  6.447538e-003  0.000000e+000
 2.152500e+002  1.467766e-001  0.000000e+000
 2.155000e+002  4.705763e-001  0.000000e+000
 2.157500e+002  2.834351e-001  0.000000e+000
 2.160000e+002  8.234225e-002  0.000000e+000
 2.162500e+002  2.177759e-001  0.000000e+000
 2.165000e+002  1.539898e-002  0.000000e+000
 2.167500e+002  3.307651e-002  0.000000e+000
 2.170000e+002  1.431843e-001  0.000000e+000
 2.172500e+002  1.431349e-001  0.000000e+000
 2.175000e+002  4.346309e-001  0.000000e+000
 2.177500e+002  1.298414e-001  0.000000e+000
 2.180000e+002  1.255279e-001  0.000000e+000
 2.182500e+002  1.571246e-001  0.000000e+000
 2.185000e+002  1.164726e-001  0.000000e+000
 2.187500e+002  3.152010e-001  0.000000e+000
 2.190000e+002  4.565684e-001  0.000000e+000
 2.192500e+002  1.084541e-001  0.000000e+000
 2.195000e+002  1.790015e-001  0.000000e+000
 2.197500e+002  8.438335e-003  0.000000e+000
 2.200000e+002  1.356737e-001  0.000000e+000
 2.202500e+002  4.521115e-001  0.000000e+000
 2.205000e+002  1.511593e-001  0.000000e+000
 2.207500e+002  2.131748e-001  0.000000e+000
 2.210000e+002  1.778429e-001  0.000000e+000
 2.212500e+002  5.247086e-002  0.000000e+000
 2.215000e+002  2.538596e-001  0.000000e+000
 2.217500e+002  1.166753e-001  0.000000e+000
 2.220000e+002  4.035201e-001  0.000000e+000
 2.222500e+002  4.420199e-001  0.000000e+000
 2.225000e+002  1.477523e-001  0.000000e+000
 2.227500e+002  2.634992e-001  0.000000e+000
 2.230000e+002  1.101638e-002  0.000000e+000
 2.232500e+002  2.009534e-001  0.000000e+000
 2.235000e+002  2.517721e-001  0.000000e+000
 2.237500e+002  2.589021e-002  0.000000e+000
 2.240000e+002  1.736781e-001  0.000000e+000
 2.242500e+002  7.667328e-002  0.000000e+000
 2.245000e+002  1.456750e-001  0.000000e+000
 2.247500e+002  1.338397e-001  0.000000e+000
 2.250000e+002  2.128717e-001  0.000000e+000
 2.252500e+002  1.629126e-001  0.000000e+000
 2.255000e+002  1.062976e-001  0.000000e+000
 2.257500e+002  2.277790e-001  0.000000e+000
 2.260000e+002  2.267731e-001  0.000000e+000
 2.262500e+002  2.419273e-001  0.000000e+000
 2.265000e+002  1.226456e-001  0.000000e+000
 2.267500e+002  3.725956e-003  0.000000e+000
 2.270000e+002  2.224081e-001  0.000000e+000
 2.272500e+002  8.177444e-002  0.000000e+000
 2.275000e+002  1.592282e-001  0.000000e+000
 2.277500e+002  3.983537e-002  0.000000e+000
 2.280000e+002  3.801095e-002  0.000000e+000
 2.282500e+002  5.810193e-002  0.000000e+000
 2.285000e+002  7.772264e-002  0.000000e+000
 2.287500e+002  4.662789e-002  0.000000e+000
 2.290000e+002  7.780425e-002  0.000000e+000
 2.292500e+002  4.494220e-001  0.000000e+000
 2.295000e+002  2.947796e-001  0.000000e+000
 2.297500e+002  2.330111e-001  0.000000e+000
 2.300000e+002  1.678955e-001  0.000000e+000
 2.302500e+002  4.944652e-001  0.000000e+000
 2.305000e+002  2.579492e-001  0.000000e+000
 2.307500e+002  4.530453e-001  0.000000e+000
 2.310000e+002  3.243847e-001  0.000000e+000
 2.312500e+002  1.023819e-001  0.000000e+000
 2.315000e+002  7.747915e-002  0.000000e+000
 2.317500e+002  1.822729e-001  0.000000e+000
 2.320000e+002  3.413640e-002  0.000000e+000
 2.322500e+002  3.521245e-001  0.000000e+000
 2.325000e+002  4.188782e-001  0.000000e+000
 2.327500e+002  3.860348e-001  0.000000e+000
 2.330000e+002  5.389711e-001  0.000000e+000
 2.332500e+002  1.841271e-001  0.000000e+000
 2.335000e+002  2.933027e-001  0.000000e+000
 2.337500e+002  2.897999e-001  0.000000e+000
 2.340000e+002  1.961536e-001  0.000000e+000
 2.342500e+002  3.464567e-001  0.000000e+000
 2.345000e+002  1.771926e-001  0.000000e+000
 2.347500e+002  3.480999e-001  0.000000e+000
 2.350000e+002  1.624356e-001  0.000000e+000
 2.352500e+002  1.161280e-001  0.000000e+000
 2.355000e+002  1.448554e-001  0.000000e+000
 2.357500e+002  1.917730e-001  0.000000e+000
 2.360000e+002  1.717761e-001  0.000000e+000
 2.362500e+002  2.135843e-001  0.000000e+000
 2.365000e+002  2.869131e-001  0.000000e+000
 2.367500e+002  2.051139e-001  0.000000e+000
 2.370000e+002  1.711510e-002  0.000000e+000
 2.372500e+002  1.397334e-001  0.000000e+000
 2.375000e+002  6.219833e-001  0.000000e+000
 2.377500e+002  4.427561e-001  0.000000e+000
 2.380000e+002  4.804712e-001  0.000000e+000
 2.382500e+002  3.304031e-001  0.000000e+000
 2.385000e+002  2.549388e-001  0.000000e+000
 2.387500e+002  2.100690e-001  0.000000e+000
 2.390000e+002  3.918702e-001  0.000000e+000
 2.392500e+002  2.845154e-001  0.000000e+000
 2.395000e+002  2.526014e-001  0.000000e+000
 2.397500e+002  1.178385e-001  0.000000e+000
 2.400000e+002  2.421429e-001  0.000000e+000
 2.402500e+002  2.953350e-001  0.000000e+000
 2.405000e+002  2.903019e-001  0.000000e+000
 2.407500e+002  2.420043e-001  0.000000e+000
 2.410000e+002  1.915062e-001  0.000000e+000
 2.412500e+002  3.239021e-001  0.000000e+000
 2.415000e+002  2.209560e-001  0.000000e+000
 2.417500e+002  2.252177e-001  0.000000e+000
 2.420000e+002  2.273872e-001  0.000000e+000
 2.422500e+002  4.445949e-002  0.000000e+000
 2.425000e+002  3.819640e-001  0.000000e+000
 2.427500e+002  5.803243e-001  0.000000e+000
 2.430000e+002  1.313179e-001  0.000000e+000
 2.432500e+002  3.262711e-001  0.000000e+000
 2.435000e+002  1.006031e-001  0.000000e+000
 2.437500e+002  3.000405e-001  0.000000e+000
 2.440000e+002  4.340467e-001  0.000000e+000
 2.442500e+002  5.964208e-001  0.000000e+000
 2.445000e+002  6.103572e-002  0.000000e+000
 2.447500e+002  8.905331e-002  0.000000e+000
 2.450000e+002  2.453779e-002  0.000000e+000
 2.452500e+002  2.557256e-001  0.000000e+000
 2.455000e+002  2.168967e-001  0.000000e+000
 2.457500e+002  2.342789e-001  0.000000e+000
 2.460000e+002  9.200150e-002  0.000000e+000
 2.462500e+002  2.271431e-001  0.000000e+000
 2.465000e+002  3.661926e-001  0.000000e+000
 2.467500e+002  1.782679e-002  0.000000e+000
 2.470000e+002  5.924457e-002  0.000000e+000
 2.472500e+002  9.507695e-002  0.000000e+000
 2.475000e+002  2.579757e-001  0.000000e+000
 2.477500e+002  5.249295e-002  0.000000e+000
 2.480000e+002  7.145803e-003  0.000000e+000
 2.482500e+002  1.080668e-001  0.000000e+000
 2.485000e+002  4.498221e-002  0.000000e+000
 2.487500e+002  1.655436e-001  0.000000e+000
 2.490000e+002  1.929858e-003  0.000000e+000
 2.492500e+002  7.598593e-002  0.000000e+000
 2.495000e+002  2.420297e-001  0.000000e+000
 2.497500e+002  3.685195e-001  0.000000e+000
 2.500000e+002  2.843806e-001  0.000000e+000
 2.502500e+002  1.450483e-001  0.000000e+000
 2.505000e+002  1.159010e-001  0.000000e+000
 2.507500e+002  7.979863e-002  0.000000e+000
 2.510000e+002  5.096275e-003  0.000000e+000
 2.512500e+002  1.054308e-001  0.000000e+000
 2.515000e+002  3.008901e-002  0.000000e+000
 2.517500e+002  2.887706e-001  0.000000e+000
 2.520000e+002  2.804873e-002  0.000000e+000
 2.522500e+002  1.669680e-001  0.000000e+000
 2.525000e+002  6.115751e-002  0.000000e+000
 2.527500e+002  1.016960e-001  0.000000e+000
 2.530000e+002  1.511961e-001  0.000000e+000
 2.532500e+002  4.893936e-002  0.000000e+000
 2.535000e+002  4.189890e-002  0.000000e+000
 2.537500e+002  7.176004e-002  0.000000e+000
 2.540000e+002  1.066602e-001  0.000000e+000
 2.542500e+002  2.101903e-002  0.000000e+000
 2.545000e+002  1.013562e-001  0.000000e+000
 2.547500e+002  4.558299e-003  0.000000e+000
 2.550000e+002  1.639560e-001  0.000000e+000
 2.552500e+002  1.403307e-001  0.000000e+000
 2.555000e+002  5.500012e-002  0.000000e+000
 2.557500e+002  3.312125e-002  0.000000e+000
 2.560000e+002  6.640756e-001  0.000000e+000
