 0.000000e+000  9.998134e-001  0.000000e+000
 2.500000e-001  4.940520e-001  0.000000e+000
 5.000000e-001  2.948123e-002  0.000000e+000
 7.500000e-001  5.285206e-001  0.000000e+000
 1.000000e+000  7.601802e-001  0.000000e+000
 1.250000e+000  7.328463e-001  0.000000e+000
 1.500000e+000  8.350525e-001  0.000000e+000
 1.750000e+000  7.212068e-001  0.000000e+000
 2.000000e+000  6.137910e-001  0.000000e+000
 2.250000e+000  7.916873e-001  0.000000e+000
 2.500000e+000  8.053156e-001  0.000000e+000
 2.750000e+000  7.389484e-001  0.000000e+000
 3.000000e+000  6.882039e-001  0.000000e+000
 3.250000e+000  4.288714e-001  0.000000e+000
 3.500000e+000  7.197438e-001  0.000000e+000
 3.750000e+000  7.113711e-001  0.000000e+000
 4.000000e+000  2.789473e-001  0.000000e+000
 4.250000e+000  2.578746e-001  0.000000e+000
 4.500000e+000  6.685662e-001  0.000000e+000
 4.750000e+000  8.353911e-001  0.000000e+000
 5.000000e+000  9.066553e-001  0.000000e+000
 5.250000e+000  9.441062e-001  0.000000e+000
 5.500000e+000  9.824828e-001  0.000000e+000
 5.750000e+000  9.650391e-001  0.000000e+000
 6.000000e+000  7.984775e-001  0.000000e+000
 6.250000e+000  9.467109e-001  0.000000e+000
 6.500000e+000  9.681066e-001  0.000000e+000
 6.750000e+000  9.801317e-001  0.000000e+000
 7.000000e+000  9.696869e-001  0.000000e+000
 7.250000e+000  9.805077e-001  0.000000e+000
 7.500000e+000  9.774123e-001  0.000000e+000
 7.750000e+000  9.884915e-001  0.000000e+000
 8.000000e+000  9.813116e-001  0.000000e+000
 8.250000e+000  9.813539e-001  0.000000e+000
 8.500000e+000  9.803786e-001  0.000000e+000
 8.750000e+000  9.874740e-001  0.000000e+000
 9.000000e+000  9.911860e-001  0.000000e+000
 9.250000e+000  9.841716e-001  0.000000e+000
 9.500000e+000  9.781656e-001  0.000000e+000
 9.750000e+000  9.842516e-001  0.000000e+000
 1.000000e+001  9.885147e-001  0.000000e+000
 1.025000e+001  9.876501e-001  0.000000e+000
 1.050000e+001  9.928280e-001  0.000000e+000
 1.075000e+001  9.906183e-001  0.000000e+000
 1.100000e+001  9.895281e-001  0.000000e+000
 1.125000e+001  9.874263e-001  0.000000e+000
 1.150000e+001  9.941847e-001  0.000000e+000
 1.175000e+001  9.931571e-001  0.000000e+000
 1.200000e+001  9.892728e-001  0.000000e+000
 1.225000e+001  9.931583e-001  0.000000e+000
 1.250000e+001  9.879802e-001  0.000000e+000
 1.275000e+001  9.850199e-001  0.000000e+000
 1.300000e+001  9.883712e-001  0.000000e+000
 1.325000e+001  9.890386e-001  0.000000e+000
 1.350000e+001  9.860586e-001  0.000000e+000
 1.375000e+001  9.898477e-001  0.000000e+000
 1.400000e+001  9.913865e-001  0.000000e+000
 1.425000e+001  9.911252e-001  0.000000e+000
 1.450000e+001  9.916928e-001  0.000000e+000
 1.475000e+001  9.868096e-001  0.000000e+000
 1.500000e+001  9.963599e-001  0.000000e+000
 1.525000e+001  9.905979e-001  0.000000e+000
 1.550000e+001  9.897621e-001  0.000000e+000
 1.575000e+001  9.881102e-001  0.000000e+000
 1.600000e+001  9.912112e-001  0.000000e+000
 1.625000e+001  9.935412e-001  0.000000e+000
 1.650000e+001  9.905643e-001  0.000000e+000
 1.675000e+001  9.861737e-001  0.000000e+000
 1.700000e+001  9.917886e-001  0.000000e+000
 1.725000e+001  9.890836e-001  0.000000e+000
 1.750000e+001  9.905498e-001  0.000000e+000
 1.775000e+001  9.898075e-001  0.000000e+000
 1.800000e+001  9.916560e-001  0.000000e+000
 1.825000e+001  9.840053e-001  0.000000e+000
 1.850000e+001  9.959718e-001  0.000000e+000
 1.875000e+001  9.905539e-001  0.000000e+000
 1.900000e+001  9.892613e-001  0.000000e+000
 1.925000e+001  9.959282e-001  0.000000e+000
 1.950000e+001  9.883593e-001  0.000000e+000
 1.975000e+001  9.896263e-001  0.000000e+000
 2.000000e+001  9.912934e-001  0.000000e+000
 2.025000e+001  9.948564e-001  0.000000e+000
 2.050000e+001  9.969915e-001  0.000000e+000
 2.075000e+001  9.954861e-001  0.000000e+000
 2.100000e+001  9.928824e-001  0.000000e+000
 2.125000e+001  9.901540e-001  0.000000e+000
 2.150000e+001  9.933742e-001  0.000000e+000
 2.175000e+001  9.949324e-001  0.000000e+000
 2.200000e+001  9.983721e-001  0.000000e+000
 2.225000e+001  9.929133e-001  0.000000e+000
 2.250000e+001  9.867452e-001  0.000000e+000
 2.275000e+001  9.688693e-001  0.000000e+000
 2.300000e+001  9.920576e-001  0.000000e+000
 2.325000e+001  9.936847e-001  0.000000e+000
 2.350000e+001  9.937245e-001  0.000000e+000
 2.375000e+001  9.946324e-001  0.000000e+000
 2.400000e+001  9.910249e-001  0.000000e+000
 2.425000e+001  9.930538e-001  0.000000e+000
 2.450000e+001  9.939352e-001  0.000000e+000
 2.475000e+001  9.889589e-001  0.000000e+000
 2.500000e+001  9.940721e-001  0.000000e+000
 2.525000e+001  9.918942e-001  0.000000e+000
 2.550000e+001  9.902420e-001  0.000000e+000
 2.575000e+001  9.926729e-001  0.000000e+000
 2.600000e+001  9.943886e-001  0.000000e+000
 2.625000e+001  9.914576e-001  0.000000e+000
 2.650000e+001  9.878391e-001  0.000000e+000
 2.675000e+001  9.947795e-001  0.000000e+000
 2.700000e+001  9.949254e-001  0.000000e+000
 2.725000e+001  9.931145e-001  0.000000e+000
 2.750000e+001  9.937476e-001  0.000000e+000
 2.775000e+001  9.929549e-001  0.000000e+000
 2.800000e+001  9.923216e-001  0.000000e+000
 2.825000e+001  9.955102e-001  0.000000e+000
 2.850000e+001  9.955591e-001  0.000000e+000
 2.875000e+001  9.928544e-001  0.000000e+000
 2.900000e+001  9.930779e-001  0.000000e+000
 2.925000e+001  9.921817e-001  0.000000e+000
 2.950000e+001  9.933409e-001  0.000000e+000
 2.975000e+001  9.942458e-001  0.000000e+000
 3.000000e+001  9.957025e-001  0.000000e+000
 3.025000e+001  9.933267e-001  0.000000e+000
 3.050000e+001  9.968704e-001  0.000000e+000
 3.075000e+001  9.967213e-001  0.000000e+000
 3.100000e+001  9.956912e-001  0.000000e+000
 3.125000e+001  9.932407e-001  0.000000e+000
 3.150000e+001  9.947846e-001  0.000000e+000
 3.175000e+001  9.923028e-001  0.000000e+000
 3.200000e+001  9.968659e-001  0.000000e+000
 3.225000e+001  9.896558e-001  0.000000e+000
 3.250000e+001  9.916426e-001  0.000000e+000
 3.275000e+001  9.949729e-001  0.000000e+000
 3.300000e+001  9.943278e-001  0.000000e+000
 3.325000e+001  9.923009e-001  0.000000e+000
 3.350000e+001  9.956183e-001  0.000000e+000
 3.375000e+001  9.922068e-001  0.000000e+000
 3.400000e+001  9.950614e-001  0.000000e+000
 3.425000e+001  9.927037e-001  0.000000e+000
 3.450000e+001  9.907502e-001  0.000000e+000
 3.475000e+001  9.927862e-001  0.000000e+000
 3.500000e+001  9.893818e-001  0.000000e+000
 3.525000e+001  9.920612e-001  0.000000e+000
 3.550000e+001  9.911620e-001  0.000000e+000
 3.575000e+001  9.882734e-001  0.000000e+000
 3.600000e+001  9.916040e-001  0.000000e+000
 3.625000e+001  9.927941e-001  0.000000e+000
 3.650000e+001  9.950825e-001  0.000000e+000
 3.675000e+001  9.900462e-001  0.000000e+000
 3.700000e+001  9.884968e-001  0.000000e+000
 3.725000e+001  9.942400e-001  0.000000e+000
 3.750000e+001  9.917595e-001  0.000000e+000
 3.775000e+001  9.873227e-001  0.000000e+000
 3.800000e+001  9.888701e-001  0.000000e+000
 3.825000e+001  9.908402e-001  0.000000e+000
 3.850000e+001  9.870577e-001  0.000000e+000
 3.875000e+001  9.921252e-001  0.000000e+000
 3.900000e+001  9.851906e-001  0.000000e+000
 3.925000e+001  9.914955e-001  0.000000e+000
 3.950000e+001  9.881260e-001  0.000000e+000
 3.975000e+001  9.925162e-001  0.000000e+000
 4.000000e+001  9.915697e-001  0.000000e+000
 4.025000e+001  9.891003e-001  0.000000e+000
 4.050000e+001  9.910401e-001  0.000000e+000
 4.075000e+001  9.938769e-001  0.000000e+000
 4.100000e+001  9.902090e-001  0.000000e+000
 4.125000e+001  9.913388e-001  0.000000e+000
 4.150000e+001  9.886653e-001  0.000000e+000
 4.175000e+001  9.888541e-001  0.000000e+000
 4.200000e+001  9.883973e-001  0.000000e+000
 4.225000e+001  9.890684e-001  0.000000e+000
 4.250000e+001  9.912419e-001  0.000000e+000
 4.275000e+001  9.896281e-001  0.000000e+000
 4.300000e+001  9.871359e-001  0.000000e+000
 4.325000e+001  9.826462e-001  0.000000e+000
 4.350000e+001  9.951106e-001  0.000000e+000
 4.375000e+001  9.924979e-001  0.000000e+000
 4.400000e+001  9.871883e-001  0.000000e+000
 4.425000e+001  9.897323e-001  0.000000e+000
 4.450000e+001  9.916502e-001  0.000000e+000
 4.475000e+001  9.907091e-001  0.000000e+000
 4.500000e+001  9.909577e-001  0.000000e+000
 4.525000e+001  9.901392e-001  0.000000e+000
 4.550000e+001  9.910884e-001  0.000000e+000
 4.575000e+001  9.867858e-001  0.000000e+000
 4.600000e+001  9.885824e-001  0.000000e+000
 4.625000e+001  9.884802e-001  0.000000e+000
 4.650000e+001  9.921401e-001  0.000000e+000
 4.675000e+001  9.880396e-001  0.000000e+000
 4.700000e+001  9.894216e-001  0.000000e+000
 4.725000e+001  9.929932e-001  0.000000e+000
 4.750000e+001  9.857916e-001  0.000000e+000
 4.775000e+001  9.855384e-001  0.000000e+000
 4.800000e+001  9.917627e-001  0.000000e+000
 4.825000e+001  9.916646e-001  0.000000e+000
 4.850000e+001  9.940153e-001  0.000000e+000
 4.875000e+001  9.924921e-001  0.000000e+000
 4.900000e+001  9.914033e-001  0.000000e+000
 4.925000e+001  9.908556e-001  0.000000e+000
 4.950000e+001  9.944810e-001  0.000000e+000
 4.975000e+001  9.880612e-001  0.000000e+000
 5.000000e+001  9.879428e-001  0.000000e+000
 5.025000e+001  9.848325e-001  0.000000e+000
 5.050000e+001  9.892652e-001  0.000000e+000
 5.075000e+001  9.910702e-001  0.000000e+000
 5.100000e+001  9.937184e-001  0.000000e+000
 5.125000e+001  9.930192e-001  0.000000e+000
 5.150000e+001  9.938412e-001  0.000000e+000
 5.175000e+001  9.973654e-001  0.000000e+000
 5.200000e+001  9.915485e-001  0.000000e+000
 5.225000e+001  9.899019e-001  0.000000e+000
 5.250000e+001  9.928496e-001  0.000000e+000
 5.275000e+001  9.922804e-001  0.000000e+000
 5.300000e+001  9.908445e-001  0.000000e+000
 5.325000e+001  9.931277e-001  0.000000e+000
 5.350000e+001  9.874342e-001  0.000000e+000
 5.375000e+001  9.930039e-001  0.000000e+000
 5.400000e+001  9.905084e-001  0.000000e+000
 5.425000e+001  9.933521e-001  0.000000e+000
 5.450000e+001  9.894257e-001  0.000000e+000
 5.475000e+001  9.920314e-001  0.000000e+000
 5.500000e+001  9.890403e-001  0.000000e+000
 5.525000e+001  9.926172e-001  0.000000e+000
 5.550000e+001  9.930086e-001  0.000000e+000
 5.575000e+001  9.923279e-001  0.000000e+000
 5.600000e+001  9.918379e-001  0.000000e+000
 5.625000e+001  9.931428e-001  0.000000e+000
 5.650000e+001  9.920055e-001  0.000000e+000
 5.675000e+001  9.917124e-001  0.000000e+000
 5.700000e+001  9.924886e-001  0.000000e+000
 5.725000e+001  9.939175e-001  0.000000e+000
 5.750000e+001  9.933650e-001  0.000000e+000
 5.775000e+001  9.931034e-001  0.000000e+000
 5.800000e+001  9.874651e-001  0.000000e+000
 5.825000e+001  9.929056e-001  0.000000e+000
 5.850000e+001  9.887348e-001  0.000000e+000
 5.875000e+001  9.909160e-001  0.000000e+000
 5.900000e+001  9.906512e-001  0.000000e+000
 5.925000e+001  9.928563e-001  0.000000e+000
 5.950000e+001  9.879552e-001  0.000000e+000
 5.975000e+001  9.882552e-001  0.000000e+000
 6.000000e+001  9.867967e-001  0.000000e+000
 6.025000e+001  9.920595e-001  0.000000e+000
 6.050000e+001  9.952696e-001  0.000000e+000
 6.075000e+001  9.862309e-001  0.000000e+000
 6.100000e+001  9.892440e-001  0.000000e+000
 6.125000e+001  9.941750e-001  0.000000e+000
 6.150000e+001  9.918707e-001  0.000000e+000
 6.175000e+001  9.888758e-001  0.000000e+000
 6.200000e+001  9.872029e-001  0.000000e+000
 6.225000e+001  9.893371e-001  0.000000e+000
 6.250000e+001  9.896613e-001  0.000000e+000
 6.275000e+001  9.888577e-001  0.000000e+000
 6.300000e+001  9.919664e-001  0.000000e+000
 6.325000e+001  9.871234e-001  0.000000e+000
 6.350000e+001  9.946781e-001  0.000000e+000
 6.375000e+001  9.890393e-001  0.000000e+000
 6.400000e+001  9.856540e-001  0.000000e+000
 6.425000e+001  9.880803e-001  0.000000e+000
 6.450000e+001  9.895246e-001  0.000000e+000
 6.475000e+001  9.919453e-001  0.000000e+000
 6.500000e+001  9.927619e-001  0.000000e+000
 6.525000e+001  9.949360e-001  0.000000e+000
 6.550000e+001  9.875390e-001  0.000000e+000
 6.575000e+001  9.927765e-001  0.000000e+000
 6.600000e+001  9.911565e-001  0.000000e+000
 6.625000e+001  9.944274e-001  0.000000e+000
 6.650000e+001  9.919771e-001  0.000000e+000
 6.675000e+001  9.934762e-001  0.000000e+000
 6.700000e+001  9.939165e-001  0.000000e+000
 6.725000e+001  9.925542e-001  0.000000e+000
 6.750000e+001  9.940993e-001  0.000000e+000
 6.775000e+001  9.956104e-001  0.000000e+000
 6.800000e+001  9.906081e-001  0.000000e+000
 6.825000e+001  9.925862e-001  0.000000e+000
 6.850000e+001  9.963325e-001  0.000000e+000
 6.875000e+001  9.955205e-001  0.000000e+000
 6.900000e+001  9.952733e-001  0.000000e+000
 6.925000e+001  9.936842e-001  0.000000e+000
 6.950000e+001  9.928155e-001  0.000000e+000
 6.975000e+001  9.937951e-001  0.000000e+000
 7.000000e+001  9.962286e-001  0.000000e+000
 7.025000e+001  9.933064e-001  0.000000e+000
 7.050000e+001  9.945211e-001  0.000000e+000
 7.075000e+001  9.954622e-001  0.000000e+000
 7.100000e+001  9.958568e-001  0.000000e+000
 7.125000e+001  9.955802e-001  0.000000e+000
 7.150000e+001  9.951214e-001  0.000000e+000
 7.175000e+001  9.940015e-001  0.000000e+000
 7.200000e+001  9.946837e-001  0.000000e+000
 7.225000e+001  9.955046e-001  0.000000e+000
 7.250000e+001  9.929697e-001  0.000000e+000
 7.275000e+001  9.923137e-001  0.000000e+000
 7.300000e+001  9.959806e-001  0.000000e+000
 7.325000e+001  9.954091e-001  0.000000e+000
 7.350000e+001  9.951986e-001  0.000000e+000
 7.375000e+001  9.946347e-001  0.000000e+000
 7.400000e+001  9.931320e-001  0.000000e+000
 7.425000e+001  9.985150e-001  0.000000e+000
 7.450000e+001  9.926015e-001  0.000000e+000
 7.475000e+001  9.944444e-001  0.000000e+000
 7.500000e+001  9.958327e-001  0.000000e+000
 7.525000e+001  9.976116e-001  0.000000e+000
 7.550000e+001  9.977255e-001  0.000000e+000
 7.575000e+001  9.938129e-001  0.000000e+000
 7.600000e+001  9.967497e-001  0.000000e+000
 7.625000e+001  9.975399e-001  0.000000e+000
 7.650000e+001  9.961668e-001  0.000000e+000
 7.675000e+001  9.964252e-001  0.000000e+000
 7.700000e+001  9.980670e-001  0.000000e+000
 7.725000e+001  9.958315e-001  0.000000e+000
 7.750000e+001  9.961135e-001  0.000000e+000
 7.775000e+001  9.949449e-001  0.000000e+000
 7.800000e+001  9.962091e-001  0.000000e+000
 7.825000e+001  9.916854e-001  0.000000e+000
 7.850000e+001  9.946839e-001  0.000000e+000
 7.875000e+001  9.948848e-001  0.000000e+000
 7.900000e+001  9.877184e-001  0.000000e+000
 7.925000e+001  9.805950e-001  0.000000e+000
 7.950000e+001  9.856129e-001  0.000000e+000
 7.975000e+001  9.904131e-001  0.000000e+000
 8.000000e+001  9.937858e-001  0.000000e+000
 8.025000e+001  9.915804e-001  0.000000e+000
 8.050000e+001  9.934729e-001  0.000000e+000
 8.075000e+001  9.960836e-001  0.000000e+000
 8.100000e+001  9.945816e-001  0.000000e+000
 8.125000e+001  9.933581e-001  0.000000e+000
 8.150000e+001  9.981517e-001  0.000000e+000
 8.175000e+001  9.964498e-001  0.000000e+000
 8.200000e+001  9.965060e-001  0.000000e+000
 8.225000e+001  9.975356e-001  0.000000e+000
 8.250000e+001  9.950890e-001  0.000000e+000
 8.275000e+001  9.972892e-001  0.000000e+000
 8.300000e+001  9.971985e-001  0.000000e+000
 8.325000e+001  9.916910e-001  0.000000e+000
 8.350000e+001  9.964282e-001  0.000000e+000
 8.375000e+001  9.896028e-001  0.000000e+000
 8.400000e+001  9.929214e-001  0.000000e+000
 8.425000e+001  9.968724e-001  0.000000e+000
 8.450000e+001  9.938641e-001  0.000000e+000
 8.475000e+001  9.943177e-001  0.000000e+000
 8.500000e+001  9.932525e-001  0.000000e+000
 8.525000e+001  9.882811e-001  0.000000e+000
 8.550000e+001  9.875274e-001  0.000000e+000
 8.575000e+001  9.929355e-001  0.000000e+000
 8.600000e+001  9.857852e-001  0.000000e+000
 8.625000e+001  9.922757e-001  0.000000e+000
 8.650000e+001  9.946308e-001  0.000000e+000
 8.675000e+001  9.883296e-001  0.000000e+000
 8.700000e+001  9.929957e-001  0.000000e+000
 8.725000e+001  9.920961e-001  0.000000e+000
 8.750000e+001  9.839352e-001  0.000000e+000
 8.775000e+001  9.954852e-001  0.000000e+000
 8.800000e+001  9.924904e-001  0.000000e+000
 8.825000e+001  9.865046e-001  0.000000e+000
 8.850000e+001  9.904810e-001  0.000000e+000
 8.875000e+001  9.936190e-001  0.000000e+000
 8.900000e+001  9.862983e-001  0.000000e+000
 8.925000e+001  9.912441e-001  0.000000e+000
 8.950000e+001  9.848716e-001  0.000000e+000
 8.975000e+001  9.889654e-001  0.000000e+000
 9.000000e+001  9.931616e-001  0.000000e+000
 9.025000e+001  9.794180e-001  0.000000e+000
 9.050000e+001  9.870027e-001  0.000000e+000
 9.075000e+001  9.831467e-001  0.000000e+000
 9.100000e+001  9.877759e-001  0.000000e+000
 9.125000e+001  9.845741e-001  0.000000e+000
 9.150000e+001  9.900969e-001  0.000000e+000
 9.175000e+001  9.851239e-001  0.000000e+000
 9.200000e+001  9.847757e-001  0.000000e+000
 9.225000e+001  9.841576e-001  0.000000e+000
 9.250000e+001  9.724097e-001  0.000000e+000
 9.275000e+001  9.692391e-001  0.000000e+000
 9.300000e+001  9.749584e-001  0.000000e+000
 9.325000e+001  9.868665e-001  0.000000e+000
 9.350000e+001  9.828203e-001  0.000000e+000
 9.375000e+001  9.700247e-001  0.000000e+000
 9.400000e+001  9.708126e-001  0.000000e+000
 9.425000e+001  9.921728e-001  0.000000e+000
 9.450000e+001  9.764965e-001  0.000000e+000
 9.475000e+001  9.643833e-001  0.000000e+000
 9.500000e+001  9.886436e-001  0.000000e+000
 9.525000e+001  9.918838e-001  0.000000e+000
 9.550000e+001  9.637766e-001  0.000000e+000
 9.575000e+001  9.561368e-001  0.000000e+000
 9.600000e+001  9.439409e-001  0.000000e+000
 9.625000e+001  9.811161e-001  0.000000e+000
 9.650000e+001  9.784792e-001  0.000000e+000
 9.675000e+001  9.566624e-001  0.000000e+000
 9.700000e+001  9.626747e-001  0.000000e+000
 9.725000e+001  9.677865e-001  0.000000e+000
 9.750000e+001  9.735309e-001  0.000000e+000
 9.775000e+001  9.645972e-001  0.000000e+000
 9.800000e+001  9.620330e-001  0.000000e+000
 9.825000e+001  9.830005e-001  0.000000e+000
 9.850000e+001  9.779940e-001  0.000000e+000
 9.875000e+001  9.783561e-001  0.000000e+000
 9.900000e+001  9.824585e-001  0.000000e+000
 9.925000e+001  9.761367e-001  0.000000e+000
 9.950000e+001  9.625745e-001  0.000000e+000
 9.975000e+001  9.790978e-001  0.000000e+000
 1.000000e+002  9.642110e-001  0.000000e+000
 1.002500e+002  9.577131e-001  0.000000e+000
 1.005000e+002  9.442537e-001  0.000000e+000
 1.007500e+002  9.280485e-001  0.000000e+000
 1.010000e+002  9.731835e-001  0.000000e+000
 1.012500e+002  9.502425e-001  0.000000e+000
 1.015000e+002  9.322119e-001  0.000000e+000
 1.017500e+002  9.438416e-001  0.000000e+000
 1.020000e+002  8.880116e-001  0.000000e+000
 1.022500e+002  9.188845e-001  0.000000e+000
 1.025000e+002  9.487125e-001  0.000000e+000
 1.027500e+002  9.026176e-001  0.000000e+000
 1.030000e+002  9.722866e-001  0.000000e+000
 1.032500e+002  9.266391e-001  0.000000e+000
 1.035000e+002  9.540266e-001  0.000000e+000
 1.037500e+002  9.265072e-001  0.000000e+000
 1.040000e+002  9.248225e-001  0.000000e+000
 1.042500e+002  9.603435e-001  0.000000e+000
 1.045000e+002  9.337664e-001  0.000000e+000
 1.047500e+002  9.380425e-001  0.000000e+000
 1.050000e+002  9.639649e-001  0.000000e+000
 1.052500e+002  9.509828e-001  0.000000e+000
 1.055000e+002  9.338644e-001  0.000000e+000
 1.057500e+002  9.625733e-001  0.000000e+000
 1.060000e+002  9.402309e-001  0.000000e+000
 1.062500e+002  9.427342e-001  0.000000e+000
 1.065000e+002  9.473195e-001  0.000000e+000
 1.067500e+002  9.179803e-001  0.000000e+000
 1.070000e+002  8.914524e-001  0.000000e+000
 1.072500e+002  9.404955e-001  0.000000e+000
 1.075000e+002  9.295556e-001  0.000000e+000
 1.077500e+002  9.423993e-001  0.000000e+000
 1.080000e+002  8.909585e-001  0.000000e+000
 1.082500e+002  9.486723e-001  0.000000e+000
 1.085000e+002  9.319554e-001  0.000000e+000
 1.087500e+002  9.141506e-001  0.000000e+000
 1.090000e+002  8.612334e-001  0.000000e+000
 1.092500e+002  9.310217e-001  0.000000e+000
 1.095000e+002  9.420229e-001  0.000000e+000
 1.097500e+002  9.122763e-001  0.000000e+000
 1.100000e+002  9.626954e-001  0.000000e+000
 1.102500e+002  9.448538e-001  0.000000e+000
 1.105000e+002  9.375619e-001  0.000000e+000
 1.107500e+002  8.850945e-001  0.000000e+000
 1.110000e+002  9.448878e-001  0.000000e+000
 1.112500e+002  9.007294e-001  0.000000e+000
 1.115000e+002  9.322036e-001  0.000000e+000
 1.117500e+002  8.786379e-001  0.000000e+000
 1.120000e+002  9.284993e-001  0.000000e+000
 1.122500e+002  9.498644e-001  0.000000e+000
 1.125000e+002  9.276285e-001  0.000000e+000
 1.127500e+002  9.317161e-001  0.000000e+000
 1.130000e+002  9.351283e-001  0.000000e+000
 1.132500e+002  8.900584e-001  0.000000e+000
 1.135000e+002  8.591474e-001  0.000000e+000
 1.137500e+002  8.727513e-001  0.000000e+000
 1.140000e+002  8.727409e-001  0.000000e+000
 1.142500e+002  9.103773e-001  0.000000e+000
 1.145000e+002  8.321379e-001  0.000000e+000
 1.147500e+002  8.808511e-001  0.000000e+000
 1.150000e+002  8.678589e-001  0.000000e+000
 1.152500e+002  7.977028e-001  0.000000e+000
 1.155000e+002  8.139934e-001  0.000000e+000
 1.157500e+002  8.716211e-001  0.000000e+000
 1.160000e+002  9.147307e-001  0.000000e+000
 1.162500e+002  8.540812e-001  0.000000e+000
 1.165000e+002  8.772042e-001  0.000000e+000
 1.167500e+002  8.103234e-001  0.000000e+000
 1.170000e+002  8.801050e-001  0.000000e+000
 1.172500e+002  8.743375e-001  0.000000e+000
 1.175000e+002  8.818128e-001  0.000000e+000
 1.177500e+002  8.538194e-001  0.000000e+000
 1.180000e+002  7.360650e-001  0.000000e+000
 1.182500e+002  9.395196e-001  0.000000e+000
 1.185000e+002  8.625579e-001  0.000000e+000
 1.187500e+002  9.292780e-001  0.000000e+000
 1.190000e+002  9.364979e-001  0.000000e+000
 1.192500e+002  9.302669e-001  0.000000e+000
 1.195000e+002  8.842985e-001  0.000000e+000
 1.197500e+002  9.246372e-001  0.000000e+000
 1.200000e+002  8.623176e-001  0.000000e+000
 1.202500e+002  8.272550e-001  0.000000e+000
 1.205000e+002  8.877215e-001  0.000000e+000
 1.207500e+002  9.185591e-001  0.000000e+000
 1.210000e+002  2.342718e-001  0.000000e+000
 1.212500e+002  8.350684e-001  0.000000e+000
 1.215000e+002  8.519507e-001  0.000000e+000
 1.217500e+002  8.999509e-001  0.000000e+000
 1.220000e+002  8.293566e-001  0.000000e+000
 1.222500e+002  6.602476e-001  0.000000e+000
 1.225000e+002  9.268263e-001  0.000000e+000
 1.227500e+002  7.788577e-001  0.000000e+000
 1.230000e+002  8.346070e-001  0.000000e+000
 1.232500e+002  8.510489e-001  0.000000e+000
 1.235000e+002  6.881106e-001  0.000000e+000
 1.237500e+002  8.814129e-001  0.000000e+000
 1.240000e+002  7.860334e-001  0.000000e+000
 1.242500e+002  7.899652e-001  0.000000e+000
 1.245000e+002  7.082881e-001  0.000000e+000
 1.247500e+002  6.428630e-001  0.000000e+000
 1.250000e+002  8.538569e-001  0.000000e+000
 1.252500e+002  7.864687e-001  0.000000e+000
 1.255000e+002  7.954434e-001  0.000000e+000
 1.257500e+002  7.655294e-001  0.000000e+000
 1.260000e+002  6.690943e-001  0.000000e+000
 1.262500e+002  7.688139e-001  0.000000e+000
 1.265000e+002  7.645501e-001  0.000000e+000
 1.267500e+002  7.132531e-001  0.000000e+000
 1.270000e+002  6.087888e-001  0.000000e+000
 1.272500e+002  7.859443e-001  0.000000e+000
 1.275000e+002  6.345984e-001  0.000000e+000
 1.277500e+002  5.618831e-001  0.000000e+000
 1.280000e+002  7.373018e-001  0.000000e+000
 1.282500e+002  8.445908e-001  0.000000e+000
 1.285000e+002  7.926298e-001  0.000000e+000
 1.287500e+002  7.629992e-001  0.000000e+000
 1.290000e+002  7.231953e-001  0.000000e+000
 1.292500e+002  6.499275e-001  0.000000e+000
 1.295000e+002  6.778386e-001  0.000000e+000
 1.297500e+002  7.428380e-001  0.000000e+000
 1.300000e+002  7.379868e-001  0.000000e+000
 1.302500e+002  8.037108e-001  0.000000e+000
 1.305000e+002  7.872295e-001  0.000000e+000
 1.307500e+002  7.125297e-001  0.000000e+000
 1.310000e+002  6.840424e-001  0.000000e+000
 1.312500e+002  7.112378e-001  0.000000e+000
 1.315000e+002  6.382073e-001  0.000000e+000
 1.317500e+002  4.866342e-001  0.000000e+000
 1.320000e+002  5.204953e-001  0.000000e+000
 1.322500e+002  7.165757e-001  0.000000e+000
 1.325000e+002  5.431912e-001  0.000000e+000
 1.327500e+002  6.285527e-001  0.000000e+000
 1.330000e+002  7.180963e-001  0.000000e+000
 1.332500e+002  7.395815e-001  0.000000e+000
 1.335000e+002  7.159602e-001  0.000000e+000
 1.337500e+002  6.245164e-001  0.000000e+000
 1.340000e+002  5.869787e-001  0.000000e+000
 1.342500e+002  5.317098e-001  0.000000e+000
 1.345000e+002  6.569234e-001  0.000000e+000
 1.347500e+002  7.288241e-001  0.000000e+000
 1.350000e+002  5.076151e-001  0.000000e+000
 1.352500e+002  4.945883e-001  0.000000e+000
 1.355000e+002  7.764933e-001  0.000000e+000
 1.357500e+002  7.166639e-001  0.000000e+000
 1.360000e+002  5.713959e-001  0.000000e+000
 1.362500e+002  5.598773e-001  0.000000e+000
 1.365000e+002  5.130082e-001  0.000000e+000
 1.367500e+002  6.140088e-001  0.000000e+000
 1.370000e+002  6.909304e-001  0.000000e+000
 1.372500e+002  4.368462e-001  0.000000e+000
 1.375000e+002  5.230838e-001  0.000000e+000
 1.377500e+002  5.231666e-001  0.000000e+000
 1.380000e+002  4.440843e-001  0.000000e+000
 1.382500e+002  3.574918e-001  0.000000e+000
 1.385000e+002  7.203057e-001  0.000000e+000
 1.387500e+002  5.665825e-001  0.000000e+000
 1.390000e+002  5.684394e-001  0.000000e+000
 1.392500e+002  6.238435e-001  0.000000e+000
 1.395000e+002  6.733987e-001  0.000000e+000
 1.397500e+002  4.458609e-001  0.000000e+000
 1.400000e+002  5.748423e-001  0.000000e+000
 1.402500e+002  3.863259e-001  0.000000e+000
 1.405000e+002  5.281305e-001  0.000000e+000
 1.407500e+002  3.626286e-001  0.000000e+000
 1.410000e+002  2.815512e-001  0.000000e+000
 1.412500e+002  4.601667e-001  0.000000e+000
 1.415000e+002  4.977553e-001  0.000000e+000
 1.417500e+002  6.001681e-001  0.000000e+000
 1.420000e+002  3.849383e-001  0.000000e+000
 1.422500e+002  4.123370e-001  0.000000e+000
 1.425000e+002  4.668658e-001  0.000000e+000
 1.427500e+002  4.617569e-001  0.000000e+000
 1.430000e+002  3.082679e-001  0.000000e+000
 1.432500e+002  2.794237e-001  0.000000e+000
 1.435000e+002  4.763625e-001  0.000000e+000
 1.437500e+002  4.180809e-001  0.000000e+000
 1.440000e+002  5.966871e-001  0.000000e+000
 1.442500e+002  3.665940e-001  0.000000e+000
 1.445000e+002  2.319333e-001  0.000000e+000
 1.447500e+002  4.308502e-001  0.000000e+000
 1.450000e+002  4.677846e-001  0.000000e+000
 1.452500e+002  5.885917e-001  0.000000e+000
 1.455000e+002  3.392072e-001  0.000000e+000
 1.457500e+002  2.971051e-001  0.000000e+000
 1.460000e+002  1.946710e-001  0.000000e+000
 1.462500e+002  3.602742e-001  0.000000e+000
 1.465000e+002  6.778870e-001  0.000000e+000
 1.467500e+002  1.793746e-001  0.000000e+000
 1.470000e+002  1.007382e-001  0.000000e+000
 1.472500e+002  4.396980e-001  0.000000e+000
 1.475000e+002  5.098579e-001  0.000000e+000
 1.477500e+002  2.684421e-001  0.000000e+000
 1.480000e+002  5.541160e-001  0.000000e+000
 1.482500e+002  3.723774e-001  0.000000e+000
 1.485000e+002  5.000415e-001  0.000000e+000
 1.487500e+002  5.438970e-001  0.000000e+000
 1.490000e+002  1.846812e-001  0.000000e+000
 1.492500e+002  2.243599e-001  0.000000e+000
 1.495000e+002  4.165819e-001  0.000000e+000
 1.497500e+002  4.311804e-001  0.000000e+000
 1.500000e+002  4.189788e-001  0.000000e+000
 1.502500e+002  3.869595e-001  0.000000e+000
 1.505000e+002  3.397544e-001  0.000000e+000
 1.507500e+002  3.175448e-001  0.000000e+000
 1.510000e+002  8.428521e-002  0.000000e+000
 1.512500e+002  2.519550e-001  0.000000e+000
 1.515000e+002  5.521247e-001  0.000000e+000
 1.517500e+002  2.825404e-001  0.000000e+000
 1.520000e+002  6.300998e-001  0.000000e+000
 1.522500e+002  4.116119e-001  0.000000e+000
 1.525000e+002  3.380401e-001  0.000000e+000
 1.527500e+002  2.076757e-001  0.000000e+000
 1.530000e+002  1.835536e-001  0.000000e+000
 1.532500e+002  4.761525e-001  0.000000e+000
 1.535000e+002  6.381161e-001  0.000000e+000
 1.537500e+002  2.964528e-001  0.000000e+000
 1.540000e+002  5.840760e-002  0.000000e+000
 1.542500e+002  4.234500e-001  0.000000e+000
 1.545000e+002  1.233852e-001  0.000000e+000
 1.547500e+002  3.208337e-001  0.000000e+000
 1.550000e+002  2.138231e-001  0.000000e+000
 1.552500e+002  7.295643e-002  0.000000e+000
 1.555000e+002  1.381934e-001  0.000000e+000
 1.557500e+002  2.524999e-001  0.000000e+000
 1.560000e+002  2.857691e-002  0.000000e+000
 1.562500e+002  9.243533e-003  0.000000e+000
 1.565000e+002  1.649307e-001  0.000000e+000
 1.567500e+002  1.448959e-001  0.000000e+000
 1.570000e+002  1.651775e-001  0.000000e+000
 1.572500e+002  4.977022e-001  0.000000e+000
 1.575000e+002  5.056521e-001  0.000000e+000
 1.577500e+002  3.115034e-001  0.000000e+000
 1.580000e+002  1.177447e-001  0.000000e+000
 1.582500e+002  2.802638e-001  0.000000e+000
 1.585000e+002  1.279756e-001  0.000000e+000
 1.587500e+002  1.129065e-001  0.000000e+000
 1.590000e+002  3.648669e-001  0.000000e+000
 1.592500e+002  1.167428e-001  0.000000e+000
 1.595000e+002  9.658617e-002  0.000000e+000
 1.597500e+002  2.514879e-001  0.000000e+000
 1.600000e+002  5.394689e-001  0.000000e+000
 1.602500e+002  5.364375e-001  0.000000e+000
 1.605000e+002  2.288942e-001  0.000000e+000
 1.607500e+002  1.859840e-001  0.000000e+000
 1.610000e+002  1.070084e-001  0.000000e+000
 1.612500e+002  2.779727e-002  0.000000e+000
 1.615000e+002  1.464912e-001  0.000000e+000
 1.617500e+002  9.687694e-002  0.000000e+000
 1.620000e+002  3.846557e-001  0.000000e+000
 1.622500e+002  1.111905e-001  0.000000e+000
 1.625000e+002  4.376257e-001  0.000000e+000
 1.627500e+002  2.790283e-002  0.000000e+000
 1.630000e+002  9.643815e-002  0.000000e+000
 1.632500e+002  2.401487e-001  0.000000e+000
 1.635000e+002  1.083848e-001  0.000000e+000
 1.637500e+002  2.041890e-002  0.000000e+000
 1.640000e+002  1.359150e-001  0.000000e+000
 1.642500e+002  2.744713e-001  0.000000e+000
 1.645000e+002  2.051741e-002  0.000000e+000
 1.647500e+002  2.188179e-001  0.000000e+000
 1.650000e+002  3.195106e-001  0.000000e+000
 1.652500e+002  2.461647e-001  0.000000e+000
 1.655000e+002  4.589332e-002  0.000000e+000
 1.657500e+002  4.207695e-002  0.000000e+000
 1.660000e+002  2.695872e-001  0.000000e+000
 1.662500e+002  5.244336e-001  0.000000e+000
 1.665000e+002  8.532909e-002  0.000000e+000
 1.667500e+002  2.246322e-001  0.000000e+000
 1.670000e+002  3.379312e-001  0.000000e+000
 1.672500e+002  3.463169e-001  0.000000e+000
 1.675000e+002  1.536156e-001  0.000000e+000
 1.677500e+002  8.507343e-003  0.000000e+000
 1.680000e+002  1.608886e-001  0.000000e+000
 1.682500e+002  9.811585e-002  0.000000e+000
 1.685000e+002  1.583107e-001  0.000000e+000
 1.687500e+002  1.383841e-001  0.000000e+000
 1.690000e+002  2.783267e-001  0.000000e+000
 1.692500e+002  3.642765e-002  0.000000e+000
 1.695000e+002  1.196359e-003  0.000000e+000
 1.697500e+002  1.082263e-001  0.000000e+000
 1.700000e+002  4.162972e-002  0.000000e+000
 1.702500e+002  4.794991e-001  0.000000e+000
 1.705000e+002  3.652747e-002  0.000000e+000
 1.707500e+002  7.190283e-002  0.000000e+000
 1.710000e+002  8.737163e-002  0.000000e+000
 1.712500e+002  2.113956e-001  0.000000e+000
 1.715000e+002  1.670170e-002  0.000000e+000
 1.717500e+002  3.911745e-001  0.000000e+000
 1.720000e+002  8.893746e-002  0.000000e+000
 1.722500e+002  1.982006e-001  0.000000e+000
 1.725000e+002  2.353298e-001  0.000000e+000
 1.727500e+002  1.857694e-001  0.000000e+000
 1.730000e+002  7.805256e-002  0.000000e+000
 1.732500e+002  2.984394e-001  0.000000e+000
 1.735000e+002  8.933517e-002  0.000000e+000
 1.737500e+002  1.104044e-001  0.000000e+000
 1.740000e+002  8.233206e-002  0.000000e+000
 1.742500e+002  1.957858e-001  0.000000e+000
 1.745000e+002  4.465617e-001  0.000000e+000
 1.747500e+002  1.211163e-001  0.000000e+000
 1.750000e+002  9.202940e-002  0.000000e+000
 1.752500e+002  6.013541e-002  0.000000e+000
 1.755000e+002  2.531653e-001  0.000000e+000
 1.757500e+002  2.072692e-001  0.000000e+000
 1.760000e+002  3.964168e-001  0.000000e+000
 1.762500e+002  1.138009e-001  0.000000e+000
 1.765000e+002  3.181504e-001  0.000000e+000
 1.767500e+002  3.901770e-001  0.000000e+000
 1.770000e+002  3.417972e-001  0.000000e+000
 1.772500e+002  2.556275e-001  0.000000e+000
 1.775000e+002  3.035991e-001  0.000000e+000
 1.777500e+002  5.217512e-001  0.000000e+000
 1.780000e+002  1.085360e-001  0.000000e+000
 1.782500e+002  3.266965e-001  0.000000e+000
 1.785000e+002  4.521119e-002  0.000000e+000
 1.787500e+002  2.588769e-001  0.000000e+000
 1.790000e+002  1.984637e-001  0.000000e+000
 1.792500e+002  2.577712e-001  0.000000e+000
 1.795000e+002  4.761668e-001  0.000000e+000
 1.797500e+002  4.768710e-001  0.000000e+000
 1.800000e+002  1.257089e-001  0.000000e+000
 1.802500e+002  1.273759e-001  0.000000e+000
 1.805000e+002  1.622527e-001  0.000000e+000
 1.807500e+002  2.502847e-001  0.000000e+000
 1.810000e+002  1.512028e-001  0.000000e+000
 1.812500e+002  2.438140e-001  0.000000e+000
 1.815000e+002  1.246166e-001  0.000000e+000
 1.817500e+002  3.331269e-001  0.000000e+000
 1.820000e+002  1.744713e-001  0.000000e+000
 1.822500e+002  2.376508e-001  0.000000e+000
 1.825000e+002  5.188839e-001  0.000000e+000
 1.827500e+002  1.859996e-001  0.000000e+000
 1.830000e+002  3.729546e-001  0.000000e+000
 1.832500e+002  2.857277e-001  0.000000e+000
 1.835000e+002  3.976912e-001  0.000000e+000
 1.837500e+002  3.472412e-001  0.000000e+000
 1.840000e+002  1.773447e-001  0.000000e+000
 1.842500e+002  3.348680e-001  0.000000e+000
 1.845000e+002  2.438442e-001  0.000000e+000
 1.847500e+002  2.945044e-001  0.000000e+000
 1.850000e+002  5.138434e-001  0.000000e+000
 1.852500e+002  5.030429e-001  0.000000e+000
 1.855000e+002  1.560972e-001  0.000000e+000
 1.857500e+002  1.650978e-001  0.000000e+000
 1.860000e+002  3.283671e-001  0.000000e+000
 1.862500e+002  2.627017e-001  0.000000e+000
 1.865000e+002  6.044648e-001  0.000000e+000
 1.867500e+002  3.808209e-001  0.000000e+000
 1.870000e+002  2.206594e-001  0.000000e+000
 1.872500e+002  3.600751e-001  0.000000e+000
 1.875000e+002  3.431623e-001  0.000000e+000
 1.877500e+002  3.518184e-001  0.000000e+000
 1.880000e+002  3.295766e-001  0.000000e+000
 1.882500e+002  4.334264e-001  0.000000e+000
 1.885000e+002  5.980065e-001  0.000000e+000
 1.887500e+002  1.961461e-001  0.000000e+000
 1.890000e+002  3.239839e-001  0.000000e+000
 1.892500e+002  2.669502e-001  0.000000e+000
 1.895000e+002  3.847289e-001  0.000000e+000
 1.897500e+002  3.489309e-001  0.000000e+000
 1.900000e+002  2.032848e-001  0.000000e+000
 1.902500e+002  2.611312e-001  0.000000e+000
 1.905000e+002  2.551922e-001  0.000000e+000
 1.907500e+002  3.044509e-001  0.000000e+000
 1.910000e+002  1.443935e-001  0.000000e+000
 1.912500e+002  3.761095e-001  0.000000e+000
 1.915000e+002  1.564438e-001  0.000000e+000
 1.917500e+002  1.837821e-001  0.000000e+000
 1.920000e+002  3.500517e-001  0.000000e+000
 1.922500e+002  2.709520e-001  0.000000e+000
 1.925000e+002  3.164593e-001  0.000000e+000
 1.927500e+002  3.832371e-001  0.000000e+000
 1.930000e+002  4.517232e-001  0.000000e+000
 1.932500e+002  1.610221e-001  0.000000e+000
 1.935000e+002  3.118695e-001  0.000000e+000
 1.937500e+002  3.461939e-001  0.000000e+000
 1.940000e+002  3.923423e-001  0.000000e+000
 1.942500e+002  2.707474e-001  0.000000e+000
 1.945000e+002  4.571636e-001  0.000000e+000
 1.947500e+002  3.436951e-001  0.000000e+000
 1.950000e+002  2.091346e-001  0.000000e+000
 1.952500e+002  4.934723e-001  0.000000e+000
 1.955000e+002  6.563185e-001  0.000000e+000
 1.957500e+002  1.822227e-001  0.000000e+000
 1.960000e+002  2.761286e-001  0.000000e+000
 1.962500e+002  2.690095e-001  0.000000e+000
 1.965000e+002  1.434452e-001  0.000000e+000
 1.967500e+002  1.327686e-001  0.000000e+000
 1.970000e+002  1.663882e-001  0.000000e+000
 1.972500e+002  2.284051e-001  0.000000e+000
 1.975000e+002  4.637035e-001  0.000000e+000
 1.977500e+002  3.507889e-001  0.000000e+000
 1.980000e+002  1.925072e-001  0.000000e+000
 1.982500e+002  4.945157e-001  0.000000e+000
 1.985000e+002  2.325016e-001  0.000000e+000
 1.987500e+002  1.597889e-001  0.000000e+000
 1.990000e+002  9.625087e-002  0.000000e+000
 1.992500e+002  5.939005e-001  0.000000e+000
 1.995000e+002  2.956879e-001  0.000000e+000
 1.997500e+002  1.317104e-001  0.000000e+000
 2.000000e+002  1.804328e-001  0.000000e+000
 2.002500e+002  2.059543e-001  0.000000e+000
 2.005000e+002  3.714234e-001  0.000000e+000
 2.007500e+002  2.801973e-001  0.000000e+000
 2.010000e+002  4.801987e-001  0.000000e+000
 2.012500e+002  2.056176e-001  0.000000e+000
 2.015000e+002  4.599205e-001  0.000000e+000
 2.017500e+002  3.530789e-001  0.000000e+000
 2.020000e+002  2.736271e-001  0.000000e+000
 2.022500e+002  1.408059e-001  0.000000e+000
 2.025000e+002  4.563812e-001  0.000000e+000
 2.027500e+002  4.581411e-001  0.000000e+000
 2.030000e+002  5.640767e-001  0.000000e+000
 2.032500e+002  5.420938e-001  0.000000e+000
 2.035000e+002  6.545762e-001  0.000000e+000
 2.037500e+002  3.585435e-001  0.000000e+000
 2.040000e+002  7.824253e-002  0.000000e+000
 2.042500e+002  5.116978e-001  0.000000e+000
 2.045000e+002  4.329092e-001  0.000000e+000
 2.047500e+002  2.984233e-001  0.000000e+000
 2.050000e+002  5.909325e-001  0.000000e+000
 2.052500e+002  1.970596e-001  0.000000e+000
 2.055000e+002  5.588077e-001  0.000000e+000
 2.057500e+002  3.824591e-001  0.000000e+000
 2.060000e+002  5.586964e-001  0.000000e+000
 2.062500e+002  6.948373e-002  0.000000e+000
 2.065000e+002  1.579511e-001  0.000000e+000
 2.067500e+002  1.413782e-001  0.000000e+000
 2.070000e+002  2.404993e-001  0.000000e+000
 2.072500e+002  2.105290e-001  0.000000e+000
 2.075000e+002  5.984167e-001  0.000000e+000
 2.077500e+002  2.695164e-001  0.000000e+000
 2.080000e+002  9.481037e-002  0.000000e+000
 2.082500e+002  3.862013e-001  0.000000e+000
 2.085000e+002  3.412327e-001  0.000000e+000
 2.087500e+002  6.824427e-002  0.000000e+000
 2.090000e+002  1.982231e-001  0.000000e+000
 2.092500e+002  2.045069e-001  0.000000e+000
 2.095000e+002  7.685875e-001  0.000000e+000
 2.097500e+002  3.832302e-001  0.000000e+000
 2.100000e+002  1.856879e-001  0.000000e+000
 2.102500e+002  3.563209e-001  0.000000e+000
 2.105000e+002  5.467064e-001  0.000000e+000
 2.107500e+002  2.295924e-001  0.000000e+000
 2.110000e+002  2.382202e-001  0.000000e+000
 2.112500e+002  3.551408e-001  0.000000e+000
 2.115000e+002  5.173839e-001  0.000000e+000
 2.117500e+002  5.853778e-002  0.000000e+000
 2.120000e+002  3.986175e-001  0.000000e+000
 2.122500e+002  3.486011e-001  0.000000e+000
 2.125000e+002  3.084404e-001  0.000000e+000
 2.127500e+002  8.481903e-002  0.000000e+000
 2.130000e+002  3.131245e-001  0.000000e+000
 2.132500e+002  2.395296e-001  0.000000e+000
 2.135000e+002  4.784479e-001  0.000000e+000
 2.137500e+002  4.163138e-001  0.000000e+000
 2.140000e+002  4.411844e-001  0.000000e+000
 2.142500e+002  1.565112e-001  0.000000e+000
 2.145000e+002  8.151621e-002  0.000000e+000
 2.147500e+002  1.178542e-001  0.000000e+000
 2.150000e+002  6.918597e-001  0.000000e+000
 2.152500e+002  9.400445e-002  0.000000e+000
 2.155000e+002  4.512233e-001  0.000000e+000
 2.157500e+002  3.693752e-001  0.000000e+000
 2.160000e+002  4.002555e-001  0.000000e+000
 2.162500e+002  3.285618e-001  0.000000e+000
 2.165000e+002  2.752498e-001  0.000000e+000
 2.167500e+002  2.248654e-001  0.000000e+000
 2.170000e+002  4.096765e-001  0.000000e+000
 2.172500e+002  1.795134e-001  0.000000e+000
 2.175000e+002  4.371340e-001  0.000000e+000
 2.177500e+002  3.195060e-001  0.000000e+000
 2.180000e+002  2.824428e-001  0.000000e+000
 2.182500e+002  4.315411e-001  0.000000e+000
 2.185000e+002  1.219046e-001  0.000000e+000
 2.187500e+002  2.255627e-001  0.000000e+000
 2.190000e+002  2.779866e-001  0.000000e+000
 2.192500e+002  6.399089e-001  0.000000e+000
 2.195000e+002  2.810415e-001  0.000000e+000
 2.197500e+002  4.006839e-001  0.000000e+000
 2.200000e+002  1.590618e-001  0.000000e+000
 2.202500e+002  2.156415e-001  0.000000e+000
 2.205000e+002  5.696995e-002  0.000000e+000
 2.207500e+002  3.005472e-001  0.000000e+000
 2.210000e+002  1.638818e-001  0.000000e+000
 2.212500e+002  2.692350e-001  0.000000e+000
 2.215000e+002  3.574694e-001  0.000000e+000
 2.217500e+002  2.698952e-001  0.000000e+000
 2.220000e+002  3.165411e-001  0.000000e+000
 2.222500e+002  1.279071e-001  0.000000e+000
 2.225000e+002  5.325555e-002  0.000000e+000
 2.227500e+002  2.281746e-001  0.000000e+000
 2.230000e+002  2.453210e-002  0.000000e+000
 2.232500e+002  2.619050e-001  0.000000e+000
 2.235000e+002  6.035236e-001  0.000000e+000
 2.237500e+002  3.534017e-001  0.000000e+000
 2.240000e+002  3.627308e-001  0.000000e+000
 2.242500e+002  2.904064e-001  0.000000e+000
 2.245000e+002  5.002837e-001  0.000000e+000
 2.247500e+002  1.914108e-001  0.000000e+000
 2.250000e+002  2.704052e-001  0.000000e+000
 2.252500e+002  6.092078e-002  0.000000e+000
 2.255000e+002  3.174941e-002  0.000000e+000
 2.257500e+002  1.088378e-001  0.000000e+000
 2.260000e+002  2.447443e-001  0.000000e+000
 2.262500e+002  1.045947e-001  0.000000e+000
 2.265000e+002  1.528253e-001  0.000000e+000
 2.267500e+002  8.408917e-002  0.000000e+000
 2.270000e+002  1.354629e-001  0.000000e+000
 2.272500e+002  1.528278e-001  0.000000e+000
 2.275000e+002  1.436086e-001  0.000000e+000
 2.277500e+002  2.227471e-001  0.000000e+000
 2.280000e+002  3.198880e-001  0.000000e+000
 2.282500e+002  1.515279e-001  0.000000e+000
 2.285000e+002  2.229410e-001  0.000000e+000
 2.287500e+002  2.160037e-001  0.000000e+000
 2.290000e+002  4.496976e-001  0.000000e+000
 2.292500e+002  2.540846e-002  0.000000e+000
 2.295000e+002  5.292504e-002  0.000000e+000
 2.297500e+002  1.131886e-001  0.000000e+000
 2.300000e+002  1.794421e-001  0.000000e+000
 2.302500e+002  3.342995e-002  0.000000e+000
 2.305000e+002  2.135976e-001  0.000000e+000
 2.307500e+002  1.041785e-001  0.000000e+000
 2.310000e+002  2.381094e-001  0.000000e+000
 2.312500e+002  1.373964e-001  0.000000e+000
 2.315000e+002  1.963151e-001  0.000000e+000
 2.317500e+002  1.212979e-001  0.000000e+000
 2.320000e+002  2.248009e-002  0.000000e+000
 2.322500e+002  1.285495e-002  0.000000e+000
 2.325000e+002  3.499646e-001  0.000000e+000
 2.327500e+002  1.237154e-001  0.000000e+000
 2.330000e+002  4.023976e-001  0.000000e+000
 2.332500e+002  5.749491e-002  0.000000e+000
 2.335000e+002  9.597423e-002  0.000000e+000
 2.337500e+002  2.009290e-001  0.000000e+000
 2.340000e+002  1.335863e-002  0.000000e+000
 2.342500e+002  1.113553e-001  0.000000e+000
 2.345000e+002  2.749259e-001  0.000000e+000
 2.347500e+002  4.044701e-002  0.000000e+000
 2.350000e+002  5.568834e-002  0.000000e+000
 2.352500e+002  1.918304e-001  0.000000e+000
 2.355000e+002  7.950541e-002  0.000000e+000
 2.357500e+002  1.521284e-001  0.000000e+000
 2.360000e+002  1.512966e-002  0.000000e+000
 2.362500e+002  9.960960e-002  0.000000e+000
 2.365000e+002  3.050458e-002  0.000000e+000
 2.367500e+002  1.896121e-001  0.000000e+000
 2.370000e+002  1.012141e-001  0.000000e+000
 2.372500e+002  7.173432e-002  0.000000e+000
 2.375000e+002  9.407174e-002  0.000000e+000
 2.377500e+002  1.005595e-002  0.000000e+000
 2.380000e+002  3.307052e-001  0.000000e+000
 2.382500e+002  2.627357e-002  0.000000e+000
 2.385000e+002  9.242290e-002  0.000000e+000
 2.387500e+002  8.048674e-002  0.000000e+000
 2.390000e+002  5.494358e-002  0.000000e+000
 2.392500e+002  5.551720e-002  0.000000e+000
 2.395000e+002  3.961885e-001  0.000000e+000
 2.397500e+002  5.107041e-002  0.000000e+000
 2.400000e+002  3.950675e-001  0.000000e+000
 2.402500e+002  2.401629e-002  0.000000e+000
 2.405000e+002  1.435245e-001  0.000000e+000
 2.407500e+002  2.410671e-003  0.000000e+000
 2.410000e+002  5.606770e-003  0.000000e+000
 2.412500e+002  8.498064e-002  0.000000e+000
 2.415000e+002  7.837336e-002  0.000000e+000
 2.417500e+002  3.105432e-002  0.000000e+000
 2.420000e+002  3.431234e-001  0.000000e+000
 2.422500e+002  2.383642e-001  0.000000e+000
 2.425000e+002  8.195065e-002  0.000000e+000
 2.427500e+002  4.119240e-002  0.000000e+000
 2.430000e+002  1.126062e-001  0.000000e+000
 2.432500e+002  4.614310e-002  0.000000e+000
 2.435000e+002  3.212899e-001  0.000000e+000
 2.437500e+002  2.621231e-002  0.000000e+000
 2.440000e+002  1.147972e-001  0.000000e+000
 2.442500e+002  7.361309e-003  0.000000e+000
 2.445000e+002  1.922776e-001  0.000000e+000
 2.447500e+002  2.058677e-001  0.000000e+000
 2.450000e+002  1.425515e-001  0.000000e+000
 2.452500e+002  7.532417e-002  0.000000e+000
 2.455000e+002  8.809661e-002  0.000000e+000
 2.457500e+002  1.206326e-001  0.000000e+000
 2.460000e+002  1.397095e-001  0.000000e+000
 2.462500e+002  2.076259e-002  0.000000e+000
 2.465000e+002  9.225220e-002  0.000000e+000
 2.467500e+002  3.025327e-001  0.000000e+000
 2.470000e+002  2.961756e-002  0.000000e+000
 2.472500e+002  2.314174e-001  0.000000e+000
 2.475000e+002  3.089785e-001  0.000000e+000
 2.477500e+002  1.908765e-001  0.000000e+000
 2.480000e+002  1.809478e-001  0.000000e+000
 2.482500e+002  2.081954e-001  0.000000e+000
 2.485000e+002  1.345928e-001  0.000000e+000
 2.487500e+002  6.964479e-002  0.000000e+000
 2.490000e+002  3.429441e-001  0.000000e+000
 2.492500e+002  2.124429e-001  0.000000e+000
 2.495000e+002  8.868556e-002  0.000000e+000
 2.497500e+002  1.420655e-001  0.000000e+000
 2.500000e+002  2.115760e-001  0.000000e+000
 2.502500e+002  3.310492e-001  0.000000e+000
 2.505000e+002  6.828373e-002  0.000000e+000
 2.507500e+002  1.358915e-001  0.000000e+000
 2.510000e+002  2.079259e-001  0.000000e+000
 2.512500e+002  2.472150e-001  0.000000e+000
 2.515000e+002  5.841898e-002  0.000000e+000
 2.517500e+002  3.470502e-001  0.000000e+000
 2.520000e+002  1.299677e-001  0.000000e+000
 2.522500e+002  4.258364e-002  0.000000e+000
 2.525000e+002  1.738535e-002  0.000000e+000
 2.527500e+002  1.285496e-001  0.000000e+000
 2.530000e+002  1.680235e-001  0.000000e+000
 2.532500e+002  3.483140e-001  0.000000e+000
 2.535000e+002  1.515032e-001  0.000000e+000
 2.537500e+002  4.285901e-002  0.000000e+000
 2.540000e+002  6.147327e-002  0.000000e+000
 2.542500e+002  1.846553e-001  0.000000e+000
 2.545000e+002  7.081165e-002  0.000000e+000
 2.547500e+002  7.799825e-002  0.000000e+000
 2.550000e+002  1.754597e-001  0.000000e+000
 2.552500e+002  1.327747e-001  0.000000e+000
 2.555000e+002  1.879794e-001  0.000000e+000
 2.557500e+002  2.972794e-001  0.000000e+000
 2.560000e+002  5.010599e-003  0.000000e+000
