 0.000000e+000  4.631986e-005  0.000000e+000
 1.000000e+000 -1.640552e-006 -9.896956e-007
 2.000000e+000 -1.987432e-006 -5.045154e-007
 3.000000e+000 -2.087745e-006 -3.267806e-007
 4.000000e+000 -2.397338e-006  1.563389e-007
 5.000000e+000 -2.253451e-006  1.061742e-007
 6.000000e+000 -2.274314e-006  2.590494e-007
 7.000000e+000 -2.466920e-006  2.936135e-007
 8.000000e+000 -2.676493e-006  1.612604e-007
 9.000000e+000 -2.699910e-006  4.558821e-007
 1.000000e+001 -2.991930e-006  5.563845e-007
 1.100000e+001 -3.034264e-006  6.518497e-007
 1.200000e+001 -3.273282e-006  8.577491e-007
 1.300000e+001 -3.818499e-006  9.920190e-007
 1.400000e+001 -4.280701e-006  9.897350e-007
 1.500000e+001 -3.371669e-005 -5.819888e-005
 1.600000e+001 -5.026477e-006  2.175864e-006
 1.700000e+001 -6.255972e-006  2.178839e-006
 1.800000e+001 -7.695724e-006  3.185748e-006
 1.900000e+001 -9.874759e-006  4.136599e-006
 2.000000e+001 -1.474709e-005  6.220408e-006
 2.100000e+001 -2.659596e-005  1.245870e-005
 2.200000e+001 -9.062233e-005  1.063891e-004
 2.300000e+001  4.752160e-005 -1.262482e-005
 2.400000e+001  1.944045e-005 -6.915508e-006
 2.500000e+001  1.284959e-005 -4.543060e-006
 2.600000e+001  9.472412e-006 -3.425774e-006
 2.700000e+001  7.469584e-006 -2.729489e-006
 2.800000e+001  6.602793e-006 -2.614057e-006
 2.900000e+001  5.515775e-006 -2.059186e-006
 3.000000e+001  4.385364e-006  2.213507e-006
 3.100000e+001  4.218338e-006 -1.711274e-006
 3.200000e+001  3.726871e-006 -1.491212e-006
 3.300000e+001  3.581788e-006 -1.358307e-006
 3.400000e+001  3.325481e-006 -1.326387e-006
 3.500000e+001  3.107328e-006 -1.192193e-006
 3.600000e+001  2.832631e-006 -1.195065e-006
 3.700000e+001  2.756405e-006 -1.051715e-006
 3.800000e+001  2.619099e-006 -1.014759e-006
 3.900000e+001  2.461102e-006 -1.034687e-006
 4.000000e+001  2.377385e-006 -9.505135e-007
 4.100000e+001  2.286840e-006 -1.080355e-006
 4.200000e+001  2.231420e-006 -1.167351e-006
 4.300000e+001  2.171465e-006 -1.257834e-006
 4.400000e+001  2.119247e-006 -2.037694e-006
 4.500000e+001  6.100206e-006 -1.424234e-005
 4.600000e+001  2.280059e-006  1.607236e-006
 4.700000e+001  2.128247e-006  5.993645e-007
 4.800000e+001  2.024890e-006  1.452772e-007
 4.900000e+001  1.860623e-006  1.072761e-008
 5.000000e+001  1.872457e-006  1.280897e-008
 5.100000e+001  1.806112e-006  2.105505e-008
 5.200000e+001  1.822190e-006  8.222539e-008
 5.300000e+001  2.017319e-006 -9.561544e-008
 5.400000e+001  1.984071e-006  1.612578e-008
 5.500000e+001  1.858474e-006 -2.250776e-008
 5.600000e+001  1.863232e-006 -1.316363e-007
 5.700000e+001  1.828015e-006  2.399209e-008
 5.800000e+001  1.745560e-006 -7.315223e-008
 5.900000e+001  1.929832e-006 -8.667203e-008
 6.000000e+001  3.122527e-006  1.318699e-006
 6.100000e+001  1.790598e-006 -2.480067e-008
 6.200000e+001  1.847621e-006 -6.792812e-010
 6.300000e+001  1.959793e-006 -2.071204e-009
 6.400000e+001  2.013779e-006 -2.650722e-008
 6.500000e+001  2.101289e-006  2.241165e-008
 6.600000e+001  2.109929e-006  4.931309e-008
 6.700000e+001  2.218782e-006  8.872582e-008
 6.800000e+001  2.502059e-006 -5.445377e-008
 6.900000e+001  2.606788e-006  4.578894e-008
 7.000000e+001  2.883361e-006  1.151405e-007
 7.100000e+001  2.843750e-006  7.673673e-008
 7.200000e+001  3.716709e-006 -5.111407e-008
 7.300000e+001  1.456457e-006 -5.518548e-007
 7.400000e+001  3.482423e-006 -7.515728e-007
 7.500000e+001  1.275807e-006 -2.733591e-007
 7.600000e+001  4.816622e-006 -1.056562e-007
 7.700000e+001  6.798850e-006 -1.193066e-006
 7.800000e+001  1.319177e-005 -2.970158e-006
 7.900000e+001  1.262095e-005 -4.964295e-005
 8.000000e+001 -1.322668e-005 -3.721428e-006
 8.100000e+001 -6.704822e-006 -9.042529e-007
 8.200000e+001 -4.077130e-006 -3.720756e-007
 8.300000e+001 -3.080307e-006 -2.755529e-008
 8.400000e+001 -2.402905e-006  2.153704e-008
 8.500000e+001 -1.985436e-006  3.938674e-008
 8.600000e+001 -1.537489e-006  3.402123e-008
 8.700000e+001 -1.318740e-006  1.036554e-007
 8.800000e+001 -1.055186e-006 -4.610539e-008
 8.900000e+001 -1.007807e-006  7.881872e-008
 9.000000e+001 -8.898913e-007 -2.018556e-007
 9.100000e+001 -6.175732e-007  1.474739e-007
 9.200000e+001 -6.752581e-007  1.421768e-007
 9.300000e+001 -5.882243e-007  1.842269e-007
 9.400000e+001 -6.212258e-007  9.207508e-008
 9.500000e+001 -5.309401e-007  1.791506e-007
 9.600000e+001 -4.101723e-007  1.812361e-007
 9.700000e+001 -4.531310e-007  1.955531e-007
 9.800000e+001 -4.169716e-007  1.228621e-007
 9.900000e+001 -3.048827e-007  2.847571e-007
 1.000000e+002 -3.627728e-007  1.774783e-007
 1.010000e+002 -3.599170e-007  2.579603e-007
 1.020000e+002 -3.400469e-007  1.012787e-007
 1.030000e+002  1.814324e-007  8.882981e-008
 1.040000e+002  2.314833e-007  3.576331e-007
 1.050000e+002 -6.299286e-007  3.202422e-007
 1.060000e+002 -1.223538e-006 -2.848334e-007
 1.070000e+002 -6.976075e-007  2.369003e-007
 1.080000e+002 -5.665209e-007  5.441540e-007
 1.090000e+002 -1.070543e-006  6.665524e-007
 1.100000e+002 -3.766903e-007  1.318342e-006
 1.110000e+002  4.982205e-007  1.067772e-006
 1.120000e+002  1.011383e-007  6.141089e-007
 1.130000e+002  8.870277e-008  4.622707e-007
 1.140000e+002  2.010152e-007  3.715566e-007
 1.150000e+002 -2.169278e-008  3.861267e-007
 1.160000e+002 -7.574990e-008  4.817156e-007
 1.170000e+002  3.702496e-008  4.109276e-007
 1.180000e+002  1.025278e-007  3.020664e-007
 1.190000e+002 -4.828450e-008  1.771858e-007
 1.200000e+002  3.216062e-007 -2.021323e-007
 1.210000e+002 -1.689754e-008  4.687250e-007
 1.220000e+002 -1.070494e-007  3.176654e-007
 1.230000e+002 -1.737423e-007  3.238641e-007
 1.240000e+002 -1.495946e-007  4.253854e-007
 1.250000e+002  4.449835e-008  3.192055e-007
 1.260000e+002 -4.644314e-009  3.091714e-007
 1.270000e+002 -6.995267e-008  3.045658e-007
 1.280000e+002 -4.949892e-009  3.854907e-007
 1.290000e+002 -9.191721e-008  3.538452e-007
 1.300000e+002 -1.285470e-007  4.414276e-007
 1.310000e+002 -5.929866e-008  4.596334e-007
 1.320000e+002 -5.864181e-008  4.990636e-007
 1.330000e+002 -1.381941e-007  7.186143e-007
 1.340000e+002 -3.033784e-008  9.598855e-007
 1.350000e+002  4.798081e-007  2.887580e-006
 1.360000e+002 -2.480332e-007 -1.703263e-006
 1.370000e+002 -4.562306e-008 -4.225315e-007
 1.380000e+002 -1.221930e-007 -1.894008e-007
 1.390000e+002 -2.078802e-007 -9.871629e-008
 1.400000e+002 -1.282034e-007  5.138077e-008
 1.410000e+002 -1.459785e-007  8.302704e-008
 1.420000e+002 -1.210794e-007  1.533912e-007
 1.430000e+002 -1.703229e-007  1.461222e-007
 1.440000e+002 -1.143930e-007  2.243454e-008
 1.450000e+002 -1.505481e-007  1.102716e-007
 1.460000e+002 -1.637877e-007  1.024756e-007
 1.470000e+002 -1.619623e-007  7.964624e-008
 1.480000e+002 -1.028605e-007  1.273899e-007
 1.490000e+002 -9.885864e-008  3.596878e-008
 1.500000e+002  4.186435e-007 -1.134372e-007
 1.510000e+002 -2.436958e-007  1.820981e-007
 1.520000e+002 -1.867694e-007  1.495132e-007
 1.530000e+002 -2.135544e-007  1.449380e-007
 1.540000e+002 -1.618890e-007  1.107335e-007
 1.550000e+002 -1.922669e-007  1.631765e-007
 1.560000e+002 -2.241714e-007  1.801211e-007
 1.570000e+002 -1.998930e-007  2.276349e-007
 1.580000e+002 -2.208358e-007  1.108173e-007
 1.590000e+002 -1.640217e-007  1.038005e-007
 1.600000e+002 -2.039464e-007  1.847714e-007
 1.610000e+002 -2.600448e-007  1.678544e-007
 1.620000e+002 -1.521550e-007  2.221432e-007
 1.630000e+002 -1.876775e-007  2.637268e-007
 1.640000e+002 -1.207134e-007  3.752959e-007
 1.650000e+002 -1.027742e-007  2.687378e-006
 1.660000e+002 -3.192267e-007 -3.164026e-007
 1.670000e+002 -2.400256e-007 -7.794334e-008
 1.680000e+002 -2.762536e-007 -7.415701e-009
 1.690000e+002 -2.440065e-007 -1.072439e-009
 1.700000e+002 -2.178736e-007  2.733744e-008
 1.710000e+002 -1.405694e-007  3.202183e-008
 1.720000e+002 -2.575004e-007  5.189402e-008
 1.730000e+002 -1.994951e-007 -5.436231e-009
 1.740000e+002 -2.826085e-007  4.686215e-008
 1.750000e+002 -2.483037e-007  2.069401e-009
 1.760000e+002 -2.379896e-007 -3.000889e-008
 1.770000e+002 -2.169303e-007  1.273670e-008
 1.780000e+002 -2.204017e-007  3.646868e-008
 1.790000e+002 -3.385662e-007  6.780592e-008
 1.800000e+002 -8.116533e-007  5.047463e-007
 1.810000e+002 -9.583184e-008 -1.807727e-007
 1.820000e+002 -1.360546e-007 -8.381222e-008
 1.830000e+002 -1.804204e-007 -5.244072e-008
 1.840000e+002 -1.811305e-007  3.272401e-008
 1.850000e+002 -2.395786e-007  7.071300e-009
 1.860000e+002 -2.020828e-007  2.912155e-008
 1.870000e+002 -2.079437e-007 -3.132995e-008
 1.880000e+002 -2.477742e-007 -8.748841e-008
 1.890000e+002 -2.318106e-007  4.897431e-008
 1.900000e+002 -2.019004e-007 -9.934215e-008
 1.910000e+002 -2.532805e-007  2.296805e-008
 1.920000e+002 -1.760522e-007 -1.135279e-007
 1.930000e+002 -2.279567e-007 -5.300408e-008
 1.940000e+002 -1.842934e-007 -1.044177e-007
 1.950000e+002  7.244453e-007 -1.144785e-006
 1.960000e+002 -1.666858e-007 -1.479765e-007
 1.970000e+002 -3.978821e-007  8.379896e-008
 1.980000e+002 -1.881829e-007  5.144832e-008
 1.990000e+002 -2.346574e-007 -4.074178e-008
 2.000000e+002 -2.004157e-007  1.942843e-008
 2.010000e+002 -3.334437e-007 -4.071674e-008
 2.020000e+002 -2.976667e-007 -3.886579e-008
 2.030000e+002 -3.270148e-007 -6.748929e-008
 2.040000e+002 -2.811563e-007 -1.136272e-007
 2.050000e+002 -2.257092e-007 -8.155838e-008
 2.060000e+002 -1.794296e-007 -1.320176e-007
 2.070000e+002 -2.249471e-007 -1.077546e-007
 2.080000e+002 -2.125530e-007 -3.869461e-008
 2.090000e+002 -2.490453e-007 -4.305425e-008
 2.100000e+002 -6.800179e-008  4.575383e-008
 2.110000e+002 -3.355260e-007 -2.660359e-008
 2.120000e+002 -2.231162e-007 -2.145900e-008
 2.130000e+002 -2.952646e-007  3.932466e-009
 2.140000e+002 -1.413942e-007 -5.050522e-008
 2.150000e+002 -2.222487e-007 -1.965834e-008
 2.160000e+002 -3.128676e-007 -6.435154e-008
 2.170000e+002 -2.577823e-007 -4.667880e-008
 2.180000e+002 -2.622947e-007 -7.614581e-008
 2.190000e+002 -2.083468e-007 -1.575343e-007
 2.200000e+002 -3.070620e-007 -1.744017e-007
 2.210000e+002 -3.000025e-007 -1.705796e-007
 2.220000e+002 -3.735522e-007 -1.508723e-007
 2.230000e+002 -3.554234e-007 -1.966214e-007
 2.240000e+002 -4.863057e-007 -2.828552e-007
 2.250000e+002 -1.171307e-006  8.603407e-007
 2.260000e+002 -3.740387e-009 -4.949899e-007
 2.270000e+002 -6.485920e-008 -2.206354e-007
 2.280000e+002 -1.711950e-007 -1.701228e-007
 2.290000e+002 -2.289396e-007 -1.019910e-007
 2.300000e+002 -1.915959e-007 -1.632683e-007
 2.310000e+002 -2.910741e-007 -1.034818e-007
 2.320000e+002 -3.438797e-007 -1.869838e-007
 2.330000e+002 -2.362326e-007 -2.205839e-007
 2.340000e+002 -1.483287e-007 -9.937688e-008
 2.350000e+002 -3.288609e-007 -1.543390e-007
 2.360000e+002 -3.635907e-007 -8.344405e-008
 2.370000e+002 -3.960216e-007 -2.968273e-008
 2.380000e+002 -1.603060e-007  1.383314e-007
 2.390000e+002 -8.750689e-008  2.061275e-007
 2.400000e+002 -5.387478e-008 -9.978145e-008
 2.410000e+002 -1.541856e-007 -2.531145e-007
 2.420000e+002 -8.446893e-008 -2.366799e-008
 2.430000e+002 -5.995795e-008 -5.176992e-008
 2.440000e+002 -1.201819e-007 -1.881571e-007
 2.450000e+002 -7.081848e-008 -1.535576e-007
 2.460000e+002 -3.925374e-008 -1.221588e-007
 2.470000e+002 -1.224876e-007 -1.634154e-007
 2.480000e+002 -2.863405e-008 -1.564491e-007
 2.490000e+002 -7.672794e-008 -2.099463e-007
 2.500000e+002 -1.283443e-007 -1.817779e-007
 2.510000e+002 -5.302337e-008 -1.602973e-007
 2.520000e+002  5.565170e-008 -2.681098e-007
 2.530000e+002 -1.300030e-007 -4.695028e-007
 2.540000e+002 -3.502433e-007 -6.176801e-007
 2.550000e+002 -1.233075e-007 -1.105432e-006
 2.560000e+002  1.616862e-007  5.002659e-007
 2.570000e+002 -1.680861e-007  1.857855e-007
 2.580000e+002  3.781054e-008  1.321788e-007
 2.590000e+002  2.920117e-008 -1.550405e-007
 2.600000e+002 -3.754636e-008 -8.841835e-008
 2.610000e+002 -1.027302e-007 -1.049699e-007
 2.620000e+002  9.678688e-010 -9.272607e-008
 2.630000e+002 -4.767884e-008 -1.368019e-007
 2.640000e+002 -2.073082e-008 -1.560681e-007
 2.650000e+002 -3.988566e-008 -7.186103e-008
 2.660000e+002  1.436310e-008 -2.086360e-007
 2.670000e+002 -7.763924e-008 -1.089562e-007
 2.680000e+002 -4.894532e-008 -2.890461e-008
 2.690000e+002 -1.523573e-007 -1.067773e-007
 2.700000e+002  1.451338e-008 -8.105116e-008
 2.710000e+002 -3.477041e-009 -5.014327e-007
 2.720000e+002  6.258120e-008 -1.215368e-007
 2.730000e+002 -1.153559e-008 -1.764004e-007
 2.740000e+002 -1.597575e-008 -1.730394e-007
 2.750000e+002  5.307881e-009 -1.940528e-007
 2.760000e+002 -3.584633e-008 -2.132672e-007
 2.770000e+002 -9.556785e-008 -1.498841e-007
 2.780000e+002 -1.415638e-007 -8.805091e-008
 2.790000e+002 -4.787340e-008 -1.249777e-007
 2.800000e+002 -9.345659e-008 -2.660481e-007
 2.810000e+002 -6.070729e-008 -2.020376e-007
 2.820000e+002 -8.668618e-008 -1.946827e-007
 2.830000e+002 -1.912107e-007 -3.031181e-007
 2.840000e+002 -2.796810e-007 -2.678130e-007
 2.850000e+002 -1.984854e-006 -1.963584e-006
 2.860000e+002  3.708511e-007 -5.137138e-008
 2.870000e+002  3.644093e-007 -1.132310e-007
 2.880000e+002  2.439166e-007 -1.127993e-008
 2.890000e+002  2.066041e-007 -1.044770e-007
 2.900000e+002  2.714407e-007 -1.357046e-007
 2.910000e+002  6.491146e-008  3.004727e-009
 2.920000e+002  1.163391e-007  2.869831e-008
 2.930000e+002  1.582083e-007 -1.354858e-007
 2.940000e+002  1.617630e-007 -7.896477e-008
 2.950000e+002 -2.421503e-008 -5.444893e-008
 2.960000e+002  1.032680e-008 -1.223244e-007
 2.970000e+002  1.047383e-007 -8.898288e-008
 2.980000e+002  1.174055e-008 -2.569756e-007
 2.990000e+002 -3.361098e-008 -3.124176e-008
 3.000000e+002 -2.155727e-007 -4.884192e-007
 3.010000e+002  1.413611e-007  7.511476e-008
 3.020000e+002  3.975034e-008 -8.541117e-008
 3.030000e+002  3.639047e-008 -3.982141e-008
 3.040000e+002  2.497169e-008  5.277669e-008
 3.050000e+002  1.233631e-007 -3.636052e-008
 3.060000e+002  8.144318e-008  6.491196e-008
 3.070000e+002  1.690100e-007 -5.975776e-010
 3.080000e+002  9.327646e-008  2.730115e-008
 3.090000e+002  7.309444e-008 -4.323625e-008
 3.100000e+002  9.807008e-008  9.759054e-008
 3.110000e+002  7.544137e-009 -1.585375e-008
 3.120000e+002  1.314845e-007  4.787032e-008
 3.130000e+002  1.535300e-007 -3.401713e-008
 3.140000e+002  2.573268e-007 -1.522640e-008
 3.150000e+002  6.683689e-007  2.241764e-008
 3.160000e+002 -5.205764e-008 -1.859354e-007
 3.170000e+002 -1.468697e-007  9.969765e-008
 3.180000e+002 -1.749417e-007  1.950461e-007
 3.190000e+002 -3.486358e-008  1.364739e-007
 3.200000e+002  4.603068e-009  2.218632e-008
 3.210000e+002  2.370888e-008  3.825536e-008
 3.220000e+002 -1.771191e-008  1.749899e-008
 3.230000e+002 -3.834132e-008  1.541451e-007
 3.240000e+002 -2.041629e-007  1.319897e-007
 3.250000e+002  4.932436e-008  2.461533e-007
 3.260000e+002 -9.878922e-008  1.537534e-007
 3.270000e+002 -1.471090e-007  1.442826e-007
 3.280000e+002 -1.524885e-007  3.342794e-007
 3.290000e+002 -6.066663e-008  2.501816e-007
 3.300000e+002  1.982859e-008  2.366908e-007
 3.310000e+002  1.658145e-007  3.705336e-007
 3.320000e+002  7.909529e-008  2.399232e-007
 3.330000e+002  1.062387e-008  4.260221e-007
 3.340000e+002  8.761127e-008  3.681882e-007
 3.350000e+002  1.108917e-007  2.396869e-007
 3.360000e+002  2.298059e-007  2.598648e-007
 3.370000e+002 -1.330438e-008  3.532636e-007
 3.380000e+002  2.292598e-007  2.906781e-007
 3.390000e+002  3.780217e-008  3.379083e-007
 3.400000e+002  1.861234e-007  2.027440e-007
 3.410000e+002  1.469057e-008  2.224978e-007
 3.420000e+002  1.495892e-007  1.728769e-007
 3.430000e+002  3.494468e-007  8.737561e-008
 3.440000e+002  2.530177e-007  2.470590e-008
 3.450000e+002 -2.970612e-007  1.755303e-007
 3.460000e+002  1.438101e-008  1.358816e-006
 3.470000e+002  1.718207e-007  4.002154e-007
 3.480000e+002  1.900888e-007  2.805823e-007
 3.490000e+002  2.714119e-007  3.785533e-007
 3.500000e+002  1.656890e-007  2.035367e-007
 3.510000e+002  2.975163e-007  5.799188e-008
 3.520000e+002  1.967489e-007  2.147189e-007
 3.530000e+002  1.420971e-007  3.169065e-007
 3.540000e+002 -9.088026e-008  2.680151e-007
 3.550000e+002  9.052223e-008  2.615653e-007
 3.560000e+002  1.856088e-007  3.179683e-007
 3.570000e+002  2.580823e-007  3.431570e-007
 3.580000e+002  1.058781e-007  1.714340e-007
 3.590000e+002 -2.489608e-008  1.809292e-007
 3.600000e+002  4.497520e-009  5.337577e-007
 3.610000e+002  1.714247e-007  2.159868e-007
 3.620000e+002 -9.171913e-008  2.842156e-007
 3.630000e+002  1.537086e-007  2.014320e-007
 3.640000e+002  8.995266e-008  1.812870e-007
 3.650000e+002  7.371626e-008  2.880715e-008
 3.660000e+002  1.470014e-007  3.215064e-007
 3.670000e+002 -6.261753e-008  3.147408e-007
 3.680000e+002 -1.426069e-008  1.235965e-007
 3.690000e+002  1.119653e-008  1.533533e-007
 3.700000e+002  2.160883e-007  2.322907e-007
 3.710000e+002  1.005615e-007  5.209327e-009
 3.720000e+002  1.927497e-007  1.550928e-007
 3.730000e+002  2.580330e-007 -1.443855e-007
 3.740000e+002  1.027174e-007  2.548500e-007
 3.750000e+002 -5.061466e-008 -2.671289e-007
 3.760000e+002  1.995668e-007  1.631423e-007
 3.770000e+002  4.456616e-007  7.537740e-007
 3.780000e+002  4.656224e-008  6.740260e-007
 3.790000e+002  1.445995e-007  3.798854e-007
 3.800000e+002  8.010248e-008  2.812266e-007
 3.810000e+002 -1.549519e-007  4.520704e-007
 3.820000e+002 -4.909844e-008  2.620441e-007
 3.830000e+002 -4.127659e-008  3.193021e-007
 3.840000e+002  5.269650e-008  3.584072e-007
 3.850000e+002 -1.104002e-007  1.790840e-007
 3.860000e+002  2.386132e-008  2.292407e-007
 3.870000e+002 -5.823336e-008  1.089995e-007
 3.880000e+002  8.440131e-008  3.126624e-007
 3.890000e+002  1.142181e-008  3.171457e-007
 3.900000e+002 -6.218075e-010  3.175246e-007
 3.910000e+002 -8.784562e-008  3.871785e-007
 3.920000e+002 -1.466016e-007  1.001138e-007
 3.930000e+002 -4.704956e-008  1.680819e-007
 3.940000e+002 -4.630565e-008  7.615356e-008
 3.950000e+002 -5.616526e-008  2.490389e-007
 3.960000e+002 -1.072893e-007  1.753493e-007
 3.970000e+002 -7.864580e-008  1.696551e-007
 3.980000e+002 -2.635717e-008  1.104170e-007
 3.990000e+002 -1.416825e-007  1.615323e-007
 4.000000e+002 -2.198396e-007 -1.577638e-007
 4.010000e+002 -8.382648e-008  1.145834e-007
 4.020000e+002 -6.090918e-008  9.207478e-008
 4.030000e+002 -1.342779e-007  2.295830e-007
 4.040000e+002 -3.392747e-007  1.716345e-007
 4.050000e+002 -3.554073e-007  9.244229e-007
 4.060000e+002  5.967059e-007 -2.609936e-007
 4.070000e+002 -1.760625e-007  3.974942e-007
 4.080000e+002 -2.782762e-007  3.265307e-007
 4.090000e+002 -2.004829e-007  1.999902e-007
 4.100000e+002 -2.700373e-008  2.104229e-007
 4.110000e+002 -1.752451e-007  1.000022e-007
 4.120000e+002 -4.134621e-007  6.932718e-008
 4.130000e+002 -1.843838e-007  1.635425e-007
 4.140000e+002 -2.146706e-007  8.820198e-008
 4.150000e+002 -3.424655e-007 -6.802584e-008
 4.160000e+002 -2.309973e-007 -9.244406e-008
 4.170000e+002 -8.214221e-008  1.879377e-007
 4.180000e+002 -1.576097e-007  1.788273e-007
 4.190000e+002 -1.068476e-007  1.702676e-007
 4.200000e+002 -3.669298e-007  1.434982e-007
 4.210000e+002 -1.744317e-007  7.737666e-008
 4.220000e+002 -3.034819e-007  2.544238e-008
 4.230000e+002 -1.002625e-007  3.535656e-008
 4.240000e+002 -2.217288e-007 -1.855809e-007
 4.250000e+002 -3.370287e-007 -1.662451e-007
 4.260000e+002 -9.051760e-008  1.108398e-007
 4.270000e+002 -1.101526e-007  5.935165e-008
 4.280000e+002 -3.858282e-007 -1.568997e-007
 4.290000e+002 -1.642698e-008 -3.665122e-008
 4.300000e+002 -4.062726e-007 -1.535055e-007
 4.310000e+002 -2.958819e-007  1.902448e-009
 4.320000e+002 -2.879676e-007 -6.308948e-009
 4.330000e+002 -4.124118e-007  4.769692e-008
 4.340000e+002 -7.605159e-007  5.059951e-008
 4.350000e+002 -6.194114e-007  9.866954e-007
 4.360000e+002 -1.691946e-007  8.096854e-007
 4.370000e+002 -7.572861e-008 -1.564683e-007
 4.380000e+002 -9.894289e-008 -5.153386e-008
 4.390000e+002  2.096392e-007 -2.358931e-008
 4.400000e+002 -2.479983e-007 -7.445019e-008
 4.410000e+002 -1.913846e-007  6.067457e-008
 4.420000e+002  8.426785e-008 -3.422698e-007
 4.430000e+002 -1.746178e-007 -1.949973e-007
 4.440000e+002 -1.142942e-007 -1.510251e-007
 4.450000e+002 -2.205358e-007 -2.231880e-007
 4.460000e+002 -1.866639e-007 -2.856596e-007
 4.470000e+002 -5.417913e-008 -2.329297e-007
 4.480000e+002 -5.735883e-008 -2.522353e-007
 4.490000e+002 -4.602205e-008 -1.468533e-007
 4.500000e+002 -8.954132e-008 -5.388350e-007
 4.510000e+002 -2.853049e-007 -4.282825e-007
 4.520000e+002  2.255266e-007  2.835014e-007
 4.530000e+002  1.954331e-007 -1.933330e-007
 4.540000e+002 -1.213603e-007 -1.463655e-007
 4.550000e+002 -2.880901e-008 -2.895295e-007
 4.560000e+002 -3.845180e-007 -4.416719e-008
 4.570000e+002 -1.329668e-007 -2.569497e-007
 4.580000e+002  9.080253e-008 -8.858655e-008
 4.590000e+002 -3.084466e-007 -3.538151e-007
 4.600000e+002 -7.693951e-008 -2.980012e-008
 4.610000e+002  7.199467e-008 -1.917399e-007
 4.620000e+002 -1.201435e-007 -7.510238e-008
 4.630000e+002 -5.906250e-008  1.938496e-008
 4.640000e+002 -6.334050e-009  1.444083e-007
 4.650000e+002  6.569450e-008 -1.095793e-007
 4.660000e+002 -1.990825e-008 -1.624199e-007
 4.670000e+002 -7.962991e-007  2.065486e-008
 4.680000e+002  2.048134e-008 -4.307932e-007
 4.690000e+002  6.431601e-008 -1.772073e-007
 4.700000e+002 -1.017136e-007 -3.807619e-007
 4.710000e+002 -2.825967e-009 -1.850638e-007
 4.720000e+002  1.480109e-008 -2.815317e-007
 4.730000e+002  3.380671e-008 -2.041262e-007
 4.740000e+002  7.247035e-008 -2.777982e-007
 4.750000e+002 -3.341148e-008 -2.342167e-007
 4.760000e+002 -9.389980e-008 -1.689981e-007
 4.770000e+002 -1.461235e-007 -2.027219e-007
 4.780000e+002 -7.113932e-008 -5.050601e-008
 4.790000e+002  2.633576e-008 -7.504669e-008
 4.800000e+002  1.042914e-007 -2.798997e-007
 4.810000e+002  2.326575e-007  2.678062e-007
 4.820000e+002  3.506272e-007 -2.335207e-007
 4.830000e+002  3.211274e-008 -3.416206e-007
 4.840000e+002 -3.924064e-009 -1.238294e-007
 4.850000e+002 -6.789786e-008 -1.718457e-007
 4.860000e+002  1.998887e-007 -1.846353e-007
 4.870000e+002  1.095269e-007 -2.748505e-007
 4.880000e+002  5.357824e-008 -1.990321e-007
 4.890000e+002  4.331029e-008 -4.737970e-008
 4.900000e+002  2.348572e-007 -2.018450e-007
 4.910000e+002  4.177267e-008 -3.620296e-008
 4.920000e+002  8.472287e-008 -1.490313e-007
 4.930000e+002  1.468221e-007 -4.944556e-008
 4.940000e+002  7.545999e-008  8.188974e-008
 4.950000e+002  2.656184e-008 -1.871657e-007
 4.960000e+002  2.787833e-007 -1.515983e-007
 4.970000e+002  3.500051e-007  5.580367e-008
 4.980000e+002  9.769863e-008 -1.410394e-007
 4.990000e+002 -4.825247e-008 -2.618142e-007
 5.000000e+002  7.094599e-008 -6.907502e-008
 5.010000e+002  2.310513e-007 -3.913520e-008
 5.020000e+002  1.120064e-007 -1.892610e-007
 5.030000e+002  2.887542e-007 -4.985277e-008
 5.040000e+002  2.703304e-007 -5.593575e-008
 5.050000e+002  2.252628e-007 -1.137782e-007
 5.060000e+002  1.832403e-007 -2.106300e-008
 5.070000e+002  1.859766e-007 -2.081750e-008
 5.080000e+002  2.300735e-007 -2.080799e-008
 5.090000e+002  1.401474e-007 -5.924299e-008
 5.100000e+002  1.666666e-007  1.761258e-008
 5.110000e+002  1.759732e-007 -1.013495e-008
 5.120000e+002  1.590714e-007  1.648364e-010
