 0.000000e+000  9.056397e-001  0.000000e+000
 1.000000e+000  9.431933e-001  0.000000e+000
 2.000000e+000  9.580218e-001  0.000000e+000
 3.000000e+000  9.364273e-001  0.000000e+000
 4.000000e+000  9.496077e-001  0.000000e+000
 5.000000e+000  9.432054e-001  0.000000e+000
 6.000000e+000  9.235912e-001  0.000000e+000
 7.000000e+000  9.442375e-001  0.000000e+000
 8.000000e+000  9.404574e-001  0.000000e+000
 9.000000e+000  9.352572e-001  0.000000e+000
 1.000000e+001  9.369172e-001  0.000000e+000
 1.100000e+001  9.450462e-001  0.000000e+000
 1.200000e+001  9.119234e-001  0.000000e+000
 1.300000e+001  9.238236e-001  0.000000e+000
 1.400000e+001  8.381565e-001  0.000000e+000
 1.500000e+001  1.243502e-001  0.000000e+000
 1.600000e+001  8.637034e-001  0.000000e+000
 1.700000e+001  9.450532e-001  0.000000e+000
 1.800000e+001  9.729268e-001  0.000000e+000
 1.900000e+001  9.797291e-001  0.000000e+000
 2.000000e+001  9.839729e-001  0.000000e+000
 2.100000e+001  9.835435e-001  0.000000e+000
 2.200000e+001  9.779199e-001  0.000000e+000
 2.300000e+001  9.790978e-001  0.000000e+000
 2.400000e+001  9.701245e-001  0.000000e+000
 2.500000e+001  9.796438e-001  0.000000e+000
 2.600000e+001  9.783417e-001  0.000000e+000
 2.700000e+001  9.759471e-001  0.000000e+000
 2.800000e+001  9.741711e-001  0.000000e+000
 2.900000e+001  9.623088e-001  0.000000e+000
 3.000000e+001  9.030590e-002  0.000000e+000
 3.100000e+001  9.453745e-001  0.000000e+000
 3.200000e+001  9.489467e-001  0.000000e+000
 3.300000e+001  9.618080e-001  0.000000e+000
 3.400000e+001  9.493838e-001  0.000000e+000
 3.500000e+001  9.196805e-001  0.000000e+000
 3.600000e+001  9.134837e-001  0.000000e+000
 3.700000e+001  8.616826e-001  0.000000e+000
 3.800000e+001  8.322598e-001  0.000000e+000
 3.900000e+001  7.835138e-001  0.000000e+000
 4.000000e+001  7.516156e-001  0.000000e+000
 4.100000e+001  6.500486e-001  0.000000e+000
 4.200000e+001  4.335375e-001  0.000000e+000
 4.300000e+001  3.032306e-001  0.000000e+000
 4.400000e+001  1.454351e-001  0.000000e+000
 4.500000e+001  5.317902e-002  0.000000e+000
 4.600000e+001  7.097787e-002  0.000000e+000
 4.700000e+001  1.388667e-001  0.000000e+000
 4.800000e+001  2.218637e-001  0.000000e+000
 4.900000e+001  2.793271e-001  0.000000e+000
 5.000000e+001  3.470475e-001  0.000000e+000
 5.100000e+001  3.704303e-001  0.000000e+000
 5.200000e+001  5.045807e-001  0.000000e+000
 5.300000e+001  3.711189e-001  0.000000e+000
 5.400000e+001  4.226368e-001  0.000000e+000
 5.500000e+001  5.735987e-001  0.000000e+000
 5.600000e+001  4.419028e-001  0.000000e+000
 5.700000e+001  5.222981e-001  0.000000e+000
 5.800000e+001  5.619442e-001  0.000000e+000
 5.900000e+001  5.656604e-001  0.000000e+000
 6.000000e+001  1.439118e-001  0.000000e+000
 6.100000e+001  2.527550e-001  0.000000e+000
 6.200000e+001  9.854717e-002  0.000000e+000
 6.300000e+001  8.228572e-002  0.000000e+000
 6.400000e+001  2.692098e-001  0.000000e+000
 6.500000e+001  4.558119e-002  0.000000e+000
 6.600000e+001  1.955531e-002  0.000000e+000
 6.700000e+001  6.451516e-002  0.000000e+000
 6.800000e+001  1.535662e-001  0.000000e+000
 6.900000e+001  4.466192e-001  0.000000e+000
 7.000000e+001  4.950403e-001  0.000000e+000
 7.100000e+001  4.508947e-001  0.000000e+000
 7.200000e+001  5.429946e-001  0.000000e+000
 7.300000e+001  3.481735e-003  0.000000e+000
 7.400000e+001  5.834489e-001  0.000000e+000
 7.500000e+001  1.774165e-001  0.000000e+000
 7.600000e+001  8.602237e-001  0.000000e+000
 7.700000e+001  8.956518e-001  0.000000e+000
 7.800000e+001  9.654627e-001  0.000000e+000
 7.900000e+001  9.872694e-001  0.000000e+000
 8.000000e+001  9.792183e-001  0.000000e+000
 8.100000e+001  9.712137e-001  0.000000e+000
 8.200000e+001  9.508731e-001  0.000000e+000
 8.300000e+001  9.699280e-001  0.000000e+000
 8.400000e+001  9.682305e-001  0.000000e+000
 8.500000e+001  9.655260e-001  0.000000e+000
 8.600000e+001  9.527367e-001  0.000000e+000
 8.700000e+001  9.493819e-001  0.000000e+000
 8.800000e+001  7.001180e-001  0.000000e+000
 8.900000e+001  8.509837e-001  0.000000e+000
 9.000000e+001  1.236482e-001  0.000000e+000
 9.100000e+001  6.437863e-001  0.000000e+000
 9.200000e+001  8.269463e-001  0.000000e+000
 9.300000e+001  8.288524e-001  0.000000e+000
 9.400000e+001  8.668330e-001  0.000000e+000
 9.500000e+001  8.246369e-001  0.000000e+000
 9.600000e+001  8.839567e-001  0.000000e+000
 9.700000e+001  8.812689e-001  0.000000e+000
 9.800000e+001  8.412039e-001  0.000000e+000
 9.900000e+001  8.512598e-001  0.000000e+000
 1.000000e+002  7.642151e-001  0.000000e+000
 1.010000e+002  7.984807e-001  0.000000e+000
 1.020000e+002  7.585050e-001  0.000000e+000
 1.030000e+002  3.252841e-001  0.000000e+000
 1.040000e+002  5.469201e-001  0.000000e+000
 1.050000e+002  4.698960e-002  0.000000e+000
 1.060000e+002  1.153943e-002  0.000000e+000
 1.070000e+002  5.036976e-001  0.000000e+000
 1.080000e+002  5.907618e-001  0.000000e+000
 1.090000e+002  2.839961e-001  0.000000e+000
 1.100000e+002  6.823722e-001  0.000000e+000
 1.110000e+002  7.640647e-001  0.000000e+000
 1.120000e+002  7.526090e-001  0.000000e+000
 1.130000e+002  6.999908e-001  0.000000e+000
 1.140000e+002  7.542112e-001  0.000000e+000
 1.150000e+002  7.928647e-001  0.000000e+000
 1.160000e+002  7.253894e-001  0.000000e+000
 1.170000e+002  7.385425e-001  0.000000e+000
 1.180000e+002  6.809723e-001  0.000000e+000
 1.190000e+002  5.307657e-001  0.000000e+000
 1.200000e+002  1.360208e-002  0.000000e+000
 1.210000e+002  7.609436e-001  0.000000e+000
 1.220000e+002  5.316535e-001  0.000000e+000
 1.230000e+002  6.034651e-001  0.000000e+000
 1.240000e+002  6.701636e-001  0.000000e+000
 1.250000e+002  6.510743e-001  0.000000e+000
 1.260000e+002  5.716075e-001  0.000000e+000
 1.270000e+002  5.029323e-001  0.000000e+000
 1.280000e+002  5.280080e-001  0.000000e+000
 1.290000e+002  5.033172e-001  0.000000e+000
 1.300000e+002  5.931364e-001  0.000000e+000
 1.310000e+002  4.330791e-001  0.000000e+000
 1.320000e+002  4.387956e-001  0.000000e+000
 1.330000e+002  4.058037e-001  0.000000e+000
 1.340000e+002  2.953246e-001  0.000000e+000
 1.350000e+002  2.529067e-001  0.000000e+000
 1.360000e+002  1.798722e-001  0.000000e+000
 1.370000e+002  1.535895e-001  0.000000e+000
 1.380000e+002  1.330734e-001  0.000000e+000
 1.390000e+002  8.716396e-002  0.000000e+000
 1.400000e+002  1.420176e-001  0.000000e+000
 1.410000e+002  9.236103e-002  0.000000e+000
 1.420000e+002  2.027995e-001  0.000000e+000
 1.430000e+002  1.852650e-001  0.000000e+000
 1.440000e+002  2.530316e-001  0.000000e+000
 1.450000e+002  2.486236e-001  0.000000e+000
 1.460000e+002  2.699673e-001  0.000000e+000
 1.470000e+002  2.170649e-001  0.000000e+000
 1.480000e+002  2.201628e-001  0.000000e+000
 1.490000e+002  8.646019e-002  0.000000e+000
 1.500000e+002  2.632486e-003  0.000000e+000
 1.510000e+002  1.518053e-001  0.000000e+000
 1.520000e+002  2.907035e-001  0.000000e+000
 1.530000e+002  3.166321e-001  0.000000e+000
 1.540000e+002  3.858561e-001  0.000000e+000
 1.550000e+002  3.740475e-001  0.000000e+000
 1.560000e+002  2.502814e-001  0.000000e+000
 1.570000e+002  3.208723e-001  0.000000e+000
 1.580000e+002  2.886013e-001  0.000000e+000
 1.590000e+002  1.833879e-001  0.000000e+000
 1.600000e+002  3.163695e-001  0.000000e+000
 1.610000e+002  2.055669e-001  0.000000e+000
 1.620000e+002  2.082818e-001  0.000000e+000
 1.630000e+002  2.883069e-001  0.000000e+000
 1.640000e+002  1.802415e-001  0.000000e+000
 1.650000e+002  1.116024e-001  0.000000e+000
 1.660000e+002  8.003774e-003  0.000000e+000
 1.670000e+002  7.182207e-002  0.000000e+000
 1.680000e+002  2.566332e-001  0.000000e+000
 1.690000e+002  5.086741e-002  0.000000e+000
 1.700000e+002  2.855850e-001  0.000000e+000
 1.710000e+002  9.260412e-002  0.000000e+000
 1.720000e+002  9.232526e-002  0.000000e+000
 1.730000e+002  1.989892e-001  0.000000e+000
 1.740000e+002  1.932595e-001  0.000000e+000
 1.750000e+002  7.815544e-002  0.000000e+000
 1.760000e+002  8.962156e-002  0.000000e+000
 1.770000e+002  1.586829e-001  0.000000e+000
 1.780000e+002  2.352771e-001  0.000000e+000
 1.790000e+002  1.650590e-001  0.000000e+000
 1.800000e+002  1.103780e-001  0.000000e+000
 1.810000e+002  1.084106e-001  0.000000e+000
 1.820000e+002  5.893817e-002  0.000000e+000
 1.830000e+002  1.004314e-001  0.000000e+000
 1.840000e+002  1.100640e-001  0.000000e+000
 1.850000e+002  6.271587e-003  0.000000e+000
 1.860000e+002  2.481806e-002  0.000000e+000
 1.870000e+002  1.329956e-001  0.000000e+000
 1.880000e+002  6.553734e-002  0.000000e+000
 1.890000e+002  4.069128e-003  0.000000e+000
 1.900000e+002  7.520317e-002  0.000000e+000
 1.910000e+002  6.143043e-002  0.000000e+000
 1.920000e+002  1.470842e-001  0.000000e+000
 1.930000e+002  1.618620e-002  0.000000e+000
 1.940000e+002  5.437152e-002  0.000000e+000
 1.950000e+002  6.741583e-002  0.000000e+000
 1.960000e+002  7.803349e-003  0.000000e+000
 1.970000e+002  7.882949e-002  0.000000e+000
 1.980000e+002  3.608508e-002  0.000000e+000
 1.990000e+002  7.661985e-003  0.000000e+000
 2.000000e+002  2.339031e-002  0.000000e+000
 2.010000e+002  5.180891e-003  0.000000e+000
 2.020000e+002  1.465868e-002  0.000000e+000
 2.030000e+002  3.420890e-002  0.000000e+000
 2.040000e+002  5.610688e-002  0.000000e+000
 2.050000e+002  1.451236e-002  0.000000e+000
 2.060000e+002  2.527057e-002  0.000000e+000
 2.070000e+002  4.285980e-003  0.000000e+000
 2.080000e+002  3.444887e-004  0.000000e+000
 2.090000e+002  2.371378e-002  0.000000e+000
 2.100000e+002  3.439013e-003  0.000000e+000
 2.110000e+002  1.217708e-002  0.000000e+000
 2.120000e+002  1.093404e-002  0.000000e+000
 2.130000e+002  6.789599e-002  0.000000e+000
 2.140000e+002  3.206841e-003  0.000000e+000
 2.150000e+002  4.903690e-002  0.000000e+000
 2.160000e+002  4.399153e-002  0.000000e+000
 2.170000e+002  5.539351e-002  0.000000e+000
 2.180000e+002  1.520968e-002  0.000000e+000
 2.190000e+002  2.665348e-003  0.000000e+000
 2.200000e+002  2.509953e-002  0.000000e+000
 2.210000e+002  9.525172e-002  0.000000e+000
 2.220000e+002  2.795436e-003  0.000000e+000
 2.230000e+002  2.871481e-002  0.000000e+000
 2.240000e+002  1.575052e-001  0.000000e+000
 2.250000e+002  4.729774e-002  0.000000e+000
 2.260000e+002  7.216179e-003  0.000000e+000
 2.270000e+002  2.661888e-002  0.000000e+000
 2.280000e+002  1.688011e-002  0.000000e+000
 2.290000e+002  1.075978e-001  0.000000e+000
 2.300000e+002  6.222982e-002  0.000000e+000
 2.310000e+002  8.114556e-002  0.000000e+000
 2.320000e+002  5.644388e-002  0.000000e+000
 2.330000e+002  9.928045e-002  0.000000e+000
 2.340000e+002  2.223077e-002  0.000000e+000
 2.350000e+002  2.119723e-001  0.000000e+000
 2.360000e+002  1.774744e-001  0.000000e+000
 2.370000e+002  7.378583e-002  0.000000e+000
 2.380000e+002  1.178968e-001  0.000000e+000
 2.390000e+002  7.390628e-002  0.000000e+000
 2.400000e+002  1.683492e-002  0.000000e+000
 2.410000e+002  2.161388e-002  0.000000e+000
 2.420000e+002  2.019223e-002  0.000000e+000
 2.430000e+002  1.021258e-001  0.000000e+000
 2.440000e+002  1.354367e-001  0.000000e+000
 2.450000e+002  7.696196e-002  0.000000e+000
 2.460000e+002  1.129792e-001  0.000000e+000
 2.470000e+002  6.538163e-002  0.000000e+000
 2.480000e+002  1.055878e-001  0.000000e+000
 2.490000e+002  7.856613e-002  0.000000e+000
 2.500000e+002  6.738693e-002  0.000000e+000
 2.510000e+002  2.112087e-002  0.000000e+000
 2.520000e+002  6.909770e-002  0.000000e+000
 2.530000e+002  1.183836e-001  0.000000e+000
 2.540000e+002  1.319499e-001  0.000000e+000
 2.550000e+002  1.282080e-001  0.000000e+000
 2.560000e+002  2.806524e-002  0.000000e+000
 2.570000e+002  4.977488e-002  0.000000e+000
 2.580000e+002  1.486280e-001  0.000000e+000
 2.590000e+002  4.154291e-001  0.000000e+000
 2.600000e+002  1.195776e-001  0.000000e+000
 2.610000e+002  1.281220e-001  0.000000e+000
 2.620000e+002  1.881553e-001  0.000000e+000
 2.630000e+002  1.691466e-001  0.000000e+000
 2.640000e+002  9.517572e-002  0.000000e+000
 2.650000e+002  5.427641e-002  0.000000e+000
 2.660000e+002  3.289347e-001  0.000000e+000
 2.670000e+002  2.316364e-001  0.000000e+000
 2.680000e+002  2.432814e-001  0.000000e+000
 2.690000e+002  1.016761e-001  0.000000e+000
 2.700000e+002  1.343080e-001  0.000000e+000
 2.710000e+002  6.446120e-002  0.000000e+000
 2.720000e+002  1.021839e-001  0.000000e+000
 2.730000e+002  2.045780e-001  0.000000e+000
 2.740000e+002  1.795169e-001  0.000000e+000
 2.750000e+002  3.333859e-001  0.000000e+000
 2.760000e+002  2.342997e-001  0.000000e+000
 2.770000e+002  2.493136e-001  0.000000e+000
 2.780000e+002  1.644827e-001  0.000000e+000
 2.790000e+002  3.731871e-002  0.000000e+000
 2.800000e+002  1.661858e-001  0.000000e+000
 2.810000e+002  5.303559e-002  0.000000e+000
 2.820000e+002  1.757846e-001  0.000000e+000
 2.830000e+002  1.691728e-001  0.000000e+000
 2.840000e+002  5.552856e-002  0.000000e+000
 2.850000e+002  3.110106e-002  0.000000e+000
 2.860000e+002  3.371122e-002  0.000000e+000
 2.870000e+002  2.306208e-001  0.000000e+000
 2.880000e+002  6.826113e-002  0.000000e+000
 2.890000e+002  4.012448e-002  0.000000e+000
 2.900000e+002  1.227258e-001  0.000000e+000
 2.910000e+002  1.240866e-002  0.000000e+000
 2.920000e+002  1.742271e-001  0.000000e+000
 2.930000e+002  2.106971e-001  0.000000e+000
 2.940000e+002  1.420907e-001  0.000000e+000
 2.950000e+002  1.075645e-001  0.000000e+000
 2.960000e+002  9.022245e-002  0.000000e+000
 2.970000e+002  2.192700e-001  0.000000e+000
 2.980000e+002  1.159202e-001  0.000000e+000
 2.990000e+002  8.173223e-003  0.000000e+000
 3.000000e+002  6.012300e-002  0.000000e+000
 3.010000e+002  5.917465e-002  0.000000e+000
 3.020000e+002  8.653826e-002  0.000000e+000
 3.030000e+002  2.605691e-001  0.000000e+000
 3.040000e+002  1.182611e-001  0.000000e+000
 3.050000e+002  3.362588e-001  0.000000e+000
 3.060000e+002  3.208311e-001  0.000000e+000
 3.070000e+002  2.317752e-001  0.000000e+000
 3.080000e+002  9.146402e-002  0.000000e+000
 3.090000e+002  3.140890e-001  0.000000e+000
 3.100000e+002  3.232648e-001  0.000000e+000
 3.110000e+002  2.366684e-001  0.000000e+000
 3.120000e+002  2.596156e-001  0.000000e+000
 3.130000e+002  2.377012e-001  0.000000e+000
 3.140000e+002  2.449327e-001  0.000000e+000
 3.150000e+002  5.815653e-002  0.000000e+000
 3.160000e+002  3.258217e-002  0.000000e+000
 3.170000e+002  6.862313e-002  0.000000e+000
 3.180000e+002  2.147909e-002  0.000000e+000
 3.190000e+002  4.263614e-002  0.000000e+000
 3.200000e+002  4.030218e-002  0.000000e+000
 3.210000e+002  1.079234e-001  0.000000e+000
 3.220000e+002  2.237784e-002  0.000000e+000
 3.230000e+002  1.313890e-002  0.000000e+000
 3.240000e+002  5.720307e-002  0.000000e+000
 3.250000e+002  6.170280e-003  0.000000e+000
 3.260000e+002  1.732779e-001  0.000000e+000
 3.270000e+002  2.121264e-001  0.000000e+000
 3.280000e+002  2.203499e-001  0.000000e+000
 3.290000e+002  9.280486e-002  0.000000e+000
 3.300000e+002  1.504624e-002  0.000000e+000
 3.310000e+002  8.455977e-002  0.000000e+000
 3.320000e+002  6.466887e-003  0.000000e+000
 3.330000e+002  8.681098e-002  0.000000e+000
 3.340000e+002  1.952296e-001  0.000000e+000
 3.350000e+002  5.984113e-002  0.000000e+000
 3.360000e+002  3.559490e-001  0.000000e+000
 3.370000e+002  9.217220e-002  0.000000e+000
 3.380000e+002  5.347788e-003  0.000000e+000
 3.390000e+002  1.059557e-001  0.000000e+000
 3.400000e+002  3.611644e-002  0.000000e+000
 3.410000e+002  3.223529e-002  0.000000e+000
 3.420000e+002  5.677928e-002  0.000000e+000
 3.430000e+002  2.961811e-001  0.000000e+000
 3.440000e+002  1.207108e-001  0.000000e+000
 3.450000e+002  2.106997e-002  0.000000e+000
 3.460000e+002  3.445645e-002  0.000000e+000
 3.470000e+002  8.645226e-003  0.000000e+000
 3.480000e+002  1.074787e-001  0.000000e+000
 3.490000e+002  1.700592e-002  0.000000e+000
 3.500000e+002  3.568362e-003  0.000000e+000
 3.510000e+002  4.158277e-002  0.000000e+000
 3.520000e+002  7.624508e-002  0.000000e+000
 3.530000e+002  2.467934e-002  0.000000e+000
 3.540000e+002  4.683832e-002  0.000000e+000
 3.550000e+002  5.421298e-002  0.000000e+000
 3.560000e+002  3.423110e-002  0.000000e+000
 3.570000e+002  3.997904e-002  0.000000e+000
 3.580000e+002  2.283260e-002  0.000000e+000
 3.590000e+002  3.722273e-003  0.000000e+000
 3.600000e+002  1.599143e-002  0.000000e+000
 3.610000e+002  2.603350e-002  0.000000e+000
 3.620000e+002  1.554040e-001  0.000000e+000
 3.630000e+002  6.897683e-002  0.000000e+000
 3.640000e+002  7.756115e-002  0.000000e+000
 3.650000e+002  2.831241e-002  0.000000e+000
 3.660000e+002  5.193343e-002  0.000000e+000
 3.670000e+002  2.429799e-002  0.000000e+000
 3.680000e+002  1.925469e-004  0.000000e+000
 3.690000e+002  1.821643e-001  0.000000e+000
 3.700000e+002  6.651518e-002  0.000000e+000
 3.710000e+002  1.844667e-001  0.000000e+000
 3.720000e+002  1.034847e-002  0.000000e+000
 3.730000e+002  2.180120e-003  0.000000e+000
 3.740000e+002  1.932680e-003  0.000000e+000
 3.750000e+002  4.367067e-003  0.000000e+000
 3.760000e+002  5.481034e-003  0.000000e+000
 3.770000e+002  8.109418e-002  0.000000e+000
 3.780000e+002  6.233279e-002  0.000000e+000
 3.790000e+002  2.425956e-001  0.000000e+000
 3.800000e+002  8.192297e-003  0.000000e+000
 3.810000e+002  2.916861e-002  0.000000e+000
 3.820000e+002  5.587355e-002  0.000000e+000
 3.830000e+002  5.773757e-003  0.000000e+000
 3.840000e+002  7.782647e-002  0.000000e+000
 3.850000e+002  1.496647e-001  0.000000e+000
 3.860000e+002  1.244887e-001  0.000000e+000
 3.870000e+002  1.292896e-001  0.000000e+000
 3.880000e+002  6.217198e-002  0.000000e+000
 3.890000e+002  1.499151e-002  0.000000e+000
 3.900000e+002  1.288082e-001  0.000000e+000
 3.910000e+002  9.809763e-002  0.000000e+000
 3.920000e+002  1.005713e-001  0.000000e+000
 3.930000e+002  4.969456e-002  0.000000e+000
 3.940000e+002  3.859618e-002  0.000000e+000
 3.950000e+002  8.240057e-003  0.000000e+000
 3.960000e+002  4.372943e-003  0.000000e+000
 3.970000e+002  7.808958e-004  0.000000e+000
 3.980000e+002  2.850940e-002  0.000000e+000
 3.990000e+002  8.022279e-004  0.000000e+000
 4.000000e+002  4.881431e-002  0.000000e+000
 4.010000e+002  1.856386e-002  0.000000e+000
 4.020000e+002  9.709476e-003  0.000000e+000
 4.030000e+002  4.844476e-002  0.000000e+000
 4.040000e+002  1.325159e-001  0.000000e+000
 4.050000e+002  2.508932e-002  0.000000e+000
 4.060000e+002  2.312914e-002  0.000000e+000
 4.070000e+002  2.833812e-003  0.000000e+000
 4.080000e+002  5.947620e-002  0.000000e+000
 4.090000e+002  4.302877e-003  0.000000e+000
 4.100000e+002  2.701871e-002  0.000000e+000
 4.110000e+002  1.119683e-001  0.000000e+000
 4.120000e+002  1.466653e-002  0.000000e+000
 4.130000e+002  2.870107e-002  0.000000e+000
 4.140000e+002  1.080772e-001  0.000000e+000
 4.150000e+002  1.252864e-001  0.000000e+000
 4.160000e+002  8.523601e-003  0.000000e+000
 4.170000e+002  7.309787e-002  0.000000e+000
 4.180000e+002  1.007379e-001  0.000000e+000
 4.190000e+002  3.713550e-002  0.000000e+000
 4.200000e+002  9.439965e-003  0.000000e+000
 4.210000e+002  8.011463e-002  0.000000e+000
 4.220000e+002  3.720782e-002  0.000000e+000
 4.230000e+002  1.475257e-001  0.000000e+000
 4.240000e+002  5.874065e-002  0.000000e+000
 4.250000e+002  4.247065e-002  0.000000e+000
 4.260000e+002  4.792033e-002  0.000000e+000
 4.270000e+002  7.077367e-002  0.000000e+000
 4.280000e+002  7.464647e-002  0.000000e+000
 4.290000e+002  1.062301e-001  0.000000e+000
 4.300000e+002  2.143995e-001  0.000000e+000
 4.310000e+002  2.242283e-001  0.000000e+000
 4.320000e+002  1.392954e-001  0.000000e+000
 4.330000e+002  1.965422e-001  0.000000e+000
 4.340000e+002  1.493584e-001  0.000000e+000
 4.350000e+002  1.048397e-001  0.000000e+000
 4.360000e+002  3.324004e-002  0.000000e+000
 4.370000e+002  1.155201e-001  0.000000e+000
 4.380000e+002  2.305553e-002  0.000000e+000
 4.390000e+002  1.672016e-002  0.000000e+000
 4.400000e+002  2.328424e-001  0.000000e+000
 4.410000e+002  8.416055e-002  0.000000e+000
 4.420000e+002  1.020015e-001  0.000000e+000
 4.430000e+002  4.972978e-002  0.000000e+000
 4.440000e+002  4.209947e-002  0.000000e+000
 4.450000e+002  5.141820e-002  0.000000e+000
 4.460000e+002  2.405477e-001  0.000000e+000
 4.470000e+002  1.964311e-001  0.000000e+000
 4.480000e+002  4.329126e-003  0.000000e+000
 4.490000e+002  4.232228e-002  0.000000e+000
 4.500000e+002  8.606890e-002  0.000000e+000
 4.510000e+002  1.394869e-001  0.000000e+000
 4.520000e+002  7.797185e-002  0.000000e+000
 4.530000e+002  2.826403e-002  0.000000e+000
 4.540000e+002  1.125121e-001  0.000000e+000
 4.550000e+002  3.518959e-002  0.000000e+000
 4.560000e+002  1.005252e-001  0.000000e+000
 4.570000e+002  5.821205e-002  0.000000e+000
 4.580000e+002  3.493450e-002  0.000000e+000
 4.590000e+002  5.498368e-002  0.000000e+000
 4.600000e+002  1.839494e-002  0.000000e+000
 4.610000e+002  1.282480e-001  0.000000e+000
 4.620000e+002  2.946924e-002  0.000000e+000
 4.630000e+002  1.437564e-002  0.000000e+000
 4.640000e+002  3.410328e-005  0.000000e+000
 4.650000e+002  4.157552e-003  0.000000e+000
 4.660000e+002  7.281414e-003  0.000000e+000
 4.670000e+002  7.646124e-002  0.000000e+000
 4.680000e+002  1.089557e-002  0.000000e+000
 4.690000e+002  1.005549e-001  0.000000e+000
 4.700000e+002  2.199596e-002  0.000000e+000
 4.710000e+002  4.624591e-002  0.000000e+000
 4.720000e+002  1.186956e-002  0.000000e+000
 4.730000e+002  6.642570e-002  0.000000e+000
 4.740000e+002  6.711950e-003  0.000000e+000
 4.750000e+002  1.366934e-001  0.000000e+000
 4.760000e+002  1.496489e-001  0.000000e+000
 4.770000e+002  8.211666e-002  0.000000e+000
 4.780000e+002  4.163466e-002  0.000000e+000
 4.790000e+002  3.463287e-002  0.000000e+000
 4.800000e+002  1.897126e-002  0.000000e+000
 4.810000e+002  8.909859e-003  0.000000e+000
 4.820000e+002  2.008654e-001  0.000000e+000
 4.830000e+002  8.976382e-002  0.000000e+000
 4.840000e+002  1.040093e-002  0.000000e+000
 4.850000e+002  2.113829e-002  0.000000e+000
 4.860000e+002  3.060491e-002  0.000000e+000
 4.870000e+002  2.020969e-002  0.000000e+000
 4.880000e+002  1.804636e-002  0.000000e+000
 4.890000e+002  1.560120e-004  0.000000e+000
 4.900000e+002  1.159103e-001  0.000000e+000
 4.910000e+002  2.288639e-002  0.000000e+000
 4.920000e+002  3.939904e-002  0.000000e+000
 4.930000e+002  2.964452e-002  0.000000e+000
 4.940000e+002  2.515507e-002  0.000000e+000
 4.950000e+002  1.236689e-001  0.000000e+000
 4.960000e+002  3.143177e-002  0.000000e+000
 4.970000e+002  3.296315e-002  0.000000e+000
 4.980000e+002  2.767688e-002  0.000000e+000
 4.990000e+002  9.876515e-003  0.000000e+000
 5.000000e+002  3.117783e-002  0.000000e+000
 5.010000e+002  5.557633e-002  0.000000e+000
 5.020000e+002  1.394394e-002  0.000000e+000
 5.030000e+002  8.042208e-002  0.000000e+000
 5.040000e+002  7.982747e-002  0.000000e+000
 5.050000e+002  1.007705e-001  0.000000e+000
 5.060000e+002  7.958579e-002  0.000000e+000
 5.070000e+002  4.451912e-002  0.000000e+000
 5.080000e+002  6.236487e-002  0.000000e+000
 5.090000e+002  1.429254e-001  0.000000e+000
 5.100000e+002  4.443160e-002  0.000000e+000
 5.110000e+002  3.217439e-002  0.000000e+000
 5.120000e+002  1.553848e-001  0.000000e+000
