 0.000000e+000  9.993309e-001  0.000000e+000
 5.000000e-001  7.279069e-001  0.000000e+000
 1.000000e+000  7.712151e-001  0.000000e+000
 1.500000e+000  7.942612e-001  0.000000e+000
 2.000000e+000  8.527086e-001  0.000000e+000
 2.500000e+000  7.120708e-001  0.000000e+000
 3.000000e+000  8.573263e-001  0.000000e+000
 3.500000e+000  8.184852e-001  0.000000e+000
 4.000000e+000  8.364151e-001  0.000000e+000
 4.500000e+000  7.464213e-001  0.000000e+000
 5.000000e+000  7.925715e-001  0.000000e+000
 5.500000e+000  7.604629e-001  0.000000e+000
 6.000000e+000  7.907261e-001  0.000000e+000
 6.500000e+000  6.516403e-001  0.000000e+000
 7.000000e+000  5.125849e-001  0.000000e+000
 7.500000e+000  6.674840e-001  0.000000e+000
 8.000000e+000  8.054454e-001  0.000000e+000
 8.500000e+000  8.051735e-001  0.000000e+000
 9.000000e+000  7.647984e-001  0.000000e+000
 9.500000e+000  7.923681e-001  0.000000e+000
 1.000000e+001  8.461813e-001  0.000000e+000
 1.050000e+001  8.710092e-001  0.000000e+000
 1.100000e+001  7.948350e-001  0.000000e+000
 1.150000e+001  7.914041e-001  0.000000e+000
 1.200000e+001  7.661901e-001  0.000000e+000
 1.250000e+001  7.818640e-001  0.000000e+000
 1.300000e+001  8.211917e-001  0.000000e+000
 1.350000e+001  8.327478e-001  0.000000e+000
 1.400000e+001  7.821966e-001  0.000000e+000
 1.450000e+001  6.942067e-001  0.000000e+000
 1.500000e+001  7.899100e-001  0.000000e+000
 1.550000e+001  7.852824e-001  0.000000e+000
 1.600000e+001  7.722034e-001  0.000000e+000
 1.650000e+001  7.505611e-001  0.000000e+000
 1.700000e+001  6.164888e-001  0.000000e+000
 1.750000e+001  3.767832e-001  0.000000e+000
 1.800000e+001  1.924434e-002  0.000000e+000
 1.850000e+001  4.618952e-001  0.000000e+000
 1.900000e+001  7.033660e-001  0.000000e+000
 1.950000e+001  8.092722e-001  0.000000e+000
 2.000000e+001  8.318349e-001  0.000000e+000
 2.050000e+001  8.237739e-001  0.000000e+000
 2.100000e+001  8.190188e-001  0.000000e+000
 2.150000e+001  8.207495e-001  0.000000e+000
 2.200000e+001  8.685158e-001  0.000000e+000
 2.250000e+001  8.622612e-001  0.000000e+000
 2.300000e+001  8.802055e-001  0.000000e+000
 2.350000e+001  8.416023e-001  0.000000e+000
 2.400000e+001  8.469048e-001  0.000000e+000
 2.450000e+001  8.549715e-001  0.000000e+000
 2.500000e+001  8.194373e-001  0.000000e+000
 2.550000e+001  8.567380e-001  0.000000e+000
 2.600000e+001  8.641918e-001  0.000000e+000
 2.650000e+001  8.799781e-001  0.000000e+000
 2.700000e+001  8.402342e-001  0.000000e+000
 2.750000e+001  8.395384e-001  0.000000e+000
 2.800000e+001  8.313601e-001  0.000000e+000
 2.850000e+001  8.395814e-001  0.000000e+000
 2.900000e+001  8.210801e-001  0.000000e+000
 2.950000e+001  8.559167e-001  0.000000e+000
 3.000000e+001  7.677283e-001  0.000000e+000
 3.050000e+001  6.819291e-001  0.000000e+000
 3.100000e+001  8.626179e-001  0.000000e+000
 3.150000e+001  7.791542e-001  0.000000e+000
 3.200000e+001  8.103309e-001  0.000000e+000
 3.250000e+001  8.102632e-001  0.000000e+000
 3.300000e+001  8.201585e-001  0.000000e+000
 3.350000e+001  8.450438e-001  0.000000e+000
 3.400000e+001  7.568925e-001  0.000000e+000
 3.450000e+001  7.298647e-001  0.000000e+000
 3.500000e+001  7.262180e-001  0.000000e+000
 3.550000e+001  4.144696e-001  0.000000e+000
 3.600000e+001  7.970070e-003  0.000000e+000
 3.650000e+001  5.316955e-001  0.000000e+000
 3.700000e+001  6.429069e-001  0.000000e+000
 3.750000e+001  6.949309e-001  0.000000e+000
 3.800000e+001  6.954847e-001  0.000000e+000
 3.850000e+001  6.241975e-001  0.000000e+000
 3.900000e+001  6.951094e-001  0.000000e+000
 3.950000e+001  7.343260e-001  0.000000e+000
 4.000000e+001  6.978517e-001  0.000000e+000
 4.050000e+001  6.305951e-001  0.000000e+000
 4.100000e+001  5.977476e-001  0.000000e+000
 4.150000e+001  6.114064e-001  0.000000e+000
 4.200000e+001  4.494091e-001  0.000000e+000
 4.250000e+001  2.503980e-001  0.000000e+000
 4.300000e+001  4.454315e-001  0.000000e+000
 4.350000e+001  5.102196e-001  0.000000e+000
 4.400000e+001  4.809014e-001  0.000000e+000
 4.450000e+001  5.659344e-001  0.000000e+000
 4.500000e+001  4.541597e-001  0.000000e+000
 4.550000e+001  4.506900e-001  0.000000e+000
 4.600000e+001  4.182082e-001  0.000000e+000
 4.650000e+001  3.561318e-001  0.000000e+000
 4.700000e+001  2.839714e-001  0.000000e+000
 4.750000e+001  3.669870e-001  0.000000e+000
 4.800000e+001  2.682814e-001  0.000000e+000
 4.850000e+001  2.638328e-001  0.000000e+000
 4.900000e+001  2.207790e-001  0.000000e+000
 4.950000e+001  1.758107e-001  0.000000e+000
 5.000000e+001  1.486633e-001  0.000000e+000
 5.050000e+001  1.071238e-001  0.000000e+000
 5.100000e+001  1.003366e-001  0.000000e+000
 5.150000e+001  7.949086e-002  0.000000e+000
 5.200000e+001  5.822355e-002  0.000000e+000
 5.250000e+001  3.372822e-002  0.000000e+000
 5.300000e+001  1.640863e-002  0.000000e+000
 5.350000e+001  8.198264e-003  0.000000e+000
 5.400000e+001  8.524868e-004  0.000000e+000
 5.450000e+001  1.261718e-003  0.000000e+000
 5.500000e+001  5.234563e-003  0.000000e+000
 5.550000e+001  8.787324e-003  0.000000e+000
 5.600000e+001  2.424843e-002  0.000000e+000
 5.650000e+001  3.720901e-002  0.000000e+000
 5.700000e+001  7.058602e-002  0.000000e+000
 5.750000e+001  8.590844e-002  0.000000e+000
 5.800000e+001  9.803119e-002  0.000000e+000
 5.850000e+001  1.459056e-001  0.000000e+000
 5.900000e+001  1.344768e-001  0.000000e+000
 5.950000e+001  1.528430e-001  0.000000e+000
 6.000000e+001  1.995601e-001  0.000000e+000
 6.050000e+001  2.622318e-001  0.000000e+000
 6.100000e+001  1.873841e-001  0.000000e+000
 6.150000e+001  2.001061e-001  0.000000e+000
 6.200000e+001  2.919596e-001  0.000000e+000
 6.250000e+001  3.311883e-001  0.000000e+000
 6.300000e+001  3.228941e-001  0.000000e+000
 6.350000e+001  4.487608e-001  0.000000e+000
 6.400000e+001  3.164163e-001  0.000000e+000
 6.450000e+001  3.095013e-001  0.000000e+000
 6.500000e+001  2.655621e-001  0.000000e+000
 6.550000e+001  1.383442e-001  0.000000e+000
 6.600000e+001  1.624651e-001  0.000000e+000
 6.650000e+001  5.162184e-001  0.000000e+000
 6.700000e+001  5.431706e-001  0.000000e+000
 6.750000e+001  6.288409e-001  0.000000e+000
 6.800000e+001  5.616965e-001  0.000000e+000
 6.850000e+001  6.238018e-001  0.000000e+000
 6.900000e+001  5.298945e-001  0.000000e+000
 6.950000e+001  3.294915e-001  0.000000e+000
 7.000000e+001  5.122347e-001  0.000000e+000
 7.050000e+001  6.688896e-001  0.000000e+000
 7.100000e+001  7.386078e-001  0.000000e+000
 7.150000e+001  6.441944e-001  0.000000e+000
 7.200000e+001  8.296790e-002  0.000000e+000
 7.250000e+001  5.331491e-001  0.000000e+000
 7.300000e+001  6.137297e-001  0.000000e+000
 7.350000e+001  7.008212e-001  0.000000e+000
 7.400000e+001  7.714886e-001  0.000000e+000
 7.450000e+001  7.779858e-001  0.000000e+000
 7.500000e+001  7.828984e-001  0.000000e+000
 7.550000e+001  7.714672e-001  0.000000e+000
 7.600000e+001  8.439665e-001  0.000000e+000
 7.650000e+001  8.204246e-001  0.000000e+000
 7.700000e+001  8.405761e-001  0.000000e+000
 7.750000e+001  7.570844e-001  0.000000e+000
 7.800000e+001  8.923897e-001  0.000000e+000
 7.850000e+001  9.067574e-001  0.000000e+000
 7.900000e+001  8.994523e-001  0.000000e+000
 7.950000e+001  8.167592e-001  0.000000e+000
 8.000000e+001  8.611027e-001  0.000000e+000
 8.050000e+001  8.145484e-001  0.000000e+000
 8.100000e+001  8.276930e-001  0.000000e+000
 8.150000e+001  8.558177e-001  0.000000e+000
 8.200000e+001  8.740528e-001  0.000000e+000
 8.250000e+001  7.787669e-001  0.000000e+000
 8.300000e+001  6.848453e-001  0.000000e+000
 8.350000e+001  8.410104e-001  0.000000e+000
 8.400000e+001  7.830441e-001  0.000000e+000
 8.450000e+001  7.534513e-001  0.000000e+000
 8.500000e+001  6.397570e-001  0.000000e+000
 8.550000e+001  7.021066e-001  0.000000e+000
 8.600000e+001  5.816541e-001  0.000000e+000
 8.650000e+001  5.876663e-001  0.000000e+000
 8.700000e+001  5.291676e-001  0.000000e+000
 8.750000e+001  5.839952e-001  0.000000e+000
 8.800000e+001  4.812157e-001  0.000000e+000
 8.850000e+001  6.906221e-001  0.000000e+000
 8.900000e+001  4.286754e-001  0.000000e+000
 8.950000e+001  3.535737e-001  0.000000e+000
 9.000000e+001  7.607521e-002  0.000000e+000
 9.050000e+001  2.228687e-001  0.000000e+000
 9.100000e+001  2.458378e-001  0.000000e+000
 9.150000e+001  4.183205e-001  0.000000e+000
 9.200000e+001  2.647805e-001  0.000000e+000
 9.250000e+001  4.094837e-001  0.000000e+000
 9.300000e+001  3.197857e-001  0.000000e+000
 9.350000e+001  3.721352e-001  0.000000e+000
 9.400000e+001  3.383063e-001  0.000000e+000
 9.450000e+001  3.095542e-001  0.000000e+000
 9.500000e+001  2.880713e-001  0.000000e+000
 9.550000e+001  2.505747e-001  0.000000e+000
 9.600000e+001  4.089338e-001  0.000000e+000
 9.650000e+001  2.472140e-001  0.000000e+000
 9.700000e+001  2.454640e-001  0.000000e+000
 9.750000e+001  1.924529e-001  0.000000e+000
 9.800000e+001  1.507593e-001  0.000000e+000
 9.850000e+001  2.464739e-001  0.000000e+000
 9.900000e+001  2.956918e-001  0.000000e+000
 9.950000e+001  2.068417e-001  0.000000e+000
 1.000000e+002  2.072390e-001  0.000000e+000
 1.005000e+002  2.310495e-001  0.000000e+000
 1.010000e+002  2.260076e-001  0.000000e+000
 1.015000e+002  2.552018e-001  0.000000e+000
 1.020000e+002  6.817806e-002  0.000000e+000
 1.025000e+002  1.784613e-001  0.000000e+000
 1.030000e+002  1.480101e-001  0.000000e+000
 1.035000e+002  2.468029e-002  0.000000e+000
 1.040000e+002  3.887388e-001  0.000000e+000
 1.045000e+002  8.554266e-002  0.000000e+000
 1.050000e+002  9.300324e-002  0.000000e+000
 1.055000e+002  1.617927e-001  0.000000e+000
 1.060000e+002  1.478518e-001  0.000000e+000
 1.065000e+002  1.566286e-001  0.000000e+000
 1.070000e+002  1.364469e-001  0.000000e+000
 1.075000e+002  7.155098e-002  0.000000e+000
 1.080000e+002  1.888825e-001  0.000000e+000
 1.085000e+002  3.579503e-003  0.000000e+000
 1.090000e+002  3.681221e-003  0.000000e+000
 1.095000e+002  2.128912e-002  0.000000e+000
 1.100000e+002  1.594735e-002  0.000000e+000
 1.105000e+002  2.069017e-002  0.000000e+000
 1.110000e+002  1.143285e-001  0.000000e+000
 1.115000e+002  1.460368e-001  0.000000e+000
 1.120000e+002  7.013395e-002  0.000000e+000
 1.125000e+002  9.457368e-002  0.000000e+000
 1.130000e+002  1.086534e-001  0.000000e+000
 1.135000e+002  6.449613e-002  0.000000e+000
 1.140000e+002  3.000827e-002  0.000000e+000
 1.145000e+002  8.224788e-002  0.000000e+000
 1.150000e+002  7.525890e-002  0.000000e+000
 1.155000e+002  9.240644e-002  0.000000e+000
 1.160000e+002  5.249987e-003  0.000000e+000
 1.165000e+002  2.534079e-002  0.000000e+000
 1.170000e+002  1.720617e-002  0.000000e+000
 1.175000e+002  3.153661e-002  0.000000e+000
 1.180000e+002  1.012394e-001  0.000000e+000
 1.185000e+002  1.789722e-001  0.000000e+000
 1.190000e+002  7.239888e-002  0.000000e+000
 1.195000e+002  1.933686e-001  0.000000e+000
 1.200000e+002  4.724808e-002  0.000000e+000
 1.205000e+002  7.149801e-002  0.000000e+000
 1.210000e+002  2.179066e-001  0.000000e+000
 1.215000e+002  1.439747e-001  0.000000e+000
 1.220000e+002  1.768285e-001  0.000000e+000
 1.225000e+002  7.341901e-002  0.000000e+000
 1.230000e+002  1.469198e-001  0.000000e+000
 1.235000e+002  5.885318e-002  0.000000e+000
 1.240000e+002  3.788443e-002  0.000000e+000
 1.245000e+002  5.198848e-002  0.000000e+000
 1.250000e+002  2.258517e-001  0.000000e+000
 1.255000e+002  3.998101e-002  0.000000e+000
 1.260000e+002  1.665094e-003  0.000000e+000
 1.265000e+002  2.402582e-002  0.000000e+000
 1.270000e+002  2.908171e-003  0.000000e+000
 1.275000e+002  6.148389e-003  0.000000e+000
 1.280000e+002  3.236190e-003  0.000000e+000
 1.285000e+002  5.425457e-002  0.000000e+000
 1.290000e+002  7.222581e-002  0.000000e+000
 1.295000e+002  1.071853e-002  0.000000e+000
 1.300000e+002  1.873764e-002  0.000000e+000
 1.305000e+002  3.047877e-003  0.000000e+000
 1.310000e+002  5.390735e-002  0.000000e+000
 1.315000e+002  7.216611e-003  0.000000e+000
 1.320000e+002  4.976728e-003  0.000000e+000
 1.325000e+002  1.836806e-001  0.000000e+000
 1.330000e+002  1.363972e-001  0.000000e+000
 1.335000e+002  2.152669e-001  0.000000e+000
 1.340000e+002  2.174482e-002  0.000000e+000
 1.345000e+002  5.011501e-002  0.000000e+000
 1.350000e+002  1.012625e-001  0.000000e+000
 1.355000e+002  1.746130e-001  0.000000e+000
 1.360000e+002  4.797122e-002  0.000000e+000
 1.365000e+002  2.240841e-001  0.000000e+000
 1.370000e+002  5.462270e-003  0.000000e+000
 1.375000e+002  3.084056e-002  0.000000e+000
 1.380000e+002  5.748312e-002  0.000000e+000
 1.385000e+002  5.723985e-002  0.000000e+000
 1.390000e+002  6.605057e-002  0.000000e+000
 1.395000e+002  5.892160e-002  0.000000e+000
 1.400000e+002  5.499425e-002  0.000000e+000
 1.405000e+002  2.254474e-001  0.000000e+000
 1.410000e+002  5.904490e-002  0.000000e+000
 1.415000e+002  3.007570e-002  0.000000e+000
 1.420000e+002  2.205978e-003  0.000000e+000
 1.425000e+002  2.183939e-003  0.000000e+000
 1.430000e+002  4.692592e-002  0.000000e+000
 1.435000e+002  1.333672e-002  0.000000e+000
 1.440000e+002  1.370253e-001  0.000000e+000
 1.445000e+002  5.802840e-002  0.000000e+000
 1.450000e+002  5.639043e-002  0.000000e+000
 1.455000e+002  1.598814e-001  0.000000e+000
 1.460000e+002  3.082069e-002  0.000000e+000
 1.465000e+002  8.396291e-002  0.000000e+000
 1.470000e+002  7.504705e-002  0.000000e+000
 1.475000e+002  1.311998e-001  0.000000e+000
 1.480000e+002  2.442730e-002  0.000000e+000
 1.485000e+002  9.869779e-003  0.000000e+000
 1.490000e+002  5.018902e-002  0.000000e+000
 1.495000e+002  1.101433e-001  0.000000e+000
 1.500000e+002  1.060274e-002  0.000000e+000
 1.505000e+002  1.348833e-002  0.000000e+000
 1.510000e+002  2.091748e-002  0.000000e+000
 1.515000e+002  1.010379e-001  0.000000e+000
 1.520000e+002  9.910089e-003  0.000000e+000
 1.525000e+002  7.577906e-002  0.000000e+000
 1.530000e+002  3.783806e-002  0.000000e+000
 1.535000e+002  1.190940e-001  0.000000e+000
 1.540000e+002  1.171162e-002  0.000000e+000
 1.545000e+002  5.389170e-002  0.000000e+000
 1.550000e+002  2.550443e-002  0.000000e+000
 1.555000e+002  6.554721e-002  0.000000e+000
 1.560000e+002  2.199591e-002  0.000000e+000
 1.565000e+002  1.059904e-002  0.000000e+000
 1.570000e+002  5.886739e-002  0.000000e+000
 1.575000e+002  1.140313e-002  0.000000e+000
 1.580000e+002  1.336468e-002  0.000000e+000
 1.585000e+002  2.569036e-003  0.000000e+000
 1.590000e+002  2.856757e-002  0.000000e+000
 1.595000e+002  1.059167e-002  0.000000e+000
 1.600000e+002  3.792768e-003  0.000000e+000
 1.605000e+002  1.430257e-002  0.000000e+000
 1.610000e+002  4.932923e-003  0.000000e+000
 1.615000e+002  1.804934e-004  0.000000e+000
 1.620000e+002  8.675412e-003  0.000000e+000
 1.625000e+002  1.679887e-002  0.000000e+000
 1.630000e+002  1.692427e-002  0.000000e+000
 1.635000e+002  2.625041e-002  0.000000e+000
 1.640000e+002  1.465713e-002  0.000000e+000
 1.645000e+002  4.443428e-002  0.000000e+000
 1.650000e+002  5.914498e-002  0.000000e+000
 1.655000e+002  6.460754e-003  0.000000e+000
 1.660000e+002  9.462561e-003  0.000000e+000
 1.665000e+002  2.995586e-002  0.000000e+000
 1.670000e+002  7.213056e-002  0.000000e+000
 1.675000e+002  2.233568e-002  0.000000e+000
 1.680000e+002  1.965816e-002  0.000000e+000
 1.685000e+002  6.221183e-003  0.000000e+000
 1.690000e+002  6.580554e-004  0.000000e+000
 1.695000e+002  2.234781e-003  0.000000e+000
 1.700000e+002  9.378540e-002  0.000000e+000
 1.705000e+002  1.466342e-002  0.000000e+000
 1.710000e+002  4.087911e-002  0.000000e+000
 1.715000e+002  3.208542e-003  0.000000e+000
 1.720000e+002  2.482988e-002  0.000000e+000
 1.725000e+002  7.613812e-002  0.000000e+000
 1.730000e+002  3.985455e-002  0.000000e+000
 1.735000e+002  7.848511e-003  0.000000e+000
 1.740000e+002  2.916699e-002  0.000000e+000
 1.745000e+002  6.194345e-002  0.000000e+000
 1.750000e+002  4.363766e-002  0.000000e+000
 1.755000e+002  5.634519e-002  0.000000e+000
 1.760000e+002  4.951284e-002  0.000000e+000
 1.765000e+002  7.938005e-002  0.000000e+000
 1.770000e+002  2.304356e-002  0.000000e+000
 1.775000e+002  7.874805e-002  0.000000e+000
 1.780000e+002  2.147434e-002  0.000000e+000
 1.785000e+002  2.927731e-002  0.000000e+000
 1.790000e+002  1.236548e-002  0.000000e+000
 1.795000e+002  3.407422e-002  0.000000e+000
 1.800000e+002  3.638280e-002  0.000000e+000
 1.805000e+002  3.669383e-002  0.000000e+000
 1.810000e+002  9.068701e-002  0.000000e+000
 1.815000e+002  8.608732e-002  0.000000e+000
 1.820000e+002  2.505931e-002  0.000000e+000
 1.825000e+002  1.784905e-002  0.000000e+000
 1.830000e+002  2.326874e-002  0.000000e+000
 1.835000e+002  5.416012e-002  0.000000e+000
 1.840000e+002  2.290221e-002  0.000000e+000
 1.845000e+002  1.817732e-002  0.000000e+000
 1.850000e+002  6.253884e-002  0.000000e+000
 1.855000e+002  6.291682e-002  0.000000e+000
 1.860000e+002  2.065395e-002  0.000000e+000
 1.865000e+002  5.100423e-002  0.000000e+000
 1.870000e+002  7.030448e-002  0.000000e+000
 1.875000e+002  7.041834e-002  0.000000e+000
 1.880000e+002  1.041092e-003  0.000000e+000
 1.885000e+002  7.039664e-002  0.000000e+000
 1.890000e+002  1.863412e-001  0.000000e+000
 1.895000e+002  5.870543e-002  0.000000e+000
 1.900000e+002  2.522133e-002  0.000000e+000
 1.905000e+002  7.333462e-002  0.000000e+000
 1.910000e+002  2.071223e-002  0.000000e+000
 1.915000e+002  3.798603e-002  0.000000e+000
 1.920000e+002  1.119554e-002  0.000000e+000
 1.925000e+002  5.733649e-002  0.000000e+000
 1.930000e+002  2.514609e-002  0.000000e+000
 1.935000e+002  1.270389e-001  0.000000e+000
 1.940000e+002  8.034081e-002  0.000000e+000
 1.945000e+002  8.240006e-002  0.000000e+000
 1.950000e+002  2.219753e-002  0.000000e+000
 1.955000e+002  2.299138e-002  0.000000e+000
 1.960000e+002  3.800546e-002  0.000000e+000
 1.965000e+002  2.371526e-002  0.000000e+000
 1.970000e+002  2.083204e-001  0.000000e+000
 1.975000e+002  7.960860e-004  0.000000e+000
 1.980000e+002  1.631628e-002  0.000000e+000
 1.985000e+002  2.498333e-002  0.000000e+000
 1.990000e+002  1.780819e-001  0.000000e+000
 1.995000e+002  4.939620e-002  0.000000e+000
 2.000000e+002  1.485203e-001  0.000000e+000
 2.005000e+002  1.590898e-001  0.000000e+000
 2.010000e+002  2.191041e-002  0.000000e+000
 2.015000e+002  8.557205e-002  0.000000e+000
 2.020000e+002  1.134436e-001  0.000000e+000
 2.025000e+002  1.228305e-001  0.000000e+000
 2.030000e+002  1.012693e-001  0.000000e+000
 2.035000e+002  9.271431e-002  0.000000e+000
 2.040000e+002  3.839157e-003  0.000000e+000
 2.045000e+002  1.086370e-002  0.000000e+000
 2.050000e+002  7.515692e-002  0.000000e+000
 2.055000e+002  1.708986e-001  0.000000e+000
 2.060000e+002  7.908435e-002  0.000000e+000
 2.065000e+002  1.230671e-001  0.000000e+000
 2.070000e+002  1.071150e-001  0.000000e+000
 2.075000e+002  1.273000e-002  0.000000e+000
 2.080000e+002  4.330069e-002  0.000000e+000
 2.085000e+002  5.002476e-003  0.000000e+000
 2.090000e+002  8.124551e-002  0.000000e+000
 2.095000e+002  9.019019e-003  0.000000e+000
 2.100000e+002  2.475081e-003  0.000000e+000
 2.105000e+002  1.388311e-002  0.000000e+000
 2.110000e+002  1.551041e-001  0.000000e+000
 2.115000e+002  8.151934e-003  0.000000e+000
 2.120000e+002  7.523609e-002  0.000000e+000
 2.125000e+002  2.776247e-002  0.000000e+000
 2.130000e+002  3.400323e-002  0.000000e+000
 2.135000e+002  5.046792e-002  0.000000e+000
 2.140000e+002  4.747858e-002  0.000000e+000
 2.145000e+002  3.279506e-002  0.000000e+000
 2.150000e+002  4.982225e-002  0.000000e+000
 2.155000e+002  5.522358e-002  0.000000e+000
 2.160000e+002  1.015626e-001  0.000000e+000
 2.165000e+002  8.622076e-002  0.000000e+000
 2.170000e+002  1.047428e-001  0.000000e+000
 2.175000e+002  5.920430e-002  0.000000e+000
 2.180000e+002  5.076623e-002  0.000000e+000
 2.185000e+002  5.350663e-002  0.000000e+000
 2.190000e+002  7.600154e-002  0.000000e+000
 2.195000e+002  1.904258e-001  0.000000e+000
 2.200000e+002  4.290823e-002  0.000000e+000
 2.205000e+002  3.054702e-002  0.000000e+000
 2.210000e+002  1.197750e-001  0.000000e+000
 2.215000e+002  1.307861e-001  0.000000e+000
 2.220000e+002  5.668030e-002  0.000000e+000
 2.225000e+002  3.834093e-002  0.000000e+000
 2.230000e+002  1.060811e-001  0.000000e+000
 2.235000e+002  1.006060e-001  0.000000e+000
 2.240000e+002  1.207586e-002  0.000000e+000
 2.245000e+002  7.399320e-002  0.000000e+000
 2.250000e+002  4.306355e-002  0.000000e+000
 2.255000e+002  8.888952e-002  0.000000e+000
 2.260000e+002  5.064799e-002  0.000000e+000
 2.265000e+002  1.369750e-002  0.000000e+000
 2.270000e+002  3.655307e-002  0.000000e+000
 2.275000e+002  1.033387e-001  0.000000e+000
 2.280000e+002  3.566952e-002  0.000000e+000
 2.285000e+002  9.440947e-003  0.000000e+000
 2.290000e+002  4.396100e-002  0.000000e+000
 2.295000e+002  7.079152e-002  0.000000e+000
 2.300000e+002  3.520706e-003  0.000000e+000
 2.305000e+002  5.282715e-002  0.000000e+000
 2.310000e+002  1.613738e-001  0.000000e+000
 2.315000e+002  3.310234e-002  0.000000e+000
 2.320000e+002  1.265718e-001  0.000000e+000
 2.325000e+002  6.554756e-002  0.000000e+000
 2.330000e+002  2.378753e-002  0.000000e+000
 2.335000e+002  1.276756e-002  0.000000e+000
 2.340000e+002  2.618946e-002  0.000000e+000
 2.345000e+002  7.141886e-002  0.000000e+000
 2.350000e+002  1.712610e-001  0.000000e+000
 2.355000e+002  1.296297e-001  0.000000e+000
 2.360000e+002  1.188470e-001  0.000000e+000
 2.365000e+002  1.046107e-001  0.000000e+000
 2.370000e+002  8.488128e-002  0.000000e+000
 2.375000e+002  6.411615e-002  0.000000e+000
 2.380000e+002  1.663250e-002  0.000000e+000
 2.385000e+002  9.445406e-002  0.000000e+000
 2.390000e+002  2.227198e-002  0.000000e+000
 2.395000e+002  3.749937e-002  0.000000e+000
 2.400000e+002  6.773593e-002  0.000000e+000
 2.405000e+002  5.878491e-002  0.000000e+000
 2.410000e+002  8.442461e-002  0.000000e+000
 2.415000e+002  3.801424e-002  0.000000e+000
 2.420000e+002  7.394668e-003  0.000000e+000
 2.425000e+002  5.798471e-002  0.000000e+000
 2.430000e+002  4.401842e-002  0.000000e+000
 2.435000e+002  5.309395e-002  0.000000e+000
 2.440000e+002  8.272346e-002  0.000000e+000
 2.445000e+002  1.053429e-002  0.000000e+000
 2.450000e+002  6.990978e-003  0.000000e+000
 2.455000e+002  1.930976e-002  0.000000e+000
 2.460000e+002  1.324988e-003  0.000000e+000
 2.465000e+002  1.237825e-002  0.000000e+000
 2.470000e+002  8.830775e-002  0.000000e+000
 2.475000e+002  2.936786e-002  0.000000e+000
 2.480000e+002  2.382449e-001  0.000000e+000
 2.485000e+002  6.819697e-002  0.000000e+000
 2.490000e+002  1.131757e-002  0.000000e+000
 2.495000e+002  3.412563e-002  0.000000e+000
 2.500000e+002  6.882257e-002  0.000000e+000
 2.505000e+002  4.822689e-002  0.000000e+000
 2.510000e+002  9.456772e-002  0.000000e+000
 2.515000e+002  7.459012e-002  0.000000e+000
 2.520000e+002  4.052082e-002  0.000000e+000
 2.525000e+002  2.363418e-001  0.000000e+000
 2.530000e+002  1.010104e-001  0.000000e+000
 2.535000e+002  9.996964e-004  0.000000e+000
 2.540000e+002  1.080491e-001  0.000000e+000
 2.545000e+002  6.302985e-002  0.000000e+000
 2.550000e+002  4.517879e-002  0.000000e+000
 2.555000e+002  5.114340e-002  0.000000e+000
 2.560000e+002  7.890575e-002  0.000000e+000
 2.565000e+002  2.336965e-002  0.000000e+000
 2.570000e+002  2.460617e-001  0.000000e+000
 2.575000e+002  9.533118e-002  0.000000e+000
 2.580000e+002  1.321734e-004  0.000000e+000
 2.585000e+002  1.306952e-002  0.000000e+000
 2.590000e+002  3.951031e-002  0.000000e+000
 2.595000e+002  6.674516e-002  0.000000e+000
 2.600000e+002  7.690403e-003  0.000000e+000
 2.605000e+002  4.747084e-002  0.000000e+000
 2.610000e+002  1.162907e-001  0.000000e+000
 2.615000e+002  6.461721e-002  0.000000e+000
 2.620000e+002  1.201189e-002  0.000000e+000
 2.625000e+002  1.375222e-002  0.000000e+000
 2.630000e+002  4.221419e-003  0.000000e+000
 2.635000e+002  2.432828e-002  0.000000e+000
 2.640000e+002  1.318558e-001  0.000000e+000
 2.645000e+002  2.705364e-002  0.000000e+000
 2.650000e+002  7.666782e-002  0.000000e+000
 2.655000e+002  1.421637e-001  0.000000e+000
 2.660000e+002  1.983649e-002  0.000000e+000
 2.665000e+002  1.207656e-001  0.000000e+000
 2.670000e+002  1.513778e-002  0.000000e+000
 2.675000e+002  6.825692e-003  0.000000e+000
 2.680000e+002  2.156981e-002  0.000000e+000
 2.685000e+002  1.178889e-002  0.000000e+000
 2.690000e+002  6.247555e-003  0.000000e+000
 2.695000e+002  3.285201e-002  0.000000e+000
 2.700000e+002  2.492488e-002  0.000000e+000
 2.705000e+002  8.928192e-002  0.000000e+000
 2.710000e+002  1.076189e-001  0.000000e+000
 2.715000e+002  1.243611e-001  0.000000e+000
 2.720000e+002  9.573808e-003  0.000000e+000
 2.725000e+002  3.742829e-002  0.000000e+000
 2.730000e+002  1.530365e-001  0.000000e+000
 2.735000e+002  5.596888e-002  0.000000e+000
 2.740000e+002  2.602349e-002  0.000000e+000
 2.745000e+002  7.006853e-003  0.000000e+000
 2.750000e+002  3.214874e-002  0.000000e+000
 2.755000e+002  8.980175e-003  0.000000e+000
 2.760000e+002  1.603621e-001  0.000000e+000
 2.765000e+002  8.438174e-002  0.000000e+000
 2.770000e+002  1.302150e-001  0.000000e+000
 2.775000e+002  6.908619e-002  0.000000e+000
 2.780000e+002  4.148966e-002  0.000000e+000
 2.785000e+002  1.537667e-002  0.000000e+000
 2.790000e+002  5.267477e-002  0.000000e+000
 2.795000e+002  1.206964e-003  0.000000e+000
 2.800000e+002  1.459893e-002  0.000000e+000
 2.805000e+002  8.966427e-003  0.000000e+000
 2.810000e+002  2.296355e-003  0.000000e+000
 2.815000e+002  1.097094e-002  0.000000e+000
 2.820000e+002  4.681837e-002  0.000000e+000
 2.825000e+002  3.174908e-002  0.000000e+000
 2.830000e+002  2.199279e-002  0.000000e+000
 2.835000e+002  4.583474e-002  0.000000e+000
 2.840000e+002  1.200452e-002  0.000000e+000
 2.845000e+002  5.557984e-002  0.000000e+000
 2.850000e+002  4.807751e-002  0.000000e+000
 2.855000e+002  3.207935e-002  0.000000e+000
 2.860000e+002  4.089222e-002  0.000000e+000
 2.865000e+002  9.710156e-004  0.000000e+000
 2.870000e+002  1.972935e-002  0.000000e+000
 2.875000e+002  4.778957e-002  0.000000e+000
 2.880000e+002  3.017261e-002  0.000000e+000
 2.885000e+002  7.718092e-002  0.000000e+000
 2.890000e+002  2.568800e-004  0.000000e+000
 2.895000e+002  1.174227e-002  0.000000e+000
 2.900000e+002  1.190283e-002  0.000000e+000
 2.905000e+002  3.477522e-002  0.000000e+000
 2.910000e+002  6.953578e-002  0.000000e+000
 2.915000e+002  1.927263e-002  0.000000e+000
 2.920000e+002  3.553429e-002  0.000000e+000
 2.925000e+002  1.756842e-002  0.000000e+000
 2.930000e+002  1.213205e-002  0.000000e+000
 2.935000e+002  4.232019e-002  0.000000e+000
 2.940000e+002  3.100428e-002  0.000000e+000
 2.945000e+002  6.347713e-002  0.000000e+000
 2.950000e+002  2.590086e-002  0.000000e+000
 2.955000e+002  2.895145e-002  0.000000e+000
 2.960000e+002  5.478387e-002  0.000000e+000
 2.965000e+002  1.012950e-001  0.000000e+000
 2.970000e+002  2.137957e-002  0.000000e+000
 2.975000e+002  3.517295e-003  0.000000e+000
 2.980000e+002  1.312965e-002  0.000000e+000
 2.985000e+002  1.348006e-001  0.000000e+000
 2.990000e+002  6.684461e-002  0.000000e+000
 2.995000e+002  7.570775e-002  0.000000e+000
 3.000000e+002  1.499498e-002  0.000000e+000
 3.005000e+002  1.194893e-001  0.000000e+000
 3.010000e+002  4.883793e-002  0.000000e+000
 3.015000e+002  2.910833e-002  0.000000e+000
 3.020000e+002  5.134581e-002  0.000000e+000
 3.025000e+002  1.268007e-001  0.000000e+000
 3.030000e+002  2.797346e-002  0.000000e+000
 3.035000e+002  1.561617e-001  0.000000e+000
 3.040000e+002  7.992915e-002  0.000000e+000
 3.045000e+002  1.584807e-001  0.000000e+000
 3.050000e+002  5.533371e-002  0.000000e+000
 3.055000e+002  6.903248e-002  0.000000e+000
 3.060000e+002  1.014232e-002  0.000000e+000
 3.065000e+002  8.007921e-002  0.000000e+000
 3.070000e+002  2.610540e-002  0.000000e+000
 3.075000e+002  5.492644e-002  0.000000e+000
 3.080000e+002  3.247442e-002  0.000000e+000
 3.085000e+002  1.615869e-002  0.000000e+000
 3.090000e+002  5.542354e-002  0.000000e+000
 3.095000e+002  6.693662e-002  0.000000e+000
 3.100000e+002  2.796458e-001  0.000000e+000
 3.105000e+002  1.245778e-001  0.000000e+000
 3.110000e+002  1.565568e-004  0.000000e+000
 3.115000e+002  5.481526e-002  0.000000e+000
 3.120000e+002  4.293063e-002  0.000000e+000
 3.125000e+002  2.064537e-001  0.000000e+000
 3.130000e+002  9.637298e-002  0.000000e+000
 3.135000e+002  1.004784e-002  0.000000e+000
 3.140000e+002  1.237798e-001  0.000000e+000
 3.145000e+002  1.868297e-001  0.000000e+000
 3.150000e+002  5.143243e-002  0.000000e+000
 3.155000e+002  1.211588e-002  0.000000e+000
 3.160000e+002  1.528186e-001  0.000000e+000
 3.165000e+002  2.365908e-002  0.000000e+000
 3.170000e+002  8.058187e-002  0.000000e+000
 3.175000e+002  1.163337e-002  0.000000e+000
 3.180000e+002  5.542181e-002  0.000000e+000
 3.185000e+002  1.023390e-001  0.000000e+000
 3.190000e+002  1.065786e-002  0.000000e+000
 3.195000e+002  1.185463e-001  0.000000e+000
 3.200000e+002  5.877296e-002  0.000000e+000
 3.205000e+002  8.190839e-002  0.000000e+000
 3.210000e+002  1.550017e-002  0.000000e+000
 3.215000e+002  2.959996e-002  0.000000e+000
 3.220000e+002  5.540028e-003  0.000000e+000
 3.225000e+002  5.447043e-003  0.000000e+000
 3.230000e+002  2.244339e-002  0.000000e+000
 3.235000e+002  3.731957e-002  0.000000e+000
 3.240000e+002  9.796152e-002  0.000000e+000
 3.245000e+002  1.138933e-002  0.000000e+000
 3.250000e+002  1.899124e-002  0.000000e+000
 3.255000e+002  7.114165e-002  0.000000e+000
 3.260000e+002  7.037394e-002  0.000000e+000
 3.265000e+002  8.754770e-002  0.000000e+000
 3.270000e+002  9.398101e-002  0.000000e+000
 3.275000e+002  1.320537e-001  0.000000e+000
 3.280000e+002  6.560838e-002  0.000000e+000
 3.285000e+002  1.786970e-001  0.000000e+000
 3.290000e+002  1.038278e-001  0.000000e+000
 3.295000e+002  2.835101e-001  0.000000e+000
 3.300000e+002  1.496614e-002  0.000000e+000
 3.305000e+002  4.566776e-002  0.000000e+000
 3.310000e+002  8.629338e-002  0.000000e+000
 3.315000e+002  6.676818e-002  0.000000e+000
 3.320000e+002  1.010180e-002  0.000000e+000
 3.325000e+002  1.265583e-001  0.000000e+000
 3.330000e+002  2.230807e-002  0.000000e+000
 3.335000e+002  1.238322e-001  0.000000e+000
 3.340000e+002  1.049697e-001  0.000000e+000
 3.345000e+002  8.481990e-002  0.000000e+000
 3.350000e+002  5.701369e-003  0.000000e+000
 3.355000e+002  1.952917e-002  0.000000e+000
 3.360000e+002  2.279784e-003  0.000000e+000
 3.365000e+002  1.056306e-001  0.000000e+000
 3.370000e+002  4.470011e-002  0.000000e+000
 3.375000e+002  2.669363e-002  0.000000e+000
 3.380000e+002  4.627077e-002  0.000000e+000
 3.385000e+002  5.853418e-002  0.000000e+000
 3.390000e+002  4.129746e-004  0.000000e+000
 3.395000e+002  9.352501e-002  0.000000e+000
 3.400000e+002  7.067227e-002  0.000000e+000
 3.405000e+002  6.893556e-002  0.000000e+000
 3.410000e+002  7.465373e-002  0.000000e+000
 3.415000e+002  3.088492e-002  0.000000e+000
 3.420000e+002  8.343799e-002  0.000000e+000
 3.425000e+002  2.546582e-002  0.000000e+000
 3.430000e+002  3.972855e-002  0.000000e+000
 3.435000e+002  1.677591e-002  0.000000e+000
 3.440000e+002  2.753544e-001  0.000000e+000
 3.445000e+002  8.388013e-003  0.000000e+000
 3.450000e+002  5.055746e-002  0.000000e+000
 3.455000e+002  1.564251e-001  0.000000e+000
 3.460000e+002  5.668661e-002  0.000000e+000
 3.465000e+002  2.611444e-002  0.000000e+000
 3.470000e+002  4.332178e-002  0.000000e+000
 3.475000e+002  1.295914e-001  0.000000e+000
 3.480000e+002  3.956033e-002  0.000000e+000
 3.485000e+002  2.330392e-001  0.000000e+000
 3.490000e+002  5.927729e-003  0.000000e+000
 3.495000e+002  9.169403e-002  0.000000e+000
 3.500000e+002  1.049348e-002  0.000000e+000
 3.505000e+002  2.627666e-003  0.000000e+000
 3.510000e+002  2.399867e-003  0.000000e+000
 3.515000e+002  4.817092e-003  0.000000e+000
 3.520000e+002  7.594110e-002  0.000000e+000
 3.525000e+002  1.401951e-001  0.000000e+000
 3.530000e+002  4.284482e-003  0.000000e+000
 3.535000e+002  8.901789e-002  0.000000e+000
 3.540000e+002  1.171600e-002  0.000000e+000
 3.545000e+002  9.067190e-002  0.000000e+000
 3.550000e+002  1.193932e-001  0.000000e+000
 3.555000e+002  5.354074e-002  0.000000e+000
 3.560000e+002  9.204916e-002  0.000000e+000
 3.565000e+002  1.449681e-002  0.000000e+000
 3.570000e+002  6.744866e-002  0.000000e+000
 3.575000e+002  8.159651e-002  0.000000e+000
 3.580000e+002  4.868865e-002  0.000000e+000
 3.585000e+002  4.755251e-002  0.000000e+000
 3.590000e+002  1.206878e-002  0.000000e+000
 3.595000e+002  2.897608e-002  0.000000e+000
 3.600000e+002  1.653992e-003  0.000000e+000
 3.605000e+002  2.381737e-002  0.000000e+000
 3.610000e+002  7.390381e-002  0.000000e+000
 3.615000e+002  6.302109e-002  0.000000e+000
 3.620000e+002  9.841222e-002  0.000000e+000
 3.625000e+002  6.701192e-002  0.000000e+000
 3.630000e+002  1.046886e-001  0.000000e+000
 3.635000e+002  5.775248e-002  0.000000e+000
 3.640000e+002  6.533225e-002  0.000000e+000
 3.645000e+002  7.542848e-002  0.000000e+000
 3.650000e+002  1.045309e-001  0.000000e+000
 3.655000e+002  2.718190e-002  0.000000e+000
 3.660000e+002  2.802053e-002  0.000000e+000
 3.665000e+002  3.221510e-003  0.000000e+000
 3.670000e+002  3.628976e-002  0.000000e+000
 3.675000e+002  1.364076e-002  0.000000e+000
 3.680000e+002  3.627361e-002  0.000000e+000
 3.685000e+002  4.200635e-002  0.000000e+000
 3.690000e+002  9.766509e-002  0.000000e+000
 3.695000e+002  3.235032e-002  0.000000e+000
 3.700000e+002  1.880826e-002  0.000000e+000
 3.705000e+002  1.702246e-002  0.000000e+000
 3.710000e+002  3.172990e-002  0.000000e+000
 3.715000e+002  2.509067e-002  0.000000e+000
 3.720000e+002  2.362739e-002  0.000000e+000
 3.725000e+002  5.179134e-002  0.000000e+000
 3.730000e+002  1.403204e-002  0.000000e+000
 3.735000e+002  4.603086e-003  0.000000e+000
 3.740000e+002  2.688710e-002  0.000000e+000
 3.745000e+002  2.677588e-002  0.000000e+000
 3.750000e+002  1.156521e-002  0.000000e+000
 3.755000e+002  1.327208e-001  0.000000e+000
 3.760000e+002  4.242508e-002  0.000000e+000
 3.765000e+002  1.742503e-002  0.000000e+000
 3.770000e+002  1.822482e-002  0.000000e+000
 3.775000e+002  5.054160e-002  0.000000e+000
 3.780000e+002  3.065159e-002  0.000000e+000
 3.785000e+002  3.655618e-002  0.000000e+000
 3.790000e+002  5.528730e-003  0.000000e+000
 3.795000e+002  5.792093e-003  0.000000e+000
 3.800000e+002  2.525814e-002  0.000000e+000
 3.805000e+002  1.734039e-002  0.000000e+000
 3.810000e+002  8.220369e-003  0.000000e+000
 3.815000e+002  4.016221e-003  0.000000e+000
 3.820000e+002  9.914751e-003  0.000000e+000
 3.825000e+002  1.769068e-002  0.000000e+000
 3.830000e+002  1.065727e-001  0.000000e+000
 3.835000e+002  8.286684e-003  0.000000e+000
 3.840000e+002  1.952356e-002  0.000000e+000
 3.845000e+002  2.771731e-002  0.000000e+000
 3.850000e+002  5.070504e-002  0.000000e+000
 3.855000e+002  3.713234e-003  0.000000e+000
 3.860000e+002  1.985997e-003  0.000000e+000
 3.865000e+002  2.556541e-002  0.000000e+000
 3.870000e+002  3.896566e-002  0.000000e+000
 3.875000e+002  3.183122e-002  0.000000e+000
 3.880000e+002  1.283397e-002  0.000000e+000
 3.885000e+002  1.626392e-002  0.000000e+000
 3.890000e+002  1.202959e-001  0.000000e+000
 3.895000e+002  8.617824e-002  0.000000e+000
 3.900000e+002  4.617633e-002  0.000000e+000
 3.905000e+002  3.659144e-002  0.000000e+000
 3.910000e+002  6.267305e-002  0.000000e+000
 3.915000e+002  6.751439e-002  0.000000e+000
 3.920000e+002  9.315871e-002  0.000000e+000
 3.925000e+002  9.494308e-002  0.000000e+000
 3.930000e+002  2.075590e-002  0.000000e+000
 3.935000e+002  2.527084e-002  0.000000e+000
 3.940000e+002  1.021086e-002  0.000000e+000
 3.945000e+002  2.523736e-003  0.000000e+000
 3.950000e+002  6.828489e-002  0.000000e+000
 3.955000e+002  2.325387e-002  0.000000e+000
 3.960000e+002  7.182796e-002  0.000000e+000
 3.965000e+002  8.515807e-002  0.000000e+000
 3.970000e+002  1.213426e-002  0.000000e+000
 3.975000e+002  3.976544e-002  0.000000e+000
 3.980000e+002  2.052383e-001  0.000000e+000
 3.985000e+002  1.766429e-002  0.000000e+000
 3.990000e+002  7.824010e-002  0.000000e+000
 3.995000e+002  6.354204e-002  0.000000e+000
 4.000000e+002  5.068957e-002  0.000000e+000
 4.005000e+002  3.800851e-002  0.000000e+000
 4.010000e+002  1.021132e-001  0.000000e+000
 4.015000e+002  4.728675e-002  0.000000e+000
 4.020000e+002  1.158809e-002  0.000000e+000
 4.025000e+002  3.263699e-002  0.000000e+000
 4.030000e+002  2.256812e-002  0.000000e+000
 4.035000e+002  1.016727e-002  0.000000e+000
 4.040000e+002  2.153708e-002  0.000000e+000
 4.045000e+002  6.964282e-003  0.000000e+000
 4.050000e+002  2.785962e-003  0.000000e+000
 4.055000e+002  4.327092e-002  0.000000e+000
 4.060000e+002  1.261225e-001  0.000000e+000
 4.065000e+002  1.210679e-002  0.000000e+000
 4.070000e+002  4.016146e-002  0.000000e+000
 4.075000e+002  3.969587e-002  0.000000e+000
 4.080000e+002  1.190999e-001  0.000000e+000
 4.085000e+002  8.312849e-002  0.000000e+000
 4.090000e+002  1.444794e-002  0.000000e+000
 4.095000e+002  6.478740e-002  0.000000e+000
 4.100000e+002  1.107663e-001  0.000000e+000
 4.105000e+002  1.550251e-001  0.000000e+000
 4.110000e+002  1.122255e-001  0.000000e+000
 4.115000e+002  4.443613e-002  0.000000e+000
 4.120000e+002  8.850966e-003  0.000000e+000
 4.125000e+002  3.059628e-004  0.000000e+000
 4.130000e+002  9.174505e-003  0.000000e+000
 4.135000e+002  4.204387e-003  0.000000e+000
 4.140000e+002  5.208021e-002  0.000000e+000
 4.145000e+002  1.225778e-003  0.000000e+000
 4.150000e+002  1.498327e-001  0.000000e+000
 4.155000e+002  6.873722e-002  0.000000e+000
 4.160000e+002  1.303372e-002  0.000000e+000
 4.165000e+002  1.352821e-002  0.000000e+000
 4.170000e+002  2.109309e-002  0.000000e+000
 4.175000e+002  9.784432e-002  0.000000e+000
 4.180000e+002  8.616442e-002  0.000000e+000
 4.185000e+002  2.127748e-002  0.000000e+000
 4.190000e+002  4.642363e-002  0.000000e+000
 4.195000e+002  1.551259e-002  0.000000e+000
 4.200000e+002  8.674284e-003  0.000000e+000
 4.205000e+002  9.398444e-002  0.000000e+000
 4.210000e+002  4.155676e-003  0.000000e+000
 4.215000e+002  4.663907e-002  0.000000e+000
 4.220000e+002  1.355834e-001  0.000000e+000
 4.225000e+002  2.133340e-002  0.000000e+000
 4.230000e+002  1.116239e-001  0.000000e+000
 4.235000e+002  2.527726e-003  0.000000e+000
 4.240000e+002  2.058807e-002  0.000000e+000
 4.245000e+002  1.361887e-001  0.000000e+000
 4.250000e+002  4.704075e-002  0.000000e+000
 4.255000e+002  3.279588e-003  0.000000e+000
 4.260000e+002  1.209701e-002  0.000000e+000
 4.265000e+002  7.607215e-003  0.000000e+000
 4.270000e+002  1.001408e-001  0.000000e+000
 4.275000e+002  7.468554e-002  0.000000e+000
 4.280000e+002  1.528118e-001  0.000000e+000
 4.285000e+002  1.106185e-001  0.000000e+000
 4.290000e+002  1.128656e-001  0.000000e+000
 4.295000e+002  5.389973e-002  0.000000e+000
 4.300000e+002  5.889169e-002  0.000000e+000
 4.305000e+002  2.519396e-002  0.000000e+000
 4.310000e+002  1.296618e-001  0.000000e+000
 4.315000e+002  2.540313e-002  0.000000e+000
 4.320000e+002  4.112143e-002  0.000000e+000
 4.325000e+002  7.269148e-002  0.000000e+000
 4.330000e+002  3.898815e-002  0.000000e+000
 4.335000e+002  7.862025e-002  0.000000e+000
 4.340000e+002  1.950361e-001  0.000000e+000
 4.345000e+002  2.315258e-002  0.000000e+000
 4.350000e+002  4.787532e-002  0.000000e+000
 4.355000e+002  6.672297e-002  0.000000e+000
 4.360000e+002  8.032524e-002  0.000000e+000
 4.365000e+002  2.400677e-002  0.000000e+000
 4.370000e+002  8.053305e-003  0.000000e+000
 4.375000e+002  7.764712e-002  0.000000e+000
 4.380000e+002  2.821474e-003  0.000000e+000
 4.385000e+002  8.355862e-002  0.000000e+000
 4.390000e+002  3.972834e-003  0.000000e+000
 4.395000e+002  2.630745e-002  0.000000e+000
 4.400000e+002  1.442872e-003  0.000000e+000
 4.405000e+002  7.737393e-002  0.000000e+000
 4.410000e+002  4.744954e-002  0.000000e+000
 4.415000e+002  6.571433e-002  0.000000e+000
 4.420000e+002  1.615485e-002  0.000000e+000
 4.425000e+002  1.413737e-002  0.000000e+000
 4.430000e+002  7.884970e-002  0.000000e+000
 4.435000e+002  2.935370e-003  0.000000e+000
 4.440000e+002  1.032951e-001  0.000000e+000
 4.445000e+002  1.999972e-002  0.000000e+000
 4.450000e+002  3.866959e-002  0.000000e+000
 4.455000e+002  8.331291e-002  0.000000e+000
 4.460000e+002  1.822883e-002  0.000000e+000
 4.465000e+002  2.765892e-001  0.000000e+000
 4.470000e+002  4.935191e-002  0.000000e+000
 4.475000e+002  5.746851e-002  0.000000e+000
 4.480000e+002  2.721050e-002  0.000000e+000
 4.485000e+002  1.314861e-001  0.000000e+000
 4.490000e+002  2.720304e-002  0.000000e+000
 4.495000e+002  3.459961e-003  0.000000e+000
 4.500000e+002  1.576992e-002  0.000000e+000
 4.505000e+002  1.267114e-001  0.000000e+000
 4.510000e+002  4.581098e-003  0.000000e+000
 4.515000e+002  7.643649e-003  0.000000e+000
 4.520000e+002  3.853936e-002  0.000000e+000
 4.525000e+002  3.683115e-002  0.000000e+000
 4.530000e+002  1.523852e-002  0.000000e+000
 4.535000e+002  1.355363e-001  0.000000e+000
 4.540000e+002  4.073594e-002  0.000000e+000
 4.545000e+002  1.142020e-002  0.000000e+000
 4.550000e+002  4.726708e-002  0.000000e+000
 4.555000e+002  1.135163e-002  0.000000e+000
 4.560000e+002  1.365124e-002  0.000000e+000
 4.565000e+002  1.332968e-001  0.000000e+000
 4.570000e+002  3.639603e-002  0.000000e+000
 4.575000e+002  3.389153e-002  0.000000e+000
 4.580000e+002  1.177669e-001  0.000000e+000
 4.585000e+002  1.177256e-001  0.000000e+000
 4.590000e+002  1.366805e-001  0.000000e+000
 4.595000e+002  2.279481e-002  0.000000e+000
 4.600000e+002  1.232250e-002  0.000000e+000
 4.605000e+002  1.693783e-001  0.000000e+000
 4.610000e+002  2.048986e-002  0.000000e+000
 4.615000e+002  1.004757e-001  0.000000e+000
 4.620000e+002  6.401547e-002  0.000000e+000
 4.625000e+002  2.906505e-003  0.000000e+000
 4.630000e+002  1.214034e-001  0.000000e+000
 4.635000e+002  1.203822e-001  0.000000e+000
 4.640000e+002  8.108652e-002  0.000000e+000
 4.645000e+002  4.520291e-002  0.000000e+000
 4.650000e+002  6.930288e-002  0.000000e+000
 4.655000e+002  8.802054e-003  0.000000e+000
 4.660000e+002  4.343865e-003  0.000000e+000
 4.665000e+002  9.638184e-002  0.000000e+000
 4.670000e+002  4.149042e-003  0.000000e+000
 4.675000e+002  5.004812e-002  0.000000e+000
 4.680000e+002  2.016117e-001  0.000000e+000
 4.685000e+002  2.956588e-002  0.000000e+000
 4.690000e+002  2.515467e-002  0.000000e+000
 4.695000e+002  8.415484e-002  0.000000e+000
 4.700000e+002  3.708843e-003  0.000000e+000
 4.705000e+002  6.802332e-002  0.000000e+000
 4.710000e+002  8.923777e-002  0.000000e+000
 4.715000e+002  3.297292e-002  0.000000e+000
 4.720000e+002  6.008766e-002  0.000000e+000
 4.725000e+002  7.887912e-002  0.000000e+000
 4.730000e+002  1.857131e-001  0.000000e+000
 4.735000e+002  1.410641e-002  0.000000e+000
 4.740000e+002  6.218273e-002  0.000000e+000
 4.745000e+002  3.106281e-002  0.000000e+000
 4.750000e+002  1.208335e-001  0.000000e+000
 4.755000e+002  7.948288e-003  0.000000e+000
 4.760000e+002  3.093950e-001  0.000000e+000
 4.765000e+002  6.871597e-002  0.000000e+000
 4.770000e+002  2.808688e-002  0.000000e+000
 4.775000e+002  1.773384e-002  0.000000e+000
 4.780000e+002  7.614931e-002  0.000000e+000
 4.785000e+002  1.954502e-002  0.000000e+000
 4.790000e+002  6.378759e-002  0.000000e+000
 4.795000e+002  2.388126e-002  0.000000e+000
 4.800000e+002  8.973312e-003  0.000000e+000
 4.805000e+002  2.749510e-002  0.000000e+000
 4.810000e+002  1.960003e-002  0.000000e+000
 4.815000e+002  4.288589e-002  0.000000e+000
 4.820000e+002  6.980930e-003  0.000000e+000
 4.825000e+002  1.602696e-002  0.000000e+000
 4.830000e+002  1.736639e-001  0.000000e+000
 4.835000e+002  5.007910e-002  0.000000e+000
 4.840000e+002  7.759894e-002  0.000000e+000
 4.845000e+002  4.709854e-003  0.000000e+000
 4.850000e+002  2.649173e-002  0.000000e+000
 4.855000e+002  4.395078e-002  0.000000e+000
 4.860000e+002  4.001712e-002  0.000000e+000
 4.865000e+002  5.425381e-002  0.000000e+000
 4.870000e+002  7.306845e-002  0.000000e+000
 4.875000e+002  9.844176e-002  0.000000e+000
 4.880000e+002  1.308114e-001  0.000000e+000
 4.885000e+002  1.241170e-001  0.000000e+000
 4.890000e+002  6.937820e-002  0.000000e+000
 4.895000e+002  1.903722e-001  0.000000e+000
 4.900000e+002  7.601279e-002  0.000000e+000
 4.905000e+002  1.181247e-001  0.000000e+000
 4.910000e+002  2.983345e-002  0.000000e+000
 4.915000e+002  1.465873e-001  0.000000e+000
 4.920000e+002  1.362083e-001  0.000000e+000
 4.925000e+002  1.832428e-001  0.000000e+000
 4.930000e+002  3.825796e-002  0.000000e+000
 4.935000e+002  2.131995e-001  0.000000e+000
 4.940000e+002  2.003703e-001  0.000000e+000
 4.945000e+002  3.305704e-002  0.000000e+000
 4.950000e+002  3.385999e-002  0.000000e+000
 4.955000e+002  6.835999e-002  0.000000e+000
 4.960000e+002  2.092612e-001  0.000000e+000
 4.965000e+002  9.970579e-002  0.000000e+000
 4.970000e+002  1.484659e-002  0.000000e+000
 4.975000e+002  1.085349e-001  0.000000e+000
 4.980000e+002  8.594702e-003  0.000000e+000
 4.985000e+002  4.167434e-002  0.000000e+000
 4.990000e+002  6.302738e-002  0.000000e+000
 4.995000e+002  1.405751e-001  0.000000e+000
 5.000000e+002  1.645502e-001  0.000000e+000
 5.005000e+002  1.268337e-001  0.000000e+000
 5.010000e+002  3.517602e-002  0.000000e+000
 5.015000e+002  1.601257e-002  0.000000e+000
 5.020000e+002  9.291144e-002  0.000000e+000
 5.025000e+002  3.141674e-001  0.000000e+000
 5.030000e+002  7.757045e-002  0.000000e+000
 5.035000e+002  1.441843e-001  0.000000e+000
 5.040000e+002  2.105152e-001  0.000000e+000
 5.045000e+002  1.234888e-001  0.000000e+000
 5.050000e+002  9.254719e-002  0.000000e+000
 5.055000e+002  1.664464e-001  0.000000e+000
 5.060000e+002  1.109839e-002  0.000000e+000
 5.065000e+002  9.831019e-002  0.000000e+000
 5.070000e+002  1.096263e-001  0.000000e+000
 5.075000e+002  6.256171e-002  0.000000e+000
 5.080000e+002  1.929109e-001  0.000000e+000
 5.085000e+002  1.666470e-001  0.000000e+000
 5.090000e+002  1.715624e-001  0.000000e+000
 5.095000e+002  3.334850e-001  0.000000e+000
 5.100000e+002  2.421538e-002  0.000000e+000
 5.105000e+002  4.482251e-002  0.000000e+000
 5.110000e+002  1.096614e-001  0.000000e+000
 5.115000e+002  3.193275e-001  0.000000e+000
 5.120000e+002  3.442363e-001  0.000000e+000
