 0.000000e+000  4.474485e-005  0.000000e+000
 2.500000e-001  9.027585e-004 -6.174422e-004
 5.000000e-001  1.567756e-003  1.077687e-003
 7.500000e-001 -4.519553e-004  1.428701e-003
 1.000000e+000 -1.532365e-003  5.524543e-004
 1.250000e+000 -2.461380e-003  2.339686e-004
 1.500000e+000 -2.033328e-003 -8.038597e-004
 1.750000e+000 -2.167664e-003 -6.563810e-004
 2.000000e+000 -2.594052e-003  1.359097e-004
 2.250000e+000 -2.575438e-003  1.069091e-003
 2.500000e+000 -3.371776e-003  7.428746e-004
 2.750000e+000 -3.339006e-003 -6.255110e-005
 3.000000e+000 -3.603081e-003 -4.927109e-004
 3.250000e+000 -4.294941e-003  2.486742e-004
 3.500000e+000 -4.867300e-003  2.181802e-003
 3.750000e+000 -4.248025e-003  1.012229e-003
 4.000000e+000 -4.220945e-003  8.762522e-004
 4.250000e+000 -4.269815e-003  2.813042e-004
 4.500000e+000 -4.006562e-003  3.539002e-004
 4.750000e+000 -4.453667e-003  7.231616e-004
 5.000000e+000 -4.564497e-003  5.401967e-004
 5.250000e+000 -4.570386e-003  3.261668e-005
 5.500000e+000 -4.627490e-003 -7.705772e-005
 5.750000e+000 -4.635857e-003  3.494758e-004
 6.000000e+000 -4.628064e-003  2.588545e-004
 6.250000e+000 -4.701989e-003 -1.095780e-004
 6.500000e+000 -4.784909e-003  1.449474e-005
 6.750000e+000 -4.773645e-003 -5.373552e-005
 7.000000e+000 -4.685678e-003 -9.437486e-005
 7.250000e+000 -5.034813e-003 -8.101460e-005
 7.500000e+000 -5.039240e-003 -1.205874e-004
 7.750000e+000 -5.178991e-003 -7.186289e-005
 8.000000e+000 -5.119874e-003 -1.807951e-004
 8.250000e+000 -5.044450e-003 -2.652822e-005
 8.500000e+000 -5.432200e-003 -2.141294e-004
 8.750000e+000 -5.563511e-003 -2.342204e-004
 9.000000e+000 -5.230433e-003 -9.787171e-005
 9.250000e+000 -5.512747e-003 -1.919576e-004
 9.500000e+000 -5.870035e-003  9.339268e-005
 9.750000e+000 -6.098854e-003 -2.410421e-004
 1.000000e+001 -5.856925e-003  1.587919e-005
 1.025000e+001 -5.981476e-003  1.945350e-004
 1.050000e+001 -6.169036e-003 -1.462641e-004
 1.075000e+001 -6.624979e-003  9.122891e-005
 1.100000e+001 -6.570261e-003  8.232330e-005
 1.125000e+001 -6.256084e-003 -5.706182e-005
 1.150000e+001 -6.337281e-003  8.291685e-005
 1.175000e+001 -6.342265e-003 -2.297223e-005
 1.200000e+001 -6.918334e-003 -6.956409e-005
 1.225000e+001 -7.099747e-003 -3.207647e-004
 1.250000e+001 -7.366952e-003  3.160375e-004
 1.275000e+001 -7.894982e-003  7.437599e-004
 1.300000e+001 -7.815257e-003  1.734319e-004
 1.325000e+001 -7.977659e-003  5.063793e-004
 1.350000e+001 -7.923170e-003  2.247331e-005
 1.375000e+001 -8.123902e-003 -2.150735e-004
 1.400000e+001 -8.548857e-003  8.896542e-005
 1.425000e+001 -8.104700e-003  5.413522e-004
 1.450000e+001 -8.803156e-003  6.241704e-004
 1.475000e+001 -8.915253e-003 -2.201753e-004
 1.500000e+001 -9.196828e-003 -1.151719e-005
 1.525000e+001 -9.581458e-003  7.187750e-004
 1.550000e+001 -1.006834e-002 -1.921201e-004
 1.575000e+001 -1.054553e-002  4.743345e-004
 1.600000e+001 -1.049987e-002  4.848157e-005
 1.625000e+001 -1.075120e-002 -1.241980e-004
 1.650000e+001 -1.191442e-002  4.327015e-004
 1.675000e+001 -1.191015e-002 -1.386345e-004
 1.700000e+001 -1.185391e-002  3.376992e-004
 1.725000e+001 -1.323717e-002  1.347272e-003
 1.750000e+001 -1.315876e-002  3.639597e-004
 1.775000e+001 -1.423420e-002  7.342791e-004
 1.800000e+001 -1.427555e-002  7.912201e-004
 1.825000e+001 -1.587628e-002  6.407892e-004
 1.850000e+001 -1.618999e-002  4.517467e-004
 1.875000e+001 -1.809964e-002  1.065740e-003
 1.900000e+001 -1.887268e-002 -1.863264e-004
 1.925000e+001 -2.023633e-002  1.159996e-003
 1.950000e+001 -2.193757e-002  1.143458e-003
 1.975000e+001 -2.383714e-002  4.663728e-004
 2.000000e+001 -2.652102e-002  8.925928e-004
 2.025000e+001 -2.900180e-002  9.760007e-004
 2.050000e+001 -3.109097e-002  1.709006e-003
 2.075000e+001 -3.661248e-002  8.898874e-004
 2.100000e+001 -4.270215e-002  2.200339e-003
 2.125000e+001 -5.120229e-002  3.446629e-003
 2.150000e+001 -6.236014e-002  4.526340e-003
 2.175000e+001 -7.991045e-002  5.772441e-003
 2.200000e+001 -1.201415e-001  1.897707e-002
 2.225000e+001 -2.080178e-001  8.541034e-002
 2.250000e+001 -3.022763e-001  3.904391e-001
 2.275000e+001  4.097200e-001  6.636398e-002
 2.300000e+001  1.446547e-001  1.467087e-002
 2.325000e+001  9.403476e-002  6.178079e-003
 2.350000e+001  6.841300e-002  7.149385e-003
 2.375000e+001  5.410774e-002  6.623144e-004
 2.400000e+001  4.471131e-002  8.295139e-004
 2.425000e+001  3.716048e-002  1.298768e-003
 2.450000e+001  3.417185e-002  1.997964e-003
 2.475000e+001  2.905160e-002  8.124784e-004
 2.500000e+001  2.603160e-002 -2.170650e-004
 2.525000e+001  2.382797e-002  8.498321e-004
 2.550000e+001  2.214176e-002  1.154996e-003
 2.575000e+001  1.911372e-002  4.610963e-004
 2.600000e+001  1.815156e-002 -4.034014e-004
 2.625000e+001  1.664538e-002  4.895872e-004
 2.650000e+001  1.634634e-002  6.410369e-004
 2.675000e+001  1.548242e-002  1.275612e-005
 2.700000e+001  1.387723e-002  3.626189e-004
 2.725000e+001  1.359526e-002  1.496665e-004
 2.750000e+001  1.309897e-002  4.934339e-006
 2.775000e+001  1.216416e-002  2.048235e-004
 2.800000e+001  1.218309e-002 -4.671543e-004
 2.825000e+001  1.147762e-002 -4.665309e-005
 2.850000e+001  1.020653e-002  9.701193e-005
 2.875000e+001  1.066721e-002  6.799917e-004
 2.900000e+001  9.907587e-003 -1.811966e-004
 2.925000e+001  9.544317e-003  1.945960e-004
 2.950000e+001  8.871775e-003  3.270943e-004
 2.975000e+001  8.837258e-003  2.458535e-006
 3.000000e+001  8.148413e-003  2.855427e-004
 3.025000e+001  8.067974e-003  2.933606e-004
 3.050000e+001  8.071645e-003  2.317251e-004
 3.075000e+001  7.782951e-003  4.607442e-004
 3.100000e+001  7.438119e-003  4.083821e-004
 3.125000e+001  8.016562e-003  3.870523e-004
 3.150000e+001  7.240805e-003  3.442190e-004
 3.175000e+001  6.553280e-003  1.051942e-004
 3.200000e+001  6.662613e-003  1.882400e-004
 3.225000e+001  6.141663e-003  1.364694e-004
 3.250000e+001  6.145460e-003  5.254079e-004
 3.275000e+001  6.011316e-003  2.427186e-004
 3.300000e+001  5.895170e-003  4.698546e-004
 3.325000e+001  5.786189e-003  3.631089e-004
 3.350000e+001  5.783339e-003  3.626702e-004
 3.375000e+001  5.536384e-003  3.083046e-004
 3.400000e+001  5.636637e-003  1.623951e-004
 3.425000e+001  5.410061e-003  3.669033e-004
 3.450000e+001  5.375876e-003  1.380842e-004
 3.475000e+001  5.218229e-003  3.905856e-004
 3.500000e+001  5.066840e-003  4.460295e-004
 3.525000e+001  5.059335e-003  1.183007e-004
 3.550000e+001  4.923735e-003  3.632594e-004
 3.575000e+001  4.697132e-003  2.921243e-004
 3.600000e+001  4.564989e-003  2.912333e-004
 3.625000e+001  4.472308e-003 -5.242452e-005
 3.650000e+001  4.615199e-003  3.510931e-004
 3.675000e+001  4.534832e-003  3.265336e-004
 3.700000e+001  4.371797e-003  1.514303e-004
 3.725000e+001  4.289043e-003  2.272028e-004
 3.750000e+001  4.081993e-003  3.744893e-004
 3.775000e+001  4.268118e-003  1.772163e-004
 3.800000e+001  4.275222e-003  5.140120e-004
 3.825000e+001  4.092070e-003 -1.196962e-004
 3.850000e+001  4.037961e-003  3.605121e-004
 3.875000e+001  4.080947e-003  5.345520e-004
 3.900000e+001  4.115800e-003  3.655048e-004
 3.925000e+001  4.034975e-003  4.058984e-004
 3.950000e+001  4.040670e-003  6.840860e-005
 3.975000e+001  3.907213e-003  2.259813e-004
 4.000000e+001  3.759425e-003  2.873906e-004
 4.025000e+001  3.895548e-003  3.850342e-004
 4.050000e+001  3.723953e-003  3.877572e-004
 4.075000e+001  3.272647e-003  2.059430e-004
 4.100000e+001  3.455342e-003  2.914034e-004
 4.125000e+001  3.641424e-003  3.459819e-004
 4.150000e+001  3.717799e-003  2.518149e-004
 4.175000e+001  3.500442e-003  3.683693e-004
 4.200000e+001  3.378990e-003  1.790606e-004
 4.225000e+001  3.322382e-003  4.245495e-004
 4.250000e+001  3.338520e-003  1.413717e-004
 4.275000e+001  3.548144e-003  1.484278e-004
 4.300000e+001  3.400981e-003  1.891835e-004
 4.325000e+001  3.582213e-003  1.981238e-004
 4.350000e+001  3.184992e-003  2.588358e-004
 4.375000e+001  3.087289e-003  3.005242e-004
 4.400000e+001  3.303155e-003  2.323290e-004
 4.425000e+001  3.032602e-003  3.788548e-004
 4.450000e+001  3.036133e-003  4.687390e-004
 4.475000e+001  3.265395e-003  2.422729e-004
 4.500000e+001  3.009537e-003  3.663641e-004
 4.525000e+001  2.891050e-003  7.401079e-004
 4.550000e+001  2.673504e-003  3.841627e-004
 4.575000e+001  3.060531e-003  2.083537e-004
 4.600000e+001  2.861135e-003  1.121988e-004
 4.625000e+001  2.945352e-003  1.632592e-004
 4.650000e+001  2.988507e-003  3.410107e-004
 4.675000e+001  2.801008e-003  3.383073e-004
 4.700000e+001  2.960030e-003  3.265425e-004
 4.725000e+001  2.906059e-003  1.314271e-004
 4.750000e+001  2.680582e-003  3.483005e-004
 4.775000e+001  2.775162e-003  3.287575e-004
 4.800000e+001  2.780681e-003  2.077760e-004
 4.825000e+001  2.681480e-003  2.257932e-004
 4.850000e+001  2.717779e-003  4.172632e-004
 4.875000e+001  2.687582e-003  2.988681e-004
 4.900000e+001  2.690979e-003  1.962269e-004
 4.925000e+001  2.831786e-003  1.806181e-004
 4.950000e+001  2.913999e-003  2.986724e-004
 4.975000e+001  2.643891e-003  2.238426e-004
 5.000000e+001  2.587187e-003  3.964944e-004
 5.025000e+001  2.862599e-003  3.250559e-004
 5.050000e+001  2.631505e-003  3.866102e-004
 5.075000e+001  2.486222e-003  3.607732e-004
 5.100000e+001  2.453823e-003  2.120175e-004
 5.125000e+001  2.664184e-003  3.930305e-004
 5.150000e+001  2.678784e-003  2.010820e-004
 5.175000e+001  2.389989e-003  2.772802e-004
 5.200000e+001  2.520841e-003  1.987894e-004
 5.225000e+001  2.479075e-003  2.765452e-004
 5.250000e+001  2.393111e-003  2.394061e-004
 5.275000e+001  2.458213e-003  2.042252e-004
 5.300000e+001  2.559795e-003  2.348690e-004
 5.325000e+001  2.369037e-003  1.184877e-004
 5.350000e+001  2.376402e-003  2.475449e-004
 5.375000e+001  2.469654e-003  2.770492e-004
 5.400000e+001  2.709519e-003  8.433643e-005
 5.425000e+001  2.358096e-003  1.395375e-004
 5.450000e+001  2.326420e-003  2.548113e-004
 5.475000e+001  2.347553e-003  3.082247e-004
 5.500000e+001  2.480710e-003  1.447005e-004
 5.525000e+001  2.303749e-003  2.774571e-004
 5.550000e+001  2.399330e-003  1.532264e-004
 5.575000e+001  2.435871e-003  1.940482e-004
 5.600000e+001  2.478653e-003  1.624451e-004
 5.625000e+001  2.283329e-003  2.321893e-004
 5.650000e+001  2.066182e-003  1.750074e-004
 5.675000e+001  2.067166e-003  3.342705e-004
 5.700000e+001  2.292578e-003  3.686002e-004
 5.725000e+001  2.440221e-003  4.536489e-004
 5.750000e+001  2.427467e-003  5.196798e-004
 5.775000e+001  2.446017e-003  3.274874e-004
 5.800000e+001  2.546249e-003  3.325781e-004
 5.825000e+001  2.374165e-003  2.300495e-004
 5.850000e+001  2.647000e-003  3.156328e-004
 5.875000e+001  2.201812e-003  1.632957e-004
 5.900000e+001  2.437768e-003  4.927882e-004
 5.925000e+001  2.459162e-003  4.561216e-004
 5.950000e+001  2.517976e-003  2.885269e-004
 5.975000e+001  2.417064e-003  3.139690e-004
 6.000000e+001  2.257673e-003  2.807834e-004
 6.025000e+001  2.343448e-003  4.552989e-004
 6.050000e+001  2.222622e-003  3.994834e-004
 6.075000e+001  2.565345e-003  1.728264e-004
 6.100000e+001  2.360331e-003  2.595598e-004
 6.125000e+001  2.263897e-003  2.701915e-004
 6.150000e+001  2.322804e-003  2.289864e-004
 6.175000e+001  2.635993e-003  1.293364e-004
 6.200000e+001  2.604955e-003  1.937987e-004
 6.225000e+001  2.443688e-003  1.774902e-004
 6.250000e+001  2.451687e-003  2.607313e-004
 6.275000e+001  2.417714e-003  1.770663e-004
 6.300000e+001  2.387243e-003  3.458359e-004
 6.325000e+001  2.489233e-003  4.984903e-004
 6.350000e+001  2.379568e-003  2.527813e-004
 6.375000e+001  2.282791e-003  3.392357e-004
 6.400000e+001  2.595287e-003  1.608789e-004
 6.425000e+001  2.497949e-003  3.815227e-004
 6.450000e+001  2.408105e-003  3.082290e-004
 6.475000e+001  2.834329e-003  3.447469e-004
 6.500000e+001  2.626753e-003  2.555909e-004
 6.525000e+001  2.541830e-003  2.550856e-004
 6.550000e+001  2.915953e-003  1.621300e-004
 6.575000e+001  2.531814e-003  5.858711e-005
 6.600000e+001  2.926679e-003  3.685800e-004
 6.625000e+001  2.718238e-003  2.635135e-004
 6.650000e+001  2.862807e-003  2.288514e-004
 6.675000e+001  2.673561e-003  2.317236e-004
 6.700000e+001  2.739666e-003  1.049424e-004
 6.725000e+001  2.757790e-003  3.159279e-004
 6.750000e+001  2.837250e-003  3.016420e-004
 6.775000e+001  3.132435e-003  3.666371e-004
 6.800000e+001  2.969713e-003  7.491099e-005
 6.825000e+001  3.251865e-003  9.977834e-005
 6.850000e+001  3.124278e-003  1.837748e-004
 6.875000e+001  3.017018e-003  3.935551e-004
 6.900000e+001  3.297393e-003  2.062725e-004
 6.925000e+001  3.152388e-003  3.245511e-004
 6.950000e+001  3.264925e-003  2.373799e-004
 6.975000e+001  3.367822e-003  3.400751e-004
 7.000000e+001  3.361158e-003  3.073369e-004
 7.025000e+001  3.635612e-003  2.951631e-004
 7.050000e+001  3.754555e-003  1.120511e-004
 7.075000e+001  3.609712e-003 -4.974295e-005
 7.100000e+001  3.602938e-003  3.994753e-005
 7.125000e+001  4.013446e-003  2.481861e-004
 7.150000e+001  3.978577e-003  6.412704e-005
 7.175000e+001  3.873761e-003 -9.448663e-006
 7.200000e+001  4.206980e-003 -2.704535e-004
 7.225000e+001  4.087272e-003  1.580143e-004
 7.250000e+001  4.487874e-003  5.354364e-005
 7.275000e+001  4.632720e-003 -1.614892e-004
 7.300000e+001  4.569315e-003  1.149971e-004
 7.325000e+001  4.894348e-003  2.437236e-005
 7.350000e+001  4.886864e-003  2.352974e-004
 7.375000e+001  5.050375e-003  5.300709e-005
 7.400000e+001  5.583042e-003  1.700742e-004
 7.425000e+001  5.583248e-003 -2.968962e-004
 7.450000e+001  5.803967e-003  3.021123e-004
 7.475000e+001  5.894910e-003 -4.836812e-005
 7.500000e+001  6.713871e-003 -5.421196e-005
 7.525000e+001  6.673431e-003 -3.729790e-004
 7.550000e+001  7.360266e-003 -1.948726e-004
 7.575000e+001  7.828213e-003 -4.921105e-004
 7.600000e+001  8.153671e-003 -3.951244e-004
 7.625000e+001  9.019088e-003 -7.246334e-004
 7.650000e+001  9.864820e-003 -8.441125e-004
 7.675000e+001  1.089392e-002 -1.305838e-003
 7.700000e+001  1.215858e-002 -1.583652e-003
 7.725000e+001  1.338291e-002 -2.429457e-003
 7.750000e+001  1.544245e-002 -2.437361e-003
 7.775000e+001  1.722068e-002 -4.518305e-003
 7.800000e+001  2.130487e-002 -6.818837e-003
 7.825000e+001  2.327846e-002 -9.773495e-003
 7.850000e+001  2.771080e-002 -1.694849e-002
 7.875000e+001  3.117235e-002 -2.919482e-002
 7.900000e+001  2.583818e-002 -4.966565e-002
 7.925000e+001 -3.929185e-003 -6.369754e-002
 7.950000e+001 -3.506470e-002 -4.508072e-002
 7.975000e+001 -3.283167e-002 -1.890461e-002
 8.000000e+001 -2.555728e-002 -1.033901e-002
 8.025000e+001 -2.011480e-002 -5.883409e-003
 8.050000e+001 -1.765368e-002 -4.682780e-003
 8.075000e+001 -1.409540e-002 -3.054425e-003
 8.100000e+001 -1.267000e-002 -2.831508e-003
 8.125000e+001 -1.139805e-002 -1.684402e-003
 8.150000e+001 -1.007008e-002 -1.384852e-003
 8.175000e+001 -9.124505e-003 -7.493802e-004
 8.200000e+001 -7.861603e-003 -7.800432e-004
 8.225000e+001 -7.679964e-003 -8.700804e-004
 8.250000e+001 -7.068326e-003 -5.930288e-004
 8.275000e+001 -6.753927e-003 -4.220050e-004
 8.300000e+001 -6.244272e-003 -4.628329e-004
 8.325000e+001 -5.750396e-003 -4.618902e-004
 8.350000e+001 -5.204947e-003 -1.923821e-004
 8.375000e+001 -5.104613e-003 -1.050180e-004
 8.400000e+001 -4.643347e-003 -1.379420e-004
 8.425000e+001 -4.363465e-003 -3.276836e-004
 8.450000e+001 -4.151129e-003 -9.011241e-005
 8.475000e+001 -4.035019e-003  7.949374e-005
 8.500000e+001 -4.006494e-003 -3.451558e-005
 8.525000e+001 -3.894420e-003  6.921552e-005
 8.550000e+001 -3.570049e-003 -1.355522e-004
 8.575000e+001 -3.671258e-003 -8.186522e-005
 8.600000e+001 -3.500515e-003 -1.858174e-004
 8.625000e+001 -3.203472e-003  2.146411e-006
 8.650000e+001 -3.011539e-003  1.530096e-004
 8.675000e+001 -3.081923e-003 -6.346328e-006
 8.700000e+001 -2.786782e-003  3.651231e-005
 8.725000e+001 -2.651622e-003 -9.052426e-006
 8.750000e+001 -2.823285e-003  9.428144e-005
 8.775000e+001 -2.639022e-003 -6.874862e-005
 8.800000e+001 -2.460762e-003  3.190175e-005
 8.825000e+001 -2.272268e-003 -1.291034e-004
 8.850000e+001 -2.322572e-003  9.228325e-006
 8.875000e+001 -2.258056e-003  5.567481e-005
 8.900000e+001 -2.501714e-003  2.795992e-004
 8.925000e+001 -2.086368e-003  2.272634e-004
 8.950000e+001 -2.010141e-003  2.441219e-004
 8.975000e+001 -2.008707e-003  1.544589e-004
 9.000000e+001 -1.923223e-003 -3.846199e-005
 9.025000e+001 -2.060680e-003  1.659391e-004
 9.050000e+001 -1.750720e-003  7.621965e-006
 9.075000e+001 -1.694499e-003  9.545248e-005
 9.100000e+001 -1.771883e-003 -4.313274e-005
 9.125000e+001 -1.637174e-003 -2.793795e-005
 9.150000e+001 -1.766924e-003 -2.533358e-005
 9.175000e+001 -1.662513e-003 -1.960325e-005
 9.200000e+001 -1.812109e-003  6.573383e-005
 9.225000e+001 -1.702114e-003  3.348020e-005
 9.250000e+001 -1.469810e-003 -1.706556e-004
 9.275000e+001 -1.766693e-003  6.415363e-005
 9.300000e+001 -1.584770e-003  1.292093e-004
 9.325000e+001 -1.462737e-003  1.231098e-004
 9.350000e+001 -1.458613e-003 -2.626221e-006
 9.375000e+001 -1.621612e-003  7.066803e-005
 9.400000e+001 -1.454027e-003  3.902061e-005
 9.425000e+001 -1.295111e-003  1.093524e-004
 9.450000e+001 -1.501828e-003 -1.833438e-004
 9.475000e+001 -1.279540e-003  2.466545e-004
 9.500000e+001 -1.265888e-003  5.492149e-005
 9.525000e+001 -1.412730e-003  6.395518e-005
 9.550000e+001 -1.226607e-003  5.005004e-006
 9.575000e+001 -1.081869e-003  6.419115e-005
 9.600000e+001 -1.569083e-003  9.269203e-005
 9.625000e+001 -1.461850e-003  3.838060e-005
 9.650000e+001 -1.223872e-003  1.942281e-004
 9.675000e+001 -1.012667e-003 -4.002112e-005
 9.700000e+001 -1.031676e-003  1.178219e-004
 9.725000e+001 -1.169906e-003 -1.596640e-004
 9.750000e+001 -1.032035e-003  1.136714e-004
 9.775000e+001 -9.134054e-004  4.991865e-006
 9.800000e+001 -1.310884e-003  1.107890e-005
 9.825000e+001 -1.026683e-003  3.491309e-005
 9.850000e+001 -1.046843e-003  2.953757e-005
 9.875000e+001 -1.234730e-003 -2.464041e-004
 9.900000e+001 -9.916611e-004  2.285847e-004
 9.925000e+001 -7.908966e-004 -1.224475e-004
 9.950000e+001 -1.020256e-003 -4.380512e-005
 9.975000e+001 -1.019773e-003  2.104510e-005
 1.000000e+002 -9.620807e-004  1.913897e-004
 1.002500e+002 -8.739246e-004  1.019188e-004
 1.005000e+002 -1.019813e-003  2.215939e-004
 1.007500e+002 -9.440444e-004  5.846724e-005
 1.010000e+002 -8.066350e-004  2.383220e-004
 1.012500e+002 -9.320701e-004 -6.998076e-005
 1.015000e+002 -7.565144e-004 -1.891095e-004
 1.017500e+002 -7.784137e-004 -1.407187e-004
 1.020000e+002 -9.569773e-004 -2.367477e-005
 1.022500e+002 -1.021209e-003 -3.972680e-005
 1.025000e+002 -9.546462e-004 -5.193072e-005
 1.027500e+002 -1.075174e-003  1.629542e-005
 1.030000e+002 -9.570857e-004  2.333678e-004
 1.032500e+002 -7.797503e-004  5.411749e-005
 1.035000e+002 -7.378702e-004  6.542263e-005
 1.037500e+002 -8.879561e-004  6.500731e-005
 1.040000e+002 -8.163932e-004  2.761337e-005
 1.042500e+002 -9.631492e-004 -1.602981e-004
 1.045000e+002 -9.788035e-004 -6.622763e-005
 1.047500e+002 -8.778473e-004 -4.816885e-005
 1.050000e+002 -9.982058e-004 -1.029705e-004
 1.052500e+002 -8.483779e-004  1.767468e-004
 1.055000e+002 -7.014685e-004 -4.080690e-005
 1.057500e+002 -7.845843e-004  7.168003e-005
 1.060000e+002 -7.572843e-004 -9.593854e-005
 1.062500e+002 -4.839353e-004  3.163699e-005
 1.065000e+002 -8.431990e-004 -4.877340e-005
 1.067500e+002 -5.056531e-004  6.980677e-005
 1.070000e+002 -6.139167e-004  1.553985e-004
 1.072500e+002 -7.280690e-004 -1.732234e-004
 1.075000e+002 -6.709523e-004  4.947274e-006
 1.077500e+002 -6.583836e-004  2.078285e-004
 1.080000e+002 -6.933071e-004  1.066624e-004
 1.082500e+002 -8.181153e-004  8.913730e-005
 1.085000e+002 -7.279358e-004  4.228806e-005
 1.087500e+002 -8.250414e-004  1.839878e-005
 1.090000e+002 -5.851655e-004  6.129513e-005
 1.092500e+002 -7.163714e-004  1.803159e-004
 1.095000e+002 -6.027263e-004 -1.275880e-004
 1.097500e+002 -7.818603e-004 -8.633035e-005
 1.100000e+002 -6.224717e-004  2.068963e-005
 1.102500e+002 -4.505392e-004  2.568829e-004
 1.105000e+002 -7.083711e-004 -9.260517e-005
 1.107500e+002 -5.336831e-004  2.319526e-004
 1.110000e+002 -5.218022e-004  5.122532e-005
 1.112500e+002 -7.833878e-004 -1.269734e-004
 1.115000e+002 -6.993249e-004  1.527143e-005
 1.117500e+002 -7.381738e-004  1.748098e-004
 1.120000e+002 -5.781279e-004 -9.949704e-005
 1.122500e+002 -5.247654e-004 -1.528085e-004
 1.125000e+002 -6.193715e-004 -1.857094e-004
 1.127500e+002 -3.995365e-004 -5.948780e-005
 1.130000e+002 -7.794968e-004  2.450053e-005
 1.132500e+002 -5.351660e-004  7.667127e-005
 1.135000e+002 -6.351993e-004 -2.326588e-004
 1.137500e+002 -6.071181e-004 -1.932710e-004
 1.140000e+002 -5.251328e-004  1.808414e-004
 1.142500e+002 -6.319324e-004  5.349049e-005
 1.145000e+002 -5.751913e-004 -1.459357e-005
 1.147500e+002 -7.666917e-004  5.722821e-005
 1.150000e+002 -7.192712e-004 -1.069327e-004
 1.152500e+002 -5.191749e-004  1.096905e-004
 1.155000e+002 -7.396988e-004 -1.561123e-004
 1.157500e+002 -7.392285e-004 -8.397956e-005
 1.160000e+002 -5.170493e-004  8.085031e-005
 1.162500e+002 -4.745144e-004  2.566772e-005
 1.165000e+002 -6.533256e-004  1.390876e-004
 1.167500e+002 -5.667464e-004 -1.938111e-004
 1.170000e+002 -5.132421e-004 -1.783093e-004
 1.172500e+002 -5.211671e-004  2.163311e-004
 1.175000e+002 -5.488079e-004 -1.799807e-004
 1.177500e+002 -6.387598e-004 -2.418756e-004
 1.180000e+002 -4.093678e-004 -8.106078e-006
 1.182500e+002 -5.981422e-004  1.927008e-004
 1.185000e+002 -4.404379e-004  8.837090e-005
 1.187500e+002 -5.249553e-004 -7.907861e-006
 1.190000e+002 -5.193765e-004  8.479248e-006
 1.192500e+002 -6.047748e-004  2.823578e-004
 1.195000e+002 -5.067951e-004  5.382228e-005
 1.197500e+002 -4.649677e-004  2.117626e-004
 1.200000e+002 -4.137555e-004  2.982643e-004
 1.202500e+002 -3.381256e-004  4.268512e-004
 1.205000e+002 -2.893966e-004  1.879246e-004
 1.207500e+002 -2.689835e-004  2.399391e-004
 1.210000e+002 -2.279703e-004  2.011853e-004
 1.212500e+002 -4.350078e-004  2.169662e-004
 1.215000e+002 -6.305666e-005  1.747720e-004
 1.217500e+002 -2.801451e-004  2.437213e-004
 1.220000e+002 -2.298705e-004 -6.494316e-005
 1.222500e+002 -1.769328e-004 -1.028394e-004
 1.225000e+002 -1.292864e-004  7.741216e-005
 1.227500e+002 -1.604680e-004 -1.309948e-005
 1.230000e+002 -1.051829e-004 -7.554337e-005
 1.232500e+002 -2.380301e-004 -5.092894e-005
 1.235000e+002 -2.367649e-004 -6.952761e-005
 1.237500e+002 -1.534431e-004  8.296967e-005
 1.240000e+002 -2.684233e-004 -6.320228e-005
 1.242500e+002 -2.247287e-004  4.669041e-005
 1.245000e+002 -1.095423e-004 -7.567499e-005
 1.247500e+002 -2.982932e-004 -1.936893e-004
 1.250000e+002 -1.741793e-004  4.560766e-005
 1.252500e+002 -1.646469e-004 -7.376475e-005
 1.255000e+002 -3.144182e-004 -2.494713e-004
 1.257500e+002 -3.097821e-004  5.191755e-005
 1.260000e+002 -7.979964e-005 -8.427444e-005
 1.262500e+002 -1.432889e-004 -1.229962e-004
 1.265000e+002 -2.090186e-004 -3.997631e-005
 1.267500e+002 -1.338209e-004  1.505576e-005
 1.270000e+002 -2.561563e-004 -4.262540e-005
 1.272500e+002 -3.233656e-004  5.472639e-005
 1.275000e+002 -1.588812e-004 -6.284555e-005
 1.277500e+002 -9.467807e-005 -6.216282e-005
 1.280000e+002 -3.343804e-004 -9.052215e-005
 1.282500e+002 -3.715243e-004 -1.316893e-004
 1.285000e+002 -2.528705e-004 -1.198713e-004
 1.287500e+002 -1.470880e-004 -1.365636e-004
 1.290000e+002 -1.530136e-004 -9.845780e-006
 1.292500e+002 -3.013656e-004 -1.044226e-004
 1.295000e+002 -9.214988e-005 -1.278596e-004
 1.297500e+002 -2.278525e-004 -1.227973e-004
 1.300000e+002 -3.637817e-004 -3.038636e-005
 1.302500e+002 -1.318019e-004 -1.424071e-004
 1.305000e+002 -2.326909e-004 -4.877211e-005
 1.307500e+002 -2.552291e-004 -1.549232e-004
 1.310000e+002 -1.545250e-004 -2.200642e-004
 1.312500e+002 -2.217927e-004 -2.566282e-004
 1.315000e+002 -1.243413e-004 -2.116897e-004
 1.317500e+002 -1.483042e-004 -8.363744e-005
 1.320000e+002 -2.014395e-004 -3.959405e-004
 1.322500e+002 -1.100601e-004  3.231226e-005
 1.325000e+002 -1.875784e-004 -6.463941e-005
 1.327500e+002 -3.913577e-004 -1.543980e-004
 1.330000e+002 -1.139485e-004 -1.145753e-004
 1.332500e+002 -1.458076e-004 -1.860084e-004
 1.335000e+002 -4.438485e-004 -2.398016e-005
 1.337500e+002 -2.051329e-004 -1.731520e-005
 1.340000e+002 -1.085886e-004 -2.239351e-004
 1.342500e+002 -3.315433e-004 -2.135392e-004
 1.345000e+002 -2.343770e-004 -6.047396e-005
 1.347500e+002 -5.993264e-005 -1.179758e-004
 1.350000e+002 -2.679110e-004 -2.616835e-004
 1.352500e+002 -1.013968e-004 -2.647421e-004
 1.355000e+002 -2.205804e-004 -6.136712e-005
 1.357500e+002 -2.020235e-004 -7.499366e-005
 1.360000e+002 -1.208256e-004 -2.257779e-005
 1.362500e+002  1.870285e-005 -2.642728e-004
 1.365000e+002 -2.499722e-004 -1.882172e-004
 1.367500e+002 -1.187347e-004 -9.902590e-005
 1.370000e+002 -9.870962e-005 -1.467242e-004
 1.372500e+002 -1.649373e-004 -1.551479e-004
 1.375000e+002 -2.932441e-004 -8.794125e-005
 1.377500e+002 -2.438043e-005 -1.400406e-004
 1.380000e+002 -3.060417e-005 -3.043696e-005
 1.382500e+002  1.155186e-005 -1.848697e-004
 1.385000e+002 -1.593072e-004  2.646359e-005
 1.387500e+002 -9.065752e-005 -1.637725e-004
 1.390000e+002 -1.598592e-004 -1.503712e-004
 1.392500e+002 -2.300307e-005  1.324929e-004
 1.395000e+002 -1.625673e-004 -1.621150e-004
 1.397500e+002  3.791387e-005 -1.264664e-004
 1.400000e+002 -1.055697e-004 -7.062546e-006
 1.402500e+002 -7.507618e-005 -9.101766e-005
 1.405000e+002 -8.456276e-006 -8.853763e-005
 1.407500e+002 -1.870915e-004 -2.303878e-005
 1.410000e+002 -2.725689e-005 -8.040597e-005
 1.412500e+002 -2.367795e-004 -2.062952e-004
 1.415000e+002 -9.465551e-005  1.860905e-005
 1.417500e+002 -1.555811e-004 -2.101257e-004
 1.420000e+002 -2.017938e-005 -1.138726e-004
 1.422500e+002 -2.087060e-004 -2.820595e-004
 1.425000e+002 -1.048071e-004 -1.962915e-004
 1.427500e+002 -2.565185e-005 -8.072351e-005
 1.430000e+002 -9.062123e-005  1.289253e-004
 1.432500e+002  1.362353e-005 -8.011206e-005
 1.435000e+002  1.422993e-004 -1.371623e-004
 1.437500e+002 -6.062058e-005 -1.596420e-004
 1.440000e+002 -9.302080e-005 -1.811997e-004
 1.442500e+002 -8.961763e-005 -2.455260e-004
 1.445000e+002 -1.057611e-004  1.230787e-004
 1.447500e+002 -9.275953e-005 -1.881504e-005
 1.450000e+002 -9.425612e-005  5.972543e-006
 1.452500e+002 -1.769374e-004 -6.089846e-006
 1.455000e+002 -1.887173e-004 -6.711794e-005
 1.457500e+002  7.044732e-005 -2.531095e-004
 1.460000e+002  7.291535e-005  3.315725e-005
 1.462500e+002 -1.685524e-004 -8.171396e-005
 1.465000e+002 -2.000197e-004 -1.592758e-004
 1.467500e+002 -8.506753e-005 -1.051319e-004
 1.470000e+002 -3.526758e-005 -6.565569e-005
 1.472500e+002  1.111570e-004 -1.075802e-004
 1.475000e+002 -7.383738e-005 -1.218030e-004
 1.477500e+002 -1.129608e-004 -9.709221e-005
 1.480000e+002 -1.298206e-004 -1.394996e-004
 1.482500e+002 -8.770514e-005 -1.724585e-004
 1.485000e+002 -5.160148e-005  2.017932e-005
 1.487500e+002 -5.379632e-006 -2.930413e-004
 1.490000e+002  1.337796e-004 -1.807628e-004
 1.492500e+002 -2.738668e-004 -3.517765e-004
 1.495000e+002  1.360340e-004 -9.533653e-005
 1.497500e+002 -1.492951e-005 -1.095452e-004
 1.500000e+002 -2.136976e-005 -2.004371e-004
 1.502500e+002  8.565929e-006 -1.075233e-004
 1.505000e+002 -3.943593e-005 -9.617591e-005
 1.507500e+002  8.181447e-005 -4.679857e-005
 1.510000e+002 -7.756896e-005 -1.522247e-004
 1.512500e+002 -1.138600e-004 -1.293573e-004
 1.515000e+002 -2.485606e-004  9.280227e-005
 1.517500e+002  1.296171e-004 -9.478614e-005
 1.520000e+002 -7.537117e-005 -1.216518e-004
 1.522500e+002  3.683211e-005  1.232828e-005
 1.525000e+002  2.884813e-004 -1.324515e-004
 1.527500e+002 -1.830675e-004 -3.887302e-005
 1.530000e+002 -1.635904e-004 -1.093008e-004
 1.532500e+002 -4.795405e-005 -1.180679e-004
 1.535000e+002  8.761070e-005 -8.376084e-006
 1.537500e+002 -1.387714e-005  4.862554e-007
 1.540000e+002 -1.627011e-004  6.827769e-005
 1.542500e+002  7.517797e-005 -2.246526e-005
 1.545000e+002  1.396259e-004  8.916485e-005
 1.547500e+002 -2.100891e-005  1.440151e-004
 1.550000e+002  4.609134e-005 -7.204217e-005
 1.552500e+002 -1.568272e-004  1.925349e-004
 1.555000e+002 -3.359252e-005  8.015954e-006
 1.557500e+002 -5.892342e-005 -2.009607e-004
 1.560000e+002  2.743301e-004 -5.336204e-005
 1.562500e+002 -2.829020e-005  1.710050e-005
 1.565000e+002  3.028444e-005 -1.126018e-004
 1.567500e+002 -2.100473e-005 -1.419732e-004
 1.570000e+002 -8.121822e-006  8.993091e-005
 1.572500e+002  5.453828e-005 -1.048531e-004
 1.575000e+002  3.140731e-005  1.147577e-005
 1.577500e+002 -9.697324e-005 -3.290808e-005
 1.580000e+002 -1.660572e-004 -3.446258e-004
 1.582500e+002 -1.335180e-004 -1.159834e-004
 1.585000e+002  3.758817e-005 -4.837627e-005
 1.587500e+002 -1.274737e-004 -1.078565e-004
 1.590000e+002 -1.016419e-005 -8.582642e-005
 1.592500e+002 -8.779850e-005  1.681091e-004
 1.595000e+002 -4.756564e-005  9.119981e-005
 1.597500e+002  8.521249e-005 -1.419704e-004
 1.600000e+002 -8.376681e-005  5.826727e-005
 1.602500e+002  4.019603e-005 -4.245946e-005
 1.605000e+002  2.034199e-005 -4.047551e-005
 1.607500e+002  8.253888e-005 -9.407025e-005
 1.610000e+002 -1.051666e-004 -9.492362e-005
 1.612500e+002 -1.211472e-004 -1.014495e-004
 1.615000e+002 -1.887971e-004 -9.115566e-006
 1.617500e+002  2.235524e-005 -4.440575e-005
 1.620000e+002 -4.654327e-005 -5.993088e-005
 1.622500e+002  8.131407e-005 -2.163699e-005
 1.625000e+002  2.683120e-005 -4.352886e-005
 1.627500e+002  2.792281e-004  6.396255e-005
 1.630000e+002 -6.294261e-006 -3.483708e-005
 1.632500e+002 -5.424419e-005  4.328347e-005
 1.635000e+002 -4.826275e-005 -1.740648e-004
 1.637500e+002 -9.232506e-005 -2.876828e-005
 1.640000e+002 -6.485982e-005  1.324152e-004
 1.642500e+002  1.709011e-004 -9.608704e-005
 1.645000e+002 -4.991307e-005 -4.330480e-005
 1.647500e+002 -1.388477e-004  1.457879e-004
 1.650000e+002  1.605816e-004 -5.267964e-005
 1.652500e+002 -8.866255e-006  2.906396e-005
 1.655000e+002  1.122839e-004 -2.523482e-005
 1.657500e+002 -2.177330e-004  7.205847e-005
 1.660000e+002  8.076288e-006  1.338731e-004
 1.662500e+002  1.472011e-004  1.859322e-004
 1.665000e+002 -8.329263e-006  3.573642e-005
 1.667500e+002  2.718120e-004  1.237294e-004
 1.670000e+002 -5.590040e-005 -2.717769e-005
 1.672500e+002 -2.803978e-005 -5.210153e-005
 1.675000e+002 -1.419080e-004 -1.458399e-004
 1.677500e+002 -7.959048e-005  2.033339e-004
 1.680000e+002 -5.664379e-005  6.810489e-005
 1.682500e+002  9.154170e-006  3.327047e-005
 1.685000e+002 -5.874493e-005 -1.781380e-006
 1.687500e+002 -1.958940e-004  1.051175e-004
 1.690000e+002 -8.659107e-005  4.494110e-005
 1.692500e+002  1.894488e-005 -3.001545e-006
 1.695000e+002 -2.398116e-005 -1.031919e-004
 1.697500e+002 -5.717364e-005  2.315988e-005
 1.700000e+002  9.338376e-005  1.340806e-004
 1.702500e+002 -6.007773e-005  1.575789e-004
 1.705000e+002  1.689363e-004 -3.008556e-005
 1.707500e+002  1.655265e-004  5.261127e-005
 1.710000e+002 -6.457726e-005  6.181366e-005
 1.712500e+002 -1.650490e-004 -8.426125e-006
 1.715000e+002  1.205284e-004  5.191706e-006
 1.717500e+002 -7.366535e-006  1.467767e-004
 1.720000e+002 -3.150240e-005  5.421919e-005
 1.722500e+002  2.597191e-004 -4.120991e-005
 1.725000e+002  2.730083e-005  1.114376e-004
 1.727500e+002  1.733442e-004  1.972090e-004
 1.730000e+002  5.403921e-005  2.375821e-004
 1.732500e+002 -1.115575e-004  6.108071e-005
 1.735000e+002 -1.698750e-004  2.880251e-005
 1.737500e+002  5.909283e-005  7.627883e-005
 1.740000e+002 -2.244276e-005  6.573648e-005
 1.742500e+002 -8.046343e-005  9.286875e-005
 1.745000e+002  2.384446e-005  2.039147e-004
 1.747500e+002  1.273977e-004  2.723931e-005
 1.750000e+002 -8.071537e-006 -8.231523e-005
 1.752500e+002  1.310750e-004 -2.800908e-005
 1.755000e+002 -1.487313e-005  1.481076e-004
 1.757500e+002  5.875944e-005  4.142374e-005
 1.760000e+002 -4.070032e-006  9.024409e-005
 1.762500e+002 -1.426503e-004 -1.084650e-004
 1.765000e+002  1.781153e-006  1.319297e-004
 1.767500e+002  3.802574e-005  4.963080e-005
 1.770000e+002  1.276225e-004  1.166410e-005
 1.772500e+002  9.445689e-005  8.125501e-005
 1.775000e+002  6.630569e-005  8.301531e-005
 1.777500e+002 -2.480049e-005  1.488025e-004
 1.780000e+002  3.113937e-005  2.115364e-004
 1.782500e+002  2.630788e-004  1.705378e-004
 1.785000e+002  3.279839e-005  1.964608e-004
 1.787500e+002  1.275627e-004  1.998755e-004
 1.790000e+002 -1.401119e-004  4.460289e-005
 1.792500e+002 -2.115354e-004  1.272058e-004
 1.795000e+002  1.125807e-005  4.246538e-005
 1.797500e+002  5.758112e-005  1.701348e-004
 1.800000e+002 -2.994260e-005 -1.364764e-004
 1.802500e+002  4.467681e-005  6.480641e-005
 1.805000e+002 -6.809628e-005  1.865712e-004
 1.807500e+002  5.933874e-006  1.146523e-004
 1.810000e+002  1.836944e-007  1.015751e-004
 1.812500e+002  1.415350e-004  9.096069e-005
 1.815000e+002 -2.033079e-004  1.989112e-004
 1.817500e+002  1.688772e-005  1.171131e-004
 1.820000e+002 -5.050146e-005 -2.053890e-005
 1.822500e+002 -7.139478e-005  3.459372e-005
 1.825000e+002 -3.098515e-006  1.522548e-004
 1.827500e+002 -1.014596e-004 -2.449968e-005
 1.830000e+002 -2.524544e-005 -1.730308e-005
 1.832500e+002 -5.415572e-005  3.232334e-004
 1.835000e+002 -1.346916e-004 -1.680629e-005
 1.837500e+002 -1.502412e-004 -2.110223e-006
 1.840000e+002 -1.425590e-004  1.776497e-004
 1.842500e+002  1.314060e-004 -5.736391e-006
 1.845000e+002 -5.292381e-005  2.695471e-004
 1.847500e+002 -2.001024e-004  1.669181e-004
 1.850000e+002 -1.130597e-004 -8.402111e-006
 1.852500e+002  1.712300e-004  1.394165e-004
 1.855000e+002 -1.843359e-004  1.153519e-004
 1.857500e+002  2.610774e-004  4.414681e-005
 1.860000e+002  5.961455e-006  1.398179e-004
 1.862500e+002 -2.309658e-004 -2.940541e-005
 1.865000e+002 -9.291067e-005 -4.386396e-006
 1.867500e+002 -1.650857e-004 -3.672578e-005
 1.870000e+002 -1.045088e-004  2.480832e-004
 1.872500e+002 -2.028109e-004 -5.147598e-006
 1.875000e+002 -2.746271e-004  5.276607e-005
 1.877500e+002  6.782835e-006  1.571050e-004
 1.880000e+002  2.227276e-005  1.238402e-004
 1.882500e+002  9.153213e-005  1.182291e-004
 1.885000e+002 -8.778856e-005  1.433944e-004
 1.887500e+002  1.227354e-004 -3.207522e-005
 1.890000e+002 -8.834407e-005  1.758068e-004
 1.892500e+002 -2.352646e-006  5.587459e-005
 1.895000e+002  1.546798e-005  1.387554e-004
 1.897500e+002 -1.279983e-004  1.627783e-004
 1.900000e+002  4.263671e-005  1.221036e-004
 1.902500e+002 -3.098655e-004  1.796946e-004
 1.905000e+002 -2.351203e-004  2.400091e-004
 1.907500e+002 -4.483779e-006 -4.052835e-005
 1.910000e+002 -1.378071e-005  7.824403e-005
 1.912500e+002  1.216097e-006  1.216098e-006
 1.915000e+002 -2.883441e-004 -4.439903e-005
 1.917500e+002 -2.269519e-004  7.174123e-005
 1.920000e+002 -8.283003e-005  1.014512e-004
 1.922500e+002 -1.187070e-004  2.117327e-004
 1.925000e+002 -1.766467e-004 -3.881573e-006
 1.927500e+002  1.926999e-005  9.537865e-005
 1.930000e+002  2.364585e-004  8.232999e-005
 1.932500e+002 -3.680255e-005  1.720691e-004
 1.935000e+002 -5.387419e-005 -4.823831e-005
 1.937500e+002 -7.910447e-005 -6.771831e-005
 1.940000e+002 -2.564812e-004  1.047940e-004
 1.942500e+002  5.626560e-007  3.890346e-004
 1.945000e+002 -1.694722e-004  5.248617e-005
 1.947500e+002 -1.073880e-004  4.529509e-005
 1.950000e+002 -8.577393e-005 -4.929363e-005
 1.952500e+002  6.525937e-005 -8.413206e-005
 1.955000e+002 -9.970763e-005  7.930207e-005
 1.957500e+002 -1.570530e-004  4.472136e-005
 1.960000e+002 -1.023046e-004  1.167074e-004
 1.962500e+002 -7.882688e-005  1.471373e-004
 1.965000e+002 -1.718412e-004 -1.959904e-004
 1.967500e+002 -2.119424e-004  4.431345e-005
 1.970000e+002 -1.682872e-004  2.284608e-004
 1.972500e+002 -2.183525e-004  1.657699e-004
 1.975000e+002 -3.396651e-005  2.380197e-004
 1.977500e+002 -1.734495e-004  5.600791e-005
 1.980000e+002 -3.009883e-004  5.261925e-005
 1.982500e+002 -2.018555e-004  1.490309e-004
 1.985000e+002 -1.600538e-005  7.327063e-005
 1.987500e+002 -3.877012e-005  1.654382e-004
 1.990000e+002 -2.150461e-004  6.975662e-005
 1.992500e+002  3.281612e-005 -1.294148e-004
 1.995000e+002 -1.149108e-004  2.234073e-004
 1.997500e+002 -1.412290e-004  1.482486e-004
 2.000000e+002 -9.570728e-005 -1.697379e-005
 2.002500e+002 -1.273206e-005  7.068613e-005
 2.005000e+002 -2.377920e-004 -3.739177e-005
 2.007500e+002 -2.516686e-004  1.898093e-004
 2.010000e+002 -2.359951e-004  8.766710e-005
 2.012500e+002  2.185414e-005  2.608208e-004
 2.015000e+002 -1.499171e-004 -4.566966e-005
 2.017500e+002 -1.599519e-004  8.040490e-005
 2.020000e+002 -2.149702e-004  1.822839e-004
 2.022500e+002 -1.558336e-004  4.626235e-005
 2.025000e+002 -9.261625e-006  6.571738e-005
 2.027500e+002  4.173203e-005  1.432221e-004
 2.030000e+002 -2.522422e-004 -9.637877e-005
 2.032500e+002 -3.661253e-005  2.174826e-005
 2.035000e+002 -2.474555e-004 -2.688226e-005
 2.037500e+002 -2.799054e-005  2.343446e-004
 2.040000e+002 -1.622777e-004 -1.472774e-004
 2.042500e+002 -1.022019e-006  1.666613e-004
 2.045000e+002 -1.260576e-004 -1.470896e-004
 2.047500e+002 -6.284881e-005  1.368049e-004
 2.050000e+002 -2.197270e-004  3.359919e-005
 2.052500e+002  8.377379e-005  1.155347e-005
 2.055000e+002  2.173264e-005  1.615156e-004
 2.057500e+002 -9.341464e-005  4.240031e-005
 2.060000e+002  5.935197e-005  2.807433e-005
 2.062500e+002 -2.581726e-004 -2.118254e-008
 2.065000e+002 -4.558026e-005  1.059578e-005
 2.067500e+002 -9.681448e-005 -7.760286e-005
 2.070000e+002 -1.055507e-004  1.251177e-004
 2.072500e+002 -4.339459e-005  4.141182e-005
 2.075000e+002 -1.034498e-004 -1.586345e-004
 2.077500e+002 -2.177345e-004 -1.874167e-004
 2.080000e+002 -2.221856e-004 -8.426948e-005
 2.082500e+002 -1.449607e-004  2.052903e-005
 2.085000e+002 -4.402860e-005 -4.803126e-005
 2.087500e+002 -2.335732e-004  2.578657e-005
 2.090000e+002 -1.430367e-005 -5.637607e-005
 2.092500e+002 -1.535017e-005  7.386385e-005
 2.095000e+002 -2.068145e-004  9.822988e-005
 2.097500e+002 -6.980179e-005 -6.318519e-005
 2.100000e+002 -1.316462e-004  1.207208e-004
 2.102500e+002 -1.931852e-005  4.109650e-005
 2.105000e+002 -1.422816e-004 -5.416196e-005
 2.107500e+002 -9.337098e-005  1.817487e-005
 2.110000e+002  7.116560e-006  1.323782e-005
 2.112500e+002 -2.282244e-004 -1.364786e-004
 2.115000e+002 -2.503927e-004 -7.112471e-005
 2.117500e+002 -2.637239e-005 -2.619051e-004
 2.120000e+002 -2.527015e-004 -1.150656e-004
 2.122500e+002 -1.978454e-004 -4.500399e-005
 2.125000e+002  7.367932e-005  1.992358e-004
 2.127500e+002 -1.361284e-004  8.255648e-005
 2.130000e+002 -4.918625e-005  1.565969e-004
 2.132500e+002 -3.043108e-005  2.282580e-004
 2.135000e+002 -1.085818e-004 -8.455589e-005
 2.137500e+002  1.258213e-005  1.019668e-005
 2.140000e+002 -1.655763e-004 -4.785070e-007
 2.142500e+002 -4.043272e-004  8.523512e-005
 2.145000e+002  6.772389e-006 -4.067349e-004
 2.147500e+002 -2.347552e-004  9.823299e-006
 2.150000e+002  9.378855e-005 -3.591896e-005
 2.152500e+002 -1.719828e-004  2.886901e-005
 2.155000e+002 -1.699916e-004 -6.803118e-005
 2.157500e+002 -2.040556e-005 -4.207346e-006
 2.160000e+002 -6.570270e-005 -2.611130e-005
 2.162500e+002 -9.757151e-005 -1.346003e-005
 2.165000e+002 -6.809408e-005  2.566448e-006
 2.167500e+002 -2.018766e-004 -5.883332e-005
 2.170000e+002 -2.212865e-004  3.708520e-005
 2.172500e+002  2.722280e-005  7.890851e-007
 2.175000e+002 -2.558040e-004 -1.452127e-004
 2.177500e+002 -6.812099e-005 -9.459388e-005
 2.180000e+002 -2.047691e-004 -1.265473e-005
 2.182500e+002 -1.901699e-004 -6.475785e-005
 2.185000e+002 -1.474067e-004 -2.884164e-005
 2.187500e+002 -1.109066e-004 -1.004702e-004
 2.190000e+002 -1.617857e-004 -1.368203e-004
 2.192500e+002 -1.220591e-004  2.753366e-004
 2.195000e+002 -1.024185e-004 -1.497941e-004
 2.197500e+002 -8.023287e-005 -1.975106e-004
 2.200000e+002 -2.735849e-004 -9.459622e-005
 2.202500e+002 -6.932108e-005 -1.589419e-004
 2.205000e+002 -1.829145e-004 -2.002241e-004
 2.207500e+002  9.633544e-005 -8.279925e-005
 2.210000e+002 -2.413444e-005 -2.865968e-005
 2.212500e+002 -8.745874e-005 -4.800151e-005
 2.215000e+002 -1.811623e-005 -1.202997e-004
 2.217500e+002 -9.629479e-005 -1.434244e-004
 2.220000e+002 -3.181598e-004  3.863889e-005
 2.222500e+002  2.841523e-006  2.152312e-005
 2.225000e+002 -1.588449e-004 -1.858250e-004
 2.227500e+002 -6.185305e-005 -1.358135e-004
 2.230000e+002 -1.784951e-004 -1.753372e-004
 2.232500e+002 -6.311017e-005 -2.174960e-004
 2.235000e+002 -2.961851e-004  3.996341e-005
 2.237500e+002 -7.423973e-005 -1.319111e-004
 2.240000e+002 -2.413805e-004  4.807138e-005
 2.242500e+002 -3.014683e-004  7.195520e-005
 2.245000e+002 -6.225900e-005  5.203881e-006
 2.247500e+002  8.847946e-005 -4.339026e-005
 2.250000e+002  1.963267e-004 -1.951574e-004
 2.252500e+002 -5.456246e-005 -2.377662e-004
 2.255000e+002 -2.454560e-004 -8.177344e-006
 2.257500e+002 -9.616738e-005 -1.617587e-004
 2.260000e+002  3.802066e-006  8.385023e-005
 2.262500e+002 -1.094291e-004 -1.972634e-004
 2.265000e+002  3.726856e-005 -4.710517e-005
 2.267500e+002 -7.363424e-005 -2.095582e-004
 2.270000e+002 -1.281297e-005 -2.263415e-004
 2.272500e+002  7.130089e-005 -1.738906e-004
 2.275000e+002 -2.213107e-006 -3.518877e-005
 2.277500e+002  1.475178e-004 -2.374030e-004
 2.280000e+002 -2.745405e-004 -6.585494e-005
 2.282500e+002 -2.134454e-005 -1.959259e-004
 2.285000e+002 -1.924968e-004 -7.364918e-005
 2.287500e+002  1.051014e-004  3.085413e-005
 2.290000e+002  1.256434e-004 -1.743711e-005
 2.292500e+002  2.781003e-005 -3.413754e-005
 2.295000e+002  6.288233e-005  3.961425e-005
 2.297500e+002 -1.935259e-004 -1.809485e-004
 2.300000e+002 -6.464234e-005 -2.482014e-004
 2.302500e+002 -1.308654e-004 -1.461012e-004
 2.305000e+002  3.948936e-005 -3.160734e-004
 2.307500e+002 -1.766993e-004  5.679322e-005
 2.310000e+002  7.061541e-005 -1.896524e-004
 2.312500e+002 -1.384487e-005  1.700682e-004
 2.315000e+002  1.125456e-004 -1.794475e-004
 2.317500e+002  2.746034e-005 -2.224870e-004
 2.320000e+002  1.977049e-005 -1.927396e-004
 2.322500e+002  8.595818e-006 -6.390392e-005
 2.325000e+002  1.158549e-004  1.370612e-005
 2.327500e+002 -2.415068e-005 -1.805155e-004
 2.330000e+002  4.710866e-006 -3.129864e-004
 2.332500e+002  2.514951e-005 -1.150092e-004
 2.335000e+002  2.760063e-005  1.175944e-005
 2.337500e+002  1.854605e-004 -1.931185e-004
 2.340000e+002  2.270854e-005 -2.761775e-004
 2.342500e+002  1.269367e-004 -7.566858e-005
 2.345000e+002 -6.747208e-006 -4.994832e-005
 2.347500e+002  1.294947e-004 -1.399012e-004
 2.350000e+002 -1.281464e-005 -1.726347e-004
 2.352500e+002 -1.392014e-004 -1.968405e-004
 2.355000e+002  1.200215e-004 -1.847108e-004
 2.357500e+002  4.078407e-005  4.432203e-005
 2.360000e+002  3.319942e-005  8.568316e-005
 2.362500e+002 -4.185928e-005 -2.190539e-004
 2.365000e+002  1.160343e-004 -9.900424e-005
 2.367500e+002  1.924118e-004 -4.056113e-005
 2.370000e+002 -7.507471e-005 -1.724964e-004
 2.372500e+002 -7.533330e-006 -1.885486e-004
 2.375000e+002  1.032760e-004 -5.951694e-005
 2.377500e+002 -8.107352e-005  9.421711e-005
 2.380000e+002 -1.546293e-004 -1.312674e-004
 2.382500e+002  1.480110e-004 -2.518617e-004
 2.385000e+002  2.160178e-004 -6.280625e-005
 2.387500e+002  8.836687e-005  4.581132e-005
 2.390000e+002  1.163048e-004 -9.179418e-005
 2.392500e+002  3.787718e-005 -1.558333e-004
 2.395000e+002  1.835744e-004 -2.275782e-004
 2.397500e+002  1.951268e-004  9.672870e-006
 2.400000e+002 -2.795961e-005 -5.190530e-005
 2.402500e+002  7.728903e-005 -9.897716e-005
 2.405000e+002  1.634787e-004  1.780071e-004
 2.407500e+002  7.137672e-007 -2.303494e-004
 2.410000e+002  1.265922e-004  8.991342e-005
 2.412500e+002  6.902842e-005 -9.790470e-005
 2.415000e+002  4.646199e-005 -8.571686e-005
 2.417500e+002  1.916404e-005 -1.665903e-004
 2.420000e+002 -1.129049e-004  6.628699e-005
 2.422500e+002  7.516023e-005 -9.763374e-005
 2.425000e+002 -4.586252e-005 -4.335814e-005
 2.427500e+002 -1.802846e-004 -1.263360e-004
 2.430000e+002  1.439197e-004 -2.216846e-005
 2.432500e+002  2.375180e-004  5.171133e-005
 2.435000e+002  1.026685e-004 -2.682787e-005
 2.437500e+002  5.456978e-005  5.390437e-005
 2.440000e+002 -9.938772e-005 -6.920691e-006
 2.442500e+002  6.455776e-005 -4.076356e-005
 2.445000e+002  1.630584e-004 -6.318618e-006
 2.447500e+002 -4.664918e-005 -2.709324e-005
 2.450000e+002  1.213688e-004 -6.869840e-006
 2.452500e+002  2.398336e-005  5.300535e-005
 2.455000e+002  8.024697e-005  9.218989e-005
 2.457500e+002  1.970492e-004 -8.078612e-005
 2.460000e+002  6.973965e-005  5.424203e-005
 2.462500e+002  1.717980e-004  2.383444e-006
 2.465000e+002  9.811312e-005 -7.274235e-005
 2.467500e+002 -5.085735e-005  1.054735e-004
 2.470000e+002  1.533841e-004 -2.430900e-005
 2.472500e+002  1.445225e-004 -4.578031e-005
 2.475000e+002 -1.198650e-004  5.592116e-005
 2.477500e+002  4.548533e-005  1.375141e-004
 2.480000e+002  7.235891e-005  2.343151e-004
 2.482500e+002 -4.575442e-005  1.191381e-004
 2.485000e+002 -8.126951e-005  1.300310e-004
 2.487500e+002 -1.269342e-004 -6.082272e-005
 2.490000e+002 -3.653525e-005 -4.280629e-005
 2.492500e+002  6.503027e-006  7.624250e-006
 2.495000e+002 -3.875539e-005  2.012292e-004
 2.497500e+002 -7.360514e-005  8.910083e-005
 2.500000e+002  2.103937e-005 -6.832121e-005
 2.502500e+002 -2.718940e-005  2.330498e-006
 2.505000e+002  3.196309e-005  1.382473e-004
 2.507500e+002  1.525764e-005 -1.063027e-004
 2.510000e+002  5.098092e-005  1.034763e-004
 2.512500e+002 -6.046052e-005  7.117843e-005
 2.515000e+002 -1.541387e-004  1.709430e-004
 2.517500e+002 -3.126773e-005 -9.679429e-005
 2.520000e+002 -6.056796e-005  2.682286e-004
 2.522500e+002 -1.939824e-005 -1.071125e-004
 2.525000e+002  2.865489e-005 -1.643048e-004
 2.527500e+002  3.056113e-005 -1.084052e-004
 2.530000e+002 -2.501849e-004  6.976563e-005
 2.532500e+002 -7.613041e-005  1.166123e-004
 2.535000e+002  3.315784e-005 -4.403354e-005
 2.537500e+002  5.402553e-005 -1.999746e-004
 2.540000e+002 -5.320195e-005 -7.684738e-005
 2.542500e+002 -2.608852e-005 -1.775807e-004
 2.545000e+002  9.347024e-005  4.108287e-005
 2.547500e+002 -1.221384e-004  9.531343e-005
 2.550000e+002  7.174059e-005  4.828176e-005
 2.552500e+002 -1.976341e-004  7.793126e-005
 2.555000e+002 -4.222343e-005 -1.549111e-004
 2.557500e+002 -3.792512e-005 -1.148749e-004
 2.560000e+002 -1.146001e-004 -7.838352e-011
