 0.000000e+000  9.998449e-001  0.000000e+000
 2.500000e-001  6.831354e-001  0.000000e+000
 5.000000e-001  4.690994e-001  0.000000e+000
 7.500000e-001  5.451245e-001  0.000000e+000
 1.000000e+000  5.452600e-001  0.000000e+000
 1.250000e+000  6.038879e-001  0.000000e+000
 1.500000e+000  6.843340e-001  0.000000e+000
 1.750000e+000  5.064209e-001  0.000000e+000
 2.000000e+000  6.034462e-001  0.000000e+000
 2.250000e+000  5.328479e-001  0.000000e+000
 2.500000e+000  5.683148e-001  0.000000e+000
 2.750000e+000  5.564232e-001  0.000000e+000
 3.000000e+000  7.447620e-001  0.000000e+000
 3.250000e+000  6.563938e-001  0.000000e+000
 3.500000e+000  8.931578e-001  0.000000e+000
 3.750000e+000  8.024172e-001  0.000000e+000
 4.000000e+000  6.639245e-001  0.000000e+000
 4.250000e+000  8.548270e-001  0.000000e+000
 4.500000e+000  9.675241e-001  0.000000e+000
 4.750000e+000  9.611684e-001  0.000000e+000
 5.000000e+000  9.543198e-001  0.000000e+000
 5.250000e+000  9.491694e-001  0.000000e+000
 5.500000e+000  9.747237e-001  0.000000e+000
 5.750000e+000  9.756064e-001  0.000000e+000
 6.000000e+000  9.705042e-001  0.000000e+000
 6.250000e+000  9.695991e-001  0.000000e+000
 6.500000e+000  9.814703e-001  0.000000e+000
 6.750000e+000  9.762544e-001  0.000000e+000
 7.000000e+000  9.829800e-001  0.000000e+000
 7.250000e+000  9.757435e-001  0.000000e+000
 7.500000e+000  9.816298e-001  0.000000e+000
 7.750000e+000  9.808702e-001  0.000000e+000
 8.000000e+000  9.784671e-001  0.000000e+000
 8.250000e+000  9.904128e-001  0.000000e+000
 8.500000e+000  9.829279e-001  0.000000e+000
 8.750000e+000  9.897759e-001  0.000000e+000
 9.000000e+000  9.781238e-001  0.000000e+000
 9.250000e+000  9.755501e-001  0.000000e+000
 9.500000e+000  9.778535e-001  0.000000e+000
 9.750000e+000  9.833007e-001  0.000000e+000
 1.000000e+001  9.780748e-001  0.000000e+000
 1.025000e+001  9.786756e-001  0.000000e+000
 1.050000e+001  9.819923e-001  0.000000e+000
 1.075000e+001  9.857247e-001  0.000000e+000
 1.100000e+001  9.906304e-001  0.000000e+000
 1.125000e+001  9.882909e-001  0.000000e+000
 1.150000e+001  9.881182e-001  0.000000e+000
 1.175000e+001  9.929025e-001  0.000000e+000
 1.200000e+001  9.903796e-001  0.000000e+000
 1.225000e+001  9.922547e-001  0.000000e+000
 1.250000e+001  9.853999e-001  0.000000e+000
 1.275000e+001  9.789527e-001  0.000000e+000
 1.300000e+001  9.853950e-001  0.000000e+000
 1.325000e+001  9.883803e-001  0.000000e+000
 1.350000e+001  9.799458e-001  0.000000e+000
 1.375000e+001  9.923969e-001  0.000000e+000
 1.400000e+001  9.818281e-001  0.000000e+000
 1.425000e+001  9.803167e-001  0.000000e+000
 1.450000e+001  9.883626e-001  0.000000e+000
 1.475000e+001  9.903850e-001  0.000000e+000
 1.500000e+001  9.844102e-001  0.000000e+000
 1.525000e+001  9.814733e-001  0.000000e+000
 1.550000e+001  9.896666e-001  0.000000e+000
 1.575000e+001  9.852063e-001  0.000000e+000
 1.600000e+001  9.855889e-001  0.000000e+000
 1.625000e+001  9.869596e-001  0.000000e+000
 1.650000e+001  9.945303e-001  0.000000e+000
 1.675000e+001  9.750103e-001  0.000000e+000
 1.700000e+001  9.856765e-001  0.000000e+000
 1.725000e+001  9.891804e-001  0.000000e+000
 1.750000e+001  9.761565e-001  0.000000e+000
 1.775000e+001  9.860169e-001  0.000000e+000
 1.800000e+001  9.910781e-001  0.000000e+000
 1.825000e+001  9.959580e-001  0.000000e+000
 1.850000e+001  9.829689e-001  0.000000e+000
 1.875000e+001  9.874738e-001  0.000000e+000
 1.900000e+001  9.876654e-001  0.000000e+000
 1.925000e+001  9.913576e-001  0.000000e+000
 1.950000e+001  9.843206e-001  0.000000e+000
 1.975000e+001  9.938583e-001  0.000000e+000
 2.000000e+001  9.886036e-001  0.000000e+000
 2.025000e+001  9.916513e-001  0.000000e+000
 2.050000e+001  9.833109e-001  0.000000e+000
 2.075000e+001  9.863458e-001  0.000000e+000
 2.100000e+001  9.857443e-001  0.000000e+000
 2.125000e+001  9.839814e-001  0.000000e+000
 2.150000e+001  9.922647e-001  0.000000e+000
 2.175000e+001  9.931397e-001  0.000000e+000
 2.200000e+001  9.882802e-001  0.000000e+000
 2.225000e+001  9.859682e-001  0.000000e+000
 2.250000e+001  9.826236e-001  0.000000e+000
 2.275000e+001  9.791943e-001  0.000000e+000
 2.300000e+001  9.834918e-001  0.000000e+000
 2.325000e+001  9.920204e-001  0.000000e+000
 2.350000e+001  9.900517e-001  0.000000e+000
 2.375000e+001  9.851559e-001  0.000000e+000
 2.400000e+001  9.880180e-001  0.000000e+000
 2.425000e+001  9.841881e-001  0.000000e+000
 2.450000e+001  9.831432e-001  0.000000e+000
 2.475000e+001  9.917657e-001  0.000000e+000
 2.500000e+001  9.889933e-001  0.000000e+000
 2.525000e+001  9.929379e-001  0.000000e+000
 2.550000e+001  9.896412e-001  0.000000e+000
 2.575000e+001  9.884369e-001  0.000000e+000
 2.600000e+001  9.912588e-001  0.000000e+000
 2.625000e+001  9.863419e-001  0.000000e+000
 2.650000e+001  9.930167e-001  0.000000e+000
 2.675000e+001  9.935649e-001  0.000000e+000
 2.700000e+001  9.863426e-001  0.000000e+000
 2.725000e+001  9.829875e-001  0.000000e+000
 2.750000e+001  9.910521e-001  0.000000e+000
 2.775000e+001  9.887709e-001  0.000000e+000
 2.800000e+001  9.896319e-001  0.000000e+000
 2.825000e+001  9.859345e-001  0.000000e+000
 2.850000e+001  9.870586e-001  0.000000e+000
 2.875000e+001  9.912777e-001  0.000000e+000
 2.900000e+001  9.862406e-001  0.000000e+000
 2.925000e+001  9.863651e-001  0.000000e+000
 2.950000e+001  9.875138e-001  0.000000e+000
 2.975000e+001  9.887959e-001  0.000000e+000
 3.000000e+001  9.860639e-001  0.000000e+000
 3.025000e+001  9.915837e-001  0.000000e+000
 3.050000e+001  9.887380e-001  0.000000e+000
 3.075000e+001  9.928183e-001  0.000000e+000
 3.100000e+001  9.866638e-001  0.000000e+000
 3.125000e+001  9.874357e-001  0.000000e+000
 3.150000e+001  9.920081e-001  0.000000e+000
 3.175000e+001  9.881053e-001  0.000000e+000
 3.200000e+001  9.867876e-001  0.000000e+000
 3.225000e+001  9.848648e-001  0.000000e+000
 3.250000e+001  9.819262e-001  0.000000e+000
 3.275000e+001  9.748166e-001  0.000000e+000
 3.300000e+001  9.753808e-001  0.000000e+000
 3.325000e+001  9.821237e-001  0.000000e+000
 3.350000e+001  9.891126e-001  0.000000e+000
 3.375000e+001  9.913933e-001  0.000000e+000
 3.400000e+001  9.882197e-001  0.000000e+000
 3.425000e+001  9.875081e-001  0.000000e+000
 3.450000e+001  9.833866e-001  0.000000e+000
 3.475000e+001  9.870431e-001  0.000000e+000
 3.500000e+001  9.878192e-001  0.000000e+000
 3.525000e+001  9.813573e-001  0.000000e+000
 3.550000e+001  9.862983e-001  0.000000e+000
 3.575000e+001  9.880984e-001  0.000000e+000
 3.600000e+001  9.908313e-001  0.000000e+000
 3.625000e+001  9.877204e-001  0.000000e+000
 3.650000e+001  9.796721e-001  0.000000e+000
 3.675000e+001  9.825420e-001  0.000000e+000
 3.700000e+001  9.900036e-001  0.000000e+000
 3.725000e+001  9.790885e-001  0.000000e+000
 3.750000e+001  9.899195e-001  0.000000e+000
 3.775000e+001  9.893239e-001  0.000000e+000
 3.800000e+001  9.854968e-001  0.000000e+000
 3.825000e+001  9.906223e-001  0.000000e+000
 3.850000e+001  9.776185e-001  0.000000e+000
 3.875000e+001  9.841982e-001  0.000000e+000
 3.900000e+001  9.845626e-001  0.000000e+000
 3.925000e+001  9.877569e-001  0.000000e+000
 3.950000e+001  9.803200e-001  0.000000e+000
 3.975000e+001  9.815022e-001  0.000000e+000
 4.000000e+001  9.806907e-001  0.000000e+000
 4.025000e+001  9.883779e-001  0.000000e+000
 4.050000e+001  9.863551e-001  0.000000e+000
 4.075000e+001  9.855008e-001  0.000000e+000
 4.100000e+001  9.789810e-001  0.000000e+000
 4.125000e+001  9.818863e-001  0.000000e+000
 4.150000e+001  9.881611e-001  0.000000e+000
 4.175000e+001  9.828236e-001  0.000000e+000
 4.200000e+001  9.861327e-001  0.000000e+000
 4.225000e+001  9.859868e-001  0.000000e+000
 4.250000e+001  9.779817e-001  0.000000e+000
 4.275000e+001  9.772004e-001  0.000000e+000
 4.300000e+001  9.926677e-001  0.000000e+000
 4.325000e+001  9.835774e-001  0.000000e+000
 4.350000e+001  9.735157e-001  0.000000e+000
 4.375000e+001  9.674862e-001  0.000000e+000
 4.400000e+001  9.706223e-001  0.000000e+000
 4.425000e+001  9.632652e-001  0.000000e+000
 4.450000e+001  9.831660e-001  0.000000e+000
 4.475000e+001  9.591894e-001  0.000000e+000
 4.500000e+001  9.752451e-001  0.000000e+000
 4.525000e+001  9.779753e-001  0.000000e+000
 4.550000e+001  9.717028e-001  0.000000e+000
 4.575000e+001  9.816374e-001  0.000000e+000
 4.600000e+001  9.757524e-001  0.000000e+000
 4.625000e+001  9.687328e-001  0.000000e+000
 4.650000e+001  9.641789e-001  0.000000e+000
 4.675000e+001  9.711005e-001  0.000000e+000
 4.700000e+001  9.752859e-001  0.000000e+000
 4.725000e+001  9.648822e-001  0.000000e+000
 4.750000e+001  9.605827e-001  0.000000e+000
 4.775000e+001  9.708939e-001  0.000000e+000
 4.800000e+001  9.559210e-001  0.000000e+000
 4.825000e+001  9.607342e-001  0.000000e+000
 4.850000e+001  9.722760e-001  0.000000e+000
 4.875000e+001  9.741259e-001  0.000000e+000
 4.900000e+001  9.584373e-001  0.000000e+000
 4.925000e+001  9.727976e-001  0.000000e+000
 4.950000e+001  9.565831e-001  0.000000e+000
 4.975000e+001  9.663730e-001  0.000000e+000
 5.000000e+001  9.697509e-001  0.000000e+000
 5.025000e+001  9.432349e-001  0.000000e+000
 5.050000e+001  9.461231e-001  0.000000e+000
 5.075000e+001  9.418070e-001  0.000000e+000
 5.100000e+001  9.177364e-001  0.000000e+000
 5.125000e+001  9.439591e-001  0.000000e+000
 5.150000e+001  9.599352e-001  0.000000e+000
 5.175000e+001  9.471609e-001  0.000000e+000
 5.200000e+001  9.360846e-001  0.000000e+000
 5.225000e+001  9.558476e-001  0.000000e+000
 5.250000e+001  9.453666e-001  0.000000e+000
 5.275000e+001  9.414692e-001  0.000000e+000
 5.300000e+001  9.300897e-001  0.000000e+000
 5.325000e+001  8.702590e-001  0.000000e+000
 5.350000e+001  9.195300e-001  0.000000e+000
 5.375000e+001  9.225120e-001  0.000000e+000
 5.400000e+001  8.681028e-001  0.000000e+000
 5.425000e+001  9.071742e-001  0.000000e+000
 5.450000e+001  8.977751e-001  0.000000e+000
 5.475000e+001  8.880842e-001  0.000000e+000
 5.500000e+001  9.076539e-001  0.000000e+000
 5.525000e+001  8.886960e-001  0.000000e+000
 5.550000e+001  8.897250e-001  0.000000e+000
 5.575000e+001  9.206901e-001  0.000000e+000
 5.600000e+001  8.895135e-001  0.000000e+000
 5.625000e+001  9.492658e-001  0.000000e+000
 5.650000e+001  8.910258e-001  0.000000e+000
 5.675000e+001  8.374633e-001  0.000000e+000
 5.700000e+001  6.971245e-001  0.000000e+000
 5.725000e+001  5.812420e-001  0.000000e+000
 5.750000e+001  5.567780e-001  0.000000e+000
 5.775000e+001  6.872479e-001  0.000000e+000
 5.800000e+001  7.126972e-001  0.000000e+000
 5.825000e+001  6.796080e-001  0.000000e+000
 5.850000e+001  7.517605e-001  0.000000e+000
 5.875000e+001  7.040287e-001  0.000000e+000
 5.900000e+001  6.836723e-001  0.000000e+000
 5.925000e+001  7.221321e-001  0.000000e+000
 5.950000e+001  7.256736e-001  0.000000e+000
 5.975000e+001  7.795528e-001  0.000000e+000
 6.000000e+001  5.729915e-001  0.000000e+000
 6.025000e+001  8.798373e-001  0.000000e+000
 6.050000e+001  7.402745e-001  0.000000e+000
 6.075000e+001  8.400353e-001  0.000000e+000
 6.100000e+001  7.724678e-001  0.000000e+000
 6.125000e+001  8.578924e-001  0.000000e+000
 6.150000e+001  8.311898e-001  0.000000e+000
 6.175000e+001  8.867573e-001  0.000000e+000
 6.200000e+001  8.815158e-001  0.000000e+000
 6.225000e+001  9.080092e-001  0.000000e+000
 6.250000e+001  8.796694e-001  0.000000e+000
 6.275000e+001  8.964790e-001  0.000000e+000
 6.300000e+001  9.330243e-001  0.000000e+000
 6.325000e+001  9.427981e-001  0.000000e+000
 6.350000e+001  9.505533e-001  0.000000e+000
 6.375000e+001  9.686343e-001  0.000000e+000
 6.400000e+001  9.342706e-001  0.000000e+000
 6.425000e+001  9.607311e-001  0.000000e+000
 6.450000e+001  9.336877e-001  0.000000e+000
 6.475000e+001  9.713092e-001  0.000000e+000
 6.500000e+001  9.674062e-001  0.000000e+000
 6.525000e+001  9.544100e-001  0.000000e+000
 6.550000e+001  9.673792e-001  0.000000e+000
 6.575000e+001  9.594457e-001  0.000000e+000
 6.600000e+001  9.391510e-001  0.000000e+000
 6.625000e+001  9.429286e-001  0.000000e+000
 6.650000e+001  9.615145e-001  0.000000e+000
 6.675000e+001  9.708686e-001  0.000000e+000
 6.700000e+001  9.510410e-001  0.000000e+000
 6.725000e+001  9.681099e-001  0.000000e+000
 6.750000e+001  9.663481e-001  0.000000e+000
 6.775000e+001  9.770548e-001  0.000000e+000
 6.800000e+001  9.667994e-001  0.000000e+000
 6.825000e+001  9.698262e-001  0.000000e+000
 6.850000e+001  9.808854e-001  0.000000e+000
 6.875000e+001  9.785261e-001  0.000000e+000
 6.900000e+001  9.731920e-001  0.000000e+000
 6.925000e+001  9.804598e-001  0.000000e+000
 6.950000e+001  9.873136e-001  0.000000e+000
 6.975000e+001  9.722183e-001  0.000000e+000
 7.000000e+001  9.797803e-001  0.000000e+000
 7.025000e+001  9.860497e-001  0.000000e+000
 7.050000e+001  9.855614e-001  0.000000e+000
 7.075000e+001  9.828562e-001  0.000000e+000
 7.100000e+001  9.709277e-001  0.000000e+000
 7.125000e+001  9.931776e-001  0.000000e+000
 7.150000e+001  9.874361e-001  0.000000e+000
 7.175000e+001  9.852596e-001  0.000000e+000
 7.200000e+001  9.815848e-001  0.000000e+000
 7.225000e+001  9.733534e-001  0.000000e+000
 7.250000e+001  9.900500e-001  0.000000e+000
 7.275000e+001  9.844567e-001  0.000000e+000
 7.300000e+001  9.820182e-001  0.000000e+000
 7.325000e+001  9.915984e-001  0.000000e+000
 7.350000e+001  9.876367e-001  0.000000e+000
 7.375000e+001  9.881485e-001  0.000000e+000
 7.400000e+001  9.751782e-001  0.000000e+000
 7.425000e+001  9.891733e-001  0.000000e+000
 7.450000e+001  9.888879e-001  0.000000e+000
 7.475000e+001  9.878505e-001  0.000000e+000
 7.500000e+001  9.917516e-001  0.000000e+000
 7.525000e+001  9.904346e-001  0.000000e+000
 7.550000e+001  9.861607e-001  0.000000e+000
 7.575000e+001  9.928666e-001  0.000000e+000
 7.600000e+001  9.909058e-001  0.000000e+000
 7.625000e+001  9.843705e-001  0.000000e+000
 7.650000e+001  9.919571e-001  0.000000e+000
 7.675000e+001  9.868861e-001  0.000000e+000
 7.700000e+001  9.879686e-001  0.000000e+000
 7.725000e+001  9.878787e-001  0.000000e+000
 7.750000e+001  9.931329e-001  0.000000e+000
 7.775000e+001  9.874031e-001  0.000000e+000
 7.800000e+001  9.874505e-001  0.000000e+000
 7.825000e+001  9.882279e-001  0.000000e+000
 7.850000e+001  9.903253e-001  0.000000e+000
 7.875000e+001  9.905194e-001  0.000000e+000
 7.900000e+001  9.892261e-001  0.000000e+000
 7.925000e+001  9.867450e-001  0.000000e+000
 7.950000e+001  9.879777e-001  0.000000e+000
 7.975000e+001  9.878197e-001  0.000000e+000
 8.000000e+001  9.919530e-001  0.000000e+000
 8.025000e+001  9.924031e-001  0.000000e+000
 8.050000e+001  9.932407e-001  0.000000e+000
 8.075000e+001  9.968817e-001  0.000000e+000
 8.100000e+001  9.960978e-001  0.000000e+000
 8.125000e+001  9.938605e-001  0.000000e+000
 8.150000e+001  9.960541e-001  0.000000e+000
 8.175000e+001  9.900415e-001  0.000000e+000
 8.200000e+001  9.916250e-001  0.000000e+000
 8.225000e+001  9.890495e-001  0.000000e+000
 8.250000e+001  9.954090e-001  0.000000e+000
 8.275000e+001  9.941249e-001  0.000000e+000
 8.300000e+001  9.915573e-001  0.000000e+000
 8.325000e+001  9.893677e-001  0.000000e+000
 8.350000e+001  9.934903e-001  0.000000e+000
 8.375000e+001  9.911349e-001  0.000000e+000
 8.400000e+001  9.931577e-001  0.000000e+000
 8.425000e+001  9.931014e-001  0.000000e+000
 8.450000e+001  9.910644e-001  0.000000e+000
 8.475000e+001  9.888524e-001  0.000000e+000
 8.500000e+001  9.899405e-001  0.000000e+000
 8.525000e+001  9.908062e-001  0.000000e+000
 8.550000e+001  9.899849e-001  0.000000e+000
 8.575000e+001  9.912754e-001  0.000000e+000
 8.600000e+001  9.904754e-001  0.000000e+000
 8.625000e+001  9.944733e-001  0.000000e+000
 8.650000e+001  9.844894e-001  0.000000e+000
 8.675000e+001  9.880598e-001  0.000000e+000
 8.700000e+001  9.825817e-001  0.000000e+000
 8.725000e+001  9.921062e-001  0.000000e+000
 8.750000e+001  9.919702e-001  0.000000e+000
 8.775000e+001  9.903388e-001  0.000000e+000
 8.800000e+001  9.870888e-001  0.000000e+000
 8.825000e+001  9.933642e-001  0.000000e+000
 8.850000e+001  9.929469e-001  0.000000e+000
 8.875000e+001  9.870746e-001  0.000000e+000
 8.900000e+001  9.903553e-001  0.000000e+000
 8.925000e+001  9.897093e-001  0.000000e+000
 8.950000e+001  9.876606e-001  0.000000e+000
 8.975000e+001  9.887851e-001  0.000000e+000
 9.000000e+001  9.922082e-001  0.000000e+000
 9.025000e+001  9.923317e-001  0.000000e+000
 9.050000e+001  9.872923e-001  0.000000e+000
 9.075000e+001  9.902515e-001  0.000000e+000
 9.100000e+001  9.849628e-001  0.000000e+000
 9.125000e+001  9.864906e-001  0.000000e+000
 9.150000e+001  9.866879e-001  0.000000e+000
 9.175000e+001  9.933737e-001  0.000000e+000
 9.200000e+001  9.753671e-001  0.000000e+000
 9.225000e+001  9.907926e-001  0.000000e+000
 9.250000e+001  9.871850e-001  0.000000e+000
 9.275000e+001  9.828992e-001  0.000000e+000
 9.300000e+001  9.737881e-001  0.000000e+000
 9.325000e+001  9.818960e-001  0.000000e+000
 9.350000e+001  9.871839e-001  0.000000e+000
 9.375000e+001  9.835981e-001  0.000000e+000
 9.400000e+001  9.862562e-001  0.000000e+000
 9.425000e+001  9.781159e-001  0.000000e+000
 9.450000e+001  9.840265e-001  0.000000e+000
 9.475000e+001  9.778426e-001  0.000000e+000
 9.500000e+001  9.873824e-001  0.000000e+000
 9.525000e+001  9.819741e-001  0.000000e+000
 9.550000e+001  9.846147e-001  0.000000e+000
 9.575000e+001  9.776246e-001  0.000000e+000
 9.600000e+001  9.870307e-001  0.000000e+000
 9.625000e+001  9.887609e-001  0.000000e+000
 9.650000e+001  9.833607e-001  0.000000e+000
 9.675000e+001  9.762039e-001  0.000000e+000
 9.700000e+001  9.640139e-001  0.000000e+000
 9.725000e+001  9.937291e-001  0.000000e+000
 9.750000e+001  9.782922e-001  0.000000e+000
 9.775000e+001  9.779412e-001  0.000000e+000
 9.800000e+001  9.862720e-001  0.000000e+000
 9.825000e+001  9.793656e-001  0.000000e+000
 9.850000e+001  9.790736e-001  0.000000e+000
 9.875000e+001  9.719488e-001  0.000000e+000
 9.900000e+001  9.803039e-001  0.000000e+000
 9.925000e+001  9.634804e-001  0.000000e+000
 9.950000e+001  9.895576e-001  0.000000e+000
 9.975000e+001  9.897870e-001  0.000000e+000
 1.000000e+002  9.767274e-001  0.000000e+000
 1.002500e+002  9.850108e-001  0.000000e+000
 1.005000e+002  9.830082e-001  0.000000e+000
 1.007500e+002  9.632823e-001  0.000000e+000
 1.010000e+002  9.896922e-001  0.000000e+000
 1.012500e+002  9.800814e-001  0.000000e+000
 1.015000e+002  9.819015e-001  0.000000e+000
 1.017500e+002  9.632627e-001  0.000000e+000
 1.020000e+002  9.388790e-001  0.000000e+000
 1.022500e+002  9.275130e-001  0.000000e+000
 1.025000e+002  9.418337e-001  0.000000e+000
 1.027500e+002  9.534858e-001  0.000000e+000
 1.030000e+002  9.442195e-001  0.000000e+000
 1.032500e+002  9.720719e-001  0.000000e+000
 1.035000e+002  9.590752e-001  0.000000e+000
 1.037500e+002  9.689980e-001  0.000000e+000
 1.040000e+002  9.391190e-001  0.000000e+000
 1.042500e+002  9.803955e-001  0.000000e+000
 1.045000e+002  9.774185e-001  0.000000e+000
 1.047500e+002  9.524002e-001  0.000000e+000
 1.050000e+002  9.312639e-001  0.000000e+000
 1.052500e+002  9.706353e-001  0.000000e+000
 1.055000e+002  9.653358e-001  0.000000e+000
 1.057500e+002  9.659883e-001  0.000000e+000
 1.060000e+002  9.514874e-001  0.000000e+000
 1.062500e+002  9.697778e-001  0.000000e+000
 1.065000e+002  9.588913e-001  0.000000e+000
 1.067500e+002  9.680943e-001  0.000000e+000
 1.070000e+002  9.762215e-001  0.000000e+000
 1.072500e+002  9.769109e-001  0.000000e+000
 1.075000e+002  9.688941e-001  0.000000e+000
 1.077500e+002  9.564188e-001  0.000000e+000
 1.080000e+002  9.637194e-001  0.000000e+000
 1.082500e+002  9.768626e-001  0.000000e+000
 1.085000e+002  9.548717e-001  0.000000e+000
 1.087500e+002  9.552491e-001  0.000000e+000
 1.090000e+002  9.616441e-001  0.000000e+000
 1.092500e+002  9.265579e-001  0.000000e+000
 1.095000e+002  9.765161e-001  0.000000e+000
 1.097500e+002  9.485430e-001  0.000000e+000
 1.100000e+002  9.527500e-001  0.000000e+000
 1.102500e+002  9.381176e-001  0.000000e+000
 1.105000e+002  9.722313e-001  0.000000e+000
 1.107500e+002  9.638819e-001  0.000000e+000
 1.110000e+002  9.486963e-001  0.000000e+000
 1.112500e+002  9.433898e-001  0.000000e+000
 1.115000e+002  9.508451e-001  0.000000e+000
 1.117500e+002  9.379179e-001  0.000000e+000
 1.120000e+002  9.631795e-001  0.000000e+000
 1.122500e+002  9.263932e-001  0.000000e+000
 1.125000e+002  9.552553e-001  0.000000e+000
 1.127500e+002  9.355178e-001  0.000000e+000
 1.130000e+002  9.671369e-001  0.000000e+000
 1.132500e+002  9.537420e-001  0.000000e+000
 1.135000e+002  9.382941e-001  0.000000e+000
 1.137500e+002  9.418979e-001  0.000000e+000
 1.140000e+002  9.474243e-001  0.000000e+000
 1.142500e+002  9.507050e-001  0.000000e+000
 1.145000e+002  9.264603e-001  0.000000e+000
 1.147500e+002  9.694908e-001  0.000000e+000
 1.150000e+002  9.080848e-001  0.000000e+000
 1.152500e+002  9.309345e-001  0.000000e+000
 1.155000e+002  9.451337e-001  0.000000e+000
 1.157500e+002  9.380186e-001  0.000000e+000
 1.160000e+002  9.574443e-001  0.000000e+000
 1.162500e+002  9.461378e-001  0.000000e+000
 1.165000e+002  9.187917e-001  0.000000e+000
 1.167500e+002  9.337513e-001  0.000000e+000
 1.170000e+002  9.442169e-001  0.000000e+000
 1.172500e+002  8.963469e-001  0.000000e+000
 1.175000e+002  9.302882e-001  0.000000e+000
 1.177500e+002  9.312763e-001  0.000000e+000
 1.180000e+002  9.218792e-001  0.000000e+000
 1.182500e+002  8.593646e-001  0.000000e+000
 1.185000e+002  9.431556e-001  0.000000e+000
 1.187500e+002  9.175603e-001  0.000000e+000
 1.190000e+002  9.070634e-001  0.000000e+000
 1.192500e+002  9.199231e-001  0.000000e+000
 1.195000e+002  9.248069e-001  0.000000e+000
 1.197500e+002  9.326044e-001  0.000000e+000
 1.200000e+002  9.426456e-001  0.000000e+000
 1.202500e+002  8.809397e-001  0.000000e+000
 1.205000e+002  9.660041e-001  0.000000e+000
 1.207500e+002  9.665967e-001  0.000000e+000
 1.210000e+002  9.176641e-001  0.000000e+000
 1.212500e+002  9.408897e-001  0.000000e+000
 1.215000e+002  9.175686e-001  0.000000e+000
 1.217500e+002  9.700993e-001  0.000000e+000
 1.220000e+002  8.826357e-001  0.000000e+000
 1.222500e+002  9.418728e-001  0.000000e+000
 1.225000e+002  9.170310e-001  0.000000e+000
 1.227500e+002  9.403625e-001  0.000000e+000
 1.230000e+002  9.324042e-001  0.000000e+000
 1.232500e+002  9.619042e-001  0.000000e+000
 1.235000e+002  9.070575e-001  0.000000e+000
 1.237500e+002  9.355002e-001  0.000000e+000
 1.240000e+002  9.244127e-001  0.000000e+000
 1.242500e+002  9.551061e-001  0.000000e+000
 1.245000e+002  9.519438e-001  0.000000e+000
 1.247500e+002  9.162491e-001  0.000000e+000
 1.250000e+002  8.903504e-001  0.000000e+000
 1.252500e+002  9.594221e-001  0.000000e+000
 1.255000e+002  9.150938e-001  0.000000e+000
 1.257500e+002  9.177436e-001  0.000000e+000
 1.260000e+002  9.216614e-001  0.000000e+000
 1.262500e+002  9.434878e-001  0.000000e+000
 1.265000e+002  9.259352e-001  0.000000e+000
 1.267500e+002  9.233274e-001  0.000000e+000
 1.270000e+002  9.230430e-001  0.000000e+000
 1.272500e+002  8.493730e-001  0.000000e+000
 1.275000e+002  9.118985e-001  0.000000e+000
 1.277500e+002  9.403841e-001  0.000000e+000
 1.280000e+002  9.393948e-001  0.000000e+000
 1.282500e+002  9.351996e-001  0.000000e+000
 1.285000e+002  9.739349e-001  0.000000e+000
 1.287500e+002  9.452473e-001  0.000000e+000
 1.290000e+002  8.855922e-001  0.000000e+000
 1.292500e+002  8.702407e-001  0.000000e+000
 1.295000e+002  8.966590e-001  0.000000e+000
 1.297500e+002  9.197893e-001  0.000000e+000
 1.300000e+002  9.066945e-001  0.000000e+000
 1.302500e+002  9.020213e-001  0.000000e+000
 1.305000e+002  8.633470e-001  0.000000e+000
 1.307500e+002  9.428453e-001  0.000000e+000
 1.310000e+002  9.536184e-001  0.000000e+000
 1.312500e+002  9.255423e-001  0.000000e+000
 1.315000e+002  9.054871e-001  0.000000e+000
 1.317500e+002  8.828061e-001  0.000000e+000
 1.320000e+002  8.987809e-001  0.000000e+000
 1.322500e+002  9.341247e-001  0.000000e+000
 1.325000e+002  9.448881e-001  0.000000e+000
 1.327500e+002  9.630277e-001  0.000000e+000
 1.330000e+002  9.115517e-001  0.000000e+000
 1.332500e+002  9.205840e-001  0.000000e+000
 1.335000e+002  9.331855e-001  0.000000e+000
 1.337500e+002  9.384350e-001  0.000000e+000
 1.340000e+002  9.098244e-001  0.000000e+000
 1.342500e+002  9.186417e-001  0.000000e+000
 1.345000e+002  9.171633e-001  0.000000e+000
 1.347500e+002  8.705613e-001  0.000000e+000
 1.350000e+002  9.313444e-001  0.000000e+000
 1.352500e+002  9.087824e-001  0.000000e+000
 1.355000e+002  9.336000e-001  0.000000e+000
 1.357500e+002  9.750761e-001  0.000000e+000
 1.360000e+002  9.303743e-001  0.000000e+000
 1.362500e+002  8.831790e-001  0.000000e+000
 1.365000e+002  9.138140e-001  0.000000e+000
 1.367500e+002  9.452193e-001  0.000000e+000
 1.370000e+002  8.739011e-001  0.000000e+000
 1.372500e+002  9.324059e-001  0.000000e+000
 1.375000e+002  9.036166e-001  0.000000e+000
 1.377500e+002  9.195651e-001  0.000000e+000
 1.380000e+002  9.372741e-001  0.000000e+000
 1.382500e+002  9.234639e-001  0.000000e+000
 1.385000e+002  8.880709e-001  0.000000e+000
 1.387500e+002  9.005832e-001  0.000000e+000
 1.390000e+002  9.120638e-001  0.000000e+000
 1.392500e+002  9.205417e-001  0.000000e+000
 1.395000e+002  9.068502e-001  0.000000e+000
 1.397500e+002  8.165116e-001  0.000000e+000
 1.400000e+002  8.626418e-001  0.000000e+000
 1.402500e+002  8.352696e-001  0.000000e+000
 1.405000e+002  9.255232e-001  0.000000e+000
 1.407500e+002  9.214220e-001  0.000000e+000
 1.410000e+002  9.016558e-001  0.000000e+000
 1.412500e+002  8.712518e-001  0.000000e+000
 1.415000e+002  8.816426e-001  0.000000e+000
 1.417500e+002  8.689656e-001  0.000000e+000
 1.420000e+002  8.976841e-001  0.000000e+000
 1.422500e+002  8.806754e-001  0.000000e+000
 1.425000e+002  9.478291e-001  0.000000e+000
 1.427500e+002  8.691451e-001  0.000000e+000
 1.430000e+002  9.440114e-001  0.000000e+000
 1.432500e+002  9.011071e-001  0.000000e+000
 1.435000e+002  9.252549e-001  0.000000e+000
 1.437500e+002  8.756282e-001  0.000000e+000
 1.440000e+002  8.560551e-001  0.000000e+000
 1.442500e+002  9.138518e-001  0.000000e+000
 1.445000e+002  8.907766e-001  0.000000e+000
 1.447500e+002  8.929347e-001  0.000000e+000
 1.450000e+002  8.589897e-001  0.000000e+000
 1.452500e+002  9.145828e-001  0.000000e+000
 1.455000e+002  8.767335e-001  0.000000e+000
 1.457500e+002  9.452072e-001  0.000000e+000
 1.460000e+002  9.135690e-001  0.000000e+000
 1.462500e+002  9.613550e-001  0.000000e+000
 1.465000e+002  8.552824e-001  0.000000e+000
 1.467500e+002  8.883382e-001  0.000000e+000
 1.470000e+002  8.774565e-001  0.000000e+000
 1.472500e+002  8.882494e-001  0.000000e+000
 1.475000e+002  8.255600e-001  0.000000e+000
 1.477500e+002  8.663878e-001  0.000000e+000
 1.480000e+002  8.952611e-001  0.000000e+000
 1.482500e+002  9.160942e-001  0.000000e+000
 1.485000e+002  9.158002e-001  0.000000e+000
 1.487500e+002  8.979117e-001  0.000000e+000
 1.490000e+002  9.179104e-001  0.000000e+000
 1.492500e+002  8.777962e-001  0.000000e+000
 1.495000e+002  8.986788e-001  0.000000e+000
 1.497500e+002  9.411765e-001  0.000000e+000
 1.500000e+002  9.206493e-001  0.000000e+000
 1.502500e+002  9.155552e-001  0.000000e+000
 1.505000e+002  8.981075e-001  0.000000e+000
 1.507500e+002  9.282569e-001  0.000000e+000
 1.510000e+002  9.002561e-001  0.000000e+000
 1.512500e+002  9.356677e-001  0.000000e+000
 1.515000e+002  8.831509e-001  0.000000e+000
 1.517500e+002  9.239040e-001  0.000000e+000
 1.520000e+002  9.679512e-001  0.000000e+000
 1.522500e+002  9.058148e-001  0.000000e+000
 1.525000e+002  8.459604e-001  0.000000e+000
 1.527500e+002  8.325317e-001  0.000000e+000
 1.530000e+002  8.907246e-001  0.000000e+000
 1.532500e+002  8.901421e-001  0.000000e+000
 1.535000e+002  8.764164e-001  0.000000e+000
 1.537500e+002  9.252090e-001  0.000000e+000
 1.540000e+002  8.659657e-001  0.000000e+000
 1.542500e+002  9.223903e-001  0.000000e+000
 1.545000e+002  8.046560e-001  0.000000e+000
 1.547500e+002  9.292559e-001  0.000000e+000
 1.550000e+002  8.862277e-001  0.000000e+000
 1.552500e+002  8.738131e-001  0.000000e+000
 1.555000e+002  8.463526e-001  0.000000e+000
 1.557500e+002  8.784606e-001  0.000000e+000
 1.560000e+002  8.496312e-001  0.000000e+000
 1.562500e+002  8.663977e-001  0.000000e+000
 1.565000e+002  8.793365e-001  0.000000e+000
 1.567500e+002  8.551846e-001  0.000000e+000
 1.570000e+002  8.460361e-001  0.000000e+000
 1.572500e+002  8.293173e-001  0.000000e+000
 1.575000e+002  9.168919e-001  0.000000e+000
 1.577500e+002  8.302175e-001  0.000000e+000
 1.580000e+002  8.570697e-001  0.000000e+000
 1.582500e+002  8.201264e-001  0.000000e+000
 1.585000e+002  8.259724e-001  0.000000e+000
 1.587500e+002  8.564083e-001  0.000000e+000
 1.590000e+002  8.868057e-001  0.000000e+000
 1.592500e+002  8.223090e-001  0.000000e+000
 1.595000e+002  8.757041e-001  0.000000e+000
 1.597500e+002  8.631809e-001  0.000000e+000
 1.600000e+002  9.249547e-001  0.000000e+000
 1.602500e+002  8.152301e-001  0.000000e+000
 1.605000e+002  7.914916e-001  0.000000e+000
 1.607500e+002  8.668414e-001  0.000000e+000
 1.610000e+002  8.869178e-001  0.000000e+000
 1.612500e+002  8.704236e-001  0.000000e+000
 1.615000e+002  8.818516e-001  0.000000e+000
 1.617500e+002  8.919724e-001  0.000000e+000
 1.620000e+002  9.031523e-001  0.000000e+000
 1.622500e+002  8.618104e-001  0.000000e+000
 1.625000e+002  9.479389e-001  0.000000e+000
 1.627500e+002  8.524756e-001  0.000000e+000
 1.630000e+002  7.070863e-001  0.000000e+000
 1.632500e+002  8.869814e-001  0.000000e+000
 1.635000e+002  8.964273e-001  0.000000e+000
 1.637500e+002  9.130370e-001  0.000000e+000
 1.640000e+002  8.785423e-001  0.000000e+000
 1.642500e+002  9.132215e-001  0.000000e+000
 1.645000e+002  7.799373e-001  0.000000e+000
 1.647500e+002  8.378103e-001  0.000000e+000
 1.650000e+002  8.673005e-001  0.000000e+000
 1.652500e+002  8.615094e-001  0.000000e+000
 1.655000e+002  8.118706e-001  0.000000e+000
 1.657500e+002  8.483438e-001  0.000000e+000
 1.660000e+002  8.126919e-001  0.000000e+000
 1.662500e+002  9.093052e-001  0.000000e+000
 1.665000e+002  7.786026e-001  0.000000e+000
 1.667500e+002  9.076626e-001  0.000000e+000
 1.670000e+002  7.899904e-001  0.000000e+000
 1.672500e+002  8.170930e-001  0.000000e+000
 1.675000e+002  8.302845e-001  0.000000e+000
 1.677500e+002  7.960719e-001  0.000000e+000
 1.680000e+002  8.675210e-001  0.000000e+000
 1.682500e+002  8.722081e-001  0.000000e+000
 1.685000e+002  7.921309e-001  0.000000e+000
 1.687500e+002  9.160028e-001  0.000000e+000
 1.690000e+002  8.631700e-001  0.000000e+000
 1.692500e+002  8.915892e-001  0.000000e+000
 1.695000e+002  8.895183e-001  0.000000e+000
 1.697500e+002  7.184243e-001  0.000000e+000
 1.700000e+002  8.529892e-001  0.000000e+000
 1.702500e+002  8.156589e-001  0.000000e+000
 1.705000e+002  8.850977e-001  0.000000e+000
 1.707500e+002  8.009428e-001  0.000000e+000
 1.710000e+002  8.629821e-001  0.000000e+000
 1.712500e+002  8.970850e-001  0.000000e+000
 1.715000e+002  8.293433e-001  0.000000e+000
 1.717500e+002  8.517218e-001  0.000000e+000
 1.720000e+002  8.902932e-001  0.000000e+000
 1.722500e+002  7.592433e-001  0.000000e+000
 1.725000e+002  8.531831e-001  0.000000e+000
 1.727500e+002  8.239418e-001  0.000000e+000
 1.730000e+002  7.597008e-001  0.000000e+000
 1.732500e+002  8.112452e-001  0.000000e+000
 1.735000e+002  8.151316e-001  0.000000e+000
 1.737500e+002  7.700450e-001  0.000000e+000
 1.740000e+002  8.088035e-001  0.000000e+000
 1.742500e+002  8.792778e-001  0.000000e+000
 1.745000e+002  7.889828e-001  0.000000e+000
 1.747500e+002  8.435724e-001  0.000000e+000
 1.750000e+002  9.015904e-001  0.000000e+000
 1.752500e+002  8.814521e-001  0.000000e+000
 1.755000e+002  7.729226e-001  0.000000e+000
 1.757500e+002  8.067320e-001  0.000000e+000
 1.760000e+002  7.291131e-001  0.000000e+000
 1.762500e+002  7.975544e-001  0.000000e+000
 1.765000e+002  7.766409e-001  0.000000e+000
 1.767500e+002  8.006724e-001  0.000000e+000
 1.770000e+002  8.786293e-001  0.000000e+000
 1.772500e+002  8.122866e-001  0.000000e+000
 1.775000e+002  7.901922e-001  0.000000e+000
 1.777500e+002  7.656153e-001  0.000000e+000
 1.780000e+002  8.312017e-001  0.000000e+000
 1.782500e+002  7.209852e-001  0.000000e+000
 1.785000e+002  6.992127e-001  0.000000e+000
 1.787500e+002  7.550749e-001  0.000000e+000
 1.790000e+002  6.659870e-001  0.000000e+000
 1.792500e+002  6.523739e-001  0.000000e+000
 1.795000e+002  7.593847e-001  0.000000e+000
 1.797500e+002  7.473733e-001  0.000000e+000
 1.800000e+002  8.648649e-001  0.000000e+000
 1.802500e+002  7.803180e-001  0.000000e+000
 1.805000e+002  7.355195e-001  0.000000e+000
 1.807500e+002  6.618740e-001  0.000000e+000
 1.810000e+002  6.538917e-001  0.000000e+000
 1.812500e+002  7.670785e-001  0.000000e+000
 1.815000e+002  7.660682e-001  0.000000e+000
 1.817500e+002  6.945294e-001  0.000000e+000
 1.820000e+002  7.365144e-001  0.000000e+000
 1.822500e+002  8.155408e-001  0.000000e+000
 1.825000e+002  8.211897e-001  0.000000e+000
 1.827500e+002  7.217736e-001  0.000000e+000
 1.830000e+002  8.335868e-001  0.000000e+000
 1.832500e+002  7.510983e-001  0.000000e+000
 1.835000e+002  7.681793e-001  0.000000e+000
 1.837500e+002  6.465755e-001  0.000000e+000
 1.840000e+002  7.755256e-001  0.000000e+000
 1.842500e+002  7.254336e-001  0.000000e+000
 1.845000e+002  6.641718e-001  0.000000e+000
 1.847500e+002  7.842370e-001  0.000000e+000
 1.850000e+002  7.268377e-001  0.000000e+000
 1.852500e+002  6.352456e-001  0.000000e+000
 1.855000e+002  7.497414e-001  0.000000e+000
 1.857500e+002  6.448505e-001  0.000000e+000
 1.860000e+002  5.990133e-001  0.000000e+000
 1.862500e+002  7.040601e-001  0.000000e+000
 1.865000e+002  7.475235e-001  0.000000e+000
 1.867500e+002  8.208535e-001  0.000000e+000
 1.870000e+002  7.037035e-001  0.000000e+000
 1.872500e+002  7.999166e-001  0.000000e+000
 1.875000e+002  6.854662e-001  0.000000e+000
 1.877500e+002  7.424293e-001  0.000000e+000
 1.880000e+002  5.969709e-001  0.000000e+000
 1.882500e+002  5.934643e-001  0.000000e+000
 1.885000e+002  4.774517e-001  0.000000e+000
 1.887500e+002  5.026078e-001  0.000000e+000
 1.890000e+002  6.925710e-001  0.000000e+000
 1.892500e+002  5.626814e-001  0.000000e+000
 1.895000e+002  6.328222e-001  0.000000e+000
 1.897500e+002  6.988432e-001  0.000000e+000
 1.900000e+002  6.127321e-001  0.000000e+000
 1.902500e+002  4.776836e-001  0.000000e+000
 1.905000e+002  6.430911e-001  0.000000e+000
 1.907500e+002  7.061917e-001  0.000000e+000
 1.910000e+002  6.957757e-001  0.000000e+000
 1.912500e+002  5.182092e-001  0.000000e+000
 1.915000e+002  4.169627e-001  0.000000e+000
 1.917500e+002  7.269849e-001  0.000000e+000
 1.920000e+002  9.116148e-001  0.000000e+000
 1.922500e+002  7.246361e-001  0.000000e+000
 1.925000e+002  7.565189e-001  0.000000e+000
 1.927500e+002  6.662934e-001  0.000000e+000
 1.930000e+002  6.712487e-001  0.000000e+000
 1.932500e+002  6.346167e-001  0.000000e+000
 1.935000e+002  5.373966e-001  0.000000e+000
 1.937500e+002  6.097868e-001  0.000000e+000
 1.940000e+002  3.430182e-001  0.000000e+000
 1.942500e+002  6.313449e-001  0.000000e+000
 1.945000e+002  3.728299e-001  0.000000e+000
 1.947500e+002  6.855589e-001  0.000000e+000
 1.950000e+002  4.056882e-001  0.000000e+000
 1.952500e+002  5.547390e-001  0.000000e+000
 1.955000e+002  5.401614e-001  0.000000e+000
 1.957500e+002  5.447258e-001  0.000000e+000
 1.960000e+002  5.781291e-001  0.000000e+000
 1.962500e+002  3.931180e-001  0.000000e+000
 1.965000e+002  5.599707e-001  0.000000e+000
 1.967500e+002  5.804936e-001  0.000000e+000
 1.970000e+002  5.096343e-001  0.000000e+000
 1.972500e+002  4.630895e-001  0.000000e+000
 1.975000e+002  2.958203e-001  0.000000e+000
 1.977500e+002  2.750697e-001  0.000000e+000
 1.980000e+002  4.247878e-001  0.000000e+000
 1.982500e+002  3.315432e-001  0.000000e+000
 1.985000e+002  5.479858e-001  0.000000e+000
 1.987500e+002  3.068161e-001  0.000000e+000
 1.990000e+002  3.411745e-001  0.000000e+000
 1.992500e+002  5.499566e-001  0.000000e+000
 1.995000e+002  3.459769e-001  0.000000e+000
 1.997500e+002  4.832322e-001  0.000000e+000
 2.000000e+002  5.806050e-001  0.000000e+000
 2.002500e+002  3.173302e-001  0.000000e+000
 2.005000e+002  3.407565e-001  0.000000e+000
 2.007500e+002  4.800532e-001  0.000000e+000
 2.010000e+002  5.576320e-001  0.000000e+000
 2.012500e+002  3.099235e-001  0.000000e+000
 2.015000e+002  4.619657e-001  0.000000e+000
 2.017500e+002  6.256444e-002  0.000000e+000
 2.020000e+002  3.919652e-001  0.000000e+000
 2.022500e+002  2.844811e-001  0.000000e+000
 2.025000e+002  2.738392e-001  0.000000e+000
 2.027500e+002  2.159553e-001  0.000000e+000
 2.030000e+002  5.275584e-001  0.000000e+000
 2.032500e+002  1.960580e-001  0.000000e+000
 2.035000e+002  3.312306e-001  0.000000e+000
 2.037500e+002  2.810850e-001  0.000000e+000
 2.040000e+002  3.833989e-001  0.000000e+000
 2.042500e+002  1.976724e-001  0.000000e+000
 2.045000e+002  5.078549e-001  0.000000e+000
 2.047500e+002  2.198230e-001  0.000000e+000
 2.050000e+002  1.881253e-001  0.000000e+000
 2.052500e+002  3.806027e-001  0.000000e+000
 2.055000e+002  2.385148e-001  0.000000e+000
 2.057500e+002  1.378083e-001  0.000000e+000
 2.060000e+002  1.788800e-001  0.000000e+000
 2.062500e+002  5.396353e-001  0.000000e+000
 2.065000e+002  1.637956e-001  0.000000e+000
 2.067500e+002  8.560923e-002  0.000000e+000
 2.070000e+002  4.430389e-001  0.000000e+000
 2.072500e+002  1.856573e-001  0.000000e+000
 2.075000e+002  6.126212e-001  0.000000e+000
 2.077500e+002  1.903489e-001  0.000000e+000
 2.080000e+002  4.944384e-001  0.000000e+000
 2.082500e+002  4.142249e-001  0.000000e+000
 2.085000e+002  3.087590e-001  0.000000e+000
 2.087500e+002  4.885745e-001  0.000000e+000
 2.090000e+002  4.467253e-001  0.000000e+000
 2.092500e+002  4.643411e-001  0.000000e+000
 2.095000e+002  1.508166e-001  0.000000e+000
 2.097500e+002  3.865902e-001  0.000000e+000
 2.100000e+002  7.475487e-002  0.000000e+000
 2.102500e+002  3.885759e-001  0.000000e+000
 2.105000e+002  1.970178e-001  0.000000e+000
 2.107500e+002  1.945942e-001  0.000000e+000
 2.110000e+002  3.967855e-001  0.000000e+000
 2.112500e+002  1.990480e-001  0.000000e+000
 2.115000e+002  3.339046e-001  0.000000e+000
 2.117500e+002  3.422029e-001  0.000000e+000
 2.120000e+002  4.594426e-001  0.000000e+000
 2.122500e+002  2.413199e-001  0.000000e+000
 2.125000e+002  1.814368e-001  0.000000e+000
 2.127500e+002  2.218093e-001  0.000000e+000
 2.130000e+002  1.069315e-001  0.000000e+000
 2.132500e+002  2.840505e-001  0.000000e+000
 2.135000e+002  5.000552e-001  0.000000e+000
 2.137500e+002  2.611830e-001  0.000000e+000
 2.140000e+002  2.153975e-001  0.000000e+000
 2.142500e+002  2.720359e-001  0.000000e+000
 2.145000e+002  1.716561e-001  0.000000e+000
 2.147500e+002  1.858414e-001  0.000000e+000
 2.150000e+002  1.953303e-001  0.000000e+000
 2.152500e+002  2.887957e-001  0.000000e+000
 2.155000e+002  3.425639e-002  0.000000e+000
 2.157500e+002  3.976395e-001  0.000000e+000
 2.160000e+002  2.139013e-001  0.000000e+000
 2.162500e+002  3.110097e-001  0.000000e+000
 2.165000e+002  2.981235e-001  0.000000e+000
 2.167500e+002  3.894375e-001  0.000000e+000
 2.170000e+002  5.802632e-001  0.000000e+000
 2.172500e+002  3.380394e-001  0.000000e+000
 2.175000e+002  3.443593e-001  0.000000e+000
 2.177500e+002  2.633980e-001  0.000000e+000
 2.180000e+002  3.743169e-001  0.000000e+000
 2.182500e+002  4.691644e-001  0.000000e+000
 2.185000e+002  5.539170e-001  0.000000e+000
 2.187500e+002  5.481609e-001  0.000000e+000
 2.190000e+002  4.137232e-001  0.000000e+000
 2.192500e+002  3.946473e-001  0.000000e+000
 2.195000e+002  5.754787e-001  0.000000e+000
 2.197500e+002  4.099034e-001  0.000000e+000
 2.200000e+002  3.865100e-001  0.000000e+000
 2.202500e+002  3.808487e-001  0.000000e+000
 2.205000e+002  3.920880e-001  0.000000e+000
 2.207500e+002  4.477044e-001  0.000000e+000
 2.210000e+002  4.812346e-001  0.000000e+000
 2.212500e+002  5.689229e-001  0.000000e+000
 2.215000e+002  6.916705e-001  0.000000e+000
 2.217500e+002  4.229791e-001  0.000000e+000
 2.220000e+002  4.416394e-001  0.000000e+000
 2.222500e+002  4.881386e-001  0.000000e+000
 2.225000e+002  6.598820e-001  0.000000e+000
 2.227500e+002  5.109800e-001  0.000000e+000
 2.230000e+002  3.227602e-001  0.000000e+000
 2.232500e+002  3.093937e-001  0.000000e+000
 2.235000e+002  3.339155e-001  0.000000e+000
 2.237500e+002  3.639605e-001  0.000000e+000
 2.240000e+002  3.818107e-001  0.000000e+000
 2.242500e+002  3.293108e-001  0.000000e+000
 2.245000e+002  6.544929e-001  0.000000e+000
 2.247500e+002  3.548184e-001  0.000000e+000
 2.250000e+002  6.276166e-001  0.000000e+000
 2.252500e+002  4.469936e-001  0.000000e+000
 2.255000e+002  5.393238e-001  0.000000e+000
 2.257500e+002  5.492968e-001  0.000000e+000
 2.260000e+002  1.158365e-001  0.000000e+000
 2.262500e+002  7.032198e-001  0.000000e+000
 2.265000e+002  3.502530e-001  0.000000e+000
 2.267500e+002  3.634455e-001  0.000000e+000
 2.270000e+002  3.363851e-001  0.000000e+000
 2.272500e+002  2.581950e-001  0.000000e+000
 2.275000e+002  6.367171e-001  0.000000e+000
 2.277500e+002  6.294062e-001  0.000000e+000
 2.280000e+002  6.459630e-001  0.000000e+000
 2.282500e+002  1.152280e-001  0.000000e+000
 2.285000e+002  6.138532e-001  0.000000e+000
 2.287500e+002  5.047722e-001  0.000000e+000
 2.290000e+002  6.146432e-001  0.000000e+000
 2.292500e+002  3.171565e-001  0.000000e+000
 2.295000e+002  5.248228e-001  0.000000e+000
 2.297500e+002  7.162957e-001  0.000000e+000
 2.300000e+002  3.436269e-001  0.000000e+000
 2.302500e+002  5.117856e-001  0.000000e+000
 2.305000e+002  6.667953e-001  0.000000e+000
 2.307500e+002  3.752308e-001  0.000000e+000
 2.310000e+002  2.773640e-001  0.000000e+000
 2.312500e+002  4.751610e-001  0.000000e+000
 2.315000e+002  5.228424e-001  0.000000e+000
 2.317500e+002  7.757908e-001  0.000000e+000
 2.320000e+002  3.363274e-001  0.000000e+000
 2.322500e+002  7.545049e-001  0.000000e+000
 2.325000e+002  5.626249e-001  0.000000e+000
 2.327500e+002  6.232601e-001  0.000000e+000
 2.330000e+002  4.065363e-001  0.000000e+000
 2.332500e+002  6.934004e-001  0.000000e+000
 2.335000e+002  3.996272e-001  0.000000e+000
 2.337500e+002  5.333917e-001  0.000000e+000
 2.340000e+002  4.374943e-001  0.000000e+000
 2.342500e+002  7.505999e-001  0.000000e+000
 2.345000e+002  5.975857e-001  0.000000e+000
 2.347500e+002  6.456319e-001  0.000000e+000
 2.350000e+002  6.309938e-001  0.000000e+000
 2.352500e+002  6.481986e-001  0.000000e+000
 2.355000e+002  3.974985e-001  0.000000e+000
 2.357500e+002  2.723884e-001  0.000000e+000
 2.360000e+002  4.782891e-001  0.000000e+000
 2.362500e+002  7.611767e-001  0.000000e+000
 2.365000e+002  4.881560e-001  0.000000e+000
 2.367500e+002  5.614198e-001  0.000000e+000
 2.370000e+002  5.541048e-001  0.000000e+000
 2.372500e+002  5.505085e-001  0.000000e+000
 2.375000e+002  6.317826e-001  0.000000e+000
 2.377500e+002  3.880466e-001  0.000000e+000
 2.380000e+002  6.588796e-001  0.000000e+000
 2.382500e+002  5.426009e-001  0.000000e+000
 2.385000e+002  6.732302e-001  0.000000e+000
 2.387500e+002  3.620951e-001  0.000000e+000
 2.390000e+002  4.994338e-001  0.000000e+000
 2.392500e+002  6.232203e-001  0.000000e+000
 2.395000e+002  6.433984e-001  0.000000e+000
 2.397500e+002  6.350081e-001  0.000000e+000
 2.400000e+002  8.015732e-001  0.000000e+000
 2.402500e+002  4.987812e-001  0.000000e+000
 2.405000e+002  5.274826e-001  0.000000e+000
 2.407500e+002  5.477815e-001  0.000000e+000
 2.410000e+002  6.216227e-001  0.000000e+000
 2.412500e+002  5.615163e-001  0.000000e+000
 2.415000e+002  5.508506e-001  0.000000e+000
 2.417500e+002  3.733857e-001  0.000000e+000
 2.420000e+002  5.784581e-001  0.000000e+000
 2.422500e+002  5.823711e-001  0.000000e+000
 2.425000e+002  6.111963e-001  0.000000e+000
 2.427500e+002  4.909363e-001  0.000000e+000
 2.430000e+002  4.060225e-001  0.000000e+000
 2.432500e+002  4.328678e-001  0.000000e+000
 2.435000e+002  4.188259e-001  0.000000e+000
 2.437500e+002  3.536813e-001  0.000000e+000
 2.440000e+002  3.974684e-001  0.000000e+000
 2.442500e+002  4.059148e-001  0.000000e+000
 2.445000e+002  4.918540e-001  0.000000e+000
 2.447500e+002  4.057069e-001  0.000000e+000
 2.450000e+002  5.435523e-001  0.000000e+000
 2.452500e+002  3.898435e-001  0.000000e+000
 2.455000e+002  5.466824e-001  0.000000e+000
 2.457500e+002  3.054307e-001  0.000000e+000
 2.460000e+002  2.504547e-001  0.000000e+000
 2.462500e+002  2.360054e-001  0.000000e+000
 2.465000e+002  1.690575e-001  0.000000e+000
 2.467500e+002  2.775253e-001  0.000000e+000
 2.470000e+002  9.370559e-002  0.000000e+000
 2.472500e+002  3.683389e-002  0.000000e+000
 2.475000e+002  3.142503e-002  0.000000e+000
 2.477500e+002  2.340088e-001  0.000000e+000
 2.480000e+002  3.137381e-001  0.000000e+000
 2.482500e+002  1.900530e-001  0.000000e+000
 2.485000e+002  4.092636e-001  0.000000e+000
 2.487500e+002  3.909333e-001  0.000000e+000
 2.490000e+002  3.090351e-001  0.000000e+000
 2.492500e+002  3.603794e-001  0.000000e+000
 2.495000e+002  3.024817e-001  0.000000e+000
 2.497500e+002  1.502350e-001  0.000000e+000
 2.500000e+002  5.322706e-001  0.000000e+000
 2.502500e+002  3.500737e-001  0.000000e+000
 2.505000e+002  4.376610e-001  0.000000e+000
 2.507500e+002  4.414921e-001  0.000000e+000
 2.510000e+002  3.550549e-001  0.000000e+000
 2.512500e+002  4.173839e-001  0.000000e+000
 2.515000e+002  3.604807e-001  0.000000e+000
 2.517500e+002  4.217326e-001  0.000000e+000
 2.520000e+002  1.269723e-001  0.000000e+000
 2.522500e+002  4.822389e-001  0.000000e+000
 2.525000e+002  2.009507e-001  0.000000e+000
 2.527500e+002  3.956795e-001  0.000000e+000
 2.530000e+002  2.527048e-001  0.000000e+000
 2.532500e+002  3.338927e-001  0.000000e+000
 2.535000e+002  2.382595e-001  0.000000e+000
 2.537500e+002  2.807783e-001  0.000000e+000
 2.540000e+002  4.235427e-001  0.000000e+000
 2.542500e+002  3.691017e-001  0.000000e+000
 2.545000e+002  4.290262e-001  0.000000e+000
 2.547500e+002  7.149373e-002  0.000000e+000
 2.550000e+002  2.920365e-001  0.000000e+000
 2.552500e+002  4.778272e-001  0.000000e+000
 2.555000e+002  2.315491e-001  0.000000e+000
 2.557500e+002  5.241343e-001  0.000000e+000
 2.560000e+002  1.329824e-002  0.000000e+000
