 0.000000e+000  9.884748e-001  0.000000e+000
 2.500000e-001  7.105676e-001  0.000000e+000
 5.000000e-001  5.045417e-001  0.000000e+000
 7.500000e-001  5.216356e-001  0.000000e+000
 1.000000e+000  5.375304e-001  0.000000e+000
 1.250000e+000  6.361712e-001  0.000000e+000
 1.500000e+000  6.802118e-001  0.000000e+000
 1.750000e+000  5.084491e-001  0.000000e+000
 2.000000e+000  5.710918e-001  0.000000e+000
 2.250000e+000  5.303835e-001  0.000000e+000
 2.500000e+000  5.855040e-001  0.000000e+000
 2.750000e+000  5.376043e-001  0.000000e+000
 3.000000e+000  7.467095e-001  0.000000e+000
 3.250000e+000  6.469177e-001  0.000000e+000
 3.500000e+000  9.009187e-001  0.000000e+000
 3.750000e+000  7.688714e-001  0.000000e+000
 4.000000e+000  6.182969e-001  0.000000e+000
 4.250000e+000  8.110866e-001  0.000000e+000
 4.500000e+000  9.413214e-001  0.000000e+000
 4.750000e+000  9.502278e-001  0.000000e+000
 5.000000e+000  9.393013e-001  0.000000e+000
 5.250000e+000  9.374651e-001  0.000000e+000
 5.500000e+000  9.679176e-001  0.000000e+000
 5.750000e+000  9.656975e-001  0.000000e+000
 6.000000e+000  9.770453e-001  0.000000e+000
 6.250000e+000  9.689052e-001  0.000000e+000
 6.500000e+000  9.784060e-001  0.000000e+000
 6.750000e+000  9.673562e-001  0.000000e+000
 7.000000e+000  9.771813e-001  0.000000e+000
 7.250000e+000  9.675680e-001  0.000000e+000
 7.500000e+000  9.774215e-001  0.000000e+000
 7.750000e+000  9.695191e-001  0.000000e+000
 8.000000e+000  9.649354e-001  0.000000e+000
 8.250000e+000  9.916915e-001  0.000000e+000
 8.500000e+000  9.778950e-001  0.000000e+000
 8.750000e+000  9.858665e-001  0.000000e+000
 9.000000e+000  9.656834e-001  0.000000e+000
 9.250000e+000  9.707204e-001  0.000000e+000
 9.500000e+000  9.757939e-001  0.000000e+000
 9.750000e+000  9.734566e-001  0.000000e+000
 1.000000e+001  9.711542e-001  0.000000e+000
 1.025000e+001  9.800537e-001  0.000000e+000
 1.050000e+001  9.691243e-001  0.000000e+000
 1.075000e+001  9.859798e-001  0.000000e+000
 1.100000e+001  9.847040e-001  0.000000e+000
 1.125000e+001  9.856594e-001  0.000000e+000
 1.150000e+001  9.831262e-001  0.000000e+000
 1.175000e+001  9.893153e-001  0.000000e+000
 1.200000e+001  9.850959e-001  0.000000e+000
 1.225000e+001  9.881214e-001  0.000000e+000
 1.250000e+001  9.833683e-001  0.000000e+000
 1.275000e+001  9.727445e-001  0.000000e+000
 1.300000e+001  9.792681e-001  0.000000e+000
 1.325000e+001  9.820160e-001  0.000000e+000
 1.350000e+001  9.714862e-001  0.000000e+000
 1.375000e+001  9.901259e-001  0.000000e+000
 1.400000e+001  9.767243e-001  0.000000e+000
 1.425000e+001  9.764262e-001  0.000000e+000
 1.450000e+001  9.857333e-001  0.000000e+000
 1.475000e+001  9.881982e-001  0.000000e+000
 1.500000e+001  9.824992e-001  0.000000e+000
 1.525000e+001  9.775725e-001  0.000000e+000
 1.550000e+001  9.834943e-001  0.000000e+000
 1.575000e+001  9.818260e-001  0.000000e+000
 1.600000e+001  9.827731e-001  0.000000e+000
 1.625000e+001  9.843403e-001  0.000000e+000
 1.650000e+001  9.941174e-001  0.000000e+000
 1.675000e+001  9.669267e-001  0.000000e+000
 1.700000e+001  9.808083e-001  0.000000e+000
 1.725000e+001  9.911855e-001  0.000000e+000
 1.750000e+001  9.676009e-001  0.000000e+000
 1.775000e+001  9.878141e-001  0.000000e+000
 1.800000e+001  9.899022e-001  0.000000e+000
 1.825000e+001  9.943727e-001  0.000000e+000
 1.850000e+001  9.837008e-001  0.000000e+000
 1.875000e+001  9.873491e-001  0.000000e+000
 1.900000e+001  9.851184e-001  0.000000e+000
 1.925000e+001  9.920672e-001  0.000000e+000
 1.950000e+001  9.836420e-001  0.000000e+000
 1.975000e+001  9.935629e-001  0.000000e+000
 2.000000e+001  9.886987e-001  0.000000e+000
 2.025000e+001  9.918575e-001  0.000000e+000
 2.050000e+001  9.850877e-001  0.000000e+000
 2.075000e+001  9.868675e-001  0.000000e+000
 2.100000e+001  9.863896e-001  0.000000e+000
 2.125000e+001  9.833870e-001  0.000000e+000
 2.150000e+001  9.915890e-001  0.000000e+000
 2.175000e+001  9.926247e-001  0.000000e+000
 2.200000e+001  9.878535e-001  0.000000e+000
 2.225000e+001  9.859587e-001  0.000000e+000
 2.250000e+001  9.825314e-001  0.000000e+000
 2.275000e+001  9.791859e-001  0.000000e+000
 2.300000e+001  9.833032e-001  0.000000e+000
 2.325000e+001  9.918119e-001  0.000000e+000
 2.350000e+001  9.901681e-001  0.000000e+000
 2.375000e+001  9.855188e-001  0.000000e+000
 2.400000e+001  9.884972e-001  0.000000e+000
 2.425000e+001  9.853004e-001  0.000000e+000
 2.450000e+001  9.818048e-001  0.000000e+000
 2.475000e+001  9.909548e-001  0.000000e+000
 2.500000e+001  9.890135e-001  0.000000e+000
 2.525000e+001  9.933903e-001  0.000000e+000
 2.550000e+001  9.898851e-001  0.000000e+000
 2.575000e+001  9.884633e-001  0.000000e+000
 2.600000e+001  9.930415e-001  0.000000e+000
 2.625000e+001  9.852148e-001  0.000000e+000
 2.650000e+001  9.932567e-001  0.000000e+000
 2.675000e+001  9.922526e-001  0.000000e+000
 2.700000e+001  9.848825e-001  0.000000e+000
 2.725000e+001  9.859915e-001  0.000000e+000
 2.750000e+001  9.907735e-001  0.000000e+000
 2.775000e+001  9.888715e-001  0.000000e+000
 2.800000e+001  9.865456e-001  0.000000e+000
 2.825000e+001  9.858217e-001  0.000000e+000
 2.850000e+001  9.874820e-001  0.000000e+000
 2.875000e+001  9.884748e-001  0.000000e+000
 2.900000e+001  9.887288e-001  0.000000e+000
 2.925000e+001  9.864616e-001  0.000000e+000
 2.950000e+001  9.878764e-001  0.000000e+000
 2.975000e+001  9.839875e-001  0.000000e+000
 3.000000e+001  9.872540e-001  0.000000e+000
 3.025000e+001  9.924383e-001  0.000000e+000
 3.050000e+001  9.884876e-001  0.000000e+000
 3.075000e+001  9.932202e-001  0.000000e+000
 3.100000e+001  9.875727e-001  0.000000e+000
 3.125000e+001  9.887208e-001  0.000000e+000
 3.150000e+001  9.920744e-001  0.000000e+000
 3.175000e+001  9.856431e-001  0.000000e+000
 3.200000e+001  9.813516e-001  0.000000e+000
 3.225000e+001  9.803017e-001  0.000000e+000
 3.250000e+001  9.821559e-001  0.000000e+000
 3.275000e+001  9.716318e-001  0.000000e+000
 3.300000e+001  9.763767e-001  0.000000e+000
 3.325000e+001  9.768862e-001  0.000000e+000
 3.350000e+001  9.843293e-001  0.000000e+000
 3.375000e+001  9.820669e-001  0.000000e+000
 3.400000e+001  9.794199e-001  0.000000e+000
 3.425000e+001  9.850957e-001  0.000000e+000
 3.450000e+001  9.837126e-001  0.000000e+000
 3.475000e+001  9.866147e-001  0.000000e+000
 3.500000e+001  9.784855e-001  0.000000e+000
 3.525000e+001  9.845122e-001  0.000000e+000
 3.550000e+001  9.818640e-001  0.000000e+000
 3.575000e+001  9.886330e-001  0.000000e+000
 3.600000e+001  9.859195e-001  0.000000e+000
 3.625000e+001  9.814496e-001  0.000000e+000
 3.650000e+001  9.747868e-001  0.000000e+000
 3.675000e+001  9.858208e-001  0.000000e+000
 3.700000e+001  9.713133e-001  0.000000e+000
 3.725000e+001  9.858600e-001  0.000000e+000
 3.750000e+001  9.917958e-001  0.000000e+000
 3.775000e+001  9.871705e-001  0.000000e+000
 3.800000e+001  9.774100e-001  0.000000e+000
 3.825000e+001  9.870951e-001  0.000000e+000
 3.850000e+001  9.565940e-001  0.000000e+000
 3.875000e+001  9.720817e-001  0.000000e+000
 3.900000e+001  9.808465e-001  0.000000e+000
 3.925000e+001  9.779011e-001  0.000000e+000
 3.950000e+001  9.837320e-001  0.000000e+000
 3.975000e+001  9.829889e-001  0.000000e+000
 4.000000e+001  9.782652e-001  0.000000e+000
 4.025000e+001  9.816521e-001  0.000000e+000
 4.050000e+001  9.728045e-001  0.000000e+000
 4.075000e+001  9.797131e-001  0.000000e+000
 4.100000e+001  9.632132e-001  0.000000e+000
 4.125000e+001  9.704670e-001  0.000000e+000
 4.150000e+001  9.723767e-001  0.000000e+000
 4.175000e+001  9.696996e-001  0.000000e+000
 4.200000e+001  9.792689e-001  0.000000e+000
 4.225000e+001  9.812118e-001  0.000000e+000
 4.250000e+001  9.772413e-001  0.000000e+000
 4.275000e+001  9.798662e-001  0.000000e+000
 4.300000e+001  9.724929e-001  0.000000e+000
 4.325000e+001  9.806873e-001  0.000000e+000
 4.350000e+001  9.842579e-001  0.000000e+000
 4.375000e+001  9.576080e-001  0.000000e+000
 4.400000e+001  9.669212e-001  0.000000e+000
 4.425000e+001  9.587573e-001  0.000000e+000
 4.450000e+001  9.819356e-001  0.000000e+000
 4.475000e+001  9.664730e-001  0.000000e+000
 4.500000e+001  9.647388e-001  0.000000e+000
 4.525000e+001  9.770725e-001  0.000000e+000
 4.550000e+001  9.835460e-001  0.000000e+000
 4.575000e+001  9.767072e-001  0.000000e+000
 4.600000e+001  9.767715e-001  0.000000e+000
 4.625000e+001  9.775045e-001  0.000000e+000
 4.650000e+001  9.652083e-001  0.000000e+000
 4.675000e+001  9.735429e-001  0.000000e+000
 4.700000e+001  9.536166e-001  0.000000e+000
 4.725000e+001  9.608847e-001  0.000000e+000
 4.750000e+001  9.728737e-001  0.000000e+000
 4.775000e+001  9.618315e-001  0.000000e+000
 4.800000e+001  9.613113e-001  0.000000e+000
 4.825000e+001  9.754603e-001  0.000000e+000
 4.850000e+001  9.729089e-001  0.000000e+000
 4.875000e+001  9.557394e-001  0.000000e+000
 4.900000e+001  9.512054e-001  0.000000e+000
 4.925000e+001  9.811515e-001  0.000000e+000
 4.950000e+001  9.722196e-001  0.000000e+000
 4.975000e+001  9.520409e-001  0.000000e+000
 5.000000e+001  9.529643e-001  0.000000e+000
 5.025000e+001  9.701878e-001  0.000000e+000
 5.050000e+001  9.721648e-001  0.000000e+000
 5.075000e+001  9.608099e-001  0.000000e+000
 5.100000e+001  9.541740e-001  0.000000e+000
 5.125000e+001  9.750749e-001  0.000000e+000
 5.150000e+001  9.729010e-001  0.000000e+000
 5.175000e+001  9.738187e-001  0.000000e+000
 5.200000e+001  9.652550e-001  0.000000e+000
 5.225000e+001  9.663749e-001  0.000000e+000
 5.250000e+001  9.765221e-001  0.000000e+000
 5.275000e+001  9.628387e-001  0.000000e+000
 5.300000e+001  9.770730e-001  0.000000e+000
 5.325000e+001  9.721110e-001  0.000000e+000
 5.350000e+001  9.416752e-001  0.000000e+000
 5.375000e+001  9.543932e-001  0.000000e+000
 5.400000e+001  9.599178e-001  0.000000e+000
 5.425000e+001  9.552040e-001  0.000000e+000
 5.450000e+001  9.562387e-001  0.000000e+000
 5.475000e+001  9.762559e-001  0.000000e+000
 5.500000e+001  9.813451e-001  0.000000e+000
 5.525000e+001  9.506710e-001  0.000000e+000
 5.550000e+001  9.770673e-001  0.000000e+000
 5.575000e+001  9.663360e-001  0.000000e+000
 5.600000e+001  9.501330e-001  0.000000e+000
 5.625000e+001  9.210884e-001  0.000000e+000
 5.650000e+001  9.872435e-001  0.000000e+000
 5.675000e+001  9.490049e-001  0.000000e+000
 5.700000e+001  9.641899e-001  0.000000e+000
 5.725000e+001  9.757178e-001  0.000000e+000
 5.750000e+001  9.514034e-001  0.000000e+000
 5.775000e+001  9.483575e-001  0.000000e+000
 5.800000e+001  9.395034e-001  0.000000e+000
 5.825000e+001  9.531088e-001  0.000000e+000
 5.850000e+001  9.755783e-001  0.000000e+000
 5.875000e+001  9.535837e-001  0.000000e+000
 5.900000e+001  9.600150e-001  0.000000e+000
 5.925000e+001  9.700431e-001  0.000000e+000
 5.950000e+001  9.338544e-001  0.000000e+000
 5.975000e+001  9.352793e-001  0.000000e+000
 6.000000e+001  9.658787e-001  0.000000e+000
 6.025000e+001  9.532281e-001  0.000000e+000
 6.050000e+001  9.593810e-001  0.000000e+000
 6.075000e+001  9.814257e-001  0.000000e+000
 6.100000e+001  9.542989e-001  0.000000e+000
 6.125000e+001  9.707729e-001  0.000000e+000
 6.150000e+001  9.380394e-001  0.000000e+000
 6.175000e+001  9.690013e-001  0.000000e+000
 6.200000e+001  9.643046e-001  0.000000e+000
 6.225000e+001  9.470449e-001  0.000000e+000
 6.250000e+001  9.611218e-001  0.000000e+000
 6.275000e+001  9.567119e-001  0.000000e+000
 6.300000e+001  9.659806e-001  0.000000e+000
 6.325000e+001  9.595635e-001  0.000000e+000
 6.350000e+001  9.695212e-001  0.000000e+000
 6.375000e+001  9.564139e-001  0.000000e+000
 6.400000e+001  9.718302e-001  0.000000e+000
 6.425000e+001  9.596623e-001  0.000000e+000
 6.450000e+001  9.534448e-001  0.000000e+000
 6.475000e+001  9.853681e-001  0.000000e+000
 6.500000e+001  9.648951e-001  0.000000e+000
 6.525000e+001  9.607652e-001  0.000000e+000
 6.550000e+001  9.851651e-001  0.000000e+000
 6.575000e+001  9.717100e-001  0.000000e+000
 6.600000e+001  9.467135e-001  0.000000e+000
 6.625000e+001  9.461062e-001  0.000000e+000
 6.650000e+001  9.727389e-001  0.000000e+000
 6.675000e+001  9.567514e-001  0.000000e+000
 6.700000e+001  9.714384e-001  0.000000e+000
 6.725000e+001  9.689982e-001  0.000000e+000
 6.750000e+001  9.677283e-001  0.000000e+000
 6.775000e+001  9.768144e-001  0.000000e+000
 6.800000e+001  9.423024e-001  0.000000e+000
 6.825000e+001  9.753088e-001  0.000000e+000
 6.850000e+001  9.833562e-001  0.000000e+000
 6.875000e+001  9.786330e-001  0.000000e+000
 6.900000e+001  9.776290e-001  0.000000e+000
 6.925000e+001  9.801205e-001  0.000000e+000
 6.950000e+001  9.835288e-001  0.000000e+000
 6.975000e+001  9.760490e-001  0.000000e+000
 7.000000e+001  9.740637e-001  0.000000e+000
 7.025000e+001  9.679759e-001  0.000000e+000
 7.050000e+001  9.830274e-001  0.000000e+000
 7.075000e+001  9.807814e-001  0.000000e+000
 7.100000e+001  9.779176e-001  0.000000e+000
 7.125000e+001  9.828272e-001  0.000000e+000
 7.150000e+001  9.772988e-001  0.000000e+000
 7.175000e+001  9.729070e-001  0.000000e+000
 7.200000e+001  9.773741e-001  0.000000e+000
 7.225000e+001  9.674414e-001  0.000000e+000
 7.250000e+001  9.905213e-001  0.000000e+000
 7.275000e+001  9.891133e-001  0.000000e+000
 7.300000e+001  9.875860e-001  0.000000e+000
 7.325000e+001  9.892486e-001  0.000000e+000
 7.350000e+001  9.879745e-001  0.000000e+000
 7.375000e+001  9.835542e-001  0.000000e+000
 7.400000e+001  9.769890e-001  0.000000e+000
 7.425000e+001  9.808052e-001  0.000000e+000
 7.450000e+001  9.888920e-001  0.000000e+000
 7.475000e+001  9.828410e-001  0.000000e+000
 7.500000e+001  9.906024e-001  0.000000e+000
 7.525000e+001  9.882506e-001  0.000000e+000
 7.550000e+001  9.907417e-001  0.000000e+000
 7.575000e+001  9.882511e-001  0.000000e+000
 7.600000e+001  9.950926e-001  0.000000e+000
 7.625000e+001  9.862659e-001  0.000000e+000
 7.650000e+001  9.925742e-001  0.000000e+000
 7.675000e+001  9.861404e-001  0.000000e+000
 7.700000e+001  9.893690e-001  0.000000e+000
 7.725000e+001  9.865509e-001  0.000000e+000
 7.750000e+001  9.916162e-001  0.000000e+000
 7.775000e+001  9.882189e-001  0.000000e+000
 7.800000e+001  9.868163e-001  0.000000e+000
 7.825000e+001  9.895498e-001  0.000000e+000
 7.850000e+001  9.914063e-001  0.000000e+000
 7.875000e+001  9.911761e-001  0.000000e+000
 7.900000e+001  9.888173e-001  0.000000e+000
 7.925000e+001  9.867659e-001  0.000000e+000
 7.950000e+001  9.878596e-001  0.000000e+000
 7.975000e+001  9.864371e-001  0.000000e+000
 8.000000e+001  9.911479e-001  0.000000e+000
 8.025000e+001  9.932334e-001  0.000000e+000
 8.050000e+001  9.889340e-001  0.000000e+000
 8.075000e+001  9.954689e-001  0.000000e+000
 8.100000e+001  9.945642e-001  0.000000e+000
 8.125000e+001  9.936735e-001  0.000000e+000
 8.150000e+001  9.944077e-001  0.000000e+000
 8.175000e+001  9.862702e-001  0.000000e+000
 8.200000e+001  9.862522e-001  0.000000e+000
 8.225000e+001  9.860160e-001  0.000000e+000
 8.250000e+001  9.884536e-001  0.000000e+000
 8.275000e+001  9.826515e-001  0.000000e+000
 8.300000e+001  9.858470e-001  0.000000e+000
 8.325000e+001  9.800513e-001  0.000000e+000
 8.350000e+001  9.835705e-001  0.000000e+000
 8.375000e+001  9.795229e-001  0.000000e+000
 8.400000e+001  9.906111e-001  0.000000e+000
 8.425000e+001  9.697493e-001  0.000000e+000
 8.450000e+001  9.942333e-001  0.000000e+000
 8.475000e+001  9.801413e-001  0.000000e+000
 8.500000e+001  9.545942e-001  0.000000e+000
 8.525000e+001  9.742169e-001  0.000000e+000
 8.550000e+001  9.750990e-001  0.000000e+000
 8.575000e+001  9.793186e-001  0.000000e+000
 8.600000e+001  9.763625e-001  0.000000e+000
 8.625000e+001  9.615626e-001  0.000000e+000
 8.650000e+001  9.664444e-001  0.000000e+000
 8.675000e+001  9.625234e-001  0.000000e+000
 8.700000e+001  9.501719e-001  0.000000e+000
 8.725000e+001  9.629384e-001  0.000000e+000
 8.750000e+001  9.782758e-001  0.000000e+000
 8.775000e+001  9.682096e-001  0.000000e+000
 8.800000e+001  9.294407e-001  0.000000e+000
 8.825000e+001  9.424329e-001  0.000000e+000
 8.850000e+001  9.422216e-001  0.000000e+000
 8.875000e+001  9.471182e-001  0.000000e+000
 8.900000e+001  9.632835e-001  0.000000e+000
 8.925000e+001  9.118126e-001  0.000000e+000
 8.950000e+001  9.322493e-001  0.000000e+000
 8.975000e+001  9.561196e-001  0.000000e+000
 9.000000e+001  9.178829e-001  0.000000e+000
 9.025000e+001  9.462526e-001  0.000000e+000
 9.050000e+001  9.269090e-001  0.000000e+000
 9.075000e+001  9.117585e-001  0.000000e+000
 9.100000e+001  9.156578e-001  0.000000e+000
 9.125000e+001  8.902099e-001  0.000000e+000
 9.150000e+001  9.047880e-001  0.000000e+000
 9.175000e+001  8.923131e-001  0.000000e+000
 9.200000e+001  9.022004e-001  0.000000e+000
 9.225000e+001  9.613639e-001  0.000000e+000
 9.250000e+001  9.291384e-001  0.000000e+000
 9.275000e+001  9.065468e-001  0.000000e+000
 9.300000e+001  9.069797e-001  0.000000e+000
 9.325000e+001  8.563960e-001  0.000000e+000
 9.350000e+001  9.008567e-001  0.000000e+000
 9.375000e+001  8.973660e-001  0.000000e+000
 9.400000e+001  8.595775e-001  0.000000e+000
 9.425000e+001  9.154853e-001  0.000000e+000
 9.450000e+001  8.430449e-001  0.000000e+000
 9.475000e+001  8.409741e-001  0.000000e+000
 9.500000e+001  8.542436e-001  0.000000e+000
 9.525000e+001  8.869203e-001  0.000000e+000
 9.550000e+001  9.134163e-001  0.000000e+000
 9.575000e+001  8.698121e-001  0.000000e+000
 9.600000e+001  9.424246e-001  0.000000e+000
 9.625000e+001  9.203981e-001  0.000000e+000
 9.650000e+001  8.499078e-001  0.000000e+000
 9.675000e+001  8.079749e-001  0.000000e+000
 9.700000e+001  8.216795e-001  0.000000e+000
 9.725000e+001  8.362520e-001  0.000000e+000
 9.750000e+001  7.992869e-001  0.000000e+000
 9.775000e+001  8.307838e-001  0.000000e+000
 9.800000e+001  9.048568e-001  0.000000e+000
 9.825000e+001  8.211645e-001  0.000000e+000
 9.850000e+001  8.233890e-001  0.000000e+000
 9.875000e+001  9.083231e-001  0.000000e+000
 9.900000e+001  7.795947e-001  0.000000e+000
 9.925000e+001  6.748223e-001  0.000000e+000
 9.950000e+001  8.062523e-001  0.000000e+000
 9.975000e+001  8.280069e-001  0.000000e+000
 1.000000e+002  7.964234e-001  0.000000e+000
 1.002500e+002  8.005998e-001  0.000000e+000
 1.005000e+002  8.483469e-001  0.000000e+000
 1.007500e+002  8.266277e-001  0.000000e+000
 1.010000e+002  7.384754e-001  0.000000e+000
 1.012500e+002  8.371007e-001  0.000000e+000
 1.015000e+002  7.772915e-001  0.000000e+000
 1.017500e+002  7.524008e-001  0.000000e+000
 1.020000e+002  7.731977e-001  0.000000e+000
 1.022500e+002  7.904856e-001  0.000000e+000
 1.025000e+002  8.348596e-001  0.000000e+000
 1.027500e+002  8.121507e-001  0.000000e+000
 1.030000e+002  7.715760e-001  0.000000e+000
 1.032500e+002  7.261716e-001  0.000000e+000
 1.035000e+002  6.969199e-001  0.000000e+000
 1.037500e+002  8.130721e-001  0.000000e+000
 1.040000e+002  7.929069e-001  0.000000e+000
 1.042500e+002  8.177491e-001  0.000000e+000
 1.045000e+002  8.287057e-001  0.000000e+000
 1.047500e+002  7.042587e-001  0.000000e+000
 1.050000e+002  8.037649e-001  0.000000e+000
 1.052500e+002  8.370463e-001  0.000000e+000
 1.055000e+002  5.801374e-001  0.000000e+000
 1.057500e+002  6.927280e-001  0.000000e+000
 1.060000e+002  6.515724e-001  0.000000e+000
 1.062500e+002  4.261374e-001  0.000000e+000
 1.065000e+002  8.005757e-001  0.000000e+000
 1.067500e+002  6.467626e-001  0.000000e+000
 1.070000e+002  7.002507e-001  0.000000e+000
 1.072500e+002  6.333381e-001  0.000000e+000
 1.075000e+002  6.559637e-001  0.000000e+000
 1.077500e+002  6.533713e-001  0.000000e+000
 1.080000e+002  7.410207e-001  0.000000e+000
 1.082500e+002  6.833934e-001  0.000000e+000
 1.085000e+002  6.345553e-001  0.000000e+000
 1.087500e+002  7.060834e-001  0.000000e+000
 1.090000e+002  5.384738e-001  0.000000e+000
 1.092500e+002  7.629450e-001  0.000000e+000
 1.095000e+002  6.387101e-001  0.000000e+000
 1.097500e+002  7.866478e-001  0.000000e+000
 1.100000e+002  7.093176e-001  0.000000e+000
 1.102500e+002  6.050540e-001  0.000000e+000
 1.105000e+002  7.153844e-001  0.000000e+000
 1.107500e+002  6.838219e-001  0.000000e+000
 1.110000e+002  5.882235e-001  0.000000e+000
 1.112500e+002  7.203705e-001  0.000000e+000
 1.115000e+002  6.693277e-001  0.000000e+000
 1.117500e+002  8.090947e-001  0.000000e+000
 1.120000e+002  5.566059e-001  0.000000e+000
 1.122500e+002  6.156813e-001  0.000000e+000
 1.125000e+002  7.339469e-001  0.000000e+000
 1.127500e+002  3.786696e-001  0.000000e+000
 1.130000e+002  7.372113e-001  0.000000e+000
 1.132500e+002  6.475962e-001  0.000000e+000
 1.135000e+002  6.653103e-001  0.000000e+000
 1.137500e+002  7.276935e-001  0.000000e+000
 1.140000e+002  5.072779e-001  0.000000e+000
 1.142500e+002  7.759026e-001  0.000000e+000
 1.145000e+002  5.771794e-001  0.000000e+000
 1.147500e+002  8.072045e-001  0.000000e+000
 1.150000e+002  7.106118e-001  0.000000e+000
 1.152500e+002  6.208369e-001  0.000000e+000
 1.155000e+002  7.688798e-001  0.000000e+000
 1.157500e+002  6.587065e-001  0.000000e+000
 1.160000e+002  7.049172e-001  0.000000e+000
 1.162500e+002  4.850594e-001  0.000000e+000
 1.165000e+002  6.399692e-001  0.000000e+000
 1.167500e+002  7.682695e-001  0.000000e+000
 1.170000e+002  5.471611e-001  0.000000e+000
 1.172500e+002  6.495225e-001  0.000000e+000
 1.175000e+002  6.501890e-001  0.000000e+000
 1.177500e+002  6.668891e-001  0.000000e+000
 1.180000e+002  4.833802e-001  0.000000e+000
 1.182500e+002  6.715794e-001  0.000000e+000
 1.185000e+002  4.684715e-001  0.000000e+000
 1.187500e+002  6.989077e-001  0.000000e+000
 1.190000e+002  5.375248e-001  0.000000e+000
 1.192500e+002  8.120294e-001  0.000000e+000
 1.195000e+002  5.762964e-001  0.000000e+000
 1.197500e+002  6.833916e-001  0.000000e+000
 1.200000e+002  5.928954e-001  0.000000e+000
 1.202500e+002  5.908178e-001  0.000000e+000
 1.205000e+002  3.488062e-001  0.000000e+000
 1.207500e+002  2.822734e-001  0.000000e+000
 1.210000e+002  3.806563e-001  0.000000e+000
 1.212500e+002  7.173834e-001  0.000000e+000
 1.215000e+002  1.132102e-001  0.000000e+000
 1.217500e+002  4.712359e-001  0.000000e+000
 1.220000e+002  2.609623e-001  0.000000e+000
 1.222500e+002  1.541096e-001  0.000000e+000
 1.225000e+002  1.113624e-001  0.000000e+000
 1.227500e+002  1.187587e-001  0.000000e+000
 1.230000e+002  8.580244e-002  0.000000e+000
 1.232500e+002  2.073719e-001  0.000000e+000
 1.235000e+002  2.244723e-001  0.000000e+000
 1.237500e+002  1.416391e-001  0.000000e+000
 1.240000e+002  2.920069e-001  0.000000e+000
 1.242500e+002  2.308076e-001  0.000000e+000
 1.245000e+002  6.176865e-002  0.000000e+000
 1.247500e+002  3.274415e-001  0.000000e+000
 1.250000e+002  9.733932e-002  0.000000e+000
 1.252500e+002  1.573360e-001  0.000000e+000
 1.255000e+002  3.602503e-001  0.000000e+000
 1.257500e+002  3.471656e-001  0.000000e+000
 1.260000e+002  4.814028e-002  0.000000e+000
 1.262500e+002  1.435266e-001  0.000000e+000
 1.265000e+002  2.063438e-001  0.000000e+000
 1.267500e+002  1.045911e-001  0.000000e+000
 1.270000e+002  3.083711e-001  0.000000e+000
 1.272500e+002  4.504188e-001  0.000000e+000
 1.275000e+002  1.865445e-001  0.000000e+000
 1.277500e+002  4.963171e-002  0.000000e+000
 1.280000e+002  4.652150e-001  0.000000e+000
 1.282500e+002  3.522151e-001  0.000000e+000
 1.285000e+002  5.552559e-001  0.000000e+000
 1.287500e+002  2.276551e-001  0.000000e+000
 1.290000e+002  6.721170e-002  0.000000e+000
 1.292500e+002  3.874599e-001  0.000000e+000
 1.295000e+002  1.090051e-001  0.000000e+000
 1.297500e+002  2.214503e-001  0.000000e+000
 1.300000e+002  3.697138e-001  0.000000e+000
 1.302500e+002  1.207997e-001  0.000000e+000
 1.305000e+002  1.486452e-001  0.000000e+000
 1.307500e+002  4.952379e-001  0.000000e+000
 1.310000e+002  2.406771e-001  0.000000e+000
 1.312500e+002  4.765387e-001  0.000000e+000
 1.315000e+002  2.142185e-001  0.000000e+000
 1.317500e+002  1.090928e-001  0.000000e+000
 1.320000e+002  4.756627e-001  0.000000e+000
 1.322500e+002  9.460425e-002  0.000000e+000
 1.325000e+002  1.131384e-001  0.000000e+000
 1.327500e+002  6.666075e-001  0.000000e+000
 1.330000e+002  1.226558e-001  0.000000e+000
 1.332500e+002  2.418683e-001  0.000000e+000
 1.335000e+002  4.849304e-001  0.000000e+000
 1.337500e+002  1.828103e-001  0.000000e+000
 1.340000e+002  2.633723e-001  0.000000e+000
 1.342500e+002  4.643787e-001  0.000000e+000
 1.345000e+002  1.525765e-001  0.000000e+000
 1.347500e+002  7.744569e-002  0.000000e+000
 1.350000e+002  5.578470e-001  0.000000e+000
 1.352500e+002  4.125310e-001  0.000000e+000
 1.355000e+002  1.998969e-001  0.000000e+000
 1.357500e+002  1.568916e-001  0.000000e+000
 1.360000e+002  6.089458e-002  0.000000e+000
 1.362500e+002  2.248428e-001  0.000000e+000
 1.365000e+002  4.006939e-001  0.000000e+000
 1.367500e+002  1.026525e-001  0.000000e+000
 1.370000e+002  1.345491e-001  0.000000e+000
 1.372500e+002  1.855964e-001  0.000000e+000
 1.375000e+002  2.527389e-001  0.000000e+000
 1.377500e+002  7.882856e-002  0.000000e+000
 1.380000e+002  1.245476e-002  0.000000e+000
 1.382500e+002  2.376835e-001  0.000000e+000
 1.385000e+002  8.691154e-002  0.000000e+000
 1.387500e+002  1.140519e-001  0.000000e+000
 1.390000e+002  1.300961e-001  0.000000e+000
 1.392500e+002  5.201669e-002  0.000000e+000
 1.395000e+002  1.941636e-001  0.000000e+000
 1.397500e+002  6.159950e-002  0.000000e+000
 1.400000e+002  6.321964e-002  0.000000e+000
 1.402500e+002  8.767638e-002  0.000000e+000
 1.405000e+002  2.072357e-002  0.000000e+000
 1.407500e+002  1.400656e-001  0.000000e+000
 1.410000e+002  2.647403e-002  0.000000e+000
 1.412500e+002  4.499347e-001  0.000000e+000
 1.415000e+002  4.294202e-002  0.000000e+000
 1.417500e+002  2.838708e-001  0.000000e+000
 1.420000e+002  5.142858e-002  0.000000e+000
 1.422500e+002  4.042085e-001  0.000000e+000
 1.425000e+002  2.004810e-001  0.000000e+000
 1.427500e+002  3.979319e-002  0.000000e+000
 1.430000e+002  9.790462e-002  0.000000e+000
 1.432500e+002  3.427679e-002  0.000000e+000
 1.435000e+002  1.814341e-001  0.000000e+000
 1.437500e+002  1.600040e-001  0.000000e+000
 1.440000e+002  1.076910e-001  0.000000e+000
 1.442500e+002  2.954779e-001  0.000000e+000
 1.445000e+002  8.712469e-002  0.000000e+000
 1.447500e+002  5.956708e-002  0.000000e+000
 1.450000e+002  5.226492e-002  0.000000e+000
 1.452500e+002  1.785227e-001  0.000000e+000
 1.455000e+002  1.561676e-001  0.000000e+000
 1.457500e+002  2.621893e-001  0.000000e+000
 1.460000e+002  3.854643e-002  0.000000e+000
 1.462500e+002  1.360547e-001  0.000000e+000
 1.465000e+002  2.039500e-001  0.000000e+000
 1.467500e+002  1.171572e-001  0.000000e+000
 1.470000e+002  3.903158e-002  0.000000e+000
 1.472500e+002  1.049800e-001  0.000000e+000
 1.475000e+002  7.715986e-002  0.000000e+000
 1.477500e+002  8.266063e-002  0.000000e+000
 1.480000e+002  3.030622e-001  0.000000e+000
 1.482500e+002  1.433577e-001  0.000000e+000
 1.485000e+002  2.141140e-002  0.000000e+000
 1.487500e+002  3.811876e-001  0.000000e+000
 1.490000e+002  3.609598e-001  0.000000e+000
 1.492500e+002  4.243920e-001  0.000000e+000
 1.495000e+002  1.871085e-001  0.000000e+000
 1.497500e+002  4.314590e-002  0.000000e+000
 1.500000e+002  1.151792e-001  0.000000e+000
 1.502500e+002  4.906430e-002  0.000000e+000
 1.505000e+002  5.083523e-002  0.000000e+000
 1.507500e+002  3.562053e-002  0.000000e+000
 1.510000e+002  8.617827e-002  0.000000e+000
 1.512500e+002  1.834306e-001  0.000000e+000
 1.515000e+002  3.614565e-001  0.000000e+000
 1.517500e+002  1.834709e-001  0.000000e+000
 1.520000e+002  1.779497e-001  0.000000e+000
 1.522500e+002  1.001944e-002  0.000000e+000
 1.525000e+002  2.747970e-001  0.000000e+000
 1.527500e+002  2.477381e-001  0.000000e+000
 1.530000e+002  2.004914e-001  0.000000e+000
 1.532500e+002  5.788941e-002  0.000000e+000
 1.535000e+002  8.481097e-002  0.000000e+000
 1.537500e+002  1.148691e-003  0.000000e+000
 1.540000e+002  9.619232e-002  0.000000e+000
 1.542500e+002  5.745894e-002  0.000000e+000
 1.545000e+002  1.646851e-001  0.000000e+000
 1.547500e+002  1.281507e-001  0.000000e+000
 1.550000e+002  3.523646e-002  0.000000e+000
 1.552500e+002  2.315338e-001  0.000000e+000
 1.555000e+002  6.995112e-003  0.000000e+000
 1.557500e+002  2.199000e-001  0.000000e+000
 1.560000e+002  3.531681e-001  0.000000e+000
 1.562500e+002  5.032878e-003  0.000000e+000
 1.565000e+002  5.795466e-002  0.000000e+000
 1.567500e+002  1.276890e-001  0.000000e+000
 1.570000e+002  3.178397e-002  0.000000e+000
 1.572500e+002  5.499001e-002  0.000000e+000
 1.575000e+002  5.297703e-003  0.000000e+000
 1.577500e+002  4.636183e-002  0.000000e+000
 1.580000e+002  4.160754e-001  0.000000e+000
 1.582500e+002  9.558193e-002  0.000000e+000
 1.585000e+002  1.610933e-002  0.000000e+000
 1.587500e+002  1.454189e-001  0.000000e+000
 1.590000e+002  2.093175e-002  0.000000e+000
 1.592500e+002  1.747345e-001  0.000000e+000
 1.595000e+002  1.181250e-001  0.000000e+000
 1.597500e+002  8.325049e-002  0.000000e+000
 1.600000e+002  5.205027e-002  0.000000e+000
 1.602500e+002  1.364894e-002  0.000000e+000
 1.605000e+002  1.474203e-002  0.000000e+000
 1.607500e+002  9.633277e-002  0.000000e+000
 1.610000e+002  9.935281e-002  0.000000e+000
 1.612500e+002  1.419217e-001  0.000000e+000
 1.615000e+002  1.687052e-001  0.000000e+000
 1.617500e+002  1.210105e-002  0.000000e+000
 1.620000e+002  3.055906e-002  0.000000e+000
 1.622500e+002  3.594888e-002  0.000000e+000
 1.625000e+002  1.135245e-002  0.000000e+000
 1.627500e+002  3.447621e-001  0.000000e+000
 1.630000e+002  7.344660e-003  0.000000e+000
 1.632500e+002  2.241690e-002  0.000000e+000
 1.635000e+002  1.714603e-001  0.000000e+000
 1.637500e+002  7.284139e-002  0.000000e+000
 1.640000e+002  9.324518e-002  0.000000e+000
 1.642500e+002  1.410564e-001  0.000000e+000
 1.645000e+002  3.188184e-002  0.000000e+000
 1.647500e+002  1.103817e-001  0.000000e+000
 1.650000e+002  1.252053e-001  0.000000e+000
 1.652500e+002  3.811168e-003  0.000000e+000
 1.655000e+002  1.241422e-001  0.000000e+000
 1.657500e+002  2.643532e-001  0.000000e+000
 1.660000e+002  7.277369e-002  0.000000e+000
 1.662500e+002  3.304527e-001  0.000000e+000
 1.665000e+002  9.150516e-003  0.000000e+000
 1.667500e+002  2.603302e-001  0.000000e+000
 1.670000e+002  1.343334e-002  0.000000e+000
 1.672500e+002  2.960654e-002  0.000000e+000
 1.675000e+002  8.547148e-002  0.000000e+000
 1.677500e+002  2.080073e-001  0.000000e+000
 1.680000e+002  2.972902e-002  0.000000e+000
 1.682500e+002  6.764097e-003  0.000000e+000
 1.685000e+002  1.344705e-002  0.000000e+000
 1.687500e+002  1.776008e-001  0.000000e+000
 1.690000e+002  5.081917e-002  0.000000e+000
 1.692500e+002  2.370347e-003  0.000000e+000
 1.695000e+002  9.876723e-002  0.000000e+000
 1.697500e+002  2.394230e-002  0.000000e+000
 1.700000e+002  1.950651e-001  0.000000e+000
 1.702500e+002  1.046822e-001  0.000000e+000
 1.705000e+002  1.423623e-001  0.000000e+000
 1.707500e+002  1.352069e-001  0.000000e+000
 1.710000e+002  4.118729e-002  0.000000e+000
 1.712500e+002  1.130735e-001  0.000000e+000
 1.715000e+002  7.313697e-002  0.000000e+000
 1.717500e+002  1.641911e-001  0.000000e+000
 1.720000e+002  2.463272e-002  0.000000e+000
 1.722500e+002  2.299413e-001  0.000000e+000
 1.725000e+002  1.037411e-001  0.000000e+000
 1.727500e+002  2.964354e-001  0.000000e+000
 1.730000e+002  2.437909e-001  0.000000e+000
 1.732500e+002  1.381562e-001  0.000000e+000
 1.735000e+002  9.588449e-002  0.000000e+000
 1.737500e+002  3.894005e-002  0.000000e+000
 1.740000e+002  1.811246e-002  0.000000e+000
 1.742500e+002  7.047654e-002  0.000000e+000
 1.745000e+002  1.275055e-001  0.000000e+000
 1.747500e+002  1.070566e-001  0.000000e+000
 1.750000e+002  3.003629e-002  0.000000e+000
 1.752500e+002  1.358523e-001  0.000000e+000
 1.755000e+002  8.288395e-002  0.000000e+000
 1.757500e+002  3.504043e-002  0.000000e+000
 1.760000e+002  2.128939e-002  0.000000e+000
 1.762500e+002  1.550473e-001  0.000000e+000
 1.765000e+002  1.193411e-001  0.000000e+000
 1.767500e+002  1.968547e-002  0.000000e+000
 1.770000e+002  6.721053e-002  0.000000e+000
 1.772500e+002  7.152525e-002  0.000000e+000
 1.775000e+002  3.624007e-002  0.000000e+000
 1.777500e+002  1.160430e-001  0.000000e+000
 1.780000e+002  2.250926e-001  0.000000e+000
 1.782500e+002  2.892363e-001  0.000000e+000
 1.785000e+002  2.070486e-001  0.000000e+000
 1.787500e+002  2.370044e-001  0.000000e+000
 1.790000e+002  1.086716e-001  0.000000e+000
 1.792500e+002  3.410454e-001  0.000000e+000
 1.795000e+002  1.056552e-002  0.000000e+000
 1.797500e+002  6.783883e-002  0.000000e+000
 1.800000e+002  1.356992e-001  0.000000e+000
 1.802500e+002  2.351483e-002  0.000000e+000
 1.805000e+002  1.318797e-001  0.000000e+000
 1.807500e+002  8.351589e-002  0.000000e+000
 1.810000e+002  4.120767e-002  0.000000e+000
 1.812500e+002  1.337113e-001  0.000000e+000
 1.815000e+002  2.596713e-001  0.000000e+000
 1.817500e+002  6.472817e-002  0.000000e+000
 1.820000e+002  1.620686e-002  0.000000e+000
 1.822500e+002  2.743107e-002  0.000000e+000
 1.825000e+002  1.066550e-001  0.000000e+000
 1.827500e+002  4.617253e-002  0.000000e+000
 1.830000e+002  3.874870e-003  0.000000e+000
 1.832500e+002  3.157142e-001  0.000000e+000
 1.835000e+002  6.388710e-002  0.000000e+000
 1.837500e+002  1.158907e-001  0.000000e+000
 1.840000e+002  2.186285e-001  0.000000e+000
 1.842500e+002  9.867305e-002  0.000000e+000
 1.845000e+002  3.401366e-001  0.000000e+000
 1.847500e+002  1.741666e-001  0.000000e+000
 1.850000e+002  6.681267e-002  0.000000e+000
 1.852500e+002  2.111779e-001  0.000000e+000
 1.855000e+002  2.830839e-001  0.000000e+000
 1.857500e+002  2.552870e-001  0.000000e+000
 1.860000e+002  6.933252e-002  0.000000e+000
 1.862500e+002  1.465030e-001  0.000000e+000
 1.865000e+002  2.792173e-002  0.000000e+000
 1.867500e+002  8.966155e-002  0.000000e+000
 1.870000e+002  3.307587e-001  0.000000e+000
 1.872500e+002  1.780554e-001  0.000000e+000
 1.875000e+002  4.769582e-001  0.000000e+000
 1.877500e+002  1.278150e-001  0.000000e+000
 1.880000e+002  5.314767e-002  0.000000e+000
 1.882500e+002  8.851261e-002  0.000000e+000
 1.885000e+002  1.204362e-001  0.000000e+000
 1.887500e+002  7.998087e-002  0.000000e+000
 1.890000e+002  2.775242e-001  0.000000e+000
 1.892500e+002  1.868402e-002  0.000000e+000
 1.895000e+002  1.123503e-001  0.000000e+000
 1.897500e+002  1.333421e-001  0.000000e+000
 1.900000e+002  1.398911e-001  0.000000e+000
 1.902500e+002  2.824499e-001  0.000000e+000
 1.905000e+002  5.832471e-001  0.000000e+000
 1.907500e+002  1.003762e-002  0.000000e+000
 1.910000e+002  5.584139e-002  0.000000e+000
 1.912500e+002  1.619253e-005  0.000000e+000
 1.915000e+002  1.961544e-001  0.000000e+000
 1.917500e+002  2.109295e-001  0.000000e+000
 1.920000e+002  1.348754e-001  0.000000e+000
 1.922500e+002  1.801264e-001  0.000000e+000
 1.925000e+002  2.153276e-001  0.000000e+000
 1.927500e+002  2.947765e-002  0.000000e+000
 1.930000e+002  2.541118e-001  0.000000e+000
 1.932500e+002  1.208170e-001  0.000000e+000
 1.935000e+002  2.129560e-002  0.000000e+000
 1.937500e+002  3.499819e-002  0.000000e+000
 1.940000e+002  1.966464e-001  0.000000e+000
 1.942500e+002  3.719597e-001  0.000000e+000
 1.945000e+002  1.325026e-001  0.000000e+000
 1.947500e+002  5.641422e-002  0.000000e+000
 1.950000e+002  6.981165e-002  0.000000e+000
 1.952500e+002  5.288282e-002  0.000000e+000
 1.955000e+002  7.873147e-002  0.000000e+000
 1.957500e+002  8.976237e-002  0.000000e+000
 1.960000e+002  1.720748e-001  0.000000e+000
 1.962500e+002  1.192721e-001  0.000000e+000
 1.965000e+002  2.712049e-001  0.000000e+000
 1.967500e+002  2.841825e-001  0.000000e+000
 1.970000e+002  1.805837e-001  0.000000e+000
 1.972500e+002  2.919181e-001  0.000000e+000
 1.975000e+002  1.524691e-001  0.000000e+000
 1.977500e+002  1.301775e-001  0.000000e+000
 1.980000e+002  3.648072e-001  0.000000e+000
 1.982500e+002  1.822984e-001  0.000000e+000
 1.985000e+002  3.950240e-002  0.000000e+000
 1.987500e+002  1.000877e-001  0.000000e+000
 1.990000e+002  1.357462e-001  0.000000e+000
 1.992500e+002  1.212741e-001  0.000000e+000
 1.995000e+002  2.580799e-001  0.000000e+000
 1.997500e+002  1.857143e-001  0.000000e+000
 2.000000e+002  7.920457e-002  0.000000e+000
 2.002500e+002  3.111298e-002  0.000000e+000
 2.005000e+002  1.760807e-001  0.000000e+000
 2.007500e+002  4.819736e-001  0.000000e+000
 2.010000e+002  1.429660e-001  0.000000e+000
 2.012500e+002  3.072956e-001  0.000000e+000
 2.015000e+002  1.682458e-001  0.000000e+000
 2.017500e+002  7.425457e-002  0.000000e+000
 2.020000e+002  3.064792e-001  0.000000e+000
 2.022500e+002  1.073420e-001  0.000000e+000
 2.025000e+002  1.816100e-002  0.000000e+000
 2.027500e+002  5.707898e-002  0.000000e+000
 2.030000e+002  2.391394e-001  0.000000e+000
 2.032500e+002  8.906368e-003  0.000000e+000
 2.035000e+002  2.101499e-001  0.000000e+000
 2.037500e+002  1.476830e-001  0.000000e+000
 2.040000e+002  1.998395e-001  0.000000e+000
 2.042500e+002  1.262001e-001  0.000000e+000
 2.045000e+002  1.519685e-001  0.000000e+000
 2.047500e+002  9.879604e-002  0.000000e+000
 2.050000e+002  1.907818e-001  0.000000e+000
 2.052500e+002  2.115220e-002  0.000000e+000
 2.055000e+002  7.584126e-002  0.000000e+000
 2.057500e+002  8.096498e-002  0.000000e+000
 2.060000e+002  1.873904e-002  0.000000e+000
 2.062500e+002  2.720736e-001  0.000000e+000
 2.065000e+002  1.101329e-002  0.000000e+000
 2.067500e+002  1.161032e-001  0.000000e+000
 2.070000e+002  1.379904e-001  0.000000e+000
 2.072500e+002  2.124331e-002  0.000000e+000
 2.075000e+002  2.822601e-001  0.000000e+000
 2.077500e+002  3.352211e-001  0.000000e+000
 2.080000e+002  1.764231e-001  0.000000e+000
 2.082500e+002  1.056518e-001  0.000000e+000
 2.085000e+002  1.943675e-002  0.000000e+000
 2.087500e+002  1.620481e-001  0.000000e+000
 2.090000e+002  9.421915e-003  0.000000e+000
 2.092500e+002  1.741153e-002  0.000000e+000
 2.095000e+002  1.545061e-001  0.000000e+000
 2.097500e+002  3.694482e-002  0.000000e+000
 2.100000e+002  1.496935e-001  0.000000e+000
 2.102500e+002  1.774833e-002  0.000000e+000
 2.105000e+002  8.104818e-002  0.000000e+000
 2.107500e+002  3.611918e-002  0.000000e+000
 2.110000e+002  8.596865e-004  0.000000e+000
 2.112500e+002  3.174894e-001  0.000000e+000
 2.115000e+002  1.807021e-001  0.000000e+000
 2.117500e+002  2.527117e-001  0.000000e+000
 2.120000e+002  2.950190e-001  0.000000e+000
 2.122500e+002  9.935686e-002  0.000000e+000
 2.125000e+002  2.699137e-001  0.000000e+000
 2.127500e+002  1.172761e-001  0.000000e+000
 2.130000e+002  1.153828e-001  0.000000e+000
 2.132500e+002  1.757557e-001  0.000000e+000
 2.135000e+002  8.327676e-002  0.000000e+000
 2.137500e+002  1.661682e-003  0.000000e+000
 2.140000e+002  1.103070e-001  0.000000e+000
 2.142500e+002  4.179170e-001  0.000000e+000
 2.145000e+002  4.489826e-001  0.000000e+000
 2.147500e+002  1.665758e-001  0.000000e+000
 2.150000e+002  4.332201e-002  0.000000e+000
 2.152500e+002  1.214277e-001  0.000000e+000
 2.155000e+002  1.653679e-001  0.000000e+000
 2.157500e+002  3.643833e-003  0.000000e+000
 2.160000e+002  2.756054e-002  0.000000e+000
 2.162500e+002  4.153792e-002  0.000000e+000
 2.165000e+002  1.825852e-002  0.000000e+000
 2.167500e+002  3.036729e-001  0.000000e+000
 2.170000e+002  2.395067e-001  0.000000e+000
 2.172500e+002  2.076488e-003  0.000000e+000
 2.175000e+002  3.037018e-001  0.000000e+000
 2.177500e+002  5.381877e-002  0.000000e+000
 2.180000e+002  3.097546e-001  0.000000e+000
 2.182500e+002  1.830071e-001  0.000000e+000
 2.185000e+002  1.044787e-001  0.000000e+000
 2.187500e+002  7.299725e-002  0.000000e+000
 2.190000e+002  1.850335e-001  0.000000e+000
 2.192500e+002  3.338433e-001  0.000000e+000
 2.195000e+002  2.334015e-001  0.000000e+000
 2.197500e+002  1.529798e-001  0.000000e+000
 2.200000e+002  2.648696e-001  0.000000e+000
 2.202500e+002  8.234185e-002  0.000000e+000
 2.205000e+002  1.735490e-001  0.000000e+000
 2.207500e+002  8.914352e-002  0.000000e+000
 2.210000e+002  1.024681e-002  0.000000e+000
 2.212500e+002  2.962957e-002  0.000000e+000
 2.215000e+002  7.523411e-002  0.000000e+000
 2.217500e+002  1.078066e-001  0.000000e+000
 2.220000e+002  2.698168e-001  0.000000e+000
 2.222500e+002  4.667419e-003  0.000000e+000
 2.225000e+002  1.505877e-001  0.000000e+000
 2.227500e+002  9.469138e-002  0.000000e+000
 2.230000e+002  1.714200e-001  0.000000e+000
 2.232500e+002  2.776098e-001  0.000000e+000
 2.235000e+002  3.863933e-001  0.000000e+000
 2.237500e+002  7.900499e-002  0.000000e+000
 2.240000e+002  3.711162e-001  0.000000e+000
 2.242500e+002  4.148905e-001  0.000000e+000
 2.245000e+002  3.145515e-002  0.000000e+000
 2.247500e+002  2.817303e-002  0.000000e+000
 2.250000e+002  1.928517e-001  0.000000e+000
 2.252500e+002  2.061482e-001  0.000000e+000
 2.255000e+002  1.759827e-001  0.000000e+000
 2.257500e+002  1.039226e-001  0.000000e+000
 2.260000e+002  5.280607e-002  0.000000e+000
 2.262500e+002  1.645457e-001  0.000000e+000
 2.265000e+002  2.446393e-002  0.000000e+000
 2.267500e+002  1.493754e-001  0.000000e+000
 2.270000e+002  2.206691e-001  0.000000e+000
 2.272500e+002  8.515466e-002  0.000000e+000
 2.275000e+002  4.829743e-003  0.000000e+000
 2.277500e+002  2.880552e-001  0.000000e+000
 2.280000e+002  2.315712e-001  0.000000e+000
 2.282500e+002  1.627493e-001  0.000000e+000
 2.285000e+002  1.782902e-001  0.000000e+000
 2.287500e+002  5.721021e-002  0.000000e+000
 2.290000e+002  3.233064e-002  0.000000e+000
 2.292500e+002  1.156520e-002  0.000000e+000
 2.295000e+002  2.130992e-002  0.000000e+000
 2.297500e+002  2.469634e-001  0.000000e+000
 2.300000e+002  2.029568e-001  0.000000e+000
 2.302500e+002  1.496735e-001  0.000000e+000
 2.305000e+002  4.893016e-001  0.000000e+000
 2.307500e+002  1.183100e-001  0.000000e+000
 2.310000e+002  1.512772e-001  0.000000e+000
 2.312500e+002  1.100730e-001  0.000000e+000
 2.315000e+002  1.493735e-001  0.000000e+000
 2.317500e+002  1.807031e-001  0.000000e+000
 2.320000e+002  1.801368e-001  0.000000e+000
 2.322500e+002  1.413315e-002  0.000000e+000
 2.325000e+002  6.785500e-002  0.000000e+000
 2.327500e+002  1.148340e-001  0.000000e+000
 2.330000e+002  2.970960e-001  0.000000e+000
 2.332500e+002  7.626852e-002  0.000000e+000
 2.335000e+002  5.604057e-003  0.000000e+000
 2.337500e+002  2.415956e-001  0.000000e+000
 2.340000e+002  1.751480e-001  0.000000e+000
 2.342500e+002  1.110000e-001  0.000000e+000
 2.345000e+002  1.095352e-002  0.000000e+000
 2.347500e+002  1.990175e-001  0.000000e+000
 2.350000e+002  1.046049e-001  0.000000e+000
 2.352500e+002  1.513009e-001  0.000000e+000
 2.355000e+002  1.250086e-001  0.000000e+000
 2.357500e+002  1.075193e-002  0.000000e+000
 2.360000e+002  5.710132e-002  0.000000e+000
 2.362500e+002  1.565334e-001  0.000000e+000
 2.365000e+002  7.707649e-002  0.000000e+000
 2.367500e+002  1.024510e-001  0.000000e+000
 2.370000e+002  2.765025e-001  0.000000e+000
 2.372500e+002  2.136122e-001  0.000000e+000
 2.375000e+002  7.726834e-002  0.000000e+000
 2.377500e+002  6.212878e-002  0.000000e+000
 2.380000e+002  2.369756e-001  0.000000e+000
 2.382500e+002  2.416599e-001  0.000000e+000
 2.385000e+002  2.141501e-001  0.000000e+000
 2.387500e+002  3.750964e-002  0.000000e+000
 2.390000e+002  7.685596e-002  0.000000e+000
 2.392500e+002  1.288590e-001  0.000000e+000
 2.395000e+002  2.643237e-001  0.000000e+000
 2.397500e+002  1.194532e-001  0.000000e+000
 2.400000e+002  9.934849e-003  0.000000e+000
 2.402500e+002  5.610731e-002  0.000000e+000
 2.405000e+002  1.616390e-001  0.000000e+000
 2.407500e+002  2.162811e-001  0.000000e+000
 2.410000e+002  1.035448e-001  0.000000e+000
 2.412500e+002  5.200407e-002  0.000000e+000
 2.415000e+002  4.301497e-002  0.000000e+000
 2.417500e+002  8.104815e-002  0.000000e+000
 2.420000e+002  6.373214e-002  0.000000e+000
 2.422500e+002  5.529609e-002  0.000000e+000
 2.425000e+002  1.879871e-002  0.000000e+000
 2.427500e+002  1.653508e-001  0.000000e+000
 2.430000e+002  5.245723e-002  0.000000e+000
 2.432500e+002  1.624751e-001  0.000000e+000
 2.435000e+002  3.007606e-002  0.000000e+000
 2.437500e+002  2.010527e-002  0.000000e+000
 2.440000e+002  3.082627e-002  0.000000e+000
 2.442500e+002  1.711069e-002  0.000000e+000
 2.445000e+002  9.829508e-002  0.000000e+000
 2.447500e+002  1.597200e-002  0.000000e+000
 2.450000e+002  3.171492e-002  0.000000e+000
 2.452500e+002  8.376226e-003  0.000000e+000
 2.455000e+002  3.876172e-002  0.000000e+000
 2.457500e+002  7.867611e-002  0.000000e+000
 2.460000e+002  2.592469e-002  0.000000e+000
 2.462500e+002  6.451283e-002  0.000000e+000
 2.465000e+002  7.706064e-002  0.000000e+000
 2.467500e+002  3.046256e-002  0.000000e+000
 2.470000e+002  3.883887e-002  0.000000e+000
 2.472500e+002  5.112277e-002  0.000000e+000
 2.475000e+002  1.833411e-002  0.000000e+000
 2.477500e+002  3.030857e-002  0.000000e+000
 2.480000e+002  1.006266e-001  0.000000e+000
 2.482500e+002  4.155965e-002  0.000000e+000
 2.485000e+002  6.602100e-002  0.000000e+000
 2.487500e+002  6.407604e-002  0.000000e+000
 2.490000e+002  6.832290e-003  0.000000e+000
 2.492500e+002  2.138263e-004  0.000000e+000
 2.495000e+002  1.171003e-001  0.000000e+000
 2.497500e+002  2.610753e-002  0.000000e+000
 2.500000e+002  1.207666e-002  0.000000e+000
 2.502500e+002  1.727275e-003  0.000000e+000
 2.505000e+002  7.834093e-002  0.000000e+000
 2.507500e+002  7.758096e-002  0.000000e+000
 2.510000e+002  5.821916e-002  0.000000e+000
 2.512500e+002  2.241345e-002  0.000000e+000
 2.515000e+002  1.914875e-001  0.000000e+000
 2.517500e+002  3.736837e-002  0.000000e+000
 2.520000e+002  2.774880e-001  0.000000e+000
 2.522500e+002  4.148402e-002  0.000000e+000
 2.525000e+002  1.349609e-001  0.000000e+000
 2.527500e+002  1.061189e-001  0.000000e+000
 2.530000e+002  1.739860e-001  0.000000e+000
 2.532500e+002  9.247942e-002  0.000000e+000
 2.535000e+002  1.255058e-002  0.000000e+000
 2.537500e+002  1.588689e-001  0.000000e+000
 2.540000e+002  4.716693e-002  0.000000e+000
 2.542500e+002  1.079523e-001  0.000000e+000
 2.545000e+002  6.748062e-002  0.000000e+000
 2.547500e+002  1.160589e-001  0.000000e+000
 2.550000e+002  1.768781e-002  0.000000e+000
 2.552500e+002  1.802094e-001  0.000000e+000
 2.555000e+002  7.929826e-002  0.000000e+000
 2.557500e+002  4.199765e-002  0.000000e+000
 2.560000e+002  4.034239e-002  0.000000e+000
