 0.000000e+000 -4.360378e-004  0.000000e+000
 2.500000e-001  1.180363e-003 -9.694366e-004
 5.000000e-001  1.951529e-003  1.390551e-003
 7.500000e-001 -6.676243e-004  2.000353e-003
 1.000000e+000 -2.058623e-003  7.577442e-004
 1.250000e+000 -3.281389e-003  4.192853e-004
 1.500000e+000 -2.813270e-003 -1.083174e-003
 1.750000e+000 -2.961138e-003 -6.952837e-004
 2.000000e+000 -3.585541e-003  2.645879e-004
 2.250000e+000 -3.384370e-003  1.545295e-003
 2.500000e+000 -4.268383e-003  9.682432e-004
 2.750000e+000 -4.500490e-003 -1.213167e-004
 3.000000e+000 -4.849232e-003 -4.650863e-004
 3.250000e+000 -5.741798e-003  2.296929e-004
 3.500000e+000 -6.401121e-003  2.873819e-003
 3.750000e+000 -5.590575e-003  1.265095e-003
 4.000000e+000 -5.512077e-003  9.350846e-004
 4.250000e+000 -5.868684e-003  3.524745e-004
 4.500000e+000 -5.551678e-003  3.660349e-004
 4.750000e+000 -5.921621e-003  8.218422e-004
 5.000000e+000 -6.041206e-003  4.510718e-004
 5.250000e+000 -6.113918e-003 -6.035037e-005
 5.500000e+000 -5.875340e-003  2.408478e-004
 5.750000e+000 -6.081989e-003  4.677410e-004
 6.000000e+000 -6.153886e-003  5.403277e-004
 6.250000e+000 -6.237915e-003 -8.455838e-005
 6.500000e+000 -6.139355e-003 -8.069525e-007
 6.750000e+000 -6.149180e-003  2.566006e-005
 7.000000e+000 -6.326377e-003  4.202552e-005
 7.250000e+000 -6.429534e-003 -1.955057e-004
 7.500000e+000 -6.456822e-003 -1.799956e-004
 7.750000e+000 -6.735199e-003 -2.101114e-005
 8.000000e+000 -6.478966e-003 -8.777114e-005
 8.250000e+000 -6.800576e-003 -2.093478e-004
 8.500000e+000 -6.993797e-003 -2.654314e-004
 8.750000e+000 -7.328669e-003 -3.958753e-004
 9.000000e+000 -6.812220e-003 -3.381761e-004
 9.250000e+000 -7.118759e-003 -1.608174e-004
 9.500000e+000 -7.323583e-003 -2.075592e-005
 9.750000e+000 -7.671525e-003 -2.888484e-004
 1.000000e+001 -7.658781e-003  1.452974e-004
 1.025000e+001 -7.629301e-003  2.069458e-004
 1.050000e+001 -7.778487e-003 -6.234865e-005
 1.075000e+001 -8.383906e-003  1.216481e-004
 1.100000e+001 -8.407809e-003  1.134837e-004
 1.125000e+001 -8.072864e-003 -2.101947e-004
 1.150000e+001 -8.301721e-003 -3.287297e-005
 1.175000e+001 -8.315170e-003  7.252471e-005
 1.200000e+001 -8.752025e-003  2.832157e-005
 1.225000e+001 -8.982702e-003 -1.954971e-004
 1.250000e+001 -9.272180e-003  4.284582e-004
 1.275000e+001 -9.800763e-003  6.583334e-004
 1.300000e+001 -9.630090e-003  1.489896e-004
 1.325000e+001 -9.938221e-003  4.464659e-004
 1.350000e+001 -9.849714e-003  1.857299e-004
 1.375000e+001 -1.005302e-002 -2.045321e-004
 1.400000e+001 -1.056414e-002  1.295457e-004
 1.425000e+001 -1.005505e-002  3.330620e-004
 1.450000e+001 -1.097399e-002  5.556107e-004
 1.475000e+001 -1.096765e-002 -3.453715e-004
 1.500000e+001 -1.110675e-002 -1.714221e-005
 1.525000e+001 -1.163233e-002  6.454220e-004
 1.550000e+001 -1.223623e-002 -2.334129e-004
 1.575000e+001 -1.305831e-002  6.389230e-004
 1.600000e+001 -1.256269e-002  6.976994e-005
 1.625000e+001 -1.297355e-002 -1.770245e-004
 1.650000e+001 -1.417395e-002  4.902275e-004
 1.675000e+001 -1.435300e-002 -1.529729e-004
 1.700000e+001 -1.421419e-002  5.912678e-004
 1.725000e+001 -1.576982e-002  1.516173e-003
 1.750000e+001 -1.563338e-002  4.253587e-004
 1.775000e+001 -1.696815e-002  8.769587e-004
 1.800000e+001 -1.670263e-002  8.771483e-004
 1.825000e+001 -1.847257e-002  6.748742e-004
 1.850000e+001 -1.893711e-002  6.130187e-004
 1.875000e+001 -2.116563e-002  1.338151e-003
 1.900000e+001 -2.197964e-002 -2.565470e-004
 1.925000e+001 -2.328463e-002  1.289271e-003
 1.950000e+001 -2.506358e-002  1.320561e-003
 1.975000e+001 -2.727015e-002  4.799696e-004
 2.000000e+001 -3.005486e-002  1.139368e-003
 2.025000e+001 -3.280325e-002  8.175925e-004
 2.050000e+001 -3.511444e-002  1.977553e-003
 2.075000e+001 -4.109666e-002  1.131897e-003
 2.100000e+001 -4.793063e-002  2.452683e-003
 2.125000e+001 -5.734292e-002  3.854366e-003
 2.150000e+001 -6.944300e-002  5.221985e-003
 2.175000e+001 -8.863979e-002  6.265704e-003
 2.200000e+001 -1.332120e-001  2.075866e-002
 2.225000e+001 -2.304741e-001  9.642177e-002
 2.250000e+001 -3.252939e-001  4.224265e-001
 2.275000e+001  4.442228e-001  7.215874e-002
 2.300000e+001  1.558770e-001  1.605023e-002
 2.325000e+001  1.011253e-001  6.699034e-003
 2.350000e+001  7.315374e-002  7.648641e-003
 2.375000e+001  5.778274e-002  8.478247e-004
 2.400000e+001  4.742584e-002  1.079482e-003
 2.425000e+001  3.942673e-002  1.587880e-003
 2.450000e+001  3.591009e-002  2.288329e-003
 2.475000e+001  3.045473e-002  9.941890e-004
 2.500000e+001  2.703619e-002 -3.744423e-004
 2.525000e+001  2.482402e-002  9.978889e-004
 2.550000e+001  2.283142e-002  1.237578e-003
 2.575000e+001  1.965821e-002  4.184665e-004
 2.600000e+001  1.859527e-002 -3.180879e-004
 2.625000e+001  1.693878e-002  5.151167e-004
 2.650000e+001  1.629573e-002  5.373409e-004
 2.675000e+001  1.563375e-002 -8.633434e-005
 2.700000e+001  1.399806e-002  5.187875e-004
 2.725000e+001  1.340008e-002  1.789500e-004
 2.750000e+001  1.285050e-002  1.763313e-005
 2.775000e+001  1.181800e-002  1.507478e-004
 2.800000e+001  1.181306e-002 -4.738773e-004
 2.825000e+001  1.123842e-002  1.217063e-004
 2.850000e+001  9.850857e-003  1.038362e-004
 2.875000e+001  1.014022e-002  5.511365e-004
 2.900000e+001  9.456682e-003 -2.182416e-004
 2.925000e+001  9.147195e-003  2.267350e-004
 2.950000e+001  8.449774e-003  3.412206e-004
 2.975000e+001  8.343831e-003  1.792014e-005
 3.000000e+001  7.636555e-003  1.978148e-004
 3.025000e+001  7.520094e-003  3.607553e-004
 3.050000e+001  7.377364e-003  3.030125e-004
 3.075000e+001  7.103341e-003  4.171355e-004
 3.100000e+001  6.577803e-003  2.944932e-004
 3.125000e+001  6.877345e-003  3.140072e-004
 3.150000e+001  6.444307e-003  3.478580e-004
 3.175000e+001  5.887234e-003  2.309098e-004
 3.200000e+001  5.938050e-003  3.220133e-004
 3.225000e+001  5.362075e-003  2.211155e-004
 3.250000e+001  5.418925e-003  4.636383e-004
 3.275000e+001  5.237317e-003  2.740181e-004
 3.300000e+001  5.026669e-003  3.951692e-004
 3.325000e+001  4.787030e-003  2.062328e-004
 3.350000e+001  4.971662e-003  3.254938e-004
 3.375000e+001  4.614864e-003  2.930579e-004
 3.400000e+001  4.508406e-003  2.909524e-004
 3.425000e+001  4.266586e-003  5.427513e-004
 3.450000e+001  4.628849e-003  3.877878e-004
 3.475000e+001  4.287166e-003  4.739898e-004
 3.500000e+001  4.101401e-003  4.986737e-004
 3.525000e+001  4.089676e-003  2.691051e-004
 3.550000e+001  3.792706e-003  2.778742e-004
 3.575000e+001  3.593986e-003  2.814470e-004
 3.600000e+001  3.646626e-003  2.888818e-004
 3.625000e+001  3.524287e-003  1.009429e-004
 3.650000e+001  3.666360e-003  2.881779e-004
 3.675000e+001  3.449601e-003  2.791937e-004
 3.700000e+001  3.316628e-003  2.911195e-004
 3.725000e+001  3.155422e-003  2.880167e-004
 3.750000e+001  3.152834e-003  2.992487e-004
 3.775000e+001  3.082976e-003  2.235671e-004
 3.800000e+001  3.072462e-003  4.115943e-004
 3.825000e+001  3.033062e-003  1.819896e-004
 3.850000e+001  2.875246e-003  2.886801e-004
 3.875000e+001  2.869373e-003  4.443105e-004
 3.900000e+001  2.708712e-003  2.548860e-004
 3.925000e+001  2.716882e-003  3.916022e-004
 3.950000e+001  2.673940e-003  2.827705e-004
 3.975000e+001  2.605680e-003  2.785108e-004
 4.000000e+001  2.476036e-003  3.065120e-004
 4.025000e+001  2.451133e-003  4.400086e-004
 4.050000e+001  2.342963e-003  3.170664e-004
 4.075000e+001  2.240857e-003  3.263398e-004
 4.100000e+001  2.250579e-003  3.538576e-004
 4.125000e+001  2.187447e-003  3.609665e-004
 4.150000e+001  2.227989e-003  3.124858e-004
 4.175000e+001  2.157918e-003  3.508193e-004
 4.200000e+001  2.124160e-003  2.794021e-004
 4.225000e+001  1.942541e-003  3.824806e-004
 4.250000e+001  1.949751e-003  2.918179e-004
 4.275000e+001  1.958579e-003  4.357724e-004
 4.300000e+001  1.885822e-003  3.268462e-004
 4.325000e+001  1.958114e-003  2.604013e-004
 4.350000e+001  1.744723e-003  2.111773e-004
 4.375000e+001  1.688741e-003  3.174445e-004
 4.400000e+001  1.762673e-003  3.084415e-004
 4.425000e+001  1.662276e-003  2.985504e-004
 4.450000e+001  1.625858e-003  3.833303e-004
 4.475000e+001  1.425025e-003  3.679109e-004
 4.500000e+001  1.526852e-003  5.015633e-004
 4.525000e+001  1.883131e-003  2.276174e-004
 4.550000e+001  1.437696e-003  2.639998e-004
 4.575000e+001  1.427028e-003  3.157583e-004
 4.600000e+001  1.338917e-003  2.698475e-004
 4.625000e+001  1.361305e-003  3.688860e-004
 4.650000e+001  1.293252e-003  3.198360e-004
 4.675000e+001  1.274140e-003  3.759927e-004
 4.700000e+001  1.289092e-003  3.157355e-004
 4.725000e+001  1.251510e-003  2.477426e-004
 4.750000e+001  1.135912e-003  3.440936e-004
 4.775000e+001  1.094880e-003  3.453932e-004
 4.800000e+001  1.080473e-003  3.590917e-004
 4.825000e+001  1.097203e-003  3.652003e-004
 4.850000e+001  1.022537e-003  3.606429e-004
 4.875000e+001  1.000512e-003  3.344688e-004
 4.900000e+001  9.614160e-004  3.120318e-004
 4.925000e+001  1.001356e-003  3.075040e-004
 4.950000e+001  9.361116e-004  3.350309e-004
 4.975000e+001  9.389071e-004  2.998393e-004
 5.000000e+001  8.232252e-004  2.600180e-004
 5.025000e+001  8.311653e-004  3.513767e-004
 5.050000e+001  8.192123e-004  3.686696e-004
 5.075000e+001  7.886837e-004  3.537639e-004
 5.100000e+001  7.253339e-004  3.575125e-004
 5.125000e+001  7.329458e-004  3.084772e-004
 5.150000e+001  7.274594e-004  3.654763e-004
 5.175000e+001  6.235368e-004  3.616179e-004
 5.200000e+001  5.628487e-004  4.202210e-004
 5.225000e+001  6.256242e-004  3.732322e-004
 5.250000e+001  5.539110e-004  3.132810e-004
 5.275000e+001  5.470938e-004  3.397572e-004
 5.300000e+001  5.021189e-004  3.573085e-004
 5.325000e+001  4.955912e-004  3.311646e-004
 5.350000e+001  5.074734e-004  3.609394e-004
 5.375000e+001  4.479287e-004  3.668091e-004
 5.400000e+001  3.985751e-004  3.611786e-004
 5.425000e+001  4.167273e-004  3.910235e-004
 5.450000e+001  3.894825e-004  4.105189e-004
 5.475000e+001  3.660327e-004  3.997021e-004
 5.500000e+001  3.247595e-004  3.762842e-004
 5.525000e+001  2.753651e-004  4.263097e-004
 5.550000e+001  2.506301e-004  3.985807e-004
 5.575000e+001  2.712478e-004  4.551725e-004
 5.600000e+001  3.208076e-004  4.566368e-004
 5.625000e+001  3.324212e-004  5.077437e-004
 5.650000e+001  4.333496e-004  3.376374e-004
 5.675000e+001  4.192958e-004  2.163450e-004
 5.700000e+001  2.320419e-004  8.067016e-005
 5.725000e+001  1.003648e-004  2.029786e-004
 5.750000e+001  1.003196e-006  2.086635e-004
 5.775000e+001 -4.459841e-005  2.144962e-004
 5.800000e+001 -5.243839e-005  3.007103e-004
 5.825000e+001 -4.358737e-005  2.551147e-004
 5.850000e+001 -5.442209e-005  3.045319e-004
 5.875000e+001 -5.054064e-005  2.546755e-004
 5.900000e+001 -7.816823e-005  2.797506e-004
 5.925000e+001 -1.267054e-004  2.773471e-004
 5.950000e+001 -2.272211e-004  2.893533e-004
 5.975000e+001 -2.551781e-004  3.166222e-004
 6.000000e+001 -2.324452e-004  1.842100e-004
 6.025000e+001 -2.914545e-004  2.748943e-004
 6.050000e+001 -2.766077e-004  2.183465e-004
 6.075000e+001 -2.662184e-004  2.675661e-004
 6.100000e+001 -3.060641e-004  2.988907e-004
 6.125000e+001 -3.490658e-004  2.726378e-004
 6.150000e+001 -3.791956e-004  2.959957e-004
 6.175000e+001 -4.370676e-004  3.168706e-004
 6.200000e+001 -5.408336e-004  2.926057e-004
 6.225000e+001 -4.335034e-004  3.381603e-004
 6.250000e+001 -5.363914e-004  3.430907e-004
 6.275000e+001 -5.517962e-004  2.310628e-004
 6.300000e+001 -5.418151e-004  3.136181e-004
 6.325000e+001 -6.287530e-004  2.726144e-004
 6.350000e+001 -6.437250e-004  2.680469e-004
 6.375000e+001 -7.282419e-004  2.862453e-004
 6.400000e+001 -6.569614e-004  3.091522e-004
 6.425000e+001 -7.726952e-004  2.999551e-004
 6.450000e+001 -7.182440e-004  2.824495e-004
 6.475000e+001 -8.012327e-004  3.958464e-004
 6.500000e+001 -8.021783e-004  3.444543e-004
 6.525000e+001 -9.169997e-004  3.176546e-004
 6.550000e+001 -1.009587e-003  3.492813e-004
 6.575000e+001 -9.204508e-004  3.297379e-004
 6.600000e+001 -1.061358e-003  3.454442e-004
 6.625000e+001 -1.067286e-003  3.034912e-004
 6.650000e+001 -1.022409e-003  2.929831e-004
 6.675000e+001 -1.139917e-003  2.714719e-004
 6.700000e+001 -1.112792e-003  3.131360e-004
 6.725000e+001 -1.187480e-003  2.928511e-004
 6.750000e+001 -1.210758e-003  2.477253e-004
 6.775000e+001 -1.515638e-003  2.817537e-004
 6.800000e+001 -1.358628e-003  3.874610e-004
 6.825000e+001 -1.558810e-003  3.771761e-004
 6.850000e+001 -1.511131e-003  4.092599e-004
 6.875000e+001 -1.522975e-003  2.308918e-004
 6.900000e+001 -1.541494e-003  3.882091e-004
 6.925000e+001 -1.629884e-003  3.009230e-004
 6.950000e+001 -1.738056e-003  3.388515e-004
 6.975000e+001 -1.828943e-003  2.968342e-004
 7.000000e+001 -1.924961e-003  2.602286e-004
 7.025000e+001 -2.059042e-003  3.292663e-004
 7.050000e+001 -2.044987e-003  3.858280e-004
 7.075000e+001 -2.201501e-003  4.067194e-004
 7.100000e+001 -2.110691e-003  3.354242e-004
 7.125000e+001 -2.480575e-003  4.161349e-004
 7.150000e+001 -2.374281e-003  3.738196e-004
 7.175000e+001 -2.412863e-003  4.175403e-004
 7.200000e+001 -2.664309e-003  4.786943e-004
 7.225000e+001 -2.764870e-003  3.335862e-004
 7.250000e+001 -2.875691e-003  4.450843e-004
 7.275000e+001 -3.140288e-003  4.616844e-004
 7.300000e+001 -3.141087e-003  3.684847e-004
 7.325000e+001 -3.328686e-003  4.286224e-004
 7.350000e+001 -3.381624e-003  2.790189e-004
 7.375000e+001 -3.697624e-003  3.276275e-004
 7.400000e+001 -3.892559e-003  3.633228e-004
 7.425000e+001 -4.113683e-003  4.666990e-004
 7.450000e+001 -4.384649e-003  3.060381e-004
 7.475000e+001 -4.349336e-003  4.935038e-004
 7.500000e+001 -5.060871e-003  5.898239e-004
 7.525000e+001 -5.176367e-003  6.648890e-004
 7.550000e+001 -5.565533e-003  7.512599e-004
 7.575000e+001 -5.990975e-003  8.690459e-004
 7.600000e+001 -6.484239e-003  6.465499e-004
 7.625000e+001 -7.103561e-003  9.565331e-004
 7.650000e+001 -8.031051e-003  1.361719e-003
 7.675000e+001 -8.734152e-003  1.462983e-003
 7.700000e+001 -9.798707e-003  1.894052e-003
 7.725000e+001 -1.097741e-002  2.568412e-003
 7.750000e+001 -1.290785e-002  2.378767e-003
 7.775000e+001 -1.438832e-002  4.420152e-003
 7.800000e+001 -1.798233e-002  6.309486e-003
 7.825000e+001 -1.982623e-002  8.916210e-003
 7.850000e+001 -2.374950e-002  1.510499e-002
 7.875000e+001 -2.708791e-002  2.604202e-002
 7.900000e+001 -2.248327e-002  4.413859e-002
 7.925000e+001  3.647335e-003  5.684789e-002
 7.950000e+001  3.136616e-002  4.058983e-002
 7.975000e+001  2.961959e-002  1.720482e-002
 8.000000e+001  2.335896e-002  9.808894e-003
 8.025000e+001  1.845074e-002  5.778102e-003
 8.050000e+001  1.620499e-002  4.655430e-003
 8.075000e+001  1.317832e-002  3.236705e-003
 8.100000e+001  1.187883e-002  2.868855e-003
 8.125000e+001  1.075696e-002  1.926592e-003
 8.150000e+001  9.462250e-003  1.759250e-003
 8.175000e+001  8.649322e-003  1.239916e-003
 8.200000e+001  7.638470e-003  1.277511e-003
 8.225000e+001  7.423693e-003  1.166782e-003
 8.250000e+001  6.835674e-003  8.985759e-004
 8.275000e+001  6.392692e-003  9.537510e-004
 8.300000e+001  5.952852e-003  7.160437e-004
 8.325000e+001  5.555834e-003  8.236917e-004
 8.350000e+001  5.143551e-003  7.402249e-004
 8.375000e+001  4.924491e-003  3.971215e-004
 8.400000e+001  4.683752e-003  4.623669e-004
 8.425000e+001  4.550318e-003  6.403185e-004
 8.450000e+001  4.212720e-003  5.271460e-004
 8.475000e+001  4.116300e-003  3.524901e-004
 8.500000e+001  4.101955e-003  3.875182e-004
 8.525000e+001  3.700433e-003  3.417594e-004
 8.550000e+001  3.758397e-003  4.189841e-004
 8.575000e+001  3.521057e-003  4.159382e-004
 8.600000e+001  3.326113e-003  3.508109e-004
 8.625000e+001  3.370747e-003  2.584796e-004
 8.650000e+001  3.080100e-003  2.038640e-004
 8.675000e+001  3.119206e-003  2.745389e-004
 8.700000e+001  2.904322e-003  1.565590e-004
 8.725000e+001  2.760700e-003  2.338501e-004
 8.750000e+001  2.808869e-003  2.708816e-004
 8.775000e+001  2.724129e-003  3.249073e-004
 8.800000e+001  2.684652e-003  2.134280e-004
 8.825000e+001  2.498244e-003  3.338690e-004
 8.850000e+001  2.426657e-003  2.594648e-004
 8.875000e+001  2.403094e-003  2.525608e-004
 8.900000e+001  2.398419e-003  1.254081e-004
 8.925000e+001  2.410859e-003  1.332748e-004
 8.950000e+001  2.219091e-003  8.639321e-005
 8.975000e+001  2.112621e-003  1.685812e-004
 9.000000e+001  2.120435e-003  2.046294e-004
 9.025000e+001  2.155073e-003  4.131508e-005
 9.050000e+001  2.047168e-003  1.822235e-004
 9.075000e+001  1.947335e-003  2.234464e-004
 9.100000e+001  1.921743e-003  1.782812e-004
 9.125000e+001  1.857920e-003  2.634768e-004
 9.150000e+001  1.850212e-003  9.447053e-005
 9.175000e+001  1.747635e-003  2.489121e-004
 9.200000e+001  1.782497e-003  1.129250e-004
 9.225000e+001  1.806141e-003  1.909424e-004
 9.250000e+001  1.657322e-003  1.358327e-004
 9.275000e+001  1.826798e-003  1.038851e-004
 9.300000e+001  1.573522e-003  1.947239e-004
 9.325000e+001  1.571221e-003  1.766465e-004
 9.350000e+001  1.564841e-003  1.859965e-004
 9.375000e+001  1.589708e-003  1.766503e-004
 9.400000e+001  1.554746e-003  2.272881e-004
 9.425000e+001  1.450390e-003  1.034033e-004
 9.450000e+001  1.528210e-003  1.915795e-004
 9.475000e+001  1.442768e-003  1.395575e-004
 9.500000e+001  1.472885e-003  1.368048e-004
 9.525000e+001  1.422681e-003  2.316082e-004
 9.550000e+001  1.396608e-003  1.882865e-004
 9.575000e+001  1.333303e-003  2.048129e-004
 9.600000e+001  1.394916e-003  1.519148e-004
 9.625000e+001  1.349631e-003  1.303032e-004
 9.650000e+001  1.283706e-003  1.816814e-004
 9.675000e+001  1.210966e-003  1.511098e-004
 9.700000e+001  1.273332e-003  2.006524e-004
 9.725000e+001  1.173585e-003  1.270937e-004
 9.750000e+001  1.222194e-003  1.909074e-004
 9.775000e+001  1.260505e-003  1.509002e-004
 9.800000e+001  1.277976e-003  2.101625e-004
 9.825000e+001  1.199273e-003  1.850764e-004
 9.850000e+001  1.147521e-003  1.799717e-004
 9.875000e+001  1.236514e-003  1.982208e-004
 9.900000e+001  1.171659e-003  1.903049e-004
 9.925000e+001  1.147401e-003  1.963030e-004
 9.950000e+001  1.144039e-003  1.037534e-004
 9.975000e+001  1.194180e-003  1.673315e-004
 1.000000e+002  1.243428e-003  1.578568e-004
 1.002500e+002  1.168603e-003  7.953557e-005
 1.005000e+002  1.242378e-003  9.752082e-005
 1.007500e+002  1.219112e-003  1.701645e-004
 1.010000e+002  1.305137e-003  6.250744e-005
 1.012500e+002  1.350394e-003  1.462620e-006
 1.015000e+002  1.286027e-003 -1.368350e-004
 1.017500e+002  1.152845e-003 -4.265927e-004
 1.020000e+002  7.752689e-004 -3.979197e-004
 1.022500e+002  7.145480e-004 -1.679018e-004
 1.025000e+002  7.387553e-004  1.145266e-005
 1.027500e+002  7.469968e-004  5.666565e-005
 1.030000e+002  8.168843e-004  1.144496e-004
 1.032500e+002  8.744700e-004  1.058310e-004
 1.035000e+002  8.410254e-004  1.123374e-004
 1.037500e+002  8.341500e-004  7.277938e-005
 1.040000e+002  8.646733e-004  2.711934e-005
 1.042500e+002  8.787775e-004  8.301172e-005
 1.045000e+002  8.789547e-004  9.069473e-005
 1.047500e+002  8.609008e-004  1.522954e-004
 1.050000e+002  8.037989e-004  9.131741e-005
 1.052500e+002  9.057437e-004  8.320378e-005
 1.055000e+002  8.309771e-004  6.574209e-005
 1.057500e+002  8.561032e-004  8.892106e-005
 1.060000e+002  8.110561e-004  3.428666e-005
 1.062500e+002  8.398579e-004  8.838296e-006
 1.065000e+002  8.312657e-004  2.079531e-005
 1.067500e+002  7.856688e-004  3.129137e-005
 1.070000e+002  8.887515e-004 -1.391636e-005
 1.072500e+002  7.771995e-004  5.925063e-005
 1.075000e+002  8.416317e-004 -1.676190e-005
 1.077500e+002  7.917919e-004  1.315402e-005
 1.080000e+002  7.908330e-004  1.697626e-005
 1.082500e+002  8.734952e-004 -2.378620e-006
 1.085000e+002  7.303920e-004 -1.717180e-005
 1.087500e+002  8.031896e-004 -4.956635e-005
 1.090000e+002  7.517315e-004 -2.181420e-005
 1.092500e+002  7.216975e-004 -5.127365e-005
 1.095000e+002  7.367607e-004  2.374093e-005
 1.097500e+002  7.306127e-004 -1.072089e-005
 1.100000e+002  7.985091e-004 -1.541132e-005
 1.102500e+002  6.306360e-004 -5.311930e-005
 1.105000e+002  7.589250e-004  1.569942e-005
 1.107500e+002  8.220086e-004  3.393086e-005
 1.110000e+002  7.203156e-004 -6.239058e-005
 1.112500e+002  7.312964e-004 -8.349696e-005
 1.115000e+002  6.558130e-004 -4.238310e-005
 1.117500e+002  6.128059e-004 -9.034837e-005
 1.120000e+002  7.317869e-004 -4.707915e-006
 1.122500e+002  6.265389e-004 -4.744696e-005
 1.125000e+002  6.617223e-004 -2.715911e-005
 1.127500e+002  6.579908e-004 -2.124902e-005
 1.130000e+002  6.595247e-004 -5.684638e-005
 1.132500e+002  6.951762e-004 -2.667156e-005
 1.135000e+002  5.991244e-004 -1.210384e-004
 1.137500e+002  7.279473e-004 -2.628231e-005
 1.140000e+002  6.574041e-004 -7.579433e-007
 1.142500e+002  5.793679e-004 -7.863389e-005
 1.145000e+002  5.767466e-004 -4.737130e-005
 1.147500e+002  6.566448e-004 -2.261200e-005
 1.150000e+002  6.505163e-004 -9.870930e-005
 1.152500e+002  6.541112e-004 -2.367317e-005
 1.155000e+002  6.281083e-004 -6.680274e-005
 1.157500e+002  6.308770e-004 -7.425527e-005
 1.160000e+002  6.448521e-004 -6.466338e-005
 1.162500e+002  6.592640e-004 -3.161830e-005
 1.165000e+002  5.804839e-004 -5.037971e-005
 1.167500e+002  5.199658e-004 -1.026345e-004
 1.170000e+002  5.429057e-004 -5.025929e-005
 1.172500e+002  5.898240e-004 -4.643845e-005
 1.175000e+002  5.841015e-004 -8.475388e-005
 1.177500e+002  6.035112e-004  4.662873e-006
 1.180000e+002  5.495958e-004  2.925090e-006
 1.182500e+002  5.368270e-004 -3.590601e-005
 1.185000e+002  5.325903e-004 -4.827098e-005
 1.187500e+002  5.599552e-004 -2.003536e-005
 1.190000e+002  5.872361e-004 -5.304533e-005
 1.192500e+002  5.560521e-004  4.756915e-006
 1.195000e+002  6.304256e-004  2.431149e-005
 1.197500e+002  6.294001e-004  2.039529e-006
 1.200000e+002  5.639440e-004  1.481982e-005
 1.202500e+002  5.633455e-004  6.363259e-006
 1.205000e+002  6.128854e-004  1.629132e-005
 1.207500e+002  6.629875e-004 -1.931242e-005
 1.210000e+002  6.163430e-004  1.641321e-006
 1.212500e+002  6.664986e-004 -2.301184e-005
 1.215000e+002  5.776689e-004 -7.404144e-005
 1.217500e+002  6.536753e-004 -1.094689e-004
 1.220000e+002  5.820600e-004 -4.784708e-005
 1.222500e+002  6.070538e-004 -9.614534e-005
 1.225000e+002  6.411761e-004 -7.693413e-006
 1.227500e+002  6.708097e-004 -1.315182e-004
 1.230000e+002  6.381604e-004 -1.305243e-004
 1.232500e+002  6.376683e-004 -1.234691e-004
 1.235000e+002  6.924262e-004 -6.148523e-005
 1.237500e+002  6.022531e-004 -1.528088e-004
 1.240000e+002  6.156714e-004 -8.756833e-005
 1.242500e+002  6.176946e-004 -1.059363e-004
 1.245000e+002  6.363576e-004 -1.378377e-004
 1.247500e+002  5.599228e-004 -1.962637e-004
 1.250000e+002  5.731467e-004 -1.612064e-004
 1.252500e+002  6.309720e-004 -1.834887e-004
 1.255000e+002  5.701458e-004 -1.328361e-004
 1.257500e+002  6.199254e-004 -1.505294e-004
 1.260000e+002  5.313423e-004 -2.017440e-004
 1.262500e+002  4.716789e-004 -1.298668e-004
 1.265000e+002  5.504987e-004 -1.278047e-004
 1.267500e+002  5.544789e-004 -1.525785e-004
 1.270000e+002  5.102898e-004 -1.089067e-004
 1.272500e+002  5.166744e-004 -7.135614e-005
 1.275000e+002  6.163638e-004 -1.563623e-004
 1.277500e+002  5.025430e-004 -2.098919e-004
 1.280000e+002  5.190211e-004 -2.113040e-004
 1.282500e+002  5.318603e-004 -1.483935e-004
 1.285000e+002  5.812020e-004 -1.465194e-004
 1.287500e+002  5.595959e-004 -1.481708e-004
 1.290000e+002  5.378484e-004 -1.792272e-004
 1.292500e+002  5.059065e-004 -1.725800e-004
 1.295000e+002  5.125221e-004 -5.520256e-005
 1.297500e+002  5.223628e-004 -1.110495e-004
 1.300000e+002  5.399023e-004 -1.441947e-004
 1.302500e+002  5.055179e-004 -1.310571e-004
 1.305000e+002  5.299196e-004 -1.588819e-004
 1.307500e+002  5.907715e-004 -1.375013e-004
 1.310000e+002  5.077090e-004 -2.244664e-004
 1.312500e+002  4.896409e-004 -1.272758e-004
 1.315000e+002  4.877209e-004 -1.589509e-004
 1.317500e+002  4.796158e-004 -1.449087e-004
 1.320000e+002  5.248744e-004 -1.527648e-004
 1.322500e+002  4.959406e-004 -9.688808e-005
 1.325000e+002  5.082079e-004 -1.112231e-004
 1.327500e+002  5.812063e-004 -1.550968e-004
 1.330000e+002  4.620769e-004 -1.151675e-004
 1.332500e+002  4.841592e-004 -1.525505e-004
 1.335000e+002  5.421427e-004 -1.396459e-004
 1.337500e+002  5.121886e-004 -1.805154e-004
 1.340000e+002  4.679697e-004 -1.079909e-004
 1.342500e+002  5.145140e-004 -1.960475e-004
 1.345000e+002  5.148435e-004 -2.203974e-004
 1.347500e+002  4.918062e-004 -1.879021e-004
 1.350000e+002  5.147733e-004 -1.874877e-004
 1.352500e+002  4.784644e-004 -1.804241e-004
 1.355000e+002  5.027577e-004 -2.312724e-004
 1.357500e+002  6.046396e-004 -1.121373e-004
 1.360000e+002  5.229351e-004 -1.725780e-004
 1.362500e+002  4.125251e-004 -1.951599e-004
 1.365000e+002  4.430252e-004 -1.747437e-004
 1.367500e+002  5.226763e-004 -9.259028e-005
 1.370000e+002  4.686922e-004 -8.876107e-005
 1.372500e+002  4.772579e-004 -1.836052e-004
 1.375000e+002  4.840007e-004 -1.138718e-004
 1.377500e+002  5.522716e-004 -1.585678e-004
 1.380000e+002  5.151191e-004 -1.422113e-004
 1.382500e+002  4.920616e-004 -1.305759e-004
 1.385000e+002  5.117389e-004 -1.994489e-004
 1.387500e+002  5.032889e-004 -1.780082e-004
 1.390000e+002  4.808142e-004 -1.822717e-004
 1.392500e+002  4.864166e-004 -7.398673e-005
 1.395000e+002  5.209401e-004 -1.135337e-004
 1.397500e+002  4.514061e-004 -1.380221e-004
 1.400000e+002  4.913776e-004 -1.016706e-004
 1.402500e+002  4.537720e-004 -1.010079e-004
 1.405000e+002  5.126909e-004 -8.542854e-005
 1.407500e+002  4.834908e-004 -1.545254e-004
 1.410000e+002  4.270560e-004 -1.554254e-004
 1.412500e+002  4.992455e-004 -9.941394e-005
 1.415000e+002  4.950098e-004 -1.204282e-004
 1.417500e+002  4.433292e-004 -1.090127e-004
 1.420000e+002  5.022237e-004 -1.257927e-004
 1.422500e+002  4.906886e-004 -7.778856e-005
 1.425000e+002  4.026397e-004 -1.165536e-004
 1.427500e+002  4.631673e-004 -8.878025e-005
 1.430000e+002  4.789829e-004 -1.367731e-004
 1.432500e+002  4.303720e-004 -7.324246e-005
 1.435000e+002  4.687481e-004 -1.455859e-004
 1.437500e+002  4.252930e-004 -1.200744e-004
 1.440000e+002  4.945846e-004 -9.252052e-005
 1.442500e+002  4.962380e-004 -1.314580e-004
 1.445000e+002  4.730144e-004 -1.640941e-004
 1.447500e+002  4.967185e-004 -1.787913e-004
 1.450000e+002  4.734370e-004 -1.161340e-004
 1.452500e+002  4.586185e-004 -1.138940e-004
 1.455000e+002  4.991531e-004 -1.118390e-004
 1.457500e+002  4.866247e-004 -1.076349e-004
 1.460000e+002  5.000420e-004 -6.147554e-005
 1.462500e+002  4.730442e-004 -1.337773e-004
 1.465000e+002  4.560719e-004 -1.016082e-004
 1.467500e+002  4.905671e-004 -9.763738e-005
 1.470000e+002  4.474912e-004 -1.299372e-004
 1.472500e+002  5.172116e-004 -1.270421e-004
 1.475000e+002  4.669702e-004 -1.377539e-004
 1.477500e+002  4.544982e-004 -1.566183e-004
 1.480000e+002  4.963922e-004 -1.573940e-004
 1.482500e+002  4.614607e-004 -1.278047e-004
 1.485000e+002  4.486612e-004 -1.287001e-004
 1.487500e+002  4.923263e-004 -7.119739e-005
 1.490000e+002  5.123083e-004 -8.483760e-005
 1.492500e+002  4.250018e-004 -1.741434e-004
 1.495000e+002  5.155310e-004 -1.564147e-004
 1.497500e+002  4.676688e-004 -9.294178e-005
 1.500000e+002  4.582796e-004 -1.870306e-004
 1.502500e+002  5.573748e-004 -8.454703e-005
 1.505000e+002  4.144693e-004 -1.608337e-004
 1.507500e+002  5.096439e-004 -9.041249e-005
 1.510000e+002  5.245006e-004 -7.859742e-005
 1.512500e+002  4.699181e-004 -5.551008e-005
 1.515000e+002  4.815581e-004 -1.194725e-004
 1.517500e+002  4.598787e-004 -1.193178e-004
 1.520000e+002  5.291088e-004 -4.892359e-005
 1.522500e+002  4.298105e-004 -7.081498e-005
 1.525000e+002  5.322173e-004 -8.726403e-005
 1.527500e+002  4.903598e-004 -7.968670e-005
 1.530000e+002  4.379154e-004 -8.339832e-005
 1.532500e+002  4.410851e-004 -1.372781e-004
 1.535000e+002  4.143963e-004 -1.056868e-004
 1.537500e+002  5.097772e-004 -1.714369e-004
 1.540000e+002  4.359651e-004 -4.767984e-005
 1.542500e+002  4.764419e-004 -5.712285e-005
 1.545000e+002  4.396935e-004 -7.277397e-005
 1.547500e+002  4.629138e-004 -8.204019e-005
 1.550000e+002  4.562124e-004 -1.138971e-004
 1.552500e+002  4.596037e-004 -7.594467e-005
 1.555000e+002  4.350739e-004 -5.037998e-006
 1.557500e+002  5.367508e-004 -6.839539e-005
 1.560000e+002  4.197541e-004 -5.981237e-005
 1.562500e+002  3.733169e-004 -1.623112e-004
 1.565000e+002  4.343856e-004 -5.097911e-005
 1.567500e+002  3.805664e-004 -1.965427e-005
 1.570000e+002  4.562481e-004 -1.412472e-004
 1.572500e+002  4.452726e-004 -5.921103e-005
 1.575000e+002  4.548672e-004 -4.710254e-005
 1.577500e+002  4.224547e-004 -7.422640e-005
 1.580000e+002  3.681124e-004 -6.535507e-005
 1.582500e+002  3.448770e-004 -4.747685e-005
 1.585000e+002  3.673233e-004 -7.842132e-006
 1.587500e+002  4.251770e-004 -3.451914e-006
 1.590000e+002  4.229054e-004 -1.258390e-005
 1.592500e+002  4.315978e-004 -6.897978e-005
 1.595000e+002  4.611541e-004 -6.376585e-005
 1.597500e+002  4.647594e-004  2.638832e-006
 1.600000e+002  4.498340e-004 -1.615569e-005
 1.602500e+002  4.275922e-004  1.589347e-005
 1.605000e+002  4.377058e-004 -7.204140e-005
 1.607500e+002  4.306464e-004 -1.351572e-005
 1.610000e+002  4.929035e-004 -1.017762e-005
 1.612500e+002  4.613485e-004 -4.751481e-005
 1.615000e+002  4.835877e-004 -4.536460e-005
 1.617500e+002  4.350752e-004  2.590396e-006
 1.620000e+002  3.806814e-004 -1.896066e-005
 1.622500e+002  4.116028e-004 -5.901951e-005
 1.625000e+002  4.868363e-004 -1.153789e-005
 1.627500e+002  4.461029e-004 -1.929125e-005
 1.630000e+002  3.797631e-004  3.101166e-005
 1.632500e+002  4.109079e-004 -7.741479e-005
 1.635000e+002  4.328655e-004 -4.045711e-005
 1.637500e+002  4.812105e-004 -3.721697e-005
 1.640000e+002  4.406496e-004  1.919816e-006
 1.642500e+002  4.273877e-004  2.268132e-005
 1.645000e+002  4.539715e-004  3.136446e-005
 1.647500e+002  3.880551e-004  4.895036e-005
 1.650000e+002  3.659904e-004  5.012554e-006
 1.652500e+002  3.945911e-004  8.132352e-005
 1.655000e+002  4.433489e-004  2.776194e-005
 1.657500e+002  4.134538e-004  8.169656e-007
 1.660000e+002  3.896765e-004 -4.421998e-005
 1.662500e+002  3.695274e-004 -9.826576e-006
 1.665000e+002  3.702410e-004  4.739047e-005
 1.667500e+002  4.766359e-004  2.949005e-005
 1.670000e+002  4.254394e-004  9.434555e-006
 1.672500e+002  4.432364e-004 -4.394611e-005
 1.675000e+002  4.351949e-004  4.250826e-005
 1.677500e+002  4.595784e-004  1.674716e-005
 1.680000e+002  4.074716e-004 -4.804171e-006
 1.682500e+002  4.723927e-004  1.239259e-005
 1.685000e+002  4.001387e-004  2.063764e-005
 1.687500e+002  4.179159e-004  6.319259e-005
 1.690000e+002  4.212268e-004  4.540333e-005
 1.692500e+002  3.728482e-004  4.677077e-005
 1.695000e+002  4.623599e-004  7.088368e-005
 1.697500e+002  3.308567e-004 -1.067126e-005
 1.700000e+002  4.149968e-004  1.228406e-004
 1.702500e+002  4.321963e-004  2.691732e-005
 1.705000e+002  4.517672e-004  1.652871e-004
 1.707500e+002  3.701463e-004  5.252869e-006
 1.710000e+002  3.855842e-004  2.407502e-005
 1.712500e+002  3.751716e-004  7.417683e-006
 1.715000e+002  4.117780e-004 -1.738129e-005
 1.717500e+002  4.012056e-004  6.144206e-005
 1.720000e+002  4.420591e-004 -4.056906e-005
 1.722500e+002  3.565390e-004  8.009936e-005
 1.725000e+002  4.273495e-004  3.648909e-005
 1.727500e+002  4.501796e-004  6.062417e-005
 1.730000e+002  3.550795e-004  3.898090e-005
 1.732500e+002  4.162015e-004  3.802039e-005
 1.735000e+002  3.977997e-004  1.636558e-005
 1.737500e+002  3.377978e-004  7.150336e-005
 1.740000e+002  4.100309e-004 -3.910486e-005
 1.742500e+002  3.738028e-004  6.317791e-005
 1.745000e+002  3.630990e-004 -1.823019e-005
 1.747500e+002  4.027289e-004  6.814551e-005
 1.750000e+002  3.747589e-004  9.893696e-005
 1.752500e+002  4.203977e-004  6.083958e-005
 1.755000e+002  3.599743e-004  5.127356e-005
 1.757500e+002  3.547064e-004  1.031765e-004
 1.760000e+002  3.621348e-004  1.038184e-004
 1.762500e+002  3.243983e-004  1.258189e-004
 1.765000e+002  3.149877e-004  8.270703e-005
 1.767500e+002  3.534311e-004  8.128266e-006
 1.770000e+002  3.472142e-004  2.982409e-005
 1.772500e+002  3.611114e-004  1.128068e-004
 1.775000e+002  3.556999e-004  8.741771e-005
 1.777500e+002  2.811758e-004  3.511912e-005
 1.780000e+002  3.827033e-004  1.141928e-004
 1.782500e+002  2.782709e-004  7.943558e-005
 1.785000e+002  2.792798e-004  5.095752e-005
 1.787500e+002  3.271175e-004  6.109099e-005
 1.790000e+002  2.786059e-004  1.023290e-004
 1.792500e+002  2.938550e-004  3.494494e-005
 1.795000e+002  3.324057e-004  3.350379e-005
 1.797500e+002  3.574821e-004  1.323996e-004
 1.800000e+002  3.625209e-004  4.045634e-005
 1.802500e+002  3.167286e-004  1.410063e-004
 1.805000e+002  3.030283e-004  2.933062e-005
 1.807500e+002  3.039924e-004  5.450310e-005
 1.810000e+002  2.934322e-004  7.645545e-005
 1.812500e+002  3.071705e-004  1.086424e-004
 1.815000e+002  3.240784e-004  9.020990e-005
 1.817500e+002  2.861583e-004  8.372675e-005
 1.820000e+002  3.066909e-004  3.183689e-005
 1.822500e+002  3.191163e-004  1.368261e-004
 1.825000e+002  3.261176e-004  7.209885e-005
 1.827500e+002  2.616715e-004  8.004948e-005
 1.830000e+002  3.249376e-004  6.033932e-005
 1.832500e+002  2.973167e-004  1.512284e-004
 1.835000e+002  2.982513e-004  1.199851e-004
 1.837500e+002  3.004433e-004  3.952883e-005
 1.840000e+002  3.949457e-004  1.030314e-004
 1.842500e+002  3.072840e-004  8.307311e-005
 1.845000e+002  2.532045e-004  1.703247e-004
 1.847500e+002  2.468524e-004  4.377682e-005
 1.850000e+002  3.348877e-004  2.080596e-005
 1.852500e+002  2.984032e-004  8.957051e-005
 1.855000e+002  2.125206e-004  1.161159e-004
 1.857500e+002  2.366444e-004  1.164758e-004
 1.860000e+002  2.740687e-004  1.114003e-004
 1.862500e+002  2.925508e-004  4.996666e-005
 1.865000e+002  2.899844e-004  7.170705e-005
 1.867500e+002  3.310070e-004  1.155334e-004
 1.870000e+002  2.712209e-004  1.175846e-004
 1.872500e+002  3.268775e-004  3.024362e-005
 1.875000e+002  2.767493e-004  7.972836e-005
 1.877500e+002  3.312662e-004  6.081411e-005
 1.880000e+002  2.098423e-004  7.526876e-005
 1.882500e+002  2.609880e-004  7.287924e-005
 1.885000e+002  2.169505e-004  1.852141e-005
 1.887500e+002  2.395812e-004  7.290085e-005
 1.890000e+002  2.671447e-004  7.662388e-005
 1.892500e+002  2.158889e-004  1.031565e-004
 1.895000e+002  2.261627e-004  8.204608e-005
 1.897500e+002  3.087840e-004  2.826706e-005
 1.900000e+002  2.447065e-004  4.408864e-005
 1.902500e+002  1.685351e-004  3.435739e-005
 1.905000e+002  2.283163e-004  1.301394e-004
 1.907500e+002  2.759290e-004  1.078178e-004
 1.910000e+002  2.992833e-004  7.209524e-005
 1.912500e+002  2.104512e-004  1.092324e-004
 1.915000e+002  1.509895e-004  1.186190e-004
 1.917500e+002  1.897561e-004  1.251419e-004
 1.920000e+002  3.321322e-004  9.572237e-005
 1.922500e+002  2.111761e-004  1.227894e-004
 1.925000e+002  2.286155e-004  2.453342e-005
 1.927500e+002  2.913230e-004  4.330657e-005
 1.930000e+002  2.062537e-004  5.254131e-005
 1.932500e+002  1.738300e-004  1.034916e-004
 1.935000e+002  2.020170e-004  3.539338e-005
 1.937500e+002  1.678713e-004  1.007036e-004
 1.940000e+002  1.480379e-004  7.583305e-005
 1.942500e+002  2.292582e-004  7.950324e-005
 1.945000e+002  1.497777e-004  7.644282e-005
 1.947500e+002  3.041205e-004  2.220280e-005
 1.950000e+002  1.491236e-004  8.132525e-005
 1.952500e+002  1.675672e-004  1.391293e-004
 1.955000e+002  2.152058e-004  9.186792e-005
 1.957500e+002  2.301485e-004  1.539524e-004
 1.960000e+002  2.265934e-004  6.354844e-005
 1.962500e+002  1.481869e-004  4.798593e-005
 1.965000e+002  2.048926e-004  1.127081e-004
 1.967500e+002  2.119122e-004  1.348977e-004
 1.970000e+002  1.081473e-004  1.092320e-004
 1.972500e+002  1.487513e-004  3.297860e-005
 1.975000e+002  9.291058e-005  3.216101e-005
 1.977500e+002  1.323100e-004  2.998646e-005
 1.980000e+002  1.848778e-004  2.133638e-005
 1.982500e+002  1.216178e-004  4.685266e-005
 1.985000e+002  1.812150e-004  1.394417e-004
 1.987500e+002  1.252601e-004  7.896867e-005
 1.990000e+002  1.156423e-004  3.602300e-005
 1.992500e+002  1.937226e-004  8.564313e-006
 1.995000e+002  1.697770e-004  5.302078e-005
 1.997500e+002  1.349196e-004  4.605570e-005
 2.000000e+002  1.818101e-004  9.033126e-005
 2.002500e+002  1.390870e-004  5.522518e-005
 2.005000e+002  9.339711e-005  1.178737e-004
 2.007500e+002  1.320057e-004  7.783495e-005
 2.010000e+002  2.439031e-004  5.568269e-005
 2.012500e+002  9.693908e-005 -1.566506e-005
 2.015000e+002  1.966665e-004  5.183325e-005
 2.017500e+002  5.405657e-005 -5.195456e-006
 2.020000e+002  1.363918e-004  2.922632e-005
 2.022500e+002  1.355340e-004  2.176814e-005
 2.025000e+002  1.223491e-004  2.718332e-005
 2.027500e+002  1.329397e-004  1.145832e-005
 2.030000e+002  2.282671e-004 -3.283756e-005
 2.032500e+002  1.094332e-004 -1.360610e-006
 2.035000e+002  1.221072e-004 -4.065903e-005
 2.037500e+002  1.063656e-004  3.913107e-005
 2.040000e+002  9.725434e-005  6.468415e-005
 2.042500e+002  1.132469e-004  1.458342e-005
 2.045000e+002  1.977427e-004  7.430848e-005
 2.047500e+002  7.930904e-005  1.046347e-004
 2.050000e+002  7.426742e-005  3.442662e-005
 2.052500e+002  1.669761e-004 -1.387459e-007
 2.055000e+002  9.630126e-005 -5.902517e-005
 2.057500e+002  8.377326e-005  9.247406e-006
 2.060000e+002  1.040069e-004  2.595683e-005
 2.062500e+002  2.361360e-004 -1.936680e-006
 2.065000e+002  6.901351e-005  7.120684e-005
 2.067500e+002  5.424935e-005 -2.741418e-005
 2.070000e+002  1.581364e-004 -4.860427e-005
 2.072500e+002  1.077747e-004  1.722553e-005
 2.075000e+002  2.160107e-004  8.224039e-005
 2.077500e+002  1.258518e-004  1.769385e-005
 2.080000e+002  1.954086e-004 -4.807632e-005
 2.082500e+002  1.182319e-004  1.432469e-004
 2.085000e+002  1.586705e-004 -3.928132e-005
 2.087500e+002  1.572370e-004 -8.173542e-006
 2.090000e+002  1.533442e-004 -6.295522e-005
 2.092500e+002  1.626437e-004 -5.791407e-005
 2.095000e+002  9.266487e-005  3.903793e-005
 2.097500e+002  1.414198e-004 -1.504167e-005
 2.100000e+002  5.342799e-005 -4.585935e-005
 2.102500e+002  1.269124e-004 -9.428996e-005
 2.105000e+002  8.286698e-005  1.271926e-005
 2.107500e+002  1.036927e-004 -3.953162e-005
 2.110000e+002  1.434791e-004  1.225117e-004
 2.112500e+002  8.688728e-005 -3.706510e-005
 2.115000e+002  1.260983e-004  1.558259e-005
 2.117500e+002  9.505545e-005 -4.021796e-005
 2.120000e+002  1.751608e-004 -4.074741e-005
 2.122500e+002  7.485314e-005 -1.469420e-005
 2.125000e+002  8.088566e-005  5.850499e-005
 2.127500e+002  1.442769e-004 -5.101452e-006
 2.130000e+002  7.598782e-005 -1.956255e-005
 2.132500e+002  1.232161e-004  2.019720e-005
 2.135000e+002  1.474907e-004  2.898833e-005
 2.137500e+002  1.110265e-004  2.476057e-005
 2.140000e+002  7.578547e-005 -4.844946e-005
 2.142500e+002  8.572870e-005 -1.165789e-004
 2.145000e+002  9.176919e-005  1.630514e-005
 2.147500e+002  1.085382e-004 -3.160907e-005
 2.150000e+002  1.160264e-004  1.049623e-005
 2.152500e+002  1.404820e-004 -4.304025e-005
 2.155000e+002  4.817760e-005 -7.513585e-006
 2.157500e+002  1.310991e-004 -2.494668e-005
 2.160000e+002  2.400527e-005 -6.458124e-005
 2.162500e+002  1.058397e-004 -6.601725e-005
 2.165000e+002  9.661251e-005 -9.016502e-005
 2.167500e+002  1.046059e-004 -1.010850e-004
 2.170000e+002  1.967561e-004 -7.337110e-005
 2.172500e+002  1.502550e-004 -5.933554e-005
 2.175000e+002  1.590704e-004 -9.380854e-005
 2.177500e+002  6.361331e-005 -1.102978e-004
 2.180000e+002  2.008507e-004 -5.954919e-005
 2.182500e+002  1.408204e-004 -1.082878e-004
 2.185000e+002  1.920751e-004 -3.831411e-005
 2.187500e+002  1.929378e-004 -1.393200e-004
 2.190000e+002  1.281897e-004 -6.775018e-005
 2.192500e+002  1.435212e-004 -6.171944e-005
 2.195000e+002  1.693575e-004 -7.136106e-005
 2.197500e+002  9.740863e-005 -1.377957e-004
 2.200000e+002  8.381783e-005 -1.654451e-004
 2.202500e+002  1.678476e-004 -3.280611e-005
 2.205000e+002  1.802194e-004 -3.200283e-005
 2.207500e+002  1.567041e-004 -9.061492e-005
 2.210000e+002  1.377107e-004 -5.126472e-005
 2.212500e+002  7.018258e-005 -1.634641e-004
 2.215000e+002  2.002901e-004 -1.639088e-004
 2.217500e+002  2.288632e-004 -6.915727e-005
 2.220000e+002  1.444445e-004 -1.452049e-004
 2.222500e+002  1.271735e-004 -6.860896e-005
 2.225000e+002  1.482636e-004 -1.643718e-004
 2.227500e+002  1.365373e-004 -1.723209e-004
 2.230000e+002  1.195474e-004 -4.959415e-005
 2.232500e+002  1.476448e-004 -7.620447e-005
 2.235000e+002  5.022369e-005 -1.308104e-004
 2.237500e+002  1.604464e-004 -1.169558e-004
 2.240000e+002  1.563268e-004 -2.313230e-005
 2.242500e+002  1.585663e-004 -5.041907e-005
 2.245000e+002  2.086189e-004 -4.329316e-005
 2.247500e+002  1.565428e-004 -1.108558e-004
 2.250000e+002  1.941265e-004 -9.430205e-005
 2.252500e+002  2.077286e-004 -1.297469e-004
 2.255000e+002  1.844324e-004 -1.525408e-004
 2.257500e+002  1.792875e-004 -1.582790e-004
 2.260000e+002  8.017282e-005 -8.139641e-005
 2.262500e+002  2.654215e-004 -6.053819e-005
 2.265000e+002  1.906348e-004 -1.803065e-006
 2.267500e+002  1.408757e-004 -1.098882e-004
 2.270000e+002  1.107499e-004 -1.368885e-004
 2.272500e+002  1.179578e-004 -1.440650e-004
 2.275000e+002  2.464964e-004 -1.548090e-004
 2.277500e+002  2.469400e-004 -1.528201e-004
 2.280000e+002  2.968354e-004 -1.396746e-004
 2.282500e+002  7.771643e-005 -3.123999e-005
 2.285000e+002  2.394016e-004 -1.090529e-004
 2.287500e+002  1.949903e-004 -8.426347e-005
 2.290000e+002  2.527400e-004 -1.791983e-004
 2.292500e+002  1.540799e-004 -1.063168e-004
 2.295000e+002  2.704029e-004 -8.237386e-005
 2.297500e+002  2.163656e-004 -1.372953e-004
 2.300000e+002  1.146232e-004 -1.182719e-004
 2.302500e+002  1.771792e-004 -9.830002e-005
 2.305000e+002  1.910134e-004 -6.965700e-005
 2.307500e+002  1.651378e-004 -1.264759e-004
 2.310000e+002  8.769512e-005 -1.234238e-004
 2.312500e+002  2.286864e-004 -1.130615e-004
 2.315000e+002  1.631281e-004 -1.350621e-004
 2.317500e+002  2.592282e-004 -1.185979e-004
 2.320000e+002  1.198196e-004 -1.415749e-004
 2.322500e+002  3.133173e-004 -1.062651e-004
 2.325000e+002  2.788878e-004 -1.373318e-004
 2.327500e+002  2.571284e-004 -1.515488e-004
 2.330000e+002  1.817608e-004 -1.158565e-004
 2.332500e+002  2.769346e-004 -1.765496e-004
 2.335000e+002  1.522033e-004 -5.339337e-005
 2.337500e+002  1.994423e-004 -1.152344e-004
 2.340000e+002  2.243930e-004 -6.587441e-005
 2.342500e+002  2.410073e-004 -1.055189e-004
 2.345000e+002  1.846493e-004 -1.242572e-004
 2.347500e+002  2.184993e-004 -1.574898e-004
 2.350000e+002  2.807698e-004 -1.400214e-004
 2.352500e+002  2.204159e-004 -1.315234e-004
 2.355000e+002  2.147671e-004 -9.242209e-005
 2.357500e+002  1.390597e-004 -3.265108e-005
 2.360000e+002  2.020794e-004 -1.709410e-004
 2.362500e+002  3.108622e-004 -8.787418e-005
 2.365000e+002  1.477934e-004 -1.575191e-004
 2.367500e+002  2.765557e-004 -9.576679e-005
 2.370000e+002  2.708637e-004 -9.862270e-005
 2.372500e+002  2.958188e-004 -1.004480e-004
 2.375000e+002  2.967048e-004 -1.746765e-004
 2.377500e+002  2.207749e-004 -1.082988e-004
 2.380000e+002  2.189728e-004 -1.339079e-004
 2.382500e+002  2.914769e-004 -4.790408e-005
 2.385000e+002  2.474262e-004 -1.538898e-004
 2.387500e+002  2.223545e-004 -4.805553e-005
 2.390000e+002  2.366225e-004 -1.056877e-004
 2.392500e+002  3.092651e-004 -1.432235e-004
 2.395000e+002  3.172753e-004 -3.757174e-005
 2.397500e+002  3.616121e-004 -7.815559e-005
 2.400000e+002  3.883897e-004 -4.294047e-005
 2.402500e+002  2.981951e-004 -1.187796e-004
 2.405000e+002  2.348193e-004 -7.166568e-005
 2.407500e+002  2.979251e-004 -6.698438e-005
 2.410000e+002  3.033523e-004 -4.756074e-005
 2.412500e+002  3.382321e-004 -5.380478e-005
 2.415000e+002  2.521164e-004 -7.442378e-005
 2.417500e+002  2.484026e-004  9.814321e-006
 2.420000e+002  3.746029e-004 -1.581015e-005
 2.422500e+002  3.562598e-004 -4.051261e-005
 2.425000e+002  3.131211e-004 -9.382805e-005
 2.427500e+002  2.509379e-004 -1.128959e-004
 2.430000e+002  2.177942e-004  1.584511e-005
 2.432500e+002  2.844535e-004  2.780138e-005
 2.435000e+002  2.889503e-004  3.321345e-005
 2.437500e+002  2.868620e-004 -6.659716e-005
 2.440000e+002  2.725971e-004 -3.636020e-005
 2.442500e+002  3.160044e-004 -5.149972e-005
 2.445000e+002  3.579657e-004  6.990544e-005
 2.447500e+002  3.027226e-004  4.219647e-005
 2.450000e+002  3.227644e-004  7.038032e-007
 2.452500e+002  3.029305e-004 -5.526288e-005
 2.455000e+002  3.683936e-004  1.138502e-004
 2.457500e+002  2.392515e-004 -8.876436e-006
 2.460000e+002  2.575176e-004  1.117970e-005
 2.462500e+002  2.611596e-004 -1.433013e-004
 2.465000e+002  2.292917e-004 -8.152261e-005
 2.467500e+002  3.157617e-004  1.082028e-004
 2.470000e+002  2.292716e-004  5.597144e-005
 2.472500e+002  1.641635e-004  1.729151e-005
 2.475000e+002  1.499381e-004  1.841698e-005
 2.477500e+002  3.114269e-004 -4.246947e-007
 2.480000e+002  3.536289e-004  3.429834e-005
 2.482500e+002  1.950921e-004 -2.875589e-005
 2.485000e+002  3.391832e-004  7.749879e-005
 2.487500e+002  3.230751e-004  3.484226e-005
 2.490000e+002  2.859424e-004  1.009413e-005
 2.492500e+002  2.533506e-004  9.133070e-005
 2.495000e+002  2.854023e-004  1.988749e-005
 2.497500e+002  1.349099e-004  6.486978e-005
 2.500000e+002  2.927228e-004 -1.698048e-005
 2.502500e+002  2.565403e-004  9.535923e-005
 2.505000e+002  3.068576e-004  7.463268e-005
 2.507500e+002  2.775856e-004  7.233622e-005
 2.510000e+002  2.406908e-004  6.313035e-006
 2.512500e+002  2.865676e-004  1.562081e-004
 2.515000e+002  2.415204e-004 -5.450986e-005
 2.517500e+002  2.671904e-004  3.972372e-005
 2.520000e+002  1.320455e-004  4.870469e-005
 2.522500e+002  2.925890e-004  5.232719e-005
 2.525000e+002  1.744191e-004  8.207872e-005
 2.527500e+002  2.521644e-004  7.010865e-005
 2.530000e+002  2.606639e-004 -2.004004e-006
 2.532500e+002  2.382284e-004  8.343929e-005
 2.535000e+002  2.197943e-004  9.131441e-005
 2.537500e+002  1.764475e-004  3.093135e-005
 2.540000e+002  2.626504e-004 -1.184221e-006
 2.542500e+002  2.530627e-004  9.107763e-005
 2.545000e+002  2.588126e-004 -1.045748e-004
 2.547500e+002  1.108023e-004 -3.512597e-005
 2.550000e+002  1.946295e-004  3.521263e-005
 2.552500e+002  2.813773e-004  7.673799e-005
 2.555000e+002  1.928850e-004 -2.332264e-005
 2.557500e+002  2.354135e-004 -9.378153e-005
 2.560000e+002  4.840286e-005 -2.098339e-010
