 0.000000e+000  1.547201e+000  0.000000e+000
 2.500000e-001 -1.319879e+000 -4.242015e+000
 5.000000e-001 -8.069975e+000 -7.578706e+000
 7.500000e-001 -1.367070e+001 -1.190515e+001
 1.000000e+000 -2.644820e+001 -6.859735e-001
 1.250000e+000 -3.189596e+001 -7.706055e+000
 1.500000e+000 -3.089824e+001 -2.997377e-001
 1.750000e+000 -3.210035e+001 -6.560904e-001
 2.000000e+000 -3.309435e+001 -2.105239e+000
 2.250000e+000 -2.607650e+001 -6.665751e+000
 2.500000e+000 -2.955133e+001 -1.126556e+001
 2.750000e+000 -2.816358e+001 -1.955525e+001
 3.000000e+000 -3.531576e+001 -7.935371e+000
 3.250000e+000 -4.641837e+001  9.522636e+000
 3.500000e+000 -2.888491e+001 -4.496732e+000
 3.750000e+000 -2.250094e+001 -9.469988e+000
 4.000000e+000 -1.286641e+001 -1.176369e+001
 4.250000e+000 -2.123512e+001 -1.306606e+001
 4.500000e+000 -2.299931e+001 -1.079621e+001
 4.750000e+000 -1.839767e+001  7.842394e+000
 5.000000e+000 -8.313928e+000  3.478588e+001
 5.250000e+000 -1.344839e+001  3.158793e+001
 5.500000e+000 -1.519530e+001  2.298248e+001
 5.750000e+000 -1.498940e+001  3.150603e+001
 6.000000e+000  1.663576e+000  3.670347e+001
 6.250000e+000 -1.725463e+001  1.698941e+001
 6.500000e+000 -1.601050e+001  2.076216e+001
 6.750000e+000 -2.062255e+001  1.531485e+001
 7.000000e+000 -1.929161e+001  1.627723e+001
 7.250000e+000 -2.170950e+001  1.485177e+001
 7.500000e+000 -1.928495e+001  1.584508e+001
 7.750000e+000 -2.252666e+001  1.444982e+001
 8.000000e+000 -2.060423e+001  1.325075e+001
 8.250000e+000 -2.191541e+001  1.176197e+001
 8.500000e+000 -2.303637e+001  1.078975e+001
 8.750000e+000 -2.424793e+001  1.128774e+001
 9.000000e+000 -2.427892e+001  1.025823e+001
 9.250000e+000 -2.513856e+001  1.055409e+001
 9.500000e+000 -2.473161e+001  8.684739e+000
 9.750000e+000 -2.610894e+001  8.441686e+000
 1.000000e+001 -2.540216e+001  7.966420e+000
 1.025000e+001 -2.724345e+001  7.858278e+000
 1.050000e+001 -2.802928e+001  8.340070e+000
 1.075000e+001 -2.820078e+001  7.093041e+000
 1.100000e+001 -2.895329e+001  6.334358e+000
 1.125000e+001 -2.835842e+001  7.276746e+000
 1.150000e+001 -3.141395e+001  7.017662e+000
 1.175000e+001 -3.051805e+001  5.874925e+000
 1.200000e+001 -3.264478e+001  5.724434e+000
 1.225000e+001 -3.087373e+001  6.505183e+000
 1.250000e+001 -3.340196e+001  6.006665e+000
 1.275000e+001 -3.404662e+001  5.517708e+000
 1.300000e+001 -3.469904e+001  4.902138e+000
 1.325000e+001 -3.414465e+001  5.418388e+000
 1.350000e+001 -3.515068e+001  5.486202e+000
 1.375000e+001 -3.786317e+001  3.719666e+000
 1.400000e+001 -3.566505e+001  6.145374e+000
 1.425000e+001 -3.664877e+001  6.524239e+000
 1.450000e+001 -3.899792e+001  6.139846e+000
 1.475000e+001 -3.974844e+001  6.670606e+000
 1.500000e+001 -3.980541e+001  4.817508e+000
 1.525000e+001 -4.252452e+001  4.898544e+000
 1.550000e+001 -4.242130e+001  5.779269e+000
 1.575000e+001 -4.339197e+001  5.008005e+000
 1.600000e+001 -4.661334e+001  6.334814e+000
 1.625000e+001 -4.513130e+001  7.118839e+000
 1.650000e+001 -4.782774e+001  4.989827e+000
 1.675000e+001 -5.035300e+001  6.881385e+000
 1.700000e+001 -5.134382e+001  7.446521e+000
 1.725000e+001 -5.173184e+001  6.209331e+000
 1.750000e+001 -5.399716e+001  8.121150e+000
 1.775000e+001 -5.932815e+001  5.429284e+000
 1.800000e+001 -5.915693e+001  5.926555e+000
 1.825000e+001 -6.162387e+001  5.590686e+000
 1.850000e+001 -6.424712e+001  6.924372e+000
 1.875000e+001 -6.896069e+001  7.537648e+000
 1.900000e+001 -7.259373e+001  8.565891e+000
 1.925000e+001 -7.811745e+001  1.253616e+001
 1.950000e+001 -8.327558e+001  7.882828e+000
 1.975000e+001 -8.655950e+001  1.066865e+001
 2.000000e+001 -1.001377e+002  1.194275e+001
 2.025000e+001 -1.093411e+002  1.619157e+001
 2.050000e+001 -1.188689e+002  1.476240e+001
 2.075000e+001 -1.390317e+002  1.485919e+001
 2.100000e+001 -1.642515e+002  2.847003e+001
 2.125000e+001 -2.049504e+002  3.641055e+001
 2.150000e+001 -2.698328e+002  5.474925e+001
 2.175000e+001 -4.166371e+002  1.090295e+002
 2.200000e+001 -7.879156e+002  3.089609e+002
 2.225000e+001  9.553964e+002  4.512521e+003
 2.250000e+001  5.546024e+002 -9.135250e+001
 2.275000e+001  2.976264e+002  2.808125e+000
 2.300000e+001  2.065139e+002 -9.614523e+000
 2.325000e+001  1.531680e+002 -2.396144e+001
 2.350000e+001  1.244211e+002 -1.902020e+001
 2.375000e+001  1.027140e+002 -1.276587e+001
 2.400000e+001  9.040571e+001 -1.040701e+001
 2.425000e+001  7.510014e+001 -5.887057e+000
 2.450000e+001  6.627067e+001 -8.040988e+000
 2.475000e+001  6.044194e+001 -8.629962e+000
 2.500000e+001  5.362766e+001 -8.402399e+000
 2.525000e+001  4.967606e+001 -6.600634e+000
 2.550000e+001  4.425605e+001 -5.970909e+000
 2.575000e+001  4.288911e+001 -6.130208e+000
 2.600000e+001  3.681866e+001 -4.767500e+000
 2.625000e+001  3.445517e+001 -6.771002e+000
 2.650000e+001  3.184789e+001 -6.198881e+000
 2.675000e+001  2.932340e+001 -5.025749e+000
 2.700000e+001  2.860606e+001 -5.990895e+000
 2.725000e+001  2.730854e+001 -6.148180e+000
 2.750000e+001  2.467714e+001 -4.757984e+000
 2.775000e+001  2.437164e+001 -4.101220e+000
 2.800000e+001  2.291792e+001 -5.059833e+000
 2.825000e+001  2.030456e+001 -4.355494e+000
 2.850000e+001  1.858429e+001 -4.663248e+000
 2.875000e+001  1.840365e+001 -4.001976e+000
 2.900000e+001  1.752214e+001 -3.653036e+000
 2.925000e+001  1.650464e+001 -4.495826e+000
 2.950000e+001  1.521270e+001 -3.521710e+000
 2.975000e+001  1.515287e+001 -4.401870e+000
 3.000000e+001  1.458406e+001 -3.249187e+000
 3.025000e+001  1.353199e+001 -4.116497e+000
 3.050000e+001  1.215806e+001 -4.124576e+000
 3.075000e+001  1.184948e+001 -3.327575e+000
 3.100000e+001  1.086378e+001 -3.912804e+000
 3.125000e+001  1.004623e+001 -4.372953e+000
 3.150000e+001  9.493306e+000 -3.867029e+000
 3.175000e+001  8.870988e+000 -4.009732e+000
 3.200000e+001  8.702259e+000 -3.762965e+000
 3.225000e+001  7.936936e+000 -3.995380e+000
 3.250000e+001  7.309412e+000 -3.621263e+000
 3.275000e+001  6.971365e+000 -3.853832e+000
 3.300000e+001  6.096992e+000 -3.883275e+000
 3.325000e+001  5.790752e+000 -3.622329e+000
 3.350000e+001  5.311554e+000 -3.829616e+000
 3.375000e+001  4.939382e+000 -3.965289e+000
 3.400000e+001  4.470902e+000 -3.841997e+000
 3.425000e+001  4.245514e+000 -4.068609e+000
 3.450000e+001  4.041231e+000 -3.565499e+000
 3.475000e+001  3.465857e+000 -3.459125e+000
 3.500000e+001  3.476020e+000 -3.849668e+000
 3.525000e+001  3.133516e+000 -4.030521e+000
 3.550000e+001  2.387962e+000 -3.925423e+000
 3.575000e+001  2.216816e+000 -4.056441e+000
 3.600000e+001  1.842867e+000 -4.048766e+000
 3.625000e+001  1.717458e+000 -3.952249e+000
 3.650000e+001  1.601605e+000 -4.367844e+000
 3.675000e+001  1.424996e+000 -4.159466e+000
 3.700000e+001  8.464153e-001 -4.084127e+000
 3.725000e+001  1.142741e+000 -4.227717e+000
 3.750000e+001  9.177122e-001 -3.753402e+000
 3.775000e+001  6.123894e-001 -4.103114e+000
 3.800000e+001  3.743603e-001 -4.205733e+000
 3.825000e+001  4.709173e-001 -4.243098e+000
 3.850000e+001  1.279747e-001 -3.999902e+000
 3.875000e+001 -4.976746e-002 -3.867720e+000
 3.900000e+001 -8.234435e-002 -4.209788e+000
 3.925000e+001 -6.115658e-002 -4.412357e+000
 3.950000e+001 -1.407113e-001 -4.266657e+000
 3.975000e+001 -3.080452e-001 -3.909985e+000
 4.000000e+001 -5.227289e-001 -4.031884e+000
 4.025000e+001 -7.539840e-001 -3.972202e+000
 4.050000e+001 -5.824239e-001 -4.009437e+000
 4.075000e+001 -8.896138e-001 -3.781085e+000
 4.100000e+001 -8.225871e-001 -3.943861e+000
 4.125000e+001 -1.036175e+000 -3.791882e+000
 4.150000e+001 -9.253082e-001 -3.783946e+000
 4.175000e+001 -1.108652e+000 -3.709697e+000
 4.200000e+001 -1.396059e+000 -3.852488e+000
 4.225000e+001 -1.452075e+000 -3.949359e+000
 4.250000e+001 -1.779179e+000 -3.648656e+000
 4.275000e+001 -1.948866e+000 -3.825996e+000
 4.300000e+001 -1.868868e+000 -3.836379e+000
 4.325000e+001 -1.959966e+000 -3.824706e+000
 4.350000e+001 -1.989925e+000 -3.707989e+000
 4.375000e+001 -2.418890e+000 -3.501896e+000
 4.400000e+001 -2.085292e+000 -3.538354e+000
 4.425000e+001 -1.856357e+000 -3.245037e+000
 4.450000e+001 -2.644007e-001 -4.815691e+000
 4.475000e+001 -2.581822e+000 -3.650586e+000
 4.500000e+001 -2.486432e+000 -4.126356e+000
 4.525000e+001 -2.937608e+000 -3.956813e+000
 4.550000e+001 -3.402604e+000 -3.883430e+000
 4.575000e+001 -3.065198e+000 -3.825511e+000
 4.600000e+001 -3.632345e+000 -3.612282e+000
 4.625000e+001 -3.415005e+000 -3.888417e+000
 4.650000e+001 -3.912344e+000 -3.924418e+000
 4.675000e+001 -3.579666e+000 -3.951820e+000
 4.700000e+001 -4.001758e+000 -3.940423e+000
 4.725000e+001 -4.038465e+000 -3.696103e+000
 4.750000e+001 -3.919756e+000 -3.758813e+000
 4.775000e+001 -4.400156e+000 -3.864931e+000
 4.800000e+001 -4.471367e+000 -3.510902e+000
 4.825000e+001 -5.037962e+000 -3.613485e+000
 4.850000e+001 -4.821079e+000 -3.617725e+000
 4.875000e+001 -4.855637e+000 -3.917806e+000
 4.900000e+001 -4.955124e+000 -4.053087e+000
 4.925000e+001 -5.100635e+000 -3.841173e+000
 4.950000e+001 -5.224122e+000 -3.836868e+000
 4.975000e+001 -5.698004e+000 -3.751293e+000
 5.000000e+001 -5.621099e+000 -4.270555e+000
 5.025000e+001 -5.761566e+000 -3.947705e+000
 5.050000e+001 -5.890131e+000 -3.953135e+000
 5.075000e+001 -6.839807e+000 -3.306518e+000
 5.100000e+001 -6.928278e+000 -3.166534e+000
 5.125000e+001 -6.553704e+000 -2.988300e+000
 5.150000e+001 -6.770366e+000 -3.126117e+000
 5.175000e+001 -7.066641e+000 -3.646400e+000
 5.200000e+001 -6.496230e+000 -3.416429e+000
 5.225000e+001 -6.969654e+000 -3.143984e+000
 5.250000e+001 -6.799226e+000 -3.049693e+000
 5.275000e+001 -7.246205e+000 -2.908739e+000
 5.300000e+001 -7.238504e+000 -2.823209e+000
 5.325000e+001 -6.899922e+000 -3.006228e+000
 5.350000e+001 -7.370421e+000 -2.911512e+000
 5.375000e+001 -7.574558e+000 -3.126912e+000
 5.400000e+001 -7.719808e+000 -3.075623e+000
 5.425000e+001 -7.997603e+000 -2.419492e+000
 5.450000e+001 -7.965394e+000 -2.959547e+000
 5.475000e+001 -8.159135e+000 -2.229743e+000
 5.500000e+001 -8.233744e+000 -2.310775e+000
 5.525000e+001 -8.441959e+000 -2.489731e+000
 5.550000e+001 -8.561395e+000 -2.250962e+000
 5.575000e+001 -8.391881e+000 -2.377676e+000
 5.600000e+001 -8.772527e+000 -2.119330e+000
 5.625000e+001 -9.103553e+000 -2.031541e+000
 5.650000e+001 -9.220399e+000 -1.859998e+000
 5.675000e+001 -9.618398e+000 -1.919877e+000
 5.700000e+001 -9.048770e+000 -1.621604e+000
 5.725000e+001 -9.989667e+000 -1.009178e+000
 5.750000e+001 -9.933821e+000 -1.726570e+000
 5.775000e+001 -9.707882e+000 -1.279463e+000
 5.800000e+001 -9.906914e+000 -1.267595e+000
 5.825000e+001 -1.024608e+001 -6.980793e-001
 5.850000e+001 -1.030944e+001 -9.640428e-001
 5.875000e+001 -9.679655e+000 -6.355511e-001
 5.900000e+001 -1.059217e+001 -5.046923e-001
 5.925000e+001 -1.065866e+001 -3.369707e-001
 5.950000e+001 -1.088823e+001 -6.665969e-001
 5.975000e+001 -1.094629e+001 -3.796722e-001
 6.000000e+001 -1.107988e+001 -9.427035e-001
 6.025000e+001 -1.079759e+001 -2.186843e-001
 6.050000e+001 -1.136792e+001 -9.315331e-002
 6.075000e+001 -1.139344e+001 -1.715092e-001
 6.100000e+001 -1.173273e+001  3.317345e-001
 6.125000e+001 -1.215879e+001  3.666576e-001
 6.150000e+001 -1.217338e+001  2.759289e-001
 6.175000e+001 -1.228323e+001  6.736757e-001
 6.200000e+001 -1.241861e+001  7.651674e-001
 6.225000e+001 -1.288603e+001  8.785944e-001
 6.250000e+001 -1.236724e+001  5.415065e-001
 6.275000e+001 -1.348026e+001  3.941530e-002
 6.300000e+001 -1.310218e+001  3.027140e-001
 6.325000e+001 -1.427000e+001  6.546169e-001
 6.350000e+001 -1.406897e+001  8.584820e-001
 6.375000e+001 -1.464957e+001  1.122125e+000
 6.400000e+001 -1.487061e+001  4.928744e-001
 6.425000e+001 -1.569437e+001  5.669983e-001
 6.450000e+001 -1.615354e+001  1.979595e+000
 6.475000e+001 -1.642794e+001  1.202435e+000
 6.500000e+001 -1.654580e+001  1.855257e+000
 6.525000e+001 -1.656236e+001  1.919284e+000
 6.550000e+001 -1.802219e+001  1.908537e+000
 6.575000e+001 -1.784355e+001  2.798632e+000
 6.600000e+001 -1.883553e+001  2.209506e+000
 6.625000e+001 -1.877957e+001  2.309336e+000
 6.650000e+001 -2.022745e+001  2.679223e+000
 6.675000e+001 -2.326824e+001  1.093771e+000
 6.700000e+001 -2.159911e+001  3.797974e+000
 6.725000e+001 -2.266039e+001  2.970996e+000
 6.750000e+001 -2.461450e+001  4.088759e+000
 6.775000e+001 -2.514584e+001  3.397987e+000
 6.800000e+001 -2.579309e+001  4.604590e+000
 6.825000e+001 -2.679217e+001  3.705878e+000
 6.850000e+001 -2.862406e+001  3.701658e+000
 6.875000e+001 -2.945745e+001  5.959125e+000
 6.900000e+001 -3.123495e+001  5.605319e+000
 6.925000e+001 -3.348625e+001  4.922756e+000
 6.950000e+001 -3.645427e+001  6.890071e+000
 6.975000e+001 -3.885834e+001  7.036587e+000
 7.000000e+001 -4.113125e+001  7.337177e+000
 7.025000e+001 -4.579597e+001  7.473887e+000
 7.050000e+001 -5.032064e+001  9.504128e+000
 7.075000e+001 -5.300671e+001  1.206550e+001
 7.100000e+001 -6.072096e+001  1.346620e+001
 7.125000e+001 -6.783018e+001  1.528393e+001
 7.150000e+001 -7.991134e+001  1.915004e+001
 7.175000e+001 -9.091156e+001  2.643723e+001
 7.200000e+001 -1.144143e+002  3.884747e+001
 7.225000e+001 -1.405251e+002  6.364785e+001
 7.250000e+001 -1.736701e+002  1.036833e+002
 7.275000e+001 -2.161012e+002  2.403340e+002
 7.300000e+001 -6.234003e+001  4.604963e+002
 7.325000e+001  2.851536e+002  2.858144e+002
 7.350000e+001  1.850169e+002  7.549638e+001
 7.375000e+001  1.286264e+002  5.178044e+001
 7.400000e+001  1.009830e+002  3.686081e+001
 7.425000e+001  8.237648e+001  3.243848e+001
 7.450000e+001  7.195644e+001  2.740384e+001
 7.475000e+001  6.596577e+001  2.377308e+001
 7.500000e+001  5.830787e+001  2.059678e+001
 7.525000e+001  5.587145e+001  2.038470e+001
 7.550000e+001  5.109904e+001  1.950866e+001
 7.575000e+001  4.792674e+001  1.708679e+001
 7.600000e+001  4.484100e+001  1.681269e+001
 7.625000e+001  4.473360e+001  1.455874e+001
 7.650000e+001  4.335691e+001  1.478934e+001
 7.675000e+001  3.790181e+001  1.363108e+001
 7.700000e+001  4.028838e+001  1.291144e+001
 7.725000e+001  3.635834e+001  1.269112e+001
 7.750000e+001  3.535747e+001  1.222189e+001
 7.775000e+001  3.333376e+001  1.125194e+001
 7.800000e+001  3.441791e+001  1.096228e+001
 7.825000e+001  3.225222e+001  1.089124e+001
 7.850000e+001  3.145429e+001  1.049255e+001
 7.875000e+001  3.081703e+001  8.545822e+000
 7.900000e+001  2.996230e+001  9.636561e+000
 7.925000e+001  2.880679e+001  8.036480e+000
 7.950000e+001  2.874651e+001  9.882082e+000
 7.975000e+001  2.994745e+001  8.544811e+000
 8.000000e+001  2.736313e+001  7.073116e+000
 8.025000e+001  2.794686e+001  6.786093e+000
 8.050000e+001  2.750733e+001  4.589476e+000
 8.075000e+001  2.754789e+001  5.393212e+000
 8.100000e+001  2.671290e+001  4.160510e+000
 8.125000e+001  2.647770e+001  5.193998e+000
 8.150000e+001  2.461011e+001  5.678180e+000
 8.175000e+001  2.561709e+001  3.923416e+000
 8.200000e+001  2.434705e+001  4.015697e+000
 8.225000e+001  2.404311e+001  4.018972e+000
 8.250000e+001  2.279872e+001  4.540782e+000
 8.275000e+001  2.257039e+001  3.151768e+000
 8.300000e+001  2.307129e+001  2.783747e+000
 8.325000e+001  2.264066e+001  3.607164e+000
 8.350000e+001  2.179004e+001  2.849932e+000
 8.375000e+001  2.053810e+001  1.788252e+000
 8.400000e+001  2.173429e+001  2.968275e+000
 8.425000e+001  2.164672e+001  2.203601e+000
 8.450000e+001  2.111053e+001  2.172004e+000
 8.475000e+001  2.123310e+001  1.385802e+000
 8.500000e+001  2.017446e+001  1.420161e+000
 8.525000e+001  1.990923e+001  1.860624e+000
 8.550000e+001  1.940350e+001  1.701071e+000
 8.575000e+001  1.951142e+001  2.225758e+000
 8.600000e+001  1.919270e+001  1.753714e+000
 8.625000e+001  1.938960e+001  1.397202e+000
 8.650000e+001  1.947157e+001  9.218636e-001
 8.675000e+001  1.891474e+001  1.323478e+000
 8.700000e+001  1.846177e+001  1.234965e+000
 8.725000e+001  1.786905e+001 -7.071176e-003
 8.750000e+001  1.815717e+001  1.080174e+000
 8.775000e+001  1.804878e+001  6.088112e-001
 8.800000e+001  1.728329e+001  7.698269e-001
 8.825000e+001  1.718481e+001  6.688295e-001
 8.850000e+001  1.708367e+001 -1.328278e-001
 8.875000e+001  1.639812e+001  5.786822e-001
 8.900000e+001  1.674541e+001  7.136162e-001
 8.925000e+001  1.619630e+001  2.542167e-001
 8.950000e+001  1.536785e+001  8.127424e-001
 8.975000e+001  1.557758e+001  6.285980e-001
 9.000000e+001  1.526880e+001  1.588029e+000
 9.025000e+001  1.596033e+001  2.962018e+000
 9.050000e+001  1.873099e+001  3.095036e+000
 9.075000e+001  1.971366e+001  4.387315e-001
 9.100000e+001  1.886322e+001 -1.197733e+000
 9.125000e+001  1.817900e+001 -6.303976e-001
 9.150000e+001  1.637776e+001 -2.028844e+000
 9.175000e+001  1.702247e+001 -2.207532e+000
 9.200000e+001  1.632210e+001 -2.134093e+000
 9.225000e+001  1.608114e+001 -2.935056e+000
 9.250000e+001  1.586517e+001 -2.595087e+000
 9.275000e+001  1.542232e+001 -1.905403e+000
 9.300000e+001  1.432650e+001 -2.269956e+000
 9.325000e+001  1.424736e+001 -2.605136e+000
 9.350000e+001  1.443567e+001 -2.343124e+000
 9.375000e+001  1.408553e+001 -2.434712e+000
 9.400000e+001  1.379288e+001 -2.232170e+000
 9.425000e+001  1.343102e+001 -2.763881e+000
 9.450000e+001  1.240723e+001 -2.142613e+000
 9.475000e+001  1.239981e+001 -2.869172e+000
 9.500000e+001  1.242158e+001 -2.732282e+000
 9.525000e+001  1.181305e+001 -2.337685e+000
 9.550000e+001  1.139612e+001 -2.672653e+000
 9.575000e+001  1.145272e+001 -1.956558e+000
 9.600000e+001  1.147914e+001 -2.170586e+000
 9.625000e+001  1.104871e+001 -2.161607e+000
 9.650000e+001  1.101958e+001 -2.011967e+000
 9.675000e+001  1.074546e+001 -1.879827e+000
 9.700000e+001  1.047091e+001 -1.839899e+000
 9.725000e+001  1.038498e+001 -2.134156e+000
 9.750000e+001  1.015496e+001 -2.110459e+000
 9.775000e+001  9.814036e+000 -1.805714e+000
 9.800000e+001  9.455964e+000 -1.661249e+000
 9.825000e+001  1.006672e+001 -1.692688e+000
 9.850000e+001  9.346021e+000 -1.342973e+000
 9.875000e+001  9.387315e+000 -1.426055e+000
 9.900000e+001  9.065562e+000 -1.671867e+000
 9.925000e+001  8.981548e+000 -1.530309e+000
 9.950000e+001  8.875846e+000 -1.090173e+000
 9.975000e+001  8.732228e+000 -1.357840e+000
 1.000000e+002  8.393505e+000 -9.692079e-001
 1.002500e+002  8.528186e+000 -8.797590e-001
 1.005000e+002  8.662497e+000 -8.278264e-001
 1.007500e+002  8.176693e+000 -1.371017e+000
 1.010000e+002  8.513219e+000 -1.235976e+000
 1.012500e+002  8.250771e+000 -1.162682e+000
 1.015000e+002  8.026101e+000 -9.924237e-001
 1.017500e+002  7.752707e+000 -7.454109e-001
 1.020000e+002  7.813874e+000 -6.494368e-001
 1.022500e+002  7.809348e+000 -7.763608e-001
 1.025000e+002  7.405358e+000 -5.619755e-001
 1.027500e+002  7.591567e+000 -5.994722e-001
 1.030000e+002  7.374746e+000 -1.138635e-001
 1.032500e+002  7.470104e+000 -5.495641e-001
 1.035000e+002  7.103553e+000 -2.029206e-001
 1.037500e+002  6.944334e+000 -7.149976e-002
 1.040000e+002  7.225588e+000 -1.589131e-001
 1.042500e+002  6.916002e+000  2.786377e-001
 1.045000e+002  6.984913e+000 -1.496625e-001
 1.047500e+002  6.897917e+000  2.225759e-001
 1.050000e+002  6.754544e+000  2.685555e-001
 1.052500e+002  6.792216e+000  3.373621e-001
 1.055000e+002  6.570895e+000  3.127569e-001
 1.057500e+002  6.741936e+000  2.598235e-001
 1.060000e+002  6.785952e+000  3.698741e-001
 1.062500e+002  6.365797e+000  6.857666e-001
 1.065000e+002  6.439681e+000  7.092737e-001
 1.067500e+002  6.451285e+000  4.745029e-001
 1.070000e+002  6.532353e+000  5.691905e-001
 1.072500e+002  6.759730e+000  7.347626e-001
 1.075000e+002  6.255090e+000  9.051967e-001
 1.077500e+002  6.392303e+000  7.414562e-001
 1.080000e+002  6.079543e+000  1.006766e+000
 1.082500e+002  6.287556e+000  1.158954e+000
 1.085000e+002  6.176125e+000  9.052300e-001
 1.087500e+002  6.219097e+000  1.041576e+000
 1.090000e+002  6.143928e+000  1.093468e+000
 1.092500e+002  5.957064e+000  1.229704e+000
 1.095000e+002  6.001767e+000  1.451343e+000
 1.097500e+002  6.138325e+000  1.281111e+000
 1.100000e+002  5.940956e+000  1.273623e+000
 1.102500e+002  6.074893e+000  1.635780e+000
 1.105000e+002  6.101615e+000  1.552531e+000
 1.107500e+002  6.044209e+000  1.419363e+000
 1.110000e+002  6.489753e+000  1.520897e+000
 1.112500e+002  6.169188e+000  1.347596e+000
 1.115000e+002  5.796781e+000  1.452060e+000
 1.117500e+002  6.221352e+000  1.364087e+000
 1.120000e+002  5.770195e+000  1.610783e+000
 1.122500e+002  5.812663e+000  1.231561e+000
 1.125000e+002  5.579951e+000  1.388943e+000
 1.127500e+002  5.456292e+000  1.540097e+000
 1.130000e+002  5.800248e+000  1.690139e+000
 1.132500e+002  5.630456e+000  1.607971e+000
 1.135000e+002  5.565095e+000  1.616268e+000
 1.137500e+002  5.610655e+000  1.374190e+000
 1.140000e+002  5.465753e+000  1.492481e+000
 1.142500e+002  5.447766e+000  1.637678e+000
 1.145000e+002  5.566803e+000  1.735240e+000
 1.147500e+002  5.308923e+000  1.548189e+000
 1.150000e+002  5.521073e+000  1.806458e+000
 1.152500e+002  5.689887e+000  1.344878e+000
 1.155000e+002  5.398933e+000  1.649632e+000
 1.157500e+002  5.349682e+000  1.668551e+000
 1.160000e+002  5.364497e+000  1.575514e+000
 1.162500e+002  5.372894e+000  1.691905e+000
 1.165000e+002  5.371535e+000  1.878806e+000
 1.167500e+002  5.448646e+000  1.618575e+000
 1.170000e+002  5.457939e+000  1.369823e+000
 1.172500e+002  5.172604e+000  1.302920e+000
 1.175000e+002  5.265563e+000  1.140849e+000
 1.177500e+002  4.964282e+000  1.249656e+000
 1.180000e+002  5.228082e+000  1.254845e+000
 1.182500e+002  5.016510e+000  1.431008e+000
 1.185000e+002  5.011866e+000  1.467501e+000
 1.187500e+002  5.140901e+000  1.440940e+000
 1.190000e+002  5.070094e+000  1.351935e+000
 1.192500e+002  5.014362e+000  1.299610e+000
 1.195000e+002  5.001405e+000  1.340657e+000
 1.197500e+002  4.843438e+000  1.643673e+000
 1.200000e+002  5.098084e+000  1.287401e+000
 1.202500e+002  4.905218e+000  1.406605e+000
 1.205000e+002  4.786142e+000  1.549793e+000
 1.207500e+002  4.837928e+000  1.134730e+000
 1.210000e+002  4.580791e+000  1.338822e+000
 1.212500e+002  4.606139e+000  1.362454e+000
 1.215000e+002  4.503531e+000  1.460592e+000
 1.217500e+002  4.905773e+000  1.500633e+000
 1.220000e+002  4.429527e+000  1.219074e+000
 1.222500e+002  4.459782e+000  1.212347e+000
 1.225000e+002  4.290173e+000  1.241747e+000
 1.227500e+002  4.224082e+000  1.341312e+000
 1.230000e+002  4.441232e+000  1.188722e+000
 1.232500e+002  4.027630e+000  1.424044e+000
 1.235000e+002  4.099514e+000  1.350284e+000
 1.237500e+002  4.087076e+000  1.287325e+000
 1.240000e+002  4.163291e+000  1.382402e+000
 1.242500e+002  4.126709e+000  1.317650e+000
 1.245000e+002  3.930417e+000  1.316673e+000
 1.247500e+002  3.819033e+000  1.315036e+000
 1.250000e+002  3.724463e+000  1.190704e+000
 1.252500e+002  3.547369e+000  1.390193e+000
 1.255000e+002  3.791582e+000  1.244599e+000
 1.257500e+002  3.619439e+000  1.214729e+000
 1.260000e+002  3.349293e+000  1.196508e+000
 1.262500e+002  3.706166e+000  1.343709e+000
 1.265000e+002  3.657243e+000  1.144264e+000
 1.267500e+002  3.451813e+000  1.417716e+000
 1.270000e+002  3.361017e+000  1.134438e+000
 1.272500e+002  3.342418e+000  1.279775e+000
 1.275000e+002  3.203874e+000  1.370276e+000
 1.277500e+002  3.391769e+000  1.239233e+000
 1.280000e+002  3.000040e+000  1.363553e+000
 1.282500e+002  3.057550e+000  1.084589e+000
 1.285000e+002  3.034259e+000  1.222666e+000
 1.287500e+002  2.820340e+000  1.059636e+000
 1.290000e+002  2.853626e+000  1.386524e+000
 1.292500e+002  3.075231e+000  1.175211e+000
 1.295000e+002  2.771360e+000  1.313307e+000
 1.297500e+002  2.730483e+000  1.200946e+000
 1.300000e+002  2.845855e+000  1.277187e+000
 1.302500e+002  2.624568e+000  1.453009e+000
 1.305000e+002  2.773275e+000  1.299882e+000
 1.307500e+002  2.875972e+000  1.483595e+000
 1.310000e+002  2.833688e+000  1.446895e+000
 1.312500e+002  2.783599e+000  1.365186e+000
 1.315000e+002  2.396512e+000  1.172533e+000
 1.317500e+002  2.399164e+000  1.511689e+000
 1.320000e+002  2.659555e+000  1.449789e+000
 1.322500e+002  2.579411e+000  1.382915e+000
 1.325000e+002  2.490978e+000  1.426209e+000
 1.327500e+002  2.682449e+000  1.215612e+000
 1.330000e+002  2.419873e+000  1.416487e+000
 1.332500e+002  2.279954e+000  1.285041e+000
 1.335000e+002  2.451274e+000  1.540462e+000
 1.337500e+002  2.518018e+000  1.343252e+000
 1.340000e+002  2.414407e+000  1.503110e+000
 1.342500e+002  2.348126e+000  1.077173e+000
 1.345000e+002  2.471207e+000  1.306154e+000
 1.347500e+002  2.327318e+000  1.351242e+000
 1.350000e+002  2.343898e+000  1.223905e+000
 1.352500e+002  2.145696e+000  1.308125e+000
 1.355000e+002  2.216714e+000  1.175117e+000
 1.357500e+002  2.510183e+000  1.175313e+000
 1.360000e+002  2.369354e+000  1.258963e+000
 1.362500e+002  2.243241e+000  1.324723e+000
 1.365000e+002  2.278625e+000  1.085922e+000
 1.367500e+002  2.077687e+000  1.210127e+000
 1.370000e+002  2.117180e+000  1.295375e+000
 1.372500e+002  2.186743e+000  1.244295e+000
 1.375000e+002  2.139244e+000  1.121706e+000
 1.377500e+002  2.267900e+000  1.212364e+000
 1.380000e+002  2.069724e+000  1.187510e+000
 1.382500e+002  2.117476e+000  1.081113e+000
 1.385000e+002  2.085772e+000  1.053309e+000
 1.387500e+002  1.841885e+000  1.223434e+000
 1.390000e+002  2.130022e+000  1.139484e+000
 1.392500e+002  1.840888e+000  9.792179e-001
 1.395000e+002  1.960317e+000  1.200346e+000
 1.397500e+002  1.864745e+000  9.415372e-001
 1.400000e+002  1.911740e+000  1.083540e+000
 1.402500e+002  1.703864e+000  8.898156e-001
 1.405000e+002  1.817169e+000  8.643291e-001
 1.407500e+002  1.882427e+000  9.808610e-001
 1.410000e+002  1.755266e+000  1.077668e+000
 1.412500e+002  1.606497e+000  8.094943e-001
 1.415000e+002  1.722382e+000  6.857910e-001
 1.417500e+002  1.754141e+000  1.008256e+000
 1.420000e+002  1.632569e+000  7.795042e-001
 1.422500e+002  1.641422e+000  7.042478e-001
 1.425000e+002  1.590840e+000  7.485721e-001
 1.427500e+002  1.579094e+000  7.282470e-001
 1.430000e+002  1.523282e+000  6.842806e-001
 1.432500e+002  1.544996e+000  6.762595e-001
 1.435000e+002  1.544013e+000  8.008921e-001
 1.437500e+002  1.585583e+000  6.129102e-001
 1.440000e+002  1.455675e+000  5.759791e-001
 1.442500e+002  1.300979e+000  5.866326e-001
 1.445000e+002  1.174182e+000  4.500111e-001
 1.447500e+002  1.258878e+000  4.576297e-001
 1.450000e+002  1.299267e+000  3.516726e-001
 1.452500e+002  1.373662e+000  6.062570e-001
 1.455000e+002  1.283964e+000  3.355641e-001
 1.457500e+002  1.034029e+000  5.414416e-001
 1.460000e+002  1.043108e+000  4.354155e-001
 1.462500e+002  1.039422e+000  2.379139e-001
 1.465000e+002  1.071686e+000  3.615637e-001
 1.467500e+002  1.054076e+000  4.944026e-001
 1.470000e+002  1.117760e+000  5.234873e-001
 1.472500e+002  1.101336e+000  5.089729e-001
 1.475000e+002  1.239655e+000  4.865136e-001
 1.477500e+002  1.022103e+000  2.733447e-001
 1.480000e+002  1.038245e+000  4.369602e-001
 1.482500e+002  9.898545e-001  2.227732e-001
 1.485000e+002  1.042440e+000  3.627418e-001
 1.487500e+002  1.075761e+000  1.423663e-001
 1.490000e+002  1.083336e+000  1.960866e-001
 1.492500e+002  9.984468e-001  1.978820e-001
 1.495000e+002  9.257458e-001  2.028578e-001
 1.497500e+002  9.278674e-001  1.624373e-001
 1.500000e+002  1.056773e+000  2.310367e-001
 1.502500e+002  8.516876e-001  7.773206e-002
 1.505000e+002  9.018225e-001  8.053892e-002
 1.507500e+002  9.551985e-001  4.285996e-002
 1.510000e+002  1.023239e+000  3.081850e-001
 1.512500e+002  7.447271e-001  1.965566e-001
 1.515000e+002  1.052016e+000 -1.536550e-002
 1.517500e+002  6.620418e-001  1.062795e-001
 1.520000e+002  7.064150e-001 -2.658323e-002
 1.522500e+002  6.235503e-001  6.573202e-003
 1.525000e+002  8.214642e-001 -2.626452e-002
 1.527500e+002  7.200437e-001  9.329250e-002
 1.530000e+002  7.545239e-001  6.063676e-002
 1.532500e+002  6.590397e-001 -1.960976e-001
 1.535000e+002  6.276324e-001  1.392313e-001
 1.537500e+002  6.147740e-001  1.567183e-001
 1.540000e+002  6.655368e-001 -1.078980e-001
 1.542500e+002  7.955756e-001  6.068800e-002
 1.545000e+002  5.618068e-001  1.440259e-001
 1.547500e+002  6.801683e-001 -1.491246e-002
 1.550000e+002  5.139758e-001 -1.133957e-001
 1.552500e+002  5.042433e-001  9.814337e-002
 1.555000e+002  4.920752e-001 -9.929202e-002
 1.557500e+002  6.869214e-001  2.658374e-002
 1.560000e+002  4.386527e-001  3.572362e-002
 1.562500e+002  5.977267e-001  7.070792e-003
 1.565000e+002  4.970709e-001  1.435411e-001
 1.567500e+002  5.627279e-001 -1.432420e-001
 1.570000e+002  5.893053e-001 -2.134538e-001
 1.572500e+002  5.251184e-001 -3.933041e-002
 1.575000e+002  4.704915e-001 -6.167203e-002
 1.577500e+002  6.288599e-001  2.470403e-002
 1.580000e+002  5.922505e-001 -1.048280e-001
 1.582500e+002  5.362667e-001 -2.657611e-001
 1.585000e+002  6.472600e-001 -5.042988e-002
 1.587500e+002  5.528206e-001 -1.133192e-001
 1.590000e+002  6.698311e-001 -2.301433e-001
 1.592500e+002  7.980817e-001 -3.429897e-001
 1.595000e+002  6.876240e-001 -1.023320e-002
 1.597500e+002  5.285568e-001 -4.914416e-002
 1.600000e+002  7.202302e-001 -2.897427e-001
 1.602500e+002  6.634508e-001 -2.017662e-001
 1.605000e+002  7.141053e-001 -2.994739e-001
 1.607500e+002  6.850083e-001 -4.186429e-001
 1.610000e+002  8.080404e-001 -2.819881e-001
 1.612500e+002  9.349636e-001 -4.527250e-001
 1.615000e+002  7.097971e-001 -4.137244e-001
 1.617500e+002  6.401320e-001 -5.495051e-001
 1.620000e+002  7.604361e-001 -5.125452e-001
 1.622500e+002  7.064670e-001 -3.923285e-001
 1.625000e+002  8.330357e-001 -6.642570e-001
 1.627500e+002  7.651439e-001 -4.861867e-001
 1.630000e+002  8.291408e-001 -5.988318e-001
 1.632500e+002  7.630138e-001 -7.829048e-001
 1.635000e+002  7.098101e-001 -7.612499e-001
 1.637500e+002  4.246787e-001 -8.348784e-001
 1.640000e+002  5.606092e-001 -8.224285e-001
 1.642500e+002  6.729121e-001 -7.236643e-001
 1.645000e+002  5.560316e-001 -7.624328e-001
 1.647500e+002  6.085654e-001 -8.178532e-001
 1.650000e+002  5.456289e-001 -8.975584e-001
 1.652500e+002  4.102113e-001 -6.919860e-001
 1.655000e+002  3.576311e-001 -8.060746e-001
 1.657500e+002  5.276962e-001 -8.115224e-001
 1.660000e+002  4.359575e-001 -9.192352e-001
 1.662500e+002  5.156865e-001 -6.662286e-001
 1.665000e+002  6.324282e-001 -6.603867e-001
 1.667500e+002  4.392958e-001 -7.494929e-001
 1.670000e+002  4.517097e-001 -7.705191e-001
 1.672500e+002  3.696223e-001 -7.008789e-001
 1.675000e+002  4.368858e-001 -7.190140e-001
 1.677500e+002  3.340093e-001 -7.414770e-001
 1.680000e+002  5.039462e-001 -7.369416e-001
 1.682500e+002  3.186738e-001 -7.960871e-001
 1.685000e+002  2.821702e-001 -4.651064e-001
 1.687500e+002  4.624861e-001 -5.111836e-001
 1.690000e+002  3.742051e-001 -5.849987e-001
 1.692500e+002  4.183572e-001 -4.923462e-001
 1.695000e+002  4.433734e-001 -6.705785e-001
 1.697500e+002  3.521062e-001 -5.243970e-001
 1.700000e+002  6.180962e-001 -2.128941e-001
 1.702500e+002  2.229829e-001 -2.760769e-001
 1.705000e+002  5.354420e-001 -8.838631e-002
 1.707500e+002  5.113001e-001 -2.618357e-002
 1.710000e+002  5.094150e-001 -4.576990e-003
 1.712500e+002  5.925984e-001 -1.888136e-001
 1.715000e+002  8.665588e-001  8.002852e-002
 1.717500e+002  7.928578e-001  1.875873e-001
 1.720000e+002  1.096012e+000  6.377575e-002
 1.722500e+002  1.087675e+000  1.190268e-001
 1.725000e+002  1.233734e+000 -1.012768e-001
 1.727500e+002  1.179639e+000 -8.241559e-002
 1.730000e+002  1.390646e+000 -6.624060e-002
 1.732500e+002  1.481646e+000 -7.258512e-002
 1.735000e+002  1.774164e+000 -2.696676e-001
 1.737500e+002  1.560928e+000 -2.716152e-001
 1.740000e+002  1.589762e+000 -3.699450e-001
 1.742500e+002  1.666461e+000 -1.948661e-001
 1.745000e+002  1.698276e+000 -3.493310e-001
 1.747500e+002  1.693525e+000 -4.639015e-001
 1.750000e+002  1.784186e+000 -3.970177e-001
 1.752500e+002  1.917635e+000 -5.587627e-001
 1.755000e+002  1.698213e+000 -5.903111e-001
 1.757500e+002  1.857141e+000 -5.257367e-001
 1.760000e+002  1.816364e+000 -7.994612e-001
 1.762500e+002  2.040039e+000 -5.894418e-001
 1.765000e+002  1.914398e+000 -6.730142e-001
 1.767500e+002  2.001802e+000 -5.881866e-001
 1.770000e+002  2.058151e+000 -7.225215e-001
 1.772500e+002  1.979759e+000 -8.104404e-001
 1.775000e+002  2.018884e+000 -9.329988e-001
 1.777500e+002  2.213672e+000 -8.276854e-001
 1.780000e+002  1.954079e+000 -9.799194e-001
 1.782500e+002  1.993585e+000 -9.368050e-001
 1.785000e+002  1.927414e+000 -1.093757e+000
 1.787500e+002  2.041300e+000 -1.112171e+000
 1.790000e+002  2.087515e+000 -9.703840e-001
 1.792500e+002  2.000351e+000 -1.096735e+000
 1.795000e+002  2.372540e+000 -9.641260e-001
 1.797500e+002  2.147592e+000 -1.110468e+000
 1.800000e+002  2.099748e+000 -1.101600e+000
 1.802500e+002  2.048156e+000 -1.085056e+000
 1.805000e+002  2.120938e+000 -1.272098e+000
 1.807500e+002  2.082887e+000 -1.111850e+000
 1.810000e+002  2.138261e+000 -8.986276e-001
 1.812500e+002  2.149010e+000 -1.333974e+000
 1.815000e+002  2.091885e+000 -1.260924e+000
 1.817500e+002  1.997071e+000 -1.115306e+000
 1.820000e+002  1.961282e+000 -1.308726e+000
 1.822500e+002  2.163711e+000 -1.252943e+000
 1.825000e+002  2.043575e+000 -1.056885e+000
 1.827500e+002  2.113589e+000 -1.103666e+000
 1.830000e+002  2.044843e+000 -9.520253e-001
 1.832500e+002  2.092193e+000 -1.044274e+000
 1.835000e+002  2.310109e+000 -1.092265e+000
 1.837500e+002  2.423916e+000 -1.083843e+000
 1.840000e+002  2.082709e+000 -1.149023e+000
 1.842500e+002  2.047301e+000 -1.077185e+000
 1.845000e+002  2.274455e+000 -1.208891e+000
 1.847500e+002  2.180999e+000 -1.146411e+000
 1.850000e+002  2.247590e+000 -1.067059e+000
 1.852500e+002  2.175366e+000 -1.227231e+000
 1.855000e+002  2.392063e+000 -1.241172e+000
 1.857500e+002  2.256372e+000 -1.110491e+000
 1.860000e+002  2.315741e+000 -1.177379e+000
 1.862500e+002  2.211299e+000 -1.134200e+000
 1.865000e+002  2.354835e+000 -1.002229e+000
 1.867500e+002  2.372774e+000 -1.120144e+000
 1.870000e+002  2.209543e+000 -1.060997e+000
 1.872500e+002  2.120853e+000 -1.022374e+000
 1.875000e+002  2.306316e+000 -1.146060e+000
 1.877500e+002  2.182423e+000 -1.137947e+000
 1.880000e+002  2.193644e+000 -1.192372e+000
 1.882500e+002  2.327363e+000 -1.063312e+000
 1.885000e+002  2.164932e+000 -1.149493e+000
 1.887500e+002  2.211861e+000 -9.702966e-001
 1.890000e+002  2.393983e+000 -1.090824e+000
 1.892500e+002  2.181298e+000 -9.225431e-001
 1.895000e+002  2.222397e+000 -9.663980e-001
 1.897500e+002  2.308324e+000 -9.987171e-001
 1.900000e+002  2.279846e+000 -1.037977e+000
 1.902500e+002  2.271446e+000 -9.169307e-001
 1.905000e+002  2.144544e+000 -8.121030e-001
 1.907500e+002  2.111161e+000 -9.277627e-001
 1.910000e+002  2.243024e+000 -9.151967e-001
 1.912500e+002  2.125233e+000 -9.246622e-001
 1.915000e+002  2.250199e+000 -7.674714e-001
 1.917500e+002  2.290959e+000 -7.206002e-001
 1.920000e+002  2.122641e+000 -9.150838e-001
 1.922500e+002  2.297453e+000 -7.968745e-001
 1.925000e+002  2.341085e+000 -7.553157e-001
 1.927500e+002  2.302663e+000 -8.464918e-001
 1.930000e+002  2.329587e+000 -6.668935e-001
 1.932500e+002  2.322447e+000 -8.500452e-001
 1.935000e+002  2.443461e+000 -6.924488e-001
 1.937500e+002  2.395056e+000 -7.833466e-001
 1.940000e+002  2.339689e+000 -5.617811e-001
 1.942500e+002  2.368452e+000 -7.496507e-001
 1.945000e+002  2.292749e+000 -7.511714e-001
 1.947500e+002  2.379153e+000 -5.645634e-001
 1.950000e+002  2.284901e+000 -5.416722e-001
 1.952500e+002  2.404866e+000 -6.871636e-001
 1.955000e+002  2.365519e+000 -4.647948e-001
 1.957500e+002  2.456959e+000 -3.817889e-001
 1.960000e+002  2.420192e+000 -5.339352e-001
 1.962500e+002  2.600762e+000 -3.459664e-001
 1.965000e+002  2.468650e+000 -4.866472e-001
 1.967500e+002  2.583375e+000 -4.643765e-001
 1.970000e+002  2.419747e+000 -5.700715e-001
 1.972500e+002  2.558572e+000 -3.303023e-001
 1.975000e+002  2.421847e+000 -1.334032e-001
 1.977500e+002  2.480391e+000 -4.830741e-001
 1.980000e+002  2.500843e+000 -5.081916e-001
 1.982500e+002  2.539661e+000 -2.890189e-001
 1.985000e+002  2.583034e+000 -2.751819e-001
 1.987500e+002  2.528935e+000 -3.198348e-001
 1.990000e+002  2.670147e+000 -1.917325e-001
 1.992500e+002  2.571298e+000 -2.441590e-001
 1.995000e+002  2.729105e+000 -2.419983e-001
 1.997500e+002  2.544036e+000 -2.392080e-001
 2.000000e+002  2.638774e+000 -1.670664e-001
 2.002500e+002  2.505231e+000 -1.549856e-001
 2.005000e+002  2.642130e+000 -1.337269e-001
 2.007500e+002  2.467855e+000 -1.610748e-001
 2.010000e+002  2.437714e+000 -2.070545e-001
 2.012500e+002  2.464315e+000 -7.003584e-002
 2.015000e+002  2.545788e+000  1.015008e-003
 2.017500e+002  2.395892e+000 -1.186227e-001
 2.020000e+002  2.402382e+000  1.645001e-001
 2.022500e+002  2.519916e+000  1.602963e-001
 2.025000e+002  2.460410e+000  4.887109e-002
 2.027500e+002  2.621956e+000  4.954432e-002
 2.030000e+002  2.406626e+000  1.839813e-001
 2.032500e+002  2.523137e+000  1.131561e-001
 2.035000e+002  2.536264e+000  2.399233e-001
 2.037500e+002  2.364544e+000  2.121885e-001
 2.040000e+002  2.210973e+000  2.963794e-001
 2.042500e+002  2.371031e+000  2.829962e-001
 2.045000e+002  2.447848e+000  2.082831e-001
 2.047500e+002  2.358849e+000  2.028295e-001
 2.050000e+002  2.300349e+000  8.518994e-002
 2.052500e+002  2.494384e+000  4.227338e-001
 2.055000e+002  2.499236e+000  3.960642e-001
 2.057500e+002  2.355369e+000  3.787080e-001
 2.060000e+002  2.332773e+000  2.391151e-001
 2.062500e+002  2.236797e+000  2.340700e-001
 2.065000e+002  2.490392e+000  2.806810e-001
 2.067500e+002  2.269721e+000  5.063900e-001
 2.070000e+002  2.196958e+000  3.174802e-001
 2.072500e+002  2.300893e+000  3.532825e-001
 2.075000e+002  2.335519e+000  4.455414e-001
 2.077500e+002  2.324251e+000  3.629619e-001
 2.080000e+002  2.151662e+000  5.595796e-001
 2.082500e+002  2.106570e+000  5.039179e-001
 2.085000e+002  2.065001e+000  6.563556e-001
 2.087500e+002  2.318390e+000  5.582786e-001
 2.090000e+002  2.246215e+000  6.277111e-001
 2.092500e+002  1.861141e+000  3.972783e-001
 2.095000e+002  2.413200e+000  5.053237e-001
 2.097500e+002  2.453027e+000  6.543793e-001
 2.100000e+002  2.306765e+000  5.420578e-001
 2.102500e+002  2.228822e+000  9.773155e-001
 2.105000e+002  2.197229e+000  6.678252e-001
 2.107500e+002  2.105658e+000  6.628078e-001
 2.110000e+002  1.946846e+000  7.805312e-001
 2.112500e+002  1.911154e+000  6.975405e-001
 2.115000e+002  2.119462e+000  1.002432e+000
 2.117500e+002  2.246560e+000  7.488506e-001
 2.120000e+002  2.180657e+000  8.259802e-001
 2.122500e+002  2.175844e+000  6.517553e-001
 2.125000e+002  2.056214e+000  1.030442e+000
 2.127500e+002  2.035144e+000  9.872166e-001
 2.130000e+002  2.011522e+000  1.095804e+000
 2.132500e+002  1.931581e+000  9.855499e-001
 2.135000e+002  2.031850e+000  9.409778e-001
 2.137500e+002  1.807918e+000  1.133641e+000
 2.140000e+002  2.003335e+000  9.755796e-001
 2.142500e+002  2.032218e+000  9.100407e-001
 2.145000e+002  1.996454e+000  8.603256e-001
 2.147500e+002  1.746303e+000  1.014506e+000
 2.150000e+002  1.726571e+000  1.218490e+000
 2.152500e+002  1.899461e+000  1.028103e+000
 2.155000e+002  1.633593e+000  8.454937e-001
 2.157500e+002  1.575239e+000  1.170282e+000
 2.160000e+002  1.840015e+000  8.909624e-001
 2.162500e+002  1.412127e+000  9.572580e-001
 2.165000e+002  1.527561e+000  1.134730e+000
 2.167500e+002  1.536282e+000  1.054251e+000
 2.170000e+002  1.537430e+000  9.532685e-001
 2.172500e+002  1.293470e+000  1.052011e+000
 2.175000e+002  1.608082e+000  8.749424e-001
 2.177500e+002  1.425310e+000  1.047045e+000
 2.180000e+002  1.266359e+000  1.115144e+000
 2.182500e+002  1.539116e+000  9.713976e-001
 2.185000e+002  1.417058e+000  1.161254e+000
 2.187500e+002  1.411270e+000  1.074136e+000
 2.190000e+002  1.404664e+000  1.126487e+000
 2.192500e+002  1.272763e+000  1.067707e+000
 2.195000e+002  1.374223e+000  1.082666e+000
 2.197500e+002  1.483095e+000  1.023133e+000
 2.200000e+002  1.219827e+000  1.066286e+000
 2.202500e+002  1.216836e+000  9.795430e-001
 2.205000e+002  1.135410e+000  9.864930e-001
 2.207500e+002  1.066393e+000  1.028442e+000
 2.210000e+002  1.011278e+000  9.607082e-001
 2.212500e+002  9.817716e-001  9.829971e-001
 2.215000e+002  1.115269e+000  1.051596e+000
 2.217500e+002  1.025379e+000  9.250787e-001
 2.220000e+002  9.834449e-001  1.023080e+000
 2.222500e+002  1.007351e+000  8.167379e-001
 2.225000e+002  1.042283e+000  1.119903e+000
 2.227500e+002  9.653603e-001  8.212039e-001
 2.230000e+002  7.917556e-001  8.824815e-001
 2.232500e+002  5.640189e-001  9.210907e-001
 2.235000e+002  8.337335e-001  1.048856e+000
 2.237500e+002  7.477577e-001  9.434896e-001
 2.240000e+002  7.531610e-001  8.178719e-001
 2.242500e+002  5.526837e-001  9.100998e-001
 2.245000e+002  4.019538e-001  5.966681e-001
 2.247500e+002  4.663250e-001  8.722233e-001
 2.250000e+002  4.598929e-001  8.141774e-001
 2.252500e+002  2.548427e-001  9.373660e-001
 2.255000e+002  5.159647e-001  7.886617e-001
 2.257500e+002  5.147994e-001  8.093719e-001
 2.260000e+002  4.305438e-001  1.039385e+000
 2.262500e+002  6.327145e-001  9.566676e-001
 2.265000e+002  2.512177e-001  8.994887e-001
 2.267500e+002  2.944645e-001  7.231123e-001
 2.270000e+002  1.225500e-001  7.886153e-001
 2.272500e+002  1.794114e-001  9.874952e-001
 2.275000e+002  1.335427e-001  7.707505e-001
 2.277500e+002  9.357583e-002  5.684856e-001
 2.280000e+002 -5.857746e-002  8.259636e-001
 2.282500e+002  1.201847e-001  7.065942e-001
 2.285000e+002 -6.020419e-002  5.209888e-001
 2.287500e+002  1.886568e-001  5.455869e-001
 2.290000e+002 -1.072172e-001  4.929762e-001
 2.292500e+002 -2.240761e-001  8.214819e-001
 2.295000e+002  6.705071e-002  7.490013e-001
 2.297500e+002 -6.157659e-002  6.409056e-001
 2.300000e+002 -1.788652e-001  4.090454e-001
 2.302500e+002 -2.449924e-001  4.731620e-001
 2.305000e+002 -6.449870e-003  4.426013e-001
 2.307500e+002 -2.323871e-001  4.386181e-001
 2.310000e+002 -7.368166e-002  1.065552e-001
 2.312500e+002 -4.188229e-001  2.664068e-001
 2.315000e+002 -2.591980e-001  3.924182e-001
 2.317500e+002 -2.822523e-001  3.604044e-001
 2.320000e+002 -2.254376e-001  3.537950e-001
 2.322500e+002 -4.104439e-002  1.987896e-001
 2.325000e+002 -6.498085e-002  8.358344e-002
 2.327500e+002 -3.168569e-001  2.222767e-001
 2.330000e+002 -3.742503e-001  2.929036e-002
 2.332500e+002 -1.914456e-001  6.063724e-002
 2.335000e+002 -3.404689e-001  5.418848e-002
 2.337500e+002 -3.021924e-001 -1.393471e-001
 2.340000e+002 -4.420644e-001 -5.276170e-003
 2.342500e+002 -5.353188e-001 -1.731901e-001
 2.345000e+002 -3.603215e-001 -4.108050e-001
 2.347500e+002 -4.005466e-001 -1.385236e-001
 2.350000e+002 -3.023715e-001 -2.839550e-001
 2.352500e+002 -4.590411e-001 -2.933012e-001
 2.355000e+002 -4.332483e-001 -3.517975e-001
 2.357500e+002 -3.298479e-001 -4.561312e-001
 2.360000e+002 -2.561830e-001 -4.545700e-001
 2.362500e+002 -4.635844e-001 -7.221600e-001
 2.365000e+002 -3.791488e-001 -6.295598e-001
 2.367500e+002 -5.125540e-001 -7.377624e-001
 2.370000e+002 -5.844277e-001 -6.711889e-001
 2.372500e+002 -6.913605e-001 -7.414237e-001
 2.375000e+002 -5.644981e-001 -7.123398e-001
 2.377500e+002 -6.141508e-001 -6.854963e-001
 2.380000e+002 -5.540739e-001 -8.824510e-001
 2.382500e+002 -5.164923e-001 -8.962620e-001
 2.385000e+002 -7.446149e-001 -8.121949e-001
 2.387500e+002 -3.462370e-001 -1.151175e+000
 2.390000e+002 -5.312327e-001 -1.110541e+000
 2.392500e+002 -5.482702e-001 -1.058982e+000
 2.395000e+002 -5.645367e-001 -1.201081e+000
 2.397500e+002 -6.558703e-001 -1.091520e+000
 2.400000e+002 -8.707523e-001 -1.266662e+000
 2.402500e+002 -6.930004e-001 -1.373266e+000
 2.405000e+002 -6.577138e-001 -1.336006e+000
 2.407500e+002 -5.077893e-001 -1.190766e+000
 2.410000e+002 -5.673659e-001 -1.386925e+000
 2.412500e+002 -5.084260e-001 -1.219229e+000
 2.415000e+002 -3.986047e-001 -1.504102e+000
 2.417500e+002 -4.074286e-001 -1.412280e+000
 2.420000e+002 -4.643465e-001 -1.553770e+000
 2.422500e+002 -6.725127e-001 -1.585060e+000
 2.425000e+002 -2.879510e-001 -1.368351e+000
 2.427500e+002 -2.800571e-001 -1.558064e+000
 2.430000e+002 -2.241135e-001 -1.739203e+000
 2.432500e+002 -3.494304e-001 -1.613518e+000
 2.435000e+002 -2.061731e-002 -1.502146e+000
 2.437500e+002 -1.165225e-001 -1.304588e+000
 2.440000e+002  7.437528e-002 -1.492212e+000
 2.442500e+002  7.597431e-002 -1.504068e+000
 2.445000e+002  3.735316e-002 -1.353556e+000
 2.447500e+002 -3.134448e-002 -1.383393e+000
 2.450000e+002  3.383063e-001 -1.281587e+000
 2.452500e+002  5.074674e-001 -1.644058e+000
 2.455000e+002  7.870273e-001 -1.515216e+000
 2.457500e+002  6.693138e-001 -1.479711e+000
 2.460000e+002  8.021795e-001 -1.612250e+000
 2.462500e+002  1.028534e+000 -1.391611e+000
 2.465000e+002  1.153557e+000 -1.532429e+000
 2.467500e+002  1.353278e+000 -1.602953e+000
 2.470000e+002  1.318348e+000 -2.074296e+000
 2.472500e+002  1.320587e+000 -1.745416e+000
 2.475000e+002  1.711125e+000 -1.754336e+000
 2.477500e+002  2.211043e+000 -2.044354e+000
 2.480000e+002  1.959734e+000 -2.494245e+000
 2.482500e+002  2.136496e+000 -2.561545e+000
 2.485000e+002  2.050164e+000 -2.343821e+000
 2.487500e+002  1.809343e+000 -2.786701e+000
 2.490000e+002  1.978230e+000 -2.255502e+000
 2.492500e+002  1.397937e+000 -2.319417e+000
 2.495000e+002  1.833478e+000 -2.293735e+000
 2.497500e+002  1.845723e+000 -2.708277e+000
 2.500000e+002  1.947692e+000 -2.080778e+000
 2.502500e+002  1.985114e+000 -2.564963e+000
 2.505000e+002  1.954113e+000 -1.931686e+000
 2.507500e+002  2.305987e+000 -2.255458e+000
 2.510000e+002  2.540434e+000 -2.182603e+000
 2.512500e+002  2.428979e+000 -1.969108e+000
 2.515000e+002  2.235059e+000 -1.930342e+000
 2.517500e+002  2.471576e+000 -1.922439e+000
 2.520000e+002  2.441070e+000 -1.839438e+000
 2.522500e+002  2.548142e+000 -1.802658e+000
 2.525000e+002  2.694394e+000 -1.747888e+000
 2.527500e+002  2.809012e+000 -1.577011e+000
 2.530000e+002  2.967332e+000 -1.870319e+000
 2.532500e+002  2.683335e+000 -1.519252e+000
 2.535000e+002  2.947657e+000 -1.246727e+000
 2.537500e+002  3.159409e+000 -9.319864e-001
 2.540000e+002  3.016252e+000 -1.125023e+000
 2.542500e+002  3.111439e+000 -9.290788e-001
 2.545000e+002  2.969260e+000 -8.569171e-001
 2.547500e+002  3.323090e+000 -8.049765e-001
 2.550000e+002  3.402861e+000 -5.626989e-001
 2.552500e+002  2.910792e+000 -4.857857e-001
 2.555000e+002  3.191621e+000 -8.041493e-002
 2.557500e+002  3.260398e+000  4.550071e-002
 2.560000e+002  3.443577e+000  1.744158e-003
