 0.000000e+000  9.797294e-001  0.000000e+000
 2.500000e-001  1.802281e-001  0.000000e+000
 5.000000e-001  2.801672e-001  0.000000e+000
 7.500000e-001  3.756254e-001  0.000000e+000
 1.000000e+000  4.579705e-001  0.000000e+000
 1.250000e+000  5.848233e-001  0.000000e+000
 1.500000e+000  7.414456e-001  0.000000e+000
 1.750000e+000  7.950591e-001  0.000000e+000
 2.000000e+000  6.975385e-001  0.000000e+000
 2.250000e+000  6.280397e-001  0.000000e+000
 2.500000e+000  5.311909e-001  0.000000e+000
 2.750000e+000  4.177662e-001  0.000000e+000
 3.000000e+000  8.708958e-002  0.000000e+000
 3.250000e+000  1.074002e-001  0.000000e+000
 3.500000e+000  1.660271e-001  0.000000e+000
 3.750000e+000  3.285137e-001  0.000000e+000
 4.000000e+000  3.129252e-002  0.000000e+000
 4.250000e+000  1.805588e-001  0.000000e+000
 4.500000e+000  7.217735e-002  0.000000e+000
 4.750000e+000  9.161765e-002  0.000000e+000
 5.000000e+000  2.960699e-001  0.000000e+000
 5.250000e+000  3.217091e-001  0.000000e+000
 5.500000e+000  3.357995e-001  0.000000e+000
 5.750000e+000  5.785310e-001  0.000000e+000
 6.000000e+000  3.210285e-001  0.000000e+000
 6.250000e+000  4.008590e-001  0.000000e+000
 6.500000e+000  7.390274e-001  0.000000e+000
 6.750000e+000  6.506121e-001  0.000000e+000
 7.000000e+000  8.007107e-001  0.000000e+000
 7.250000e+000  7.555632e-001  0.000000e+000
 7.500000e+000  8.251047e-001  0.000000e+000
 7.750000e+000  7.693452e-001  0.000000e+000
 8.000000e+000  8.203437e-001  0.000000e+000
 8.250000e+000  8.820803e-001  0.000000e+000
 8.500000e+000  8.941393e-001  0.000000e+000
 8.750000e+000  8.397339e-001  0.000000e+000
 9.000000e+000  8.986609e-001  0.000000e+000
 9.250000e+000  8.322220e-001  0.000000e+000
 9.500000e+000  9.039750e-001  0.000000e+000
 9.750000e+000  9.140430e-001  0.000000e+000
 1.000000e+001  8.997397e-001  0.000000e+000
 1.025000e+001  8.821760e-001  0.000000e+000
 1.050000e+001  8.953645e-001  0.000000e+000
 1.075000e+001  9.053313e-001  0.000000e+000
 1.100000e+001  9.365421e-001  0.000000e+000
 1.125000e+001  9.126369e-001  0.000000e+000
 1.150000e+001  9.287933e-001  0.000000e+000
 1.175000e+001  9.286041e-001  0.000000e+000
 1.200000e+001  9.451088e-001  0.000000e+000
 1.225000e+001  9.449020e-001  0.000000e+000
 1.250000e+001  9.495543e-001  0.000000e+000
 1.275000e+001  9.393190e-001  0.000000e+000
 1.300000e+001  9.354537e-001  0.000000e+000
 1.325000e+001  9.404839e-001  0.000000e+000
 1.350000e+001  9.528748e-001  0.000000e+000
 1.375000e+001  9.526768e-001  0.000000e+000
 1.400000e+001  9.269188e-001  0.000000e+000
 1.425000e+001  9.284108e-001  0.000000e+000
 1.450000e+001  9.306300e-001  0.000000e+000
 1.475000e+001  9.382501e-001  0.000000e+000
 1.500000e+001  9.197298e-001  0.000000e+000
 1.525000e+001  9.305490e-001  0.000000e+000
 1.550000e+001  9.262812e-001  0.000000e+000
 1.575000e+001  9.375592e-001  0.000000e+000
 1.600000e+001  9.419581e-001  0.000000e+000
 1.625000e+001  9.250510e-001  0.000000e+000
 1.650000e+001  9.425581e-001  0.000000e+000
 1.675000e+001  9.243273e-001  0.000000e+000
 1.700000e+001  9.071431e-001  0.000000e+000
 1.725000e+001  9.294121e-001  0.000000e+000
 1.750000e+001  9.114177e-001  0.000000e+000
 1.775000e+001  9.339471e-001  0.000000e+000
 1.800000e+001  9.213880e-001  0.000000e+000
 1.825000e+001  9.308809e-001  0.000000e+000
 1.850000e+001  9.263247e-001  0.000000e+000
 1.875000e+001  9.202360e-001  0.000000e+000
 1.900000e+001  9.170722e-001  0.000000e+000
 1.925000e+001  9.138008e-001  0.000000e+000
 1.950000e+001  9.173933e-001  0.000000e+000
 1.975000e+001  9.203078e-001  0.000000e+000
 2.000000e+001  9.243439e-001  0.000000e+000
 2.025000e+001  9.152588e-001  0.000000e+000
 2.050000e+001  8.981007e-001  0.000000e+000
 2.075000e+001  9.127375e-001  0.000000e+000
 2.100000e+001  9.317477e-001  0.000000e+000
 2.125000e+001  9.085707e-001  0.000000e+000
 2.150000e+001  9.250638e-001  0.000000e+000
 2.175000e+001  9.445668e-001  0.000000e+000
 2.200000e+001  9.264946e-001  0.000000e+000
 2.225000e+001  9.581052e-001  0.000000e+000
 2.250000e+001  8.549755e-001  0.000000e+000
 2.275000e+001  9.457787e-001  0.000000e+000
 2.300000e+001  9.141237e-001  0.000000e+000
 2.325000e+001  8.947199e-001  0.000000e+000
 2.350000e+001  8.739761e-001  0.000000e+000
 2.375000e+001  8.871296e-001  0.000000e+000
 2.400000e+001  9.213589e-001  0.000000e+000
 2.425000e+001  9.087307e-001  0.000000e+000
 2.450000e+001  9.141413e-001  0.000000e+000
 2.475000e+001  9.094895e-001  0.000000e+000
 2.500000e+001  9.083142e-001  0.000000e+000
 2.525000e+001  9.143943e-001  0.000000e+000
 2.550000e+001  8.990345e-001  0.000000e+000
 2.575000e+001  9.022354e-001  0.000000e+000
 2.600000e+001  8.829864e-001  0.000000e+000
 2.625000e+001  8.879709e-001  0.000000e+000
 2.650000e+001  8.953466e-001  0.000000e+000
 2.675000e+001  8.903717e-001  0.000000e+000
 2.700000e+001  8.926220e-001  0.000000e+000
 2.725000e+001  8.959463e-001  0.000000e+000
 2.750000e+001  8.770841e-001  0.000000e+000
 2.775000e+001  8.843008e-001  0.000000e+000
 2.800000e+001  8.989668e-001  0.000000e+000
 2.825000e+001  8.807925e-001  0.000000e+000
 2.850000e+001  8.784632e-001  0.000000e+000
 2.875000e+001  8.826012e-001  0.000000e+000
 2.900000e+001  8.797175e-001  0.000000e+000
 2.925000e+001  8.694431e-001  0.000000e+000
 2.950000e+001  8.961214e-001  0.000000e+000
 2.975000e+001  8.852842e-001  0.000000e+000
 3.000000e+001  8.990669e-001  0.000000e+000
 3.025000e+001  9.017446e-001  0.000000e+000
 3.050000e+001  8.932620e-001  0.000000e+000
 3.075000e+001  8.921478e-001  0.000000e+000
 3.100000e+001  8.749505e-001  0.000000e+000
 3.125000e+001  8.887270e-001  0.000000e+000
 3.150000e+001  8.942348e-001  0.000000e+000
 3.175000e+001  8.854907e-001  0.000000e+000
 3.200000e+001  8.936446e-001  0.000000e+000
 3.225000e+001  8.987105e-001  0.000000e+000
 3.250000e+001  8.903382e-001  0.000000e+000
 3.275000e+001  9.051838e-001  0.000000e+000
 3.300000e+001  8.900265e-001  0.000000e+000
 3.325000e+001  8.971995e-001  0.000000e+000
 3.350000e+001  9.007599e-001  0.000000e+000
 3.375000e+001  8.939129e-001  0.000000e+000
 3.400000e+001  9.021451e-001  0.000000e+000
 3.425000e+001  9.142962e-001  0.000000e+000
 3.450000e+001  9.074925e-001  0.000000e+000
 3.475000e+001  9.020095e-001  0.000000e+000
 3.500000e+001  9.337260e-001  0.000000e+000
 3.525000e+001  9.209023e-001  0.000000e+000
 3.550000e+001  9.173169e-001  0.000000e+000
 3.575000e+001  9.241074e-001  0.000000e+000
 3.600000e+001  9.264687e-001  0.000000e+000
 3.625000e+001  9.266811e-001  0.000000e+000
 3.650000e+001  9.325465e-001  0.000000e+000
 3.675000e+001  9.383162e-001  0.000000e+000
 3.700000e+001  9.065025e-001  0.000000e+000
 3.725000e+001  9.460362e-001  0.000000e+000
 3.750000e+001  9.365504e-001  0.000000e+000
 3.775000e+001  9.274731e-001  0.000000e+000
 3.800000e+001  9.470883e-001  0.000000e+000
 3.825000e+001  9.445522e-001  0.000000e+000
 3.850000e+001  9.380857e-001  0.000000e+000
 3.875000e+001  9.354683e-001  0.000000e+000
 3.900000e+001  9.366969e-001  0.000000e+000
 3.925000e+001  9.438046e-001  0.000000e+000
 3.950000e+001  9.470658e-001  0.000000e+000
 3.975000e+001  9.380721e-001  0.000000e+000
 4.000000e+001  9.344507e-001  0.000000e+000
 4.025000e+001  9.198521e-001  0.000000e+000
 4.050000e+001  9.346359e-001  0.000000e+000
 4.075000e+001  9.287344e-001  0.000000e+000
 4.100000e+001  9.369706e-001  0.000000e+000
 4.125000e+001  9.232059e-001  0.000000e+000
 4.150000e+001  9.242259e-001  0.000000e+000
 4.175000e+001  9.318863e-001  0.000000e+000
 4.200000e+001  9.128680e-001  0.000000e+000
 4.225000e+001  9.318070e-001  0.000000e+000
 4.250000e+001  9.152465e-001  0.000000e+000
 4.275000e+001  9.190780e-001  0.000000e+000
 4.300000e+001  9.406115e-001  0.000000e+000
 4.325000e+001  9.116246e-001  0.000000e+000
 4.350000e+001  9.391980e-001  0.000000e+000
 4.375000e+001  9.019918e-001  0.000000e+000
 4.400000e+001  9.238650e-001  0.000000e+000
 4.425000e+001  9.205257e-001  0.000000e+000
 4.450000e+001  8.923888e-001  0.000000e+000
 4.475000e+001  9.221114e-001  0.000000e+000
 4.500000e+001  9.379390e-001  0.000000e+000
 4.525000e+001  9.378960e-001  0.000000e+000
 4.550000e+001  9.237931e-001  0.000000e+000
 4.575000e+001  9.099327e-001  0.000000e+000
 4.600000e+001  9.259433e-001  0.000000e+000
 4.625000e+001  9.355270e-001  0.000000e+000
 4.650000e+001  9.039634e-001  0.000000e+000
 4.675000e+001  9.497603e-001  0.000000e+000
 4.700000e+001  9.373623e-001  0.000000e+000
 4.725000e+001  9.431363e-001  0.000000e+000
 4.750000e+001  9.408703e-001  0.000000e+000
 4.775000e+001  9.333325e-001  0.000000e+000
 4.800000e+001  9.352021e-001  0.000000e+000
 4.825000e+001  9.222045e-001  0.000000e+000
 4.850000e+001  9.400240e-001  0.000000e+000
 4.875000e+001  9.560995e-001  0.000000e+000
 4.900000e+001  9.266425e-001  0.000000e+000
 4.925000e+001  9.496098e-001  0.000000e+000
 4.950000e+001  9.624468e-001  0.000000e+000
 4.975000e+001  9.321325e-001  0.000000e+000
 5.000000e+001  9.464360e-001  0.000000e+000
 5.025000e+001  9.590499e-001  0.000000e+000
 5.050000e+001  9.526721e-001  0.000000e+000
 5.075000e+001  9.608033e-001  0.000000e+000
 5.100000e+001  9.568733e-001  0.000000e+000
 5.125000e+001  9.601043e-001  0.000000e+000
 5.150000e+001  9.552568e-001  0.000000e+000
 5.175000e+001  9.582024e-001  0.000000e+000
 5.200000e+001  9.574172e-001  0.000000e+000
 5.225000e+001  9.506545e-001  0.000000e+000
 5.250000e+001  9.654703e-001  0.000000e+000
 5.275000e+001  9.642789e-001  0.000000e+000
 5.300000e+001  9.665389e-001  0.000000e+000
 5.325000e+001  9.684252e-001  0.000000e+000
 5.350000e+001  9.630925e-001  0.000000e+000
 5.375000e+001  9.701062e-001  0.000000e+000
 5.400000e+001  9.723717e-001  0.000000e+000
 5.425000e+001  9.726383e-001  0.000000e+000
 5.450000e+001  9.660782e-001  0.000000e+000
 5.475000e+001  9.637753e-001  0.000000e+000
 5.500000e+001  9.653276e-001  0.000000e+000
 5.525000e+001  9.683415e-001  0.000000e+000
 5.550000e+001  9.666309e-001  0.000000e+000
 5.575000e+001  9.650421e-001  0.000000e+000
 5.600000e+001  9.571101e-001  0.000000e+000
 5.625000e+001  9.678880e-001  0.000000e+000
 5.650000e+001  9.571322e-001  0.000000e+000
 5.675000e+001  9.677591e-001  0.000000e+000
 5.700000e+001  9.556892e-001  0.000000e+000
 5.725000e+001  9.537999e-001  0.000000e+000
 5.750000e+001  9.591915e-001  0.000000e+000
 5.775000e+001  9.732618e-001  0.000000e+000
 5.800000e+001  9.633703e-001  0.000000e+000
 5.825000e+001  9.705447e-001  0.000000e+000
 5.850000e+001  9.674403e-001  0.000000e+000
 5.875000e+001  9.584522e-001  0.000000e+000
 5.900000e+001  9.690520e-001  0.000000e+000
 5.925000e+001  9.641789e-001  0.000000e+000
 5.950000e+001  9.662677e-001  0.000000e+000
 5.975000e+001  9.694498e-001  0.000000e+000
 6.000000e+001  9.439632e-001  0.000000e+000
 6.025000e+001  9.566606e-001  0.000000e+000
 6.050000e+001  9.732661e-001  0.000000e+000
 6.075000e+001  9.610086e-001  0.000000e+000
 6.100000e+001  9.643044e-001  0.000000e+000
 6.125000e+001  9.751110e-001  0.000000e+000
 6.150000e+001  9.669830e-001  0.000000e+000
 6.175000e+001  9.582184e-001  0.000000e+000
 6.200000e+001  9.683697e-001  0.000000e+000
 6.225000e+001  9.751887e-001  0.000000e+000
 6.250000e+001  9.696051e-001  0.000000e+000
 6.275000e+001  9.706860e-001  0.000000e+000
 6.300000e+001  9.628338e-001  0.000000e+000
 6.325000e+001  9.726226e-001  0.000000e+000
 6.350000e+001  9.776379e-001  0.000000e+000
 6.375000e+001  9.714903e-001  0.000000e+000
 6.400000e+001  9.722513e-001  0.000000e+000
 6.425000e+001  9.741150e-001  0.000000e+000
 6.450000e+001  9.692767e-001  0.000000e+000
 6.475000e+001  9.687634e-001  0.000000e+000
 6.500000e+001  9.728153e-001  0.000000e+000
 6.525000e+001  9.666364e-001  0.000000e+000
 6.550000e+001  9.721388e-001  0.000000e+000
 6.575000e+001  9.645174e-001  0.000000e+000
 6.600000e+001  9.808469e-001  0.000000e+000
 6.625000e+001  9.801830e-001  0.000000e+000
 6.650000e+001  9.757360e-001  0.000000e+000
 6.675000e+001  9.578119e-001  0.000000e+000
 6.700000e+001  9.726226e-001  0.000000e+000
 6.725000e+001  9.730332e-001  0.000000e+000
 6.750000e+001  9.781224e-001  0.000000e+000
 6.775000e+001  9.776908e-001  0.000000e+000
 6.800000e+001  9.727688e-001  0.000000e+000
 6.825000e+001  9.880402e-001  0.000000e+000
 6.850000e+001  9.746185e-001  0.000000e+000
 6.875000e+001  9.801260e-001  0.000000e+000
 6.900000e+001  9.829361e-001  0.000000e+000
 6.925000e+001  9.781788e-001  0.000000e+000
 6.950000e+001  9.787387e-001  0.000000e+000
 6.975000e+001  9.808904e-001  0.000000e+000
 7.000000e+001  9.827945e-001  0.000000e+000
 7.025000e+001  9.782822e-001  0.000000e+000
 7.050000e+001  9.791433e-001  0.000000e+000
 7.075000e+001  9.771881e-001  0.000000e+000
 7.100000e+001  9.746885e-001  0.000000e+000
 7.125000e+001  9.800649e-001  0.000000e+000
 7.150000e+001  9.823840e-001  0.000000e+000
 7.175000e+001  9.725789e-001  0.000000e+000
 7.200000e+001  9.760993e-001  0.000000e+000
 7.225000e+001  9.704789e-001  0.000000e+000
 7.250000e+001  9.719640e-001  0.000000e+000
 7.275000e+001  9.681947e-001  0.000000e+000
 7.300000e+001  9.658348e-001  0.000000e+000
 7.325000e+001  9.485237e-001  0.000000e+000
 7.350000e+001  9.193718e-001  0.000000e+000
 7.375000e+001  9.290583e-001  0.000000e+000
 7.400000e+001  9.226671e-001  0.000000e+000
 7.425000e+001  9.244657e-001  0.000000e+000
 7.450000e+001  9.207234e-001  0.000000e+000
 7.475000e+001  9.210734e-001  0.000000e+000
 7.500000e+001  9.131514e-001  0.000000e+000
 7.525000e+001  9.166223e-001  0.000000e+000
 7.550000e+001  9.385639e-001  0.000000e+000
 7.575000e+001  9.159002e-001  0.000000e+000
 7.600000e+001  9.329610e-001  0.000000e+000
 7.625000e+001  8.992124e-001  0.000000e+000
 7.650000e+001  9.116350e-001  0.000000e+000
 7.675000e+001  9.145228e-001  0.000000e+000
 7.700000e+001  9.288415e-001  0.000000e+000
 7.725000e+001  9.193193e-001  0.000000e+000
 7.750000e+001  9.102502e-001  0.000000e+000
 7.775000e+001  8.955206e-001  0.000000e+000
 7.800000e+001  9.125842e-001  0.000000e+000
 7.825000e+001  8.877150e-001  0.000000e+000
 7.850000e+001  9.228026e-001  0.000000e+000
 7.875000e+001  8.839889e-001  0.000000e+000
 7.900000e+001  8.865230e-001  0.000000e+000
 7.925000e+001  8.813363e-001  0.000000e+000
 7.950000e+001  9.066203e-001  0.000000e+000
 7.975000e+001  9.123275e-001  0.000000e+000
 8.000000e+001  8.983967e-001  0.000000e+000
 8.025000e+001  9.007969e-001  0.000000e+000
 8.050000e+001  9.063799e-001  0.000000e+000
 8.075000e+001  9.000330e-001  0.000000e+000
 8.100000e+001  9.028872e-001  0.000000e+000
 8.125000e+001  8.992010e-001  0.000000e+000
 8.150000e+001  8.613378e-001  0.000000e+000
 8.175000e+001  9.058822e-001  0.000000e+000
 8.200000e+001  8.859067e-001  0.000000e+000
 8.225000e+001  9.045031e-001  0.000000e+000
 8.250000e+001  8.723015e-001  0.000000e+000
 8.275000e+001  8.535382e-001  0.000000e+000
 8.300000e+001  8.884799e-001  0.000000e+000
 8.325000e+001  8.789034e-001  0.000000e+000
 8.350000e+001  8.702117e-001  0.000000e+000
 8.375000e+001  8.677313e-001  0.000000e+000
 8.400000e+001  8.986537e-001  0.000000e+000
 8.425000e+001  8.980085e-001  0.000000e+000
 8.450000e+001  8.895603e-001  0.000000e+000
 8.475000e+001  8.599154e-001  0.000000e+000
 8.500000e+001  8.582939e-001  0.000000e+000
 8.525000e+001  8.832651e-001  0.000000e+000
 8.550000e+001  8.815141e-001  0.000000e+000
 8.575000e+001  8.871629e-001  0.000000e+000
 8.600000e+001  8.668788e-001  0.000000e+000
 8.625000e+001  8.794811e-001  0.000000e+000
 8.650000e+001  8.761665e-001  0.000000e+000
 8.675000e+001  8.721780e-001  0.000000e+000
 8.700000e+001  8.694060e-001  0.000000e+000
 8.725000e+001  8.477129e-001  0.000000e+000
 8.750000e+001  8.468906e-001  0.000000e+000
 8.775000e+001  8.107824e-001  0.000000e+000
 8.800000e+001  8.459790e-001  0.000000e+000
 8.825000e+001  8.116893e-001  0.000000e+000
 8.850000e+001  7.879567e-001  0.000000e+000
 8.875000e+001  8.311161e-001  0.000000e+000
 8.900000e+001  8.332629e-001  0.000000e+000
 8.925000e+001  7.823238e-001  0.000000e+000
 8.950000e+001  7.989463e-001  0.000000e+000
 8.975000e+001  7.998381e-001  0.000000e+000
 9.000000e+001  8.377101e-001  0.000000e+000
 9.025000e+001  8.578455e-001  0.000000e+000
 9.050000e+001  8.450017e-001  0.000000e+000
 9.075000e+001  7.691134e-001  0.000000e+000
 9.100000e+001  8.146061e-001  0.000000e+000
 9.125000e+001  8.393457e-001  0.000000e+000
 9.150000e+001  8.480799e-001  0.000000e+000
 9.175000e+001  8.584971e-001  0.000000e+000
 9.200000e+001  8.973968e-001  0.000000e+000
 9.225000e+001  8.840474e-001  0.000000e+000
 9.250000e+001  9.256222e-001  0.000000e+000
 9.275000e+001  8.896186e-001  0.000000e+000
 9.300000e+001  9.361197e-001  0.000000e+000
 9.325000e+001  9.154680e-001  0.000000e+000
 9.350000e+001  9.195777e-001  0.000000e+000
 9.375000e+001  9.432687e-001  0.000000e+000
 9.400000e+001  9.218577e-001  0.000000e+000
 9.425000e+001  9.208809e-001  0.000000e+000
 9.450000e+001  9.485766e-001  0.000000e+000
 9.475000e+001  9.493453e-001  0.000000e+000
 9.500000e+001  9.213703e-001  0.000000e+000
 9.525000e+001  9.447756e-001  0.000000e+000
 9.550000e+001  9.392452e-001  0.000000e+000
 9.575000e+001  9.523960e-001  0.000000e+000
 9.600000e+001  9.370979e-001  0.000000e+000
 9.625000e+001  9.347335e-001  0.000000e+000
 9.650000e+001  9.371774e-001  0.000000e+000
 9.675000e+001  9.285592e-001  0.000000e+000
 9.700000e+001  9.422417e-001  0.000000e+000
 9.725000e+001  9.356820e-001  0.000000e+000
 9.750000e+001  9.522771e-001  0.000000e+000
 9.775000e+001  9.444852e-001  0.000000e+000
 9.800000e+001  9.358706e-001  0.000000e+000
 9.825000e+001  9.257727e-001  0.000000e+000
 9.850000e+001  9.353979e-001  0.000000e+000
 9.875000e+001  9.513237e-001  0.000000e+000
 9.900000e+001  9.476973e-001  0.000000e+000
 9.925000e+001  9.047005e-001  0.000000e+000
 9.950000e+001  9.300824e-001  0.000000e+000
 9.975000e+001  9.186159e-001  0.000000e+000
 1.000000e+002  9.302920e-001  0.000000e+000
 1.002500e+002  9.183615e-001  0.000000e+000
 1.005000e+002  9.364961e-001  0.000000e+000
 1.007500e+002  8.902901e-001  0.000000e+000
 1.010000e+002  8.973745e-001  0.000000e+000
 1.012500e+002  9.272009e-001  0.000000e+000
 1.015000e+002  8.779488e-001  0.000000e+000
 1.017500e+002  9.157899e-001  0.000000e+000
 1.020000e+002  9.267859e-001  0.000000e+000
 1.022500e+002  8.930830e-001  0.000000e+000
 1.025000e+002  8.910821e-001  0.000000e+000
 1.027500e+002  8.594502e-001  0.000000e+000
 1.030000e+002  9.308556e-001  0.000000e+000
 1.032500e+002  9.190438e-001  0.000000e+000
 1.035000e+002  9.083378e-001  0.000000e+000
 1.037500e+002  9.179277e-001  0.000000e+000
 1.040000e+002  8.676745e-001  0.000000e+000
 1.042500e+002  9.274370e-001  0.000000e+000
 1.045000e+002  8.608965e-001  0.000000e+000
 1.047500e+002  8.469010e-001  0.000000e+000
 1.050000e+002  8.672526e-001  0.000000e+000
 1.052500e+002  8.882072e-001  0.000000e+000
 1.055000e+002  9.169019e-001  0.000000e+000
 1.057500e+002  8.452967e-001  0.000000e+000
 1.060000e+002  8.876705e-001  0.000000e+000
 1.062500e+002  8.292522e-001  0.000000e+000
 1.065000e+002  8.629343e-001  0.000000e+000
 1.067500e+002  8.868814e-001  0.000000e+000
 1.070000e+002  8.836926e-001  0.000000e+000
 1.072500e+002  8.775076e-001  0.000000e+000
 1.075000e+002  8.559733e-001  0.000000e+000
 1.077500e+002  8.886518e-001  0.000000e+000
 1.080000e+002  8.797005e-001  0.000000e+000
 1.082500e+002  8.490714e-001  0.000000e+000
 1.085000e+002  8.662909e-001  0.000000e+000
 1.087500e+002  8.668776e-001  0.000000e+000
 1.090000e+002  8.466745e-001  0.000000e+000
 1.092500e+002  8.589168e-001  0.000000e+000
 1.095000e+002  8.986688e-001  0.000000e+000
 1.097500e+002  8.874481e-001  0.000000e+000
 1.100000e+002  8.203437e-001  0.000000e+000
 1.102500e+002  8.361155e-001  0.000000e+000
 1.105000e+002  8.905128e-001  0.000000e+000
 1.107500e+002  8.584578e-001  0.000000e+000
 1.110000e+002  8.230996e-001  0.000000e+000
 1.112500e+002  7.959090e-001  0.000000e+000
 1.115000e+002  8.517403e-001  0.000000e+000
 1.117500e+002  8.326002e-001  0.000000e+000
 1.120000e+002  8.708711e-001  0.000000e+000
 1.122500e+002  8.299609e-001  0.000000e+000
 1.125000e+002  7.142290e-001  0.000000e+000
 1.127500e+002  7.808192e-001  0.000000e+000
 1.130000e+002  8.408608e-001  0.000000e+000
 1.132500e+002  7.071265e-001  0.000000e+000
 1.135000e+002  7.457626e-001  0.000000e+000
 1.137500e+002  7.719851e-001  0.000000e+000
 1.140000e+002  7.166785e-001  0.000000e+000
 1.142500e+002  7.750202e-001  0.000000e+000
 1.145000e+002  7.498323e-001  0.000000e+000
 1.147500e+002  7.867708e-001  0.000000e+000
 1.150000e+002  8.092221e-001  0.000000e+000
 1.152500e+002  7.065716e-001  0.000000e+000
 1.155000e+002  7.656893e-001  0.000000e+000
 1.157500e+002  7.208303e-001  0.000000e+000
 1.160000e+002  7.012024e-001  0.000000e+000
 1.162500e+002  7.665093e-001  0.000000e+000
 1.165000e+002  6.760190e-001  0.000000e+000
 1.167500e+002  7.167594e-001  0.000000e+000
 1.170000e+002  7.395025e-001  0.000000e+000
 1.172500e+002  7.499468e-001  0.000000e+000
 1.175000e+002  8.076742e-001  0.000000e+000
 1.177500e+002  6.859184e-001  0.000000e+000
 1.180000e+002  7.422400e-001  0.000000e+000
 1.182500e+002  7.610497e-001  0.000000e+000
 1.185000e+002  7.560151e-001  0.000000e+000
 1.187500e+002  7.836916e-001  0.000000e+000
 1.190000e+002  7.579632e-001  0.000000e+000
 1.192500e+002  8.004518e-001  0.000000e+000
 1.195000e+002  7.134217e-001  0.000000e+000
 1.197500e+002  7.671692e-001  0.000000e+000
 1.200000e+002  7.924137e-001  0.000000e+000
 1.202500e+002  7.140068e-001  0.000000e+000
 1.205000e+002  7.672414e-001  0.000000e+000
 1.207500e+002  7.293785e-001  0.000000e+000
 1.210000e+002  7.325406e-001  0.000000e+000
 1.212500e+002  7.005789e-001  0.000000e+000
 1.215000e+002  7.997977e-001  0.000000e+000
 1.217500e+002  7.705527e-001  0.000000e+000
 1.220000e+002  7.423975e-001  0.000000e+000
 1.222500e+002  7.940730e-001  0.000000e+000
 1.225000e+002  7.939547e-001  0.000000e+000
 1.227500e+002  7.751957e-001  0.000000e+000
 1.230000e+002  8.093408e-001  0.000000e+000
 1.232500e+002  7.768578e-001  0.000000e+000
 1.235000e+002  8.166722e-001  0.000000e+000
 1.237500e+002  7.717857e-001  0.000000e+000
 1.240000e+002  8.685648e-001  0.000000e+000
 1.242500e+002  8.247119e-001  0.000000e+000
 1.245000e+002  7.891083e-001  0.000000e+000
 1.247500e+002  8.332219e-001  0.000000e+000
 1.250000e+002  8.591166e-001  0.000000e+000
 1.252500e+002  8.333709e-001  0.000000e+000
 1.255000e+002  8.371507e-001  0.000000e+000
 1.257500e+002  8.029676e-001  0.000000e+000
 1.260000e+002  7.868788e-001  0.000000e+000
 1.262500e+002  8.256400e-001  0.000000e+000
 1.265000e+002  7.797179e-001  0.000000e+000
 1.267500e+002  7.422317e-001  0.000000e+000
 1.270000e+002  8.340351e-001  0.000000e+000
 1.272500e+002  8.502421e-001  0.000000e+000
 1.275000e+002  8.628774e-001  0.000000e+000
 1.277500e+002  8.254274e-001  0.000000e+000
 1.280000e+002  8.030991e-001  0.000000e+000
 1.282500e+002  8.099068e-001  0.000000e+000
 1.285000e+002  7.619116e-001  0.000000e+000
 1.287500e+002  8.036864e-001  0.000000e+000
 1.290000e+002  8.051430e-001  0.000000e+000
 1.292500e+002  8.383070e-001  0.000000e+000
 1.295000e+002  8.360226e-001  0.000000e+000
 1.297500e+002  8.024542e-001  0.000000e+000
 1.300000e+002  8.406817e-001  0.000000e+000
 1.302500e+002  8.223458e-001  0.000000e+000
 1.305000e+002  8.331782e-001  0.000000e+000
 1.307500e+002  7.698563e-001  0.000000e+000
 1.310000e+002  8.465660e-001  0.000000e+000
 1.312500e+002  7.812351e-001  0.000000e+000
 1.315000e+002  7.949889e-001  0.000000e+000
 1.317500e+002  8.260367e-001  0.000000e+000
 1.320000e+002  8.214077e-001  0.000000e+000
 1.322500e+002  8.083113e-001  0.000000e+000
 1.325000e+002  8.433929e-001  0.000000e+000
 1.327500e+002  8.370783e-001  0.000000e+000
 1.330000e+002  7.968901e-001  0.000000e+000
 1.332500e+002  7.324514e-001  0.000000e+000
 1.335000e+002  7.589187e-001  0.000000e+000
 1.337500e+002  8.141381e-001  0.000000e+000
 1.340000e+002  7.264085e-001  0.000000e+000
 1.342500e+002  8.474482e-001  0.000000e+000
 1.345000e+002  8.023165e-001  0.000000e+000
 1.347500e+002  8.188998e-001  0.000000e+000
 1.350000e+002  8.632265e-001  0.000000e+000
 1.352500e+002  7.684346e-001  0.000000e+000
 1.355000e+002  7.569984e-001  0.000000e+000
 1.357500e+002  8.047411e-001  0.000000e+000
 1.360000e+002  7.125406e-001  0.000000e+000
 1.362500e+002  7.648905e-001  0.000000e+000
 1.365000e+002  7.829919e-001  0.000000e+000
 1.367500e+002  8.401709e-001  0.000000e+000
 1.370000e+002  8.635624e-001  0.000000e+000
 1.372500e+002  8.071967e-001  0.000000e+000
 1.375000e+002  8.209295e-001  0.000000e+000
 1.377500e+002  8.262808e-001  0.000000e+000
 1.380000e+002  7.968887e-001  0.000000e+000
 1.382500e+002  7.882480e-001  0.000000e+000
 1.385000e+002  7.775792e-001  0.000000e+000
 1.387500e+002  8.126420e-001  0.000000e+000
 1.390000e+002  8.023210e-001  0.000000e+000
 1.392500e+002  8.023871e-001  0.000000e+000
 1.395000e+002  8.500553e-001  0.000000e+000
 1.397500e+002  8.149254e-001  0.000000e+000
 1.400000e+002  8.426806e-001  0.000000e+000
 1.402500e+002  8.079187e-001  0.000000e+000
 1.405000e+002  8.278916e-001  0.000000e+000
 1.407500e+002  8.326753e-001  0.000000e+000
 1.410000e+002  8.417034e-001  0.000000e+000
 1.412500e+002  8.625268e-001  0.000000e+000
 1.415000e+002  8.395877e-001  0.000000e+000
 1.417500e+002  7.956364e-001  0.000000e+000
 1.420000e+002  8.076524e-001  0.000000e+000
 1.422500e+002  8.410439e-001  0.000000e+000
 1.425000e+002  8.405591e-001  0.000000e+000
 1.427500e+002  7.678939e-001  0.000000e+000
 1.430000e+002  8.277033e-001  0.000000e+000
 1.432500e+002  7.983691e-001  0.000000e+000
 1.435000e+002  7.801021e-001  0.000000e+000
 1.437500e+002  8.325122e-001  0.000000e+000
 1.440000e+002  7.696646e-001  0.000000e+000
 1.442500e+002  8.128248e-001  0.000000e+000
 1.445000e+002  8.188096e-001  0.000000e+000
 1.447500e+002  8.406101e-001  0.000000e+000
 1.450000e+002  8.595135e-001  0.000000e+000
 1.452500e+002  8.507564e-001  0.000000e+000
 1.455000e+002  7.523336e-001  0.000000e+000
 1.457500e+002  8.883822e-001  0.000000e+000
 1.460000e+002  8.538164e-001  0.000000e+000
 1.462500e+002  8.068882e-001  0.000000e+000
 1.465000e+002  8.310676e-001  0.000000e+000
 1.467500e+002  8.254457e-001  0.000000e+000
 1.470000e+002  8.906230e-001  0.000000e+000
 1.472500e+002  7.760386e-001  0.000000e+000
 1.475000e+002  8.301308e-001  0.000000e+000
 1.477500e+002  8.467567e-001  0.000000e+000
 1.480000e+002  8.101593e-001  0.000000e+000
 1.482500e+002  7.742506e-001  0.000000e+000
 1.485000e+002  8.001240e-001  0.000000e+000
 1.487500e+002  8.361256e-001  0.000000e+000
 1.490000e+002  8.228483e-001  0.000000e+000
 1.492500e+002  8.537890e-001  0.000000e+000
 1.495000e+002  7.437906e-001  0.000000e+000
 1.497500e+002  8.237277e-001  0.000000e+000
 1.500000e+002  7.839009e-001  0.000000e+000
 1.502500e+002  8.263979e-001  0.000000e+000
 1.505000e+002  7.565718e-001  0.000000e+000
 1.507500e+002  8.176137e-001  0.000000e+000
 1.510000e+002  7.831562e-001  0.000000e+000
 1.512500e+002  7.527949e-001  0.000000e+000
 1.515000e+002  7.151975e-001  0.000000e+000
 1.517500e+002  7.657060e-001  0.000000e+000
 1.520000e+002  7.618508e-001  0.000000e+000
 1.522500e+002  8.179657e-001  0.000000e+000
 1.525000e+002  8.033906e-001  0.000000e+000
 1.527500e+002  7.849483e-001  0.000000e+000
 1.530000e+002  7.607174e-001  0.000000e+000
 1.532500e+002  8.176482e-001  0.000000e+000
 1.535000e+002  8.201551e-001  0.000000e+000
 1.537500e+002  7.769541e-001  0.000000e+000
 1.540000e+002  7.584699e-001  0.000000e+000
 1.542500e+002  7.767645e-001  0.000000e+000
 1.545000e+002  7.356694e-001  0.000000e+000
 1.547500e+002  7.970295e-001  0.000000e+000
 1.550000e+002  8.099563e-001  0.000000e+000
 1.552500e+002  7.454708e-001  0.000000e+000
 1.555000e+002  7.827172e-001  0.000000e+000
 1.557500e+002  7.893482e-001  0.000000e+000
 1.560000e+002  7.993208e-001  0.000000e+000
 1.562500e+002  7.631612e-001  0.000000e+000
 1.565000e+002  7.980824e-001  0.000000e+000
 1.567500e+002  8.344485e-001  0.000000e+000
 1.570000e+002  7.455972e-001  0.000000e+000
 1.572500e+002  8.080320e-001  0.000000e+000
 1.575000e+002  8.442467e-001  0.000000e+000
 1.577500e+002  7.599460e-001  0.000000e+000
 1.580000e+002  8.110874e-001  0.000000e+000
 1.582500e+002  7.891572e-001  0.000000e+000
 1.585000e+002  7.852579e-001  0.000000e+000
 1.587500e+002  7.497323e-001  0.000000e+000
 1.590000e+002  7.063099e-001  0.000000e+000
 1.592500e+002  7.220739e-001  0.000000e+000
 1.595000e+002  7.766019e-001  0.000000e+000
 1.597500e+002  7.733939e-001  0.000000e+000
 1.600000e+002  8.056408e-001  0.000000e+000
 1.602500e+002  7.483355e-001  0.000000e+000
 1.605000e+002  8.261110e-001  0.000000e+000
 1.607500e+002  7.499344e-001  0.000000e+000
 1.610000e+002  8.171856e-001  0.000000e+000
 1.612500e+002  7.590367e-001  0.000000e+000
 1.615000e+002  6.834084e-001  0.000000e+000
 1.617500e+002  8.093794e-001  0.000000e+000
 1.620000e+002  7.786180e-001  0.000000e+000
 1.622500e+002  7.641999e-001  0.000000e+000
 1.625000e+002  7.809942e-001  0.000000e+000
 1.627500e+002  7.290534e-001  0.000000e+000
 1.630000e+002  7.784162e-001  0.000000e+000
 1.632500e+002  8.271257e-001  0.000000e+000
 1.635000e+002  7.975615e-001  0.000000e+000
 1.637500e+002  7.869390e-001  0.000000e+000
 1.640000e+002  8.193105e-001  0.000000e+000
 1.642500e+002  6.439755e-001  0.000000e+000
 1.645000e+002  7.586167e-001  0.000000e+000
 1.647500e+002  7.026749e-001  0.000000e+000
 1.650000e+002  7.028484e-001  0.000000e+000
 1.652500e+002  7.331517e-001  0.000000e+000
 1.655000e+002  7.487245e-001  0.000000e+000
 1.657500e+002  7.627200e-001  0.000000e+000
 1.660000e+002  7.923531e-001  0.000000e+000
 1.662500e+002  6.544446e-001  0.000000e+000
 1.665000e+002  7.549434e-001  0.000000e+000
 1.667500e+002  6.834145e-001  0.000000e+000
 1.670000e+002  6.937956e-001  0.000000e+000
 1.672500e+002  7.056721e-001  0.000000e+000
 1.675000e+002  6.621996e-001  0.000000e+000
 1.677500e+002  6.648349e-001  0.000000e+000
 1.680000e+002  5.937522e-001  0.000000e+000
 1.682500e+002  6.717205e-001  0.000000e+000
 1.685000e+002  7.692511e-001  0.000000e+000
 1.687500e+002  7.314884e-001  0.000000e+000
 1.690000e+002  7.544613e-001  0.000000e+000
 1.692500e+002  6.884146e-001  0.000000e+000
 1.695000e+002  7.341265e-001  0.000000e+000
 1.697500e+002  7.696928e-001  0.000000e+000
 1.700000e+002  6.651132e-001  0.000000e+000
 1.702500e+002  6.813603e-001  0.000000e+000
 1.705000e+002  7.108263e-001  0.000000e+000
 1.707500e+002  6.442774e-001  0.000000e+000
 1.710000e+002  7.215356e-001  0.000000e+000
 1.712500e+002  7.908984e-001  0.000000e+000
 1.715000e+002  7.886019e-001  0.000000e+000
 1.717500e+002  6.873879e-001  0.000000e+000
 1.720000e+002  7.250959e-001  0.000000e+000
 1.722500e+002  7.048931e-001  0.000000e+000
 1.725000e+002  7.344825e-001  0.000000e+000
 1.727500e+002  6.812574e-001  0.000000e+000
 1.730000e+002  8.264141e-001  0.000000e+000
 1.732500e+002  6.692919e-001  0.000000e+000
 1.735000e+002  6.207155e-001  0.000000e+000
 1.737500e+002  6.972980e-001  0.000000e+000
 1.740000e+002  6.915792e-001  0.000000e+000
 1.742500e+002  7.718862e-001  0.000000e+000
 1.745000e+002  7.479562e-001  0.000000e+000
 1.747500e+002  7.622361e-001  0.000000e+000
 1.750000e+002  7.590764e-001  0.000000e+000
 1.752500e+002  7.038060e-001  0.000000e+000
 1.755000e+002  6.319447e-001  0.000000e+000
 1.757500e+002  6.818111e-001  0.000000e+000
 1.760000e+002  6.986259e-001  0.000000e+000
 1.762500e+002  7.172135e-001  0.000000e+000
 1.765000e+002  7.431576e-001  0.000000e+000
 1.767500e+002  8.022123e-001  0.000000e+000
 1.770000e+002  6.435667e-001  0.000000e+000
 1.772500e+002  6.974320e-001  0.000000e+000
 1.775000e+002  7.018418e-001  0.000000e+000
 1.777500e+002  6.796048e-001  0.000000e+000
 1.780000e+002  7.476163e-001  0.000000e+000
 1.782500e+002  6.767864e-001  0.000000e+000
 1.785000e+002  6.739463e-001  0.000000e+000
 1.787500e+002  6.442642e-001  0.000000e+000
 1.790000e+002  7.294956e-001  0.000000e+000
 1.792500e+002  5.393165e-001  0.000000e+000
 1.795000e+002  7.353855e-001  0.000000e+000
 1.797500e+002  5.995268e-001  0.000000e+000
 1.800000e+002  6.354601e-001  0.000000e+000
 1.802500e+002  6.717228e-001  0.000000e+000
 1.805000e+002  5.157394e-001  0.000000e+000
 1.807500e+002  5.804472e-001  0.000000e+000
 1.810000e+002  6.066513e-001  0.000000e+000
 1.812500e+002  6.386524e-001  0.000000e+000
 1.815000e+002  5.787218e-001  0.000000e+000
 1.817500e+002  5.483806e-001  0.000000e+000
 1.820000e+002  6.134421e-001  0.000000e+000
 1.822500e+002  5.911089e-001  0.000000e+000
 1.825000e+002  5.798640e-001  0.000000e+000
 1.827500e+002  5.915400e-001  0.000000e+000
 1.830000e+002  6.268319e-001  0.000000e+000
 1.832500e+002  5.611773e-001  0.000000e+000
 1.835000e+002  5.880922e-001  0.000000e+000
 1.837500e+002  5.525385e-001  0.000000e+000
 1.840000e+002  5.491499e-001  0.000000e+000
 1.842500e+002  6.713969e-001  0.000000e+000
 1.845000e+002  5.317205e-001  0.000000e+000
 1.847500e+002  4.743365e-001  0.000000e+000
 1.850000e+002  5.639451e-001  0.000000e+000
 1.852500e+002  5.374876e-001  0.000000e+000
 1.855000e+002  4.415650e-001  0.000000e+000
 1.857500e+002  4.279178e-001  0.000000e+000
 1.860000e+002  3.550175e-001  0.000000e+000
 1.862500e+002  4.256783e-001  0.000000e+000
 1.865000e+002  5.563471e-001  0.000000e+000
 1.867500e+002  4.431201e-001  0.000000e+000
 1.870000e+002  5.049334e-001  0.000000e+000
 1.872500e+002  3.234326e-001  0.000000e+000
 1.875000e+002  4.722951e-001  0.000000e+000
 1.877500e+002  3.600488e-001  0.000000e+000
 1.880000e+002  4.725654e-001  0.000000e+000
 1.882500e+002  4.737604e-001  0.000000e+000
 1.885000e+002  4.959451e-001  0.000000e+000
 1.887500e+002  3.822372e-001  0.000000e+000
 1.890000e+002  3.185548e-001  0.000000e+000
 1.892500e+002  3.490714e-001  0.000000e+000
 1.895000e+002  2.656363e-001  0.000000e+000
 1.897500e+002  3.347764e-001  0.000000e+000
 1.900000e+002  3.501674e-001  0.000000e+000
 1.902500e+002  3.063257e-001  0.000000e+000
 1.905000e+002  3.324892e-001  0.000000e+000
 1.907500e+002  4.278027e-001  0.000000e+000
 1.910000e+002  4.344317e-001  0.000000e+000
 1.912500e+002  3.914470e-001  0.000000e+000
 1.915000e+002  4.581988e-001  0.000000e+000
 1.917500e+002  2.018471e-001  0.000000e+000
 1.920000e+002  4.533826e-001  0.000000e+000
 1.922500e+002  3.614560e-001  0.000000e+000
 1.925000e+002  2.650104e-001  0.000000e+000
 1.927500e+002  3.811643e-001  0.000000e+000
 1.930000e+002  3.460601e-001  0.000000e+000
 1.932500e+002  1.784772e-001  0.000000e+000
 1.935000e+002  1.674565e-001  0.000000e+000
 1.937500e+002  4.420856e-001  0.000000e+000
 1.940000e+002  1.566014e-001  0.000000e+000
 1.942500e+002  4.541369e-001  0.000000e+000
 1.945000e+002  3.263367e-001  0.000000e+000
 1.947500e+002  3.896743e-001  0.000000e+000
 1.950000e+002  4.344473e-001  0.000000e+000
 1.952500e+002  2.273102e-001  0.000000e+000
 1.955000e+002  2.168780e-001  0.000000e+000
 1.957500e+002  4.578177e-001  0.000000e+000
 1.960000e+002  2.764929e-001  0.000000e+000
 1.962500e+002  3.090912e-001  0.000000e+000
 1.965000e+002  3.096835e-001  0.000000e+000
 1.967500e+002  2.795407e-001  0.000000e+000
 1.970000e+002  1.786228e-001  0.000000e+000
 1.972500e+002  3.096845e-001  0.000000e+000
 1.975000e+002  3.199764e-001  0.000000e+000
 1.977500e+002  4.243804e-001  0.000000e+000
 1.980000e+002  1.733749e-001  0.000000e+000
 1.982500e+002  2.771549e-001  0.000000e+000
 1.985000e+002  2.226765e-001  0.000000e+000
 1.987500e+002  2.963631e-001  0.000000e+000
 1.990000e+002  1.322097e-001  0.000000e+000
 1.992500e+002  3.282584e-001  0.000000e+000
 1.995000e+002  1.352744e-001  0.000000e+000
 1.997500e+002  2.759049e-001  0.000000e+000
 2.000000e+002  2.859136e-001  0.000000e+000
 2.002500e+002  2.038537e-001  0.000000e+000
 2.005000e+002  1.513211e-001  0.000000e+000
 2.007500e+002  3.299676e-001  0.000000e+000
 2.010000e+002  2.574868e-001  0.000000e+000
 2.012500e+002  2.653499e-001  0.000000e+000
 2.015000e+002  2.724402e-001  0.000000e+000
 2.017500e+002  2.291942e-001  0.000000e+000
 2.020000e+002  1.464936e-001  0.000000e+000
 2.022500e+002  1.510670e-001  0.000000e+000
 2.025000e+002  1.302949e-001  0.000000e+000
 2.027500e+002  2.454507e-001  0.000000e+000
 2.030000e+002  2.927136e-001  0.000000e+000
 2.032500e+002  1.952420e-001  0.000000e+000
 2.035000e+002  4.127825e-001  0.000000e+000
 2.037500e+002  2.445858e-001  0.000000e+000
 2.040000e+002  4.716952e-001  0.000000e+000
 2.042500e+002  3.223188e-001  0.000000e+000
 2.045000e+002  9.074198e-002  0.000000e+000
 2.047500e+002  1.789421e-001  0.000000e+000
 2.050000e+002  2.928362e-001  0.000000e+000
 2.052500e+002  1.432033e-001  0.000000e+000
 2.055000e+002  2.019587e-001  0.000000e+000
 2.057500e+002  4.198317e-001  0.000000e+000
 2.060000e+002  3.137876e-001  0.000000e+000
 2.062500e+002  2.917355e-001  0.000000e+000
 2.065000e+002  8.057074e-002  0.000000e+000
 2.067500e+002  3.280866e-001  0.000000e+000
 2.070000e+002  2.234966e-001  0.000000e+000
 2.072500e+002  2.463640e-001  0.000000e+000
 2.075000e+002  2.354909e-001  0.000000e+000
 2.077500e+002  2.178492e-001  0.000000e+000
 2.080000e+002  2.847632e-001  0.000000e+000
 2.082500e+002  4.435840e-001  0.000000e+000
 2.085000e+002  2.943269e-001  0.000000e+000
 2.087500e+002  2.688766e-001  0.000000e+000
 2.090000e+002  5.448922e-001  0.000000e+000
 2.092500e+002  3.832044e-001  0.000000e+000
 2.095000e+002  2.420093e-001  0.000000e+000
 2.097500e+002  3.029645e-001  0.000000e+000
 2.100000e+002  2.461944e-001  0.000000e+000
 2.102500e+002  2.604915e-001  0.000000e+000
 2.105000e+002  4.038672e-001  0.000000e+000
 2.107500e+002  3.191200e-001  0.000000e+000
 2.110000e+002  2.935712e-001  0.000000e+000
 2.112500e+002  4.791301e-001  0.000000e+000
 2.115000e+002  3.751195e-001  0.000000e+000
 2.117500e+002  5.537332e-001  0.000000e+000
 2.120000e+002  3.811058e-001  0.000000e+000
 2.122500e+002  4.778720e-001  0.000000e+000
 2.125000e+002  4.230244e-001  0.000000e+000
 2.127500e+002  3.727297e-001  0.000000e+000
 2.130000e+002  5.211303e-001  0.000000e+000
 2.132500e+002  3.841026e-001  0.000000e+000
 2.135000e+002  5.352181e-001  0.000000e+000
 2.137500e+002  5.499642e-001  0.000000e+000
 2.140000e+002  3.729228e-001  0.000000e+000
 2.142500e+002  5.652705e-001  0.000000e+000
 2.145000e+002  5.518857e-001  0.000000e+000
 2.147500e+002  6.063970e-001  0.000000e+000
 2.150000e+002  5.284529e-001  0.000000e+000
 2.152500e+002  6.179657e-001  0.000000e+000
 2.155000e+002  5.421866e-001  0.000000e+000
 2.157500e+002  4.697435e-001  0.000000e+000
 2.160000e+002  5.098603e-001  0.000000e+000
 2.162500e+002  5.242383e-001  0.000000e+000
 2.165000e+002  6.864523e-001  0.000000e+000
 2.167500e+002  4.294800e-001  0.000000e+000
 2.170000e+002  6.204823e-001  0.000000e+000
 2.172500e+002  6.337699e-001  0.000000e+000
 2.175000e+002  5.798731e-001  0.000000e+000
 2.177500e+002  5.884342e-001  0.000000e+000
 2.180000e+002  4.885812e-001  0.000000e+000
 2.182500e+002  6.617618e-001  0.000000e+000
 2.185000e+002  5.475699e-001  0.000000e+000
 2.187500e+002  6.557382e-001  0.000000e+000
 2.190000e+002  5.954435e-001  0.000000e+000
 2.192500e+002  5.194648e-001  0.000000e+000
 2.195000e+002  5.196383e-001  0.000000e+000
 2.197500e+002  5.646706e-001  0.000000e+000
 2.200000e+002  5.142474e-001  0.000000e+000
 2.202500e+002  5.711505e-001  0.000000e+000
 2.205000e+002  5.841266e-001  0.000000e+000
 2.207500e+002  3.968117e-001  0.000000e+000
 2.210000e+002  5.522665e-001  0.000000e+000
 2.212500e+002  5.602426e-001  0.000000e+000
 2.215000e+002  6.343648e-001  0.000000e+000
 2.217500e+002  6.075452e-001  0.000000e+000
 2.220000e+002  5.418518e-001  0.000000e+000
 2.222500e+002  6.586324e-001  0.000000e+000
 2.225000e+002  6.422095e-001  0.000000e+000
 2.227500e+002  6.670624e-001  0.000000e+000
 2.230000e+002  6.737525e-001  0.000000e+000
 2.232500e+002  6.333141e-001  0.000000e+000
 2.235000e+002  5.084316e-001  0.000000e+000
 2.237500e+002  5.152201e-001  0.000000e+000
 2.240000e+002  6.824502e-001  0.000000e+000
 2.242500e+002  5.830826e-001  0.000000e+000
 2.245000e+002  5.928143e-001  0.000000e+000
 2.247500e+002  5.877285e-001  0.000000e+000
 2.250000e+002  5.474919e-001  0.000000e+000
 2.252500e+002  6.232951e-001  0.000000e+000
 2.255000e+002  5.846465e-001  0.000000e+000
 2.257500e+002  6.049196e-001  0.000000e+000
 2.260000e+002  5.911639e-001  0.000000e+000
 2.262500e+002  6.369097e-001  0.000000e+000
 2.265000e+002  6.861930e-001  0.000000e+000
 2.267500e+002  6.651292e-001  0.000000e+000
 2.270000e+002  6.863520e-001  0.000000e+000
 2.272500e+002  4.877976e-001  0.000000e+000
 2.275000e+002  4.866361e-001  0.000000e+000
 2.277500e+002  6.089632e-001  0.000000e+000
 2.280000e+002  5.821713e-001  0.000000e+000
 2.282500e+002  6.920995e-001  0.000000e+000
 2.285000e+002  5.594648e-001  0.000000e+000
 2.287500e+002  6.322472e-001  0.000000e+000
 2.290000e+002  7.117060e-001  0.000000e+000
 2.292500e+002  6.292149e-001  0.000000e+000
 2.295000e+002  6.044768e-001  0.000000e+000
 2.297500e+002  6.900959e-001  0.000000e+000
 2.300000e+002  6.057104e-001  0.000000e+000
 2.302500e+002  6.524733e-001  0.000000e+000
 2.305000e+002  5.448624e-001  0.000000e+000
 2.307500e+002  6.588697e-001  0.000000e+000
 2.310000e+002  6.455625e-001  0.000000e+000
 2.312500e+002  7.205865e-001  0.000000e+000
 2.315000e+002  5.899538e-001  0.000000e+000
 2.317500e+002  6.678017e-001  0.000000e+000
 2.320000e+002  6.313660e-001  0.000000e+000
 2.322500e+002  6.091339e-001  0.000000e+000
 2.325000e+002  5.727075e-001  0.000000e+000
 2.327500e+002  6.340805e-001  0.000000e+000
 2.330000e+002  7.755880e-001  0.000000e+000
 2.332500e+002  6.306083e-001  0.000000e+000
 2.335000e+002  5.855377e-001  0.000000e+000
 2.337500e+002  7.260976e-001  0.000000e+000
 2.340000e+002  6.373149e-001  0.000000e+000
 2.342500e+002  6.827987e-001  0.000000e+000
 2.345000e+002  6.552401e-001  0.000000e+000
 2.347500e+002  6.031644e-001  0.000000e+000
 2.350000e+002  6.784041e-001  0.000000e+000
 2.352500e+002  5.917173e-001  0.000000e+000
 2.355000e+002  7.350653e-001  0.000000e+000
 2.357500e+002  7.022707e-001  0.000000e+000
 2.360000e+002  6.565276e-001  0.000000e+000
 2.362500e+002  7.029743e-001  0.000000e+000
 2.365000e+002  6.695463e-001  0.000000e+000
 2.367500e+002  6.722895e-001  0.000000e+000
 2.370000e+002  7.726190e-001  0.000000e+000
 2.372500e+002  6.888606e-001  0.000000e+000
 2.375000e+002  6.415784e-001  0.000000e+000
 2.377500e+002  7.055773e-001  0.000000e+000
 2.380000e+002  7.038275e-001  0.000000e+000
 2.382500e+002  6.586649e-001  0.000000e+000
 2.385000e+002  7.674943e-001  0.000000e+000
 2.387500e+002  7.663465e-001  0.000000e+000
 2.390000e+002  7.470998e-001  0.000000e+000
 2.392500e+002  6.647633e-001  0.000000e+000
 2.395000e+002  5.902600e-001  0.000000e+000
 2.397500e+002  5.969302e-001  0.000000e+000
 2.400000e+002  7.033443e-001  0.000000e+000
 2.402500e+002  7.072008e-001  0.000000e+000
 2.405000e+002  6.928275e-001  0.000000e+000
 2.407500e+002  6.685019e-001  0.000000e+000
 2.410000e+002  6.491341e-001  0.000000e+000
 2.412500e+002  6.775418e-001  0.000000e+000
 2.415000e+002  6.480800e-001  0.000000e+000
 2.417500e+002  6.241118e-001  0.000000e+000
 2.420000e+002  6.368099e-001  0.000000e+000
 2.422500e+002  5.428957e-001  0.000000e+000
 2.425000e+002  6.401322e-001  0.000000e+000
 2.427500e+002  6.665391e-001  0.000000e+000
 2.430000e+002  6.519026e-001  0.000000e+000
 2.432500e+002  5.567937e-001  0.000000e+000
 2.435000e+002  4.187509e-001  0.000000e+000
 2.437500e+002  5.730897e-001  0.000000e+000
 2.440000e+002  5.548663e-001  0.000000e+000
 2.442500e+002  5.750831e-001  0.000000e+000
 2.445000e+002  4.874326e-001  0.000000e+000
 2.447500e+002  4.988563e-001  0.000000e+000
 2.450000e+002  5.247026e-001  0.000000e+000
 2.452500e+002  5.263863e-001  0.000000e+000
 2.455000e+002  4.857639e-001  0.000000e+000
 2.457500e+002  5.867248e-001  0.000000e+000
 2.460000e+002  4.912466e-001  0.000000e+000
 2.462500e+002  3.831047e-001  0.000000e+000
 2.465000e+002  3.884059e-001  0.000000e+000
 2.467500e+002  2.891492e-001  0.000000e+000
 2.470000e+002  2.944054e-001  0.000000e+000
 2.472500e+002  3.625927e-001  0.000000e+000
 2.475000e+002  3.994260e-001  0.000000e+000
 2.477500e+002  3.113185e-001  0.000000e+000
 2.480000e+002  3.536820e-001  0.000000e+000
 2.482500e+002  3.356333e-001  0.000000e+000
 2.485000e+002  4.783917e-001  0.000000e+000
 2.487500e+002  4.448868e-001  0.000000e+000
 2.490000e+002  4.591227e-001  0.000000e+000
 2.492500e+002  5.095197e-001  0.000000e+000
 2.495000e+002  4.471135e-001  0.000000e+000
 2.497500e+002  5.312636e-001  0.000000e+000
 2.500000e+002  4.484910e-001  0.000000e+000
 2.502500e+002  4.743520e-001  0.000000e+000
 2.505000e+002  3.697370e-001  0.000000e+000
 2.507500e+002  5.327977e-001  0.000000e+000
 2.510000e+002  4.862492e-001  0.000000e+000
 2.512500e+002  4.097826e-001  0.000000e+000
 2.515000e+002  5.197045e-001  0.000000e+000
 2.517500e+002  4.706897e-001  0.000000e+000
 2.520000e+002  5.141498e-001  0.000000e+000
 2.522500e+002  5.008460e-001  0.000000e+000
 2.525000e+002  5.304092e-001  0.000000e+000
 2.527500e+002  4.367928e-001  0.000000e+000
 2.530000e+002  5.533219e-001  0.000000e+000
 2.532500e+002  3.825783e-001  0.000000e+000
 2.535000e+002  4.007815e-001  0.000000e+000
 2.537500e+002  3.961810e-001  0.000000e+000
 2.540000e+002  3.831198e-001  0.000000e+000
 2.542500e+002  4.298794e-001  0.000000e+000
 2.545000e+002  4.057431e-001  0.000000e+000
 2.547500e+002  4.054645e-001  0.000000e+000
 2.550000e+002  3.856011e-001  0.000000e+000
 2.552500e+002  4.493015e-001  0.000000e+000
 2.555000e+002  3.632540e-001  0.000000e+000
 2.557500e+002  3.586412e-001  0.000000e+000
 2.560000e+002  2.489995e-001  0.000000e+000
