 0.000000e+000 -4.252753e-005  0.000000e+000
 2.500000e-001 -5.548581e-005 -4.713117e-004
 5.000000e-001 -6.419291e-004 -7.329114e-004
 7.500000e-001 -1.197509e-003 -1.215417e-003
 1.000000e+000 -2.484635e-003 -1.667358e-004
 1.250000e+000 -2.914999e-003 -8.766899e-004
 1.500000e+000 -2.901862e-003 -2.149781e-004
 1.750000e+000 -3.045083e-003 -2.105316e-004
 2.000000e+000 -3.094757e-003 -3.588259e-004
 2.250000e+000 -2.414126e-003 -7.736429e-004
 2.500000e+000 -2.727477e-003 -1.169607e-003
 2.750000e+000 -2.638287e-003 -2.052074e-003
 3.000000e+000 -3.471686e-003 -7.105884e-004
 3.250000e+000 -4.931934e-003  1.613558e-003
 3.500000e+000 -2.792066e-003 -2.398175e-004
 3.750000e+000 -2.064255e-003 -6.678208e-004
 4.000000e+000 -9.442026e-004 -8.222741e-004
 4.250000e+000 -1.853811e-003 -1.161359e-003
 4.500000e+000 -2.221572e-003 -8.160836e-004
 4.750000e+000 -1.853620e-003  5.263552e-004
 5.000000e+000 -9.037537e-004  3.382794e-003
 5.250000e+000 -1.494989e-003  2.731017e-003
 5.500000e+000 -1.724687e-003  2.252913e-003
 5.750000e+000 -1.536411e-003  3.012010e-003
 6.000000e+000  5.532412e-004  3.904800e-003
 6.250000e+000 -1.732964e-003  1.430375e-003
 6.500000e+000 -1.488722e-003  1.947174e-003
 6.750000e+000 -1.992333e-003  1.331290e-003
 7.000000e+000 -1.863019e-003  1.514656e-003
 7.250000e+000 -2.104636e-003  1.368010e-003
 7.500000e+000 -1.846799e-003  1.437922e-003
 7.750000e+000 -2.228307e-003  1.316384e-003
 8.000000e+000 -1.998107e-003  1.175259e-003
 8.250000e+000 -2.179296e-003  1.087554e-003
 8.500000e+000 -2.227107e-003  9.606555e-004
 8.750000e+000 -2.371802e-003  1.033296e-003
 9.000000e+000 -2.356991e-003  9.277707e-004
 9.250000e+000 -2.474064e-003  9.483352e-004
 9.500000e+000 -2.425732e-003  7.607000e-004
 9.750000e+000 -2.596454e-003  7.360881e-004
 1.000000e+001 -2.523404e-003  7.161864e-004
 1.025000e+001 -2.699590e-003  6.915460e-004
 1.050000e+001 -2.799880e-003  7.347759e-004
 1.075000e+001 -2.807240e-003  6.027483e-004
 1.100000e+001 -2.915067e-003  5.654184e-004
 1.125000e+001 -2.884003e-003  6.624875e-004
 1.150000e+001 -3.244537e-003  6.342698e-004
 1.175000e+001 -3.132379e-003  5.266502e-004
 1.200000e+001 -3.345552e-003  4.980248e-004
 1.225000e+001 -3.218969e-003  5.997223e-004
 1.250000e+001 -3.434946e-003  5.036139e-004
 1.275000e+001 -3.522627e-003  4.653623e-004
 1.300000e+001 -3.626463e-003  4.166114e-004
 1.325000e+001 -3.583008e-003  4.950754e-004
 1.350000e+001 -3.721676e-003  4.944075e-004
 1.375000e+001 -4.018629e-003  2.990456e-004
 1.400000e+001 -3.802575e-003  5.867562e-004
 1.425000e+001 -3.940055e-003  6.296917e-004
 1.450000e+001 -4.214162e-003  5.976725e-004
 1.475000e+001 -4.328036e-003  6.366881e-004
 1.500000e+001 -4.346087e-003  4.604348e-004
 1.525000e+001 -4.637383e-003  4.848392e-004
 1.550000e+001 -4.659241e-003  5.739119e-004
 1.575000e+001 -4.812995e-003  5.416748e-004
 1.600000e+001 -5.149312e-003  6.430636e-004
 1.625000e+001 -5.041704e-003  7.336751e-004
 1.650000e+001 -5.399175e-003  5.124324e-004
 1.675000e+001 -5.684414e-003  7.191193e-004
 1.700000e+001 -5.836972e-003  8.073601e-004
 1.725000e+001 -5.898324e-003  6.660721e-004
 1.750000e+001 -6.203792e-003  9.057737e-004
 1.775000e+001 -6.880219e-003  6.376827e-004
 1.800000e+001 -6.886599e-003  6.571116e-004
 1.825000e+001 -7.247742e-003  6.556884e-004
 1.850000e+001 -7.588828e-003  7.668483e-004
 1.875000e+001 -8.208775e-003  8.391311e-004
 1.900000e+001 -8.686815e-003  9.309797e-004
 1.925000e+001 -9.404438e-003  1.488647e-003
 1.950000e+001 -1.011860e-002  8.980023e-004
 1.975000e+001 -1.061537e-002  1.263329e-003
 2.000000e+001 -1.238590e-002  1.428536e-003
 2.025000e+001 -1.361698e-002  1.967784e-003
 2.050000e+001 -1.496775e-002  1.865762e-003
 2.075000e+001 -1.767248e-002  1.833326e-003
 2.100000e+001 -2.110018e-002  3.631307e-003
 2.125000e+001 -2.661894e-002  4.633360e-003
 2.150000e+001 -3.543689e-002  7.177928e-003
 2.175000e+001 -5.527453e-002  1.457119e-002
 2.200000e+001 -1.055244e-001  4.119364e-002
 2.225000e+001  1.292013e-001  6.086331e-001
 2.250000e+001  7.429511e-002 -1.234902e-002
 2.275000e+001  4.320966e-002  3.529843e-003
 2.300000e+001  2.976524e-002 -1.190032e-003
 2.325000e+001  2.217589e-002 -3.403508e-003
 2.350000e+001  1.832177e-002 -2.717544e-003
 2.375000e+001  1.525035e-002 -1.836774e-003
 2.400000e+001  1.360428e-002 -1.512639e-003
 2.425000e+001  1.144644e-002 -8.654706e-004
 2.450000e+001  1.025336e-002 -1.166006e-003
 2.475000e+001  9.468947e-003 -1.315322e-003
 2.500000e+001  8.493965e-003 -1.256497e-003
 2.525000e+001  7.996506e-003 -9.706804e-004
 2.550000e+001  7.273569e-003 -8.909587e-004
 2.575000e+001  7.160742e-003 -9.387931e-004
 2.600000e+001  6.240725e-003 -6.484517e-004
 2.625000e+001  5.885331e-003 -1.034542e-003
 2.650000e+001  5.564183e-003 -9.551428e-004
 2.675000e+001  5.196158e-003 -7.856182e-004
 2.700000e+001  5.161235e-003 -9.257867e-004
 2.725000e+001  5.067272e-003 -9.965617e-004
 2.750000e+001  4.591774e-003 -7.450360e-004
 2.775000e+001  4.633482e-003 -6.108041e-004
 2.800000e+001  4.467563e-003 -7.771480e-004
 2.825000e+001  4.030211e-003 -6.682454e-004
 2.850000e+001  3.850652e-003 -6.791995e-004
 2.875000e+001  3.863321e-003 -6.447650e-004
 2.900000e+001  3.689523e-003 -6.036448e-004
 2.925000e+001  3.596656e-003 -7.325013e-004
 2.950000e+001  3.319628e-003 -5.790203e-004
 2.975000e+001  3.414142e-003 -7.171575e-004
 3.000000e+001  3.346963e-003 -4.576509e-004
 3.025000e+001  3.196342e-003 -6.963251e-004
 3.050000e+001  2.993577e-003 -6.673318e-004
 3.075000e+001  2.988871e-003 -5.328762e-004
 3.100000e+001  2.858630e-003 -5.969147e-004
 3.125000e+001  2.729101e-003 -6.973363e-004
 3.150000e+001  2.664366e-003 -6.705508e-004
 3.175000e+001  2.551055e-003 -7.048332e-004
 3.200000e+001  2.607409e-003 -5.955475e-004
 3.225000e+001  2.422509e-003 -6.806049e-004
 3.250000e+001  2.404039e-003 -5.431761e-004
 3.275000e+001  2.331172e-003 -5.702667e-004
 3.300000e+001  2.233790e-003 -6.194425e-004
 3.325000e+001  2.142119e-003 -5.630241e-004
 3.350000e+001  2.139582e-003 -6.053426e-004
 3.375000e+001  2.154656e-003 -6.450458e-004
 3.400000e+001  2.049215e-003 -5.940053e-004
 3.425000e+001  2.022225e-003 -6.228789e-004
 3.450000e+001  1.955021e-003 -5.155887e-004
 3.475000e+001  1.869976e-003 -5.726794e-004
 3.500000e+001  1.893124e-003 -5.465866e-004
 3.525000e+001  1.970803e-003 -6.225958e-004
 3.550000e+001  1.756489e-003 -6.613211e-004
 3.575000e+001  1.787369e-003 -6.046618e-004
 3.600000e+001  1.708895e-003 -6.676886e-004
 3.625000e+001  1.718595e-003 -6.592850e-004
 3.650000e+001  1.737947e-003 -6.942392e-004
 3.675000e+001  1.636503e-003 -6.750573e-004
 3.700000e+001  1.636249e-003 -6.911493e-004
 3.725000e+001  1.651404e-003 -6.760857e-004
 3.750000e+001  1.563414e-003 -6.212781e-004
 3.775000e+001  1.525199e-003 -6.673467e-004
 3.800000e+001  1.600947e-003 -7.251029e-004
 3.825000e+001  1.609546e-003 -6.461052e-004
 3.850000e+001  1.545628e-003 -6.185306e-004
 3.875000e+001  1.525190e-003 -6.730827e-004
 3.900000e+001  1.531722e-003 -6.492988e-004
 3.925000e+001  1.608745e-003 -6.794226e-004
 3.950000e+001  1.598044e-003 -6.295515e-004
 3.975000e+001  1.513232e-003 -6.448394e-004
 4.000000e+001  1.468724e-003 -6.972546e-004
 4.025000e+001  1.469896e-003 -6.301718e-004
 4.050000e+001  1.530693e-003 -6.554545e-004
 4.075000e+001  1.477478e-003 -6.913418e-004
 4.100000e+001  1.487818e-003 -5.950950e-004
 4.125000e+001  1.508660e-003 -6.307370e-004
 4.150000e+001  1.527898e-003 -6.014325e-004
 4.175000e+001  1.456535e-003 -6.195395e-004
 4.200000e+001  1.482302e-003 -6.052565e-004
 4.225000e+001  1.592494e-003 -6.153450e-004
 4.250000e+001  1.511220e-003 -6.371808e-004
 4.275000e+001  1.480687e-003 -6.921686e-004
 4.300000e+001  1.471874e-003 -6.519773e-004
 4.325000e+001  1.490736e-003 -6.323188e-004
 4.350000e+001  1.478152e-003 -6.211332e-004
 4.375000e+001  1.482637e-003 -6.931808e-004
 4.400000e+001  1.525978e-003 -6.392313e-004
 4.425000e+001  1.433822e-003 -6.435554e-004
 4.450000e+001  1.284892e-003 -6.065618e-004
 4.475000e+001  1.426344e-003 -6.078521e-004
 4.500000e+001  1.434805e-003 -5.965092e-004
 4.525000e+001  1.438752e-003 -5.761451e-004
 4.550000e+001  1.418267e-003 -6.594673e-004
 4.575000e+001  1.427869e-003 -5.509472e-004
 4.600000e+001  1.439848e-003 -6.423914e-004
 4.625000e+001  1.460201e-003 -6.329146e-004
 4.650000e+001  1.439449e-003 -6.472717e-004
 4.675000e+001  1.419154e-003 -5.785736e-004
 4.700000e+001  1.407519e-003 -6.277820e-004
 4.725000e+001  1.362783e-003 -5.976421e-004
 4.750000e+001  1.357823e-003 -5.853414e-004
 4.775000e+001  1.420687e-003 -6.262461e-004
 4.800000e+001  1.381347e-003 -6.195111e-004
 4.825000e+001  1.371299e-003 -6.540646e-004
 4.850000e+001  1.339438e-003 -6.459512e-004
 4.875000e+001  1.423788e-003 -6.446588e-004
 4.900000e+001  1.396760e-003 -5.781254e-004
 4.925000e+001  1.362470e-003 -5.675241e-004
 4.950000e+001  1.360623e-003 -6.028016e-004
 4.975000e+001  1.379729e-003 -6.680761e-004
 5.000000e+001  1.386073e-003 -6.063502e-004
 5.025000e+001  1.406673e-003 -5.922848e-004
 5.050000e+001  1.383447e-003 -5.412423e-004
 5.075000e+001  1.389694e-003 -6.865136e-004
 5.100000e+001  1.481701e-003 -6.714667e-004
 5.125000e+001  1.468660e-003 -6.512172e-004
 5.150000e+001  1.449709e-003 -7.065194e-004
 5.175000e+001  1.538346e-003 -6.691409e-004
 5.200000e+001  1.444313e-003 -6.204617e-004
 5.225000e+001  1.477929e-003 -6.380186e-004
 5.250000e+001  1.466403e-003 -6.316252e-004
 5.275000e+001  1.511607e-003 -6.492528e-004
 5.300000e+001  1.493912e-003 -6.530450e-004
 5.325000e+001  1.457382e-003 -5.857615e-004
 5.350000e+001  1.500252e-003 -6.183548e-004
 5.375000e+001  1.558346e-003 -5.887308e-004
 5.400000e+001  1.532687e-003 -6.095074e-004
 5.425000e+001  1.591223e-003 -7.029628e-004
 5.450000e+001  1.604894e-003 -5.821345e-004
 5.475000e+001  1.574671e-003 -6.863823e-004
 5.500000e+001  1.571054e-003 -6.546394e-004
 5.525000e+001  1.594312e-003 -6.410540e-004
 5.550000e+001  1.578845e-003 -6.253596e-004
 5.575000e+001  1.605044e-003 -6.050792e-004
 5.600000e+001  1.625805e-003 -6.181051e-004
 5.625000e+001  1.674768e-003 -6.651365e-004
 5.650000e+001  1.711427e-003 -6.579836e-004
 5.675000e+001  1.755670e-003 -6.203906e-004
 5.700000e+001  1.653189e-003 -5.858014e-004
 5.725000e+001  1.709140e-003 -7.288767e-004
 5.750000e+001  1.754257e-003 -6.536601e-004
 5.775000e+001  1.725463e-003 -6.438384e-004
 5.800000e+001  1.786415e-003 -6.054126e-004
 5.825000e+001  1.787126e-003 -7.497325e-004
 5.850000e+001  1.833856e-003 -6.360175e-004
 5.875000e+001  1.675577e-003 -5.817068e-004
 5.900000e+001  1.821887e-003 -6.851413e-004
 5.925000e+001  1.840791e-003 -7.027256e-004
 5.950000e+001  1.847288e-003 -6.332193e-004
 5.975000e+001  1.859634e-003 -6.902441e-004
 6.000000e+001  1.903916e-003 -6.368744e-004
 6.025000e+001  1.835519e-003 -6.679969e-004
 6.050000e+001  1.919829e-003 -6.756288e-004
 6.075000e+001  1.890222e-003 -6.287517e-004
 6.100000e+001  1.924895e-003 -6.846695e-004
 6.125000e+001  1.993265e-003 -7.501552e-004
 6.150000e+001  1.940641e-003 -7.546654e-004
 6.175000e+001  1.943809e-003 -7.662472e-004
 6.200000e+001  1.958736e-003 -7.912807e-004
 6.225000e+001  2.032282e-003 -7.581024e-004
 6.250000e+001  1.978876e-003 -6.964381e-004
 6.275000e+001  2.120786e-003 -6.779124e-004
 6.300000e+001  2.002072e-003 -6.801872e-004
 6.325000e+001  2.163351e-003 -7.250294e-004
 6.350000e+001  2.150911e-003 -7.729081e-004
 6.375000e+001  2.189428e-003 -7.588004e-004
 6.400000e+001  2.254101e-003 -6.929606e-004
 6.425000e+001  2.293435e-003 -6.163901e-004
 6.450000e+001  2.270208e-003 -8.326351e-004
 6.475000e+001  2.308061e-003 -7.710263e-004
 6.500000e+001  2.285185e-003 -7.808894e-004
 6.525000e+001  2.321888e-003 -8.301731e-004
 6.550000e+001  2.420274e-003 -8.501921e-004
 6.575000e+001  2.410508e-003 -8.618194e-004
 6.600000e+001  2.527062e-003 -8.237977e-004
 6.625000e+001  2.501197e-003 -8.130600e-004
 6.650000e+001  2.621587e-003 -9.192209e-004
 6.675000e+001  2.785014e-003 -7.828841e-004
 6.700000e+001  2.716529e-003 -9.077264e-004
 6.725000e+001  2.746134e-003 -8.039104e-004
 6.750000e+001  2.951471e-003 -9.264488e-004
 6.775000e+001  3.003982e-003 -8.627864e-004
 6.800000e+001  3.042126e-003 -9.592282e-004
 6.825000e+001  3.162416e-003 -8.637101e-004
 6.850000e+001  3.300881e-003 -8.682292e-004
 6.875000e+001  3.331531e-003 -1.046162e-003
 6.900000e+001  3.475313e-003 -1.016778e-003
 6.925000e+001  3.655089e-003 -9.391172e-004
 6.950000e+001  3.924059e-003 -1.121739e-003
 6.975000e+001  4.122909e-003 -1.122618e-003
 7.000000e+001  4.200520e-003 -1.087288e-003
 7.025000e+001  4.669455e-003 -1.123011e-003
 7.050000e+001  4.972869e-003 -1.252067e-003
 7.075000e+001  5.126340e-003 -1.446331e-003
 7.100000e+001  5.705085e-003 -1.543482e-003
 7.125000e+001  6.271075e-003 -1.665794e-003
 7.150000e+001  7.186543e-003 -1.922981e-003
 7.175000e+001  7.955574e-003 -2.474783e-003
 7.200000e+001  9.712580e-003 -3.379588e-003
 7.225000e+001  1.162509e-002 -5.172487e-003
 7.250000e+001  1.408903e-002 -8.057805e-003
 7.275000e+001  1.737687e-002 -1.812544e-002
 7.300000e+001  6.229929e-003 -3.438920e-002
 7.325000e+001 -1.931166e-002 -2.163112e-002
 7.350000e+001 -1.206934e-002 -6.195424e-003
 7.375000e+001 -7.925644e-003 -4.437653e-003
 7.400000e+001 -5.954288e-003 -3.389505e-003
 7.425000e+001 -4.538090e-003 -3.017298e-003
 7.450000e+001 -3.781344e-003 -2.687023e-003
 7.475000e+001 -3.326210e-003 -2.454329e-003
 7.500000e+001 -2.797440e-003 -2.185760e-003
 7.525000e+001 -2.593541e-003 -2.225565e-003
 7.550000e+001 -2.255571e-003 -2.154262e-003
 7.575000e+001 -2.031878e-003 -2.028709e-003
 7.600000e+001 -1.789048e-003 -2.023148e-003
 7.625000e+001 -1.764530e-003 -1.854141e-003
 7.650000e+001 -1.637705e-003 -1.923846e-003
 7.675000e+001 -1.330709e-003 -1.746039e-003
 7.700000e+001 -1.414203e-003 -1.812162e-003
 7.725000e+001 -1.174753e-003 -1.699144e-003
 7.750000e+001 -1.138862e-003 -1.679398e-003
 7.775000e+001 -9.970009e-004 -1.592250e-003
 7.800000e+001 -1.016043e-003 -1.597259e-003
 7.825000e+001 -8.526678e-004 -1.562959e-003
 7.850000e+001 -8.455492e-004 -1.526438e-003
 7.875000e+001 -8.168050e-004 -1.422718e-003
 7.900000e+001 -7.257853e-004 -1.450134e-003
 7.925000e+001 -7.232582e-004 -1.311364e-003
 7.950000e+001 -6.714312e-004 -1.402051e-003
 7.975000e+001 -6.878370e-004 -1.349265e-003
 8.000000e+001 -5.605729e-004 -1.237282e-003
 8.025000e+001 -6.002995e-004 -1.294604e-003
 8.050000e+001 -6.524585e-004 -1.188725e-003
 8.075000e+001 -5.386840e-004 -1.247768e-003
 8.100000e+001 -5.406058e-004 -1.142464e-003
 8.125000e+001 -4.643274e-004 -1.207126e-003
 8.150000e+001 -3.363617e-004 -1.095100e-003
 8.175000e+001 -3.964273e-004 -1.113113e-003
 8.200000e+001 -3.128760e-004 -1.116712e-003
 8.225000e+001 -3.157930e-004 -1.092905e-003
 8.250000e+001 -2.322717e-004 -1.036065e-003
 8.275000e+001 -2.375264e-004 -1.025565e-003
 8.300000e+001 -2.286938e-004 -1.093156e-003
 8.325000e+001 -1.378450e-004 -1.079964e-003
 8.350000e+001 -1.473438e-004 -1.007978e-003
 8.375000e+001 -1.324671e-004 -9.877667e-004
 8.400000e+001 -9.084164e-005 -1.040178e-003
 8.425000e+001 -1.345126e-004 -1.064829e-003
 8.450000e+001 -4.138088e-005 -1.004485e-003
 8.475000e+001 -4.650277e-005 -1.008995e-003
 8.500000e+001  1.167486e-007 -9.641499e-004
 8.525000e+001  3.752019e-005 -9.776518e-004
 8.550000e+001  7.698918e-005 -9.917108e-004
 8.575000e+001  1.633070e-004 -1.020525e-003
 8.600000e+001  1.672166e-004 -9.951143e-004
 8.625000e+001  1.572996e-004 -1.047469e-003
 8.650000e+001  1.740530e-004 -1.058645e-003
 8.675000e+001  2.515186e-004 -1.016908e-003
 8.700000e+001  3.228327e-004 -1.018318e-003
 8.725000e+001  3.095172e-004 -1.010698e-003
 8.750000e+001  3.940395e-004 -1.044420e-003
 8.775000e+001  5.061335e-004 -1.031718e-003
 8.800000e+001  5.987691e-004 -1.042173e-003
 8.825000e+001  6.934211e-004 -1.056845e-003
 8.850000e+001  7.893135e-004 -1.079572e-003
 8.875000e+001  9.921875e-004 -1.114480e-003
 8.900000e+001  1.312422e-003 -1.286294e-003
 8.925000e+001  1.482042e-003 -1.432526e-003
 8.950000e+001  1.828889e-003 -1.706526e-003
 8.975000e+001  2.244956e-003 -2.376363e-003
 9.000000e+001  2.520225e-003 -3.679601e-003
 9.025000e+001  2.161764e-003 -5.840686e-003
 9.050000e+001 -1.455416e-003 -7.649211e-003
 9.075000e+001 -4.122972e-003 -4.239053e-003
 9.100000e+001 -3.275657e-003 -2.449269e-003
 9.125000e+001 -2.554665e-003 -2.114100e-003
 9.150000e+001 -2.166971e-003 -1.428154e-003
 9.175000e+001 -2.103472e-003 -1.353742e-003
 9.200000e+001 -1.884224e-003 -1.273226e-003
 9.225000e+001 -1.812317e-003 -1.108396e-003
 9.250000e+001 -1.777903e-003 -1.087577e-003
 9.275000e+001 -1.574760e-003 -1.009791e-003
 9.300000e+001 -1.504132e-003 -8.792100e-004
 9.325000e+001 -1.458552e-003 -7.725893e-004
 9.350000e+001 -1.443527e-003 -7.882804e-004
 9.375000e+001 -1.387496e-003 -7.509882e-004
 9.400000e+001 -1.322930e-003 -7.013619e-004
 9.425000e+001 -1.349615e-003 -5.433911e-004
 9.450000e+001 -1.193009e-003 -5.026867e-004
 9.475000e+001 -1.175966e-003 -4.392062e-004
 9.500000e+001 -1.118716e-003 -4.031379e-004
 9.525000e+001 -1.050721e-003 -4.170470e-004
 9.550000e+001 -1.051961e-003 -4.406276e-004
 9.575000e+001 -1.007083e-003 -4.760857e-004
 9.600000e+001 -1.059800e-003 -3.805907e-004
 9.625000e+001 -1.004850e-003 -3.590147e-004
 9.650000e+001 -1.008040e-003 -3.030879e-004
 9.675000e+001 -9.685866e-004 -2.750605e-004
 9.700000e+001 -9.569541e-004 -2.459958e-004
 9.725000e+001 -9.104956e-004 -2.102008e-004
 9.750000e+001 -9.033411e-004 -1.870938e-004
 9.775000e+001 -8.619054e-004 -1.774983e-004
 9.800000e+001 -8.257531e-004 -1.516894e-004
 9.825000e+001 -8.390966e-004 -1.436478e-004
 9.850000e+001 -7.928073e-004 -1.700874e-004
 9.875000e+001 -7.797793e-004 -1.404822e-004
 9.900000e+001 -7.382156e-004 -7.221490e-005
 9.925000e+001 -7.224023e-004 -1.046616e-004
 9.950000e+001 -7.202405e-004 -9.672491e-005
 9.975000e+001 -6.830605e-004 -4.420454e-005
 1.000000e+002 -6.657585e-004 -8.938940e-005
 1.002500e+002 -6.661113e-004 -7.693997e-005
 1.005000e+002 -6.496931e-004 -6.882824e-005
 1.007500e+002 -6.047047e-004 -4.805368e-006
 1.010000e+002 -6.254153e-004 -4.735005e-006
 1.012500e+002 -6.169300e-004 -3.063332e-005
 1.015000e+002 -5.833977e-004  3.000136e-005
 1.017500e+002 -5.805283e-004 -1.712943e-005
 1.020000e+002 -5.504986e-004  8.995370e-006
 1.022500e+002 -5.520839e-004  3.309636e-005
 1.025000e+002 -4.950497e-004  9.315032e-006
 1.027500e+002 -5.109646e-004  1.512231e-005
 1.030000e+002 -5.063581e-004  1.255388e-005
 1.032500e+002 -5.012780e-004  6.493008e-005
 1.035000e+002 -4.804058e-004  6.835813e-005
 1.037500e+002 -4.680666e-004  4.090421e-005
 1.040000e+002 -4.674474e-004  6.256871e-005
 1.042500e+002 -4.607713e-004  9.835476e-005
 1.045000e+002 -4.421723e-004  7.587603e-005
 1.047500e+002 -4.391978e-004  9.286080e-005
 1.050000e+002 -4.250789e-004  1.011514e-004
 1.052500e+002 -4.223676e-004  1.153930e-004
 1.055000e+002 -4.014506e-004  9.982025e-005
 1.057500e+002 -3.921801e-004  1.278518e-004
 1.060000e+002 -4.184774e-004  1.338341e-004
 1.062500e+002 -3.481876e-004  1.175770e-004
 1.065000e+002 -3.800209e-004  1.361118e-004
 1.067500e+002 -3.729694e-004  1.522868e-004
 1.070000e+002 -3.314828e-004  1.743942e-004
 1.072500e+002 -3.204221e-004  1.618244e-004
 1.075000e+002 -3.198959e-004  1.786072e-004
 1.077500e+002 -3.453257e-004  1.753969e-004
 1.080000e+002 -3.390297e-004  1.535970e-004
 1.082500e+002 -3.369309e-004  1.797627e-004
 1.085000e+002 -3.327367e-004  1.811281e-004
 1.087500e+002 -3.203611e-004  1.752131e-004
 1.090000e+002 -2.786581e-004  1.969282e-004
 1.092500e+002 -3.112859e-004  1.784706e-004
 1.095000e+002 -3.131212e-004  1.591282e-004
 1.097500e+002 -3.107572e-004  1.859320e-004
 1.100000e+002 -3.081212e-004  1.955441e-004
 1.102500e+002 -2.840672e-004  1.812201e-004
 1.105000e+002 -2.909201e-004  1.953328e-004
 1.107500e+002 -2.589791e-004  2.014923e-004
 1.110000e+002 -2.970978e-004  2.140571e-004
 1.112500e+002 -2.685115e-004  2.367641e-004
 1.115000e+002 -2.458131e-004  2.265299e-004
 1.117500e+002 -2.853913e-004  2.369840e-004
 1.120000e+002 -2.819953e-004  2.204692e-004
 1.122500e+002 -2.118553e-004  2.421358e-004
 1.125000e+002 -2.307146e-004  1.929038e-004
 1.127500e+002 -2.278218e-004  2.271068e-004
 1.130000e+002 -2.585863e-004  2.241715e-004
 1.132500e+002 -2.148897e-004  1.885729e-004
 1.135000e+002 -2.472978e-004  2.107953e-004
 1.137500e+002 -2.172791e-004  2.227742e-004
 1.140000e+002 -2.446149e-004  2.098497e-004
 1.142500e+002 -2.234436e-004  2.253210e-004
 1.145000e+002 -2.167777e-004  2.446634e-004
 1.147500e+002 -1.948371e-004  2.612600e-004
 1.150000e+002 -2.136427e-004  2.251344e-004
 1.152500e+002 -2.124973e-004  2.226489e-004
 1.155000e+002 -1.929683e-004  2.209856e-004
 1.157500e+002 -1.967888e-004  2.216321e-004
 1.160000e+002 -2.015485e-004  2.079910e-004
 1.162500e+002 -1.997382e-004  2.058105e-004
 1.165000e+002 -2.317081e-004  1.962992e-004
 1.167500e+002 -1.903177e-004  2.466774e-004
 1.170000e+002 -1.847471e-004  2.511112e-004
 1.172500e+002 -1.409822e-004  2.195055e-004
 1.175000e+002 -2.005723e-004  2.193503e-004
 1.177500e+002 -1.949947e-004  2.010329e-004
 1.180000e+002 -1.792672e-004  2.526444e-004
 1.182500e+002 -1.868000e-004  2.571780e-004
 1.185000e+002 -1.816816e-004  1.989961e-004
 1.187500e+002 -1.631488e-004  2.278680e-004
 1.190000e+002 -1.975604e-004  2.173101e-004
 1.192500e+002 -1.636568e-004  2.214374e-004
 1.195000e+002 -1.673010e-004  2.115442e-004
 1.197500e+002 -1.687130e-004  2.206631e-004
 1.200000e+002 -1.764454e-004  2.431567e-004
 1.202500e+002 -1.726007e-004  2.176219e-004
 1.205000e+002 -1.892324e-004  2.159423e-004
 1.207500e+002 -1.662967e-004  2.229622e-004
 1.210000e+002 -1.920884e-004  2.139581e-004
 1.212500e+002 -1.959579e-004  2.086113e-004
 1.215000e+002 -1.905135e-004  1.862056e-004
 1.217500e+002 -2.125378e-004  1.867938e-004
 1.220000e+002 -1.398290e-004  2.100054e-004
 1.222500e+002 -1.966105e-004  2.215618e-004
 1.225000e+002 -1.764378e-004  2.203953e-004
 1.227500e+002 -1.953915e-004  2.036050e-004
 1.230000e+002 -2.041800e-004  2.261328e-004
 1.232500e+002 -2.055479e-004  2.186195e-004
 1.235000e+002 -1.692612e-004  2.099184e-004
 1.237500e+002 -1.829101e-004  2.031688e-004
 1.240000e+002 -2.414649e-004  2.441703e-004
 1.242500e+002 -1.981129e-004  2.243161e-004
 1.245000e+002 -1.981869e-004  1.922644e-004
 1.247500e+002 -2.180916e-004  2.136349e-004
 1.250000e+002 -2.339653e-004  1.665530e-004
 1.252500e+002 -2.250315e-004  2.108456e-004
 1.255000e+002 -2.139741e-004  1.910685e-004
 1.257500e+002 -2.265295e-004  2.191437e-004
 1.260000e+002 -2.323719e-004  1.998737e-004
 1.262500e+002 -2.281778e-004  2.312133e-004
 1.265000e+002 -2.323748e-004  2.110499e-004
 1.267500e+002 -2.448093e-004  1.976113e-004
 1.270000e+002 -2.194754e-004  2.112015e-004
 1.272500e+002 -2.454644e-004  2.510817e-004
 1.275000e+002 -2.255849e-004  2.281815e-004
 1.277500e+002 -2.866450e-004  2.262930e-004
 1.280000e+002 -2.604657e-004  1.999361e-004
 1.282500e+002 -2.091676e-004  2.156269e-004
 1.285000e+002 -2.231994e-004  2.119314e-004
 1.287500e+002 -2.416236e-004  2.109407e-004
 1.290000e+002 -2.377894e-004  2.002360e-004
 1.292500e+002 -2.170157e-004  2.113448e-004
 1.295000e+002 -2.528353e-004  1.995694e-004
 1.297500e+002 -2.488385e-004  2.007979e-004
 1.300000e+002 -2.607546e-004  2.212004e-004
 1.302500e+002 -2.513471e-004  2.311236e-004
 1.305000e+002 -2.500057e-004  2.003206e-004
 1.307500e+002 -2.682513e-004  1.768027e-004
 1.310000e+002 -2.630814e-004  1.973647e-004
 1.312500e+002 -2.799214e-004  2.212942e-004
 1.315000e+002 -2.618554e-004  2.197195e-004
 1.317500e+002 -2.295419e-004  2.317650e-004
 1.320000e+002 -2.480543e-004  2.196258e-004
 1.322500e+002 -2.489023e-004  1.977652e-004
 1.325000e+002 -2.436111e-004  1.819707e-004
 1.327500e+002 -2.292967e-004  2.134129e-004
 1.330000e+002 -2.888016e-004  1.788727e-004
 1.332500e+002 -2.371862e-004  1.739458e-004
 1.335000e+002 -2.458940e-004  1.977857e-004
 1.337500e+002 -2.661070e-004  1.794482e-004
 1.340000e+002 -2.386363e-004  2.141992e-004
 1.342500e+002 -2.561064e-004  2.447217e-004
 1.345000e+002 -2.419290e-004  1.910240e-004
 1.347500e+002 -2.525826e-004  1.866395e-004
 1.350000e+002 -2.282488e-004  2.157902e-004
 1.352500e+002 -2.506913e-004  1.944588e-004
 1.355000e+002 -2.462114e-004  1.641196e-004
 1.357500e+002 -2.770602e-004  1.829247e-004
 1.360000e+002 -1.979460e-004  1.877666e-004
 1.362500e+002 -2.435015e-004  1.949643e-004
 1.365000e+002 -2.649483e-004  1.752078e-004
 1.367500e+002 -2.694225e-004  1.674647e-004
 1.370000e+002 -2.518449e-004  1.937232e-004
 1.372500e+002 -2.984808e-004  1.609823e-004
 1.375000e+002 -2.487111e-004  1.712603e-004
 1.377500e+002 -2.697250e-004  1.670548e-004
 1.380000e+002 -2.542582e-004  1.843145e-004
 1.382500e+002 -2.497524e-004  1.717621e-004
 1.385000e+002 -2.565498e-004  1.338229e-004
 1.387500e+002 -2.343941e-004  1.960302e-004
 1.390000e+002 -2.892472e-004  1.581146e-004
 1.392500e+002 -2.635996e-004  1.833813e-004
 1.395000e+002 -2.839306e-004  1.841503e-004
 1.397500e+002 -2.598424e-004  1.600368e-004
 1.400000e+002 -2.622021e-004  1.368429e-004
 1.402500e+002 -2.547939e-004  1.330493e-004
 1.405000e+002 -2.729026e-004  1.819835e-004
 1.407500e+002 -2.903033e-004  1.741519e-004
 1.410000e+002 -2.817816e-004  1.765151e-004
 1.412500e+002 -2.755985e-004  1.336420e-004
 1.415000e+002 -2.980603e-004  1.526976e-004
 1.417500e+002 -2.826984e-004  1.266516e-004
 1.420000e+002 -2.790111e-004  1.267047e-004
 1.422500e+002 -2.610536e-004  1.288419e-004
 1.425000e+002 -2.928822e-004  1.429926e-004
 1.427500e+002 -2.683908e-004  1.250147e-004
 1.430000e+002 -2.902653e-004  1.275636e-004
 1.432500e+002 -2.801215e-004  1.121382e-004
 1.435000e+002 -2.786507e-004  1.319496e-004
 1.437500e+002 -2.943421e-004  1.293314e-004
 1.440000e+002 -2.592464e-004  1.413714e-004
 1.442500e+002 -2.882111e-004  1.241701e-004
 1.445000e+002 -2.701489e-004  9.758328e-005
 1.447500e+002 -3.247703e-004  8.124638e-005
 1.450000e+002 -2.895201e-004  1.269888e-004
 1.452500e+002 -2.840637e-004  1.152945e-004
 1.455000e+002 -2.892431e-004  1.002073e-004
 1.457500e+002 -3.172621e-004  8.733058e-005
 1.460000e+002 -3.089946e-004  8.072546e-005
 1.462500e+002 -2.833188e-004  8.308824e-005
 1.465000e+002 -3.022902e-004  9.771598e-005
 1.467500e+002 -2.885165e-004  1.027738e-004
 1.470000e+002 -3.286581e-004  7.263297e-005
 1.472500e+002 -2.979622e-004  7.141284e-005
 1.475000e+002 -2.905400e-004  1.123671e-004
 1.477500e+002 -3.127684e-004  6.294580e-005
 1.480000e+002 -3.081150e-004  6.955867e-005
 1.482500e+002 -2.725007e-004  6.131492e-005
 1.485000e+002 -3.077588e-004  7.465050e-005
 1.487500e+002 -2.956873e-004  8.172320e-005
 1.490000e+002 -2.975985e-004  5.480074e-005
 1.492500e+002 -3.082213e-004  7.427955e-005
 1.495000e+002 -3.066699e-004  4.927672e-005
 1.497500e+002 -3.038355e-004  3.738713e-005
 1.500000e+002 -2.752191e-004  4.619847e-005
 1.502500e+002 -3.179126e-004  5.990579e-005
 1.505000e+002 -2.583431e-004  5.446453e-005
 1.507500e+002 -2.862958e-004  2.993766e-005
 1.510000e+002 -3.102072e-004  3.409501e-005
 1.512500e+002 -3.115275e-004  6.793358e-005
 1.515000e+002 -2.960146e-004  1.946124e-005
 1.517500e+002 -3.003012e-004  2.874294e-005
 1.520000e+002 -2.964249e-004  4.307743e-005
 1.522500e+002 -2.825599e-004  2.313904e-005
 1.525000e+002 -2.575838e-004  3.597238e-005
 1.527500e+002 -2.709263e-004  5.045289e-005
 1.530000e+002 -2.598339e-004  2.286759e-005
 1.532500e+002 -2.956342e-004  3.921852e-006
 1.535000e+002 -3.004101e-004  5.381581e-006
 1.537500e+002 -2.557036e-004  3.323626e-006
 1.540000e+002 -2.875639e-004  1.856040e-005
 1.542500e+002 -3.022188e-004  2.268122e-005
 1.545000e+002 -2.875054e-004 -5.817879e-006
 1.547500e+002 -2.607445e-004 -1.284419e-005
 1.550000e+002 -2.740530e-004  1.470874e-005
 1.552500e+002 -2.974018e-004  1.593180e-005
 1.555000e+002 -2.855506e-004  4.966434e-005
 1.557500e+002 -2.799605e-004  1.444522e-005
 1.560000e+002 -2.929921e-004  4.240130e-006
 1.562500e+002 -2.925923e-004  1.262315e-005
 1.565000e+002 -2.892891e-004 -6.172538e-006
 1.567500e+002 -2.884781e-004 -3.362578e-005
 1.570000e+002 -2.896381e-004  1.608867e-005
 1.572500e+002 -2.946816e-004  5.209960e-006
 1.575000e+002 -2.917744e-004 -1.548812e-005
 1.577500e+002 -2.852040e-004 -2.925094e-005
 1.580000e+002 -2.993146e-004 -1.590035e-005
 1.582500e+002 -2.863956e-004 -9.100429e-006
 1.585000e+002 -2.536811e-004 -2.805257e-005
 1.587500e+002 -2.645864e-004 -2.752740e-005
 1.590000e+002 -2.793202e-004 -5.546378e-005
 1.592500e+002 -2.855797e-004 -4.060503e-005
 1.595000e+002 -2.713687e-004 -3.666614e-005
 1.597500e+002 -2.523602e-004 -8.098036e-006
 1.600000e+002 -2.832256e-004 -2.471412e-005
 1.602500e+002 -2.446312e-004 -1.468618e-005
 1.605000e+002 -2.776253e-004 -4.748892e-005
 1.607500e+002 -2.564902e-004 -2.390804e-005
 1.610000e+002 -2.758421e-004 -2.129068e-005
 1.612500e+002 -2.309150e-004 -4.598988e-005
 1.615000e+002 -2.188833e-004 -5.637134e-005
 1.617500e+002 -2.514647e-004 -1.993379e-005
 1.620000e+002 -2.476726e-004 -3.891525e-005
 1.622500e+002 -2.519688e-004 -4.630323e-005
 1.625000e+002 -2.366803e-004 -4.496128e-005
 1.627500e+002 -2.219396e-004 -8.842563e-005
 1.630000e+002 -2.504042e-004 -5.966299e-005
 1.632500e+002 -2.488228e-004 -7.859794e-005
 1.635000e+002 -2.543245e-004 -8.658262e-005
 1.637500e+002 -2.351153e-004 -6.822192e-005
 1.640000e+002 -2.328370e-004 -6.141353e-005
 1.642500e+002 -2.035879e-004 -4.883587e-005
 1.645000e+002 -2.197184e-004 -1.025036e-004
 1.647500e+002 -2.171352e-004 -9.529577e-005
 1.650000e+002 -2.280486e-004 -7.369308e-005
 1.652500e+002 -2.386854e-004 -8.048459e-005
 1.655000e+002 -2.092470e-004 -8.948117e-005
 1.657500e+002 -2.276009e-004 -1.198127e-004
 1.660000e+002 -2.035617e-004 -1.028921e-004
 1.662500e+002 -1.761843e-004 -1.140193e-004
 1.665000e+002 -2.008649e-004 -8.487595e-005
 1.667500e+002 -1.942576e-004 -8.772792e-005
 1.670000e+002 -1.653562e-004 -1.125964e-004
 1.672500e+002 -1.699053e-004 -1.343258e-004
 1.675000e+002 -1.943621e-004 -8.692367e-005
 1.677500e+002 -1.787351e-004 -1.041949e-004
 1.680000e+002 -1.743881e-004 -1.050228e-004
 1.682500e+002 -1.664193e-004 -1.165534e-004
 1.685000e+002 -1.914541e-004 -1.126822e-004
 1.687500e+002 -1.989867e-004 -1.464854e-004
 1.690000e+002 -1.905810e-004 -1.437531e-004
 1.692500e+002 -1.847384e-004 -1.486482e-004
 1.695000e+002 -1.643815e-004 -1.365263e-004
 1.697500e+002 -2.001109e-004 -1.696075e-004
 1.700000e+002 -1.633425e-004 -1.292447e-004
 1.702500e+002 -1.772683e-004 -1.539412e-004
 1.705000e+002 -1.881365e-004 -1.712809e-004
 1.707500e+002 -1.529554e-004 -1.352183e-004
 1.710000e+002 -1.737402e-004 -1.523421e-004
 1.712500e+002 -1.918359e-004 -1.711165e-004
 1.715000e+002 -2.050875e-004 -1.566395e-004
 1.717500e+002 -1.802698e-004 -1.650294e-004
 1.720000e+002 -1.796578e-004 -1.667944e-004
 1.722500e+002 -1.942232e-004 -1.671829e-004
 1.725000e+002 -1.752095e-004 -1.429036e-004
 1.727500e+002 -1.486324e-004 -1.698546e-004
 1.730000e+002 -2.051308e-004 -1.962307e-004
 1.732500e+002 -1.768377e-004 -1.642084e-004
 1.735000e+002 -1.754147e-004 -1.411215e-004
 1.737500e+002 -1.901407e-004 -1.512928e-004
 1.740000e+002 -1.588565e-004 -1.443691e-004
 1.742500e+002 -1.658202e-004 -1.758816e-004
 1.745000e+002 -1.717071e-004 -1.633933e-004
 1.747500e+002 -1.816421e-004 -1.503440e-004
 1.750000e+002 -1.882419e-004 -1.438048e-004
 1.752500e+002 -1.815577e-004 -1.597608e-004
 1.755000e+002 -1.627479e-004 -1.246075e-004
 1.757500e+002 -1.527841e-004 -1.758011e-004
 1.760000e+002 -1.231423e-004 -1.588963e-004
 1.762500e+002 -1.484913e-004 -1.530680e-004
 1.765000e+002 -9.265918e-005 -1.765385e-004
 1.767500e+002 -1.491537e-004 -1.557827e-004
 1.770000e+002 -1.798370e-004 -1.625310e-004
 1.772500e+002 -1.439279e-004 -1.192621e-004
 1.775000e+002 -1.612629e-004 -1.148222e-004
 1.777500e+002 -1.552330e-004 -1.278956e-004
 1.780000e+002 -1.144851e-004 -1.682640e-004
 1.782500e+002 -1.326089e-004 -1.309088e-004
 1.785000e+002 -1.205003e-004 -1.245921e-004
 1.787500e+002 -1.163065e-004 -1.367697e-004
 1.790000e+002 -1.113192e-004 -1.552338e-004
 1.792500e+002 -1.137290e-004 -1.054647e-004
 1.795000e+002 -9.856148e-005 -1.503003e-004
 1.797500e+002 -1.161352e-004 -1.307868e-004
 1.800000e+002 -5.443613e-005 -1.682447e-004
 1.802500e+002 -9.814834e-005 -1.669686e-004
 1.805000e+002 -7.532785e-005 -1.394977e-004
 1.807500e+002 -8.921580e-005 -1.517853e-004
 1.810000e+002 -8.535196e-005 -1.355095e-004
 1.812500e+002 -8.360965e-005 -1.530026e-004
 1.815000e+002 -8.397910e-005 -1.332641e-004
 1.817500e+002 -3.383263e-005 -1.316276e-004
 1.820000e+002 -3.779089e-005 -1.437467e-004
 1.822500e+002 -2.834530e-005 -1.434104e-004
 1.825000e+002 -6.969376e-005 -1.351815e-004
 1.827500e+002 -3.924902e-005 -1.312230e-004
 1.830000e+002 -3.403433e-005 -1.487912e-004
 1.832500e+002 -8.005740e-005 -1.208380e-004
 1.835000e+002 -5.005027e-005 -1.685057e-004
 1.837500e+002 -2.972370e-005 -1.504038e-004
 1.840000e+002 -4.871396e-005 -1.540329e-004
 1.842500e+002 -6.946128e-005 -1.469763e-004
 1.845000e+002 -3.487944e-005 -1.504661e-004
 1.847500e+002 -1.067659e-005 -1.283396e-004
 1.850000e+002 -1.194765e-005 -1.274122e-004
 1.852500e+002 -3.780981e-005 -1.459797e-004
 1.855000e+002  9.039725e-006 -1.320255e-004
 1.857500e+002  3.862606e-006 -1.324941e-004
 1.860000e+002 -1.992544e-005 -1.175412e-004
 1.862500e+002 -1.192123e-005 -1.311535e-004
 1.865000e+002 -3.717046e-005 -1.447469e-004
 1.867500e+002  2.570319e-005 -1.126482e-004
 1.870000e+002 -1.993904e-005 -1.299232e-004
 1.872500e+002  3.464256e-005 -1.064620e-004
 1.875000e+002 -2.728807e-005 -1.314666e-004
 1.877500e+002 -9.568336e-006 -1.274508e-004
 1.880000e+002 -3.547919e-005 -1.379377e-004
 1.882500e+002 -9.105070e-006 -1.324827e-004
 1.885000e+002  1.178629e-005 -1.347868e-004
 1.887500e+002 -1.195788e-005 -1.110875e-004
 1.890000e+002 -6.759975e-007 -1.118487e-004
 1.892500e+002  1.611959e-006 -1.112152e-004
 1.895000e+002 -1.920899e-005 -9.359692e-005
 1.897500e+002  1.095832e-005 -1.210518e-004
 1.900000e+002 -5.654278e-006 -1.062688e-004
 1.902500e+002  3.609087e-005 -8.657762e-005
 1.905000e+002  1.429020e-005 -1.020964e-004
 1.907500e+002  4.995295e-005 -9.760560e-005
 1.910000e+002  1.607172e-005 -1.044765e-004
 1.912500e+002  8.719492e-006 -1.126724e-004
 1.915000e+002  3.094019e-005 -1.205248e-004
 1.917500e+002  1.854225e-005 -7.332637e-005
 1.920000e+002  2.442481e-005 -1.130888e-004
 1.922500e+002  1.653255e-005 -8.921408e-005
 1.925000e+002  4.538078e-005 -8.055502e-005
 1.927500e+002  1.855273e-005 -9.945568e-005
 1.930000e+002  4.974369e-005 -9.675150e-005
 1.932500e+002  1.645285e-005 -7.192625e-005
 1.935000e+002  3.511394e-005 -6.256151e-005
 1.937500e+002  5.551403e-005 -8.496296e-005
 1.940000e+002  1.312195e-005 -5.944595e-005
 1.942500e+002  7.519235e-005 -8.125441e-005
 1.945000e+002  2.866801e-005 -7.744812e-005
 1.947500e+002  4.403300e-005 -7.102509e-005
 1.950000e+002  5.117519e-005 -1.021823e-004
 1.952500e+002  4.354482e-005 -6.825736e-005
 1.955000e+002  5.714624e-005 -4.932951e-005
 1.957500e+002  6.702899e-005 -5.552680e-005
 1.960000e+002  5.748891e-005 -5.948119e-005
 1.962500e+002  7.208985e-005 -5.595864e-005
 1.965000e+002  6.773157e-005 -6.592562e-005
 1.967500e+002  7.070939e-005 -4.679889e-005
 1.970000e+002  5.014136e-005 -2.611603e-005
 1.972500e+002  8.909316e-005 -3.579945e-005
 1.975000e+002  7.326887e-005 -2.367580e-005
 1.977500e+002  6.488583e-005 -5.699335e-005
 1.980000e+002  5.905150e-005 -1.769007e-005
 1.982500e+002  7.490164e-005 -2.424808e-005
 1.985000e+002  5.962997e-005 -2.541200e-005
 1.987500e+002  7.489393e-005 -1.500127e-005
 1.990000e+002  5.214983e-005 -2.421531e-005
 1.992500e+002  9.269855e-005  2.994758e-005
 1.995000e+002  5.729189e-005  7.765696e-006
 1.997500e+002  8.188196e-005 -2.391962e-005
 2.000000e+002  8.920266e-005  3.739364e-005
 2.002500e+002  8.026939e-005 -3.004337e-007
 2.005000e+002  6.244685e-005 -1.123854e-005
 2.007500e+002  9.787181e-005 -2.310419e-006
 2.010000e+002  8.078972e-005  1.158385e-006
 2.012500e+002  7.798389e-005 -8.305681e-006
 2.015000e+002  7.666112e-005  9.590200e-006
 2.017500e+002  6.570410e-005  1.182263e-005
 2.020000e+002  6.175308e-005  1.289346e-005
 2.022500e+002  5.925745e-005  1.188787e-005
 2.025000e+002  4.932124e-005  2.091415e-005
 2.027500e+002  7.343284e-005  9.086015e-006
 2.030000e+002  8.361883e-005  1.806942e-005
 2.032500e+002  6.046792e-005  4.008174e-005
 2.035000e+002  9.999812e-005  4.462673e-005
 2.037500e+002  6.872889e-005  2.218323e-005
 2.040000e+002  8.134279e-005  8.728575e-005
 2.042500e+002  9.354568e-005  3.653194e-005
 2.045000e+002  5.034892e-005  1.017374e-005
 2.047500e+002  6.327518e-005  3.687928e-005
 2.050000e+002  8.131546e-005  4.846801e-005
 2.052500e+002  6.468857e-005  3.371315e-005
 2.055000e+002  6.537725e-005  4.218322e-005
 2.057500e+002  7.340983e-005  7.608351e-005
 2.060000e+002  6.555018e-005  5.748961e-005
 2.062500e+002  6.034810e-005  6.661209e-005
 2.065000e+002  2.268347e-005  3.901087e-005
 2.067500e+002  3.292880e-005  1.011134e-004
 2.070000e+002  4.941246e-005  7.592722e-005
 2.072500e+002  2.118428e-005  7.189476e-005
 2.075000e+002  6.117955e-005  6.851526e-005
 2.077500e+002  5.378996e-005  4.650969e-005
 2.080000e+002  3.849932e-005  7.147435e-005
 2.082500e+002  7.042850e-005  1.031969e-004
 2.085000e+002  4.756734e-005  8.693524e-005
 2.087500e+002  9.042390e-006  8.778538e-005
 2.090000e+002  5.605341e-005  1.386648e-004
 2.092500e+002  3.704435e-005  1.071245e-004
 2.095000e+002  2.608997e-005  7.701108e-005
 2.097500e+002  4.324336e-005  1.044541e-004
 2.100000e+002  3.856608e-005  8.073617e-005
 2.102500e+002  4.439236e-005  9.087295e-005
 2.105000e+002  4.570915e-005  1.138038e-004
 2.107500e+002  5.056637e-005  1.003358e-004
 2.110000e+002  2.882973e-005  8.492459e-005
 2.112500e+002  6.319298e-006  1.452788e-004
 2.115000e+002  2.896664e-005  1.084834e-004
 2.117500e+002  4.012725e-005  1.630387e-004
 2.120000e+002  2.501668e-005  1.184133e-004
 2.122500e+002  3.068084e-005  1.425017e-004
 2.125000e+002  2.473307e-006  1.239039e-004
 2.127500e+002  1.607867e-005  1.151302e-004
 2.130000e+002  2.307234e-005  1.160164e-004
 2.132500e+002  2.071681e-005  1.178789e-004
 2.135000e+002  1.321076e-005  1.604202e-004
 2.137500e+002  3.088443e-006  1.855244e-004
 2.140000e+002  1.525105e-005  1.035726e-004
 2.142500e+002 -1.501943e-005  1.434208e-004
 2.145000e+002  6.372320e-007  1.539267e-004
 2.147500e+002 -1.742997e-005  1.783835e-004
 2.150000e+002 -8.533274e-007  1.554938e-004
 2.152500e+002  1.813104e-005  1.647580e-004
 2.155000e+002 -2.153526e-005  1.534735e-004
 2.157500e+002 -6.032538e-006  1.509668e-004
 2.160000e+002 -1.754578e-005  1.519609e-004
 2.162500e+002 -1.679585e-005  1.567791e-004
 2.165000e+002 -1.746282e-005  1.688264e-004
 2.167500e+002 -2.854928e-005  1.338372e-004
 2.170000e+002 -1.997314e-005  1.648817e-004
 2.172500e+002 -5.855746e-005  1.625970e-004
 2.175000e+002 -4.667873e-005  1.492375e-004
 2.177500e+002 -6.549702e-005  1.756177e-004
 2.180000e+002 -1.591481e-005  1.610417e-004
 2.182500e+002 -7.598831e-005  1.614965e-004
 2.185000e+002 -6.183281e-005  1.601026e-004
 2.187500e+002 -8.548265e-005  1.683234e-004
 2.190000e+002 -6.570313e-005  1.547121e-004
 2.192500e+002 -6.442852e-005  1.566186e-004
 2.195000e+002 -5.704897e-005  1.523836e-004
 2.197500e+002 -6.259380e-005  1.541581e-004
 2.200000e+002 -6.541892e-005  1.531860e-004
 2.202500e+002 -8.804900e-005  1.515030e-004
 2.205000e+002 -1.203300e-004  1.404981e-004
 2.207500e+002 -7.777412e-005  1.253275e-004
 2.210000e+002 -8.546850e-005  1.586700e-004
 2.212500e+002 -1.104732e-004  1.527257e-004
 2.215000e+002 -7.136396e-005  2.030401e-004
 2.217500e+002 -1.060307e-004  1.593930e-004
 2.220000e+002 -8.509925e-005  1.519144e-004
 2.222500e+002 -1.050606e-004  1.545090e-004
 2.225000e+002 -1.168253e-004  1.765780e-004
 2.227500e+002 -1.374518e-004  1.657426e-004
 2.230000e+002 -1.515288e-004  1.783319e-004
 2.232500e+002 -1.346766e-004  1.461512e-004
 2.235000e+002 -1.179142e-004  1.430856e-004
 2.237500e+002 -1.059946e-004  1.418185e-004
 2.240000e+002 -1.567897e-004  1.726099e-004
 2.242500e+002 -1.558379e-004  1.404133e-004
 2.245000e+002 -1.521046e-004  1.594099e-004
 2.247500e+002 -1.475568e-004  1.505587e-004
 2.250000e+002 -1.380710e-004  1.485933e-004
 2.252500e+002 -1.443955e-004  1.547693e-004
 2.255000e+002 -1.555134e-004  1.231695e-004
 2.257500e+002 -1.403808e-004  1.465164e-004
 2.260000e+002 -1.943166e-004  1.337695e-004
 2.262500e+002 -1.575363e-004  1.499506e-004
 2.265000e+002 -1.483598e-004  1.684700e-004
 2.267500e+002 -1.988378e-004  1.545565e-004
 2.270000e+002 -2.286662e-004  1.498659e-004
 2.272500e+002 -1.673427e-004  1.035470e-004
 2.275000e+002 -1.754845e-004  1.292435e-004
 2.277500e+002 -1.784849e-004  1.037638e-004
 2.280000e+002 -2.115733e-004  1.293883e-004
 2.282500e+002 -2.343142e-004  1.122114e-004
 2.285000e+002 -2.405380e-004  1.281089e-004
 2.287500e+002 -2.327955e-004  8.933175e-005
 2.290000e+002 -2.412314e-004  9.507552e-005
 2.292500e+002 -2.034442e-004  1.014068e-004
 2.295000e+002 -2.312815e-004  1.225891e-004
 2.297500e+002 -2.953858e-004  8.575386e-005
 2.300000e+002 -2.459086e-004  8.833927e-005
 2.302500e+002 -2.224315e-004  1.116736e-004
 2.305000e+002 -2.040478e-004  9.906211e-005
 2.307500e+002 -2.494676e-004  6.921061e-005
 2.310000e+002 -2.441136e-004  8.740286e-005
 2.312500e+002 -2.492092e-004  7.797307e-005
 2.315000e+002 -2.300947e-004  1.117984e-004
 2.317500e+002 -2.744508e-004  5.466662e-005
 2.320000e+002 -2.334260e-004  5.588778e-005
 2.322500e+002 -2.244921e-004  5.901741e-005
 2.325000e+002 -2.608562e-004  4.895713e-005
 2.327500e+002 -2.677344e-004  4.495435e-005
 2.330000e+002 -2.812298e-004  2.299293e-005
 2.332500e+002 -2.591082e-004  2.689467e-005
 2.335000e+002 -2.363589e-004  1.368636e-005
 2.337500e+002 -2.635719e-004 -5.489499e-006
 2.340000e+002 -2.429104e-004 -7.131232e-006
 2.342500e+002 -2.754735e-004 -9.170608e-006
 2.345000e+002 -2.778253e-004  2.540802e-006
 2.347500e+002 -2.386249e-004  2.130000e-005
 2.350000e+002 -2.993926e-004 -3.983983e-005
 2.352500e+002 -2.420167e-004  9.527983e-006
 2.355000e+002 -2.646396e-004 -6.635128e-005
 2.357500e+002 -2.608293e-004 -3.462361e-005
 2.360000e+002 -2.769740e-004 -5.908301e-005
 2.362500e+002 -2.792746e-004 -6.781594e-005
 2.365000e+002 -2.967828e-004 -6.937310e-005
 2.367500e+002 -2.610324e-004 -4.421522e-005
 2.370000e+002 -2.710153e-004 -1.011665e-004
 2.372500e+002 -2.470121e-004 -1.013582e-004
 2.375000e+002 -2.762252e-004 -1.150618e-004
 2.377500e+002 -2.641094e-004 -7.028732e-005
 2.380000e+002 -3.038849e-004 -7.599337e-005
 2.382500e+002 -3.081810e-004 -6.418295e-005
 2.385000e+002 -2.873522e-004 -1.155834e-004
 2.387500e+002 -3.016195e-004 -1.129650e-004
 2.390000e+002 -3.257922e-004 -1.585514e-004
 2.392500e+002 -2.879077e-004 -1.650792e-004
 2.395000e+002 -2.368683e-004 -1.330077e-004
 2.397500e+002 -2.543701e-004 -1.612843e-004
 2.400000e+002 -2.748663e-004 -1.467405e-004
 2.402500e+002 -2.788979e-004 -1.689470e-004
 2.405000e+002 -2.873664e-004 -1.459607e-004
 2.407500e+002 -2.667662e-004 -1.646790e-004
 2.410000e+002 -2.757752e-004 -1.542908e-004
 2.412500e+002 -2.673016e-004 -1.760652e-004
 2.415000e+002 -2.457722e-004 -1.689021e-004
 2.417500e+002 -2.616263e-004 -1.915473e-004
 2.420000e+002 -2.518178e-004 -1.791203e-004
 2.422500e+002 -2.391314e-004 -1.452005e-004
 2.425000e+002 -2.317494e-004 -2.232264e-004
 2.427500e+002 -2.724653e-004 -1.810001e-004
 2.430000e+002 -2.588672e-004 -2.012247e-004
 2.432500e+002 -2.169395e-004 -1.616123e-004
 2.435000e+002 -1.718932e-004 -1.768885e-004
 2.437500e+002 -2.128725e-004 -1.976737e-004
 2.440000e+002 -2.089743e-004 -2.284423e-004
 2.442500e+002 -1.995945e-004 -2.068365e-004
 2.445000e+002 -1.681736e-004 -1.776988e-004
 2.447500e+002 -1.695448e-004 -1.898537e-004
 2.450000e+002 -1.045328e-004 -2.278661e-004
 2.452500e+002 -1.303779e-004 -2.237394e-004
 2.455000e+002 -1.404498e-004 -2.213955e-004
 2.457500e+002 -1.287872e-004 -2.273794e-004
 2.460000e+002 -1.246201e-004 -2.310402e-004
 2.462500e+002 -7.296666e-005 -2.132821e-004
 2.465000e+002 -7.479214e-005 -2.471110e-004
 2.467500e+002 -4.706797e-005 -2.006537e-004
 2.470000e+002 -4.689285e-005 -2.301480e-004
 2.472500e+002 -1.406275e-006 -2.549343e-004
 2.475000e+002 -6.509206e-006 -2.907751e-004
 2.477500e+002  1.291707e-005 -2.581851e-004
 2.480000e+002  3.216889e-005 -3.145159e-004
 2.482500e+002  3.418056e-005 -2.873548e-004
 2.485000e+002  3.958004e-005 -3.330997e-004
 2.487500e+002  7.285930e-006 -3.460883e-004
 2.490000e+002  4.822174e-005 -3.320357e-004
 2.492500e+002  1.582650e-005 -3.445236e-004
 2.495000e+002  7.596419e-006 -3.169823e-004
 2.497500e+002  7.777676e-006 -3.519370e-004
 2.500000e+002  4.560868e-005 -2.782387e-004
 2.502500e+002  3.047730e-005 -3.213275e-004
 2.505000e+002  6.251795e-005 -2.593325e-004
 2.507500e+002  6.827271e-005 -3.083602e-004
 2.510000e+002  8.227127e-005 -3.066045e-004
 2.512500e+002  9.973097e-005 -2.516878e-004
 2.515000e+002  1.102577e-004 -2.770120e-004
 2.517500e+002  1.189391e-004 -2.685846e-004
 2.520000e+002  1.130271e-004 -2.521231e-004
 2.522500e+002  1.550641e-004 -2.521341e-004
 2.525000e+002  1.507376e-004 -2.490830e-004
 2.527500e+002  1.565370e-004 -2.229564e-004
 2.530000e+002  1.671146e-004 -2.433753e-004
 2.532500e+002  1.614406e-004 -1.744616e-004
 2.535000e+002  1.567777e-004 -1.654799e-004
 2.537500e+002  1.863361e-004 -1.535216e-004
 2.540000e+002  1.972338e-004 -1.615361e-004
 2.542500e+002  2.157029e-004 -1.098950e-004
 2.545000e+002  2.166192e-004 -1.045137e-004
 2.547500e+002  2.274603e-004 -1.212210e-004
 2.550000e+002  2.359972e-004 -7.182755e-005
 2.552500e+002  2.488004e-004 -4.589848e-005
 2.555000e+002  2.176215e-004 -4.867623e-005
 2.557500e+002  2.103366e-004 -3.801883e-005
 2.560000e+002  1.605942e-004  1.775895e-007
