 0.000000e+000  9.982699e-001  0.000000e+000
 2.500000e-001  1.882916e-001  0.000000e+000
 5.000000e-001  3.160678e-001  0.000000e+000
 7.500000e-001  3.933447e-001  0.000000e+000
 1.000000e+000  4.661936e-001  0.000000e+000
 1.250000e+000  6.097736e-001  0.000000e+000
 1.500000e+000  7.606390e-001  0.000000e+000
 1.750000e+000  8.152825e-001  0.000000e+000
 2.000000e+000  7.267196e-001  0.000000e+000
 2.250000e+000  6.838321e-001  0.000000e+000
 2.500000e+000  6.089134e-001  0.000000e+000
 2.750000e+000  4.929529e-001  0.000000e+000
 3.000000e+000  1.283511e-001  0.000000e+000
 3.250000e+000  1.304380e-001  0.000000e+000
 3.500000e+000  2.249034e-001  0.000000e+000
 3.750000e+000  3.961345e-001  0.000000e+000
 4.000000e+000  6.415114e-002  0.000000e+000
 4.250000e+000  2.099606e-001  0.000000e+000
 4.500000e+000  8.404849e-002  0.000000e+000
 4.750000e+000  8.990059e-002  0.000000e+000
 5.000000e+000  2.950333e-001  0.000000e+000
 5.250000e+000  3.497274e-001  0.000000e+000
 5.500000e+000  3.336036e-001  0.000000e+000
 5.750000e+000  6.124331e-001  0.000000e+000
 6.000000e+000  3.624828e-001  0.000000e+000
 6.250000e+000  4.864831e-001  0.000000e+000
 6.500000e+000  7.668043e-001  0.000000e+000
 6.750000e+000  7.209013e-001  0.000000e+000
 7.000000e+000  8.186529e-001  0.000000e+000
 7.250000e+000  8.091508e-001  0.000000e+000
 7.500000e+000  8.380945e-001  0.000000e+000
 7.750000e+000  8.129983e-001  0.000000e+000
 8.000000e+000  8.447742e-001  0.000000e+000
 8.250000e+000  9.003181e-001  0.000000e+000
 8.500000e+000  9.169982e-001  0.000000e+000
 8.750000e+000  8.789178e-001  0.000000e+000
 9.000000e+000  9.274145e-001  0.000000e+000
 9.250000e+000  8.728236e-001  0.000000e+000
 9.500000e+000  9.280423e-001  0.000000e+000
 9.750000e+000  9.361329e-001  0.000000e+000
 1.000000e+001  9.208599e-001  0.000000e+000
 1.025000e+001  9.118297e-001  0.000000e+000
 1.050000e+001  9.221810e-001  0.000000e+000
 1.075000e+001  9.318402e-001  0.000000e+000
 1.100000e+001  9.511527e-001  0.000000e+000
 1.125000e+001  9.308859e-001  0.000000e+000
 1.150000e+001  9.474433e-001  0.000000e+000
 1.175000e+001  9.514464e-001  0.000000e+000
 1.200000e+001  9.635401e-001  0.000000e+000
 1.225000e+001  9.604375e-001  0.000000e+000
 1.250000e+001  9.676247e-001  0.000000e+000
 1.275000e+001  9.560108e-001  0.000000e+000
 1.300000e+001  9.520067e-001  0.000000e+000
 1.325000e+001  9.587267e-001  0.000000e+000
 1.350000e+001  9.697340e-001  0.000000e+000
 1.375000e+001  9.678507e-001  0.000000e+000
 1.400000e+001  9.456440e-001  0.000000e+000
 1.425000e+001  9.428094e-001  0.000000e+000
 1.450000e+001  9.507912e-001  0.000000e+000
 1.475000e+001  9.581313e-001  0.000000e+000
 1.500000e+001  9.403111e-001  0.000000e+000
 1.525000e+001  9.488444e-001  0.000000e+000
 1.550000e+001  9.430726e-001  0.000000e+000
 1.575000e+001  9.521410e-001  0.000000e+000
 1.600000e+001  9.602876e-001  0.000000e+000
 1.625000e+001  9.448467e-001  0.000000e+000
 1.650000e+001  9.569415e-001  0.000000e+000
 1.675000e+001  9.427225e-001  0.000000e+000
 1.700000e+001  9.238872e-001  0.000000e+000
 1.725000e+001  9.428525e-001  0.000000e+000
 1.750000e+001  9.272601e-001  0.000000e+000
 1.775000e+001  9.477196e-001  0.000000e+000
 1.800000e+001  9.366156e-001  0.000000e+000
 1.825000e+001  9.444978e-001  0.000000e+000
 1.850000e+001  9.382036e-001  0.000000e+000
 1.875000e+001  9.348962e-001  0.000000e+000
 1.900000e+001  9.304575e-001  0.000000e+000
 1.925000e+001  9.268483e-001  0.000000e+000
 1.950000e+001  9.284455e-001  0.000000e+000
 1.975000e+001  9.293430e-001  0.000000e+000
 2.000000e+001  9.315911e-001  0.000000e+000
 2.025000e+001  9.226888e-001  0.000000e+000
 2.050000e+001  9.070442e-001  0.000000e+000
 2.075000e+001  9.206268e-001  0.000000e+000
 2.100000e+001  9.361248e-001  0.000000e+000
 2.125000e+001  9.127873e-001  0.000000e+000
 2.150000e+001  9.277717e-001  0.000000e+000
 2.175000e+001  9.458966e-001  0.000000e+000
 2.200000e+001  9.273810e-001  0.000000e+000
 2.225000e+001  9.581569e-001  0.000000e+000
 2.250000e+001  8.576521e-001  0.000000e+000
 2.275000e+001  9.365869e-001  0.000000e+000
 2.300000e+001  9.055237e-001  0.000000e+000
 2.325000e+001  8.843399e-001  0.000000e+000
 2.350000e+001  8.582417e-001  0.000000e+000
 2.375000e+001  8.738578e-001  0.000000e+000
 2.400000e+001  9.054253e-001  0.000000e+000
 2.425000e+001  8.894873e-001  0.000000e+000
 2.450000e+001  8.929171e-001  0.000000e+000
 2.475000e+001  8.857667e-001  0.000000e+000
 2.500000e+001  8.836417e-001  0.000000e+000
 2.525000e+001  8.861662e-001  0.000000e+000
 2.550000e+001  8.648153e-001  0.000000e+000
 2.575000e+001  8.632206e-001  0.000000e+000
 2.600000e+001  8.404403e-001  0.000000e+000
 2.625000e+001  8.448899e-001  0.000000e+000
 2.650000e+001  8.480449e-001  0.000000e+000
 2.675000e+001  8.368642e-001  0.000000e+000
 2.700000e+001  8.363203e-001  0.000000e+000
 2.725000e+001  8.276109e-001  0.000000e+000
 2.750000e+001  8.088841e-001  0.000000e+000
 2.775000e+001  8.121926e-001  0.000000e+000
 2.800000e+001  8.236958e-001  0.000000e+000
 2.825000e+001  7.937645e-001  0.000000e+000
 2.850000e+001  7.734787e-001  0.000000e+000
 2.875000e+001  7.800348e-001  0.000000e+000
 2.900000e+001  7.829729e-001  0.000000e+000
 2.925000e+001  7.565581e-001  0.000000e+000
 2.950000e+001  7.844446e-001  0.000000e+000
 2.975000e+001  7.603821e-001  0.000000e+000
 3.000000e+001  7.691391e-001  0.000000e+000
 3.025000e+001  7.645407e-001  0.000000e+000
 3.050000e+001  7.475151e-001  0.000000e+000
 3.075000e+001  7.463071e-001  0.000000e+000
 3.100000e+001  7.008687e-001  0.000000e+000
 3.125000e+001  7.131313e-001  0.000000e+000
 3.150000e+001  7.134607e-001  0.000000e+000
 3.175000e+001  6.947182e-001  0.000000e+000
 3.200000e+001  6.729530e-001  0.000000e+000
 3.225000e+001  6.786641e-001  0.000000e+000
 3.250000e+001  6.478977e-001  0.000000e+000
 3.275000e+001  6.780941e-001  0.000000e+000
 3.300000e+001  6.465046e-001  0.000000e+000
 3.325000e+001  6.500178e-001  0.000000e+000
 3.350000e+001  6.405988e-001  0.000000e+000
 3.375000e+001  5.835752e-001  0.000000e+000
 3.400000e+001  5.969096e-001  0.000000e+000
 3.425000e+001  6.239147e-001  0.000000e+000
 3.450000e+001  6.082561e-001  0.000000e+000
 3.475000e+001  5.647193e-001  0.000000e+000
 3.500000e+001  6.479992e-001  0.000000e+000
 3.525000e+001  6.003689e-001  0.000000e+000
 3.550000e+001  6.132057e-001  0.000000e+000
 3.575000e+001  6.087351e-001  0.000000e+000
 3.600000e+001  6.189870e-001  0.000000e+000
 3.625000e+001  6.145155e-001  0.000000e+000
 3.650000e+001  7.040278e-001  0.000000e+000
 3.675000e+001  6.590599e-001  0.000000e+000
 3.700000e+001  5.867261e-001  0.000000e+000
 3.725000e+001  6.544619e-001  0.000000e+000
 3.750000e+001  6.110935e-001  0.000000e+000
 3.775000e+001  6.681813e-001  0.000000e+000
 3.800000e+001  6.690069e-001  0.000000e+000
 3.825000e+001  7.120706e-001  0.000000e+000
 3.850000e+001  6.447402e-001  0.000000e+000
 3.875000e+001  6.313763e-001  0.000000e+000
 3.900000e+001  6.719069e-001  0.000000e+000
 3.925000e+001  6.765658e-001  0.000000e+000
 3.950000e+001  6.593261e-001  0.000000e+000
 3.975000e+001  6.345497e-001  0.000000e+000
 4.000000e+001  6.440411e-001  0.000000e+000
 4.025000e+001  6.778179e-001  0.000000e+000
 4.050000e+001  6.032320e-001  0.000000e+000
 4.075000e+001  6.094658e-001  0.000000e+000
 4.100000e+001  6.305022e-001  0.000000e+000
 4.125000e+001  6.027725e-001  0.000000e+000
 4.150000e+001  5.809454e-001  0.000000e+000
 4.175000e+001  6.093591e-001  0.000000e+000
 4.200000e+001  6.333234e-001  0.000000e+000
 4.225000e+001  6.009600e-001  0.000000e+000
 4.250000e+001  5.969471e-001  0.000000e+000
 4.275000e+001  6.582354e-001  0.000000e+000
 4.300000e+001  6.122139e-001  0.000000e+000
 4.325000e+001  6.958141e-001  0.000000e+000
 4.350000e+001  6.680475e-001  0.000000e+000
 4.375000e+001  6.703137e-001  0.000000e+000
 4.400000e+001  6.552237e-001  0.000000e+000
 4.425000e+001  6.204070e-001  0.000000e+000
 4.450000e+001  7.142119e-001  0.000000e+000
 4.475000e+001  6.719775e-001  0.000000e+000
 4.500000e+001  7.005359e-001  0.000000e+000
 4.525000e+001  7.332809e-001  0.000000e+000
 4.550000e+001  7.421189e-001  0.000000e+000
 4.575000e+001  7.110889e-001  0.000000e+000
 4.600000e+001  7.241628e-001  0.000000e+000
 4.625000e+001  7.415525e-001  0.000000e+000
 4.650000e+001  7.930164e-001  0.000000e+000
 4.675000e+001  7.659387e-001  0.000000e+000
 4.700000e+001  8.136902e-001  0.000000e+000
 4.725000e+001  7.795082e-001  0.000000e+000
 4.750000e+001  8.174481e-001  0.000000e+000
 4.775000e+001  8.049108e-001  0.000000e+000
 4.800000e+001  8.375006e-001  0.000000e+000
 4.825000e+001  8.722481e-001  0.000000e+000
 4.850000e+001  8.449860e-001  0.000000e+000
 4.875000e+001  8.631557e-001  0.000000e+000
 4.900000e+001  8.855384e-001  0.000000e+000
 4.925000e+001  8.753244e-001  0.000000e+000
 4.950000e+001  8.731558e-001  0.000000e+000
 4.975000e+001  9.084580e-001  0.000000e+000
 5.000000e+001  8.934357e-001  0.000000e+000
 5.025000e+001  8.786205e-001  0.000000e+000
 5.050000e+001  9.025164e-001  0.000000e+000
 5.075000e+001  9.107216e-001  0.000000e+000
 5.100000e+001  9.117194e-001  0.000000e+000
 5.125000e+001  9.065347e-001  0.000000e+000
 5.150000e+001  9.314639e-001  0.000000e+000
 5.175000e+001  9.259828e-001  0.000000e+000
 5.200000e+001  9.341046e-001  0.000000e+000
 5.225000e+001  9.393130e-001  0.000000e+000
 5.250000e+001  9.198382e-001  0.000000e+000
 5.275000e+001  9.008230e-001  0.000000e+000
 5.300000e+001  9.247497e-001  0.000000e+000
 5.325000e+001  9.245152e-001  0.000000e+000
 5.350000e+001  9.017679e-001  0.000000e+000
 5.375000e+001  9.212495e-001  0.000000e+000
 5.400000e+001  9.314084e-001  0.000000e+000
 5.425000e+001  9.263841e-001  0.000000e+000
 5.450000e+001  9.455606e-001  0.000000e+000
 5.475000e+001  9.189762e-001  0.000000e+000
 5.500000e+001  9.325876e-001  0.000000e+000
 5.525000e+001  9.524640e-001  0.000000e+000
 5.550000e+001  9.498550e-001  0.000000e+000
 5.575000e+001  9.415321e-001  0.000000e+000
 5.600000e+001  9.394648e-001  0.000000e+000
 5.625000e+001  9.454389e-001  0.000000e+000
 5.650000e+001  9.550650e-001  0.000000e+000
 5.675000e+001  9.366264e-001  0.000000e+000
 5.700000e+001  9.451751e-001  0.000000e+000
 5.725000e+001  9.581850e-001  0.000000e+000
 5.750000e+001  9.581310e-001  0.000000e+000
 5.775000e+001  9.475481e-001  0.000000e+000
 5.800000e+001  9.513280e-001  0.000000e+000
 5.825000e+001  9.587170e-001  0.000000e+000
 5.850000e+001  9.325932e-001  0.000000e+000
 5.875000e+001  9.555196e-001  0.000000e+000
 5.900000e+001  9.519262e-001  0.000000e+000
 5.925000e+001  9.620384e-001  0.000000e+000
 5.950000e+001  9.534477e-001  0.000000e+000
 5.975000e+001  9.640852e-001  0.000000e+000
 6.000000e+001  9.290374e-001  0.000000e+000
 6.025000e+001  9.673873e-001  0.000000e+000
 6.050000e+001  9.642696e-001  0.000000e+000
 6.075000e+001  9.542709e-001  0.000000e+000
 6.100000e+001  9.571537e-001  0.000000e+000
 6.125000e+001  9.467967e-001  0.000000e+000
 6.150000e+001  9.530427e-001  0.000000e+000
 6.175000e+001  9.544537e-001  0.000000e+000
 6.200000e+001  9.572082e-001  0.000000e+000
 6.225000e+001  9.479656e-001  0.000000e+000
 6.250000e+001  9.586468e-001  0.000000e+000
 6.275000e+001  9.377204e-001  0.000000e+000
 6.300000e+001  9.732779e-001  0.000000e+000
 6.325000e+001  9.623283e-001  0.000000e+000
 6.350000e+001  9.481719e-001  0.000000e+000
 6.375000e+001  9.553209e-001  0.000000e+000
 6.400000e+001  9.640644e-001  0.000000e+000
 6.425000e+001  9.626913e-001  0.000000e+000
 6.450000e+001  9.728450e-001  0.000000e+000
 6.475000e+001  9.584170e-001  0.000000e+000
 6.500000e+001  9.697764e-001  0.000000e+000
 6.525000e+001  9.595170e-001  0.000000e+000
 6.550000e+001  9.716482e-001  0.000000e+000
 6.575000e+001  9.536046e-001  0.000000e+000
 6.600000e+001  9.647617e-001  0.000000e+000
 6.625000e+001  9.663954e-001  0.000000e+000
 6.650000e+001  9.688402e-001  0.000000e+000
 6.675000e+001  9.548978e-001  0.000000e+000
 6.700000e+001  9.617865e-001  0.000000e+000
 6.725000e+001  9.718471e-001  0.000000e+000
 6.750000e+001  9.801731e-001  0.000000e+000
 6.775000e+001  9.757806e-001  0.000000e+000
 6.800000e+001  9.755883e-001  0.000000e+000
 6.825000e+001  9.814383e-001  0.000000e+000
 6.850000e+001  9.709864e-001  0.000000e+000
 6.875000e+001  9.754617e-001  0.000000e+000
 6.900000e+001  9.695545e-001  0.000000e+000
 6.925000e+001  9.709100e-001  0.000000e+000
 6.950000e+001  9.679085e-001  0.000000e+000
 6.975000e+001  9.699054e-001  0.000000e+000
 7.000000e+001  9.785047e-001  0.000000e+000
 7.025000e+001  9.728581e-001  0.000000e+000
 7.050000e+001  9.778681e-001  0.000000e+000
 7.075000e+001  9.679619e-001  0.000000e+000
 7.100000e+001  9.694161e-001  0.000000e+000
 7.125000e+001  9.713653e-001  0.000000e+000
 7.150000e+001  9.770002e-001  0.000000e+000
 7.175000e+001  9.633371e-001  0.000000e+000
 7.200000e+001  9.696175e-001  0.000000e+000
 7.225000e+001  9.649196e-001  0.000000e+000
 7.250000e+001  9.686933e-001  0.000000e+000
 7.275000e+001  9.656539e-001  0.000000e+000
 7.300000e+001  9.639439e-001  0.000000e+000
 7.325000e+001  9.504323e-001  0.000000e+000
 7.350000e+001  9.310223e-001  0.000000e+000
 7.375000e+001  9.445302e-001  0.000000e+000
 7.400000e+001  9.441865e-001  0.000000e+000
 7.425000e+001  9.489054e-001  0.000000e+000
 7.450000e+001  9.513361e-001  0.000000e+000
 7.475000e+001  9.511743e-001  0.000000e+000
 7.500000e+001  9.578525e-001  0.000000e+000
 7.525000e+001  9.563673e-001  0.000000e+000
 7.550000e+001  9.724320e-001  0.000000e+000
 7.575000e+001  9.574562e-001  0.000000e+000
 7.600000e+001  9.672598e-001  0.000000e+000
 7.625000e+001  9.605657e-001  0.000000e+000
 7.650000e+001  9.585163e-001  0.000000e+000
 7.675000e+001  9.594483e-001  0.000000e+000
 7.700000e+001  9.725430e-001  0.000000e+000
 7.725000e+001  9.660188e-001  0.000000e+000
 7.750000e+001  9.549823e-001  0.000000e+000
 7.775000e+001  9.538600e-001  0.000000e+000
 7.800000e+001  9.678238e-001  0.000000e+000
 7.825000e+001  9.548988e-001  0.000000e+000
 7.850000e+001  9.723995e-001  0.000000e+000
 7.875000e+001  9.541634e-001  0.000000e+000
 7.900000e+001  9.573474e-001  0.000000e+000
 7.925000e+001  9.658638e-001  0.000000e+000
 7.950000e+001  9.700201e-001  0.000000e+000
 7.975000e+001  9.696746e-001  0.000000e+000
 8.000000e+001  9.703914e-001  0.000000e+000
 8.025000e+001  9.726974e-001  0.000000e+000
 8.050000e+001  9.768311e-001  0.000000e+000
 8.075000e+001  9.796518e-001  0.000000e+000
 8.100000e+001  9.783776e-001  0.000000e+000
 8.125000e+001  9.711688e-001  0.000000e+000
 8.150000e+001  9.693922e-001  0.000000e+000
 8.175000e+001  9.764956e-001  0.000000e+000
 8.200000e+001  9.734575e-001  0.000000e+000
 8.225000e+001  9.788318e-001  0.000000e+000
 8.250000e+001  9.754112e-001  0.000000e+000
 8.275000e+001  9.711363e-001  0.000000e+000
 8.300000e+001  9.766808e-001  0.000000e+000
 8.325000e+001  9.735453e-001  0.000000e+000
 8.350000e+001  9.784728e-001  0.000000e+000
 8.375000e+001  9.648198e-001  0.000000e+000
 8.400000e+001  9.793234e-001  0.000000e+000
 8.425000e+001  9.600109e-001  0.000000e+000
 8.450000e+001  9.760623e-001  0.000000e+000
 8.475000e+001  9.660301e-001  0.000000e+000
 8.500000e+001  9.713480e-001  0.000000e+000
 8.525000e+001  9.772227e-001  0.000000e+000
 8.550000e+001  9.665803e-001  0.000000e+000
 8.575000e+001  9.534878e-001  0.000000e+000
 8.600000e+001  9.757397e-001  0.000000e+000
 8.625000e+001  9.664123e-001  0.000000e+000
 8.650000e+001  9.697136e-001  0.000000e+000
 8.675000e+001  9.736982e-001  0.000000e+000
 8.700000e+001  9.797457e-001  0.000000e+000
 8.725000e+001  9.739327e-001  0.000000e+000
 8.750000e+001  9.715217e-001  0.000000e+000
 8.775000e+001  9.712569e-001  0.000000e+000
 8.800000e+001  9.720750e-001  0.000000e+000
 8.825000e+001  9.762089e-001  0.000000e+000
 8.850000e+001  9.767425e-001  0.000000e+000
 8.875000e+001  9.690442e-001  0.000000e+000
 8.900000e+001  9.564233e-001  0.000000e+000
 8.925000e+001  9.719358e-001  0.000000e+000
 8.950000e+001  9.659042e-001  0.000000e+000
 8.975000e+001  9.669462e-001  0.000000e+000
 9.000000e+001  9.716654e-001  0.000000e+000
 9.025000e+001  9.584514e-001  0.000000e+000
 9.050000e+001  9.699017e-001  0.000000e+000
 9.075000e+001  9.783132e-001  0.000000e+000
 9.100000e+001  9.865713e-001  0.000000e+000
 9.125000e+001  9.906444e-001  0.000000e+000
 9.150000e+001  9.881778e-001  0.000000e+000
 9.175000e+001  9.874765e-001  0.000000e+000
 9.200000e+001  9.856550e-001  0.000000e+000
 9.225000e+001  9.857751e-001  0.000000e+000
 9.250000e+001  9.869441e-001  0.000000e+000
 9.275000e+001  9.799185e-001  0.000000e+000
 9.300000e+001  9.820810e-001  0.000000e+000
 9.325000e+001  9.786662e-001  0.000000e+000
 9.350000e+001  9.802778e-001  0.000000e+000
 9.375000e+001  9.776307e-001  0.000000e+000
 9.400000e+001  9.781635e-001  0.000000e+000
 9.425000e+001  9.764644e-001  0.000000e+000
 9.450000e+001  9.760636e-001  0.000000e+000
 9.475000e+001  9.814348e-001  0.000000e+000
 9.500000e+001  9.771042e-001  0.000000e+000
 9.525000e+001  9.654297e-001  0.000000e+000
 9.550000e+001  9.729388e-001  0.000000e+000
 9.575000e+001  9.769205e-001  0.000000e+000
 9.600000e+001  9.687458e-001  0.000000e+000
 9.625000e+001  9.808607e-001  0.000000e+000
 9.650000e+001  9.721047e-001  0.000000e+000
 9.675000e+001  9.746761e-001  0.000000e+000
 9.700000e+001  9.726365e-001  0.000000e+000
 9.725000e+001  9.793164e-001  0.000000e+000
 9.750000e+001  9.709384e-001  0.000000e+000
 9.775000e+001  9.646681e-001  0.000000e+000
 9.800000e+001  9.727585e-001  0.000000e+000
 9.825000e+001  9.731857e-001  0.000000e+000
 9.850000e+001  9.764341e-001  0.000000e+000
 9.875000e+001  9.697318e-001  0.000000e+000
 9.900000e+001  9.723300e-001  0.000000e+000
 9.925000e+001  9.681839e-001  0.000000e+000
 9.950000e+001  9.735516e-001  0.000000e+000
 9.975000e+001  9.730778e-001  0.000000e+000
 1.000000e+002  9.684684e-001  0.000000e+000
 1.002500e+002  9.725137e-001  0.000000e+000
 1.005000e+002  9.740819e-001  0.000000e+000
 1.007500e+002  9.742424e-001  0.000000e+000
 1.010000e+002  9.647037e-001  0.000000e+000
 1.012500e+002  9.714746e-001  0.000000e+000
 1.015000e+002  9.663996e-001  0.000000e+000
 1.017500e+002  9.647534e-001  0.000000e+000
 1.020000e+002  9.670175e-001  0.000000e+000
 1.022500e+002  9.692429e-001  0.000000e+000
 1.025000e+002  9.762385e-001  0.000000e+000
 1.027500e+002  9.653522e-001  0.000000e+000
 1.030000e+002  9.558557e-001  0.000000e+000
 1.032500e+002  9.679813e-001  0.000000e+000
 1.035000e+002  9.580320e-001  0.000000e+000
 1.037500e+002  9.682761e-001  0.000000e+000
 1.040000e+002  9.680546e-001  0.000000e+000
 1.042500e+002  9.589949e-001  0.000000e+000
 1.045000e+002  9.671014e-001  0.000000e+000
 1.047500e+002  9.821573e-001  0.000000e+000
 1.050000e+002  9.821745e-001  0.000000e+000
 1.052500e+002  9.702713e-001  0.000000e+000
 1.055000e+002  9.799294e-001  0.000000e+000
 1.057500e+002  9.802749e-001  0.000000e+000
 1.060000e+002  9.763081e-001  0.000000e+000
 1.062500e+002  9.632115e-001  0.000000e+000
 1.065000e+002  9.746547e-001  0.000000e+000
 1.067500e+002  9.697232e-001  0.000000e+000
 1.070000e+002  9.669866e-001  0.000000e+000
 1.072500e+002  9.658722e-001  0.000000e+000
 1.075000e+002  9.708203e-001  0.000000e+000
 1.077500e+002  9.722158e-001  0.000000e+000
 1.080000e+002  9.708585e-001  0.000000e+000
 1.082500e+002  9.707844e-001  0.000000e+000
 1.085000e+002  9.526508e-001  0.000000e+000
 1.087500e+002  9.624441e-001  0.000000e+000
 1.090000e+002  9.695739e-001  0.000000e+000
 1.092500e+002  9.795141e-001  0.000000e+000
 1.095000e+002  9.639505e-001  0.000000e+000
 1.097500e+002  9.589351e-001  0.000000e+000
 1.100000e+002  9.586565e-001  0.000000e+000
 1.102500e+002  9.682873e-001  0.000000e+000
 1.105000e+002  9.613180e-001  0.000000e+000
 1.107500e+002  9.687094e-001  0.000000e+000
 1.110000e+002  9.647220e-001  0.000000e+000
 1.112500e+002  9.716573e-001  0.000000e+000
 1.115000e+002  9.566301e-001  0.000000e+000
 1.117500e+002  9.678035e-001  0.000000e+000
 1.120000e+002  9.490325e-001  0.000000e+000
 1.122500e+002  9.636067e-001  0.000000e+000
 1.125000e+002  9.647455e-001  0.000000e+000
 1.127500e+002  9.636113e-001  0.000000e+000
 1.130000e+002  9.436632e-001  0.000000e+000
 1.132500e+002  9.706061e-001  0.000000e+000
 1.135000e+002  9.455685e-001  0.000000e+000
 1.137500e+002  9.492838e-001  0.000000e+000
 1.140000e+002  9.447531e-001  0.000000e+000
 1.142500e+002  9.656897e-001  0.000000e+000
 1.145000e+002  9.260499e-001  0.000000e+000
 1.147500e+002  9.474138e-001  0.000000e+000
 1.150000e+002  9.469947e-001  0.000000e+000
 1.152500e+002  9.374307e-001  0.000000e+000
 1.155000e+002  9.553675e-001  0.000000e+000
 1.157500e+002  9.515652e-001  0.000000e+000
 1.160000e+002  9.364523e-001  0.000000e+000
 1.162500e+002  9.503041e-001  0.000000e+000
 1.165000e+002  9.368659e-001  0.000000e+000
 1.167500e+002  9.335351e-001  0.000000e+000
 1.170000e+002  9.430769e-001  0.000000e+000
 1.172500e+002  9.220390e-001  0.000000e+000
 1.175000e+002  9.531193e-001  0.000000e+000
 1.177500e+002  9.504817e-001  0.000000e+000
 1.180000e+002  9.453152e-001  0.000000e+000
 1.182500e+002  9.443536e-001  0.000000e+000
 1.185000e+002  9.418604e-001  0.000000e+000
 1.187500e+002  9.585794e-001  0.000000e+000
 1.190000e+002  9.392493e-001  0.000000e+000
 1.192500e+002  9.492102e-001  0.000000e+000
 1.195000e+002  9.415411e-001  0.000000e+000
 1.197500e+002  9.296075e-001  0.000000e+000
 1.200000e+002  9.654205e-001  0.000000e+000
 1.202500e+002  9.450554e-001  0.000000e+000
 1.205000e+002  9.615199e-001  0.000000e+000
 1.207500e+002  9.578545e-001  0.000000e+000
 1.210000e+002  9.391577e-001  0.000000e+000
 1.212500e+002  9.441033e-001  0.000000e+000
 1.215000e+002  9.268743e-001  0.000000e+000
 1.217500e+002  9.403358e-001  0.000000e+000
 1.220000e+002  9.566280e-001  0.000000e+000
 1.222500e+002  9.466671e-001  0.000000e+000
 1.225000e+002  9.274719e-001  0.000000e+000
 1.227500e+002  9.357332e-001  0.000000e+000
 1.230000e+002  9.533604e-001  0.000000e+000
 1.232500e+002  9.506258e-001  0.000000e+000
 1.235000e+002  9.617696e-001  0.000000e+000
 1.237500e+002  9.432710e-001  0.000000e+000
 1.240000e+002  9.383986e-001  0.000000e+000
 1.242500e+002  9.396228e-001  0.000000e+000
 1.245000e+002  9.552939e-001  0.000000e+000
 1.247500e+002  9.471856e-001  0.000000e+000
 1.250000e+002  9.567801e-001  0.000000e+000
 1.252500e+002  9.330431e-001  0.000000e+000
 1.255000e+002  9.369013e-001  0.000000e+000
 1.257500e+002  9.490288e-001  0.000000e+000
 1.260000e+002  9.363632e-001  0.000000e+000
 1.262500e+002  9.475225e-001  0.000000e+000
 1.265000e+002  9.386369e-001  0.000000e+000
 1.267500e+002  9.305633e-001  0.000000e+000
 1.270000e+002  9.409979e-001  0.000000e+000
 1.272500e+002  9.309258e-001  0.000000e+000
 1.275000e+002  9.201049e-001  0.000000e+000
 1.277500e+002  8.980826e-001  0.000000e+000
 1.280000e+002  9.208568e-001  0.000000e+000
 1.282500e+002  9.184087e-001  0.000000e+000
 1.285000e+002  8.866318e-001  0.000000e+000
 1.287500e+002  9.110625e-001  0.000000e+000
 1.290000e+002  9.322599e-001  0.000000e+000
 1.292500e+002  8.892993e-001  0.000000e+000
 1.295000e+002  8.997409e-001  0.000000e+000
 1.297500e+002  8.874964e-001  0.000000e+000
 1.300000e+002  8.653013e-001  0.000000e+000
 1.302500e+002  8.446330e-001  0.000000e+000
 1.305000e+002  8.951207e-001  0.000000e+000
 1.307500e+002  8.704226e-001  0.000000e+000
 1.310000e+002  8.909160e-001  0.000000e+000
 1.312500e+002  8.775986e-001  0.000000e+000
 1.315000e+002  8.397638e-001  0.000000e+000
 1.317500e+002  8.503007e-001  0.000000e+000
 1.320000e+002  8.037695e-001  0.000000e+000
 1.322500e+002  8.413721e-001  0.000000e+000
 1.325000e+002  8.658352e-001  0.000000e+000
 1.327500e+002  8.757628e-001  0.000000e+000
 1.330000e+002  8.793576e-001  0.000000e+000
 1.332500e+002  8.335305e-001  0.000000e+000
 1.335000e+002  8.779278e-001  0.000000e+000
 1.337500e+002  8.744203e-001  0.000000e+000
 1.340000e+002  8.600987e-001  0.000000e+000
 1.342500e+002  8.563746e-001  0.000000e+000
 1.345000e+002  8.731215e-001  0.000000e+000
 1.347500e+002  8.455769e-001  0.000000e+000
 1.350000e+002  8.825058e-001  0.000000e+000
 1.352500e+002  8.156058e-001  0.000000e+000
 1.355000e+002  8.596717e-001  0.000000e+000
 1.357500e+002  8.568248e-001  0.000000e+000
 1.360000e+002  8.692101e-001  0.000000e+000
 1.362500e+002  8.739734e-001  0.000000e+000
 1.365000e+002  8.963897e-001  0.000000e+000
 1.367500e+002  8.612424e-001  0.000000e+000
 1.370000e+002  8.900321e-001  0.000000e+000
 1.372500e+002  8.485138e-001  0.000000e+000
 1.375000e+002  8.186655e-001  0.000000e+000
 1.377500e+002  8.683052e-001  0.000000e+000
 1.380000e+002  8.249166e-001  0.000000e+000
 1.382500e+002  9.170257e-001  0.000000e+000
 1.385000e+002  8.658819e-001  0.000000e+000
 1.387500e+002  8.460966e-001  0.000000e+000
 1.390000e+002  8.512747e-001  0.000000e+000
 1.392500e+002  8.461077e-001  0.000000e+000
 1.395000e+002  8.500513e-001  0.000000e+000
 1.397500e+002  8.267179e-001  0.000000e+000
 1.400000e+002  8.907831e-001  0.000000e+000
 1.402500e+002  8.183957e-001  0.000000e+000
 1.405000e+002  8.379284e-001  0.000000e+000
 1.407500e+002  8.512717e-001  0.000000e+000
 1.410000e+002  8.165473e-001  0.000000e+000
 1.412500e+002  8.000139e-001  0.000000e+000
 1.415000e+002  8.393888e-001  0.000000e+000
 1.417500e+002  8.279489e-001  0.000000e+000
 1.420000e+002  8.333995e-001  0.000000e+000
 1.422500e+002  7.918679e-001  0.000000e+000
 1.425000e+002  7.739329e-001  0.000000e+000
 1.427500e+002  7.625142e-001  0.000000e+000
 1.430000e+002  7.694306e-001  0.000000e+000
 1.432500e+002  8.626271e-001  0.000000e+000
 1.435000e+002  7.927705e-001  0.000000e+000
 1.437500e+002  8.196107e-001  0.000000e+000
 1.440000e+002  7.583860e-001  0.000000e+000
 1.442500e+002  7.011706e-001  0.000000e+000
 1.445000e+002  6.440275e-001  0.000000e+000
 1.447500e+002  6.807936e-001  0.000000e+000
 1.450000e+002  6.529612e-001  0.000000e+000
 1.452500e+002  7.520450e-001  0.000000e+000
 1.455000e+002  7.398816e-001  0.000000e+000
 1.457500e+002  5.630587e-001  0.000000e+000
 1.460000e+002  5.748885e-001  0.000000e+000
 1.462500e+002  5.564617e-001  0.000000e+000
 1.465000e+002  5.988577e-001  0.000000e+000
 1.467500e+002  5.720399e-001  0.000000e+000
 1.470000e+002  5.981860e-001  0.000000e+000
 1.472500e+002  6.693326e-001  0.000000e+000
 1.475000e+002  7.014619e-001  0.000000e+000
 1.477500e+002  6.523136e-001  0.000000e+000
 1.480000e+002  5.792874e-001  0.000000e+000
 1.482500e+002  4.966014e-001  0.000000e+000
 1.485000e+002  5.515675e-001  0.000000e+000
 1.487500e+002  5.166048e-001  0.000000e+000
 1.490000e+002  5.273054e-001  0.000000e+000
 1.492500e+002  5.586143e-001  0.000000e+000
 1.495000e+002  4.613658e-001  0.000000e+000
 1.497500e+002  4.904126e-001  0.000000e+000
 1.500000e+002  5.524656e-001  0.000000e+000
 1.502500e+002  3.919671e-001  0.000000e+000
 1.505000e+002  5.196863e-001  0.000000e+000
 1.507500e+002  5.180787e-001  0.000000e+000
 1.510000e+002  5.559542e-001  0.000000e+000
 1.512500e+002  3.696182e-001  0.000000e+000
 1.515000e+002  5.248734e-001  0.000000e+000
 1.517500e+002  3.445961e-001  0.000000e+000
 1.520000e+002  2.665675e-001  0.000000e+000
 1.522500e+002  3.472752e-001  0.000000e+000
 1.525000e+002  4.066086e-001  0.000000e+000
 1.527500e+002  3.876925e-001  0.000000e+000
 1.530000e+002  4.095874e-001  0.000000e+000
 1.532500e+002  3.645003e-001  0.000000e+000
 1.535000e+002  2.708298e-001  0.000000e+000
 1.537500e+002  3.554509e-001  0.000000e+000
 1.540000e+002  3.576495e-001  0.000000e+000
 1.542500e+002  4.097010e-001  0.000000e+000
 1.545000e+002  2.304413e-001  0.000000e+000
 1.547500e+002  3.025307e-001  0.000000e+000
 1.550000e+002  2.634411e-001  0.000000e+000
 1.552500e+002  2.769434e-001  0.000000e+000
 1.555000e+002  1.826824e-001  0.000000e+000
 1.557500e+002  3.087521e-001  0.000000e+000
 1.560000e+002  1.702715e-001  0.000000e+000
 1.562500e+002  2.898704e-001  0.000000e+000
 1.565000e+002  2.427312e-001  0.000000e+000
 1.567500e+002  3.119030e-001  0.000000e+000
 1.570000e+002  2.949014e-001  0.000000e+000
 1.572500e+002  1.580330e-001  0.000000e+000
 1.575000e+002  2.722595e-001  0.000000e+000
 1.577500e+002  3.034495e-001  0.000000e+000
 1.580000e+002  3.336757e-001  0.000000e+000
 1.582500e+002  2.582107e-001  0.000000e+000
 1.585000e+002  3.578585e-001  0.000000e+000
 1.587500e+002  3.328243e-001  0.000000e+000
 1.590000e+002  4.559454e-001  0.000000e+000
 1.592500e+002  5.037916e-001  0.000000e+000
 1.595000e+002  3.289322e-001  0.000000e+000
 1.597500e+002  2.784709e-001  0.000000e+000
 1.600000e+002  4.339232e-001  0.000000e+000
 1.602500e+002  3.811970e-001  0.000000e+000
 1.605000e+002  4.646254e-001  0.000000e+000
 1.607500e+002  4.200444e-001  0.000000e+000
 1.610000e+002  4.550993e-001  0.000000e+000
 1.612500e+002  6.785303e-001  0.000000e+000
 1.615000e+002  5.243330e-001  0.000000e+000
 1.617500e+002  5.308727e-001  0.000000e+000
 1.620000e+002  4.786939e-001  0.000000e+000
 1.622500e+002  4.711397e-001  0.000000e+000
 1.625000e+002  6.530745e-001  0.000000e+000
 1.627500e+002  5.620100e-001  0.000000e+000
 1.630000e+002  6.233733e-001  0.000000e+000
 1.632500e+002  6.828224e-001  0.000000e+000
 1.635000e+002  5.551881e-001  0.000000e+000
 1.637500e+002  5.919895e-001  0.000000e+000
 1.640000e+002  5.754789e-001  0.000000e+000
 1.642500e+002  5.461269e-001  0.000000e+000
 1.645000e+002  5.738943e-001  0.000000e+000
 1.647500e+002  5.424086e-001  0.000000e+000
 1.650000e+002  5.140011e-001  0.000000e+000
 1.652500e+002  4.060335e-001  0.000000e+000
 1.655000e+002  4.742594e-001  0.000000e+000
 1.657500e+002  5.763537e-001  0.000000e+000
 1.660000e+002  5.781930e-001  0.000000e+000
 1.662500e+002  5.520079e-001  0.000000e+000
 1.665000e+002  5.300379e-001  0.000000e+000
 1.667500e+002  4.332483e-001  0.000000e+000
 1.670000e+002  4.887570e-001  0.000000e+000
 1.672500e+002  3.120197e-001  0.000000e+000
 1.675000e+002  4.509811e-001  0.000000e+000
 1.677500e+002  3.939551e-001  0.000000e+000
 1.680000e+002  5.255316e-001  0.000000e+000
 1.682500e+002  4.979073e-001  0.000000e+000
 1.685000e+002  2.359403e-001  0.000000e+000
 1.687500e+002  3.900153e-001  0.000000e+000
 1.690000e+002  4.020985e-001  0.000000e+000
 1.692500e+002  3.227314e-001  0.000000e+000
 1.695000e+002  4.584327e-001  0.000000e+000
 1.697500e+002  3.146885e-001  0.000000e+000
 1.700000e+002  2.954416e-001  0.000000e+000
 1.702500e+002  1.312457e-001  0.000000e+000
 1.705000e+002  2.430346e-001  0.000000e+000
 1.707500e+002  2.085959e-001  0.000000e+000
 1.710000e+002  1.890129e-001  0.000000e+000
 1.712500e+002  2.842118e-001  0.000000e+000
 1.715000e+002  3.640633e-001  0.000000e+000
 1.717500e+002  4.049288e-001  0.000000e+000
 1.720000e+002  5.132335e-001  0.000000e+000
 1.722500e+002  5.568725e-001  0.000000e+000
 1.725000e+002  5.460966e-001  0.000000e+000
 1.727500e+002  5.342496e-001  0.000000e+000
 1.730000e+002  6.641499e-001  0.000000e+000
 1.732500e+002  6.714371e-001  0.000000e+000
 1.735000e+002  7.932566e-001  0.000000e+000
 1.737500e+002  7.643782e-001  0.000000e+000
 1.740000e+002  7.170334e-001  0.000000e+000
 1.742500e+002  8.080002e-001  0.000000e+000
 1.745000e+002  7.827470e-001  0.000000e+000
 1.747500e+002  7.967792e-001  0.000000e+000
 1.750000e+002  7.810776e-001  0.000000e+000
 1.752500e+002  8.275850e-001  0.000000e+000
 1.755000e+002  8.092370e-001  0.000000e+000
 1.757500e+002  8.024542e-001  0.000000e+000
 1.760000e+002  8.181112e-001  0.000000e+000
 1.762500e+002  8.691646e-001  0.000000e+000
 1.765000e+002  8.658124e-001  0.000000e+000
 1.767500e+002  8.537456e-001  0.000000e+000
 1.770000e+002  8.552434e-001  0.000000e+000
 1.772500e+002  8.823832e-001  0.000000e+000
 1.775000e+002  8.861668e-001  0.000000e+000
 1.777500e+002  9.087483e-001  0.000000e+000
 1.780000e+002  8.650244e-001  0.000000e+000
 1.782500e+002  8.420101e-001  0.000000e+000
 1.785000e+002  8.732916e-001  0.000000e+000
 1.787500e+002  8.294943e-001  0.000000e+000
 1.790000e+002  8.537653e-001  0.000000e+000
 1.792500e+002  8.905513e-001  0.000000e+000
 1.795000e+002  8.789949e-001  0.000000e+000
 1.797500e+002  8.590195e-001  0.000000e+000
 1.800000e+002  8.701518e-001  0.000000e+000
 1.802500e+002  8.854721e-001  0.000000e+000
 1.805000e+002  9.081014e-001  0.000000e+000
 1.807500e+002  8.839419e-001  0.000000e+000
 1.810000e+002  8.498211e-001  0.000000e+000
 1.812500e+002  9.121696e-001  0.000000e+000
 1.815000e+002  8.799592e-001  0.000000e+000
 1.817500e+002  8.898330e-001  0.000000e+000
 1.820000e+002  8.847739e-001  0.000000e+000
 1.822500e+002  8.720241e-001  0.000000e+000
 1.825000e+002  8.869662e-001  0.000000e+000
 1.827500e+002  8.469193e-001  0.000000e+000
 1.830000e+002  8.618935e-001  0.000000e+000
 1.832500e+002  9.003302e-001  0.000000e+000
 1.835000e+002  8.845419e-001  0.000000e+000
 1.837500e+002  8.691371e-001  0.000000e+000
 1.840000e+002  8.673259e-001  0.000000e+000
 1.842500e+002  8.652014e-001  0.000000e+000
 1.845000e+002  9.018515e-001  0.000000e+000
 1.847500e+002  8.567566e-001  0.000000e+000
 1.850000e+002  8.949184e-001  0.000000e+000
 1.852500e+002  8.459792e-001  0.000000e+000
 1.855000e+002  8.951619e-001  0.000000e+000
 1.857500e+002  8.773720e-001  0.000000e+000
 1.860000e+002  8.662096e-001  0.000000e+000
 1.862500e+002  8.862032e-001  0.000000e+000
 1.865000e+002  8.900645e-001  0.000000e+000
 1.867500e+002  8.538889e-001  0.000000e+000
 1.870000e+002  8.608341e-001  0.000000e+000
 1.872500e+002  8.038727e-001  0.000000e+000
 1.875000e+002  8.890816e-001  0.000000e+000
 1.877500e+002  8.707254e-001  0.000000e+000
 1.880000e+002  8.735706e-001  0.000000e+000
 1.882500e+002  8.646957e-001  0.000000e+000
 1.885000e+002  8.808088e-001  0.000000e+000
 1.887500e+002  8.328472e-001  0.000000e+000
 1.890000e+002  8.761097e-001  0.000000e+000
 1.892500e+002  8.366833e-001  0.000000e+000
 1.895000e+002  8.485677e-001  0.000000e+000
 1.897500e+002  8.521824e-001  0.000000e+000
 1.900000e+002  8.806367e-001  0.000000e+000
 1.902500e+002  8.891526e-001  0.000000e+000
 1.905000e+002  8.732489e-001  0.000000e+000
 1.907500e+002  8.544985e-001  0.000000e+000
 1.910000e+002  8.495929e-001  0.000000e+000
 1.912500e+002  8.557166e-001  0.000000e+000
 1.915000e+002  8.364033e-001  0.000000e+000
 1.917500e+002  8.874850e-001  0.000000e+000
 1.920000e+002  8.864687e-001  0.000000e+000
 1.922500e+002  8.990411e-001  0.000000e+000
 1.925000e+002  8.834105e-001  0.000000e+000
 1.927500e+002  8.627771e-001  0.000000e+000
 1.930000e+002  8.698851e-001  0.000000e+000
 1.932500e+002  8.704389e-001  0.000000e+000
 1.935000e+002  9.099665e-001  0.000000e+000
 1.937500e+002  9.246183e-001  0.000000e+000
 1.940000e+002  8.758287e-001  0.000000e+000
 1.942500e+002  9.006321e-001  0.000000e+000
 1.945000e+002  8.784292e-001  0.000000e+000
 1.947500e+002  9.018186e-001  0.000000e+000
 1.950000e+002  9.026336e-001  0.000000e+000
 1.952500e+002  9.094357e-001  0.000000e+000
 1.955000e+002  8.985128e-001  0.000000e+000
 1.957500e+002  8.780250e-001  0.000000e+000
 1.960000e+002  9.231935e-001  0.000000e+000
 1.962500e+002  9.139483e-001  0.000000e+000
 1.965000e+002  8.856668e-001  0.000000e+000
 1.967500e+002  8.981563e-001  0.000000e+000
 1.970000e+002  9.425582e-001  0.000000e+000
 1.972500e+002  9.031942e-001  0.000000e+000
 1.975000e+002  8.412787e-001  0.000000e+000
 1.977500e+002  9.148645e-001  0.000000e+000
 1.980000e+002  8.830464e-001  0.000000e+000
 1.982500e+002  8.704697e-001  0.000000e+000
 1.985000e+002  9.154101e-001  0.000000e+000
 1.987500e+002  8.963686e-001  0.000000e+000
 1.990000e+002  9.242593e-001  0.000000e+000
 1.992500e+002  9.116749e-001  0.000000e+000
 1.995000e+002  8.886157e-001  0.000000e+000
 1.997500e+002  8.850210e-001  0.000000e+000
 2.000000e+002  8.768469e-001  0.000000e+000
 2.002500e+002  8.755805e-001  0.000000e+000
 2.005000e+002  9.299638e-001  0.000000e+000
 2.007500e+002  8.951385e-001  0.000000e+000
 2.010000e+002  8.763434e-001  0.000000e+000
 2.012500e+002  9.121538e-001  0.000000e+000
 2.015000e+002  8.932318e-001  0.000000e+000
 2.017500e+002  8.445210e-001  0.000000e+000
 2.020000e+002  8.668495e-001  0.000000e+000
 2.022500e+002  8.847994e-001  0.000000e+000
 2.025000e+002  8.146318e-001  0.000000e+000
 2.027500e+002  8.904232e-001  0.000000e+000
 2.030000e+002  8.826264e-001  0.000000e+000
 2.032500e+002  8.450698e-001  0.000000e+000
 2.035000e+002  8.768952e-001  0.000000e+000
 2.037500e+002  8.370484e-001  0.000000e+000
 2.040000e+002  8.608714e-001  0.000000e+000
 2.042500e+002  8.403826e-001  0.000000e+000
 2.045000e+002  8.513834e-001  0.000000e+000
 2.047500e+002  8.412235e-001  0.000000e+000
 2.050000e+002  8.911123e-001  0.000000e+000
 2.052500e+002  8.761156e-001  0.000000e+000
 2.055000e+002  8.611428e-001  0.000000e+000
 2.057500e+002  8.317749e-001  0.000000e+000
 2.060000e+002  8.425704e-001  0.000000e+000
 2.062500e+002  8.395421e-001  0.000000e+000
 2.065000e+002  9.114269e-001  0.000000e+000
 2.067500e+002  8.530050e-001  0.000000e+000
 2.070000e+002  8.310226e-001  0.000000e+000
 2.072500e+002  8.004177e-001  0.000000e+000
 2.075000e+002  7.815248e-001  0.000000e+000
 2.077500e+002  8.570625e-001  0.000000e+000
 2.080000e+002  7.846705e-001  0.000000e+000
 2.082500e+002  7.650623e-001  0.000000e+000
 2.085000e+002  7.898901e-001  0.000000e+000
 2.087500e+002  8.394095e-001  0.000000e+000
 2.090000e+002  8.362631e-001  0.000000e+000
 2.092500e+002  8.326398e-001  0.000000e+000
 2.095000e+002  8.479202e-001  0.000000e+000
 2.097500e+002  8.874984e-001  0.000000e+000
 2.100000e+002  8.480800e-001  0.000000e+000
 2.102500e+002  8.253272e-001  0.000000e+000
 2.105000e+002  8.192228e-001  0.000000e+000
 2.107500e+002  7.840514e-001  0.000000e+000
 2.110000e+002  8.439614e-001  0.000000e+000
 2.112500e+002  7.590767e-001  0.000000e+000
 2.115000e+002  7.854963e-001  0.000000e+000
 2.117500e+002  8.235239e-001  0.000000e+000
 2.120000e+002  7.920814e-001  0.000000e+000
 2.122500e+002  8.277581e-001  0.000000e+000
 2.125000e+002  8.535957e-001  0.000000e+000
 2.127500e+002  8.422294e-001  0.000000e+000
 2.130000e+002  8.877702e-001  0.000000e+000
 2.132500e+002  8.053105e-001  0.000000e+000
 2.135000e+002  8.338482e-001  0.000000e+000
 2.137500e+002  7.834350e-001  0.000000e+000
 2.140000e+002  7.505636e-001  0.000000e+000
 2.142500e+002  8.148848e-001  0.000000e+000
 2.145000e+002  8.245434e-001  0.000000e+000
 2.147500e+002  7.995491e-001  0.000000e+000
 2.150000e+002  8.008372e-001  0.000000e+000
 2.152500e+002  8.152554e-001  0.000000e+000
 2.155000e+002  7.477860e-001  0.000000e+000
 2.157500e+002  7.954741e-001  0.000000e+000
 2.160000e+002  7.682190e-001  0.000000e+000
 2.162500e+002  7.498413e-001  0.000000e+000
 2.165000e+002  7.734490e-001  0.000000e+000
 2.167500e+002  7.242625e-001  0.000000e+000
 2.170000e+002  7.247066e-001  0.000000e+000
 2.172500e+002  7.416517e-001  0.000000e+000
 2.175000e+002  7.245487e-001  0.000000e+000
 2.177500e+002  7.743718e-001  0.000000e+000
 2.180000e+002  7.324454e-001  0.000000e+000
 2.182500e+002  7.517821e-001  0.000000e+000
 2.185000e+002  6.831253e-001  0.000000e+000
 2.187500e+002  6.512147e-001  0.000000e+000
 2.190000e+002  6.929802e-001  0.000000e+000
 2.192500e+002  6.816467e-001  0.000000e+000
 2.195000e+002  7.642490e-001  0.000000e+000
 2.197500e+002  6.918563e-001  0.000000e+000
 2.200000e+002  6.787663e-001  0.000000e+000
 2.202500e+002  7.023730e-001  0.000000e+000
 2.205000e+002  6.910291e-001  0.000000e+000
 2.207500e+002  5.917975e-001  0.000000e+000
 2.210000e+002  6.142926e-001  0.000000e+000
 2.212500e+002  5.779418e-001  0.000000e+000
 2.215000e+002  6.568631e-001  0.000000e+000
 2.217500e+002  5.558145e-001  0.000000e+000
 2.220000e+002  6.046479e-001  0.000000e+000
 2.222500e+002  5.544357e-001  0.000000e+000
 2.225000e+002  5.993063e-001  0.000000e+000
 2.227500e+002  5.235183e-001  0.000000e+000
 2.230000e+002  5.601767e-001  0.000000e+000
 2.232500e+002  5.249345e-001  0.000000e+000
 2.235000e+002  5.666484e-001  0.000000e+000
 2.237500e+002  5.174451e-001  0.000000e+000
 2.240000e+002  4.999037e-001  0.000000e+000
 2.242500e+002  4.451637e-001  0.000000e+000
 2.245000e+002  2.618346e-001  0.000000e+000
 2.247500e+002  3.202279e-001  0.000000e+000
 2.250000e+002  3.781540e-001  0.000000e+000
 2.252500e+002  4.925320e-001  0.000000e+000
 2.255000e+002  3.945799e-001  0.000000e+000
 2.257500e+002  4.075993e-001  0.000000e+000
 2.260000e+002  4.490525e-001  0.000000e+000
 2.262500e+002  4.956664e-001  0.000000e+000
 2.265000e+002  4.126133e-001  0.000000e+000
 2.267500e+002  2.598529e-001  0.000000e+000
 2.270000e+002  2.672191e-001  0.000000e+000
 2.272500e+002  3.672927e-001  0.000000e+000
 2.275000e+002  2.610955e-001  0.000000e+000
 2.277500e+002  1.936865e-001  0.000000e+000
 2.280000e+002  2.935867e-001  0.000000e+000
 2.282500e+002  2.133166e-001  0.000000e+000
 2.285000e+002  1.076648e-001  0.000000e+000
 2.287500e+002  1.771228e-001  0.000000e+000
 2.290000e+002  1.042683e-001  0.000000e+000
 2.292500e+002  2.825373e-001  0.000000e+000
 2.295000e+002  2.158372e-001  0.000000e+000
 2.297500e+002  1.999037e-001  0.000000e+000
 2.300000e+002  1.006748e-001  0.000000e+000
 2.302500e+002  1.684120e-001  0.000000e+000
 2.305000e+002  9.382479e-002  0.000000e+000
 2.307500e+002  1.240221e-001  0.000000e+000
 2.310000e+002  9.496701e-003  0.000000e+000
 2.312500e+002  1.138116e-001  0.000000e+000
 2.315000e+002  1.420045e-001  0.000000e+000
 2.317500e+002  1.146095e-001  0.000000e+000
 2.320000e+002  8.276568e-002  0.000000e+000
 2.322500e+002  2.879483e-002  0.000000e+000
 2.325000e+002  7.004788e-003  0.000000e+000
 2.327500e+002  1.010271e-001  0.000000e+000
 2.330000e+002  7.474229e-002  0.000000e+000
 2.332500e+002  2.185779e-002  0.000000e+000
 2.335000e+002  7.048682e-002  0.000000e+000
 2.337500e+002  5.802348e-002  0.000000e+000
 2.340000e+002  1.164883e-001  0.000000e+000
 2.342500e+002  1.361768e-001  0.000000e+000
 2.345000e+002  1.742769e-001  0.000000e+000
 2.347500e+002  7.360926e-002  0.000000e+000
 2.350000e+002  8.545080e-002  0.000000e+000
 2.352500e+002  1.681743e-001  0.000000e+000
 2.355000e+002  1.710371e-001  0.000000e+000
 2.357500e+002  1.271410e-001  0.000000e+000
 2.360000e+002  1.273343e-001  0.000000e+000
 2.362500e+002  2.496857e-001  0.000000e+000
 2.365000e+002  1.856307e-001  0.000000e+000
 2.367500e+002  3.355706e-001  0.000000e+000
 2.370000e+002  3.518235e-001  0.000000e+000
 2.372500e+002  3.172151e-001  0.000000e+000
 2.375000e+002  2.854710e-001  0.000000e+000
 2.377500e+002  2.921219e-001  0.000000e+000
 2.380000e+002  3.053550e-001  0.000000e+000
 2.382500e+002  3.317111e-001  0.000000e+000
 2.385000e+002  3.226769e-001  0.000000e+000
 2.387500e+002  4.030801e-001  0.000000e+000
 2.390000e+002  4.157064e-001  0.000000e+000
 2.392500e+002  3.359823e-001  0.000000e+000
 2.395000e+002  4.418577e-001  0.000000e+000
 2.397500e+002  3.835208e-001  0.000000e+000
 2.400000e+002  4.793176e-001  0.000000e+000
 2.402500e+002  4.757376e-001  0.000000e+000
 2.405000e+002  5.223624e-001  0.000000e+000
 2.407500e+002  3.843724e-001  0.000000e+000
 2.410000e+002  4.446157e-001  0.000000e+000
 2.412500e+002  3.786766e-001  0.000000e+000
 2.415000e+002  4.034700e-001  0.000000e+000
 2.417500e+002  4.477412e-001  0.000000e+000
 2.420000e+002  4.254943e-001  0.000000e+000
 2.422500e+002  4.501093e-001  0.000000e+000
 2.425000e+002  4.512869e-001  0.000000e+000
 2.427500e+002  4.552787e-001  0.000000e+000
 2.430000e+002  4.938872e-001  0.000000e+000
 2.432500e+002  4.692445e-001  0.000000e+000
 2.435000e+002  3.173580e-001  0.000000e+000
 2.437500e+002  3.413907e-001  0.000000e+000
 2.440000e+002  3.070601e-001  0.000000e+000
 2.442500e+002  3.723369e-001  0.000000e+000
 2.445000e+002  3.162330e-001  0.000000e+000
 2.447500e+002  3.571138e-001  0.000000e+000
 2.450000e+002  3.482548e-001  0.000000e+000
 2.452500e+002  4.915940e-001  0.000000e+000
 2.455000e+002  3.763029e-001  0.000000e+000
 2.457500e+002  3.638917e-001  0.000000e+000
 2.460000e+002  4.641048e-001  0.000000e+000
 2.462500e+002  4.036664e-001  0.000000e+000
 2.465000e+002  3.456084e-001  0.000000e+000
 2.467500e+002  4.293783e-001  0.000000e+000
 2.470000e+002  4.659081e-001  0.000000e+000
 2.472500e+002  3.588580e-001  0.000000e+000
 2.475000e+002  4.220069e-001  0.000000e+000
 2.477500e+002  4.666854e-001  0.000000e+000
 2.480000e+002  5.166550e-001  0.000000e+000
 2.482500e+002  5.347127e-001  0.000000e+000
 2.485000e+002  5.281450e-001  0.000000e+000
 2.487500e+002  5.424555e-001  0.000000e+000
 2.490000e+002  4.573524e-001  0.000000e+000
 2.492500e+002  5.063799e-001  0.000000e+000
 2.495000e+002  5.127974e-001  0.000000e+000
 2.497500e+002  5.846936e-001  0.000000e+000
 2.500000e+002  5.741761e-001  0.000000e+000
 2.502500e+002  6.163689e-001  0.000000e+000
 2.505000e+002  4.900357e-001  0.000000e+000
 2.507500e+002  5.889462e-001  0.000000e+000
 2.510000e+002  6.395019e-001  0.000000e+000
 2.512500e+002  6.084745e-001  0.000000e+000
 2.515000e+002  6.042659e-001  0.000000e+000
 2.517500e+002  6.311607e-001  0.000000e+000
 2.520000e+002  6.375333e-001  0.000000e+000
 2.522500e+002  6.114329e-001  0.000000e+000
 2.525000e+002  6.665764e-001  0.000000e+000
 2.527500e+002  6.046972e-001  0.000000e+000
 2.530000e+002  6.555734e-001  0.000000e+000
 2.532500e+002  6.406081e-001  0.000000e+000
 2.535000e+002  6.851168e-001  0.000000e+000
 2.537500e+002  6.722395e-001  0.000000e+000
 2.540000e+002  6.624799e-001  0.000000e+000
 2.542500e+002  6.608935e-001  0.000000e+000
 2.545000e+002  6.600099e-001  0.000000e+000
 2.547500e+002  7.082124e-001  0.000000e+000
 2.550000e+002  6.520513e-001  0.000000e+000
 2.552500e+002  6.099102e-001  0.000000e+000
 2.555000e+002  6.878604e-001  0.000000e+000
 2.557500e+002  6.769326e-001  0.000000e+000
 2.560000e+002  6.987854e-001  0.000000e+000
