 0.000000e+000  9.985681e-001  0.000000e+000
 1.000000e+000  9.039114e-001  0.000000e+000
 2.000000e+000  8.676859e-001  0.000000e+000
 3.000000e+000  8.660959e-001  0.000000e+000
 4.000000e+000  8.754362e-001  0.000000e+000
 5.000000e+000  8.833063e-001  0.000000e+000
 6.000000e+000  7.708949e-001  0.000000e+000
 7.000000e+000  8.844239e-001  0.000000e+000
 8.000000e+000  9.332040e-001  0.000000e+000
 9.000000e+000  8.919169e-001  0.000000e+000
 1.000000e+001  8.938749e-001  0.000000e+000
 1.100000e+001  8.914592e-001  0.000000e+000
 1.200000e+001  8.988693e-001  0.000000e+000
 1.300000e+001  8.205092e-001  0.000000e+000
 1.400000e+001  6.553022e-001  0.000000e+000
 1.500000e+001  1.273457e-002  0.000000e+000
 1.600000e+001  8.442458e-001  0.000000e+000
 1.700000e+001  9.458876e-001  0.000000e+000
 1.800000e+001  9.529458e-001  0.000000e+000
 1.900000e+001  9.697813e-001  0.000000e+000
 2.000000e+001  9.674265e-001  0.000000e+000
 2.100000e+001  9.689950e-001  0.000000e+000
 2.200000e+001  9.668932e-001  0.000000e+000
 2.300000e+001  9.741938e-001  0.000000e+000
 2.400000e+001  9.642023e-001  0.000000e+000
 2.500000e+001  9.696735e-001  0.000000e+000
 2.600000e+001  9.639770e-001  0.000000e+000
 2.700000e+001  9.650358e-001  0.000000e+000
 2.800000e+001  9.555606e-001  0.000000e+000
 2.900000e+001  9.346157e-001  0.000000e+000
 3.000000e+001  6.292463e-002  0.000000e+000
 3.100000e+001  9.306415e-001  0.000000e+000
 3.200000e+001  9.340271e-001  0.000000e+000
 3.300000e+001  9.431366e-001  0.000000e+000
 3.400000e+001  9.269981e-001  0.000000e+000
 3.500000e+001  9.167395e-001  0.000000e+000
 3.600000e+001  9.005430e-001  0.000000e+000
 3.700000e+001  8.751755e-001  0.000000e+000
 3.800000e+001  8.549177e-001  0.000000e+000
 3.900000e+001  7.767247e-001  0.000000e+000
 4.000000e+001  7.229661e-001  0.000000e+000
 4.100000e+001  6.559829e-001  0.000000e+000
 4.200000e+001  4.991747e-001  0.000000e+000
 4.300000e+001  3.028580e-001  0.000000e+000
 4.400000e+001  1.019121e-001  0.000000e+000
 4.500000e+001  5.447320e-002  0.000000e+000
 4.600000e+001  1.494793e-001  0.000000e+000
 4.700000e+001  3.314210e-001  0.000000e+000
 4.800000e+001  4.950735e-001  0.000000e+000
 4.900000e+001  6.360069e-001  0.000000e+000
 5.000000e+001  7.130169e-001  0.000000e+000
 5.100000e+001  7.657323e-001  0.000000e+000
 5.200000e+001  7.752728e-001  0.000000e+000
 5.300000e+001  7.711713e-001  0.000000e+000
 5.400000e+001  8.443378e-001  0.000000e+000
 5.500000e+001  8.438133e-001  0.000000e+000
 5.600000e+001  8.856046e-001  0.000000e+000
 5.700000e+001  8.804379e-001  0.000000e+000
 5.800000e+001  7.717671e-001  0.000000e+000
 5.900000e+001  8.550825e-001  0.000000e+000
 6.000000e+001  8.087417e-002  0.000000e+000
 6.100000e+001  8.946356e-001  0.000000e+000
 6.200000e+001  8.890777e-001  0.000000e+000
 6.300000e+001  8.852015e-001  0.000000e+000
 6.400000e+001  9.335251e-001  0.000000e+000
 6.500000e+001  9.287485e-001  0.000000e+000
 6.600000e+001  9.525920e-001  0.000000e+000
 6.700000e+001  9.322436e-001  0.000000e+000
 6.800000e+001  9.099982e-001  0.000000e+000
 6.900000e+001  9.119142e-001  0.000000e+000
 7.000000e+001  9.092567e-001  0.000000e+000
 7.100000e+001  9.025082e-001  0.000000e+000
 7.200000e+001  8.238364e-001  0.000000e+000
 7.300000e+001  3.673762e-001  0.000000e+000
 7.400000e+001  8.887499e-001  0.000000e+000
 7.500000e+001  4.102499e-001  0.000000e+000
 7.600000e+001  9.198561e-001  0.000000e+000
 7.700000e+001  9.347151e-001  0.000000e+000
 7.800000e+001  9.742827e-001  0.000000e+000
 7.900000e+001  9.858829e-001  0.000000e+000
 8.000000e+001  9.779855e-001  0.000000e+000
 8.100000e+001  9.737827e-001  0.000000e+000
 8.200000e+001  9.213613e-001  0.000000e+000
 8.300000e+001  9.169922e-001  0.000000e+000
 8.400000e+001  9.111297e-001  0.000000e+000
 8.500000e+001  8.493536e-001  0.000000e+000
 8.600000e+001  7.626539e-001  0.000000e+000
 8.700000e+001  6.344948e-001  0.000000e+000
 8.800000e+001  3.782139e-001  0.000000e+000
 8.900000e+001  2.629744e-001  0.000000e+000
 9.000000e+001  2.139649e-002  0.000000e+000
 9.100000e+001  1.591037e-001  0.000000e+000
 9.200000e+001  2.386970e-001  0.000000e+000
 9.300000e+001  2.287667e-001  0.000000e+000
 9.400000e+001  3.354701e-001  0.000000e+000
 9.500000e+001  3.099289e-001  0.000000e+000
 9.600000e+001  4.709700e-001  0.000000e+000
 9.700000e+001  5.446028e-001  0.000000e+000
 9.800000e+001  3.632424e-001  0.000000e+000
 9.900000e+001  4.874665e-001  0.000000e+000
 1.000000e+002  1.545086e-001  0.000000e+000
 1.010000e+002  1.136687e-001  0.000000e+000
 1.020000e+002  1.548482e-001  0.000000e+000
 1.030000e+002  4.981226e-002  0.000000e+000
 1.040000e+002  1.869879e-001  0.000000e+000
 1.050000e+002  1.709242e-001  0.000000e+000
 1.060000e+002  1.270133e-002  0.000000e+000
 1.070000e+002  1.977855e-001  0.000000e+000
 1.080000e+002  8.275010e-002  0.000000e+000
 1.090000e+002  6.681350e-003  0.000000e+000
 1.100000e+002  1.432558e-001  0.000000e+000
 1.110000e+002  2.890873e-001  0.000000e+000
 1.120000e+002  4.763157e-001  0.000000e+000
 1.130000e+002  3.612044e-001  0.000000e+000
 1.140000e+002  4.640557e-001  0.000000e+000
 1.150000e+002  3.235020e-001  0.000000e+000
 1.160000e+002  4.600036e-001  0.000000e+000
 1.170000e+002  3.270549e-001  0.000000e+000
 1.180000e+002  2.790467e-001  0.000000e+000
 1.190000e+002  3.656302e-001  0.000000e+000
 1.200000e+002  1.518308e-002  0.000000e+000
 1.210000e+002  1.661874e-001  0.000000e+000
 1.220000e+002  2.451234e-001  0.000000e+000
 1.230000e+002  2.386166e-001  0.000000e+000
 1.240000e+002  3.947901e-001  0.000000e+000
 1.250000e+002  3.737308e-001  0.000000e+000
 1.260000e+002  2.711472e-001  0.000000e+000
 1.270000e+002  1.641041e-001  0.000000e+000
 1.280000e+002  1.302150e-001  0.000000e+000
 1.290000e+002  1.198699e-001  0.000000e+000
 1.300000e+002  1.215109e-001  0.000000e+000
 1.310000e+002  4.466163e-002  0.000000e+000
 1.320000e+002  5.197940e-002  0.000000e+000
 1.330000e+002  2.829534e-002  0.000000e+000
 1.340000e+002  8.828015e-003  0.000000e+000
 1.350000e+002  2.118635e-002  0.000000e+000
 1.360000e+002  2.448219e-002  0.000000e+000
 1.370000e+002  5.189757e-002  0.000000e+000
 1.380000e+002  7.970313e-002  0.000000e+000
 1.390000e+002  1.132619e-001  0.000000e+000
 1.400000e+002  1.305819e-001  0.000000e+000
 1.410000e+002  1.605463e-001  0.000000e+000
 1.420000e+002  1.780111e-001  0.000000e+000
 1.430000e+002  1.733547e-001  0.000000e+000
 1.440000e+002  2.201473e-001  0.000000e+000
 1.450000e+002  3.045635e-001  0.000000e+000
 1.460000e+002  3.213527e-001  0.000000e+000
 1.470000e+002  2.954682e-001  0.000000e+000
 1.480000e+002  2.560870e-001  0.000000e+000
 1.490000e+002  3.285554e-001  0.000000e+000
 1.500000e+002  2.312517e-002  0.000000e+000
 1.510000e+002  6.542075e-002  0.000000e+000
 1.520000e+002  3.473222e-001  0.000000e+000
 1.530000e+002  2.605828e-001  0.000000e+000
 1.540000e+002  2.548451e-001  0.000000e+000
 1.550000e+002  4.942217e-001  0.000000e+000
 1.560000e+002  4.451888e-001  0.000000e+000
 1.570000e+002  3.400299e-001  0.000000e+000
 1.580000e+002  1.928634e-001  0.000000e+000
 1.590000e+002  4.430755e-001  0.000000e+000
 1.600000e+002  4.503897e-001  0.000000e+000
 1.610000e+002  1.411856e-001  0.000000e+000
 1.620000e+002  3.993431e-001  0.000000e+000
 1.630000e+002  2.977627e-001  0.000000e+000
 1.640000e+002  1.867198e-001  0.000000e+000
 1.650000e+002  1.001351e-001  0.000000e+000
 1.660000e+002  2.154870e-001  0.000000e+000
 1.670000e+002  1.887572e-001  0.000000e+000
 1.680000e+002  3.161005e-001  0.000000e+000
 1.690000e+002  3.346308e-001  0.000000e+000
 1.700000e+002  4.297988e-001  0.000000e+000
 1.710000e+002  3.394560e-001  0.000000e+000
 1.720000e+002  2.623887e-001  0.000000e+000
 1.730000e+002  5.022072e-001  0.000000e+000
 1.740000e+002  1.978529e-001  0.000000e+000
 1.750000e+002  5.839933e-001  0.000000e+000
 1.760000e+002  2.623256e-001  0.000000e+000
 1.770000e+002  3.347527e-001  0.000000e+000
 1.780000e+002  2.543685e-001  0.000000e+000
 1.790000e+002  6.210980e-002  0.000000e+000
 1.800000e+002  2.934423e-002  0.000000e+000
 1.810000e+002  9.362898e-002  0.000000e+000
 1.820000e+002  1.726418e-001  0.000000e+000
 1.830000e+002  1.971969e-001  0.000000e+000
 1.840000e+002  2.372411e-001  0.000000e+000
 1.850000e+002  3.510306e-001  0.000000e+000
 1.860000e+002  2.568857e-001  0.000000e+000
 1.870000e+002  2.408617e-001  0.000000e+000
 1.880000e+002  3.271354e-001  0.000000e+000
 1.890000e+002  2.934959e-001  0.000000e+000
 1.900000e+002  2.045508e-001  0.000000e+000
 1.910000e+002  2.816796e-001  0.000000e+000
 1.920000e+002  3.591256e-001  0.000000e+000
 1.930000e+002  1.508434e-001  0.000000e+000
 1.940000e+002  8.497334e-002  0.000000e+000
 1.950000e+002  2.210876e-001  0.000000e+000
 1.960000e+002  9.992029e-002  0.000000e+000
 1.970000e+002  8.516949e-002  0.000000e+000
 1.980000e+002  2.438751e-001  0.000000e+000
 1.990000e+002  3.289222e-001  0.000000e+000
 2.000000e+002  3.459463e-001  0.000000e+000
 2.010000e+002  2.753044e-001  0.000000e+000
 2.020000e+002  1.405092e-001  0.000000e+000
 2.030000e+002  2.372595e-001  0.000000e+000
 2.040000e+002  2.650301e-001  0.000000e+000
 2.050000e+002  2.467887e-001  0.000000e+000
 2.060000e+002  2.036102e-001  0.000000e+000
 2.070000e+002  3.407828e-001  0.000000e+000
 2.080000e+002  1.673692e-001  0.000000e+000
 2.090000e+002  5.809638e-003  0.000000e+000
 2.100000e+002  7.762175e-002  0.000000e+000
 2.110000e+002  1.778985e-001  0.000000e+000
 2.120000e+002  3.078300e-001  0.000000e+000
 2.130000e+002  2.024978e-001  0.000000e+000
 2.140000e+002  2.513114e-001  0.000000e+000
 2.150000e+002  4.755364e-001  0.000000e+000
 2.160000e+002  4.135740e-001  0.000000e+000
 2.170000e+002  1.570608e-001  0.000000e+000
 2.180000e+002  3.635780e-001  0.000000e+000
 2.190000e+002  1.978158e-001  0.000000e+000
 2.200000e+002  3.062344e-001  0.000000e+000
 2.210000e+002  2.486701e-001  0.000000e+000
 2.220000e+002  3.699377e-001  0.000000e+000
 2.230000e+002  2.875215e-001  0.000000e+000
 2.240000e+002  9.270323e-002  0.000000e+000
 2.250000e+002  1.001135e-002  0.000000e+000
 2.260000e+002  2.251988e-002  0.000000e+000
 2.270000e+002  1.627211e-001  0.000000e+000
 2.280000e+002  2.606649e-001  0.000000e+000
 2.290000e+002  2.009322e-001  0.000000e+000
 2.300000e+002  1.382854e-001  0.000000e+000
 2.310000e+002  3.573679e-001  0.000000e+000
 2.320000e+002  9.211224e-002  0.000000e+000
 2.330000e+002  1.532343e-001  0.000000e+000
 2.340000e+002  1.900973e-001  0.000000e+000
 2.350000e+002  1.010801e-001  0.000000e+000
 2.360000e+002  1.503177e-001  0.000000e+000
 2.370000e+002  1.610311e-001  0.000000e+000
 2.380000e+002  1.702687e-001  0.000000e+000
 2.390000e+002  3.014370e-001  0.000000e+000
 2.400000e+002  1.667227e-001  0.000000e+000
 2.410000e+002  5.539396e-002  0.000000e+000
 2.420000e+002  2.676267e-001  0.000000e+000
 2.430000e+002  4.120404e-001  0.000000e+000
 2.440000e+002  2.124098e-001  0.000000e+000
 2.450000e+002  2.473129e-001  0.000000e+000
 2.460000e+002  4.099271e-001  0.000000e+000
 2.470000e+002  4.633704e-001  0.000000e+000
 2.480000e+002  2.603585e-001  0.000000e+000
 2.490000e+002  3.856137e-001  0.000000e+000
 2.500000e+002  3.571813e-001  0.000000e+000
 2.510000e+002  2.074134e-001  0.000000e+000
 2.520000e+002  2.872458e-001  0.000000e+000
 2.530000e+002  1.847789e-001  0.000000e+000
 2.540000e+002  1.053025e-001  0.000000e+000
 2.550000e+002  2.151080e-002  0.000000e+000
 2.560000e+002  4.231437e-002  0.000000e+000
 2.570000e+002  8.236552e-002  0.000000e+000
 2.580000e+002  2.654701e-002  0.000000e+000
 2.590000e+002  1.169777e-001  0.000000e+000
 2.600000e+002  1.807360e-001  0.000000e+000
 2.610000e+002  2.599831e-002  0.000000e+000
 2.620000e+002  1.039840e-001  0.000000e+000
 2.630000e+002  2.888420e-001  0.000000e+000
 2.640000e+002  2.394107e-001  0.000000e+000
 2.650000e+002  2.174859e-001  0.000000e+000
 2.660000e+002  1.651859e-001  0.000000e+000
 2.670000e+002  1.026442e-001  0.000000e+000
 2.680000e+002  1.229822e-001  0.000000e+000
 2.690000e+002  2.173732e-001  0.000000e+000
 2.700000e+002  1.155224e-001  0.000000e+000
 2.710000e+002  1.197359e-001  0.000000e+000
 2.720000e+002  1.555552e-001  0.000000e+000
 2.730000e+002  1.057296e-002  0.000000e+000
 2.740000e+002  5.864254e-002  0.000000e+000
 2.750000e+002  4.207440e-002  0.000000e+000
 2.760000e+002  1.410690e-001  0.000000e+000
 2.770000e+002  2.338502e-002  0.000000e+000
 2.780000e+002  4.747006e-002  0.000000e+000
 2.790000e+002  1.127407e-001  0.000000e+000
 2.800000e+002  1.152385e-001  0.000000e+000
 2.810000e+002  3.944030e-002  0.000000e+000
 2.820000e+002  2.138866e-001  0.000000e+000
 2.830000e+002  1.028374e-002  0.000000e+000
 2.840000e+002  6.744853e-002  0.000000e+000
 2.850000e+002  4.304416e-002  0.000000e+000
 2.860000e+002  4.916641e-002  0.000000e+000
 2.870000e+002  4.463411e-002  0.000000e+000
 2.880000e+002  2.666847e-001  0.000000e+000
 2.890000e+002  7.015033e-003  0.000000e+000
 2.900000e+002  1.209949e-001  0.000000e+000
 2.910000e+002  7.830000e-003  0.000000e+000
 2.920000e+002  1.781663e-002  0.000000e+000
 2.930000e+002  4.875218e-002  0.000000e+000
 2.940000e+002  3.243212e-002  0.000000e+000
 2.950000e+002  6.897250e-002  0.000000e+000
 2.960000e+002  2.761064e-002  0.000000e+000
 2.970000e+002  3.732123e-003  0.000000e+000
 2.980000e+002  2.498301e-002  0.000000e+000
 2.990000e+002  6.383268e-002  0.000000e+000
 3.000000e+002  8.220880e-003  0.000000e+000
 3.010000e+002  1.374150e-001  0.000000e+000
 3.020000e+002  2.523521e-002  0.000000e+000
 3.030000e+002  1.192491e-001  0.000000e+000
 3.040000e+002  3.467277e-002  0.000000e+000
 3.050000e+002  8.325619e-002  0.000000e+000
 3.060000e+002  2.654390e-001  0.000000e+000
 3.070000e+002  4.171407e-002  0.000000e+000
 3.080000e+002  3.051419e-001  0.000000e+000
 3.090000e+002  2.000642e-001  0.000000e+000
 3.100000e+002  2.223234e-001  0.000000e+000
 3.110000e+002  1.417000e-001  0.000000e+000
 3.120000e+002  2.887549e-001  0.000000e+000
 3.130000e+002  8.053911e-002  0.000000e+000
 3.140000e+002  1.264339e-001  0.000000e+000
 3.150000e+002  1.107794e-002  0.000000e+000
 3.160000e+002  2.500629e-002  0.000000e+000
 3.170000e+002  3.971005e-001  0.000000e+000
 3.180000e+002  2.882368e-001  0.000000e+000
 3.190000e+002  3.415074e-001  0.000000e+000
 3.200000e+002  5.908169e-002  0.000000e+000
 3.210000e+002  1.270727e-001  0.000000e+000
 3.220000e+002  8.336093e-002  0.000000e+000
 3.230000e+002  7.297941e-002  0.000000e+000
 3.240000e+002  2.104643e-002  0.000000e+000
 3.250000e+002  2.180653e-001  0.000000e+000
 3.260000e+002  2.685749e-002  0.000000e+000
 3.270000e+002  2.534015e-002  0.000000e+000
 3.280000e+002  2.980478e-002  0.000000e+000
 3.290000e+002  3.024466e-002  0.000000e+000
 3.300000e+002  2.103477e-001  0.000000e+000
 3.310000e+002  5.343798e-002  0.000000e+000
 3.320000e+002  2.208649e-003  0.000000e+000
 3.330000e+002  1.046631e-001  0.000000e+000
 3.340000e+002  3.774310e-001  0.000000e+000
 3.350000e+002  8.342534e-002  0.000000e+000
 3.360000e+002  4.000496e-002  0.000000e+000
 3.370000e+002  1.954373e-002  0.000000e+000
 3.380000e+002  6.645443e-002  0.000000e+000
 3.390000e+002  2.649859e-001  0.000000e+000
 3.400000e+002  2.269787e-001  0.000000e+000
 3.410000e+002  1.429766e-001  0.000000e+000
 3.420000e+002  3.095442e-001  0.000000e+000
 3.430000e+002  2.353785e-001  0.000000e+000
 3.440000e+002  1.481300e-001  0.000000e+000
 3.450000e+002  1.239552e-001  0.000000e+000
 3.460000e+002  3.056614e-004  0.000000e+000
 3.470000e+002  1.113216e-001  0.000000e+000
 3.480000e+002  1.707296e-001  0.000000e+000
 3.490000e+002  1.988012e-001  0.000000e+000
 3.500000e+002  3.489940e-001  0.000000e+000
 3.510000e+002  1.868928e-001  0.000000e+000
 3.520000e+002  3.068121e-001  0.000000e+000
 3.530000e+002  2.940354e-001  0.000000e+000
 3.540000e+002  2.068949e-001  0.000000e+000
 3.550000e+002  2.884190e-001  0.000000e+000
 3.560000e+002  2.236785e-001  0.000000e+000
 3.570000e+002  3.268110e-001  0.000000e+000
 3.580000e+002  3.329355e-001  0.000000e+000
 3.590000e+002  1.671068e-001  0.000000e+000
 3.600000e+002  7.554755e-002  0.000000e+000
 3.610000e+002  2.648678e-001  0.000000e+000
 3.620000e+002  1.872285e-002  0.000000e+000
 3.630000e+002  1.091607e-001  0.000000e+000
 3.640000e+002  2.132667e-001  0.000000e+000
 3.650000e+002  2.707989e-001  0.000000e+000
 3.660000e+002  3.100837e-001  0.000000e+000
 3.670000e+002  5.663252e-002  0.000000e+000
 3.680000e+002  2.562770e-002  0.000000e+000
 3.690000e+002  6.126346e-002  0.000000e+000
 3.700000e+002  1.793478e-001  0.000000e+000
 3.710000e+002  1.178039e-001  0.000000e+000
 3.720000e+002  1.793371e-001  0.000000e+000
 3.730000e+002  4.911795e-002  0.000000e+000
 3.740000e+002  1.787490e-001  0.000000e+000
 3.750000e+002  5.499861e-002  0.000000e+000
 3.760000e+002  4.360651e-002  0.000000e+000
 3.770000e+002  3.194858e-004  0.000000e+000
 3.780000e+002  4.837206e-002  0.000000e+000
 3.790000e+002  2.859612e-002  0.000000e+000
 3.800000e+002  1.096700e-001  0.000000e+000
 3.810000e+002  1.258161e-001  0.000000e+000
 3.820000e+002  8.697133e-002  0.000000e+000
 3.830000e+002  9.000388e-002  0.000000e+000
 3.840000e+002  1.398188e-001  0.000000e+000
 3.850000e+002  2.520682e-002  0.000000e+000
 3.860000e+002  1.665067e-001  0.000000e+000
 3.870000e+002  2.675742e-002  0.000000e+000
 3.880000e+002  1.043901e-001  0.000000e+000
 3.890000e+002  2.743317e-002  0.000000e+000
 3.900000e+002  2.684703e-001  0.000000e+000
 3.910000e+002  4.129029e-002  0.000000e+000
 3.920000e+002  6.926994e-002  0.000000e+000
 3.930000e+002  4.989820e-002  0.000000e+000
 3.940000e+002  1.730164e-002  0.000000e+000
 3.950000e+002  2.512346e-001  0.000000e+000
 3.960000e+002  7.568297e-002  0.000000e+000
 3.970000e+002  2.098552e-001  0.000000e+000
 3.980000e+002  1.851763e-002  0.000000e+000
 3.990000e+002  7.205635e-002  0.000000e+000
 4.000000e+002  5.234574e-002  0.000000e+000
 4.010000e+002  7.191357e-003  0.000000e+000
 4.020000e+002  1.445161e-001  0.000000e+000
 4.030000e+002  8.803319e-002  0.000000e+000
 4.040000e+002  5.719802e-002  0.000000e+000
 4.050000e+002  2.323238e-003  0.000000e+000
 4.060000e+002  7.787870e-002  0.000000e+000
 4.070000e+002  1.260368e-001  0.000000e+000
 4.080000e+002  1.686161e-003  0.000000e+000
 4.090000e+002  4.208359e-002  0.000000e+000
 4.100000e+002  1.228176e-001  0.000000e+000
 4.110000e+002  3.094835e-001  0.000000e+000
 4.120000e+002  7.511821e-002  0.000000e+000
 4.130000e+002  9.856913e-002  0.000000e+000
 4.140000e+002  3.115758e-002  0.000000e+000
 4.150000e+002  1.295256e-001  0.000000e+000
 4.160000e+002  4.127818e-002  0.000000e+000
 4.170000e+002  1.709166e-001  0.000000e+000
 4.180000e+002  6.886702e-002  0.000000e+000
 4.190000e+002  1.094148e-001  0.000000e+000
 4.200000e+002  7.287095e-002  0.000000e+000
 4.210000e+002  1.934082e-002  0.000000e+000
 4.220000e+002  1.957586e-001  0.000000e+000
 4.230000e+002  1.285012e-001  0.000000e+000
 4.240000e+002  3.479708e-002  0.000000e+000
 4.250000e+002  1.968506e-001  0.000000e+000
 4.260000e+002  9.176444e-002  0.000000e+000
 4.270000e+002  5.701911e-002  0.000000e+000
 4.280000e+002  1.705179e-002  0.000000e+000
 4.290000e+002  3.136316e-002  0.000000e+000
 4.300000e+002  4.336873e-002  0.000000e+000
 4.310000e+002  1.309548e-002  0.000000e+000
 4.320000e+002  3.727430e-002  0.000000e+000
 4.330000e+002  2.562003e-002  0.000000e+000
 4.340000e+002  6.425142e-002  0.000000e+000
 4.350000e+002  5.130260e-003  0.000000e+000
 4.360000e+002  6.463363e-002  0.000000e+000
 4.370000e+002  1.194249e-001  0.000000e+000
 4.380000e+002  6.543876e-002  0.000000e+000
 4.390000e+002  1.094588e-001  0.000000e+000
 4.400000e+002  1.609800e-001  0.000000e+000
 4.410000e+002  1.680718e-002  0.000000e+000
 4.420000e+002  1.358161e-001  0.000000e+000
 4.430000e+002  8.382725e-002  0.000000e+000
 4.440000e+002  1.177664e-001  0.000000e+000
 4.450000e+002  4.431035e-002  0.000000e+000
 4.460000e+002  1.593755e-001  0.000000e+000
 4.470000e+002  1.506388e-001  0.000000e+000
 4.480000e+002  8.012434e-002  0.000000e+000
 4.490000e+002  1.165750e-001  0.000000e+000
 4.500000e+002  3.959658e-002  0.000000e+000
 4.510000e+002  2.234418e-001  0.000000e+000
 4.520000e+002  3.672134e-002  0.000000e+000
 4.530000e+002  1.622704e-001  0.000000e+000
 4.540000e+002  6.675636e-002  0.000000e+000
 4.550000e+002  5.333837e-002  0.000000e+000
 4.560000e+002  5.099276e-002  0.000000e+000
 4.570000e+002  2.386688e-002  0.000000e+000
 4.580000e+002  1.110377e-001  0.000000e+000
 4.590000e+002  1.990115e-001  0.000000e+000
 4.600000e+002  3.776721e-002  0.000000e+000
 4.610000e+002  1.868931e-001  0.000000e+000
 4.620000e+002  9.208301e-002  0.000000e+000
 4.630000e+002  4.766228e-002  0.000000e+000
 4.640000e+002  4.567907e-002  0.000000e+000
 4.650000e+002  4.230841e-003  0.000000e+000
 4.660000e+002  2.208157e-001  0.000000e+000
 4.670000e+002  1.527032e-001  0.000000e+000
 4.680000e+002  2.458376e-001  0.000000e+000
 4.690000e+002  1.891914e-001  0.000000e+000
 4.700000e+002  1.050471e-001  0.000000e+000
 4.710000e+002  3.587967e-001  0.000000e+000
 4.720000e+002  1.645718e-001  0.000000e+000
 4.730000e+002  1.917374e-001  0.000000e+000
 4.740000e+002  2.812143e-001  0.000000e+000
 4.750000e+002  2.782300e-001  0.000000e+000
 4.760000e+002  1.159514e-001  0.000000e+000
 4.770000e+002  1.237114e-001  0.000000e+000
 4.780000e+002  8.106665e-002  0.000000e+000
 4.790000e+002  5.877067e-002  0.000000e+000
 4.800000e+002  1.163162e-001  0.000000e+000
 4.810000e+002  2.709092e-001  0.000000e+000
 4.820000e+002  5.659679e-002  0.000000e+000
 4.830000e+002  1.172895e-001  0.000000e+000
 4.840000e+002  2.790372e-001  0.000000e+000
 4.850000e+002  1.328623e-001  0.000000e+000
 4.860000e+002  1.811331e-001  0.000000e+000
 4.870000e+002  1.899450e-001  0.000000e+000
 4.880000e+002  2.577361e-001  0.000000e+000
 4.890000e+002  3.864160e-004  0.000000e+000
 4.900000e+002  1.157418e-001  0.000000e+000
 4.910000e+002  1.032124e-001  0.000000e+000
 4.920000e+002  2.292569e-001  0.000000e+000
 4.930000e+002  4.425394e-002  0.000000e+000
 4.940000e+002  8.707284e-002  0.000000e+000
 4.950000e+002  8.140521e-002  0.000000e+000
 4.960000e+002  3.279879e-002  0.000000e+000
 4.970000e+002  1.122246e-001  0.000000e+000
 4.980000e+002  5.172352e-003  0.000000e+000
 4.990000e+002  1.006237e-001  0.000000e+000
 5.000000e+002  1.967429e-001  0.000000e+000
 5.010000e+002  3.356900e-001  0.000000e+000
 5.020000e+002  6.452154e-002  0.000000e+000
 5.030000e+002  1.406578e-001  0.000000e+000
 5.040000e+002  1.343137e-001  0.000000e+000
 5.050000e+002  2.487820e-001  0.000000e+000
 5.060000e+002  9.749656e-003  0.000000e+000
 5.070000e+002  1.714842e-001  0.000000e+000
 5.080000e+002  2.459012e-001  0.000000e+000
 5.090000e+002  1.973656e-001  0.000000e+000
 5.100000e+002  1.814219e-001  0.000000e+000
 5.110000e+002  1.953841e-001  0.000000e+000
 5.120000e+002  1.811785e-001  0.000000e+000
