 0.000000e+000  9.999194e-001  0.000000e+000
 1.000000e+000  9.450547e-001  0.000000e+000
 2.000000e+000  9.485172e-001  0.000000e+000
 3.000000e+000  9.318587e-001  0.000000e+000
 4.000000e+000  9.318502e-001  0.000000e+000
 5.000000e+000  9.270611e-001  0.000000e+000
 6.000000e+000  8.919233e-001  0.000000e+000
 7.000000e+000  9.151516e-001  0.000000e+000
 8.000000e+000  9.344358e-001  0.000000e+000
 9.000000e+000  9.357734e-001  0.000000e+000
 1.000000e+001  9.329019e-001  0.000000e+000
 1.100000e+001  9.224935e-001  0.000000e+000
 1.200000e+001  9.157959e-001  0.000000e+000
 1.300000e+001  8.591732e-001  0.000000e+000
 1.400000e+001  6.779952e-001  0.000000e+000
 1.500000e+001  1.240093e-002  0.000000e+000
 1.600000e+001  7.733170e-001  0.000000e+000
 1.700000e+001  9.370971e-001  0.000000e+000
 1.800000e+001  9.585419e-001  0.000000e+000
 1.900000e+001  9.696208e-001  0.000000e+000
 2.000000e+001  9.681681e-001  0.000000e+000
 2.100000e+001  9.683021e-001  0.000000e+000
 2.200000e+001  9.675512e-001  0.000000e+000
 2.300000e+001  9.741560e-001  0.000000e+000
 2.400000e+001  9.606323e-001  0.000000e+000
 2.500000e+001  9.648696e-001  0.000000e+000
 2.600000e+001  9.595619e-001  0.000000e+000
 2.700000e+001  9.634637e-001  0.000000e+000
 2.800000e+001  9.284839e-001  0.000000e+000
 2.900000e+001  9.360232e-001  0.000000e+000
 3.000000e+001  4.766777e-002  0.000000e+000
 3.100000e+001  8.909491e-001  0.000000e+000
 3.200000e+001  8.740734e-001  0.000000e+000
 3.300000e+001  9.001228e-001  0.000000e+000
 3.400000e+001  8.551157e-001  0.000000e+000
 3.500000e+001  8.394140e-001  0.000000e+000
 3.600000e+001  7.566051e-001  0.000000e+000
 3.700000e+001  7.215853e-001  0.000000e+000
 3.800000e+001  6.818278e-001  0.000000e+000
 3.900000e+001  5.235795e-001  0.000000e+000
 4.000000e+001  4.505677e-001  0.000000e+000
 4.100000e+001  3.111023e-001  0.000000e+000
 4.200000e+001  2.236073e-001  0.000000e+000
 4.300000e+001  1.153052e-001  0.000000e+000
 4.400000e+001  5.020381e-002  0.000000e+000
 4.500000e+001  2.507517e-002  0.000000e+000
 4.600000e+001  5.536424e-002  0.000000e+000
 4.700000e+001  9.505253e-002  0.000000e+000
 4.800000e+001  1.265073e-001  0.000000e+000
 4.900000e+001  1.193557e-001  0.000000e+000
 5.000000e+001  1.978087e-001  0.000000e+000
 5.100000e+001  2.417330e-001  0.000000e+000
 5.200000e+001  2.325554e-001  0.000000e+000
 5.300000e+001  2.628314e-001  0.000000e+000
 5.400000e+001  2.875718e-001  0.000000e+000
 5.500000e+001  1.878628e-001  0.000000e+000
 5.600000e+001  2.180322e-001  0.000000e+000
 5.700000e+001  1.749743e-001  0.000000e+000
 5.800000e+001  2.103085e-001  0.000000e+000
 5.900000e+001  2.663914e-002  0.000000e+000
 6.000000e+001  1.848772e-002  0.000000e+000
 6.100000e+001  3.677923e-002  0.000000e+000
 6.200000e+001  1.477745e-001  0.000000e+000
 6.300000e+001  1.483987e-001  0.000000e+000
 6.400000e+001  1.862287e-001  0.000000e+000
 6.500000e+001  3.029307e-001  0.000000e+000
 6.600000e+001  3.756520e-001  0.000000e+000
 6.700000e+001  3.830442e-001  0.000000e+000
 6.800000e+001  5.504837e-001  0.000000e+000
 6.900000e+001  5.683957e-001  0.000000e+000
 7.000000e+001  4.478584e-001  0.000000e+000
 7.100000e+001  5.628248e-001  0.000000e+000
 7.200000e+001  4.929350e-001  0.000000e+000
 7.300000e+001  1.300294e-001  0.000000e+000
 7.400000e+001  5.139429e-001  0.000000e+000
 7.500000e+001  3.171296e-002  0.000000e+000
 7.600000e+001  7.095032e-001  0.000000e+000
 7.700000e+001  8.395998e-001  0.000000e+000
 7.800000e+001  9.678402e-001  0.000000e+000
 7.900000e+001  9.855701e-001  0.000000e+000
 8.000000e+001  9.810975e-001  0.000000e+000
 8.100000e+001  9.809981e-001  0.000000e+000
 8.200000e+001  9.775538e-001  0.000000e+000
 8.300000e+001  9.784759e-001  0.000000e+000
 8.400000e+001  9.857867e-001  0.000000e+000
 8.500000e+001  9.816297e-001  0.000000e+000
 8.600000e+001  9.718254e-001  0.000000e+000
 8.700000e+001  9.690805e-001  0.000000e+000
 8.800000e+001  7.735282e-001  0.000000e+000
 8.900000e+001  9.006741e-001  0.000000e+000
 9.000000e+001  2.806780e-001  0.000000e+000
 9.100000e+001  6.508578e-001  0.000000e+000
 9.200000e+001  9.081851e-001  0.000000e+000
 9.300000e+001  9.143660e-001  0.000000e+000
 9.400000e+001  8.985063e-001  0.000000e+000
 9.500000e+001  9.422963e-001  0.000000e+000
 9.600000e+001  9.208490e-001  0.000000e+000
 9.700000e+001  9.189891e-001  0.000000e+000
 9.800000e+001  9.103763e-001  0.000000e+000
 9.900000e+001  8.884610e-001  0.000000e+000
 1.000000e+002  8.653170e-001  0.000000e+000
 1.010000e+002  7.651030e-001  0.000000e+000
 1.020000e+002  6.870483e-001  0.000000e+000
 1.030000e+002  2.499132e-001  0.000000e+000
 1.040000e+002  4.169933e-001  0.000000e+000
 1.050000e+002  2.535281e-001  0.000000e+000
 1.060000e+002  1.012673e-001  0.000000e+000
 1.070000e+002  5.398231e-001  0.000000e+000
 1.080000e+002  6.401859e-001  0.000000e+000
 1.090000e+002  1.890949e-001  0.000000e+000
 1.100000e+002  9.182342e-002  0.000000e+000
 1.110000e+002  5.493875e-002  0.000000e+000
 1.120000e+002  1.694456e-001  0.000000e+000
 1.130000e+002  3.045044e-001  0.000000e+000
 1.140000e+002  5.105729e-001  0.000000e+000
 1.150000e+002  3.750813e-001  0.000000e+000
 1.160000e+002  5.912561e-001  0.000000e+000
 1.170000e+002  5.356641e-001  0.000000e+000
 1.180000e+002  1.186138e-001  0.000000e+000
 1.190000e+002  2.535340e-001  0.000000e+000
 1.200000e+002  5.865375e-003  0.000000e+000
 1.210000e+002  2.661087e-001  0.000000e+000
 1.220000e+002  4.677354e-001  0.000000e+000
 1.230000e+002  4.680864e-001  0.000000e+000
 1.240000e+002  4.323995e-001  0.000000e+000
 1.250000e+002  5.815342e-001  0.000000e+000
 1.260000e+002  6.270426e-001  0.000000e+000
 1.270000e+002  5.151774e-001  0.000000e+000
 1.280000e+002  5.130431e-001  0.000000e+000
 1.290000e+002  3.935759e-001  0.000000e+000
 1.300000e+002  5.165973e-001  0.000000e+000
 1.310000e+002  3.351263e-001  0.000000e+000
 1.320000e+002  1.915653e-001  0.000000e+000
 1.330000e+002  1.278303e-001  0.000000e+000
 1.340000e+002  1.058231e-001  0.000000e+000
 1.350000e+002  8.888992e-004  0.000000e+000
 1.360000e+002  3.537428e-002  0.000000e+000
 1.370000e+002  1.201934e-001  0.000000e+000
 1.380000e+002  2.258295e-001  0.000000e+000
 1.390000e+002  2.609153e-001  0.000000e+000
 1.400000e+002  3.219789e-001  0.000000e+000
 1.410000e+002  3.968628e-001  0.000000e+000
 1.420000e+002  3.013973e-001  0.000000e+000
 1.430000e+002  4.598182e-001  0.000000e+000
 1.440000e+002  3.977247e-001  0.000000e+000
 1.450000e+002  4.638265e-001  0.000000e+000
 1.460000e+002  4.818937e-001  0.000000e+000
 1.470000e+002  4.270830e-001  0.000000e+000
 1.480000e+002  2.502914e-001  0.000000e+000
 1.490000e+002  7.431895e-002  0.000000e+000
 1.500000e+002  8.146546e-003  0.000000e+000
 1.510000e+002  1.762822e-001  0.000000e+000
 1.520000e+002  3.187821e-001  0.000000e+000
 1.530000e+002  3.988307e-001  0.000000e+000
 1.540000e+002  4.906721e-001  0.000000e+000
 1.550000e+002  4.973443e-001  0.000000e+000
 1.560000e+002  5.520189e-001  0.000000e+000
 1.570000e+002  3.977576e-001  0.000000e+000
 1.580000e+002  4.055078e-001  0.000000e+000
 1.590000e+002  5.018622e-001  0.000000e+000
 1.600000e+002  4.484895e-001  0.000000e+000
 1.610000e+002  3.636326e-001  0.000000e+000
 1.620000e+002  3.295057e-001  0.000000e+000
 1.630000e+002  2.670073e-001  0.000000e+000
 1.640000e+002  1.832167e-001  0.000000e+000
 1.650000e+002  1.442290e-001  0.000000e+000
 1.660000e+002  1.037281e-001  0.000000e+000
 1.670000e+002  6.145075e-002  0.000000e+000
 1.680000e+002  2.662600e-002  0.000000e+000
 1.690000e+002  1.790285e-004  0.000000e+000
 1.700000e+002  5.022887e-002  0.000000e+000
 1.710000e+002  1.186494e-002  0.000000e+000
 1.720000e+002  6.029064e-002  0.000000e+000
 1.730000e+002  3.709110e-002  0.000000e+000
 1.740000e+002  4.090978e-002  0.000000e+000
 1.750000e+002  1.589816e-001  0.000000e+000
 1.760000e+002  1.049258e-001  0.000000e+000
 1.770000e+002  8.935061e-002  0.000000e+000
 1.780000e+002  1.653327e-001  0.000000e+000
 1.790000e+002  4.939037e-002  0.000000e+000
 1.800000e+002  3.714768e-002  0.000000e+000
 1.810000e+002  1.266930e-002  0.000000e+000
 1.820000e+002  6.479370e-002  0.000000e+000
 1.830000e+002  4.127402e-002  0.000000e+000
 1.840000e+002  1.566215e-001  0.000000e+000
 1.850000e+002  2.032165e-002  0.000000e+000
 1.860000e+002  2.000420e-001  0.000000e+000
 1.870000e+002  3.924317e-002  0.000000e+000
 1.880000e+002  1.505588e-002  0.000000e+000
 1.890000e+002  4.853904e-002  0.000000e+000
 1.900000e+002  3.261780e-002  0.000000e+000
 1.910000e+002  1.860566e-002  0.000000e+000
 1.920000e+002  1.792408e-003  0.000000e+000
 1.930000e+002  4.170859e-002  0.000000e+000
 1.940000e+002  4.470729e-002  0.000000e+000
 1.950000e+002  1.763086e-001  0.000000e+000
 1.960000e+002  3.173042e-002  0.000000e+000
 1.970000e+002  5.597662e-002  0.000000e+000
 1.980000e+002  1.289419e-003  0.000000e+000
 1.990000e+002  2.790070e-002  0.000000e+000
 2.000000e+002  1.607103e-002  0.000000e+000
 2.010000e+002  7.461146e-003  0.000000e+000
 2.020000e+002  8.733599e-004  0.000000e+000
 2.030000e+002  5.645909e-002  0.000000e+000
 2.040000e+002  3.020774e-002  0.000000e+000
 2.050000e+002  3.570002e-002  0.000000e+000
 2.060000e+002  1.066098e-001  0.000000e+000
 2.070000e+002  2.958358e-002  0.000000e+000
 2.080000e+002  1.180833e-002  0.000000e+000
 2.090000e+002  2.050243e-002  0.000000e+000
 2.100000e+002  8.981477e-002  0.000000e+000
 2.110000e+002  1.272377e-001  0.000000e+000
 2.120000e+002  4.633362e-002  0.000000e+000
 2.130000e+002  3.697364e-002  0.000000e+000
 2.140000e+002  5.269076e-002  0.000000e+000
 2.150000e+002  6.834238e-003  0.000000e+000
 2.160000e+002  2.234031e-002  0.000000e+000
 2.170000e+002  2.453179e-001  0.000000e+000
 2.180000e+002  3.889005e-003  0.000000e+000
 2.190000e+002  2.103739e-002  0.000000e+000
 2.200000e+002  1.652799e-001  0.000000e+000
 2.210000e+002  2.208854e-002  0.000000e+000
 2.220000e+002  2.461020e-002  0.000000e+000
 2.230000e+002  4.802247e-002  0.000000e+000
 2.240000e+002  4.078119e-002  0.000000e+000
 2.250000e+002  8.439033e-002  0.000000e+000
 2.260000e+002  4.230399e-002  0.000000e+000
 2.270000e+002  8.686323e-002  0.000000e+000
 2.280000e+002  1.192532e-001  0.000000e+000
 2.290000e+002  7.197770e-002  0.000000e+000
 2.300000e+002  1.350574e-001  0.000000e+000
 2.310000e+002  2.354305e-001  0.000000e+000
 2.320000e+002  1.294010e-001  0.000000e+000
 2.330000e+002  4.327339e-001  0.000000e+000
 2.340000e+002  2.672154e-001  0.000000e+000
 2.350000e+002  3.653967e-001  0.000000e+000
 2.360000e+002  2.635443e-001  0.000000e+000
 2.370000e+002  2.830786e-001  0.000000e+000
 2.380000e+002  1.974836e-001  0.000000e+000
 2.390000e+002  1.680339e-001  0.000000e+000
 2.400000e+002  5.355806e-002  0.000000e+000
 2.410000e+002  5.161186e-003  0.000000e+000
 2.420000e+002  1.259979e-001  0.000000e+000
 2.430000e+002  2.389129e-001  0.000000e+000
 2.440000e+002  4.161881e-002  0.000000e+000
 2.450000e+002  1.439127e-001  0.000000e+000
 2.460000e+002  1.386053e-001  0.000000e+000
 2.470000e+002  1.734170e-001  0.000000e+000
 2.480000e+002  2.010851e-001  0.000000e+000
 2.490000e+002  2.044085e-001  0.000000e+000
 2.500000e+002  3.340390e-001  0.000000e+000
 2.510000e+002  1.844806e-001  0.000000e+000
 2.520000e+002  5.886018e-002  0.000000e+000
 2.530000e+002  4.368251e-002  0.000000e+000
 2.540000e+002  8.257123e-003  0.000000e+000
 2.550000e+002  7.783495e-003  0.000000e+000
 2.560000e+002  5.858648e-002  0.000000e+000
 2.570000e+002  4.106761e-002  0.000000e+000
 2.580000e+002  7.798662e-002  0.000000e+000
 2.590000e+002  8.019301e-002  0.000000e+000
 2.600000e+002  1.008172e-001  0.000000e+000
 2.610000e+002  3.277040e-002  0.000000e+000
 2.620000e+002  1.247662e-001  0.000000e+000
 2.630000e+002  2.340300e-001  0.000000e+000
 2.640000e+002  2.807945e-001  0.000000e+000
 2.650000e+002  1.613952e-001  0.000000e+000
 2.660000e+002  1.791645e-001  0.000000e+000
 2.670000e+002  2.591343e-002  0.000000e+000
 2.680000e+002  6.718220e-002  0.000000e+000
 2.690000e+002  1.471582e-001  0.000000e+000
 2.700000e+002  5.743509e-002  0.000000e+000
 2.710000e+002  8.771159e-002  0.000000e+000
 2.720000e+002  1.809236e-001  0.000000e+000
 2.730000e+002  4.482708e-002  0.000000e+000
 2.740000e+002  1.947233e-001  0.000000e+000
 2.750000e+002  8.196742e-002  0.000000e+000
 2.760000e+002  1.395438e-001  0.000000e+000
 2.770000e+002  2.343579e-002  0.000000e+000
 2.780000e+002  9.208135e-002  0.000000e+000
 2.790000e+002  6.998178e-002  0.000000e+000
 2.800000e+002  2.330659e-002  0.000000e+000
 2.810000e+002  1.121297e-001  0.000000e+000
 2.820000e+002  4.039685e-002  0.000000e+000
 2.830000e+002  4.568912e-002  0.000000e+000
 2.840000e+002  4.808037e-002  0.000000e+000
 2.850000e+002  2.760116e-002  0.000000e+000
 2.860000e+002  1.008524e-001  0.000000e+000
 2.870000e+002  5.635050e-002  0.000000e+000
 2.880000e+002  1.149662e-001  0.000000e+000
 2.890000e+002  2.389248e-001  0.000000e+000
 2.900000e+002  4.124731e-001  0.000000e+000
 2.910000e+002  3.192802e-001  0.000000e+000
 2.920000e+002  3.687363e-001  0.000000e+000
 2.930000e+002  5.492958e-001  0.000000e+000
 2.940000e+002  3.717462e-001  0.000000e+000
 2.950000e+002  6.136795e-001  0.000000e+000
 2.960000e+002  5.540044e-001  0.000000e+000
 2.970000e+002  3.930029e-001  0.000000e+000
 2.980000e+002  4.904879e-001  0.000000e+000
 2.990000e+002  2.471682e-001  0.000000e+000
 3.000000e+002  4.938869e-002  0.000000e+000
 3.010000e+002  3.978493e-001  0.000000e+000
 3.020000e+002  1.564264e-001  0.000000e+000
 3.030000e+002  3.926847e-001  0.000000e+000
 3.040000e+002  1.927546e-001  0.000000e+000
 3.050000e+002  3.937365e-001  0.000000e+000
 3.060000e+002  4.730092e-001  0.000000e+000
 3.070000e+002  2.278356e-001  0.000000e+000
 3.080000e+002  3.030694e-001  0.000000e+000
 3.090000e+002  3.454838e-001  0.000000e+000
 3.100000e+002  3.181371e-001  0.000000e+000
 3.110000e+002  3.262981e-001  0.000000e+000
 3.120000e+002  2.284261e-001  0.000000e+000
 3.130000e+002  2.650321e-002  0.000000e+000
 3.140000e+002  1.113021e-001  0.000000e+000
 3.150000e+002  9.436876e-002  0.000000e+000
 3.160000e+002  4.215059e-002  0.000000e+000
 3.170000e+002  3.866768e-001  0.000000e+000
 3.180000e+002  3.145905e-001  0.000000e+000
 3.190000e+002  4.126123e-001  0.000000e+000
 3.200000e+002  5.026540e-001  0.000000e+000
 3.210000e+002  3.337878e-001  0.000000e+000
 3.220000e+002  4.472442e-001  0.000000e+000
 3.230000e+002  3.175022e-001  0.000000e+000
 3.240000e+002  3.333204e-001  0.000000e+000
 3.250000e+002  5.215304e-001  0.000000e+000
 3.260000e+002  1.856495e-001  0.000000e+000
 3.270000e+002  2.477963e-001  0.000000e+000
 3.280000e+002  1.969306e-001  0.000000e+000
 3.290000e+002  2.445048e-001  0.000000e+000
 3.300000e+002  4.778860e-003  0.000000e+000
 3.310000e+002  8.603955e-002  0.000000e+000
 3.320000e+002  1.116939e-001  0.000000e+000
 3.330000e+002  1.587535e-001  0.000000e+000
 3.340000e+002  1.212484e-001  0.000000e+000
 3.350000e+002  4.011981e-001  0.000000e+000
 3.360000e+002  7.488050e-002  0.000000e+000
 3.370000e+002  2.108673e-001  0.000000e+000
 3.380000e+002  7.653482e-002  0.000000e+000
 3.390000e+002  2.426224e-001  0.000000e+000
 3.400000e+002  2.063968e-001  0.000000e+000
 3.410000e+002  1.390774e-001  0.000000e+000
 3.420000e+002  1.540559e-001  0.000000e+000
 3.430000e+002  3.485332e-002  0.000000e+000
 3.440000e+002  6.557491e-002  0.000000e+000
 3.450000e+002  1.876940e-002  0.000000e+000
 3.460000e+002  1.650381e-002  0.000000e+000
 3.470000e+002  9.325256e-002  0.000000e+000
 3.480000e+002  1.016370e-002  0.000000e+000
 3.490000e+002  5.444119e-003  0.000000e+000
 3.500000e+002  5.146319e-002  0.000000e+000
 3.510000e+002  3.726653e-002  0.000000e+000
 3.520000e+002  2.373063e-002  0.000000e+000
 3.530000e+002  1.786908e-003  0.000000e+000
 3.540000e+002  1.513531e-002  0.000000e+000
 3.550000e+002  9.208803e-003  0.000000e+000
 3.560000e+002  1.339989e-001  0.000000e+000
 3.570000e+002  9.860639e-002  0.000000e+000
 3.580000e+002  5.666348e-002  0.000000e+000
 3.590000e+002  4.985420e-002  0.000000e+000
 3.600000e+002  4.621149e-002  0.000000e+000
 3.610000e+002  1.351007e-001  0.000000e+000
 3.620000e+002  2.778408e-003  0.000000e+000
 3.630000e+002  4.550641e-002  0.000000e+000
 3.640000e+002  9.061091e-002  0.000000e+000
 3.650000e+002  6.652629e-002  0.000000e+000
 3.660000e+002  1.957267e-001  0.000000e+000
 3.670000e+002  5.069020e-002  0.000000e+000
 3.680000e+002  9.774674e-002  0.000000e+000
 3.690000e+002  4.166796e-002  0.000000e+000
 3.700000e+002  9.035811e-002  0.000000e+000
 3.710000e+002  4.253438e-002  0.000000e+000
 3.720000e+002  1.924120e-002  0.000000e+000
 3.730000e+002  4.570969e-003  0.000000e+000
 3.740000e+002  9.823588e-002  0.000000e+000
 3.750000e+002  4.554242e-002  0.000000e+000
 3.760000e+002  4.031373e-002  0.000000e+000
 3.770000e+002  1.852422e-003  0.000000e+000
 3.780000e+002  8.678340e-003  0.000000e+000
 3.790000e+002  3.410209e-002  0.000000e+000
 3.800000e+002  2.449485e-002  0.000000e+000
 3.810000e+002  7.467575e-003  0.000000e+000
 3.820000e+002  1.470041e-002  0.000000e+000
 3.830000e+002  3.793802e-002  0.000000e+000
 3.840000e+002  1.686689e-002  0.000000e+000
 3.850000e+002  8.275897e-003  0.000000e+000
 3.860000e+002  7.088204e-002  0.000000e+000
 3.870000e+002  2.862244e-002  0.000000e+000
 3.880000e+002  5.380418e-002  0.000000e+000
 3.890000e+002  4.524529e-002  0.000000e+000
 3.900000e+002  2.013937e-002  0.000000e+000
 3.910000e+002  2.343742e-002  0.000000e+000
 3.920000e+002  4.443206e-002  0.000000e+000
 3.930000e+002  4.434627e-002  0.000000e+000
 3.940000e+002  8.135615e-003  0.000000e+000
 3.950000e+002  2.390145e-001  0.000000e+000
 3.960000e+002  3.760733e-002  0.000000e+000
 3.970000e+002  7.541562e-002  0.000000e+000
 3.980000e+002  4.447927e-002  0.000000e+000
 3.990000e+002  2.530658e-002  0.000000e+000
 4.000000e+002  2.104857e-002  0.000000e+000
 4.010000e+002  7.490540e-002  0.000000e+000
 4.020000e+002  1.248609e-002  0.000000e+000
 4.030000e+002  1.056361e-001  0.000000e+000
 4.040000e+002  1.124809e-002  0.000000e+000
 4.050000e+002  1.555344e-002  0.000000e+000
 4.060000e+002  9.628154e-002  0.000000e+000
 4.070000e+002  1.501410e-001  0.000000e+000
 4.080000e+002  4.512447e-002  0.000000e+000
 4.090000e+002  3.533510e-002  0.000000e+000
 4.100000e+002  7.050808e-002  0.000000e+000
 4.110000e+002  1.882969e-001  0.000000e+000
 4.120000e+002  1.983580e-001  0.000000e+000
 4.130000e+002  2.529164e-001  0.000000e+000
 4.140000e+002  7.036265e-002  0.000000e+000
 4.150000e+002  9.792388e-002  0.000000e+000
 4.160000e+002  1.268911e-004  0.000000e+000
 4.170000e+002  1.122644e-001  0.000000e+000
 4.180000e+002  1.713977e-001  0.000000e+000
 4.190000e+002  1.493726e-001  0.000000e+000
 4.200000e+002  5.294243e-002  0.000000e+000
 4.210000e+002  7.027105e-002  0.000000e+000
 4.220000e+002  1.080818e-001  0.000000e+000
 4.230000e+002  1.791180e-001  0.000000e+000
 4.240000e+002  8.304463e-002  0.000000e+000
 4.250000e+002  3.705779e-001  0.000000e+000
 4.260000e+002  2.063288e-001  0.000000e+000
 4.270000e+002  2.730768e-002  0.000000e+000
 4.280000e+002  4.571558e-002  0.000000e+000
 4.290000e+002  1.071612e-001  0.000000e+000
 4.300000e+002  1.739891e-001  0.000000e+000
 4.310000e+002  2.367584e-002  0.000000e+000
 4.320000e+002  5.539170e-002  0.000000e+000
 4.330000e+002  2.190396e-002  0.000000e+000
 4.340000e+002  1.211741e-001  0.000000e+000
 4.350000e+002  1.734218e-003  0.000000e+000
 4.360000e+002  1.990156e-002  0.000000e+000
 4.370000e+002  5.026147e-002  0.000000e+000
 4.380000e+002  3.788496e-003  0.000000e+000
 4.390000e+002  1.125154e-001  0.000000e+000
 4.400000e+002  6.668852e-002  0.000000e+000
 4.410000e+002  7.164584e-002  0.000000e+000
 4.420000e+002  1.499532e-001  0.000000e+000
 4.430000e+002  1.841045e-003  0.000000e+000
 4.440000e+002  2.165110e-001  0.000000e+000
 4.450000e+002  1.013869e-001  0.000000e+000
 4.460000e+002  2.070037e-001  0.000000e+000
 4.470000e+002  6.482407e-002  0.000000e+000
 4.480000e+002  4.722171e-002  0.000000e+000
 4.490000e+002  1.385083e-001  0.000000e+000
 4.500000e+002  5.197553e-002  0.000000e+000
 4.510000e+002  2.253017e-002  0.000000e+000
 4.520000e+002  7.128041e-003  0.000000e+000
 4.530000e+002  1.601003e-001  0.000000e+000
 4.540000e+002  1.005304e-001  0.000000e+000
 4.550000e+002  9.381606e-002  0.000000e+000
 4.560000e+002  4.861103e-002  0.000000e+000
 4.570000e+002  5.444673e-002  0.000000e+000
 4.580000e+002  6.043665e-002  0.000000e+000
 4.590000e+002  8.707420e-002  0.000000e+000
 4.600000e+002  5.928892e-002  0.000000e+000
 4.610000e+002  8.894298e-002  0.000000e+000
 4.620000e+002  4.252018e-002  0.000000e+000
 4.630000e+002  3.565041e-002  0.000000e+000
 4.640000e+002  4.103347e-002  0.000000e+000
 4.650000e+002  7.271028e-003  0.000000e+000
 4.660000e+002  1.803358e-001  0.000000e+000
 4.670000e+002  1.748010e-001  0.000000e+000
 4.680000e+002  2.715436e-001  0.000000e+000
 4.690000e+002  2.531955e-001  0.000000e+000
 4.700000e+002  2.069218e-001  0.000000e+000
 4.710000e+002  1.438067e-001  0.000000e+000
 4.720000e+002  2.103573e-001  0.000000e+000
 4.730000e+002  1.397507e-001  0.000000e+000
 4.740000e+002  3.897049e-001  0.000000e+000
 4.750000e+002  1.383689e-001  0.000000e+000
 4.760000e+002  1.260650e-001  0.000000e+000
 4.770000e+002  3.142483e-001  0.000000e+000
 4.780000e+002  1.012119e-001  0.000000e+000
 4.790000e+002  3.629831e-002  0.000000e+000
 4.800000e+002  1.024071e-001  0.000000e+000
 4.810000e+002  3.695693e-001  0.000000e+000
 4.820000e+002  1.069562e-003  0.000000e+000
 4.830000e+002  2.189458e-001  0.000000e+000
 4.840000e+002  2.678070e-001  0.000000e+000
 4.850000e+002  3.949562e-002  0.000000e+000
 4.860000e+002  1.683118e-001  0.000000e+000
 4.870000e+002  4.213789e-002  0.000000e+000
 4.880000e+002  9.878954e-002  0.000000e+000
 4.890000e+002  2.364729e-001  0.000000e+000
 4.900000e+002  9.083340e-002  0.000000e+000
 4.910000e+002  1.661458e-001  0.000000e+000
 4.920000e+002  2.601876e-001  0.000000e+000
 4.930000e+002  2.273912e-001  0.000000e+000
 4.940000e+002  5.156435e-002  0.000000e+000
 4.950000e+002  3.794299e-002  0.000000e+000
 4.960000e+002  1.557890e-002  0.000000e+000
 4.970000e+002  2.710346e-002  0.000000e+000
 4.980000e+002  2.684294e-002  0.000000e+000
 4.990000e+002  1.106791e-001  0.000000e+000
 5.000000e+002  1.581367e-001  0.000000e+000
 5.010000e+002  1.317144e-001  0.000000e+000
 5.020000e+002  1.090682e-001  0.000000e+000
 5.030000e+002  1.627528e-001  0.000000e+000
 5.040000e+002  1.641806e-001  0.000000e+000
 5.050000e+002  8.439714e-002  0.000000e+000
 5.060000e+002  4.202845e-002  0.000000e+000
 5.070000e+002  1.518019e-001  0.000000e+000
 5.080000e+002  2.265757e-001  0.000000e+000
 5.090000e+002  5.615731e-002  0.000000e+000
 5.100000e+002  7.240404e-002  0.000000e+000
 5.110000e+002  2.038451e-001  0.000000e+000
 5.120000e+002  2.684065e-001  0.000000e+000
