 0.000000e+000 -1.828331e-006  0.000000e+000
 1.000000e+000 -1.835237e-006 -1.187947e-006
 2.000000e+000 -2.243032e-006 -6.043781e-007
 3.000000e+000 -2.392732e-006 -3.412805e-007
 4.000000e+000 -2.617712e-006  2.333909e-007
 5.000000e+000 -2.416189e-006  4.112880e-008
 6.000000e+000 -2.509572e-006  3.815734e-007
 7.000000e+000 -2.851960e-006  2.695940e-007
 8.000000e+000 -2.997923e-006  3.345659e-007
 9.000000e+000 -3.032640e-006  4.664572e-007
 1.000000e+001 -3.112527e-006  6.117215e-007
 1.100000e+001 -3.413630e-006  7.781584e-007
 1.200000e+001 -3.452234e-006  8.591386e-007
 1.300000e+001 -3.622763e-006  1.270813e-006
 1.400000e+001 -3.540768e-006  1.428705e-006
 1.500000e+001  2.060128e-005 -9.528452e-006
 1.600000e+001 -6.324462e-006  1.470295e-006
 1.700000e+001 -6.658756e-006  2.338250e-006
 1.800000e+001 -7.927542e-006  2.638288e-006
 1.900000e+001 -1.014494e-005  3.663821e-006
 2.000000e+001 -1.403377e-005  6.006299e-006
 2.100000e+001 -2.468435e-005  1.126179e-005
 2.200000e+001 -8.081799e-005  9.595720e-005
 2.300000e+001  4.308485e-005 -1.325735e-005
 2.400000e+001  1.728984e-005 -6.701639e-006
 2.500000e+001  1.085313e-005 -4.619341e-006
 2.600000e+001  7.773847e-006 -3.468484e-006
 2.700000e+001  5.917270e-006 -2.773850e-006
 2.800000e+001  5.020943e-006 -2.650340e-006
 2.900000e+001  4.249526e-006 -2.012233e-006
 3.000000e+001  6.043090e-006  1.216661e-006
 3.100000e+001  2.757565e-006 -1.516285e-006
 3.200000e+001  2.608342e-006 -1.473865e-006
 3.300000e+001  2.353406e-006 -1.389227e-006
 3.400000e+001  2.023268e-006 -1.292718e-006
 3.500000e+001  1.756796e-006 -1.137551e-006
 3.600000e+001  1.557345e-006 -1.115038e-006
 3.700000e+001  1.430155e-006 -1.047155e-006
 3.800000e+001  1.333498e-006 -1.068555e-006
 3.900000e+001  1.133277e-006 -9.168837e-007
 4.000000e+001  9.311788e-007 -9.879678e-007
 4.100000e+001  8.376571e-007 -8.952665e-007
 4.200000e+001  7.005375e-007 -1.067890e-006
 4.300000e+001  7.766244e-007 -1.054697e-006
 4.400000e+001  3.440316e-008 -1.393252e-006
 4.500000e+001 -7.534278e-006 -1.337269e-006
 4.600000e+001  1.888927e-006  7.643098e-007
 4.700000e+001  1.223410e-006  1.672248e-007
 4.800000e+001  9.369587e-007  1.992584e-008
 4.900000e+001  7.476417e-007  2.390589e-008
 5.000000e+001  7.414060e-007 -8.736701e-008
 5.100000e+001  7.039498e-007 -1.333829e-007
 5.200000e+001  6.459227e-007 -4.338002e-008
 5.300000e+001  5.179806e-007 -2.027951e-007
 5.400000e+001  4.775854e-007 -2.241229e-007
 5.500000e+001  3.360486e-007 -1.122477e-007
 5.600000e+001  3.729150e-007 -1.342245e-007
 5.700000e+001  3.333989e-007 -8.472035e-008
 5.800000e+001  3.664416e-007 -2.791891e-007
 5.900000e+001  6.093665e-008 -1.107328e-007
 6.000000e+001  7.044190e-008 -7.267044e-007
 6.100000e+001 -8.008104e-008 -8.709634e-008
 6.200000e+001 -1.595364e-007 -1.441203e-007
 6.300000e+001 -2.257435e-007 -3.458395e-008
 6.400000e+001 -2.457311e-007 -4.412135e-008
 6.500000e+001 -3.672619e-007 -1.120643e-007
 6.600000e+001 -4.731629e-007 -1.236002e-007
 6.700000e+001 -5.925824e-007  3.390302e-008
 6.800000e+001 -8.333261e-007  7.643982e-008
 6.900000e+001 -9.817639e-007  9.893269e-008
 7.000000e+001 -1.262596e-006 -1.448897e-007
 7.100000e+001 -1.959631e-006 -1.607099e-007
 7.200000e+001 -2.396244e-006  8.837748e-007
 7.300000e+001 -2.997017e-006  7.906336e-007
 7.400000e+001 -2.310579e-006  5.218609e-007
 7.500000e+001 -1.856338e-006 -1.540568e-007
 7.600000e+001 -3.610120e-006  7.423246e-007
 7.700000e+001 -6.476917e-006  1.214640e-006
 7.800000e+001 -1.292206e-005  3.498555e-006
 7.900000e+001 -1.338012e-005  5.399497e-005
 8.000000e+001  1.601161e-005  4.052331e-006
 8.100000e+001  8.373924e-006  1.254016e-006
 8.200000e+001  5.655382e-006  3.963685e-007
 8.300000e+001  4.564364e-006  4.047924e-007
 8.400000e+001  3.639936e-006  3.777532e-007
 8.500000e+001  3.172217e-006  2.854823e-007
 8.600000e+001  2.711157e-006  3.332026e-007
 8.700000e+001  2.554124e-006  2.994359e-007
 8.800000e+001  2.131080e-006 -2.794972e-008
 8.900000e+001  2.078980e-006  1.401232e-007
 9.000000e+001  2.272208e-006  3.962926e-007
 9.100000e+001  1.637644e-006  2.037926e-007
 9.200000e+001  1.721153e-006  1.297812e-007
 9.300000e+001  1.565510e-006  1.694125e-007
 9.400000e+001  1.559755e-006  2.409628e-007
 9.500000e+001  1.419512e-006  2.161747e-007
 9.600000e+001  1.367569e-006  1.853605e-007
 9.700000e+001  1.392224e-006  1.698041e-007
 9.800000e+001  1.268299e-006  2.226536e-007
 9.900000e+001  1.295253e-006  1.801926e-007
 1.000000e+002  1.302037e-006  1.020374e-007
 1.010000e+002  1.170267e-006  5.659796e-008
 1.020000e+002  1.205240e-006  2.700598e-007
 1.030000e+002  1.635238e-006  3.294718e-007
 1.040000e+002  1.552389e-006  4.843105e-007
 1.050000e+002  2.900579e-006  5.826849e-007
 1.060000e+002  7.919391e-007 -1.607405e-007
 1.070000e+002  1.102475e-006  2.206831e-007
 1.080000e+002  1.197002e-006 -3.262078e-008
 1.090000e+002  1.338927e-006 -2.961848e-007
 1.100000e+002  4.616597e-007 -3.837986e-007
 1.110000e+002  1.741445e-007 -2.003093e-007
 1.120000e+002  3.997056e-007  1.694900e-010
 1.130000e+002  4.131161e-007  6.539418e-008
 1.140000e+002  5.171883e-007  8.952079e-008
 1.150000e+002  4.308978e-007  9.334247e-008
 1.160000e+002  6.551713e-007  3.070915e-007
 1.170000e+002  5.980509e-007  2.042302e-007
 1.180000e+002  3.536864e-007  2.443521e-007
 1.190000e+002  3.321250e-007  2.535262e-007
 1.200000e+002  3.286583e-007  3.795954e-007
 1.210000e+002  4.599455e-007  2.612433e-007
 1.220000e+002  6.264212e-007  2.646763e-007
 1.230000e+002  4.868645e-007  2.509790e-007
 1.240000e+002  4.338663e-007  3.178674e-007
 1.250000e+002  4.564168e-007  1.247056e-007
 1.260000e+002  4.169224e-007  1.792220e-007
 1.270000e+002  3.617908e-007  1.637273e-007
 1.280000e+002  4.277590e-007  1.607628e-007
 1.290000e+002  3.519964e-007  1.546395e-007
 1.300000e+002  4.753423e-007  1.980717e-007
 1.310000e+002  3.952590e-007  9.944267e-008
 1.320000e+002  3.846059e-007  6.443558e-008
 1.330000e+002  3.505972e-007  9.151258e-008
 1.340000e+002  5.591923e-007 -4.587535e-008
 1.350000e+002 -1.458994e-007  1.245142e-007
 1.360000e+002  5.427554e-007  7.121165e-007
 1.370000e+002  3.342258e-007  5.340728e-007
 1.380000e+002  3.654327e-007  3.506960e-007
 1.390000e+002  3.079028e-007  3.100246e-007
 1.400000e+002  3.229564e-007  2.858519e-007
 1.410000e+002  3.767450e-007  2.466235e-007
 1.420000e+002  2.746090e-007  2.688610e-007
 1.430000e+002  3.657041e-007  2.383629e-007
 1.440000e+002  2.668567e-007  2.554050e-007
 1.450000e+002  2.720496e-007  2.821216e-007
 1.460000e+002  2.925691e-007  1.912697e-007
 1.470000e+002  2.302738e-007  1.886391e-007
 1.480000e+002  2.315946e-007  1.089820e-007
 1.490000e+002  1.804867e-007  1.254879e-007
 1.500000e+002  1.252203e-007 -6.567040e-007
 1.510000e+002  3.452088e-007  3.791675e-007
 1.520000e+002  2.216142e-007  3.282493e-007
 1.530000e+002  2.699378e-007  2.280152e-007
 1.540000e+002  3.345948e-007  2.516281e-007
 1.550000e+002  2.576673e-007  2.615781e-007
 1.560000e+002  2.845567e-007  2.675495e-007
 1.570000e+002  3.031193e-007  1.932060e-007
 1.580000e+002  2.567761e-007  2.635491e-007
 1.590000e+002  3.624797e-007  2.308288e-007
 1.600000e+002  2.805787e-007  2.276497e-007
 1.610000e+002  3.190815e-007  2.734952e-007
 1.620000e+002  4.025874e-007  3.045638e-007
 1.630000e+002  4.575791e-007  3.126027e-007
 1.640000e+002  6.528928e-007  4.010117e-007
 1.650000e+002  4.639071e-006  2.221914e-006
 1.660000e+002 -7.309180e-007 -4.103792e-007
 1.670000e+002 -2.700459e-007 -1.068793e-008
 1.680000e+002 -1.219356e-007 -2.944466e-008
 1.690000e+002 -2.125025e-010  7.589640e-009
 1.700000e+002 -8.919900e-008  5.338306e-008
 1.710000e+002  3.870207e-008  5.858680e-009
 1.720000e+002  4.377399e-008  8.871605e-008
 1.730000e+002 -1.219539e-008  6.915090e-008
 1.740000e+002 -2.831503e-009  8.268619e-008
 1.750000e+002  8.218903e-008  1.336099e-007
 1.760000e+002 -2.358158e-008  9.402766e-008
 1.770000e+002  6.816022e-008  9.532745e-008
 1.780000e+002 -4.206515e-008  1.728549e-007
 1.790000e+002  5.112698e-008  1.040791e-007
 1.800000e+002  3.498147e-008  5.102369e-007
 1.810000e+002  4.988062e-008  7.553169e-008
 1.820000e+002  9.434124e-008  4.563864e-008
 1.830000e+002  7.930607e-008  2.391696e-008
 1.840000e+002  1.344845e-007 -4.999827e-008
 1.850000e+002 -2.533888e-008  3.834050e-008
 1.860000e+002  1.331458e-007  1.384840e-007
 1.870000e+002  5.179219e-008 -4.962508e-008
 1.880000e+002 -7.126449e-009 -3.810677e-008
 1.890000e+002  8.199528e-008 -3.456135e-008
 1.900000e+002  6.949047e-008 -4.809316e-008
 1.910000e+002 -1.298716e-008  5.888665e-008
 1.920000e+002  2.619225e-008 -5.897230e-009
 1.930000e+002  1.794500e-007 -6.326300e-008
 1.940000e+002  2.414550e-007 -2.943651e-007
 1.950000e+002 -2.468082e-006  1.043099e-006
 1.960000e+002 -4.555392e-007 -1.697982e-008
 1.970000e+002  4.321303e-008  2.365570e-007
 1.980000e+002 -1.045406e-008  2.285064e-008
 1.990000e+002  4.357444e-008  9.673101e-008
 2.000000e+002  3.892377e-008 -4.086085e-008
 2.010000e+002  2.211501e-008  2.596859e-008
 2.020000e+002 -7.628311e-009 -1.032867e-008
 2.030000e+002  7.512673e-008  5.212178e-008
 2.040000e+002  5.809859e-008  3.525002e-008
 2.050000e+002  5.777304e-008  1.158361e-008
 2.060000e+002  8.996180e-008 -8.217408e-008
 2.070000e+002  1.770886e-008 -7.084654e-008
 2.080000e+002 -2.027697e-008 -4.267525e-008
 2.090000e+002  7.645617e-008 -4.697652e-008
 2.100000e+002  9.663856e-008 -1.077198e-006
 2.110000e+002  1.404580e-007  2.565043e-007
 2.120000e+002 -2.254520e-008  1.090781e-007
 2.130000e+002  5.422429e-008  5.806045e-008
 2.140000e+002  1.018807e-007 -6.240322e-008
 2.150000e+002  1.475643e-008 -2.047434e-008
 2.160000e+002  5.384519e-008 -2.657451e-008
 2.170000e+002  1.895173e-007  7.158557e-008
 2.180000e+002 -1.494959e-008  2.160772e-008
 2.190000e+002  1.888845e-008 -7.099818e-008
 2.200000e+002  1.226175e-007 -1.373135e-007
 2.210000e+002  5.016383e-008 -3.872718e-008
 2.220000e+002  6.735281e-008 -5.204275e-008
 2.230000e+002 -1.938724e-007 -5.671300e-008
 2.240000e+002  8.730655e-008 -2.962958e-007
 2.250000e+002 -1.033884e-006  6.305373e-007
 2.260000e+002  6.769137e-007  8.026792e-007
 2.270000e+002  2.990879e-007  1.161453e-007
 2.280000e+002  1.632481e-007  1.215518e-007
 2.290000e+002  1.419707e-007  1.474752e-008
 2.300000e+002  1.538736e-007  4.883740e-008
 2.310000e+002  1.924210e-007 -2.391455e-008
 2.320000e+002  1.389721e-007  7.740191e-008
 2.330000e+002  3.140636e-007  1.334943e-008
 2.340000e+002  2.333044e-007  3.912603e-008
 2.350000e+002  3.294441e-007 -2.352327e-008
 2.360000e+002  3.532782e-007 -1.858493e-008
 2.370000e+002  3.248449e-007 -1.709618e-007
 2.380000e+002  3.931761e-007 -1.494278e-007
 2.390000e+002  1.649165e-007 -3.876292e-007
 2.400000e+002  7.077034e-007 -3.871339e-007
 2.410000e+002  7.105380e-008 -3.686724e-008
 2.420000e+002 -2.934855e-009 -1.797480e-007
 2.430000e+002 -9.117748e-008 -1.674073e-007
 2.440000e+002  5.961537e-008 -6.645229e-008
 2.450000e+002  1.384689e-007 -1.144166e-007
 2.460000e+002  1.490789e-007  1.030043e-008
 2.470000e+002  1.175300e-007 -1.394151e-007
 2.480000e+002  1.527123e-007 -1.595696e-007
 2.490000e+002  2.204494e-007 -2.003955e-007
 2.500000e+002  3.266258e-007 -1.935707e-007
 2.510000e+002  2.282475e-007 -2.143241e-007
 2.520000e+002 -1.573689e-007 -1.648373e-007
 2.530000e+002  9.591448e-009 -2.303799e-007
 2.540000e+002 -1.481363e-007 -6.132219e-008
 2.550000e+002 -2.428299e-008  4.643613e-007
 2.560000e+002  7.057999e-009 -1.051827e-006
 2.570000e+002  1.896418e-008 -3.450951e-007
 2.580000e+002  9.545263e-008 -2.885551e-007
 2.590000e+002  1.186195e-007 -1.653400e-007
 2.600000e+002  6.505446e-008 -1.640286e-007
 2.610000e+002  5.175834e-008 -9.337434e-008
 2.620000e+002  3.940141e-008 -2.123197e-007
 2.630000e+002  9.052848e-008 -2.445691e-007
 2.640000e+002  1.437338e-007 -1.942969e-007
 2.650000e+002  1.285050e-007 -1.281689e-007
 2.660000e+002  7.526783e-008 -1.963662e-007
 2.670000e+002  2.569061e-008 -5.991206e-008
 2.680000e+002  1.019258e-007 -7.511496e-008
 2.690000e+002  2.106981e-007 -5.161998e-008
 2.700000e+002  2.572979e-007 -2.596270e-007
 2.710000e+002  3.453680e-007 -4.188681e-007
 2.720000e+002  1.292117e-007 -1.823383e-007
 2.730000e+002  6.190098e-008 -6.220102e-008
 2.740000e+002  1.501223e-007 -1.397000e-007
 2.750000e+002  1.094056e-007 -9.615382e-008
 2.760000e+002  1.351689e-007 -8.942169e-008
 2.770000e+002  5.264481e-008 -7.510486e-008
 2.780000e+002  1.188255e-007 -3.493349e-008
 2.790000e+002  1.289781e-007  1.261562e-008
 2.800000e+002  8.000803e-008 -3.305696e-009
 2.810000e+002  1.310235e-007 -1.659226e-007
 2.820000e+002  1.182792e-007  1.084205e-008
 2.830000e+002  1.464710e-007 -9.493752e-008
 2.840000e+002 -4.490253e-008 -3.096350e-007
 2.850000e+002 -6.614374e-007 -1.453381e-006
 2.860000e+002  1.192853e-006  3.170049e-007
 2.870000e+002  3.049585e-007 -1.872858e-007
 2.880000e+002  2.808274e-007 -4.492233e-008
 2.890000e+002  3.178716e-007 -3.089916e-008
 2.900000e+002  3.835157e-007 -7.591774e-009
 2.910000e+002  3.181938e-007 -7.869438e-008
 2.920000e+002  3.024489e-007  7.497908e-008
 2.930000e+002  3.632103e-007 -3.778805e-008
 2.940000e+002  3.206185e-007 -7.734121e-008
 2.950000e+002  4.522122e-007 -5.648579e-008
 2.960000e+002  3.846655e-007 -1.841278e-007
 2.970000e+002  3.612955e-007  9.007329e-009
 2.980000e+002  4.358640e-007 -9.788715e-008
 2.990000e+002  3.797584e-007  2.242089e-008
 3.000000e+002 -3.296212e-007  2.106296e-007
 3.010000e+002  4.753579e-007 -1.517452e-007
 3.020000e+002  2.697674e-007  4.809203e-008
 3.030000e+002  3.547833e-007 -9.081195e-008
 3.040000e+002  3.199874e-007 -5.278522e-008
 3.050000e+002  2.706616e-007 -5.713088e-008
 3.060000e+002  4.515954e-007 -1.247919e-007
 3.070000e+002  2.477726e-007 -2.190209e-008
 3.080000e+002  3.655549e-007 -7.595456e-008
 3.090000e+002  3.646124e-007 -2.040999e-008
 3.100000e+002  4.151647e-007 -5.687633e-009
 3.110000e+002  3.754584e-007 -1.021854e-007
 3.120000e+002  3.573108e-007  1.418447e-008
 3.130000e+002  1.144796e-007 -1.157772e-007
 3.140000e+002  4.211257e-007  1.510146e-007
 3.150000e+002 -8.583192e-007 -1.004596e-006
 3.160000e+002 -7.708905e-007 -4.702812e-007
 3.170000e+002  6.377691e-007 -2.843394e-007
 3.180000e+002  4.521768e-007 -2.162594e-007
 3.190000e+002  3.923137e-007 -8.507029e-008
 3.200000e+002  5.078384e-007 -1.959642e-007
 3.210000e+002  3.321731e-007 -9.716215e-008
 3.220000e+002  4.046839e-007 -2.628904e-007
 3.230000e+002  3.690382e-007 -2.693041e-007
 3.240000e+002  2.741734e-007 -3.235488e-007
 3.250000e+002  3.492755e-007 -3.833844e-007
 3.260000e+002  2.502200e-007 -2.740362e-008
 3.270000e+002  3.554284e-007 -1.354433e-007
 3.280000e+002  2.422007e-007 -9.219704e-008
 3.290000e+002  3.531268e-007 -1.521065e-007
 3.300000e+002  2.933487e-008 -5.396359e-008
 3.310000e+002  2.245315e-007 -2.126441e-007
 3.320000e+002  2.549292e-007 -8.730693e-008
 3.330000e+002  2.178999e-007 -1.067880e-007
 3.340000e+002  6.537518e-008 -2.028617e-007
 3.350000e+002  3.215021e-007 -2.506164e-007
 3.360000e+002  1.051474e-007 -1.091924e-007
 3.370000e+002  1.864500e-007 -1.663901e-007
 3.380000e+002  6.282548e-008 -1.567838e-007
 3.390000e+002  1.301168e-007 -1.858056e-007
 3.400000e+002  2.753792e-007 -6.018866e-008
 3.410000e+002  1.708161e-007 -1.393443e-007
 3.420000e+002  2.649125e-007 -4.808887e-008
 3.430000e+002  1.544652e-007 -1.778273e-008
 3.440000e+002  2.382710e-007  2.410102e-007
 3.450000e+002  4.348894e-007 -1.158126e-007
 3.460000e+002 -4.639418e-007 -3.439479e-007
 3.470000e+002 -2.457510e-008 -3.644613e-007
 3.480000e+002 -5.423368e-008 -7.485178e-008
 3.490000e+002  1.635653e-008  5.231790e-008
 3.500000e+002  4.703326e-008 -1.385323e-007
 3.510000e+002 -1.254377e-007  5.743308e-008
 3.520000e+002  1.715057e-008  8.751264e-008
 3.530000e+002  1.289788e-008  2.454492e-008
 3.540000e+002 -6.513625e-008 -4.656346e-009
 3.550000e+002 -2.693313e-008  5.699549e-008
 3.560000e+002  2.075786e-008  2.232633e-007
 3.570000e+002  1.696289e-007  1.005985e-007
 3.580000e+002  9.878769e-008  1.134459e-007
 3.590000e+002  1.628314e-007  4.702253e-008
 3.600000e+002  6.317432e-008  7.468631e-007
 3.610000e+002  5.305244e-007  6.840005e-007
 3.620000e+002 -4.939749e-008  6.180304e-009
 3.630000e+002  6.817641e-008  1.408213e-007
 3.640000e+002  9.943558e-009  2.093722e-007
 3.650000e+002  1.074780e-007  1.579097e-007
 3.660000e+002  1.170348e-007  3.235496e-007
 3.670000e+002  3.019800e-008  2.018291e-007
 3.680000e+002  1.468964e-007  1.720711e-007
 3.690000e+002  1.128442e-007  1.308063e-007
 3.700000e+002  1.587410e-007  1.931945e-007
 3.710000e+002  1.216005e-007  1.731962e-007
 3.720000e+002  1.157842e-007  6.208078e-008
 3.730000e+002  1.702639e-008  9.647908e-008
 3.740000e+002  4.609036e-007  4.167051e-007
 3.750000e+002  6.387416e-007  1.100831e-006
 3.760000e+002 -6.061570e-007 -5.510063e-007
 3.770000e+002 -2.798249e-008 -1.587320e-007
 3.780000e+002 -1.280283e-007  1.745103e-009
 3.790000e+002 -1.718146e-007  7.041237e-009
 3.800000e+002 -5.865863e-008 -1.098983e-007
 3.810000e+002  3.909399e-008 -6.090560e-008
 3.820000e+002 -6.994761e-008  3.780590e-009
 3.830000e+002 -1.128657e-007 -4.066891e-008
 3.840000e+002 -8.862664e-008  5.568452e-008
 3.850000e+002 -5.364008e-008  6.437133e-008
 3.860000e+002 -1.740562e-007  6.451106e-008
 3.870000e+002 -2.935774e-008 -1.251143e-007
 3.880000e+002  1.466286e-007 -1.065494e-007
 3.890000e+002 -8.793041e-008  1.342901e-007
 3.900000e+002  2.933219e-008  1.607765e-007
 3.910000e+002 -6.871397e-008  1.474500e-007
 3.920000e+002 -1.573703e-007 -1.300917e-007
 3.930000e+002  1.668286e-007  4.891558e-008
 3.940000e+002  2.073856e-008  6.510740e-008
 3.950000e+002 -1.967667e-007  4.461976e-007
 3.960000e+002 -1.134711e-008  1.252204e-007
 3.970000e+002  6.980517e-008  1.891994e-007
 3.980000e+002 -1.846429e-008  1.824739e-007
 3.990000e+002 -1.383639e-007  3.235920e-008
 4.000000e+002 -8.735802e-008  9.268840e-008
 4.010000e+002 -2.676826e-007  3.333908e-008
 4.020000e+002  3.751264e-008  1.047464e-007
 4.030000e+002  3.115665e-007  5.681968e-008
 4.040000e+002  1.346430e-007 -1.517139e-007
 4.050000e+002  8.433446e-007 -7.608904e-008
 4.060000e+002  1.059608e-006  5.544955e-007
 4.070000e+002 -1.324199e-006  2.182233e-007
 4.080000e+002 -3.647682e-007 -1.889178e-007
 4.090000e+002 -2.023266e-007 -6.996986e-008
 4.100000e+002 -2.241825e-007  7.632963e-008
 4.110000e+002 -4.050488e-007 -8.377664e-008
 4.120000e+002 -3.140539e-007 -2.179916e-008
 4.130000e+002 -4.922300e-007 -1.230420e-007
 4.140000e+002 -2.030547e-007  7.950698e-008
 4.150000e+002 -2.445288e-007 -3.466896e-008
 4.160000e+002  8.425528e-009 -5.096388e-009
 4.170000e+002 -1.132383e-007  2.127384e-007
 4.180000e+002 -3.551364e-007  3.264870e-007
 4.190000e+002 -3.263746e-007  3.469948e-008
 4.200000e+002 -4.444648e-007 -5.225920e-008
 4.210000e+002 -2.154920e-007 -1.192408e-008
 4.220000e+002 -3.249654e-007 -3.368420e-007
 4.230000e+002 -3.527875e-007 -1.406508e-007
 4.240000e+002 -2.643461e-007 -3.707484e-008
 4.250000e+002 -5.309941e-007 -1.277879e-007
 4.260000e+002 -4.073147e-007 -5.151178e-008
 4.270000e+002 -1.067218e-007  1.277203e-007
 4.280000e+002 -2.033288e-007  7.368099e-008
 4.290000e+002 -2.909678e-007  1.189495e-008
 4.300000e+002 -3.550056e-007  9.159686e-008
 4.310000e+002 -1.418933e-007 -4.558071e-008
 4.320000e+002 -2.053446e-007  4.532033e-008
 4.330000e+002 -1.868139e-007 -3.738434e-008
 4.340000e+002 -6.863113e-007 -3.033034e-008
 4.350000e+002  2.000483e-007  3.264728e-009
 4.360000e+002 -5.536764e-007  2.791116e-007
 4.370000e+002 -6.475707e-008 -3.292772e-007
 4.380000e+002 -7.116006e-008 -6.796284e-009
 4.390000e+002  2.555543e-007 -1.617148e-007
 4.400000e+002 -9.444478e-008 -2.497487e-007
 4.410000e+002 -2.051546e-007 -1.356969e-007
 4.420000e+002 -1.322501e-007 -3.386778e-007
 4.430000e+002 -2.487637e-008  2.181068e-008
 4.440000e+002 -2.164187e-007 -3.441108e-007
 4.450000e+002 -2.548268e-007  3.491072e-008
 4.460000e+002 -3.681032e-007 -8.207850e-008
 4.470000e+002 -1.668049e-007  3.750452e-008
 4.480000e+002  2.089336e-008 -1.836406e-007
 4.490000e+002 -2.902637e-007 -2.738328e-007
 4.500000e+002  2.600923e-007 -1.249737e-007
 4.510000e+002 -1.177364e-007 -1.843273e-007
 4.520000e+002  1.495868e-007 -4.132024e-008
 4.530000e+002  2.097295e-007 -4.151313e-007
 4.540000e+002  8.479774e-008 -2.339567e-007
 4.550000e+002 -6.100926e-008 -2.830446e-007
 4.560000e+002 -6.685277e-008 -1.537713e-007
 4.570000e+002 -1.154410e-007 -2.058507e-007
 4.580000e+002  5.475530e-008 -1.881784e-007
 4.590000e+002 -3.978382e-008 -2.273389e-007
 4.600000e+002 -1.257405e-007 -1.659666e-007
 4.610000e+002  4.413029e-008 -1.857241e-007
 4.620000e+002 -1.506297e-007  6.846207e-008
 4.630000e+002  1.867247e-007 -2.242969e-008
 4.640000e+002  5.884697e-008 -2.449871e-007
 4.650000e+002 -1.298204e-007  1.664368e-007
 4.660000e+002 -5.298588e-007 -1.137419e-006
 4.670000e+002  1.413352e-006  5.164591e-007
 4.680000e+002 -2.485626e-007 -4.690245e-007
 4.690000e+002 -1.731793e-007 -4.274750e-007
 4.700000e+002 -7.093931e-008 -4.226267e-007
 4.710000e+002 -1.021896e-007 -3.000263e-007
 4.720000e+002 -5.773811e-008 -3.465310e-007
 4.730000e+002 -1.030282e-008 -3.285473e-007
 4.740000e+002 -1.742411e-007 -4.857635e-007
 4.750000e+002  1.232148e-008 -2.824650e-007
 4.760000e+002  5.472675e-008 -3.036265e-007
 4.770000e+002 -4.704898e-008 -4.240792e-007
 4.780000e+002 -2.051951e-008 -2.660649e-007
 4.790000e+002  1.211503e-008 -1.728812e-007
 4.800000e+002 -1.592468e-008 -3.354243e-007
 4.810000e+002  1.106653e-007 -6.588654e-007
 4.820000e+002 -5.408557e-009  2.247789e-008
 4.830000e+002  1.398035e-007 -3.784922e-007
 4.840000e+002  2.489481e-007 -2.519435e-007
 4.850000e+002 -5.292862e-008 -1.986164e-007
 4.860000e+002  1.419631e-007 -2.228363e-007
 4.870000e+002  2.086692e-008 -1.323204e-007
 4.880000e+002  8.148712e-008 -2.014568e-007
 4.890000e+002  2.548331e-007 -2.838770e-007
 4.900000e+002  1.050212e-007 -1.887447e-007
 4.910000e+002  8.802912e-008 -2.564849e-007
 4.920000e+002  1.390969e-007 -3.544588e-007
 4.930000e+002  2.060460e-007 -3.076818e-007
 4.940000e+002  1.056105e-007 -2.728611e-007
 4.950000e+002 -1.906685e-007 -3.537891e-007
 4.960000e+002  1.381460e-007  9.881288e-008
 4.970000e+002  2.617265e-007 -1.585293e-007
 4.980000e+002  7.789429e-008  1.313602e-007
 4.990000e+002  2.667414e-007 -2.458982e-007
 5.000000e+002  2.003701e-007 -1.220466e-007
 5.010000e+002  2.453196e-007  3.511661e-009
 5.020000e+002  1.378882e-007  1.332968e-007
 5.030000e+002  2.546097e-007 -7.111530e-008
 5.040000e+002  1.547095e-007 -1.646715e-007
 5.050000e+002  1.537783e-007 -5.365970e-008
 5.060000e+002  7.515028e-008 -7.019947e-008
 5.070000e+002  2.164263e-007 -8.296846e-008
 5.080000e+002  2.643168e-007 -1.293163e-007
 5.090000e+002  1.121801e-007 -3.997136e-008
 5.100000e+002  1.682461e-007 -4.748799e-008
 5.110000e+002  2.699637e-007  6.095677e-008
 5.120000e+002  3.894725e-007  3.998888e-010
