 0.000000e+000  9.986925e-001  0.000000e+000
 1.250000e-001  8.585965e-001  0.000000e+000
 2.500000e-001  9.235461e-001  0.000000e+000
 3.750000e-001  9.604442e-001  0.000000e+000
 5.000000e-001  9.707486e-001  0.000000e+000
 6.250000e-001  9.845799e-001  0.000000e+000
 7.500000e-001  9.811213e-001  0.000000e+000
 8.750000e-001  9.731905e-001  0.000000e+000
 1.000000e+000  9.796587e-001  0.000000e+000
 1.125000e+000  9.784773e-001  0.000000e+000
 1.250000e+000  9.856219e-001  0.000000e+000
 1.375000e+000  9.759480e-001  0.000000e+000
 1.500000e+000  9.730445e-001  0.000000e+000
 1.625000e+000  9.841053e-001  0.000000e+000
 1.750000e+000  9.759783e-001  0.000000e+000
 1.875000e+000  9.825747e-001  0.000000e+000
 2.000000e+000  9.771866e-001  0.000000e+000
 2.125000e+000  9.784596e-001  0.000000e+000
 2.250000e+000  9.766455e-001  0.000000e+000
 2.375000e+000  9.850102e-001  0.000000e+000
 2.500000e+000  9.770002e-001  0.000000e+000
 2.625000e+000  9.837536e-001  0.000000e+000
 2.750000e+000  9.791744e-001  0.000000e+000
 2.875000e+000  9.725649e-001  0.000000e+000
 3.000000e+000  9.671564e-001  0.000000e+000
 3.125000e+000  8.448033e-001  0.000000e+000
 3.250000e+000  6.597257e-001  0.000000e+000
 3.375000e+000  9.163336e-001  0.000000e+000
 3.500000e+000  9.478267e-001  0.000000e+000
 3.625000e+000  9.574131e-001  0.000000e+000
 3.750000e+000  9.727523e-001  0.000000e+000
 3.875000e+000  9.740753e-001  0.000000e+000
 4.000000e+000  9.787325e-001  0.000000e+000
 4.125000e+000  9.719527e-001  0.000000e+000
 4.250000e+000  9.785352e-001  0.000000e+000
 4.375000e+000  9.828655e-001  0.000000e+000
 4.500000e+000  9.790465e-001  0.000000e+000
 4.625000e+000  9.712406e-001  0.000000e+000
 4.750000e+000  9.760927e-001  0.000000e+000
 4.875000e+000  9.693223e-001  0.000000e+000
 5.000000e+000  9.767860e-001  0.000000e+000
 5.125000e+000  9.709954e-001  0.000000e+000
 5.250000e+000  9.761737e-001  0.000000e+000
 5.375000e+000  9.783962e-001  0.000000e+000
 5.500000e+000  9.827317e-001  0.000000e+000
 5.625000e+000  9.817528e-001  0.000000e+000
 5.750000e+000  9.794553e-001  0.000000e+000
 5.875000e+000  9.731192e-001  0.000000e+000
 6.000000e+000  9.064643e-001  0.000000e+000
 6.125000e+000  9.205654e-001  0.000000e+000
 6.250000e+000  9.704158e-001  0.000000e+000
 6.375000e+000  9.698687e-001  0.000000e+000
 6.500000e+000  9.733616e-001  0.000000e+000
 6.625000e+000  9.732919e-001  0.000000e+000
 6.750000e+000  9.756305e-001  0.000000e+000
 6.875000e+000  9.865670e-001  0.000000e+000
 7.000000e+000  9.769070e-001  0.000000e+000
 7.125000e+000  9.800903e-001  0.000000e+000
 7.250000e+000  9.847334e-001  0.000000e+000
 7.375000e+000  9.771281e-001  0.000000e+000
 7.500000e+000  9.802482e-001  0.000000e+000
 7.625000e+000  9.799742e-001  0.000000e+000
 7.750000e+000  9.799631e-001  0.000000e+000
 7.875000e+000  9.806580e-001  0.000000e+000
 8.000000e+000  9.840497e-001  0.000000e+000
 8.125000e+000  9.807074e-001  0.000000e+000
 8.250000e+000  9.799595e-001  0.000000e+000
 8.375000e+000  9.824641e-001  0.000000e+000
 8.500000e+000  9.831984e-001  0.000000e+000
 8.625000e+000  9.837400e-001  0.000000e+000
 8.750000e+000  9.835993e-001  0.000000e+000
 8.875000e+000  9.843113e-001  0.000000e+000
 9.000000e+000  9.854739e-001  0.000000e+000
 9.125000e+000  9.843589e-001  0.000000e+000
 9.250000e+000  9.843392e-001  0.000000e+000
 9.375000e+000  9.834427e-001  0.000000e+000
 9.500000e+000  9.823336e-001  0.000000e+000
 9.625000e+000  9.848973e-001  0.000000e+000
 9.750000e+000  9.879078e-001  0.000000e+000
 9.875000e+000  9.910708e-001  0.000000e+000
 1.000000e+001  9.861151e-001  0.000000e+000
 1.012500e+001  9.857938e-001  0.000000e+000
 1.025000e+001  9.795876e-001  0.000000e+000
 1.037500e+001  9.860885e-001  0.000000e+000
 1.050000e+001  9.865027e-001  0.000000e+000
 1.062500e+001  9.869078e-001  0.000000e+000
 1.075000e+001  9.868349e-001  0.000000e+000
 1.087500e+001  9.884575e-001  0.000000e+000
 1.100000e+001  9.868611e-001  0.000000e+000
 1.112500e+001  9.860533e-001  0.000000e+000
 1.125000e+001  9.918420e-001  0.000000e+000
 1.137500e+001  9.862641e-001  0.000000e+000
 1.150000e+001  9.858816e-001  0.000000e+000
 1.162500e+001  9.856631e-001  0.000000e+000
 1.175000e+001  9.915043e-001  0.000000e+000
 1.187500e+001  9.881989e-001  0.000000e+000
 1.200000e+001  9.887288e-001  0.000000e+000
 1.212500e+001  9.873939e-001  0.000000e+000
 1.225000e+001  9.888458e-001  0.000000e+000
 1.237500e+001  9.887519e-001  0.000000e+000
 1.250000e+001  9.905642e-001  0.000000e+000
 1.262500e+001  9.917650e-001  0.000000e+000
 1.275000e+001  9.910524e-001  0.000000e+000
 1.287500e+001  9.892215e-001  0.000000e+000
 1.300000e+001  9.889642e-001  0.000000e+000
 1.312500e+001  9.869511e-001  0.000000e+000
 1.325000e+001  9.916878e-001  0.000000e+000
 1.337500e+001  9.889312e-001  0.000000e+000
 1.350000e+001  9.866921e-001  0.000000e+000
 1.362500e+001  9.897999e-001  0.000000e+000
 1.375000e+001  9.898543e-001  0.000000e+000
 1.387500e+001  9.939115e-001  0.000000e+000
 1.400000e+001  9.929347e-001  0.000000e+000
 1.412500e+001  9.880264e-001  0.000000e+000
 1.425000e+001  9.875944e-001  0.000000e+000
 1.437500e+001  9.882692e-001  0.000000e+000
 1.450000e+001  9.927368e-001  0.000000e+000
 1.462500e+001  9.877266e-001  0.000000e+000
 1.475000e+001  9.891513e-001  0.000000e+000
 1.487500e+001  9.920564e-001  0.000000e+000
 1.500000e+001  9.924328e-001  0.000000e+000
 1.512500e+001  9.914472e-001  0.000000e+000
 1.525000e+001  9.892063e-001  0.000000e+000
 1.537500e+001  9.927164e-001  0.000000e+000
 1.550000e+001  9.929589e-001  0.000000e+000
 1.562500e+001  9.923409e-001  0.000000e+000
 1.575000e+001  9.932886e-001  0.000000e+000
 1.587500e+001  9.929012e-001  0.000000e+000
 1.600000e+001  9.892704e-001  0.000000e+000
 1.612500e+001  9.919009e-001  0.000000e+000
 1.625000e+001  9.918085e-001  0.000000e+000
 1.637500e+001  9.907214e-001  0.000000e+000
 1.650000e+001  9.911643e-001  0.000000e+000
 1.662500e+001  9.903018e-001  0.000000e+000
 1.675000e+001  9.895421e-001  0.000000e+000
 1.687500e+001  9.915394e-001  0.000000e+000
 1.700000e+001  9.932697e-001  0.000000e+000
 1.712500e+001  9.920451e-001  0.000000e+000
 1.725000e+001  9.912673e-001  0.000000e+000
 1.737500e+001  9.933196e-001  0.000000e+000
 1.750000e+001  9.922208e-001  0.000000e+000
 1.762500e+001  9.918845e-001  0.000000e+000
 1.775000e+001  9.920211e-001  0.000000e+000
 1.787500e+001  9.927314e-001  0.000000e+000
 1.800000e+001  9.927081e-001  0.000000e+000
 1.812500e+001  9.923215e-001  0.000000e+000
 1.825000e+001  9.929777e-001  0.000000e+000
 1.837500e+001  9.931974e-001  0.000000e+000
 1.850000e+001  9.908073e-001  0.000000e+000
 1.862500e+001  9.932232e-001  0.000000e+000
 1.875000e+001  9.928601e-001  0.000000e+000
 1.887500e+001  9.939958e-001  0.000000e+000
 1.900000e+001  9.926083e-001  0.000000e+000
 1.912500e+001  9.940804e-001  0.000000e+000
 1.925000e+001  9.931603e-001  0.000000e+000
 1.937500e+001  9.922734e-001  0.000000e+000
 1.950000e+001  9.935157e-001  0.000000e+000
 1.962500e+001  9.921625e-001  0.000000e+000
 1.975000e+001  9.941133e-001  0.000000e+000
 1.987500e+001  9.935746e-001  0.000000e+000
 2.000000e+001  9.935334e-001  0.000000e+000
 2.012500e+001  9.935540e-001  0.000000e+000
 2.025000e+001  9.933968e-001  0.000000e+000
 2.037500e+001  9.934360e-001  0.000000e+000
 2.050000e+001  9.939185e-001  0.000000e+000
 2.062500e+001  9.933301e-001  0.000000e+000
 2.075000e+001  9.932303e-001  0.000000e+000
 2.087500e+001  9.934009e-001  0.000000e+000
 2.100000e+001  9.936628e-001  0.000000e+000
 2.112500e+001  9.940854e-001  0.000000e+000
 2.125000e+001  9.941458e-001  0.000000e+000
 2.137500e+001  9.933556e-001  0.000000e+000
 2.150000e+001  9.942146e-001  0.000000e+000
 2.162500e+001  9.937616e-001  0.000000e+000
 2.175000e+001  9.942118e-001  0.000000e+000
 2.187500e+001  9.946052e-001  0.000000e+000
 2.200000e+001  9.946505e-001  0.000000e+000
 2.212500e+001  9.948595e-001  0.000000e+000
 2.225000e+001  9.868375e-001  0.000000e+000
 2.237500e+001  9.731068e-001  0.000000e+000
 2.250000e+001  9.897691e-001  0.000000e+000
 2.262500e+001  9.928051e-001  0.000000e+000
 2.275000e+001  9.926249e-001  0.000000e+000
 2.287500e+001  9.920815e-001  0.000000e+000
 2.300000e+001  9.923029e-001  0.000000e+000
 2.312500e+001  9.922604e-001  0.000000e+000
 2.325000e+001  9.923269e-001  0.000000e+000
 2.337500e+001  9.934175e-001  0.000000e+000
 2.350000e+001  9.929742e-001  0.000000e+000
 2.362500e+001  9.928024e-001  0.000000e+000
 2.375000e+001  9.931266e-001  0.000000e+000
 2.387500e+001  9.929312e-001  0.000000e+000
 2.400000e+001  9.929746e-001  0.000000e+000
 2.412500e+001  9.930918e-001  0.000000e+000
 2.425000e+001  9.936212e-001  0.000000e+000
 2.437500e+001  9.926608e-001  0.000000e+000
 2.450000e+001  9.935049e-001  0.000000e+000
 2.462500e+001  9.929351e-001  0.000000e+000
 2.475000e+001  9.927527e-001  0.000000e+000
 2.487500e+001  9.918720e-001  0.000000e+000
 2.500000e+001  9.925386e-001  0.000000e+000
 2.512500e+001  9.940006e-001  0.000000e+000
 2.525000e+001  9.922994e-001  0.000000e+000
 2.537500e+001  9.932175e-001  0.000000e+000
 2.550000e+001  9.942121e-001  0.000000e+000
 2.562500e+001  9.930657e-001  0.000000e+000
 2.575000e+001  9.933559e-001  0.000000e+000
 2.587500e+001  9.909209e-001  0.000000e+000
 2.600000e+001  9.932756e-001  0.000000e+000
 2.612500e+001  9.940044e-001  0.000000e+000
 2.625000e+001  9.910930e-001  0.000000e+000
 2.637500e+001  9.895689e-001  0.000000e+000
 2.650000e+001  9.908638e-001  0.000000e+000
 2.662500e+001  9.906984e-001  0.000000e+000
 2.675000e+001  9.940097e-001  0.000000e+000
 2.687500e+001  9.926825e-001  0.000000e+000
 2.700000e+001  9.921616e-001  0.000000e+000
 2.712500e+001  9.914908e-001  0.000000e+000
 2.725000e+001  9.927728e-001  0.000000e+000
 2.737500e+001  9.906328e-001  0.000000e+000
 2.750000e+001  9.924566e-001  0.000000e+000
 2.762500e+001  9.907895e-001  0.000000e+000
 2.775000e+001  9.915223e-001  0.000000e+000
 2.787500e+001  9.928471e-001  0.000000e+000
 2.800000e+001  9.891747e-001  0.000000e+000
 2.812500e+001  9.896520e-001  0.000000e+000
 2.825000e+001  9.913529e-001  0.000000e+000
 2.837500e+001  9.881485e-001  0.000000e+000
 2.850000e+001  9.899331e-001  0.000000e+000
 2.862500e+001  9.880907e-001  0.000000e+000
 2.875000e+001  9.893141e-001  0.000000e+000
 2.887500e+001  9.891982e-001  0.000000e+000
 2.900000e+001  9.904314e-001  0.000000e+000
 2.912500e+001  9.889458e-001  0.000000e+000
 2.925000e+001  9.902244e-001  0.000000e+000
 2.937500e+001  9.878859e-001  0.000000e+000
 2.950000e+001  9.857820e-001  0.000000e+000
 2.962500e+001  9.877323e-001  0.000000e+000
 2.975000e+001  9.845703e-001  0.000000e+000
 2.987500e+001  9.886544e-001  0.000000e+000
 3.000000e+001  9.854462e-001  0.000000e+000
 3.012500e+001  9.889638e-001  0.000000e+000
 3.025000e+001  9.839190e-001  0.000000e+000
 3.037500e+001  9.840294e-001  0.000000e+000
 3.050000e+001  9.879120e-001  0.000000e+000
 3.062500e+001  9.814430e-001  0.000000e+000
 3.075000e+001  9.846182e-001  0.000000e+000
 3.087500e+001  9.840723e-001  0.000000e+000
 3.100000e+001  9.859262e-001  0.000000e+000
 3.112500e+001  9.896492e-001  0.000000e+000
 3.125000e+001  9.796332e-001  0.000000e+000
 3.137500e+001  9.750673e-001  0.000000e+000
 3.150000e+001  9.810433e-001  0.000000e+000
 3.162500e+001  9.844922e-001  0.000000e+000
 3.175000e+001  9.805176e-001  0.000000e+000
 3.187500e+001  9.742140e-001  0.000000e+000
 3.200000e+001  9.772086e-001  0.000000e+000
 3.212500e+001  9.826084e-001  0.000000e+000
 3.225000e+001  9.771076e-001  0.000000e+000
 3.237500e+001  9.801965e-001  0.000000e+000
 3.250000e+001  9.790441e-001  0.000000e+000
 3.262500e+001  9.742526e-001  0.000000e+000
 3.275000e+001  9.762994e-001  0.000000e+000
 3.287500e+001  9.778288e-001  0.000000e+000
 3.300000e+001  9.646510e-001  0.000000e+000
 3.312500e+001  9.704543e-001  0.000000e+000
 3.325000e+001  9.741129e-001  0.000000e+000
 3.337500e+001  9.799458e-001  0.000000e+000
 3.350000e+001  9.774203e-001  0.000000e+000
 3.362500e+001  9.764964e-001  0.000000e+000
 3.375000e+001  9.703549e-001  0.000000e+000
 3.387500e+001  9.772347e-001  0.000000e+000
 3.400000e+001  9.711175e-001  0.000000e+000
 3.412500e+001  9.793886e-001  0.000000e+000
 3.425000e+001  9.640995e-001  0.000000e+000
 3.437500e+001  9.625938e-001  0.000000e+000
 3.450000e+001  9.644569e-001  0.000000e+000
 3.462500e+001  9.680003e-001  0.000000e+000
 3.475000e+001  9.643857e-001  0.000000e+000
 3.487500e+001  9.736590e-001  0.000000e+000
 3.500000e+001  9.687038e-001  0.000000e+000
 3.512500e+001  9.482485e-001  0.000000e+000
 3.525000e+001  9.791882e-001  0.000000e+000
 3.537500e+001  9.546953e-001  0.000000e+000
 3.550000e+001  9.538502e-001  0.000000e+000
 3.562500e+001  9.674183e-001  0.000000e+000
 3.575000e+001  9.564683e-001  0.000000e+000
 3.587500e+001  9.477502e-001  0.000000e+000
 3.600000e+001  9.431876e-001  0.000000e+000
 3.612500e+001  9.567918e-001  0.000000e+000
 3.625000e+001  9.476803e-001  0.000000e+000
 3.637500e+001  9.364831e-001  0.000000e+000
 3.650000e+001  9.293559e-001  0.000000e+000
 3.662500e+001  9.419004e-001  0.000000e+000
 3.675000e+001  9.324859e-001  0.000000e+000
 3.687500e+001  9.339866e-001  0.000000e+000
 3.700000e+001  9.461340e-001  0.000000e+000
 3.712500e+001  9.477120e-001  0.000000e+000
 3.725000e+001  9.608500e-001  0.000000e+000
 3.737500e+001  9.270031e-001  0.000000e+000
 3.750000e+001  9.315313e-001  0.000000e+000
 3.762500e+001  9.567848e-001  0.000000e+000
 3.775000e+001  9.403376e-001  0.000000e+000
 3.787500e+001  9.315165e-001  0.000000e+000
 3.800000e+001  9.019834e-001  0.000000e+000
 3.812500e+001  9.261770e-001  0.000000e+000
 3.825000e+001  9.232315e-001  0.000000e+000
 3.837500e+001  9.156756e-001  0.000000e+000
 3.850000e+001  9.099380e-001  0.000000e+000
 3.862500e+001  8.683218e-001  0.000000e+000
 3.875000e+001  9.126529e-001  0.000000e+000
 3.887500e+001  8.999267e-001  0.000000e+000
 3.900000e+001  9.073457e-001  0.000000e+000
 3.912500e+001  9.231821e-001  0.000000e+000
 3.925000e+001  9.176816e-001  0.000000e+000
 3.937500e+001  8.980364e-001  0.000000e+000
 3.950000e+001  8.918941e-001  0.000000e+000
 3.962500e+001  9.329823e-001  0.000000e+000
 3.975000e+001  9.031767e-001  0.000000e+000
 3.987500e+001  8.926574e-001  0.000000e+000
 4.000000e+001  8.628939e-001  0.000000e+000
 4.012500e+001  8.797057e-001  0.000000e+000
 4.025000e+001  8.932863e-001  0.000000e+000
 4.037500e+001  8.358977e-001  0.000000e+000
 4.050000e+001  8.627090e-001  0.000000e+000
 4.062500e+001  8.097731e-001  0.000000e+000
 4.075000e+001  8.331706e-001  0.000000e+000
 4.087500e+001  8.853275e-001  0.000000e+000
 4.100000e+001  8.686834e-001  0.000000e+000
 4.112500e+001  8.332094e-001  0.000000e+000
 4.125000e+001  8.845100e-001  0.000000e+000
 4.137500e+001  8.572136e-001  0.000000e+000
 4.150000e+001  8.768136e-001  0.000000e+000
 4.162500e+001  8.004712e-001  0.000000e+000
 4.175000e+001  8.511552e-001  0.000000e+000
 4.187500e+001  8.417800e-001  0.000000e+000
 4.200000e+001  8.400241e-001  0.000000e+000
 4.212500e+001  8.093146e-001  0.000000e+000
 4.225000e+001  8.330463e-001  0.000000e+000
 4.237500e+001  7.791013e-001  0.000000e+000
 4.250000e+001  8.245479e-001  0.000000e+000
 4.262500e+001  7.948191e-001  0.000000e+000
 4.275000e+001  7.428434e-001  0.000000e+000
 4.287500e+001  7.924327e-001  0.000000e+000
 4.300000e+001  7.872686e-001  0.000000e+000
 4.312500e+001  8.660104e-001  0.000000e+000
 4.325000e+001  8.549347e-001  0.000000e+000
 4.337500e+001  7.848969e-001  0.000000e+000
 4.350000e+001  6.785949e-001  0.000000e+000
 4.362500e+001  8.117605e-001  0.000000e+000
 4.375000e+001  6.658014e-001  0.000000e+000
 4.387500e+001  7.196755e-001  0.000000e+000
 4.400000e+001  7.149798e-001  0.000000e+000
 4.412500e+001  6.985882e-001  0.000000e+000
 4.425000e+001  6.949060e-001  0.000000e+000
 4.437500e+001  7.479100e-001  0.000000e+000
 4.450000e+001  5.781960e-001  0.000000e+000
 4.462500e+001  6.035863e-001  0.000000e+000
 4.475000e+001  6.078275e-001  0.000000e+000
 4.487500e+001  6.681286e-001  0.000000e+000
 4.500000e+001  6.599425e-001  0.000000e+000
 4.512500e+001  6.082497e-001  0.000000e+000
 4.525000e+001  5.241839e-001  0.000000e+000
 4.537500e+001  5.289246e-001  0.000000e+000
 4.550000e+001  5.860926e-001  0.000000e+000
 4.562500e+001  5.879269e-001  0.000000e+000
 4.575000e+001  4.279847e-001  0.000000e+000
 4.587500e+001  4.184135e-001  0.000000e+000
 4.600000e+001  5.222523e-001  0.000000e+000
 4.612500e+001  6.330300e-001  0.000000e+000
 4.625000e+001  5.370073e-001  0.000000e+000
 4.637500e+001  3.542938e-001  0.000000e+000
 4.650000e+001  4.677213e-001  0.000000e+000
 4.662500e+001  4.539568e-001  0.000000e+000
 4.675000e+001  4.917821e-001  0.000000e+000
 4.687500e+001  9.578211e-002  0.000000e+000
 4.700000e+001  3.445745e-001  0.000000e+000
 4.712500e+001  5.890999e-001  0.000000e+000
 4.725000e+001  4.199933e-001  0.000000e+000
 4.737500e+001  2.635479e-001  0.000000e+000
 4.750000e+001  4.067947e-001  0.000000e+000
 4.762500e+001  4.181127e-001  0.000000e+000
 4.775000e+001  3.771253e-001  0.000000e+000
 4.787500e+001  1.871677e-001  0.000000e+000
 4.800000e+001  5.054984e-002  0.000000e+000
 4.812500e+001  3.101169e-001  0.000000e+000
 4.825000e+001  1.898943e-001  0.000000e+000
 4.837500e+001  3.403075e-001  0.000000e+000
 4.850000e+001  1.345082e-001  0.000000e+000
 4.862500e+001  2.018840e-001  0.000000e+000
 4.875000e+001  4.016314e-001  0.000000e+000
 4.887500e+001  1.346647e-001  0.000000e+000
 4.900000e+001  1.714066e-001  0.000000e+000
 4.912500e+001  1.408435e-001  0.000000e+000
 4.925000e+001  4.429391e-002  0.000000e+000
 4.937500e+001  1.178431e-001  0.000000e+000
 4.950000e+001  1.513640e-001  0.000000e+000
 4.962500e+001  2.041200e-001  0.000000e+000
 4.975000e+001  3.439857e-001  0.000000e+000
 4.987500e+001  7.772437e-002  0.000000e+000
 5.000000e+001  5.004023e-001  0.000000e+000
 5.012500e+001  1.404066e-001  0.000000e+000
 5.025000e+001  1.241640e-001  0.000000e+000
 5.037500e+001  1.250147e-001  0.000000e+000
 5.050000e+001  2.637324e-001  0.000000e+000
 5.062500e+001  4.785296e-002  0.000000e+000
 5.075000e+001  4.172879e-002  0.000000e+000
 5.087500e+001  8.209794e-002  0.000000e+000
 5.100000e+001  3.200715e-002  0.000000e+000
 5.112500e+001  3.651292e-002  0.000000e+000
 5.125000e+001  2.664798e-001  0.000000e+000
 5.137500e+001  2.066099e-001  0.000000e+000
 5.150000e+001  2.906141e-001  0.000000e+000
 5.162500e+001  4.564023e-001  0.000000e+000
 5.175000e+001  4.518436e-001  0.000000e+000
 5.187500e+001  1.868711e-001  0.000000e+000
 5.200000e+001  1.525296e-001  0.000000e+000
 5.212500e+001  3.282698e-001  0.000000e+000
 5.225000e+001  1.600701e-001  0.000000e+000
 5.237500e+001  4.036153e-001  0.000000e+000
 5.250000e+001  3.805173e-001  0.000000e+000
 5.262500e+001  4.283634e-001  0.000000e+000
 5.275000e+001  1.636458e-001  0.000000e+000
 5.287500e+001  3.505343e-001  0.000000e+000
 5.300000e+001  4.023717e-001  0.000000e+000
 5.312500e+001  4.168039e-001  0.000000e+000
 5.325000e+001  3.784730e-001  0.000000e+000
 5.337500e+001  3.994225e-001  0.000000e+000
 5.350000e+001  4.015020e-001  0.000000e+000
 5.362500e+001  2.515468e-001  0.000000e+000
 5.375000e+001  5.545026e-001  0.000000e+000
 5.387500e+001  3.473528e-001  0.000000e+000
 5.400000e+001  3.995292e-001  0.000000e+000
 5.412500e+001  3.796083e-001  0.000000e+000
 5.425000e+001  4.917090e-001  0.000000e+000
 5.437500e+001  3.296548e-001  0.000000e+000
 5.450000e+001  5.046682e-001  0.000000e+000
 5.462500e+001  4.364661e-001  0.000000e+000
 5.475000e+001  4.010102e-001  0.000000e+000
 5.487500e+001  5.900562e-001  0.000000e+000
 5.500000e+001  4.204040e-001  0.000000e+000
 5.512500e+001  4.920193e-001  0.000000e+000
 5.525000e+001  2.980056e-001  0.000000e+000
 5.537500e+001  5.234801e-001  0.000000e+000
 5.550000e+001  6.565613e-001  0.000000e+000
 5.562500e+001  6.054444e-001  0.000000e+000
 5.575000e+001  7.751003e-001  0.000000e+000
 5.587500e+001  6.387939e-001  0.000000e+000
 5.600000e+001  6.430600e-001  0.000000e+000
 5.612500e+001  6.100899e-001  0.000000e+000
 5.625000e+001  5.953413e-001  0.000000e+000
 5.637500e+001  6.677358e-001  0.000000e+000
 5.650000e+001  7.328751e-001  0.000000e+000
 5.662500e+001  6.334290e-001  0.000000e+000
 5.675000e+001  6.235952e-001  0.000000e+000
 5.687500e+001  6.705000e-001  0.000000e+000
 5.700000e+001  7.213609e-001  0.000000e+000
 5.712500e+001  6.627650e-001  0.000000e+000
 5.725000e+001  5.941745e-001  0.000000e+000
 5.737500e+001  7.346805e-001  0.000000e+000
 5.750000e+001  6.183440e-001  0.000000e+000
 5.762500e+001  7.582607e-001  0.000000e+000
 5.775000e+001  6.911337e-001  0.000000e+000
 5.787500e+001  7.024697e-001  0.000000e+000
 5.800000e+001  7.434823e-001  0.000000e+000
 5.812500e+001  6.256478e-001  0.000000e+000
 5.825000e+001  6.911739e-001  0.000000e+000
 5.837500e+001  5.906156e-001  0.000000e+000
 5.850000e+001  7.091596e-001  0.000000e+000
 5.862500e+001  6.713342e-001  0.000000e+000
 5.875000e+001  6.673985e-001  0.000000e+000
 5.887500e+001  7.675331e-001  0.000000e+000
 5.900000e+001  6.948106e-001  0.000000e+000
 5.912500e+001  7.669403e-001  0.000000e+000
 5.925000e+001  8.194247e-001  0.000000e+000
 5.937500e+001  7.506279e-001  0.000000e+000
 5.950000e+001  7.829130e-001  0.000000e+000
 5.962500e+001  7.036180e-001  0.000000e+000
 5.975000e+001  7.481329e-001  0.000000e+000
 5.987500e+001  6.053590e-001  0.000000e+000
 6.000000e+001  8.236130e-001  0.000000e+000
 6.012500e+001  7.341376e-001  0.000000e+000
 6.025000e+001  7.244933e-001  0.000000e+000
 6.037500e+001  7.623684e-001  0.000000e+000
 6.050000e+001  7.307516e-001  0.000000e+000
 6.062500e+001  8.383794e-001  0.000000e+000
 6.075000e+001  8.171825e-001  0.000000e+000
 6.087500e+001  7.962909e-001  0.000000e+000
 6.100000e+001  7.858807e-001  0.000000e+000
 6.112500e+001  7.699696e-001  0.000000e+000
 6.125000e+001  7.854469e-001  0.000000e+000
 6.137500e+001  8.428950e-001  0.000000e+000
 6.150000e+001  7.920012e-001  0.000000e+000
 6.162500e+001  7.435931e-001  0.000000e+000
 6.175000e+001  8.192133e-001  0.000000e+000
 6.187500e+001  7.637272e-001  0.000000e+000
 6.200000e+001  8.155087e-001  0.000000e+000
 6.212500e+001  7.887318e-001  0.000000e+000
 6.225000e+001  8.013980e-001  0.000000e+000
 6.237500e+001  8.447099e-001  0.000000e+000
 6.250000e+001  8.943449e-001  0.000000e+000
 6.262500e+001  7.945728e-001  0.000000e+000
 6.275000e+001  8.086222e-001  0.000000e+000
 6.287500e+001  7.799968e-001  0.000000e+000
 6.300000e+001  8.216445e-001  0.000000e+000
 6.312500e+001  8.539172e-001  0.000000e+000
 6.325000e+001  8.776887e-001  0.000000e+000
 6.337500e+001  8.518164e-001  0.000000e+000
 6.350000e+001  8.723764e-001  0.000000e+000
 6.362500e+001  8.906294e-001  0.000000e+000
 6.375000e+001  8.325071e-001  0.000000e+000
 6.387500e+001  8.586822e-001  0.000000e+000
 6.400000e+001  8.586186e-001  0.000000e+000
 6.412500e+001  8.869132e-001  0.000000e+000
 6.425000e+001  9.024419e-001  0.000000e+000
 6.437500e+001  8.947952e-001  0.000000e+000
 6.450000e+001  8.912232e-001  0.000000e+000
 6.462500e+001  9.178150e-001  0.000000e+000
 6.475000e+001  8.678454e-001  0.000000e+000
 6.487500e+001  8.714817e-001  0.000000e+000
 6.500000e+001  8.980296e-001  0.000000e+000
 6.512500e+001  9.258738e-001  0.000000e+000
 6.525000e+001  9.163952e-001  0.000000e+000
 6.537500e+001  9.084533e-001  0.000000e+000
 6.550000e+001  8.979838e-001  0.000000e+000
 6.562500e+001  9.286886e-001  0.000000e+000
 6.575000e+001  9.058824e-001  0.000000e+000
 6.587500e+001  9.424735e-001  0.000000e+000
 6.600000e+001  8.775201e-001  0.000000e+000
 6.612500e+001  9.115611e-001  0.000000e+000
 6.625000e+001  9.299553e-001  0.000000e+000
 6.637500e+001  9.237347e-001  0.000000e+000
 6.650000e+001  9.128859e-001  0.000000e+000
 6.662500e+001  9.162923e-001  0.000000e+000
 6.675000e+001  9.096921e-001  0.000000e+000
 6.687500e+001  9.193107e-001  0.000000e+000
 6.700000e+001  9.133323e-001  0.000000e+000
 6.712500e+001  9.136082e-001  0.000000e+000
 6.725000e+001  9.403569e-001  0.000000e+000
 6.737500e+001  9.383312e-001  0.000000e+000
 6.750000e+001  9.639151e-001  0.000000e+000
 6.762500e+001  9.329316e-001  0.000000e+000
 6.775000e+001  9.306264e-001  0.000000e+000
 6.787500e+001  9.453576e-001  0.000000e+000
 6.800000e+001  9.514702e-001  0.000000e+000
 6.812500e+001  9.516455e-001  0.000000e+000
 6.825000e+001  9.686077e-001  0.000000e+000
 6.837500e+001  9.473932e-001  0.000000e+000
 6.850000e+001  9.566708e-001  0.000000e+000
 6.862500e+001  9.464708e-001  0.000000e+000
 6.875000e+001  9.519443e-001  0.000000e+000
 6.887500e+001  9.440458e-001  0.000000e+000
 6.900000e+001  9.494127e-001  0.000000e+000
 6.912500e+001  9.633330e-001  0.000000e+000
 6.925000e+001  9.602759e-001  0.000000e+000
 6.937500e+001  9.516556e-001  0.000000e+000
 6.950000e+001  9.513878e-001  0.000000e+000
 6.962500e+001  9.482689e-001  0.000000e+000
 6.975000e+001  9.681135e-001  0.000000e+000
 6.987500e+001  9.771348e-001  0.000000e+000
 7.000000e+001  9.675102e-001  0.000000e+000
 7.012500e+001  9.590766e-001  0.000000e+000
 7.025000e+001  9.668629e-001  0.000000e+000
 7.037500e+001  9.690748e-001  0.000000e+000
 7.050000e+001  9.739665e-001  0.000000e+000
 7.062500e+001  9.685932e-001  0.000000e+000
 7.075000e+001  9.723449e-001  0.000000e+000
 7.087500e+001  9.737674e-001  0.000000e+000
 7.100000e+001  9.758424e-001  0.000000e+000
 7.112500e+001  9.752578e-001  0.000000e+000
 7.125000e+001  9.724526e-001  0.000000e+000
 7.137500e+001  9.729525e-001  0.000000e+000
 7.150000e+001  9.740792e-001  0.000000e+000
 7.162500e+001  9.709653e-001  0.000000e+000
 7.175000e+001  9.719586e-001  0.000000e+000
 7.187500e+001  9.730986e-001  0.000000e+000
 7.200000e+001  9.735262e-001  0.000000e+000
 7.212500e+001  9.757589e-001  0.000000e+000
 7.225000e+001  9.784341e-001  0.000000e+000
 7.237500e+001  9.783722e-001  0.000000e+000
 7.250000e+001  9.758021e-001  0.000000e+000
 7.262500e+001  9.780676e-001  0.000000e+000
 7.275000e+001  9.770017e-001  0.000000e+000
 7.287500e+001  9.765729e-001  0.000000e+000
 7.300000e+001  9.702258e-001  0.000000e+000
 7.312500e+001  9.645775e-001  0.000000e+000
 7.325000e+001  9.648884e-001  0.000000e+000
 7.337500e+001  9.677060e-001  0.000000e+000
 7.350000e+001  9.665367e-001  0.000000e+000
 7.362500e+001  9.693158e-001  0.000000e+000
 7.375000e+001  9.672633e-001  0.000000e+000
 7.387500e+001  9.663892e-001  0.000000e+000
 7.400000e+001  9.671884e-001  0.000000e+000
 7.412500e+001  9.646717e-001  0.000000e+000
 7.425000e+001  9.670788e-001  0.000000e+000
 7.437500e+001  9.627377e-001  0.000000e+000
 7.450000e+001  9.595719e-001  0.000000e+000
 7.462500e+001  9.546874e-001  0.000000e+000
 7.475000e+001  9.583516e-001  0.000000e+000
 7.487500e+001  9.548898e-001  0.000000e+000
 7.500000e+001  9.475909e-001  0.000000e+000
 7.512500e+001  9.518645e-001  0.000000e+000
 7.525000e+001  9.488820e-001  0.000000e+000
 7.537500e+001  9.442050e-001  0.000000e+000
 7.550000e+001  9.513041e-001  0.000000e+000
 7.562500e+001  9.538168e-001  0.000000e+000
 7.575000e+001  9.527150e-001  0.000000e+000
 7.587500e+001  9.512699e-001  0.000000e+000
 7.600000e+001  9.348901e-001  0.000000e+000
 7.612500e+001  9.576977e-001  0.000000e+000
 7.625000e+001  9.234891e-001  0.000000e+000
 7.637500e+001  9.436504e-001  0.000000e+000
 7.650000e+001  9.290944e-001  0.000000e+000
 7.662500e+001  9.224344e-001  0.000000e+000
 7.675000e+001  9.393179e-001  0.000000e+000
 7.687500e+001  9.320915e-001  0.000000e+000
 7.700000e+001  9.278198e-001  0.000000e+000
 7.712500e+001  9.289696e-001  0.000000e+000
 7.725000e+001  9.119278e-001  0.000000e+000
 7.737500e+001  9.111844e-001  0.000000e+000
 7.750000e+001  9.244681e-001  0.000000e+000
 7.762500e+001  9.169443e-001  0.000000e+000
 7.775000e+001  9.397867e-001  0.000000e+000
 7.787500e+001  9.030856e-001  0.000000e+000
 7.800000e+001  9.358144e-001  0.000000e+000
 7.812500e+001  8.994218e-001  0.000000e+000
 7.825000e+001  9.212635e-001  0.000000e+000
 7.837500e+001  8.977724e-001  0.000000e+000
 7.850000e+001  9.241273e-001  0.000000e+000
 7.862500e+001  9.011092e-001  0.000000e+000
 7.875000e+001  8.702872e-001  0.000000e+000
 7.887500e+001  8.736883e-001  0.000000e+000
 7.900000e+001  8.939378e-001  0.000000e+000
 7.912500e+001  8.937415e-001  0.000000e+000
 7.925000e+001  8.758147e-001  0.000000e+000
 7.937500e+001  9.095645e-001  0.000000e+000
 7.950000e+001  8.740162e-001  0.000000e+000
 7.962500e+001  8.342184e-001  0.000000e+000
 7.975000e+001  8.980074e-001  0.000000e+000
 7.987500e+001  8.468525e-001  0.000000e+000
 8.000000e+001  8.225814e-001  0.000000e+000
 8.012500e+001  8.330097e-001  0.000000e+000
 8.025000e+001  8.683035e-001  0.000000e+000
 8.037500e+001  8.734845e-001  0.000000e+000
 8.050000e+001  8.915592e-001  0.000000e+000
 8.062500e+001  8.291612e-001  0.000000e+000
 8.075000e+001  8.592694e-001  0.000000e+000
 8.087500e+001  8.537281e-001  0.000000e+000
 8.100000e+001  8.732833e-001  0.000000e+000
 8.112500e+001  8.329563e-001  0.000000e+000
 8.125000e+001  8.719010e-001  0.000000e+000
 8.137500e+001  8.006440e-001  0.000000e+000
 8.150000e+001  9.034573e-001  0.000000e+000
 8.162500e+001  7.665874e-001  0.000000e+000
 8.175000e+001  8.387240e-001  0.000000e+000
 8.187500e+001  7.137625e-001  0.000000e+000
 8.200000e+001  8.293484e-001  0.000000e+000
 8.212500e+001  7.533271e-001  0.000000e+000
 8.225000e+001  7.747175e-001  0.000000e+000
 8.237500e+001  8.345250e-001  0.000000e+000
 8.250000e+001  8.449371e-001  0.000000e+000
 8.262500e+001  6.755002e-001  0.000000e+000
 8.275000e+001  7.307370e-001  0.000000e+000
 8.287500e+001  7.529526e-001  0.000000e+000
 8.300000e+001  7.675174e-001  0.000000e+000
 8.312500e+001  6.784426e-001  0.000000e+000
 8.325000e+001  7.556813e-001  0.000000e+000
 8.337500e+001  6.778973e-001  0.000000e+000
 8.350000e+001  6.682150e-001  0.000000e+000
 8.362500e+001  7.288383e-001  0.000000e+000
 8.375000e+001  6.604707e-001  0.000000e+000
 8.387500e+001  6.050052e-001  0.000000e+000
 8.400000e+001  6.840557e-001  0.000000e+000
 8.412500e+001  5.873659e-001  0.000000e+000
 8.425000e+001  6.857304e-001  0.000000e+000
 8.437500e+001  6.671753e-001  0.000000e+000
 8.450000e+001  6.338807e-001  0.000000e+000
 8.462500e+001  5.964155e-001  0.000000e+000
 8.475000e+001  5.815397e-001  0.000000e+000
 8.487500e+001  6.123414e-001  0.000000e+000
 8.500000e+001  6.201600e-001  0.000000e+000
 8.512500e+001  5.563802e-001  0.000000e+000
 8.525000e+001  6.991022e-001  0.000000e+000
 8.537500e+001  6.417017e-001  0.000000e+000
 8.550000e+001  5.416644e-001  0.000000e+000
 8.562500e+001  5.088873e-001  0.000000e+000
 8.575000e+001  6.135384e-001  0.000000e+000
 8.587500e+001  6.812688e-001  0.000000e+000
 8.600000e+001  5.471619e-001  0.000000e+000
 8.612500e+001  6.897513e-001  0.000000e+000
 8.625000e+001  5.739256e-001  0.000000e+000
 8.637500e+001  5.833384e-001  0.000000e+000
 8.650000e+001  5.443308e-001  0.000000e+000
 8.662500e+001  5.346239e-001  0.000000e+000
 8.675000e+001  4.601413e-001  0.000000e+000
 8.687500e+001  5.130298e-001  0.000000e+000
 8.700000e+001  6.091125e-001  0.000000e+000
 8.712500e+001  6.978979e-001  0.000000e+000
 8.725000e+001  5.887439e-001  0.000000e+000
 8.737500e+001  7.164023e-001  0.000000e+000
 8.750000e+001  7.427433e-001  0.000000e+000
 8.762500e+001  7.176489e-001  0.000000e+000
 8.775000e+001  7.891471e-001  0.000000e+000
 8.787500e+001  7.641193e-001  0.000000e+000
 8.800000e+001  7.740747e-001  0.000000e+000
 8.812500e+001  7.841454e-001  0.000000e+000
 8.825000e+001  8.310836e-001  0.000000e+000
 8.837500e+001  8.579477e-001  0.000000e+000
 8.850000e+001  8.540081e-001  0.000000e+000
 8.862500e+001  8.684303e-001  0.000000e+000
 8.875000e+001  8.580670e-001  0.000000e+000
 8.887500e+001  8.928797e-001  0.000000e+000
 8.900000e+001  8.768028e-001  0.000000e+000
 8.912500e+001  8.932891e-001  0.000000e+000
 8.925000e+001  8.876807e-001  0.000000e+000
 8.937500e+001  9.124266e-001  0.000000e+000
 8.950000e+001  9.067305e-001  0.000000e+000
 8.962500e+001  9.224843e-001  0.000000e+000
 8.975000e+001  9.166087e-001  0.000000e+000
 8.987500e+001  9.174935e-001  0.000000e+000
 9.000000e+001  9.264885e-001  0.000000e+000
 9.012500e+001  9.283057e-001  0.000000e+000
 9.025000e+001  9.314428e-001  0.000000e+000
 9.037500e+001  9.241533e-001  0.000000e+000
 9.050000e+001  9.273277e-001  0.000000e+000
 9.062500e+001  9.248013e-001  0.000000e+000
 9.075000e+001  9.130122e-001  0.000000e+000
 9.087500e+001  9.142116e-001  0.000000e+000
 9.100000e+001  9.201268e-001  0.000000e+000
 9.112500e+001  9.107133e-001  0.000000e+000
 9.125000e+001  9.119623e-001  0.000000e+000
 9.137500e+001  9.209685e-001  0.000000e+000
 9.150000e+001  9.217548e-001  0.000000e+000
 9.162500e+001  9.183188e-001  0.000000e+000
 9.175000e+001  9.236989e-001  0.000000e+000
 9.187500e+001  9.161568e-001  0.000000e+000
 9.200000e+001  9.135563e-001  0.000000e+000
 9.212500e+001  9.279487e-001  0.000000e+000
 9.225000e+001  9.098701e-001  0.000000e+000
 9.237500e+001  9.081736e-001  0.000000e+000
 9.250000e+001  9.141188e-001  0.000000e+000
 9.262500e+001  8.983717e-001  0.000000e+000
 9.275000e+001  9.054984e-001  0.000000e+000
 9.287500e+001  8.947154e-001  0.000000e+000
 9.300000e+001  9.011309e-001  0.000000e+000
 9.312500e+001  8.985541e-001  0.000000e+000
 9.325000e+001  8.984814e-001  0.000000e+000
 9.337500e+001  9.163129e-001  0.000000e+000
 9.350000e+001  9.036027e-001  0.000000e+000
 9.362500e+001  9.200915e-001  0.000000e+000
 9.375000e+001  8.922799e-001  0.000000e+000
 9.387500e+001  9.112903e-001  0.000000e+000
 9.400000e+001  9.044324e-001  0.000000e+000
 9.412500e+001  9.090561e-001  0.000000e+000
 9.425000e+001  8.982388e-001  0.000000e+000
 9.437500e+001  8.741253e-001  0.000000e+000
 9.450000e+001  8.775474e-001  0.000000e+000
 9.462500e+001  8.749534e-001  0.000000e+000
 9.475000e+001  8.644371e-001  0.000000e+000
 9.487500e+001  9.126568e-001  0.000000e+000
 9.500000e+001  8.633850e-001  0.000000e+000
 9.512500e+001  8.659066e-001  0.000000e+000
 9.525000e+001  8.528224e-001  0.000000e+000
 9.537500e+001  8.525918e-001  0.000000e+000
 9.550000e+001  8.688831e-001  0.000000e+000
 9.562500e+001  8.653083e-001  0.000000e+000
 9.575000e+001  8.679306e-001  0.000000e+000
 9.587500e+001  8.767885e-001  0.000000e+000
 9.600000e+001  8.450501e-001  0.000000e+000
 9.612500e+001  7.842348e-001  0.000000e+000
 9.625000e+001  8.445814e-001  0.000000e+000
 9.637500e+001  8.956884e-001  0.000000e+000
 9.650000e+001  8.493220e-001  0.000000e+000
 9.662500e+001  8.217666e-001  0.000000e+000
 9.675000e+001  8.390097e-001  0.000000e+000
 9.687500e+001  8.783775e-001  0.000000e+000
 9.700000e+001  8.325832e-001  0.000000e+000
 9.712500e+001  8.365983e-001  0.000000e+000
 9.725000e+001  8.562486e-001  0.000000e+000
 9.737500e+001  8.364213e-001  0.000000e+000
 9.750000e+001  8.130880e-001  0.000000e+000
 9.762500e+001  8.708734e-001  0.000000e+000
 9.775000e+001  8.734100e-001  0.000000e+000
 9.787500e+001  8.852813e-001  0.000000e+000
 9.800000e+001  8.360528e-001  0.000000e+000
 9.812500e+001  8.240810e-001  0.000000e+000
 9.825000e+001  7.670763e-001  0.000000e+000
 9.837500e+001  8.094413e-001  0.000000e+000
 9.850000e+001  7.747225e-001  0.000000e+000
 9.862500e+001  8.054039e-001  0.000000e+000
 9.875000e+001  7.900429e-001  0.000000e+000
 9.887500e+001  8.379413e-001  0.000000e+000
 9.900000e+001  7.840418e-001  0.000000e+000
 9.912500e+001  7.984319e-001  0.000000e+000
 9.925000e+001  8.305076e-001  0.000000e+000
 9.937500e+001  8.042055e-001  0.000000e+000
 9.950000e+001  7.844036e-001  0.000000e+000
 9.962500e+001  7.527299e-001  0.000000e+000
 9.975000e+001  7.945501e-001  0.000000e+000
 9.987500e+001  8.147029e-001  0.000000e+000
 1.000000e+002  8.130654e-001  0.000000e+000
 1.001250e+002  8.434822e-001  0.000000e+000
 1.002500e+002  7.130521e-001  0.000000e+000
 1.003750e+002  7.584651e-001  0.000000e+000
 1.005000e+002  7.396601e-001  0.000000e+000
 1.006250e+002  7.629632e-001  0.000000e+000
 1.007500e+002  7.148117e-001  0.000000e+000
 1.008750e+002  7.577955e-001  0.000000e+000
 1.010000e+002  8.375669e-001  0.000000e+000
 1.011250e+002  7.895995e-001  0.000000e+000
 1.012500e+002  6.351924e-001  0.000000e+000
 1.013750e+002  7.482039e-001  0.000000e+000
 1.015000e+002  8.194957e-001  0.000000e+000
 1.016250e+002  6.965370e-001  0.000000e+000
 1.017500e+002  7.776213e-001  0.000000e+000
 1.018750e+002  6.654317e-001  0.000000e+000
 1.020000e+002  7.034544e-001  0.000000e+000
 1.021250e+002  7.557941e-001  0.000000e+000
 1.022500e+002  7.614637e-001  0.000000e+000
 1.023750e+002  7.436883e-001  0.000000e+000
 1.025000e+002  7.888018e-001  0.000000e+000
 1.026250e+002  7.986376e-001  0.000000e+000
 1.027500e+002  7.208833e-001  0.000000e+000
 1.028750e+002  6.812926e-001  0.000000e+000
 1.030000e+002  6.431221e-001  0.000000e+000
 1.031250e+002  6.845067e-001  0.000000e+000
 1.032500e+002  7.211375e-001  0.000000e+000
 1.033750e+002  6.979536e-001  0.000000e+000
 1.035000e+002  7.628366e-001  0.000000e+000
 1.036250e+002  6.477921e-001  0.000000e+000
 1.037500e+002  6.824542e-001  0.000000e+000
 1.038750e+002  8.192358e-001  0.000000e+000
 1.040000e+002  7.421193e-001  0.000000e+000
 1.041250e+002  6.144812e-001  0.000000e+000
 1.042500e+002  6.331754e-001  0.000000e+000
 1.043750e+002  7.236871e-001  0.000000e+000
 1.045000e+002  6.822637e-001  0.000000e+000
 1.046250e+002  6.430646e-001  0.000000e+000
 1.047500e+002  7.773523e-001  0.000000e+000
 1.048750e+002  6.859066e-001  0.000000e+000
 1.050000e+002  6.733887e-001  0.000000e+000
 1.051250e+002  7.795513e-001  0.000000e+000
 1.052500e+002  7.833591e-001  0.000000e+000
 1.053750e+002  7.415733e-001  0.000000e+000
 1.055000e+002  7.074251e-001  0.000000e+000
 1.056250e+002  5.917686e-001  0.000000e+000
 1.057500e+002  8.220448e-001  0.000000e+000
 1.058750e+002  6.125750e-001  0.000000e+000
 1.060000e+002  6.233058e-001  0.000000e+000
 1.061250e+002  7.595549e-001  0.000000e+000
 1.062500e+002  6.859230e-001  0.000000e+000
 1.063750e+002  6.972090e-001  0.000000e+000
 1.065000e+002  7.127209e-001  0.000000e+000
 1.066250e+002  6.002339e-001  0.000000e+000
 1.067500e+002  6.862690e-001  0.000000e+000
 1.068750e+002  7.084555e-001  0.000000e+000
 1.070000e+002  7.150594e-001  0.000000e+000
 1.071250e+002  6.321556e-001  0.000000e+000
 1.072500e+002  7.970944e-001  0.000000e+000
 1.073750e+002  7.688534e-001  0.000000e+000
 1.075000e+002  7.153215e-001  0.000000e+000
 1.076250e+002  7.639670e-001  0.000000e+000
 1.077500e+002  7.811819e-001  0.000000e+000
 1.078750e+002  6.269940e-001  0.000000e+000
 1.080000e+002  7.146124e-001  0.000000e+000
 1.081250e+002  7.592298e-001  0.000000e+000
 1.082500e+002  6.741659e-001  0.000000e+000
 1.083750e+002  7.652463e-001  0.000000e+000
 1.085000e+002  6.842408e-001  0.000000e+000
 1.086250e+002  6.351335e-001  0.000000e+000
 1.087500e+002  6.472277e-001  0.000000e+000
 1.088750e+002  7.037817e-001  0.000000e+000
 1.090000e+002  6.884362e-001  0.000000e+000
 1.091250e+002  6.600122e-001  0.000000e+000
 1.092500e+002  6.026710e-001  0.000000e+000
 1.093750e+002  6.517824e-001  0.000000e+000
 1.095000e+002  7.049241e-001  0.000000e+000
 1.096250e+002  6.484555e-001  0.000000e+000
 1.097500e+002  7.271496e-001  0.000000e+000
 1.098750e+002  5.799416e-001  0.000000e+000
 1.100000e+002  6.602501e-001  0.000000e+000
 1.101250e+002  7.033940e-001  0.000000e+000
 1.102500e+002  5.557506e-001  0.000000e+000
 1.103750e+002  7.239221e-001  0.000000e+000
 1.105000e+002  5.965761e-001  0.000000e+000
 1.106250e+002  7.822360e-001  0.000000e+000
 1.107500e+002  6.335924e-001  0.000000e+000
 1.108750e+002  6.575658e-001  0.000000e+000
 1.110000e+002  5.540529e-001  0.000000e+000
 1.111250e+002  5.215042e-001  0.000000e+000
 1.112500e+002  5.451952e-001  0.000000e+000
 1.113750e+002  6.551123e-001  0.000000e+000
 1.115000e+002  5.836918e-001  0.000000e+000
 1.116250e+002  5.725358e-001  0.000000e+000
 1.117500e+002  6.529732e-001  0.000000e+000
 1.118750e+002  6.645300e-001  0.000000e+000
 1.120000e+002  6.759312e-001  0.000000e+000
 1.121250e+002  7.589843e-001  0.000000e+000
 1.122500e+002  6.479820e-001  0.000000e+000
 1.123750e+002  7.532969e-001  0.000000e+000
 1.125000e+002  6.256981e-001  0.000000e+000
 1.126250e+002  5.673669e-001  0.000000e+000
 1.127500e+002  4.686718e-001  0.000000e+000
 1.128750e+002  6.163049e-001  0.000000e+000
 1.130000e+002  7.027370e-001  0.000000e+000
 1.131250e+002  5.927442e-001  0.000000e+000
 1.132500e+002  6.121300e-001  0.000000e+000
 1.133750e+002  5.417361e-001  0.000000e+000
 1.135000e+002  6.649070e-001  0.000000e+000
 1.136250e+002  5.803391e-001  0.000000e+000
 1.137500e+002  5.461911e-001  0.000000e+000
 1.138750e+002  5.382255e-001  0.000000e+000
 1.140000e+002  6.172436e-001  0.000000e+000
 1.141250e+002  5.558444e-001  0.000000e+000
 1.142500e+002  6.222903e-001  0.000000e+000
 1.143750e+002  6.464426e-001  0.000000e+000
 1.145000e+002  5.665193e-001  0.000000e+000
 1.146250e+002  6.389176e-001  0.000000e+000
 1.147500e+002  6.392019e-001  0.000000e+000
 1.148750e+002  6.589409e-001  0.000000e+000
 1.150000e+002  6.403118e-001  0.000000e+000
 1.151250e+002  5.259446e-001  0.000000e+000
 1.152500e+002  5.378091e-001  0.000000e+000
 1.153750e+002  5.453052e-001  0.000000e+000
 1.155000e+002  7.148777e-001  0.000000e+000
 1.156250e+002  6.321851e-001  0.000000e+000
 1.157500e+002  5.513756e-001  0.000000e+000
 1.158750e+002  6.548745e-001  0.000000e+000
 1.160000e+002  4.512551e-001  0.000000e+000
 1.161250e+002  4.222244e-001  0.000000e+000
 1.162500e+002  6.123886e-001  0.000000e+000
 1.163750e+002  5.240878e-001  0.000000e+000
 1.165000e+002  5.243420e-001  0.000000e+000
 1.166250e+002  5.511202e-001  0.000000e+000
 1.167500e+002  4.910502e-001  0.000000e+000
 1.168750e+002  5.861800e-001  0.000000e+000
 1.170000e+002  4.199337e-001  0.000000e+000
 1.171250e+002  5.137227e-001  0.000000e+000
 1.172500e+002  5.701658e-001  0.000000e+000
 1.173750e+002  4.391637e-001  0.000000e+000
 1.175000e+002  5.424364e-001  0.000000e+000
 1.176250e+002  4.796049e-001  0.000000e+000
 1.177500e+002  5.127024e-001  0.000000e+000
 1.178750e+002  3.790489e-001  0.000000e+000
 1.180000e+002  5.428225e-001  0.000000e+000
 1.181250e+002  4.746987e-001  0.000000e+000
 1.182500e+002  6.014916e-001  0.000000e+000
 1.183750e+002  4.343448e-001  0.000000e+000
 1.185000e+002  4.284460e-001  0.000000e+000
 1.186250e+002  4.438339e-001  0.000000e+000
 1.187500e+002  4.642023e-001  0.000000e+000
 1.188750e+002  5.079595e-001  0.000000e+000
 1.190000e+002  4.740414e-001  0.000000e+000
 1.191250e+002  4.145660e-001  0.000000e+000
 1.192500e+002  5.267484e-001  0.000000e+000
 1.193750e+002  2.519052e-001  0.000000e+000
 1.195000e+002  3.607115e-001  0.000000e+000
 1.196250e+002  5.518106e-001  0.000000e+000
 1.197500e+002  5.126340e-001  0.000000e+000
 1.198750e+002  3.109235e-001  0.000000e+000
 1.200000e+002  4.111349e-001  0.000000e+000
 1.201250e+002  4.608629e-001  0.000000e+000
 1.202500e+002  6.061481e-001  0.000000e+000
 1.203750e+002  4.512990e-001  0.000000e+000
 1.205000e+002  1.746213e-001  0.000000e+000
 1.206250e+002  4.853025e-001  0.000000e+000
 1.207500e+002  2.525118e-001  0.000000e+000
 1.208750e+002  4.305765e-001  0.000000e+000
 1.210000e+002  3.635986e-001  0.000000e+000
 1.211250e+002  3.016322e-001  0.000000e+000
 1.212500e+002  4.989948e-001  0.000000e+000
 1.213750e+002  4.412665e-001  0.000000e+000
 1.215000e+002  3.702096e-001  0.000000e+000
 1.216250e+002  2.787780e-001  0.000000e+000
 1.217500e+002  1.732811e-001  0.000000e+000
 1.218750e+002  2.776808e-001  0.000000e+000
 1.220000e+002  3.170898e-001  0.000000e+000
 1.221250e+002  2.976633e-001  0.000000e+000
 1.222500e+002  2.414957e-001  0.000000e+000
 1.223750e+002  3.902890e-001  0.000000e+000
 1.225000e+002  3.386381e-001  0.000000e+000
 1.226250e+002  2.806980e-001  0.000000e+000
 1.227500e+002  4.102795e-001  0.000000e+000
 1.228750e+002  2.278907e-001  0.000000e+000
 1.230000e+002  2.206900e-001  0.000000e+000
 1.231250e+002  2.426823e-001  0.000000e+000
 1.232500e+002  2.670394e-001  0.000000e+000
 1.233750e+002  1.865036e-001  0.000000e+000
 1.235000e+002  1.112456e-001  0.000000e+000
 1.236250e+002  2.108745e-001  0.000000e+000
 1.237500e+002  4.303526e-001  0.000000e+000
 1.238750e+002  2.382153e-001  0.000000e+000
 1.240000e+002  2.282472e-001  0.000000e+000
 1.241250e+002  1.505023e-001  0.000000e+000
 1.242500e+002  7.211556e-002  0.000000e+000
 1.243750e+002  1.656864e-001  0.000000e+000
 1.245000e+002  2.983488e-001  0.000000e+000
 1.246250e+002  2.672235e-001  0.000000e+000
 1.247500e+002  2.300551e-001  0.000000e+000
 1.248750e+002  1.676267e-001  0.000000e+000
 1.250000e+002  1.294498e-001  0.000000e+000
 1.251250e+002  2.659784e-001  0.000000e+000
 1.252500e+002  9.069812e-002  0.000000e+000
 1.253750e+002  1.379869e-001  0.000000e+000
 1.255000e+002  1.100517e-001  0.000000e+000
 1.256250e+002  1.073458e-001  0.000000e+000
 1.257500e+002  1.388119e-001  0.000000e+000
 1.258750e+002  2.408511e-001  0.000000e+000
 1.260000e+002  1.147323e-001  0.000000e+000
 1.261250e+002  4.635525e-002  0.000000e+000
 1.262500e+002  4.105263e-002  0.000000e+000
 1.263750e+002  1.280883e-001  0.000000e+000
 1.265000e+002  1.783447e-001  0.000000e+000
 1.266250e+002  1.467318e-001  0.000000e+000
 1.267500e+002  8.287830e-002  0.000000e+000
 1.268750e+002  7.689390e-003  0.000000e+000
 1.270000e+002  4.364579e-002  0.000000e+000
 1.271250e+002  5.789865e-002  0.000000e+000
 1.272500e+002  1.243567e-001  0.000000e+000
 1.273750e+002  5.132294e-002  0.000000e+000
 1.275000e+002  4.506466e-002  0.000000e+000
 1.276250e+002  1.310264e-001  0.000000e+000
 1.277500e+002  6.353118e-002  0.000000e+000
 1.278750e+002  6.992319e-003  0.000000e+000
 1.280000e+002  3.400108e-002  0.000000e+000
