 0.000000e+000 -2.663824e-003  0.000000e+000
 1.250000e-001 -3.960436e-006 -5.697009e-007
 2.500000e-001 -3.771979e-006 -2.626379e-007
 3.750000e-001 -3.647439e-006 -1.818753e-007
 5.000000e-001 -3.720551e-006 -1.803764e-007
 6.250000e-001 -3.742275e-006 -1.689782e-007
 7.500000e-001 -3.829081e-006 -2.783314e-008
 8.750000e-001 -3.655190e-006 -9.655807e-009
 1.000000e+000 -3.836744e-006 -4.598053e-008
 1.125000e+000 -3.809518e-006  2.221093e-008
 1.250000e+000 -3.863022e-006 -1.299862e-007
 1.375000e+000 -3.900893e-006 -1.546907e-008
 1.500000e+000 -3.783599e-006 -1.098106e-007
 1.625000e+000 -3.855649e-006  4.638485e-008
 1.750000e+000 -3.923081e-006 -3.255389e-008
 1.875000e+000 -3.758015e-006  7.706856e-008
 2.000000e+000 -3.941330e-006 -2.529691e-008
 2.125000e+000 -3.913552e-006  6.216702e-008
 2.250000e+000 -3.921382e-006 -9.266422e-008
 2.375000e+000 -3.882446e-006 -1.100499e-007
 2.500000e+000 -3.902334e-006 -1.461986e-007
 2.625000e+000 -4.007036e-006 -2.764996e-008
 2.750000e+000 -4.174584e-006  5.583513e-008
 2.875000e+000 -4.247815e-006  7.632025e-008
 3.000000e+000 -4.454772e-006  8.491363e-008
 3.125000e+000 -6.516813e-006  6.949787e-007
 3.250000e+000 -2.324432e-006  6.282680e-007
 3.375000e+000 -3.102779e-006  2.525620e-007
 3.500000e+000 -3.407007e-006  6.770404e-008
 3.625000e+000 -3.624539e-006  2.179854e-007
 3.750000e+000 -3.753206e-006  1.370583e-007
 3.875000e+000 -3.826275e-006  2.367142e-007
 4.000000e+000 -3.767902e-006  1.057483e-007
 4.125000e+000 -3.854286e-006  1.855837e-007
 4.250000e+000 -3.821944e-006  1.647975e-007
 4.375000e+000 -3.818337e-006  1.450445e-007
 4.500000e+000 -4.079905e-006  9.111824e-008
 4.625000e+000 -3.890406e-006  2.774480e-007
 4.750000e+000 -4.018494e-006  1.425720e-007
 4.875000e+000 -4.147905e-006  1.401109e-007
 5.000000e+000 -4.026675e-006  1.164957e-007
 5.125000e+000 -3.994354e-006  1.196583e-007
 5.250000e+000 -4.093077e-006  4.539047e-008
 5.375000e+000 -4.297457e-006  2.051151e-007
 5.500000e+000 -4.227953e-006  2.292358e-007
 5.625000e+000 -4.491630e-006  1.142537e-007
 5.750000e+000 -4.634709e-006  7.134880e-008
 5.875000e+000 -5.435927e-006  1.480638e-007
 6.000000e+000 -2.883594e-006  3.664067e-006
 6.125000e+000 -3.010368e-006  7.074791e-007
 6.250000e+000 -3.573192e-006  3.870738e-007
 6.375000e+000 -3.791009e-006  3.269322e-007
 6.500000e+000 -3.823398e-006  3.833649e-007
 6.625000e+000 -4.040126e-006  3.710013e-007
 6.750000e+000 -3.966043e-006  1.329642e-007
 6.875000e+000 -4.119727e-006  2.296486e-007
 7.000000e+000 -4.119141e-006  2.664967e-007
 7.125000e+000 -4.179521e-006  3.274908e-007
 7.250000e+000 -4.113431e-006  1.815240e-007
 7.375000e+000 -4.221238e-006  2.407222e-007
 7.500000e+000 -4.102742e-006  2.741926e-007
 7.625000e+000 -4.158050e-006  2.974574e-007
 7.750000e+000 -4.314986e-006  2.846238e-007
 7.875000e+000 -4.373327e-006  2.827518e-007
 8.000000e+000 -4.470143e-006  3.108072e-007
 8.125000e+000 -4.526081e-006  2.280353e-007
 8.250000e+000 -4.514160e-006  2.493779e-007
 8.375000e+000 -4.426653e-006  2.788463e-007
 8.500000e+000 -4.460347e-006  3.336970e-007
 8.625000e+000 -4.622865e-006  2.327928e-007
 8.750000e+000 -4.576529e-006  2.117482e-007
 8.875000e+000 -4.598849e-006  3.276384e-007
 9.000000e+000 -4.643486e-006  3.610933e-007
 9.125000e+000 -4.729155e-006  3.087280e-007
 9.250000e+000 -4.811356e-006  2.382044e-007
 9.375000e+000 -4.783396e-006  2.599684e-007
 9.500000e+000 -4.889910e-006  3.907833e-007
 9.625000e+000 -4.917954e-006  3.491649e-007
 9.750000e+000 -4.868742e-006  2.339397e-007
 9.875000e+000 -4.926271e-006  2.074370e-007
 1.000000e+001 -4.933648e-006  2.385810e-007
 1.012500e+001 -4.972435e-006  2.202226e-007
 1.025000e+001 -5.060517e-006  3.402347e-007
 1.037500e+001 -5.106932e-006  1.983224e-007
 1.050000e+001 -5.167165e-006  2.629146e-007
 1.062500e+001 -5.200390e-006  3.306539e-007
 1.075000e+001 -5.107579e-006  2.402264e-007
 1.087500e+001 -5.305605e-006  2.987036e-007
 1.100000e+001 -5.337306e-006  3.393065e-007
 1.112500e+001 -5.419927e-006  2.688619e-007
 1.125000e+001 -5.422707e-006  3.217397e-007
 1.137500e+001 -5.455065e-006  1.924193e-007
 1.150000e+001 -5.440600e-006  2.724827e-007
 1.162500e+001 -5.681675e-006  2.609108e-007
 1.175000e+001 -5.538578e-006  3.302911e-007
 1.187500e+001 -5.750230e-006  2.953117e-007
 1.200000e+001 -5.761219e-006  2.662364e-007
 1.212500e+001 -5.831352e-006  1.511590e-007
 1.225000e+001 -5.808487e-006  3.223781e-007
 1.237500e+001 -5.881020e-006  2.840620e-007
 1.250000e+001 -6.036333e-006  1.699756e-007
 1.262500e+001 -6.149207e-006  2.175100e-007
 1.275000e+001 -6.188214e-006  1.451248e-007
 1.287500e+001 -6.208158e-006  1.835911e-007
 1.300000e+001 -6.369224e-006  2.114762e-007
 1.312500e+001 -6.349929e-006  2.122166e-007
 1.325000e+001 -6.440672e-006  2.027013e-007
 1.337500e+001 -6.543239e-006  1.961768e-007
 1.350000e+001 -6.700387e-006  2.298903e-007
 1.362500e+001 -6.666530e-006  2.629457e-007
 1.375000e+001 -6.842810e-006  1.228985e-007
 1.387500e+001 -6.841302e-006  7.922174e-008
 1.400000e+001 -7.057881e-006  1.156854e-007
 1.412500e+001 -6.980046e-006  1.524452e-007
 1.425000e+001 -7.102473e-006  1.563486e-007
 1.437500e+001 -7.188040e-006  1.581496e-007
 1.450000e+001 -7.311194e-006  1.018825e-007
 1.462500e+001 -7.486049e-006  1.821778e-007
 1.475000e+001 -7.633556e-006  1.176335e-007
 1.487500e+001 -7.704705e-006  1.855432e-007
 1.500000e+001 -7.804676e-006  1.831571e-007
 1.512500e+001 -8.050970e-006  1.568812e-007
 1.525000e+001 -8.072018e-006  5.198725e-008
 1.537500e+001 -8.093234e-006 -5.281863e-008
 1.550000e+001 -8.339750e-006  1.079661e-007
 1.562500e+001 -8.337902e-006  9.275630e-008
 1.575000e+001 -8.617593e-006 -4.818841e-008
 1.587500e+001 -8.710701e-006  3.537395e-008
 1.600000e+001 -8.675642e-006  1.186518e-007
 1.612500e+001 -9.141531e-006 -2.311601e-008
 1.625000e+001 -9.218644e-006 -1.183369e-007
 1.637500e+001 -9.516490e-006 -2.242456e-007
 1.650000e+001 -9.504534e-006 -5.091335e-008
 1.662500e+001 -9.728168e-006 -5.049989e-008
 1.675000e+001 -9.907399e-006 -3.756456e-008
 1.687500e+001 -1.027915e-005 -1.345332e-007
 1.700000e+001 -1.041726e-005 -1.568502e-007
 1.712500e+001 -1.059651e-005 -1.386344e-007
 1.725000e+001 -1.088478e-005 -2.212480e-007
 1.737500e+001 -1.115984e-005 -1.668343e-007
 1.750000e+001 -1.144051e-005 -1.871056e-007
 1.762500e+001 -1.170959e-005 -1.669117e-007
 1.775000e+001 -1.202263e-005 -2.327613e-007
 1.787500e+001 -1.239115e-005 -3.155809e-007
 1.800000e+001 -1.254713e-005 -2.960422e-007
 1.812500e+001 -1.286306e-005 -3.032667e-007
 1.825000e+001 -1.337500e-005 -3.941595e-007
 1.837500e+001 -1.375935e-005 -4.629329e-007
 1.850000e+001 -1.415423e-005 -4.289132e-007
 1.862500e+001 -1.475238e-005 -4.642108e-007
 1.875000e+001 -1.522673e-005 -5.693344e-007
 1.887500e+001 -1.561713e-005 -5.652787e-007
 1.900000e+001 -1.625447e-005 -6.287966e-007
 1.912500e+001 -1.694197e-005 -7.503100e-007
 1.925000e+001 -1.741977e-005 -9.041780e-007
 1.937500e+001 -1.824508e-005 -8.413476e-007
 1.950000e+001 -1.901495e-005 -9.418020e-007
 1.962500e+001 -1.972330e-005 -9.287843e-007
 1.975000e+001 -2.078176e-005 -1.175873e-006
 1.987500e+001 -2.192302e-005 -1.006621e-006
 2.000000e+001 -2.281908e-005 -1.231548e-006
 2.012500e+001 -2.404525e-005 -1.306467e-006
 2.025000e+001 -2.560942e-005 -1.318940e-006
 2.037500e+001 -2.717889e-005 -1.552856e-006
 2.050000e+001 -2.893849e-005 -1.750691e-006
 2.062500e+001 -3.116859e-005 -1.783085e-006
 2.075000e+001 -3.356932e-005 -1.922894e-006
 2.087500e+001 -3.645826e-005 -2.185327e-006
 2.100000e+001 -4.004839e-005 -2.181824e-006
 2.112500e+001 -4.423923e-005 -2.321095e-006
 2.125000e+001 -4.950920e-005 -2.676811e-006
 2.137500e+001 -5.639624e-005 -3.381324e-006
 2.150000e+001 -6.532287e-005 -3.236401e-006
 2.162500e+001 -7.731943e-005 -3.369783e-006
 2.175000e+001 -9.538157e-005 -2.583296e-006
 2.187500e+001 -1.234181e-004 -5.406163e-007
 2.200000e+001 -1.775122e-004  5.719213e-006
 2.212500e+001 -3.043769e-004  4.630001e-005
 2.225000e+001 -5.663310e-004  5.406607e-004
 2.237500e+001  5.877984e-004  1.832753e-004
 2.250000e+001  2.259836e-004  5.432572e-005
 2.262500e+001  1.428459e-004  3.159159e-005
 2.275000e+001  1.055330e-004  1.926720e-005
 2.287500e+001  8.225885e-005  1.433490e-005
 2.300000e+001  6.786562e-005  1.119298e-005
 2.312500e+001  5.739016e-005  9.160152e-006
 2.325000e+001  5.004416e-005  7.906398e-006
 2.337500e+001  4.412355e-005  7.186910e-006
 2.350000e+001  3.939748e-005  6.319780e-006
 2.362500e+001  3.557464e-005  5.962221e-006
 2.375000e+001  3.254578e-005  5.281956e-006
 2.387500e+001  2.997880e-005  4.715841e-006
 2.400000e+001  2.766975e-005  4.467121e-006
 2.412500e+001  2.568589e-005  4.377969e-006
 2.425000e+001  2.413824e-005  4.176158e-006
 2.437500e+001  2.246862e-005  3.814722e-006
 2.450000e+001  2.129978e-005  3.689067e-006
 2.462500e+001  1.986212e-005  3.512692e-006
 2.475000e+001  1.883998e-005  3.439557e-006
 2.487500e+001  1.805159e-005  3.287059e-006
 2.500000e+001  1.704883e-005  3.224740e-006
 2.512500e+001  1.624387e-005  3.039522e-006
 2.525000e+001  1.543996e-005  3.021208e-006
 2.537500e+001  1.478008e-005  2.848181e-006
 2.550000e+001  1.416964e-005  2.757529e-006
 2.562500e+001  1.366031e-005  2.758184e-006
 2.575000e+001  1.311262e-005  2.675135e-006
 2.587500e+001  1.253263e-005  2.637801e-006
 2.600000e+001  1.212578e-005  2.558648e-006
 2.612500e+001  1.158724e-005  2.489516e-006
 2.625000e+001  1.124730e-005  2.371133e-006
 2.637500e+001  1.097218e-005  2.351813e-006
 2.650000e+001  1.048955e-005  2.335692e-006
 2.662500e+001  1.009739e-005  2.293653e-006
 2.675000e+001  9.943641e-006  2.196160e-006
 2.687500e+001  9.598573e-006  2.305533e-006
 2.700000e+001  9.305967e-006  2.138034e-006
 2.712500e+001  8.947086e-006  2.197728e-006
 2.725000e+001  8.805303e-006  2.081987e-006
 2.737500e+001  8.412946e-006  1.966556e-006
 2.750000e+001  8.183455e-006  1.936493e-006
 2.762500e+001  7.969347e-006  1.968507e-006
 2.775000e+001  7.893127e-006  1.973667e-006
 2.787500e+001  7.467114e-006  1.950940e-006
 2.800000e+001  7.366055e-006  1.852092e-006
 2.812500e+001  7.345892e-006  1.956807e-006
 2.825000e+001  7.015730e-006  1.788066e-006
 2.837500e+001  6.762697e-006  1.695727e-006
 2.850000e+001  6.674346e-006  1.812250e-006
 2.862500e+001  6.543587e-006  1.811851e-006
 2.875000e+001  6.331750e-006  1.782979e-006
 2.887500e+001  6.212819e-006  1.682248e-006
 2.900000e+001  5.924210e-006  1.677342e-006
 2.912500e+001  5.875273e-006  1.718696e-006
 2.925000e+001  5.670929e-006  1.643614e-006
 2.937500e+001  5.532896e-006  1.670996e-006
 2.950000e+001  5.503855e-006  1.778614e-006
 2.962500e+001  5.360932e-006  1.619964e-006
 2.975000e+001  5.160885e-006  1.578079e-006
 2.987500e+001  5.113501e-006  1.612510e-006
 3.000000e+001  5.010190e-006  1.588909e-006
 3.012500e+001  4.856165e-006  1.557449e-006
 3.025000e+001  4.711821e-006  1.614468e-006
 3.037500e+001  4.644554e-006  1.508294e-006
 3.050000e+001  4.697282e-006  1.492436e-006
 3.062500e+001  4.522956e-006  1.517075e-006
 3.075000e+001  4.418407e-006  1.515103e-006
 3.087500e+001  4.313052e-006  1.440858e-006
 3.100000e+001  4.273448e-006  1.490072e-006
 3.112500e+001  4.194199e-006  1.457969e-006
 3.125000e+001  4.091728e-006  1.384747e-006
 3.137500e+001  4.038234e-006  1.407597e-006
 3.150000e+001  3.945152e-006  1.428104e-006
 3.162500e+001  3.875319e-006  1.365110e-006
 3.175000e+001  3.825079e-006  1.317436e-006
 3.187500e+001  3.701140e-006  1.445010e-006
 3.200000e+001  3.669989e-006  1.279655e-006
 3.212500e+001  3.488929e-006  1.373243e-006
 3.225000e+001  3.444988e-006  1.375242e-006
 3.237500e+001  3.447677e-006  1.388177e-006
 3.250000e+001  3.497116e-006  1.359463e-006
 3.262500e+001  3.335012e-006  1.204700e-006
 3.275000e+001  3.384694e-006  1.257743e-006
 3.287500e+001  3.317730e-006  1.333702e-006
 3.300000e+001  3.186923e-006  1.247449e-006
 3.312500e+001  3.021918e-006  1.276598e-006
 3.325000e+001  3.018080e-006  1.319190e-006
 3.337500e+001  3.197287e-006  1.248420e-006
 3.350000e+001  2.892164e-006  1.194862e-006
 3.362500e+001  2.843373e-006  1.262231e-006
 3.375000e+001  2.860728e-006  1.231249e-006
 3.387500e+001  2.816756e-006  1.230157e-006
 3.400000e+001  2.710684e-006  1.245398e-006
 3.412500e+001  2.718049e-006  1.059883e-006
 3.425000e+001  2.616964e-006  1.196387e-006
 3.437500e+001  2.534896e-006  1.136564e-006
 3.450000e+001  2.532876e-006  1.180306e-006
 3.462500e+001  2.495739e-006  1.288942e-006
 3.475000e+001  2.495062e-006  1.142948e-006
 3.487500e+001  2.389833e-006  1.221642e-006
 3.500000e+001  2.291609e-006  1.011835e-006
 3.512500e+001  2.346579e-006  1.110815e-006
 3.525000e+001  2.289582e-006  1.168525e-006
 3.537500e+001  2.127126e-006  1.152143e-006
 3.550000e+001  2.215588e-006  1.080437e-006
 3.562500e+001  2.142853e-006  1.134990e-006
 3.575000e+001  2.098310e-006  9.987944e-007
 3.587500e+001  2.029506e-006  9.678521e-007
 3.600000e+001  1.947553e-006  1.033108e-006
 3.612500e+001  2.054286e-006  1.041639e-006
 3.625000e+001  1.912801e-006  9.783114e-007
 3.637500e+001  1.934035e-006  1.005504e-006
 3.650000e+001  1.808125e-006  9.953583e-007
 3.662500e+001  1.780715e-006  1.025457e-006
 3.675000e+001  1.841901e-006  9.883202e-007
 3.687500e+001  1.859751e-006  9.833176e-007
 3.700000e+001  1.808067e-006  9.763370e-007
 3.712500e+001  1.595072e-006  9.818266e-007
 3.725000e+001  1.725270e-006  1.057910e-006
 3.737500e+001  1.595404e-006  9.357971e-007
 3.750000e+001  1.638334e-006  9.814709e-007
 3.762500e+001  1.579476e-006  9.176645e-007
 3.775000e+001  1.553609e-006  9.377667e-007
 3.787500e+001  1.501954e-006  8.427605e-007
 3.800000e+001  1.568734e-006  8.256014e-007
 3.812500e+001  1.532821e-006  8.884348e-007
 3.825000e+001  1.430736e-006  9.257153e-007
 3.837500e+001  1.529790e-006  9.370056e-007
 3.850000e+001  1.252339e-006  8.381644e-007
 3.862500e+001  1.380944e-006  8.873836e-007
 3.875000e+001  1.403273e-006  8.625088e-007
 3.887500e+001  1.239551e-006  7.819265e-007
 3.900000e+001  1.319089e-006  8.337230e-007
 3.912500e+001  1.202327e-006  9.105802e-007
 3.925000e+001  1.219322e-006  9.036004e-007
 3.937500e+001  1.236637e-006  6.826496e-007
 3.950000e+001  1.206085e-006  8.303228e-007
 3.962500e+001  1.281765e-006  7.899933e-007
 3.975000e+001  1.105951e-006  8.364859e-007
 3.987500e+001  1.097538e-006  7.455948e-007
 4.000000e+001  1.032646e-006  6.931721e-007
 4.012500e+001  1.034903e-006  8.377267e-007
 4.025000e+001  1.061288e-006  9.031246e-007
 4.037500e+001  1.004590e-006  5.892907e-007
 4.050000e+001  9.496934e-007  8.242544e-007
 4.062500e+001  9.717924e-007  6.889707e-007
 4.075000e+001  8.837357e-007  7.027930e-007
 4.087500e+001  1.036197e-006  6.769507e-007
 4.100000e+001  9.196748e-007  7.935525e-007
 4.112500e+001  9.541763e-007  7.886248e-007
 4.125000e+001  8.966407e-007  8.115934e-007
 4.137500e+001  9.063204e-007  6.321160e-007
 4.150000e+001  8.888418e-007  7.835097e-007
 4.162500e+001  8.557482e-007  6.521683e-007
 4.175000e+001  7.980294e-007  7.340367e-007
 4.187500e+001  7.907780e-007  7.769294e-007
 4.200000e+001  7.837016e-007  7.512075e-007
 4.212500e+001  7.906802e-007  6.122359e-007
 4.225000e+001  8.636830e-007  6.942359e-007
 4.237500e+001  7.635834e-007  6.147478e-007
 4.250000e+001  6.474223e-007  6.606701e-007
 4.262500e+001  7.078552e-007  5.780563e-007
 4.275000e+001  6.900161e-007  5.831667e-007
 4.287500e+001  7.119296e-007  5.114084e-007
 4.300000e+001  6.136751e-007  6.068466e-007
 4.312500e+001  5.583296e-007  8.115127e-007
 4.325000e+001  5.942204e-007  7.119870e-007
 4.337500e+001  7.057122e-007  5.362698e-007
 4.350000e+001  5.342484e-007  5.914485e-007
 4.362500e+001  5.781213e-007  4.915711e-007
 4.375000e+001  5.436032e-007  5.321835e-007
 4.387500e+001  4.251556e-007  6.217699e-007
 4.400000e+001  5.878225e-007  6.299870e-007
 4.412500e+001  4.373189e-007  5.973290e-007
 4.425000e+001  5.031038e-007  4.550831e-007
 4.437500e+001  4.172488e-007  6.250426e-007
 4.450000e+001  5.148006e-007  4.431635e-007
 4.462500e+001  3.865145e-007  5.015067e-007
 4.475000e+001  3.893902e-007  3.523856e-007
 4.487500e+001  4.808019e-007  4.312142e-007
 4.500000e+001  3.845337e-007  4.537215e-007
 4.512500e+001  4.163986e-007  3.580579e-007
 4.525000e+001  3.520198e-007  3.350748e-007
 4.537500e+001  2.131931e-007  4.447113e-007
 4.550000e+001  3.286432e-007  4.015982e-007
 4.562500e+001  2.966333e-007  5.476506e-007
 4.575000e+001  8.105398e-008  4.301668e-007
 4.587500e+001  1.292768e-007  3.535629e-007
 4.600000e+001  1.818309e-007  4.531704e-007
 4.612500e+001  1.941428e-007  4.904195e-007
 4.625000e+001  2.219648e-007  3.321660e-007
 4.637500e+001  1.176838e-007  3.021238e-007
 4.650000e+001  1.922132e-007  3.626425e-007
 4.662500e+001  2.635610e-007  3.377328e-007
 4.675000e+001  2.053233e-007  3.532882e-007
 4.687500e+001  1.194964e-007  9.478281e-008
 4.700000e+001  1.551906e-007  3.560064e-007
 4.712500e+001  3.280167e-007  3.590789e-007
 4.725000e+001  2.181438e-007  3.672323e-007
 4.737500e+001  9.809250e-008  2.935255e-007
 4.750000e+001  8.162290e-008  3.580584e-007
 4.762500e+001  7.273701e-008  4.382365e-007
 4.775000e+001  1.443627e-007  2.920482e-007
 4.787500e+001  1.257972e-007  2.146202e-007
 4.800000e+001 -2.555137e-008  1.274434e-007
 4.812500e+001 -9.256693e-008  2.735251e-007
 4.825000e+001 -1.454525e-008  2.582388e-007
 4.837500e+001 -7.747913e-008  2.912498e-007
 4.850000e+001 -2.352053e-008  2.500580e-007
 4.862500e+001  1.103546e-007  2.392845e-007
 4.875000e+001 -1.511898e-007  2.856243e-007
 4.887500e+001 -9.483063e-008  2.026618e-007
 4.900000e+001 -3.006511e-008  2.281608e-007
 4.912500e+001 -6.870360e-008  1.824502e-007
 4.925000e+001  2.988891e-008  1.175003e-007
 4.937500e+001 -1.715020e-008  1.460286e-007
 4.950000e+001 -7.145352e-009  2.533185e-007
 4.962500e+001 -5.788119e-008  2.432109e-007
 4.975000e+001  1.523864e-008  3.133317e-007
 4.987500e+001 -1.351722e-007  4.956025e-008
 5.000000e+001 -1.527786e-007  3.967176e-007
 5.012500e+001 -6.009537e-008  1.674063e-007
 5.025000e+001 -1.383325e-007  1.420864e-007
 5.037500e+001 -5.562662e-008  1.776815e-007
 5.050000e+001 -1.901363e-007  1.684729e-007
 5.062500e+001 -6.060223e-008  9.841031e-008
 5.075000e+001 -6.412364e-008  7.593792e-008
 5.087500e+001 -1.433661e-007  2.512648e-008
 5.100000e+001 -9.182997e-008 -1.194507e-010
 5.112500e+001 -8.937060e-008 -5.359408e-009
 5.125000e+001 -2.831579e-007 -8.348774e-008
 5.137500e+001 -2.492364e-007  2.116614e-008
 5.150000e+001 -3.134685e-007 -2.295880e-008
 5.162500e+001 -4.171139e-007 -3.388736e-009
 5.175000e+001 -3.641725e-007 -2.846920e-008
 5.187500e+001 -2.107983e-007 -5.352491e-008
 5.200000e+001 -2.211681e-007 -4.889104e-009
 5.212500e+001 -3.563904e-007 -1.323525e-007
 5.225000e+001 -1.897845e-007  2.139520e-008
 5.237500e+001 -4.015268e-007  1.846335e-008
 5.250000e+001 -3.381277e-007 -1.755604e-007
 5.262500e+001 -3.826211e-007  5.364289e-009
 5.275000e+001 -2.237856e-007  6.575733e-008
 5.287500e+001 -3.849731e-007 -1.985925e-008
 5.300000e+001 -4.115709e-007 -9.834605e-008
 5.312500e+001 -4.885799e-007 -1.451629e-007
 5.325000e+001 -3.995712e-007 -1.006773e-007
 5.337500e+001 -3.921282e-007 -7.499916e-008
 5.350000e+001 -4.482133e-007 -3.681802e-008
 5.362500e+001 -2.669061e-007 -2.776396e-008
 5.375000e+001 -5.138608e-007 -2.512754e-007
 5.387500e+001 -4.407642e-007 -6.714280e-008
 5.400000e+001 -4.020678e-007 -1.070621e-007
 5.412500e+001 -3.720963e-007  1.237771e-009
 5.425000e+001 -4.942179e-007 -1.381504e-007
 5.437500e+001 -3.813106e-007 -1.195639e-007
 5.450000e+001 -4.851370e-007 -2.440220e-007
 5.462500e+001 -4.109420e-007 -1.104590e-007
 5.475000e+001 -3.950265e-007 -2.066431e-007
 5.487500e+001 -4.781569e-007 -2.409865e-007
 5.500000e+001 -5.127418e-007 -1.510302e-007
 5.512500e+001 -5.188230e-007 -1.516406e-007
 5.525000e+001 -4.361564e-007 -1.242604e-007
 5.537500e+001 -4.456884e-007 -2.521262e-007
 5.550000e+001 -5.741297e-007 -1.835131e-007
 5.562500e+001 -5.286013e-007 -2.327829e-007
 5.575000e+001 -7.151153e-007 -2.074174e-007
 5.587500e+001 -6.351989e-007 -2.421484e-007
 5.600000e+001 -6.350934e-007 -1.927753e-007
 5.612500e+001 -6.779840e-007 -1.318673e-007
 5.625000e+001 -6.616638e-007 -3.463347e-007
 5.637500e+001 -6.142979e-007 -2.395789e-007
 5.650000e+001 -7.211959e-007 -3.351896e-007
 5.662500e+001 -6.710475e-007 -2.523061e-007
 5.675000e+001 -6.718872e-007 -2.629909e-007
 5.687500e+001 -7.450349e-007 -2.200668e-007
 5.700000e+001 -6.354766e-007 -1.949074e-007
 5.712500e+001 -6.309192e-007 -8.906673e-008
 5.725000e+001 -6.333949e-007 -1.577240e-007
 5.737500e+001 -7.630602e-007 -1.337869e-007
 5.750000e+001 -5.377839e-007 -4.037627e-007
 5.762500e+001 -7.965175e-007 -1.859295e-007
 5.775000e+001 -7.997606e-007 -1.728487e-007
 5.787500e+001 -6.876296e-007 -3.333512e-007
 5.800000e+001 -7.245614e-007 -2.093854e-007
 5.812500e+001 -6.787256e-007 -3.236197e-007
 5.825000e+001 -7.209456e-007 -3.076074e-007
 5.837500e+001 -6.732285e-007 -2.160173e-007
 5.850000e+001 -7.930564e-007 -2.219209e-007
 5.862500e+001 -6.425687e-007 -2.157178e-007
 5.875000e+001 -8.105477e-007 -4.305631e-007
 5.887500e+001 -8.609190e-007 -2.225802e-007
 5.900000e+001 -8.602056e-007 -2.335959e-007
 5.912500e+001 -8.206708e-007 -3.652447e-007
 5.925000e+001 -8.663398e-007 -3.867240e-007
 5.937500e+001 -8.978429e-007 -2.700026e-007
 5.950000e+001 -8.886021e-007 -3.929410e-007
 5.962500e+001 -8.358803e-007 -3.351300e-007
 5.975000e+001 -9.596171e-007 -4.799599e-007
 5.987500e+001 -8.178579e-007 -3.919436e-007
 6.000000e+001 -1.014853e-006 -2.697312e-007
 6.012500e+001 -9.198565e-007 -3.689468e-007
 6.025000e+001 -9.501153e-007 -1.038774e-007
 6.037500e+001 -8.693588e-007 -3.348174e-007
 6.050000e+001 -9.566413e-007 -2.640972e-007
 6.062500e+001 -1.191458e-006 -3.899584e-007
 6.075000e+001 -1.124933e-006 -3.396679e-007
 6.087500e+001 -1.153029e-006 -3.372786e-007
 6.100000e+001 -1.066659e-006 -4.646948e-007
 6.112500e+001 -1.056551e-006 -5.079296e-007
 6.125000e+001 -1.048886e-006 -2.879195e-007
 6.137500e+001 -1.128565e-006 -5.728461e-007
 6.150000e+001 -1.140066e-006 -5.706357e-007
 6.162500e+001 -1.168416e-006 -4.002474e-007
 6.175000e+001 -1.117877e-006 -4.519187e-007
 6.187500e+001 -1.190926e-006 -3.081165e-007
 6.200000e+001 -1.061307e-006 -3.988163e-007
 6.212500e+001 -1.176316e-006 -4.302056e-007
 6.225000e+001 -1.200296e-006 -3.471849e-007
 6.237500e+001 -1.299480e-006 -4.814541e-007
 6.250000e+001 -1.270181e-006 -4.583817e-007
 6.262500e+001 -1.290412e-006 -4.058699e-007
 6.275000e+001 -1.226429e-006 -4.656513e-007
 6.287500e+001 -1.336150e-006 -3.959638e-007
 6.300000e+001 -1.391575e-006 -4.555785e-007
 6.312500e+001 -1.392766e-006 -3.558963e-007
 6.325000e+001 -1.366532e-006 -5.696411e-007
 6.337500e+001 -1.390069e-006 -4.393141e-007
 6.350000e+001 -1.521954e-006 -6.327475e-007
 6.362500e+001 -1.432335e-006 -4.127848e-007
 6.375000e+001 -1.413634e-006 -4.105026e-007
 6.387500e+001 -1.435521e-006 -6.644057e-007
 6.400000e+001 -1.472891e-006 -2.675517e-007
 6.412500e+001 -1.462765e-006 -2.906988e-007
 6.425000e+001 -1.717314e-006 -5.454783e-007
 6.437500e+001 -1.482032e-006 -5.186325e-007
 6.450000e+001 -1.659802e-006 -4.213675e-007
 6.462500e+001 -1.676379e-006 -4.923077e-007
 6.475000e+001 -1.674312e-006 -5.023184e-007
 6.487500e+001 -1.776261e-006 -5.432175e-007
 6.500000e+001 -1.842540e-006 -6.285106e-007
 6.512500e+001 -1.647036e-006 -4.726455e-007
 6.525000e+001 -1.914781e-006 -4.889373e-007
 6.537500e+001 -1.807165e-006 -5.726404e-007
 6.550000e+001 -2.031244e-006 -7.019180e-007
 6.562500e+001 -1.928455e-006 -4.973646e-007
 6.575000e+001 -1.953293e-006 -6.120031e-007
 6.587500e+001 -2.088191e-006 -7.048296e-007
 6.600000e+001 -1.968323e-006 -5.396477e-007
 6.612500e+001 -2.199119e-006 -3.378507e-007
 6.625000e+001 -2.084464e-006 -5.802851e-007
 6.637500e+001 -2.296134e-006 -5.146561e-007
 6.650000e+001 -2.235428e-006 -4.635540e-007
 6.662500e+001 -2.173795e-006 -4.353411e-007
 6.675000e+001 -2.167317e-006 -5.749193e-007
 6.687500e+001 -2.234286e-006 -6.460595e-007
 6.700000e+001 -2.447154e-006 -5.560488e-007
 6.712500e+001 -2.335928e-006 -4.183844e-007
 6.725000e+001 -2.648771e-006 -5.498498e-007
 6.737500e+001 -2.464487e-006 -4.229593e-007
 6.750000e+001 -2.709624e-006 -5.756002e-007
 6.762500e+001 -2.859857e-006 -6.140940e-007
 6.775000e+001 -2.715059e-006 -6.413859e-007
 6.787500e+001 -2.816059e-006 -5.975982e-007
 6.800000e+001 -2.792130e-006 -7.856879e-007
 6.812500e+001 -3.077202e-006 -6.622145e-007
 6.825000e+001 -3.140714e-006 -4.393630e-007
 6.837500e+001 -3.164252e-006 -6.936302e-007
 6.850000e+001 -3.138795e-006 -6.786691e-007
 6.862500e+001 -3.392574e-006 -6.943519e-007
 6.875000e+001 -3.444379e-006 -7.168603e-007
 6.887500e+001 -3.773936e-006 -7.452225e-007
 6.900000e+001 -3.684414e-006 -7.502337e-007
 6.912500e+001 -3.890490e-006 -7.670960e-007
 6.925000e+001 -4.143108e-006 -5.633599e-007
 6.937500e+001 -4.315157e-006 -8.296755e-007
 6.950000e+001 -4.465219e-006 -6.441480e-007
 6.962500e+001 -4.570238e-006 -6.310105e-007
 6.975000e+001 -4.864817e-006 -6.499113e-007
 6.987500e+001 -5.068486e-006 -7.847702e-007
 7.000000e+001 -5.163873e-006 -6.544227e-007
 7.012500e+001 -5.801425e-006 -4.998704e-007
 7.025000e+001 -5.739098e-006 -7.239072e-007
 7.037500e+001 -6.111937e-006 -4.721298e-007
 7.050000e+001 -6.480391e-006 -5.305315e-007
 7.062500e+001 -6.658720e-006 -3.551272e-007
 7.075000e+001 -7.179905e-006 -4.131000e-007
 7.087500e+001 -7.807096e-006 -4.562242e-007
 7.100000e+001 -8.239659e-006 -2.566278e-007
 7.112500e+001 -8.723176e-006 -3.528771e-007
 7.125000e+001 -9.590628e-006 -1.993141e-008
 7.137500e+001 -1.004902e-005  2.156469e-007
 7.150000e+001 -1.114013e-005  4.884989e-007
 7.162500e+001 -1.215681e-005  9.437508e-007
 7.175000e+001 -1.333468e-005  1.163982e-006
 7.187500e+001 -1.512893e-005  1.883852e-006
 7.200000e+001 -1.674737e-005  3.120330e-006
 7.212500e+001 -1.895090e-005  4.388795e-006
 7.225000e+001 -2.170337e-005  6.778960e-006
 7.237500e+001 -2.491423e-005  1.018338e-005
 7.250000e+001 -2.816827e-005  1.598357e-005
 7.262500e+001 -3.042109e-005  2.521709e-005
 7.275000e+001 -2.903196e-005  3.964878e-005
 7.287500e+001 -1.542711e-005  5.639735e-005
 7.300000e+001  1.424719e-005  6.040977e-005
 7.312500e+001  3.314449e-005  3.715194e-005
 7.325000e+001  2.858946e-005  1.871990e-005
 7.337500e+001  2.263139e-005  1.194210e-005
 7.350000e+001  1.883830e-005  8.873037e-006
 7.362500e+001  1.604353e-005  7.137284e-006
 7.375000e+001  1.402425e-005  5.984964e-006
 7.387500e+001  1.262572e-005  4.858706e-006
 7.400000e+001  1.136999e-005  4.371718e-006
 7.412500e+001  1.013576e-005  3.963728e-006
 7.425000e+001  9.571858e-006  3.487595e-006
 7.437500e+001  8.812637e-006  3.145933e-006
 7.450000e+001  8.224460e-006  2.960717e-006
 7.462500e+001  7.641900e-006  2.655228e-006
 7.475000e+001  7.232601e-006  2.574006e-006
 7.487500e+001  6.627025e-006  2.227725e-006
 7.500000e+001  6.461857e-006  2.377963e-006
 7.512500e+001  6.009169e-006  2.152473e-006
 7.525000e+001  5.843450e-006  2.042685e-006
 7.537500e+001  5.344786e-006  1.860615e-006
 7.550000e+001  5.459498e-006  1.652688e-006
 7.562500e+001  5.149081e-006  1.656382e-006
 7.575000e+001  4.949076e-006  1.573854e-006
 7.587500e+001  4.948037e-006  1.539418e-006
 7.600000e+001  4.629963e-006  1.413765e-006
 7.612500e+001  4.459855e-006  1.640822e-006
 7.625000e+001  3.969606e-006  1.572479e-006
 7.637500e+001  4.215431e-006  1.454861e-006
 7.650000e+001  4.021355e-006  1.396875e-006
 7.662500e+001  3.930079e-006  1.186499e-006
 7.675000e+001  3.560545e-006  1.417877e-006
 7.687500e+001  3.667228e-006  1.275241e-006
 7.700000e+001  3.605226e-006  1.301519e-006
 7.712500e+001  3.566609e-006  1.297396e-006
 7.725000e+001  3.413843e-006  1.239242e-006
 7.737500e+001  3.379066e-006  1.236802e-006
 7.750000e+001  3.163974e-006  1.470005e-006
 7.762500e+001  3.212720e-006  1.232343e-006
 7.775000e+001  3.083211e-006  1.093049e-006
 7.787500e+001  2.864566e-006  1.064110e-006
 7.800000e+001  3.019672e-006  1.259947e-006
 7.812500e+001  2.806887e-006  1.145328e-006
 7.825000e+001  3.035286e-006  9.761282e-007
 7.837500e+001  2.638363e-006  9.165040e-007
 7.850000e+001  2.704840e-006  1.067763e-006
 7.862500e+001  2.629339e-006  9.526868e-007
 7.875000e+001  2.550627e-006  1.095117e-006
 7.887500e+001  2.657737e-006  9.389622e-007
 7.900000e+001  2.493697e-006  1.150285e-006
 7.912500e+001  2.381539e-006  9.534604e-007
 7.925000e+001  2.107612e-006  1.017182e-006
 7.937500e+001  2.262035e-006  1.045203e-006
 7.950000e+001  2.165222e-006  1.079138e-006
 7.962500e+001  2.209886e-006  1.226019e-006
 7.975000e+001  2.519243e-006  1.102042e-006
 7.987500e+001  2.199714e-006  1.231958e-006
 8.000000e+001  2.247185e-006  9.942094e-007
 8.012500e+001  2.232743e-006  9.107318e-007
 8.025000e+001  2.026522e-006  8.597752e-007
 8.037500e+001  1.987016e-006  9.829731e-007
 8.050000e+001  1.979311e-006  1.072244e-006
 8.062500e+001  1.955754e-006  1.022705e-006
 8.075000e+001  1.981805e-006  9.624947e-007
 8.087500e+001  1.941293e-006  8.481805e-007
 8.100000e+001  2.100821e-006  9.392511e-007
 8.112500e+001  1.918897e-006  8.890463e-007
 8.125000e+001  1.854025e-006  9.655847e-007
 8.137500e+001  1.674902e-006  9.617261e-007
 8.150000e+001  1.752578e-006  7.976964e-007
 8.162500e+001  1.757937e-006  7.062806e-007
 8.175000e+001  1.856792e-006  1.138402e-006
 8.187500e+001  1.531565e-006  7.270126e-007
 8.200000e+001  1.649091e-006  1.051173e-006
 8.212500e+001  1.370749e-006  9.558845e-007
 8.225000e+001  1.511433e-006  7.308355e-007
 8.237500e+001  1.546783e-006  8.207883e-007
 8.250000e+001  1.525902e-006  9.799374e-007
 8.262500e+001  1.338390e-006  7.279287e-007
 8.275000e+001  1.338342e-006  8.081519e-007
 8.287500e+001  1.326326e-006  8.848310e-007
 8.300000e+001  1.302740e-006  1.047134e-006
 8.312500e+001  1.314321e-006  8.187518e-007
 8.325000e+001  1.238897e-006  9.748249e-007
 8.337500e+001  1.223978e-006  8.734735e-007
 8.350000e+001  1.114011e-006  1.007785e-006
 8.362500e+001  8.623519e-007  9.909071e-007
 8.375000e+001  9.431384e-007  7.778874e-007
 8.387500e+001  7.935823e-007  8.794468e-007
 8.400000e+001  8.296203e-007  1.059798e-006
 8.412500e+001  8.704349e-007  9.701133e-007
 8.425000e+001  9.142775e-007  6.652869e-007
 8.437500e+001  9.393656e-007  8.558688e-007
 8.450000e+001  9.536627e-007  8.359546e-007
 8.462500e+001  7.292918e-007  9.782401e-007
 8.475000e+001  5.445768e-007  9.909568e-007
 8.487500e+001  5.965800e-007  1.074674e-006
 8.500000e+001  8.313422e-007  9.182352e-007
 8.512500e+001  5.513371e-007  1.021552e-006
 8.525000e+001  6.300060e-007  9.434517e-007
 8.537500e+001  3.298651e-007  1.097773e-006
 8.550000e+001  2.999576e-007  1.155464e-006
 8.562500e+001  2.508117e-007  1.039946e-006
 8.575000e+001  4.131282e-007  1.041890e-006
 8.587500e+001  3.004185e-007  1.117968e-006
 8.600000e+001 -5.358450e-008  1.106213e-006
 8.612500e+001 -4.193160e-008  1.216770e-006
 8.625000e+001  4.201577e-008  1.251788e-006
 8.637500e+001 -7.312824e-008  1.177592e-006
 8.650000e+001 -1.534074e-007  1.135096e-006
 8.662500e+001 -2.416840e-007  1.224672e-006
 8.675000e+001 -4.358145e-007  1.134320e-006
 8.687500e+001 -3.890359e-007  1.030243e-006
 8.700000e+001 -3.554501e-007  1.397832e-006
 8.712500e+001 -6.365772e-007  1.401205e-006
 8.725000e+001 -7.859361e-007  1.403103e-006
 8.737500e+001 -9.441806e-007  1.323160e-006
 8.750000e+001 -1.299179e-006  1.732409e-006
 8.762500e+001 -1.162516e-006  1.624658e-006
 8.775000e+001 -1.543119e-006  1.770759e-006
 8.787500e+001 -1.779941e-006  1.711016e-006
 8.800000e+001 -2.056699e-006  1.869502e-006
 8.812500e+001 -2.039295e-006  2.098167e-006
 8.825000e+001 -2.311212e-006  2.162364e-006
 8.837500e+001 -2.514939e-006  2.546862e-006
 8.850000e+001 -2.691083e-006  2.579202e-006
 8.862500e+001 -2.995890e-006  2.886827e-006
 8.875000e+001 -3.270829e-006  3.165607e-006
 8.887500e+001 -3.913176e-006  3.163148e-006
 8.900000e+001 -4.080093e-006  3.647621e-006
 8.912500e+001 -4.403425e-006  4.294381e-006
 8.925000e+001 -4.888623e-006  4.917396e-006
 8.937500e+001 -5.292718e-006  5.677428e-006
 8.950000e+001 -6.127060e-006  6.408020e-006
 8.962500e+001 -6.430545e-006  8.035389e-006
 8.975000e+001 -6.744612e-006  9.446463e-006
 8.987500e+001 -7.154012e-006  1.152980e-005
 9.000000e+001 -6.905406e-006  1.408071e-005
 9.012500e+001 -5.763670e-006  1.800103e-005
 9.025000e+001 -3.215173e-006  2.184616e-005
 9.037500e+001  2.186744e-006  2.523453e-005
 9.050000e+001  1.040291e-005  2.562159e-005
 9.062500e+001  1.856186e-005  2.049897e-005
 9.075000e+001  2.041475e-005  1.187740e-005
 9.087500e+001  1.761690e-005  6.135838e-006
 9.100000e+001  1.477082e-005  4.003893e-006
 9.112500e+001  1.296234e-005  2.913243e-006
 9.125000e+001  1.181382e-005  2.552665e-006
 9.137500e+001  1.063689e-005  1.868715e-006
 9.150000e+001  1.013487e-005  1.547772e-006
 9.162500e+001  9.424927e-006  1.161495e-006
 9.175000e+001  8.704471e-006  9.069273e-007
 9.187500e+001  8.188749e-006  7.336583e-007
 9.200000e+001  7.764894e-006  1.005157e-006
 9.212500e+001  7.518352e-006  5.162834e-007
 9.225000e+001  7.216514e-006  5.225565e-007
 9.237500e+001  7.021907e-006  5.766641e-007
 9.250000e+001  6.554451e-006  2.466425e-007
 9.262500e+001  6.519129e-006  2.595190e-007
 9.275000e+001  6.322557e-006  1.970392e-007
 9.287500e+001  6.023671e-006  3.056043e-007
 9.300000e+001  5.843941e-006  4.193284e-007
 9.312500e+001  5.770748e-006  1.193724e-007
 9.325000e+001  5.823056e-006  3.711546e-008
 9.337500e+001  5.568061e-006  1.042986e-007
 9.350000e+001  5.395183e-006 -1.367219e-007
 9.362500e+001  5.190495e-006  1.848277e-007
 9.375000e+001  5.219130e-006 -1.820698e-007
 9.387500e+001  4.883965e-006 -4.168409e-007
 9.400000e+001  5.006212e-006  2.226406e-007
 9.412500e+001  4.681523e-006 -3.641270e-008
 9.425000e+001  4.480387e-006  5.861169e-008
 9.437500e+001  4.509487e-006 -1.367272e-007
 9.450000e+001  4.412891e-006 -4.073112e-007
 9.462500e+001  4.553021e-006 -3.171978e-007
 9.475000e+001  4.333022e-006 -4.218980e-007
 9.487500e+001  4.260882e-006  1.305145e-007
 9.500000e+001  4.075239e-006 -6.626457e-007
 9.512500e+001  4.108772e-006 -6.006719e-007
 9.525000e+001  3.846393e-006 -2.025263e-007
 9.537500e+001  3.916357e-006 -3.356283e-007
 9.550000e+001  3.834642e-006 -3.224307e-007
 9.562500e+001  3.820026e-006 -4.755774e-007
 9.575000e+001  3.833390e-006 -3.058738e-007
 9.587500e+001  3.793975e-006 -2.900676e-007
 9.600000e+001  3.934836e-006 -2.666368e-007
 9.612500e+001  3.318089e-006 -4.190660e-007
 9.625000e+001  3.260992e-006 -2.233111e-007
 9.637500e+001  3.820008e-006 -7.293654e-007
 9.650000e+001  3.511572e-006 -2.606667e-007
 9.662500e+001  3.181361e-006 -3.792819e-007
 9.675000e+001  3.375216e-006 -2.494426e-007
 9.687500e+001  3.108384e-006 -5.784499e-007
 9.700000e+001  3.017026e-006 -4.235855e-007
 9.712500e+001  3.061173e-006 -4.375516e-007
 9.725000e+001  3.175267e-006 -6.646864e-007
 9.737500e+001  2.979604e-006 -7.274635e-007
 9.750000e+001  3.161806e-006 -7.359135e-007
 9.762500e+001  2.927177e-006 -5.851230e-007
 9.775000e+001  2.914112e-006 -7.748988e-007
 9.787500e+001  3.023891e-006 -6.356384e-007
 9.800000e+001  2.699099e-006 -7.765704e-007
 9.812500e+001  3.203871e-006 -6.820607e-007
 9.825000e+001  2.649428e-006 -8.623014e-007
 9.837500e+001  2.827427e-006 -8.480983e-007
 9.850000e+001  3.009259e-006 -6.595809e-007
 9.862500e+001  2.669248e-006 -4.026231e-007
 9.875000e+001  2.642186e-006 -7.776818e-007
 9.887500e+001  2.654833e-006 -9.189894e-007
 9.900000e+001  2.600245e-006 -8.262145e-007
 9.912500e+001  2.596191e-006 -5.779038e-007
 9.925000e+001  2.777031e-006 -6.620594e-007
 9.937500e+001  2.612936e-006 -7.463692e-007
 9.950000e+001  2.568535e-006 -7.548125e-007
 9.962500e+001  2.545958e-006 -9.625717e-007
 9.975000e+001  2.219980e-006 -9.366762e-007
 9.987500e+001  2.427611e-006 -9.655235e-007
 1.000000e+002  2.344066e-006 -9.404246e-007
 1.001250e+002  2.407006e-006 -9.522672e-007
 1.002500e+002  2.190516e-006 -9.513892e-007
 1.003750e+002  2.216980e-006 -1.100154e-006
 1.005000e+002  2.255620e-006 -7.952289e-007
 1.006250e+002  2.222228e-006 -9.303519e-007
 1.007500e+002  1.985286e-006 -6.727689e-007
 1.008750e+002  2.214585e-006 -9.109342e-007
 1.010000e+002  2.667616e-006 -1.044923e-006
 1.011250e+002  2.175238e-006 -1.170110e-006
 1.012500e+002  2.075650e-006 -1.035345e-006
 1.013750e+002  1.922813e-006 -1.012227e-006
 1.015000e+002  2.487432e-006 -1.010127e-006
 1.016250e+002  1.944690e-006 -1.043982e-006
 1.017500e+002  2.033641e-006 -1.049620e-006
 1.018750e+002  1.695762e-006 -1.101345e-006
 1.020000e+002  1.638179e-006 -1.424487e-006
 1.021250e+002  2.042742e-006 -9.877574e-007
 1.022500e+002  1.832398e-006 -1.070015e-006
 1.023750e+002  1.758702e-006 -1.290620e-006
 1.025000e+002  1.964203e-006 -1.025729e-006
 1.026250e+002  2.019626e-006 -1.124710e-006
 1.027500e+002  1.717263e-006 -9.222387e-007
 1.028750e+002  1.531707e-006 -1.050693e-006
 1.030000e+002  1.698798e-006 -9.817356e-007
 1.031250e+002  1.745013e-006 -1.111815e-006
 1.032500e+002  1.801064e-006 -7.775823e-007
 1.033750e+002  1.564844e-006 -1.097167e-006
 1.035000e+002  1.895089e-006 -1.278792e-006
 1.036250e+002  1.382582e-006 -1.242602e-006
 1.037500e+002  1.440445e-006 -1.359740e-006
 1.038750e+002  1.582380e-006 -1.557591e-006
 1.040000e+002  1.979775e-006 -1.153984e-006
 1.041250e+002  1.462059e-006 -1.003002e-006
 1.042500e+002  1.368032e-006 -1.451810e-006
 1.043750e+002  1.435571e-006 -1.243440e-006
 1.045000e+002  1.352700e-006 -1.165864e-006
 1.046250e+002  1.328069e-006 -1.452472e-006
 1.047500e+002  1.619995e-006 -1.393043e-006
 1.048750e+002  1.552201e-006 -1.011457e-006
 1.050000e+002  1.235309e-006 -1.332513e-006
 1.051250e+002  1.303635e-006 -1.599107e-006
 1.052500e+002  1.777300e-006 -1.410108e-006
 1.053750e+002  1.005174e-006 -1.401658e-006
 1.055000e+002  1.283158e-006 -1.352253e-006
 1.056250e+002  8.559245e-007 -1.300490e-006
 1.057500e+002  1.155703e-006 -1.703505e-006
 1.058750e+002  1.051908e-006 -1.391853e-006
 1.060000e+002  7.368234e-007 -1.204182e-006
 1.061250e+002  1.132025e-006 -1.420910e-006
 1.062500e+002  1.046152e-006 -1.331084e-006
 1.063750e+002  1.047511e-006 -1.421809e-006
 1.065000e+002  1.092857e-006 -1.188442e-006
 1.066250e+002  9.633603e-007 -1.125784e-006
 1.067500e+002  8.740591e-007 -1.362678e-006
 1.068750e+002  8.720339e-007 -1.163314e-006
 1.070000e+002  1.144226e-006 -1.344951e-006
 1.071250e+002  7.866151e-007 -1.370219e-006
 1.072500e+002  6.777246e-007 -1.697683e-006
 1.073750e+002  9.757155e-007 -1.514768e-006
 1.075000e+002  9.531389e-007 -1.590731e-006
 1.076250e+002  9.423788e-007 -1.743921e-006
 1.077500e+002  1.064134e-006 -1.334686e-006
 1.078750e+002  7.052598e-007 -1.463395e-006
 1.080000e+002  8.230702e-007 -1.594512e-006
 1.081250e+002  9.116641e-007 -1.572844e-006
 1.082500e+002  5.970302e-007 -1.575425e-006
 1.083750e+002  6.443969e-007 -1.610896e-006
 1.085000e+002  9.899856e-007 -1.436342e-006
 1.086250e+002  7.104121e-007 -1.157807e-006
 1.087500e+002  4.182455e-007 -1.316490e-006
 1.088750e+002  6.437674e-007 -1.526990e-006
 1.090000e+002  7.949392e-007 -1.635949e-006
 1.091250e+002  6.580045e-007 -1.570835e-006
 1.092500e+002  7.166173e-007 -1.343769e-006
 1.093750e+002  7.008296e-007 -1.361309e-006
 1.095000e+002  6.619951e-007 -1.465746e-006
 1.096250e+002  5.855799e-007 -1.473892e-006
 1.097500e+002  7.895943e-007 -1.597092e-006
 1.098750e+002  4.685059e-007 -1.554428e-006
 1.100000e+002  6.101861e-007 -1.351776e-006
 1.101250e+002  3.084130e-007 -1.848302e-006
 1.102500e+002  5.587748e-007 -1.266324e-006
 1.103750e+002  3.282706e-007 -1.719750e-006
 1.105000e+002  3.225756e-007 -1.395108e-006
 1.106250e+002  1.964691e-007 -1.648802e-006
 1.107500e+002  3.441510e-007 -1.511800e-006
 1.108750e+002  4.581167e-007 -1.387304e-006
 1.110000e+002  9.431170e-008 -1.213882e-006
 1.111250e+002  4.924588e-007 -1.344820e-006
 1.112500e+002  7.858574e-008 -1.334528e-006
 1.113750e+002  1.456963e-007 -1.601790e-006
 1.115000e+002  7.565952e-008 -1.423117e-006
 1.116250e+002  2.819170e-008 -1.283768e-006
 1.117500e+002  1.461695e-007 -1.742172e-006
 1.118750e+002  2.926863e-007 -1.568375e-006
 1.120000e+002  4.440561e-007 -1.557978e-006
 1.121250e+002 -1.675278e-007 -1.376148e-006
 1.122500e+002  6.672509e-007 -1.506616e-006
 1.123750e+002 -1.365112e-008 -1.491360e-006
 1.125000e+002  3.823893e-008 -1.530385e-006
 1.126250e+002  1.326925e-007 -1.217003e-006
 1.127500e+002  4.222720e-007 -1.069244e-006
 1.128750e+002  1.580929e-007 -1.283894e-006
 1.130000e+002 -2.472369e-008 -1.532036e-006
 1.131250e+002  1.773224e-008 -1.356832e-006
 1.132500e+002  9.800735e-008 -1.335829e-006
 1.133750e+002  8.292651e-008 -1.263505e-006
 1.135000e+002 -2.011470e-007 -1.483810e-006
 1.136250e+002  1.159920e-007 -1.554436e-006
 1.137500e+002 -3.181224e-008 -1.419841e-006
 1.138750e+002  3.836766e-007 -1.144945e-006
 1.140000e+002 -2.061432e-007 -1.591895e-006
 1.141250e+002 -4.675026e-008 -1.392831e-006
 1.142500e+002 -1.199452e-007 -1.541046e-006
 1.143750e+002 -3.065025e-008 -1.226921e-006
 1.145000e+002 -3.028122e-007 -1.261202e-006
 1.146250e+002 -2.064196e-007 -1.385277e-006
 1.147500e+002 -3.260676e-007 -1.604333e-006
 1.148750e+002  1.257486e-008 -1.484973e-006
 1.150000e+002 -1.691442e-007 -1.427760e-006
 1.151250e+002 -8.630472e-010 -1.552015e-006
 1.152500e+002 -2.804165e-007 -1.225305e-006
 1.153750e+002 -7.688252e-008 -1.509998e-006
 1.155000e+002  2.499652e-007 -1.613670e-006
 1.156250e+002  1.221837e-007 -1.489725e-006
 1.157500e+002 -7.361035e-008 -1.399700e-006
 1.158750e+002 -2.297163e-007 -1.277294e-006
 1.160000e+002  3.598139e-008 -1.075764e-006
 1.161250e+002 -7.295545e-008 -1.183473e-006
 1.162500e+002 -1.920000e-007 -1.549753e-006
 1.163750e+002 -4.175189e-007 -1.274595e-006
 1.165000e+002 -1.828893e-007 -1.300360e-006
 1.166250e+002 -2.284548e-007 -1.340583e-006
 1.167500e+002 -3.766827e-008 -1.093990e-006
 1.168750e+002 -2.902687e-007 -1.291190e-006
 1.170000e+002 -1.883196e-008 -1.106789e-006
 1.171250e+002 -3.952067e-007 -1.221801e-006
 1.172500e+002 -2.270044e-007 -1.539497e-006
 1.173750e+002 -3.846456e-007 -1.107675e-006
 1.175000e+002 -3.259918e-007 -1.331901e-006
 1.176250e+002 -5.838958e-007 -1.154736e-006
 1.177500e+002  2.277472e-008 -1.231306e-006
 1.178750e+002 -2.737628e-007 -1.063035e-006
 1.180000e+002 -1.995470e-007 -1.391831e-006
 1.181250e+002 -4.814629e-007 -9.845179e-007
 1.182500e+002 -1.685650e-007 -1.394368e-006
 1.183750e+002 -4.526138e-007 -9.943506e-007
 1.185000e+002 -6.346333e-008 -1.112170e-006
 1.186250e+002 -2.385044e-007 -1.082250e-006
 1.187500e+002 -2.582197e-007 -1.113495e-006
 1.188750e+002 -1.417532e-007 -1.224303e-006
 1.190000e+002 -9.841627e-008 -1.312056e-006
 1.191250e+002 -2.348236e-007 -9.905858e-007
 1.192500e+002 -3.996451e-007 -1.067757e-006
 1.193750e+002 -2.369462e-007 -8.472710e-007
 1.195000e+002 -3.618082e-007 -8.982131e-007
 1.196250e+002 -5.486331e-007 -1.177801e-006
 1.197500e+002 -3.709189e-007 -1.224386e-006
 1.198750e+002 -1.412869e-007 -9.212044e-007
 1.200000e+002 -3.341644e-007 -1.035462e-006
 1.201250e+002 -4.351703e-007 -1.163226e-006
 1.202500e+002 -4.500025e-007 -1.189606e-006
 1.203750e+002 -3.868140e-008 -1.161320e-006
 1.205000e+002 -1.839631e-007 -6.014835e-007
 1.206250e+002 -1.562931e-007 -1.071489e-006
 1.207500e+002 -1.340237e-007 -7.357226e-007
 1.208750e+002 -2.078306e-007 -9.451977e-007
 1.210000e+002 -2.703242e-007 -7.048476e-007
 1.211250e+002 -4.315766e-008 -6.747296e-007
 1.212500e+002 -5.001794e-007 -9.341442e-007
 1.213750e+002 -3.523086e-007 -8.837191e-007
 1.215000e+002 -2.533146e-007 -7.826032e-007
 1.216250e+002 -1.992521e-007 -7.687806e-007
 1.217500e+002 -2.679661e-007 -5.544619e-007
 1.218750e+002 -2.261071e-007 -8.053915e-007
 1.220000e+002 -8.654246e-008 -7.216998e-007
 1.221250e+002 -4.587189e-007 -5.380206e-007
 1.222500e+002 -3.490682e-007 -5.526756e-007
 1.223750e+002 -6.532705e-007 -7.201765e-007
 1.225000e+002 -5.542750e-008 -7.320615e-007
 1.226250e+002 -5.181484e-007 -5.009992e-007
 1.227500e+002 -4.772250e-007 -7.489604e-007
 1.228750e+002 -2.219318e-007 -6.668507e-007
 1.230000e+002 -3.466359e-007 -5.969385e-007
 1.231250e+002 -2.459268e-007 -6.579817e-007
 1.232500e+002 -2.831483e-007 -5.687787e-007
 1.233750e+002 -3.685022e-007 -4.422735e-007
 1.235000e+002 -1.249259e-007 -3.932736e-007
 1.236250e+002 -4.991063e-007 -3.833297e-007
 1.237500e+002 -5.891369e-007 -6.855346e-007
 1.238750e+002 -3.139024e-007 -5.066649e-007
 1.240000e+002 -5.116952e-007 -3.276136e-007
 1.241250e+002 -1.641218e-007 -4.823017e-007
 1.242500e+002 -1.913076e-007 -3.246680e-007
 1.243750e+002 -1.922473e-007 -5.596493e-007
 1.245000e+002 -3.217345e-007 -6.766608e-007
 1.246250e+002 -3.038714e-007 -5.956370e-007
 1.247500e+002 -3.391535e-007 -5.886445e-007
 1.248750e+002 -3.109758e-007 -3.812747e-007
 1.250000e+002 -1.175009e-007 -4.562266e-007
 1.251250e+002 -6.133762e-007 -2.557662e-007
 1.252500e+002 -2.183233e-007 -2.901668e-007
 1.253750e+002 -2.892102e-007 -3.902000e-007
 1.255000e+002 -2.488529e-007 -2.527309e-007
 1.256250e+002 -9.893622e-008 -3.101530e-007
 1.257500e+002  1.457045e-008 -3.776493e-007
 1.258750e+002 -4.913880e-007 -4.057072e-007
 1.260000e+002 -1.335153e-007 -2.763951e-007
 1.261250e+002 -1.917510e-007 -1.213319e-007
 1.262500e+002 -8.527827e-008 -1.962202e-007
 1.263750e+002 -2.493287e-007 -2.568593e-007
 1.265000e+002 -4.904913e-007 -1.741382e-007
 1.266250e+002 -3.423549e-007 -2.364173e-007
 1.267500e+002 -2.738405e-007 -1.968539e-007
 1.268750e+002 -8.077606e-008 -9.575196e-010
 1.270000e+002 -2.136371e-007  2.161988e-008
 1.271250e+002 -2.211457e-007 -1.356904e-007
 1.272500e+002 -3.325126e-007 -1.807697e-007
 1.273750e+002 -1.218612e-007 -1.632464e-007
 1.275000e+002 -7.356561e-008 -1.976687e-007
 1.276250e+002 -3.092938e-007 -5.050677e-008
 1.277500e+002 -2.630846e-007  4.851830e-008
 1.278750e+002 -7.219752e-008  4.687765e-008
 1.280000e+002 -1.883913e-007 -9.318734e-011
