 0.000000e+000  1.847622e-005  0.000000e+000
 6.250000e-002  1.813977e-005  0.000000e+000
 1.250000e-001  1.585626e-005  0.000000e+000
 1.875000e-001  9.559980e-006  0.000000e+000
 2.500000e-001 -1.670696e-006  0.000000e+000
 3.125000e-001 -1.376126e-005  0.000000e+000
 3.750000e-001 -2.105129e-005  0.000000e+000
 4.375000e-001 -2.187289e-005  0.000000e+000
 5.000000e-001 -1.791679e-005  0.000000e+000
 5.625000e-001 -1.079146e-005  0.000000e+000
 6.250000e-001 -2.427539e-006  0.000000e+000
 6.875000e-001  3.851455e-006  0.000000e+000
 7.500000e-001  6.548863e-006  0.000000e+000
 8.125000e-001  8.265749e-006  0.000000e+000
 8.750000e-001  1.168934e-005  0.000000e+000
 9.375000e-001  1.557078e-005  0.000000e+000
 1.000000e+000  1.746778e-005  0.000000e+000
 1.062500e+000  1.740864e-005  0.000000e+000
 1.125000e+000  1.563994e-005  0.000000e+000
 1.187500e+000  9.922814e-006  0.000000e+000
 1.250000e+000 -8.817151e-007  0.000000e+000
 1.312500e+000 -1.286883e-005  0.000000e+000
 1.375000e+000 -2.038771e-005  0.000000e+000
 1.437500e+000 -2.162361e-005  0.000000e+000
 1.500000e+000 -1.815649e-005  0.000000e+000
 1.562500e+000 -1.148057e-005  0.000000e+000
 1.625000e+000 -3.326076e-006  0.000000e+000
 1.687500e+000  3.146814e-006  0.000000e+000
 1.750000e+000  6.342949e-006  0.000000e+000
 1.812500e+000  8.621897e-006  0.000000e+000
 1.875000e+000  1.247626e-005  0.000000e+000
 1.937500e+000  1.654887e-005  0.000000e+000
 2.000000e+000  1.832506e-005  0.000000e+000
 2.062500e+000  1.785327e-005  0.000000e+000
 2.125000e+000  1.551909e-005  0.000000e+000
 2.187500e+000  9.296994e-006  0.000000e+000
 2.250000e+000 -1.766398e-006  0.000000e+000
 2.312500e+000 -1.365469e-005  0.000000e+000
 2.375000e+000 -2.073793e-005  0.000000e+000
 2.437500e+000 -2.135782e-005  0.000000e+000
 2.500000e+000 -1.731129e-005  0.000000e+000
 2.562500e+000 -1.032721e-005  0.000000e+000
 2.625000e+000 -2.251267e-006  0.000000e+000
 2.687500e+000  3.787874e-006  0.000000e+000
 2.750000e+000  6.375738e-006  0.000000e+000
 2.812500e+000  8.099881e-006  0.000000e+000
 2.875000e+000  1.164813e-005  0.000000e+000
 2.937500e+000  1.574913e-005  0.000000e+000
 3.000000e+000  1.785341e-005  0.000000e+000
 3.062500e+000  1.795296e-005  0.000000e+000
 3.125000e+000  1.625132e-005  0.000000e+000
 3.187500e+000  1.042372e-005  0.000000e+000
 3.250000e+000 -6.936794e-007  0.000000e+000
 3.312500e+000 -1.303792e-005  0.000000e+000
 3.375000e+000 -2.078645e-005  0.000000e+000
 3.437500e+000 -2.208122e-005  0.000000e+000
 3.500000e+000 -1.848551e-005  0.000000e+000
 3.562500e+000 -1.151847e-005  0.000000e+000
 3.625000e+000 -3.023892e-006  0.000000e+000
 3.687500e+000  3.692919e-006  0.000000e+000
 3.750000e+000  6.953459e-006  0.000000e+000
 3.812500e+000  9.114791e-006  0.000000e+000
 3.875000e+000  1.267903e-005  0.000000e+000
 3.937500e+000  1.636502e-005  0.000000e+000
 4.000000e+000  1.778061e-005  0.000000e+000
 4.062500e+000  1.715793e-005  0.000000e+000
 4.125000e+000  1.499669e-005  0.000000e+000
 4.187500e+000  9.155100e-006  0.000000e+000
 4.250000e+000 -1.547525e-006  0.000000e+000
 4.312500e+000 -1.323239e-005  0.000000e+000
 4.375000e+000 -2.028745e-005  0.000000e+000
 4.437500e+000 -2.108896e-005  0.000000e+000
 4.500000e+000 -1.742756e-005  0.000000e+000
 4.562500e+000 -1.087856e-005  0.000000e+000
 4.625000e+000 -3.102508e-006  0.000000e+000
 4.687500e+000  2.857184e-006  0.000000e+000
 4.750000e+000  5.622906e-006  0.000000e+000
 4.812500e+000  7.728802e-006  0.000000e+000
 4.875000e+000  1.169314e-005  0.000000e+000
 4.937500e+000  1.606755e-005  0.000000e+000
 5.000000e+000  1.824351e-005  0.000000e+000
 5.062500e+000  1.819525e-005  0.000000e+000
 5.125000e+000  1.618332e-005  0.000000e+000
 5.187500e+000  1.001586e-005  0.000000e+000
 5.250000e+000 -1.339960e-006  0.000000e+000
 5.312500e+000 -1.375034e-005  0.000000e+000
 5.375000e+000 -2.132432e-005  0.000000e+000
 5.437500e+000 -2.220069e-005  0.000000e+000
 5.500000e+000 -1.815985e-005  0.000000e+000
 5.562500e+000 -1.097235e-005  0.000000e+000
 5.625000e+000 -2.516212e-006  0.000000e+000
 5.687500e+000  3.999024e-006  0.000000e+000
 5.750000e+000  6.954655e-006  0.000000e+000
 5.812500e+000  8.747835e-006  0.000000e+000
 5.875000e+000  1.205006e-005  0.000000e+000
 5.937500e+000  1.573093e-005  0.000000e+000
 6.000000e+000  1.743568e-005  0.000000e+000
 6.062500e+000  1.727511e-005  0.000000e+000
 6.125000e+000  1.556474e-005  0.000000e+000
 6.187500e+000  1.001613e-005  0.000000e+000
 6.250000e+000 -6.821547e-007  0.000000e+000
 6.312500e+000 -1.265671e-005  0.000000e+000
 6.375000e+000 -2.015712e-005  0.000000e+000
 6.437500e+000 -2.134891e-005  0.000000e+000
 6.500000e+000 -1.788197e-005  0.000000e+000
 6.562500e+000 -1.130745e-005  0.000000e+000
 6.625000e+000 -3.290375e-006  0.000000e+000
 6.687500e+000  3.099236e-006  0.000000e+000
 6.750000e+000  6.344168e-006  0.000000e+000
 6.812500e+000  8.777291e-006  0.000000e+000
 6.875000e+000  1.274132e-005  0.000000e+000
 6.937500e+000  1.678627e-005  0.000000e+000
 7.000000e+000  1.843064e-005  0.000000e+000
 7.062500e+000  1.788300e-005  0.000000e+000
 7.125000e+000  1.556320e-005  0.000000e+000
 7.187500e+000  9.323348e-006  0.000000e+000
 7.250000e+000 -1.834193e-006  0.000000e+000
 7.312500e+000 -1.381226e-005  0.000000e+000
 7.375000e+000 -2.090583e-005  0.000000e+000
 7.437500e+000 -2.150158e-005  0.000000e+000
 7.500000e+000 -1.744887e-005  0.000000e+000
 7.562500e+000 -1.048212e-005  0.000000e+000
 7.625000e+000 -2.461350e-006  0.000000e+000
 7.687500e+000  3.511773e-006  0.000000e+000
 7.750000e+000  6.114783e-006  0.000000e+000
 7.812500e+000  7.935484e-006  0.000000e+000
 7.875000e+000  1.152345e-005  0.000000e+000
 7.937500e+000  1.553572e-005  0.000000e+000
