 0.000000e+000  2.379885e-005  0.000000e+000
 6.250000e-002  2.478076e-005  0.000000e+000
 1.250000e-001  2.448255e-005  0.000000e+000
 1.875000e-001  2.434007e-005  0.000000e+000
 2.500000e-001  2.302004e-005  0.000000e+000
 3.125000e-001  2.023053e-005  0.000000e+000
 3.750000e-001  1.604587e-005  0.000000e+000
 4.375000e-001  8.605762e-006  0.000000e+000
 5.000000e-001 -2.814956e-006  0.000000e+000
 5.625000e-001 -1.457793e-005  0.000000e+000
 6.250000e-001 -2.243086e-005  0.000000e+000
 6.875000e-001 -2.547872e-005  0.000000e+000
 7.500000e-001 -2.324839e-005  0.000000e+000
 8.125000e-001 -1.399915e-005  0.000000e+000
 8.750000e-001  6.804277e-007  0.000000e+000
 9.375000e-001  1.422263e-005  0.000000e+000
 1.000000e+000  2.148420e-005  0.000000e+000
 1.062500e+000  2.378341e-005  0.000000e+000
 1.125000e+000  2.509865e-005  0.000000e+000
 1.187500e+000  2.626655e-005  0.000000e+000
 1.250000e+000  2.557406e-005  0.000000e+000
 1.312500e+000  2.252283e-005  0.000000e+000
 1.375000e+000  1.720205e-005  0.000000e+000
 1.437500e+000  8.195307e-006  0.000000e+000
 1.500000e+000 -4.576728e-006  0.000000e+000
 1.562500e+000 -1.700625e-005  0.000000e+000
 1.625000e+000 -2.468137e-005  0.000000e+000
 1.687500e+000 -2.668942e-005  0.000000e+000
 1.750000e+000 -2.286174e-005  0.000000e+000
 1.812500e+000 -1.215123e-005  0.000000e+000
 1.875000e+000  3.179737e-006  0.000000e+000
 1.937500e+000  1.641489e-005  0.000000e+000
 2.000000e+000  2.269689e-005  0.000000e+000
 2.062500e+000  2.362826e-005  0.000000e+000
 2.125000e+000  2.356299e-005  0.000000e+000
 2.187500e+000  2.391806e-005  0.000000e+000
 2.250000e+000  2.334575e-005  0.000000e+000
 2.312500e+000  2.124705e-005  0.000000e+000
 2.375000e+000  1.739329e-005  0.000000e+000
 2.437500e+000  9.880796e-006  0.000000e+000
 2.500000e+000 -1.977172e-006  0.000000e+000
 2.562500e+000 -1.450095e-005  0.000000e+000
 2.625000e+000 -2.318468e-005  0.000000e+000
 2.687500e+000 -2.664831e-005  0.000000e+000
 2.750000e+000 -2.420369e-005  0.000000e+000
 2.812500e+000 -1.440225e-005  0.000000e+000
 2.875000e+000  8.286249e-007  0.000000e+000
 2.937500e+000  1.484432e-005  0.000000e+000
 3.000000e+000  2.235904e-005  0.000000e+000
 3.062500e+000  2.457888e-005  0.000000e+000
 3.125000e+000  2.558690e-005  0.000000e+000
 3.187500e+000  2.628991e-005  0.000000e+000
 3.250000e+000  2.497669e-005  0.000000e+000
 3.312500e+000  2.141276e-005  0.000000e+000
 3.375000e+000  1.610299e-005  0.000000e+000
 3.437500e+000  7.617440e-006  0.000000e+000
 3.500000e+000 -4.496312e-006  0.000000e+000
 3.562500e+000 -1.636794e-005  0.000000e+000
 3.625000e+000 -2.367840e-005  0.000000e+000
 3.687500e+000 -2.567056e-005  0.000000e+000
 3.750000e+000 -2.223533e-005  0.000000e+000
 3.812500e+000 -1.209594e-005  0.000000e+000
 3.875000e+000  2.756267e-006  0.000000e+000
 3.937500e+000  1.564311e-005  0.000000e+000
 4.000000e+000  2.169542e-005  0.000000e+000
 4.062500e+000  2.273755e-005  0.000000e+000
 4.125000e+000  2.332857e-005  0.000000e+000
 4.187500e+000  2.448711e-005  0.000000e+000
 4.250000e+000  2.430604e-005  0.000000e+000
 4.312500e+000  2.210469e-005  0.000000e+000
 4.375000e+000  1.788652e-005  0.000000e+000
 4.437500e+000  9.866346e-006  0.000000e+000
 4.500000e+000 -2.574369e-006  0.000000e+000
 4.562500e+000 -1.552455e-005  0.000000e+000
 4.625000e+000 -2.431229e-005  0.000000e+000
 4.687500e+000 -2.753450e-005  0.000000e+000
 4.750000e+000 -2.453207e-005  0.000000e+000
 4.812500e+000 -1.397961e-005  0.000000e+000
 4.875000e+000  1.872189e-006  0.000000e+000
 4.937500e+000  1.607492e-005  0.000000e+000
 5.000000e+000  2.338666e-005  0.000000e+000
 5.062500e+000  2.508820e-005  0.000000e+000
 5.125000e+000  2.532958e-005  0.000000e+000
 5.187500e+000  2.536362e-005  0.000000e+000
 5.250000e+000  2.380897e-005  0.000000e+000
 5.312500e+000  2.036080e-005  0.000000e+000
 5.375000e+000  1.539597e-005  0.000000e+000
 5.437500e+000  7.569224e-006  0.000000e+000
 5.500000e+000 -3.788541e-006  0.000000e+000
 5.562500e+000 -1.533477e-005  0.000000e+000
 5.625000e+000 -2.289405e-005  0.000000e+000
 5.687500e+000 -2.536132e-005  0.000000e+000
 5.750000e+000 -2.237791e-005  0.000000e+000
 5.812500e+000 -1.269534e-005  0.000000e+000
 5.875000e+000  1.744007e-006  0.000000e+000
 5.937500e+000  1.457749e-005  0.000000e+000
 6.000000e+000  2.105321e-005  0.000000e+000
 6.062500e+000  2.274958e-005  0.000000e+000
 6.125000e+000  2.389358e-005  0.000000e+000
 6.187500e+000  2.539546e-005  0.000000e+000
 6.250000e+000  2.526488e-005  0.000000e+000
 6.312500e+000  2.270566e-005  0.000000e+000
 6.375000e+000  1.785635e-005  0.000000e+000
 6.437500e+000  9.235884e-006  0.000000e+000
 6.500000e+000 -3.548955e-006  0.000000e+000
 6.562500e+000 -1.651666e-005  0.000000e+000
 6.625000e+000 -2.496299e-005  0.000000e+000
 6.687500e+000 -2.759650e-005  0.000000e+000
 6.750000e+000 -2.402286e-005  0.000000e+000
 6.812500e+000 -1.306795e-005  0.000000e+000
 6.875000e+000  2.949376e-006  0.000000e+000
 6.937500e+000  1.689474e-005  0.000000e+000
 7.000000e+000  2.350983e-005  0.000000e+000
 7.062500e+000  2.449410e-005  0.000000e+000
 7.125000e+000  2.443303e-005  0.000000e+000
 7.187500e+000  2.450113e-005  0.000000e+000
 7.250000e+000  2.316710e-005  0.000000e+000
 7.312500e+000  2.024480e-005  0.000000e+000
 7.375000e+000  1.602208e-005  0.000000e+000
 7.437500e+000  8.683586e-006  0.000000e+000
 7.500000e+000 -2.659626e-006  0.000000e+000
 7.562500e+000 -1.453446e-005  0.000000e+000
 7.625000e+000 -2.265545e-005  0.000000e+000
 7.687500e+000 -2.588387e-005  0.000000e+000
 7.750000e+000 -2.353952e-005  0.000000e+000
 7.812500e+000 -1.398877e-005  0.000000e+000
 7.875000e+000  8.712469e-007  0.000000e+000
 7.937500e+000  1.433389e-005  0.000000e+000
