 0.000000e+000  9.998207e-001  0.000000e+000
 5.000000e-001  8.981829e-001  0.000000e+000
 1.000000e+000  8.755826e-001  0.000000e+000
 1.500000e+000  8.764081e-001  0.000000e+000
 2.000000e+000  8.543746e-001  0.000000e+000
 2.500000e+000  7.093419e-001  0.000000e+000
 3.000000e+000  8.516474e-001  0.000000e+000
 3.500000e+000  8.356379e-001  0.000000e+000
 4.000000e+000  8.502499e-001  0.000000e+000
 4.500000e+000  8.002989e-001  0.000000e+000
 5.000000e+000  6.086026e-001  0.000000e+000
 5.500000e+000  5.113504e-001  0.000000e+000
 6.000000e+000  1.770657e-002  0.000000e+000
 6.500000e+000  6.354997e-001  0.000000e+000
 7.000000e+000  7.705542e-001  0.000000e+000
 7.500000e+000  8.780445e-001  0.000000e+000
 8.000000e+000  8.760507e-001  0.000000e+000
 8.500000e+000  8.651460e-001  0.000000e+000
 9.000000e+000  8.704826e-001  0.000000e+000
 9.500000e+000  8.278720e-001  0.000000e+000
 1.000000e+001  8.015574e-001  0.000000e+000
 1.050000e+001  6.434556e-001  0.000000e+000
 1.100000e+001  4.778368e-001  0.000000e+000
 1.150000e+001  2.998083e-001  0.000000e+000
 1.200000e+001  8.651321e-003  0.000000e+000
 1.250000e+001  2.068590e-001  0.000000e+000
 1.300000e+001  6.026517e-001  0.000000e+000
 1.350000e+001  7.798702e-001  0.000000e+000
 1.400000e+001  8.776749e-001  0.000000e+000
 1.450000e+001  8.988243e-001  0.000000e+000
 1.500000e+001  9.411829e-001  0.000000e+000
 1.550000e+001  9.523730e-001  0.000000e+000
 1.600000e+001  9.569648e-001  0.000000e+000
 1.650000e+001  9.455527e-001  0.000000e+000
 1.700000e+001  9.281673e-001  0.000000e+000
 1.750000e+001  8.526498e-001  0.000000e+000
 1.800000e+001  6.661701e-003  0.000000e+000
 1.850000e+001  9.408752e-001  0.000000e+000
 1.900000e+001  9.803532e-001  0.000000e+000
 1.950000e+001  9.839070e-001  0.000000e+000
 2.000000e+001  9.818794e-001  0.000000e+000
 2.050000e+001  9.855095e-001  0.000000e+000
 2.100000e+001  9.901627e-001  0.000000e+000
 2.150000e+001  9.829943e-001  0.000000e+000
 2.200000e+001  9.869817e-001  0.000000e+000
 2.250000e+001  9.896652e-001  0.000000e+000
 2.300000e+001  9.524606e-001  0.000000e+000
 2.350000e+001  9.811528e-001  0.000000e+000
 2.400000e+001  9.668970e-001  0.000000e+000
 2.450000e+001  9.796885e-001  0.000000e+000
 2.500000e+001  9.754763e-001  0.000000e+000
 2.550000e+001  9.791487e-001  0.000000e+000
 2.600000e+001  9.782202e-001  0.000000e+000
 2.650000e+001  9.703385e-001  0.000000e+000
 2.700000e+001  9.747012e-001  0.000000e+000
 2.750000e+001  9.762425e-001  0.000000e+000
 2.800000e+001  9.739943e-001  0.000000e+000
 2.850000e+001  9.701623e-001  0.000000e+000
 2.900000e+001  9.687995e-001  0.000000e+000
 2.950000e+001  9.474450e-001  0.000000e+000
 3.000000e+001  3.561516e-001  0.000000e+000
 3.050000e+001  9.197963e-001  0.000000e+000
 3.100000e+001  9.415261e-001  0.000000e+000
 3.150000e+001  9.433138e-001  0.000000e+000
 3.200000e+001  9.493004e-001  0.000000e+000
 3.250000e+001  9.326903e-001  0.000000e+000
 3.300000e+001  9.195814e-001  0.000000e+000
 3.350000e+001  9.053890e-001  0.000000e+000
 3.400000e+001  9.054623e-001  0.000000e+000
 3.450000e+001  8.508574e-001  0.000000e+000
 3.500000e+001  7.351980e-001  0.000000e+000
 3.550000e+001  3.116092e-001  0.000000e+000
 3.600000e+001  2.470256e-001  0.000000e+000
 3.650000e+001  6.848956e-001  0.000000e+000
 3.700000e+001  8.670603e-001  0.000000e+000
 3.750000e+001  8.856115e-001  0.000000e+000
 3.800000e+001  9.061755e-001  0.000000e+000
 3.850000e+001  8.890176e-001  0.000000e+000
 3.900000e+001  8.814446e-001  0.000000e+000
 3.950000e+001  8.915206e-001  0.000000e+000
 4.000000e+001  8.648629e-001  0.000000e+000
 4.050000e+001  8.176386e-001  0.000000e+000
 4.100000e+001  7.161360e-001  0.000000e+000
 4.150000e+001  3.140671e-001  0.000000e+000
 4.200000e+001  1.848870e-001  0.000000e+000
 4.250000e+001  5.438332e-001  0.000000e+000
 4.300000e+001  7.994664e-001  0.000000e+000
 4.350000e+001  8.265944e-001  0.000000e+000
 4.400000e+001  8.409091e-001  0.000000e+000
 4.450000e+001  8.338093e-001  0.000000e+000
 4.500000e+001  8.416513e-001  0.000000e+000
 4.550000e+001  8.484393e-001  0.000000e+000
 4.600000e+001  7.882298e-001  0.000000e+000
 4.650000e+001  7.949242e-001  0.000000e+000
 4.700000e+001  6.482869e-001  0.000000e+000
 4.750000e+001  4.772690e-001  0.000000e+000
 4.800000e+001  4.205015e-003  0.000000e+000
 4.850000e+001  4.242615e-001  0.000000e+000
 4.900000e+001  5.194071e-001  0.000000e+000
 4.950000e+001  6.574973e-001  0.000000e+000
 5.000000e+001  6.593363e-001  0.000000e+000
 5.050000e+001  6.213663e-001  0.000000e+000
 5.100000e+001  5.151281e-001  0.000000e+000
 5.150000e+001  4.616323e-001  0.000000e+000
 5.200000e+001  3.365571e-001  0.000000e+000
 5.250000e+001  2.461819e-001  0.000000e+000
 5.300000e+001  9.775060e-002  0.000000e+000
 5.350000e+001  1.711790e-002  0.000000e+000
 5.400000e+001  8.912563e-002  0.000000e+000
 5.450000e+001  1.852209e-001  0.000000e+000
 5.500000e+001  2.901727e-001  0.000000e+000
 5.550000e+001  4.606210e-001  0.000000e+000
 5.600000e+001  4.969573e-001  0.000000e+000
 5.650000e+001  5.958020e-001  0.000000e+000
 5.700000e+001  6.593924e-001  0.000000e+000
 5.750000e+001  6.341192e-001  0.000000e+000
 5.800000e+001  5.477360e-001  0.000000e+000
 5.850000e+001  4.997573e-001  0.000000e+000
 5.900000e+001  2.713342e-001  0.000000e+000
 5.950000e+001  5.007350e-002  0.000000e+000
 6.000000e+001  1.053522e-001  0.000000e+000
 6.050000e+001  3.533129e-001  0.000000e+000
 6.100000e+001  5.929979e-001  0.000000e+000
 6.150000e+001  6.682094e-001  0.000000e+000
 6.200000e+001  6.853662e-001  0.000000e+000
 6.250000e+001  8.018119e-001  0.000000e+000
 6.300000e+001  7.302641e-001  0.000000e+000
 6.350000e+001  7.147760e-001  0.000000e+000
 6.400000e+001  7.478925e-001  0.000000e+000
 6.450000e+001  6.622410e-001  0.000000e+000
 6.500000e+001  5.199796e-001  0.000000e+000
 6.550000e+001  1.927915e-001  0.000000e+000
 6.600000e+001  2.925013e-001  0.000000e+000
 6.650000e+001  5.995455e-001  0.000000e+000
 6.700000e+001  6.259716e-001  0.000000e+000
 6.750000e+001  7.020013e-001  0.000000e+000
 6.800000e+001  8.089800e-001  0.000000e+000
 6.850000e+001  8.473659e-001  0.000000e+000
 6.900000e+001  8.416587e-001  0.000000e+000
 6.950000e+001  7.658095e-001  0.000000e+000
 7.000000e+001  7.173830e-001  0.000000e+000
 7.050000e+001  6.796394e-001  0.000000e+000
 7.100000e+001  4.963236e-001  0.000000e+000
 7.150000e+001  1.285858e-001  0.000000e+000
 7.200000e+001  4.509962e-003  0.000000e+000
 7.250000e+001  2.210706e-001  0.000000e+000
 7.300000e+001  4.066893e-001  0.000000e+000
 7.350000e+001  4.299563e-001  0.000000e+000
 7.400000e+001  7.846794e-001  0.000000e+000
 7.450000e+001  8.134483e-001  0.000000e+000
 7.500000e+001  9.042979e-001  0.000000e+000
 7.550000e+001  9.116107e-001  0.000000e+000
 7.600000e+001  9.370265e-001  0.000000e+000
 7.650000e+001  9.309091e-001  0.000000e+000
 7.700000e+001  8.455622e-001  0.000000e+000
 7.750000e+001  6.993269e-001  0.000000e+000
 7.800000e+001  8.252807e-001  0.000000e+000
 7.850000e+001  9.711443e-001  0.000000e+000
 7.900000e+001  9.828283e-001  0.000000e+000
 7.950000e+001  9.547602e-001  0.000000e+000
 8.000000e+001  9.765354e-001  0.000000e+000
 8.050000e+001  9.824364e-001  0.000000e+000
 8.100000e+001  9.682299e-001  0.000000e+000
 8.150000e+001  9.676778e-001  0.000000e+000
 8.200000e+001  9.432302e-001  0.000000e+000
 8.250000e+001  9.245940e-001  0.000000e+000
 8.300000e+001  6.899391e-001  0.000000e+000
 8.350000e+001  4.502259e-001  0.000000e+000
 8.400000e+001  2.682088e-001  0.000000e+000
 8.450000e+001  8.071643e-001  0.000000e+000
 8.500000e+001  8.942597e-001  0.000000e+000
 8.550000e+001  8.281612e-001  0.000000e+000
 8.600000e+001  8.531258e-001  0.000000e+000
 8.650000e+001  8.673362e-001  0.000000e+000
 8.700000e+001  8.143265e-001  0.000000e+000
 8.750000e+001  8.417639e-001  0.000000e+000
 8.800000e+001  8.439469e-001  0.000000e+000
 8.850000e+001  7.454944e-001  0.000000e+000
 8.900000e+001  5.258699e-001  0.000000e+000
 8.950000e+001  9.419443e-002  0.000000e+000
 9.000000e+001  1.110233e-003  0.000000e+000
 9.050000e+001  4.147853e-001  0.000000e+000
 9.100000e+001  4.935273e-001  0.000000e+000
 9.150000e+001  6.810044e-001  0.000000e+000
 9.200000e+001  5.525256e-001  0.000000e+000
 9.250000e+001  5.768493e-001  0.000000e+000
 9.300000e+001  6.641774e-001  0.000000e+000
 9.350000e+001  7.108371e-001  0.000000e+000
 9.400000e+001  6.557418e-001  0.000000e+000
 9.450000e+001  5.204694e-001  0.000000e+000
 9.500000e+001  4.965433e-001  0.000000e+000
 9.550000e+001  1.196437e-001  0.000000e+000
 9.600000e+001  1.483483e-002  0.000000e+000
 9.650000e+001  3.667191e-001  0.000000e+000
 9.700000e+001  5.110476e-001  0.000000e+000
 9.750000e+001  5.083529e-001  0.000000e+000
 9.800000e+001  4.992928e-001  0.000000e+000
 9.850000e+001  4.202938e-001  0.000000e+000
 9.900000e+001  4.352316e-001  0.000000e+000
 9.950000e+001  4.251819e-001  0.000000e+000
 1.000000e+002  2.879203e-001  0.000000e+000
 1.005000e+002  3.480832e-001  0.000000e+000
 1.010000e+002  1.943478e-001  0.000000e+000
 1.015000e+002  1.454854e-001  0.000000e+000
 1.020000e+002  9.059543e-002  0.000000e+000
 1.025000e+002  2.244155e-001  0.000000e+000
 1.030000e+002  3.303589e-001  0.000000e+000
 1.035000e+002  3.475071e-001  0.000000e+000
 1.040000e+002  2.891132e-001  0.000000e+000
 1.045000e+002  1.930629e-001  0.000000e+000
 1.050000e+002  4.120048e-001  0.000000e+000
 1.055000e+002  5.542676e-001  0.000000e+000
 1.060000e+002  4.479564e-001  0.000000e+000
 1.065000e+002  4.031321e-001  0.000000e+000
 1.070000e+002  3.373764e-001  0.000000e+000
 1.075000e+002  4.435029e-001  0.000000e+000
 1.080000e+002  1.307451e-001  0.000000e+000
 1.085000e+002  1.855008e-001  0.000000e+000
 1.090000e+002  2.724904e-001  0.000000e+000
 1.095000e+002  3.671662e-001  0.000000e+000
 1.100000e+002  4.284494e-001  0.000000e+000
 1.105000e+002  4.644377e-001  0.000000e+000
 1.110000e+002  2.538646e-001  0.000000e+000
 1.115000e+002  3.470381e-001  0.000000e+000
 1.120000e+002  5.263539e-001  0.000000e+000
 1.125000e+002  5.006676e-001  0.000000e+000
 1.130000e+002  3.174065e-001  0.000000e+000
 1.135000e+002  1.061022e-001  0.000000e+000
 1.140000e+002  2.403106e-002  0.000000e+000
 1.145000e+002  7.390733e-002  0.000000e+000
 1.150000e+002  2.005177e-001  0.000000e+000
 1.155000e+002  3.658445e-001  0.000000e+000
 1.160000e+002  3.197669e-001  0.000000e+000
 1.165000e+002  2.963144e-001  0.000000e+000
 1.170000e+002  4.523535e-002  0.000000e+000
 1.175000e+002  1.764164e-001  0.000000e+000
 1.180000e+002  3.793610e-001  0.000000e+000
 1.185000e+002  2.798232e-001  0.000000e+000
 1.190000e+002  1.596963e-001  0.000000e+000
 1.195000e+002  2.038879e-001  0.000000e+000
 1.200000e+002  1.581314e-002  0.000000e+000
 1.205000e+002  1.462024e-001  0.000000e+000
 1.210000e+002  1.584958e-001  0.000000e+000
 1.215000e+002  4.137270e-001  0.000000e+000
 1.220000e+002  2.566598e-001  0.000000e+000
 1.225000e+002  1.802067e-001  0.000000e+000
 1.230000e+002  3.514860e-001  0.000000e+000
 1.235000e+002  1.757580e-001  0.000000e+000
 1.240000e+002  4.248900e-001  0.000000e+000
 1.245000e+002  2.496496e-001  0.000000e+000
 1.250000e+002  1.639094e-001  0.000000e+000
 1.255000e+002  1.798078e-001  0.000000e+000
 1.260000e+002  9.192329e-002  0.000000e+000
 1.265000e+002  5.482015e-002  0.000000e+000
 1.270000e+002  3.784845e-003  0.000000e+000
 1.275000e+002  6.561013e-002  0.000000e+000
 1.280000e+002  3.356870e-002  0.000000e+000
 1.285000e+002  5.085237e-003  0.000000e+000
 1.290000e+002  7.550308e-002  0.000000e+000
 1.295000e+002  1.968280e-002  0.000000e+000
 1.300000e+002  1.012190e-001  0.000000e+000
 1.305000e+002  1.586837e-001  0.000000e+000
 1.310000e+002  4.691764e-002  0.000000e+000
 1.315000e+002  4.410566e-003  0.000000e+000
 1.320000e+002  1.347608e-001  0.000000e+000
 1.325000e+002  1.071221e-001  0.000000e+000
 1.330000e+002  1.929236e-001  0.000000e+000
 1.335000e+002  1.025540e-001  0.000000e+000
 1.340000e+002  3.633731e-002  0.000000e+000
 1.345000e+002  5.012249e-002  0.000000e+000
 1.350000e+002  1.256578e-001  0.000000e+000
 1.355000e+002  4.136332e-002  0.000000e+000
 1.360000e+002  1.006101e-001  0.000000e+000
 1.365000e+002  9.075292e-002  0.000000e+000
 1.370000e+002  6.099078e-002  0.000000e+000
 1.375000e+002  1.807765e-002  0.000000e+000
 1.380000e+002  1.174939e-002  0.000000e+000
 1.385000e+002  1.982084e-002  0.000000e+000
 1.390000e+002  3.146084e-002  0.000000e+000
 1.395000e+002  2.752210e-001  0.000000e+000
 1.400000e+002  9.465066e-002  0.000000e+000
 1.405000e+002  1.659166e-001  0.000000e+000
 1.410000e+002  1.248506e-001  0.000000e+000
 1.415000e+002  1.733743e-001  0.000000e+000
 1.420000e+002  8.767196e-002  0.000000e+000
 1.425000e+002  2.312329e-002  0.000000e+000
 1.430000e+002  1.634219e-002  0.000000e+000
 1.435000e+002  2.382115e-003  0.000000e+000
 1.440000e+002  2.678486e-002  0.000000e+000
 1.445000e+002  2.606973e-002  0.000000e+000
 1.450000e+002  9.037226e-003  0.000000e+000
 1.455000e+002  4.530126e-002  0.000000e+000
 1.460000e+002  1.067025e-001  0.000000e+000
 1.465000e+002  1.813708e-002  0.000000e+000
 1.470000e+002  5.855265e-002  0.000000e+000
 1.475000e+002  1.555639e-002  0.000000e+000
 1.480000e+002  1.470967e-002  0.000000e+000
 1.485000e+002  2.913573e-002  0.000000e+000
 1.490000e+002  5.090355e-002  0.000000e+000
 1.495000e+002  3.636754e-002  0.000000e+000
 1.500000e+002  1.723943e-002  0.000000e+000
 1.505000e+002  1.886933e-003  0.000000e+000
 1.510000e+002  6.821331e-002  0.000000e+000
 1.515000e+002  6.867759e-002  0.000000e+000
 1.520000e+002  4.932098e-002  0.000000e+000
 1.525000e+002  2.126188e-001  0.000000e+000
 1.530000e+002  1.382324e-001  0.000000e+000
 1.535000e+002  4.512742e-002  0.000000e+000
 1.540000e+002  9.430993e-002  0.000000e+000
 1.545000e+002  8.906128e-004  0.000000e+000
 1.550000e+002  8.876983e-002  0.000000e+000
 1.555000e+002  3.560530e-002  0.000000e+000
 1.560000e+002  1.385859e-001  0.000000e+000
 1.565000e+002  5.153388e-002  0.000000e+000
 1.570000e+002  2.666778e-002  0.000000e+000
 1.575000e+002  5.794061e-002  0.000000e+000
 1.580000e+002  3.038960e-002  0.000000e+000
 1.585000e+002  1.169202e-001  0.000000e+000
 1.590000e+002  2.530724e-004  0.000000e+000
 1.595000e+002  3.683043e-002  0.000000e+000
 1.600000e+002  4.804166e-002  0.000000e+000
 1.605000e+002  8.077171e-002  0.000000e+000
 1.610000e+002  8.459358e-002  0.000000e+000
 1.615000e+002  2.431552e-002  0.000000e+000
 1.620000e+002  1.173423e-001  0.000000e+000
 1.625000e+002  9.181622e-002  0.000000e+000
 1.630000e+002  1.084363e-001  0.000000e+000
 1.635000e+002  7.347076e-002  0.000000e+000
 1.640000e+002  2.492562e-002  0.000000e+000
 1.645000e+002  6.541369e-003  0.000000e+000
 1.650000e+002  1.549097e-001  0.000000e+000
 1.655000e+002  1.334511e-001  0.000000e+000
 1.660000e+002  8.859965e-002  0.000000e+000
 1.665000e+002  9.471954e-002  0.000000e+000
 1.670000e+002  7.729781e-002  0.000000e+000
 1.675000e+002  7.741923e-002  0.000000e+000
 1.680000e+002  1.685479e-001  0.000000e+000
 1.685000e+002  6.823753e-003  0.000000e+000
 1.690000e+002  2.783935e-002  0.000000e+000
 1.695000e+002  1.960184e-003  0.000000e+000
 1.700000e+002  5.428500e-002  0.000000e+000
 1.705000e+002  9.779802e-002  0.000000e+000
 1.710000e+002  9.903077e-002  0.000000e+000
 1.715000e+002  7.811718e-006  0.000000e+000
 1.720000e+002  1.415237e-002  0.000000e+000
 1.725000e+002  1.060212e-001  0.000000e+000
 1.730000e+002  1.131641e-001  0.000000e+000
 1.735000e+002  9.693461e-003  0.000000e+000
 1.740000e+002  6.035553e-002  0.000000e+000
 1.745000e+002  1.483214e-001  0.000000e+000
 1.750000e+002  1.212785e-001  0.000000e+000
 1.755000e+002  3.801127e-002  0.000000e+000
 1.760000e+002  1.459045e-001  0.000000e+000
 1.765000e+002  1.413473e-001  0.000000e+000
 1.770000e+002  1.971599e-002  0.000000e+000
 1.775000e+002  1.657672e-002  0.000000e+000
 1.780000e+002  3.321289e-002  0.000000e+000
 1.785000e+002  1.181586e-001  0.000000e+000
 1.790000e+002  1.739032e-002  0.000000e+000
 1.795000e+002  9.589332e-002  0.000000e+000
 1.800000e+002  3.006401e-003  0.000000e+000
 1.805000e+002  9.089598e-002  0.000000e+000
 1.810000e+002  9.924886e-002  0.000000e+000
 1.815000e+002  1.977682e-001  0.000000e+000
 1.820000e+002  4.346348e-002  0.000000e+000
 1.825000e+002  2.990348e-002  0.000000e+000
 1.830000e+002  8.428168e-002  0.000000e+000
 1.835000e+002  2.502554e-002  0.000000e+000
 1.840000e+002  1.044711e-002  0.000000e+000
 1.845000e+002  5.590298e-003  0.000000e+000
 1.850000e+002  1.234315e-001  0.000000e+000
 1.855000e+002  8.294293e-002  0.000000e+000
 1.860000e+002  4.433792e-002  0.000000e+000
 1.865000e+002  3.396257e-002  0.000000e+000
 1.870000e+002  1.457954e-002  0.000000e+000
 1.875000e+002  6.158707e-002  0.000000e+000
 1.880000e+002  6.430638e-003  0.000000e+000
 1.885000e+002  7.051587e-002  0.000000e+000
 1.890000e+002  2.384644e-003  0.000000e+000
 1.895000e+002  3.616697e-002  0.000000e+000
 1.900000e+002  1.689592e-001  0.000000e+000
 1.905000e+002  1.194672e-002  0.000000e+000
 1.910000e+002  1.203289e-002  0.000000e+000
 1.915000e+002  1.405747e-001  0.000000e+000
 1.920000e+002  9.983037e-002  0.000000e+000
 1.925000e+002  5.665540e-002  0.000000e+000
 1.930000e+002  5.267923e-002  0.000000e+000
 1.935000e+002  1.441277e-002  0.000000e+000
 1.940000e+002  3.109460e-002  0.000000e+000
 1.945000e+002  1.346268e-002  0.000000e+000
 1.950000e+002  4.403410e-002  0.000000e+000
 1.955000e+002  9.660961e-002  0.000000e+000
 1.960000e+002  5.187008e-003  0.000000e+000
 1.965000e+002  3.904101e-002  0.000000e+000
 1.970000e+002  1.192611e-001  0.000000e+000
 1.975000e+002  1.187992e-001  0.000000e+000
 1.980000e+002  1.018279e-001  0.000000e+000
 1.985000e+002  1.277556e-001  0.000000e+000
 1.990000e+002  1.088096e-001  0.000000e+000
 1.995000e+002  4.414527e-002  0.000000e+000
 2.000000e+002  4.773959e-002  0.000000e+000
 2.005000e+002  4.457692e-002  0.000000e+000
 2.010000e+002  1.171121e-002  0.000000e+000
 2.015000e+002  2.377554e-001  0.000000e+000
 2.020000e+002  1.591135e-002  0.000000e+000
 2.025000e+002  2.876683e-002  0.000000e+000
 2.030000e+002  3.794671e-002  0.000000e+000
 2.035000e+002  4.302539e-002  0.000000e+000
 2.040000e+002  7.540802e-002  0.000000e+000
 2.045000e+002  2.936511e-002  0.000000e+000
 2.050000e+002  2.607253e-003  0.000000e+000
 2.055000e+002  5.245220e-004  0.000000e+000
 2.060000e+002  4.029020e-002  0.000000e+000
 2.065000e+002  1.269350e-002  0.000000e+000
 2.070000e+002  4.916084e-002  0.000000e+000
 2.075000e+002  2.847518e-002  0.000000e+000
 2.080000e+002  5.389617e-002  0.000000e+000
 2.085000e+002  3.330362e-002  0.000000e+000
 2.090000e+002  1.510350e-002  0.000000e+000
 2.095000e+002  6.887294e-002  0.000000e+000
 2.100000e+002  5.758631e-004  0.000000e+000
 2.105000e+002  1.730518e-002  0.000000e+000
 2.110000e+002  9.489238e-002  0.000000e+000
 2.115000e+002  7.532973e-003  0.000000e+000
 2.120000e+002  8.559790e-002  0.000000e+000
 2.125000e+002  2.201744e-002  0.000000e+000
 2.130000e+002  5.797816e-002  0.000000e+000
 2.135000e+002  1.203197e-002  0.000000e+000
 2.140000e+002  1.043756e-002  0.000000e+000
 2.145000e+002  5.807433e-002  0.000000e+000
 2.150000e+002  3.413184e-002  0.000000e+000
 2.155000e+002  2.202021e-004  0.000000e+000
 2.160000e+002  4.534472e-002  0.000000e+000
 2.165000e+002  8.205210e-002  0.000000e+000
 2.170000e+002  1.255876e-001  0.000000e+000
 2.175000e+002  3.089707e-002  0.000000e+000
 2.180000e+002  2.934602e-002  0.000000e+000
 2.185000e+002  1.186211e-002  0.000000e+000
 2.190000e+002  6.766724e-002  0.000000e+000
 2.195000e+002  1.939079e-002  0.000000e+000
 2.200000e+002  9.563256e-003  0.000000e+000
 2.205000e+002  3.492361e-002  0.000000e+000
 2.210000e+002  1.441777e-002  0.000000e+000
 2.215000e+002  4.234001e-003  0.000000e+000
 2.220000e+002  4.271349e-002  0.000000e+000
 2.225000e+002  7.952222e-002  0.000000e+000
 2.230000e+002  4.097350e-002  0.000000e+000
 2.235000e+002  1.665677e-001  0.000000e+000
 2.240000e+002  5.922825e-002  0.000000e+000
 2.245000e+002  3.341916e-002  0.000000e+000
 2.250000e+002  3.101947e-002  0.000000e+000
 2.255000e+002  5.401911e-002  0.000000e+000
 2.260000e+002  3.284721e-002  0.000000e+000
 2.265000e+002  6.221259e-002  0.000000e+000
 2.270000e+002  1.683914e-002  0.000000e+000
 2.275000e+002  1.227167e-002  0.000000e+000
 2.280000e+002  7.210698e-002  0.000000e+000
 2.285000e+002  4.244430e-002  0.000000e+000
 2.290000e+002  4.236078e-002  0.000000e+000
 2.295000e+002  4.970242e-002  0.000000e+000
 2.300000e+002  2.283706e-002  0.000000e+000
 2.305000e+002  9.820657e-002  0.000000e+000
 2.310000e+002  1.587051e-001  0.000000e+000
 2.315000e+002  1.317880e-002  0.000000e+000
 2.320000e+002  5.853264e-002  0.000000e+000
 2.325000e+002  2.119967e-002  0.000000e+000
 2.330000e+002  1.584940e-002  0.000000e+000
 2.335000e+002  4.395701e-002  0.000000e+000
 2.340000e+002  3.669916e-002  0.000000e+000
 2.345000e+002  3.328242e-002  0.000000e+000
 2.350000e+002  5.612784e-002  0.000000e+000
 2.355000e+002  3.630706e-002  0.000000e+000
 2.360000e+002  5.754786e-003  0.000000e+000
 2.365000e+002  3.014267e-002  0.000000e+000
 2.370000e+002  4.597862e-002  0.000000e+000
 2.375000e+002  1.859534e-002  0.000000e+000
 2.380000e+002  6.680967e-002  0.000000e+000
 2.385000e+002  6.839044e-002  0.000000e+000
 2.390000e+002  4.143817e-002  0.000000e+000
 2.395000e+002  9.945496e-003  0.000000e+000
 2.400000e+002  2.295705e-001  0.000000e+000
 2.405000e+002  1.086257e-001  0.000000e+000
 2.410000e+002  2.123306e-001  0.000000e+000
 2.415000e+002  1.492962e-001  0.000000e+000
 2.420000e+002  2.086409e-001  0.000000e+000
 2.425000e+002  2.784473e-001  0.000000e+000
 2.430000e+002  3.591874e-001  0.000000e+000
 2.435000e+002  2.705343e-002  0.000000e+000
 2.440000e+002  1.843745e-001  0.000000e+000
 2.445000e+002  1.397785e-001  0.000000e+000
 2.450000e+002  3.536012e-003  0.000000e+000
 2.455000e+002  5.885190e-002  0.000000e+000
 2.460000e+002  2.051113e-003  0.000000e+000
 2.465000e+002  5.616916e-002  0.000000e+000
 2.470000e+002  1.628666e-001  0.000000e+000
 2.475000e+002  5.900957e-002  0.000000e+000
 2.480000e+002  3.086605e-001  0.000000e+000
 2.485000e+002  2.033877e-001  0.000000e+000
 2.490000e+002  6.329030e-002  0.000000e+000
 2.495000e+002  1.579975e-001  0.000000e+000
 2.500000e+002  8.779532e-002  0.000000e+000
 2.505000e+002  1.310445e-001  0.000000e+000
 2.510000e+002  1.056756e-001  0.000000e+000
 2.515000e+002  1.368616e-001  0.000000e+000
 2.520000e+002  4.770611e-002  0.000000e+000
 2.525000e+002  1.861984e-002  0.000000e+000
 2.530000e+002  4.973190e-002  0.000000e+000
 2.535000e+002  1.069395e-001  0.000000e+000
 2.540000e+002  1.420320e-001  0.000000e+000
 2.545000e+002  1.287929e-001  0.000000e+000
 2.550000e+002  9.640082e-002  0.000000e+000
 2.555000e+002  2.737361e-002  0.000000e+000
 2.560000e+002  7.502233e-002  0.000000e+000
 2.565000e+002  1.923893e-001  0.000000e+000
 2.570000e+002  4.655842e-002  0.000000e+000
 2.575000e+002  2.457386e-002  0.000000e+000
 2.580000e+002  8.633065e-002  0.000000e+000
 2.585000e+002  2.700219e-002  0.000000e+000
 2.590000e+002  1.421795e-001  0.000000e+000
 2.595000e+002  2.211206e-001  0.000000e+000
 2.600000e+002  1.627384e-001  0.000000e+000
 2.605000e+002  1.099892e-001  0.000000e+000
 2.610000e+002  1.224349e-001  0.000000e+000
 2.615000e+002  4.847562e-002  0.000000e+000
 2.620000e+002  6.500141e-002  0.000000e+000
 2.625000e+002  2.286339e-001  0.000000e+000
 2.630000e+002  1.227947e-001  0.000000e+000
 2.635000e+002  2.427499e-002  0.000000e+000
 2.640000e+002  4.720261e-002  0.000000e+000
 2.645000e+002  6.448267e-002  0.000000e+000
 2.650000e+002  6.121795e-002  0.000000e+000
 2.655000e+002  7.317268e-002  0.000000e+000
 2.660000e+002  2.451416e-003  0.000000e+000
 2.665000e+002  3.764734e-002  0.000000e+000
 2.670000e+002  2.800239e-002  0.000000e+000
 2.675000e+002  1.812741e-002  0.000000e+000
 2.680000e+002  2.658171e-002  0.000000e+000
 2.685000e+002  1.507545e-002  0.000000e+000
 2.690000e+002  1.909606e-002  0.000000e+000
 2.695000e+002  2.712181e-002  0.000000e+000
 2.700000e+002  4.562529e-002  0.000000e+000
 2.705000e+002  8.371337e-002  0.000000e+000
 2.710000e+002  1.480952e-001  0.000000e+000
 2.715000e+002  1.814379e-001  0.000000e+000
 2.720000e+002  1.175761e-001  0.000000e+000
 2.725000e+002  3.117258e-001  0.000000e+000
 2.730000e+002  3.159219e-001  0.000000e+000
 2.735000e+002  1.289642e-001  0.000000e+000
 2.740000e+002  7.971927e-002  0.000000e+000
 2.745000e+002  2.220299e-001  0.000000e+000
 2.750000e+002  6.388783e-002  0.000000e+000
 2.755000e+002  9.442053e-002  0.000000e+000
 2.760000e+002  1.906879e-001  0.000000e+000
 2.765000e+002  1.808663e-001  0.000000e+000
 2.770000e+002  1.274880e-001  0.000000e+000
 2.775000e+002  1.470572e-001  0.000000e+000
 2.780000e+002  3.453678e-001  0.000000e+000
 2.785000e+002  2.028845e-001  0.000000e+000
 2.790000e+002  1.238407e-001  0.000000e+000
 2.795000e+002  1.283236e-001  0.000000e+000
 2.800000e+002  2.222700e-001  0.000000e+000
 2.805000e+002  1.191988e-001  0.000000e+000
 2.810000e+002  1.072021e-001  0.000000e+000
 2.815000e+002  1.025281e-001  0.000000e+000
 2.820000e+002  5.715300e-002  0.000000e+000
 2.825000e+002  1.667805e-001  0.000000e+000
 2.830000e+002  7.972269e-002  0.000000e+000
 2.835000e+002  7.152289e-002  0.000000e+000
 2.840000e+002  1.285159e-001  0.000000e+000
 2.845000e+002  4.318808e-002  0.000000e+000
 2.850000e+002  1.568222e-001  0.000000e+000
 2.855000e+002  1.030920e-001  0.000000e+000
 2.860000e+002  2.985362e-001  0.000000e+000
 2.865000e+002  4.994083e-002  0.000000e+000
 2.870000e+002  2.724184e-002  0.000000e+000
 2.875000e+002  2.890287e-002  0.000000e+000
 2.880000e+002  4.403169e-002  0.000000e+000
 2.885000e+002  6.882457e-003  0.000000e+000
 2.890000e+002  7.019557e-002  0.000000e+000
 2.895000e+002  8.495873e-002  0.000000e+000
 2.900000e+002  1.615510e-002  0.000000e+000
 2.905000e+002  1.783289e-002  0.000000e+000
 2.910000e+002  2.888712e-002  0.000000e+000
 2.915000e+002  2.867431e-002  0.000000e+000
 2.920000e+002  1.987626e-002  0.000000e+000
 2.925000e+002  7.795364e-002  0.000000e+000
 2.930000e+002  1.998033e-001  0.000000e+000
 2.935000e+002  9.789735e-002  0.000000e+000
 2.940000e+002  2.046438e-002  0.000000e+000
 2.945000e+002  1.420895e-002  0.000000e+000
 2.950000e+002  8.864700e-002  0.000000e+000
 2.955000e+002  3.053508e-002  0.000000e+000
 2.960000e+002  2.097861e-002  0.000000e+000
 2.965000e+002  1.148399e-002  0.000000e+000
 2.970000e+002  4.400272e-002  0.000000e+000
 2.975000e+002  1.687079e-002  0.000000e+000
 2.980000e+002  1.389304e-001  0.000000e+000
 2.985000e+002  4.887937e-002  0.000000e+000
 2.990000e+002  9.588110e-003  0.000000e+000
 2.995000e+002  4.542841e-002  0.000000e+000
 3.000000e+002  8.801389e-002  0.000000e+000
 3.005000e+002  5.034790e-002  0.000000e+000
 3.010000e+002  1.199468e-002  0.000000e+000
 3.015000e+002  2.087921e-002  0.000000e+000
 3.020000e+002  5.502182e-002  0.000000e+000
 3.025000e+002  1.075010e-002  0.000000e+000
 3.030000e+002  1.022905e-001  0.000000e+000
 3.035000e+002  5.824897e-002  0.000000e+000
 3.040000e+002  1.194227e-001  0.000000e+000
 3.045000e+002  1.509684e-001  0.000000e+000
 3.050000e+002  1.275810e-001  0.000000e+000
 3.055000e+002  8.438151e-002  0.000000e+000
 3.060000e+002  8.397049e-003  0.000000e+000
 3.065000e+002  3.877482e-003  0.000000e+000
 3.070000e+002  1.398370e-002  0.000000e+000
 3.075000e+002  2.179115e-004  0.000000e+000
 3.080000e+002  2.243853e-002  0.000000e+000
 3.085000e+002  2.955253e-002  0.000000e+000
 3.090000e+002  1.558536e-002  0.000000e+000
 3.095000e+002  1.055347e-001  0.000000e+000
 3.100000e+002  1.072438e-001  0.000000e+000
 3.105000e+002  6.809686e-002  0.000000e+000
 3.110000e+002  6.264114e-002  0.000000e+000
 3.115000e+002  3.372923e-002  0.000000e+000
 3.120000e+002  1.809356e-001  0.000000e+000
 3.125000e+002  5.602835e-002  0.000000e+000
 3.130000e+002  2.217531e-002  0.000000e+000
 3.135000e+002  1.252643e-001  0.000000e+000
 3.140000e+002  2.021461e-001  0.000000e+000
 3.145000e+002  8.329487e-002  0.000000e+000
 3.150000e+002  7.112636e-002  0.000000e+000
 3.155000e+002  2.869907e-001  0.000000e+000
 3.160000e+002  6.965263e-002  0.000000e+000
 3.165000e+002  7.323884e-002  0.000000e+000
 3.170000e+002  8.382013e-002  0.000000e+000
 3.175000e+002  4.856225e-002  0.000000e+000
 3.180000e+002  2.851437e-002  0.000000e+000
 3.185000e+002  1.560837e-001  0.000000e+000
 3.190000e+002  8.940537e-002  0.000000e+000
 3.195000e+002  2.603021e-002  0.000000e+000
 3.200000e+002  7.422227e-002  0.000000e+000
 3.205000e+002  1.188869e-001  0.000000e+000
 3.210000e+002  7.897615e-002  0.000000e+000
 3.215000e+002  8.665084e-002  0.000000e+000
 3.220000e+002  1.121326e-001  0.000000e+000
 3.225000e+002  1.554069e-002  0.000000e+000
 3.230000e+002  1.338505e-002  0.000000e+000
 3.235000e+002  7.116113e-003  0.000000e+000
 3.240000e+002  5.342877e-002  0.000000e+000
 3.245000e+002  9.521976e-003  0.000000e+000
 3.250000e+002  1.176790e-002  0.000000e+000
 3.255000e+002  1.170570e-001  0.000000e+000
 3.260000e+002  1.837690e-003  0.000000e+000
 3.265000e+002  4.680092e-002  0.000000e+000
 3.270000e+002  2.485033e-001  0.000000e+000
 3.275000e+002  1.770765e-001  0.000000e+000
 3.280000e+002  1.715954e-001  0.000000e+000
 3.285000e+002  1.443021e-001  0.000000e+000
 3.290000e+002  6.238049e-002  0.000000e+000
 3.295000e+002  4.751225e-003  0.000000e+000
 3.300000e+002  3.816805e-002  0.000000e+000
 3.305000e+002  2.310695e-002  0.000000e+000
 3.310000e+002  4.682219e-002  0.000000e+000
 3.315000e+002  1.021620e-001  0.000000e+000
 3.320000e+002  5.778319e-002  0.000000e+000
 3.325000e+002  1.141325e-001  0.000000e+000
 3.330000e+002  1.354069e-002  0.000000e+000
 3.335000e+002  1.205681e-001  0.000000e+000
 3.340000e+002  2.698352e-002  0.000000e+000
 3.345000e+002  1.017261e-001  0.000000e+000
 3.350000e+002  1.211174e-001  0.000000e+000
 3.355000e+002  1.637098e-001  0.000000e+000
 3.360000e+002  2.455314e-002  0.000000e+000
 3.365000e+002  1.472069e-002  0.000000e+000
 3.370000e+002  1.506124e-001  0.000000e+000
 3.375000e+002  1.310592e-001  0.000000e+000
 3.380000e+002  1.415881e-001  0.000000e+000
 3.385000e+002  1.330261e-001  0.000000e+000
 3.390000e+002  4.669007e-002  0.000000e+000
 3.395000e+002  7.144867e-002  0.000000e+000
 3.400000e+002  1.014053e-002  0.000000e+000
 3.405000e+002  1.520639e-001  0.000000e+000
 3.410000e+002  8.507722e-002  0.000000e+000
 3.415000e+002  6.719876e-002  0.000000e+000
 3.420000e+002  4.327469e-002  0.000000e+000
 3.425000e+002  5.762425e-002  0.000000e+000
 3.430000e+002  1.377124e-001  0.000000e+000
 3.435000e+002  6.166602e-002  0.000000e+000
 3.440000e+002  9.371503e-002  0.000000e+000
 3.445000e+002  9.989973e-003  0.000000e+000
 3.450000e+002  2.254764e-002  0.000000e+000
 3.455000e+002  1.936069e-001  0.000000e+000
 3.460000e+002  1.703610e-001  0.000000e+000
 3.465000e+002  1.912006e-001  0.000000e+000
 3.470000e+002  1.923258e-001  0.000000e+000
 3.475000e+002  1.472715e-001  0.000000e+000
 3.480000e+002  7.837462e-002  0.000000e+000
 3.485000e+002  1.151664e-001  0.000000e+000
 3.490000e+002  2.031939e-001  0.000000e+000
 3.495000e+002  6.259761e-002  0.000000e+000
 3.500000e+002  1.587750e-002  0.000000e+000
 3.505000e+002  1.782652e-001  0.000000e+000
 3.510000e+002  9.301779e-003  0.000000e+000
 3.515000e+002  5.574834e-003  0.000000e+000
 3.520000e+002  1.129041e-001  0.000000e+000
 3.525000e+002  4.118931e-003  0.000000e+000
 3.530000e+002  1.056462e-001  0.000000e+000
 3.535000e+002  5.643066e-002  0.000000e+000
 3.540000e+002  2.492452e-002  0.000000e+000
 3.545000e+002  1.626506e-002  0.000000e+000
 3.550000e+002  6.357679e-002  0.000000e+000
 3.555000e+002  1.080083e-001  0.000000e+000
 3.560000e+002  6.011749e-002  0.000000e+000
 3.565000e+002  4.628484e-002  0.000000e+000
 3.570000e+002  5.989042e-002  0.000000e+000
 3.575000e+002  2.738440e-002  0.000000e+000
 3.580000e+002  5.566723e-002  0.000000e+000
 3.585000e+002  2.643238e-001  0.000000e+000
 3.590000e+002  3.373064e-002  0.000000e+000
 3.595000e+002  1.502149e-002  0.000000e+000
 3.600000e+002  6.118751e-002  0.000000e+000
 3.605000e+002  1.650233e-002  0.000000e+000
 3.610000e+002  4.772423e-002  0.000000e+000
 3.615000e+002  3.753761e-002  0.000000e+000
 3.620000e+002  1.609875e-003  0.000000e+000
 3.625000e+002  3.029549e-002  0.000000e+000
 3.630000e+002  6.635408e-002  0.000000e+000
 3.635000e+002  6.271740e-003  0.000000e+000
 3.640000e+002  8.605143e-002  0.000000e+000
 3.645000e+002  8.714332e-002  0.000000e+000
 3.650000e+002  7.116190e-003  0.000000e+000
 3.655000e+002  4.218209e-001  0.000000e+000
 3.660000e+002  7.958643e-002  0.000000e+000
 3.665000e+002  5.268743e-002  0.000000e+000
 3.670000e+002  7.609376e-002  0.000000e+000
 3.675000e+002  2.276269e-002  0.000000e+000
 3.680000e+002  1.666872e-002  0.000000e+000
 3.685000e+002  2.030813e-003  0.000000e+000
 3.690000e+002  6.187625e-002  0.000000e+000
 3.695000e+002  2.378270e-003  0.000000e+000
 3.700000e+002  1.183519e-001  0.000000e+000
 3.705000e+002  1.359039e-001  0.000000e+000
 3.710000e+002  2.523500e-003  0.000000e+000
 3.715000e+002  4.734255e-002  0.000000e+000
 3.720000e+002  1.194187e-002  0.000000e+000
 3.725000e+002  3.178159e-002  0.000000e+000
 3.730000e+002  4.053561e-002  0.000000e+000
 3.735000e+002  3.698474e-002  0.000000e+000
 3.740000e+002  2.745566e-002  0.000000e+000
 3.745000e+002  1.350946e-003  0.000000e+000
 3.750000e+002  7.287284e-002  0.000000e+000
 3.755000e+002  1.585629e-001  0.000000e+000
 3.760000e+002  9.913888e-002  0.000000e+000
 3.765000e+002  9.339564e-003  0.000000e+000
 3.770000e+002  2.084026e-002  0.000000e+000
 3.775000e+002  4.284602e-002  0.000000e+000
 3.780000e+002  2.767496e-002  0.000000e+000
 3.785000e+002  1.070344e-002  0.000000e+000
 3.790000e+002  6.388769e-002  0.000000e+000
 3.795000e+002  1.993035e-003  0.000000e+000
 3.800000e+002  1.080396e-001  0.000000e+000
 3.805000e+002  9.638254e-002  0.000000e+000
 3.810000e+002  1.098932e-002  0.000000e+000
 3.815000e+002  1.986938e-002  0.000000e+000
 3.820000e+002  1.959855e-003  0.000000e+000
 3.825000e+002  6.286962e-004  0.000000e+000
 3.830000e+002  7.170975e-002  0.000000e+000
 3.835000e+002  1.547785e-003  0.000000e+000
 3.840000e+002  3.826551e-002  0.000000e+000
 3.845000e+002  4.569772e-002  0.000000e+000
 3.850000e+002  3.167529e-002  0.000000e+000
 3.855000e+002  4.793116e-002  0.000000e+000
 3.860000e+002  2.207407e-003  0.000000e+000
 3.865000e+002  2.222782e-003  0.000000e+000
 3.870000e+002  7.981454e-003  0.000000e+000
 3.875000e+002  1.616039e-002  0.000000e+000
 3.880000e+002  9.060010e-003  0.000000e+000
 3.885000e+002  4.709284e-002  0.000000e+000
 3.890000e+002  2.467445e-002  0.000000e+000
 3.895000e+002  3.956969e-002  0.000000e+000
 3.900000e+002  2.331310e-001  0.000000e+000
 3.905000e+002  2.218224e-001  0.000000e+000
 3.910000e+002  6.543798e-002  0.000000e+000
 3.915000e+002  1.168020e-001  0.000000e+000
 3.920000e+002  7.494046e-002  0.000000e+000
 3.925000e+002  2.953051e-002  0.000000e+000
 3.930000e+002  3.819339e-003  0.000000e+000
 3.935000e+002  7.405394e-002  0.000000e+000
 3.940000e+002  1.893257e-002  0.000000e+000
 3.945000e+002  1.078726e-001  0.000000e+000
 3.950000e+002  9.579586e-003  0.000000e+000
 3.955000e+002  6.598148e-002  0.000000e+000
 3.960000e+002  4.901471e-002  0.000000e+000
 3.965000e+002  2.590155e-002  0.000000e+000
 3.970000e+002  2.528827e-002  0.000000e+000
 3.975000e+002  3.405680e-002  0.000000e+000
 3.980000e+002  3.086125e-002  0.000000e+000
 3.985000e+002  5.725531e-003  0.000000e+000
 3.990000e+002  2.692284e-002  0.000000e+000
 3.995000e+002  4.280235e-002  0.000000e+000
 4.000000e+002  1.444605e-001  0.000000e+000
 4.005000e+002  1.775447e-002  0.000000e+000
 4.010000e+002  3.075413e-002  0.000000e+000
 4.015000e+002  2.173691e-002  0.000000e+000
 4.020000e+002  1.346398e-001  0.000000e+000
 4.025000e+002  3.766901e-002  0.000000e+000
 4.030000e+002  6.897352e-002  0.000000e+000
 4.035000e+002  7.356251e-002  0.000000e+000
 4.040000e+002  2.165056e-002  0.000000e+000
 4.045000e+002  6.583225e-004  0.000000e+000
 4.050000e+002  2.332828e-001  0.000000e+000
 4.055000e+002  6.091353e-002  0.000000e+000
 4.060000e+002  1.530197e-001  0.000000e+000
 4.065000e+002  2.245301e-001  0.000000e+000
 4.070000e+002  2.550537e-003  0.000000e+000
 4.075000e+002  1.854273e-002  0.000000e+000
 4.080000e+002  5.878985e-002  0.000000e+000
 4.085000e+002  1.060538e-001  0.000000e+000
 4.090000e+002  1.397477e-002  0.000000e+000
 4.095000e+002  4.541884e-003  0.000000e+000
 4.100000e+002  1.513106e-003  0.000000e+000
 4.105000e+002  7.249768e-003  0.000000e+000
 4.110000e+002  9.281227e-002  0.000000e+000
 4.115000e+002  4.028231e-002  0.000000e+000
 4.120000e+002  4.708875e-003  0.000000e+000
 4.125000e+002  3.365452e-002  0.000000e+000
 4.130000e+002  4.874880e-002  0.000000e+000
 4.135000e+002  7.561779e-003  0.000000e+000
 4.140000e+002  3.704677e-002  0.000000e+000
 4.145000e+002  3.413268e-002  0.000000e+000
 4.150000e+002  4.290687e-002  0.000000e+000
 4.155000e+002  1.043137e-002  0.000000e+000
 4.160000e+002  6.206281e-002  0.000000e+000
 4.165000e+002  9.111756e-004  0.000000e+000
 4.170000e+002  8.883891e-002  0.000000e+000
 4.175000e+002  1.072210e-002  0.000000e+000
 4.180000e+002  5.333765e-003  0.000000e+000
 4.185000e+002  7.792702e-002  0.000000e+000
 4.190000e+002  4.877890e-002  0.000000e+000
 4.195000e+002  2.401096e-002  0.000000e+000
 4.200000e+002  2.280631e-002  0.000000e+000
 4.205000e+002  3.049106e-002  0.000000e+000
 4.210000e+002  2.505644e-003  0.000000e+000
 4.215000e+002  1.145352e-001  0.000000e+000
 4.220000e+002  1.474495e-001  0.000000e+000
 4.225000e+002  1.453168e-002  0.000000e+000
 4.230000e+002  1.041495e-001  0.000000e+000
 4.235000e+002  1.350948e-002  0.000000e+000
 4.240000e+002  4.737579e-002  0.000000e+000
 4.245000e+002  6.369032e-002  0.000000e+000
 4.250000e+002  1.515438e-002  0.000000e+000
 4.255000e+002  3.087387e-002  0.000000e+000
 4.260000e+002  4.559210e-002  0.000000e+000
 4.265000e+002  2.070917e-002  0.000000e+000
 4.270000e+002  3.538353e-002  0.000000e+000
 4.275000e+002  4.902302e-002  0.000000e+000
 4.280000e+002  1.218791e-002  0.000000e+000
 4.285000e+002  4.397601e-002  0.000000e+000
 4.290000e+002  1.809630e-002  0.000000e+000
 4.295000e+002  2.819872e-002  0.000000e+000
 4.300000e+002  4.570414e-002  0.000000e+000
 4.305000e+002  3.950312e-002  0.000000e+000
 4.310000e+002  1.115506e-001  0.000000e+000
 4.315000e+002  1.338504e-002  0.000000e+000
 4.320000e+002  1.018075e-001  0.000000e+000
 4.325000e+002  1.722551e-002  0.000000e+000
 4.330000e+002  3.513538e-002  0.000000e+000
 4.335000e+002  3.588264e-002  0.000000e+000
 4.340000e+002  1.704939e-002  0.000000e+000
 4.345000e+002  1.130527e-002  0.000000e+000
 4.350000e+002  6.557477e-002  0.000000e+000
 4.355000e+002  1.821058e-001  0.000000e+000
 4.360000e+002  8.616980e-002  0.000000e+000
 4.365000e+002  8.300316e-003  0.000000e+000
 4.370000e+002  8.435474e-002  0.000000e+000
 4.375000e+002  1.505848e-001  0.000000e+000
 4.380000e+002  8.487087e-002  0.000000e+000
 4.385000e+002  2.298289e-001  0.000000e+000
 4.390000e+002  9.098364e-002  0.000000e+000
 4.395000e+002  6.881493e-002  0.000000e+000
 4.400000e+002  1.528061e-003  0.000000e+000
 4.405000e+002  8.601754e-002  0.000000e+000
 4.410000e+002  1.038603e-001  0.000000e+000
 4.415000e+002  6.116280e-002  0.000000e+000
 4.420000e+002  6.013297e-002  0.000000e+000
 4.425000e+002  2.595062e-002  0.000000e+000
 4.430000e+002  4.111032e-003  0.000000e+000
 4.435000e+002  8.137017e-002  0.000000e+000
 4.440000e+002  8.270232e-002  0.000000e+000
 4.445000e+002  1.881829e-001  0.000000e+000
 4.450000e+002  7.653809e-003  0.000000e+000
 4.455000e+002  2.332543e-002  0.000000e+000
 4.460000e+002  6.031096e-002  0.000000e+000
 4.465000e+002  8.505735e-002  0.000000e+000
 4.470000e+002  2.303290e-002  0.000000e+000
 4.475000e+002  1.997200e-002  0.000000e+000
 4.480000e+002  5.419608e-002  0.000000e+000
 4.485000e+002  3.965497e-002  0.000000e+000
 4.490000e+002  9.968463e-002  0.000000e+000
 4.495000e+002  1.744913e-002  0.000000e+000
 4.500000e+002  3.313069e-002  0.000000e+000
 4.505000e+002  9.725627e-003  0.000000e+000
 4.510000e+002  3.826333e-003  0.000000e+000
 4.515000e+002  3.704549e-002  0.000000e+000
 4.520000e+002  9.148657e-002  0.000000e+000
 4.525000e+002  3.219955e-003  0.000000e+000
 4.530000e+002  4.718572e-002  0.000000e+000
 4.535000e+002  6.355140e-004  0.000000e+000
 4.540000e+002  4.932950e-003  0.000000e+000
 4.545000e+002  2.513145e-002  0.000000e+000
 4.550000e+002  1.905836e-002  0.000000e+000
 4.555000e+002  3.468566e-002  0.000000e+000
 4.560000e+002  2.342060e-003  0.000000e+000
 4.565000e+002  2.833954e-002  0.000000e+000
 4.570000e+002  1.104246e-001  0.000000e+000
 4.575000e+002  8.545253e-002  0.000000e+000
 4.580000e+002  3.518401e-002  0.000000e+000
 4.585000e+002  1.666232e-002  0.000000e+000
 4.590000e+002  1.380475e-002  0.000000e+000
 4.595000e+002  9.921202e-003  0.000000e+000
 4.600000e+002  3.679935e-002  0.000000e+000
 4.605000e+002  7.853203e-003  0.000000e+000
 4.610000e+002  5.814108e-003  0.000000e+000
 4.615000e+002  1.107044e-003  0.000000e+000
 4.620000e+002  6.488626e-003  0.000000e+000
 4.625000e+002  2.268879e-003  0.000000e+000
 4.630000e+002  8.338864e-004  0.000000e+000
 4.635000e+002  6.088872e-002  0.000000e+000
 4.640000e+002  1.935849e-002  0.000000e+000
 4.645000e+002  1.703586e-001  0.000000e+000
 4.650000e+002  8.005649e-002  0.000000e+000
 4.655000e+002  1.273963e-001  0.000000e+000
 4.660000e+002  4.348246e-002  0.000000e+000
 4.665000e+002  1.217847e-002  0.000000e+000
 4.670000e+002  2.930495e-002  0.000000e+000
 4.675000e+002  6.608053e-002  0.000000e+000
 4.680000e+002  2.343324e-002  0.000000e+000
 4.685000e+002  8.145420e-002  0.000000e+000
 4.690000e+002  3.889676e-002  0.000000e+000
 4.695000e+002  1.258275e-002  0.000000e+000
 4.700000e+002  4.205496e-002  0.000000e+000
 4.705000e+002  1.190385e-002  0.000000e+000
 4.710000e+002  1.126442e-002  0.000000e+000
 4.715000e+002  3.993254e-002  0.000000e+000
 4.720000e+002  3.551197e-002  0.000000e+000
 4.725000e+002  4.704242e-002  0.000000e+000
 4.730000e+002  2.096110e-002  0.000000e+000
 4.735000e+002  9.964912e-002  0.000000e+000
 4.740000e+002  3.191829e-002  0.000000e+000
 4.745000e+002  4.435213e-002  0.000000e+000
 4.750000e+002  4.625549e-002  0.000000e+000
 4.755000e+002  3.201930e-002  0.000000e+000
 4.760000e+002  8.859557e-003  0.000000e+000
 4.765000e+002  3.149207e-002  0.000000e+000
 4.770000e+002  2.745125e-002  0.000000e+000
 4.775000e+002  9.726171e-003  0.000000e+000
 4.780000e+002  9.925856e-002  0.000000e+000
 4.785000e+002  1.369458e-002  0.000000e+000
 4.790000e+002  1.176939e-001  0.000000e+000
 4.795000e+002  1.849360e-003  0.000000e+000
 4.800000e+002  1.566967e-002  0.000000e+000
 4.805000e+002  9.884410e-002  0.000000e+000
 4.810000e+002  8.048112e-002  0.000000e+000
 4.815000e+002  1.965298e-003  0.000000e+000
 4.820000e+002  9.990449e-002  0.000000e+000
 4.825000e+002  1.935292e-002  0.000000e+000
 4.830000e+002  2.082244e-002  0.000000e+000
 4.835000e+002  4.176040e-003  0.000000e+000
 4.840000e+002  2.344654e-002  0.000000e+000
 4.845000e+002  3.392572e-002  0.000000e+000
 4.850000e+002  6.903342e-002  0.000000e+000
 4.855000e+002  4.846663e-002  0.000000e+000
 4.860000e+002  1.962505e-002  0.000000e+000
 4.865000e+002  1.008119e-002  0.000000e+000
 4.870000e+002  1.944769e-002  0.000000e+000
 4.875000e+002  1.475629e-002  0.000000e+000
 4.880000e+002  4.003868e-003  0.000000e+000
 4.885000e+002  3.668791e-002  0.000000e+000
 4.890000e+002  5.519217e-002  0.000000e+000
 4.895000e+002  8.279744e-003  0.000000e+000
 4.900000e+002  1.100487e-002  0.000000e+000
 4.905000e+002  7.000963e-002  0.000000e+000
 4.910000e+002  4.846217e-002  0.000000e+000
 4.915000e+002  1.033217e-001  0.000000e+000
 4.920000e+002  7.981201e-002  0.000000e+000
 4.925000e+002  3.757600e-002  0.000000e+000
 4.930000e+002  5.168933e-003  0.000000e+000
 4.935000e+002  3.524850e-002  0.000000e+000
 4.940000e+002  3.999274e-002  0.000000e+000
 4.945000e+002  4.078447e-003  0.000000e+000
 4.950000e+002  1.083936e-001  0.000000e+000
 4.955000e+002  1.089628e-001  0.000000e+000
 4.960000e+002  2.506519e-002  0.000000e+000
 4.965000e+002  3.594463e-002  0.000000e+000
 4.970000e+002  1.090899e-002  0.000000e+000
 4.975000e+002  3.131614e-004  0.000000e+000
 4.980000e+002  8.058600e-002  0.000000e+000
 4.985000e+002  5.703648e-002  0.000000e+000
 4.990000e+002  7.596432e-002  0.000000e+000
 4.995000e+002  1.084888e-002  0.000000e+000
 5.000000e+002  1.948270e-001  0.000000e+000
 5.005000e+002  2.549965e-003  0.000000e+000
 5.010000e+002  1.259821e-002  0.000000e+000
 5.015000e+002  6.197711e-002  0.000000e+000
 5.020000e+002  5.705728e-002  0.000000e+000
 5.025000e+002  3.032509e-002  0.000000e+000
 5.030000e+002  6.510414e-004  0.000000e+000
 5.035000e+002  6.774046e-003  0.000000e+000
 5.040000e+002  1.750728e-002  0.000000e+000
 5.045000e+002  7.285715e-003  0.000000e+000
 5.050000e+002  4.277956e-002  0.000000e+000
 5.055000e+002  1.890740e-001  0.000000e+000
 5.060000e+002  2.720631e-002  0.000000e+000
 5.065000e+002  2.926964e-002  0.000000e+000
 5.070000e+002  6.109376e-002  0.000000e+000
 5.075000e+002  3.342772e-002  0.000000e+000
 5.080000e+002  4.596503e-002  0.000000e+000
 5.085000e+002  2.598204e-002  0.000000e+000
 5.090000e+002  1.056392e-001  0.000000e+000
 5.095000e+002  2.735007e-002  0.000000e+000
 5.100000e+002  1.248338e-001  0.000000e+000
 5.105000e+002  6.764498e-002  0.000000e+000
 5.110000e+002  1.285439e-001  0.000000e+000
 5.115000e+002  2.446556e-002  0.000000e+000
 5.120000e+002  1.227096e-002  0.000000e+000
