 0.000000e+000 -4.868408e-007  0.000000e+000
 5.000000e-001 -3.087516e-006 -1.345442e-006
 1.000000e+000 -4.083942e-006 -1.408680e-006
 1.500000e+000 -3.939230e-006 -1.093032e-006
 2.000000e+000 -4.118121e-006 -9.967805e-007
 2.500000e+000 -4.090388e-006 -8.874352e-007
 3.000000e+000 -4.094658e-006 -6.255608e-007
 3.500000e+000 -4.579834e-006 -6.099173e-007
 4.000000e+000 -4.010417e-006 -7.607155e-008
 4.500000e+000 -4.010871e-006 -6.029594e-007
 5.000000e+000 -4.197216e-006 -4.124119e-007
 5.500000e+000 -4.210165e-006 -5.506300e-007
 6.000000e+000 -7.744530e-006  9.206972e-006
 6.500000e+000 -4.440869e-006 -3.124742e-007
 7.000000e+000 -4.649382e-006 -2.663901e-007
 7.500000e+000 -4.485023e-006 -6.567460e-007
 8.000000e+000 -4.544666e-006 -4.903032e-007
 8.500000e+000 -4.637241e-006 -2.537529e-007
 9.000000e+000 -4.768477e-006 -3.778268e-007
 9.500000e+000 -4.594583e-006 -5.223763e-007
 1.000000e+001 -5.062746e-006 -2.170451e-007
 1.050000e+001 -4.839691e-006 -3.676662e-007
 1.100000e+001 -4.975810e-006 -8.849229e-007
 1.150000e+001 -5.441822e-006 -8.765728e-007
 1.200000e+001 -3.453122e-007  3.704839e-006
 1.250000e+001 -4.942847e-006  1.325948e-007
 1.300000e+001 -5.323192e-006 -3.292401e-007
 1.350000e+001 -5.599167e-006 -2.972319e-007
 1.400000e+001 -6.091336e-006 -4.929801e-007
 1.450000e+001 -6.342562e-006 -1.876332e-007
 1.500000e+001 -6.400898e-006 -5.705165e-007
 1.550000e+001 -6.876810e-006 -7.046065e-007
 1.600000e+001 -7.096941e-006 -7.223670e-007
 1.650000e+001 -7.452434e-006 -6.972963e-007
 1.700000e+001 -7.700165e-006 -5.774691e-007
 1.750000e+001 -7.605419e-006 -6.106122e-008
 1.800000e+001 -3.833549e-007 -1.068959e-005
 1.850000e+001 -1.316830e-005 -2.298810e-006
 1.900000e+001 -1.365922e-005 -1.694147e-006
 1.950000e+001 -1.541537e-005 -2.416346e-006
 2.000000e+001 -1.860153e-005 -2.864232e-006
 2.050000e+001 -2.271558e-005 -2.901529e-006
 2.100000e+001 -3.076619e-005 -3.442319e-006
 2.150000e+001 -4.891479e-005 -5.341225e-006
 2.200000e+001 -1.227604e-004  1.023171e-005
 2.250000e+001  1.587337e-004  9.199744e-005
 2.300000e+001  4.949859e-005  1.438746e-005
 2.350000e+001  2.745188e-005  8.378643e-006
 2.400000e+001  2.192701e-005  3.841389e-006
 2.450000e+001  1.554457e-005  3.925949e-006
 2.500000e+001  1.196684e-005  2.736499e-006
 2.550000e+001  9.990457e-006  2.516891e-006
 2.600000e+001  8.431416e-006  2.239785e-006
 2.650000e+001  7.280049e-006  2.019981e-006
 2.700000e+001  6.408182e-006  1.787138e-006
 2.750000e+001  5.538293e-006  1.541275e-006
 2.800000e+001  4.955779e-006  1.153840e-006
 2.850000e+001  4.380501e-006  1.493372e-006
 2.900000e+001  3.993703e-006  1.350690e-006
 2.950000e+001  3.615723e-006  1.330188e-006
 3.000000e+001  2.003368e-006  1.103424e-006
 3.050000e+001  3.345210e-006  7.367877e-007
 3.100000e+001  2.669933e-006  9.674094e-007
 3.150000e+001  2.550828e-006  9.145247e-007
 3.200000e+001  2.353890e-006  8.184830e-007
 3.250000e+001  2.169568e-006  7.409722e-007
 3.300000e+001  1.936418e-006  7.856817e-007
 3.350000e+001  1.817305e-006  9.220273e-007
 3.400000e+001  1.777002e-006  8.941222e-007
 3.450000e+001  1.533026e-006  6.941338e-007
 3.500000e+001  1.260891e-006  7.717239e-007
 3.550000e+001  1.082960e-006  1.046824e-006
 3.600000e+001  1.303113e-006 -1.488518e-008
 3.650000e+001  1.343717e-006  4.467797e-007
 3.700000e+001  1.207692e-006  4.773099e-007
 3.750000e+001  1.115168e-006  5.462079e-007
 3.800000e+001  9.599617e-007  5.116150e-007
 3.850000e+001  7.721115e-007  5.553575e-007
 3.900000e+001  7.240645e-007  5.432903e-007
 3.950000e+001  7.172658e-007  5.139536e-007
 4.000000e+001  6.380402e-007  5.705838e-007
 4.050000e+001  5.318283e-007  4.833894e-007
 4.100000e+001  4.048757e-007  6.612984e-007
 4.150000e+001  7.622352e-008  5.594890e-007
 4.200000e+001  1.541173e-006  1.747997e-006
 4.250000e+001  6.506985e-007 -7.317524e-008
 4.300000e+001  4.775370e-007  2.123938e-007
 4.350000e+001  3.779829e-007  3.780293e-007
 4.400000e+001  2.731654e-007  4.712078e-007
 4.450000e+001  1.226043e-007  4.162516e-007
 4.500000e+001  1.724465e-007  4.030134e-007
 4.550000e+001  5.370083e-008  3.917558e-007
 4.600000e+001 -1.047275e-007  4.343741e-007
 4.650000e+001 -1.946890e-007  6.566826e-007
 4.700000e+001 -5.133809e-007  7.962371e-007
 4.750000e+001 -1.440462e-006  1.379275e-006
 4.800000e+001  1.689894e-006 -1.441243e-006
 4.850000e+001  6.376685e-007 -1.638890e-007
 4.900000e+001  2.081092e-007  1.317349e-007
 4.950000e+001  1.181457e-007  1.977501e-008
 5.000000e+001  3.375015e-008  1.816145e-007
 5.050000e+001  1.116951e-008  2.286682e-007
 5.100000e+001 -2.042309e-007  2.093202e-007
 5.150000e+001 -2.161954e-007  3.737600e-007
 5.200000e+001 -2.975173e-007  3.198816e-007
 5.250000e+001 -4.461939e-007  3.576565e-007
 5.300000e+001 -4.196875e-007  5.263892e-007
 5.350000e+001 -1.001838e-006  5.916484e-007
 5.400000e+001 -5.352570e-006  5.584944e-006
 5.450000e+001  4.895317e-007 -3.717451e-007
 5.500000e+001 -1.003592e-008 -4.080185e-008
 5.550000e+001 -1.535628e-007  7.086763e-008
 5.600000e+001 -2.299276e-007  2.277976e-008
 5.650000e+001 -1.819667e-007  3.808154e-008
 5.700000e+001 -1.683763e-007  1.128500e-007
 5.750000e+001 -3.536783e-007  3.190701e-009
 5.800000e+001 -3.934802e-007  1.712739e-008
 5.850000e+001 -3.811009e-007 -1.243862e-008
 5.900000e+001 -6.128676e-007 -3.898236e-008
 5.950000e+001 -6.074935e-007  4.811748e-008
 6.000000e+001 -7.634335e-007  2.636934e-006
 6.050000e+001 -7.140866e-007  5.034515e-007
 6.100000e+001 -6.770473e-007  2.278921e-007
 6.150000e+001 -8.315729e-007  3.503078e-007
 6.200000e+001 -7.978252e-007  2.245189e-007
 6.250000e+001 -7.561697e-007  3.775368e-007
 6.300000e+001 -7.972816e-007  1.659097e-007
 6.350000e+001 -8.425663e-007  3.244044e-007
 6.400000e+001 -9.959782e-007  4.151975e-007
 6.450000e+001 -1.089799e-006  2.122536e-007
 6.500000e+001 -1.115853e-006  3.947488e-007
 6.550000e+001 -1.288586e-006  9.092576e-007
 6.600000e+001 -1.808561e-007  1.018478e-007
 6.650000e+001 -1.498694e-006 -3.188453e-009
 6.700000e+001 -1.577879e-006  3.891592e-007
 6.750000e+001 -1.342428e-006  6.805988e-007
 6.800000e+001 -1.563341e-006  1.588573e-007
 6.850000e+001 -1.571630e-006  2.415118e-007
 6.900000e+001 -2.013901e-006  6.432980e-007
 6.950000e+001 -1.793034e-006  5.046923e-007
 7.000000e+001 -2.148258e-006  3.229239e-007
 7.050000e+001 -2.793026e-006  6.655159e-007
 7.100000e+001 -3.303142e-006  6.390820e-007
 7.150000e+001 -2.563778e-006  1.881946e-006
 7.200000e+001 -2.517923e-006  1.120223e-006
 7.250000e+001 -2.470170e-006  1.122971e-006
 7.300000e+001 -2.431015e-006  1.429018e-006
 7.350000e+001 -2.738667e-006  4.150310e-007
 7.400000e+001 -2.711786e-006  1.265513e-006
 7.450000e+001 -3.317292e-006  7.109893e-007
 7.500000e+001 -3.764617e-006  6.993020e-007
 7.550000e+001 -4.386836e-006  9.315646e-007
 7.600000e+001 -5.311508e-006  1.114121e-006
 7.650000e+001 -6.603972e-006  1.672146e-006
 7.700000e+001 -7.566736e-006  1.984035e-006
 7.750000e+001 -1.034326e-005  3.398358e-006
 7.800000e+001 -1.279781e-005  5.566893e-006
 7.850000e+001 -2.107250e-005  1.424640e-005
 7.900000e+001 -1.706234e-005  4.971423e-005
 7.950000e+001  3.515952e-005  1.842956e-005
 8.000000e+001  1.759007e-005  3.386951e-006
 8.050000e+001  1.157202e-005  1.514524e-006
 8.100000e+001  8.909454e-006  7.000801e-007
 8.150000e+001  7.291227e-006  3.330109e-007
 8.200000e+001  6.234271e-006  4.501220e-008
 8.250000e+001  5.110393e-006  1.501461e-007
 8.300000e+001  4.861121e-006  4.311611e-007
 8.350000e+001  3.303554e-006 -1.137978e-008
 8.400000e+001  4.770389e-006  3.672309e-008
 8.450000e+001  3.672692e-006 -7.655554e-010
 8.500000e+001  3.165919e-006 -7.178119e-008
 8.550000e+001  2.972748e-006  2.637871e-009
 8.600000e+001  2.684163e-006  7.793419e-008
 8.650000e+001  2.629510e-006 -3.748820e-008
 8.700000e+001  2.409657e-006  4.625733e-008
 8.750000e+001  2.292766e-006 -5.321521e-009
 8.800000e+001  2.182465e-006  2.295429e-008
 8.850000e+001  2.156254e-006 -2.051820e-008
 8.900000e+001  1.984124e-006 -1.877801e-008
 8.950000e+001  1.786675e-006  9.443143e-008
 9.000000e+001  1.126970e-006  1.833935e-007
 9.050000e+001  1.584842e-006 -9.290948e-008
 9.100000e+001  1.635100e-006  4.274736e-009
 9.150000e+001  1.504536e-006 -5.823640e-008
 9.200000e+001  1.535387e-006 -3.469125e-008
 9.250000e+001  1.496617e-006 -1.581053e-007
 9.300000e+001  1.405687e-006 -4.294057e-008
 9.350000e+001  1.304819e-006  5.670419e-008
 9.400000e+001  1.388357e-006 -1.752120e-007
 9.450000e+001  1.328992e-006 -5.685933e-008
 9.500000e+001  1.325269e-006 -6.588146e-008
 9.550000e+001  1.241139e-006 -4.602964e-008
 9.600000e+001  9.735440e-007  4.824037e-007
 9.650000e+001  1.076737e-006  1.269319e-007
 9.700000e+001  1.098837e-006 -7.795894e-009
 9.750000e+001  1.039632e-006  6.267601e-008
 9.800000e+001  9.981102e-007 -1.633434e-008
 9.850000e+001  1.047545e-006 -1.256980e-007
 9.900000e+001  9.890844e-007  1.507380e-009
 9.950000e+001  1.000887e-006  4.886539e-008
 1.000000e+002  1.058608e-006  7.809142e-008
 1.005000e+002  9.715040e-007 -1.020193e-007
 1.010000e+002  8.224185e-007  3.112436e-008
 1.015000e+002  7.957173e-007  5.987368e-008
 1.020000e+002  2.339387e-006  3.132425e-007
 1.025000e+002  9.930057e-007  4.450686e-008
 1.030000e+002  1.019892e-006 -2.137891e-007
 1.035000e+002  8.999884e-007 -1.454016e-007
 1.040000e+002  1.007939e-006 -2.834660e-007
 1.045000e+002  9.300130e-007 -3.691460e-007
 1.050000e+002  7.353689e-007 -5.635274e-007
 1.055000e+002  6.057140e-007 -3.600370e-007
 1.060000e+002  5.397103e-007 -2.584493e-007
 1.065000e+002  5.487423e-007 -2.337214e-007
 1.070000e+002  6.536646e-007 -6.654956e-007
 1.075000e+002  5.978644e-007 -9.233577e-008
 1.080000e+002 -2.085419e-007  1.412001e-007
 1.085000e+002  3.943682e-007 -3.417531e-007
 1.090000e+002  5.863445e-007 -9.203018e-008
 1.095000e+002  4.404745e-007 -5.207776e-008
 1.100000e+002  5.742502e-007 -1.378139e-007
 1.105000e+002  5.172330e-007 -2.423855e-007
 1.110000e+002  5.073216e-007 -1.247862e-007
 1.115000e+002  3.992367e-007 -1.164373e-007
 1.120000e+002  3.681994e-007 -7.581010e-008
 1.125000e+002  5.519339e-007 -1.548261e-007
 1.130000e+002  4.827986e-007 -1.476583e-007
 1.135000e+002  5.366581e-007 -2.190350e-007
 1.140000e+002  1.320680e-006 -7.692096e-007
 1.145000e+002  5.596886e-007 -1.693952e-007
 1.150000e+002  4.131727e-007 -1.271560e-007
 1.155000e+002  4.829885e-007 -8.161569e-008
 1.160000e+002  3.610660e-007 -5.078492e-008
 1.165000e+002  4.455691e-007 -8.094517e-008
 1.170000e+002  4.353217e-007 -1.012232e-007
 1.175000e+002  3.942437e-007 -3.478021e-008
 1.180000e+002  2.712940e-007 -3.149349e-008
 1.185000e+002  2.736875e-007 -1.548084e-007
 1.190000e+002  3.130432e-007 -1.439750e-007
 1.195000e+002  1.260677e-007 -1.348948e-007
 1.200000e+002  2.547118e-007 -2.789057e-007
 1.205000e+002  3.818467e-007  1.090877e-008
 1.210000e+002  2.558927e-007  5.032291e-009
 1.215000e+002  2.810007e-007  1.202045e-007
 1.220000e+002  2.826240e-007  6.378907e-009
 1.225000e+002  2.300824e-007 -2.498490e-008
 1.230000e+002  3.712840e-007 -2.173241e-009
 1.235000e+002  3.556422e-007 -4.139505e-009
 1.240000e+002  3.325816e-007  7.083294e-008
 1.245000e+002  2.960995e-007  2.835757e-008
 1.250000e+002  1.402769e-007  3.545630e-009
 1.255000e+002  1.603581e-007 -7.712551e-008
 1.260000e+002 -1.101105e-006 -5.959842e-007
 1.265000e+002  9.636906e-007 -1.999484e-007
 1.270000e+002  6.497999e-007 -9.265652e-008
 1.275000e+002  6.065722e-007 -7.265145e-009
 1.280000e+002  4.770683e-007 -3.667485e-008
 1.285000e+002  4.024250e-007 -1.327629e-007
 1.290000e+002  4.179035e-007 -5.269298e-009
 1.295000e+002  4.282829e-007 -3.685502e-008
 1.300000e+002  4.175356e-007  1.779394e-008
 1.305000e+002  4.120093e-007  3.164545e-008
 1.310000e+002  3.828468e-007 -6.673879e-008
 1.315000e+002  3.227455e-007 -1.982979e-007
 1.320000e+002  3.405595e-007 -1.355698e-007
 1.325000e+002  3.639460e-007 -1.307441e-007
 1.330000e+002  3.425988e-007 -5.106693e-008
 1.335000e+002  3.508494e-007 -2.950612e-008
 1.340000e+002  4.216635e-007 -7.716085e-008
 1.345000e+002  5.085676e-007 -8.375123e-008
 1.350000e+002  3.073058e-007 -3.354807e-009
 1.355000e+002  3.553249e-007 -9.300634e-008
 1.360000e+002  3.770787e-007 -1.050418e-007
 1.365000e+002  3.576016e-007  3.968858e-008
 1.370000e+002  4.006543e-007  1.406937e-008
 1.375000e+002  4.824507e-007 -1.976700e-007
 1.380000e+002  1.026696e-006 -1.045901e-006
 1.385000e+002  2.086758e-007  1.998622e-007
 1.390000e+002  2.386462e-007  5.409314e-008
 1.395000e+002  1.899675e-007  1.145806e-007
 1.400000e+002  2.689996e-007 -1.843906e-008
 1.405000e+002  2.780756e-007  2.360846e-008
 1.410000e+002  2.211075e-007 -1.134989e-007
 1.415000e+002  3.043961e-007  4.137494e-008
 1.420000e+002  2.784466e-007  4.996704e-008
 1.425000e+002  3.903394e-007 -9.217388e-008
 1.430000e+002  2.168283e-007  2.320338e-010
 1.435000e+002  3.144948e-007 -9.142720e-008
 1.440000e+002  2.095357e-007 -3.124531e-007
 1.445000e+002  2.258825e-007  2.454340e-008
 1.450000e+002  2.416472e-007  2.049768e-008
 1.455000e+002  2.421250e-007  3.326131e-008
 1.460000e+002  2.481429e-007  6.603230e-008
 1.465000e+002  2.632582e-007  2.092405e-008
 1.470000e+002  2.786231e-007 -2.329646e-008
 1.475000e+002  3.227910e-007  2.069166e-008
 1.480000e+002  3.238502e-007  9.549293e-008
 1.485000e+002  3.521584e-007  9.467399e-009
 1.490000e+002  3.074047e-007 -3.393272e-008
 1.495000e+002  2.084433e-007  7.212249e-008
 1.500000e+002  5.914590e-007  5.737492e-009
 1.505000e+002 -3.949988e-008 -2.477000e-008
 1.510000e+002  1.319406e-007 -3.648811e-008
 1.515000e+002  1.536217e-007 -7.975432e-008
 1.520000e+002  2.217153e-007 -3.079549e-008
 1.525000e+002  2.251360e-007 -3.736203e-008
 1.530000e+002  2.240740e-007 -9.746231e-008
 1.535000e+002  2.873600e-007 -1.046574e-007
 1.540000e+002  2.347814e-007 -1.308074e-008
 1.545000e+002  2.559228e-007 -5.900026e-008
 1.550000e+002  3.313517e-007  9.267596e-008
 1.555000e+002  2.799813e-007  2.893705e-008
 1.560000e+002 -4.056662e-008  1.172460e-007
 1.565000e+002  3.197172e-007  2.101898e-008
 1.570000e+002  3.878881e-007  1.128018e-009
 1.575000e+002  3.653694e-007 -4.138682e-008
 1.580000e+002  3.724945e-007 -1.908982e-008
 1.585000e+002  3.283229e-007 -4.401394e-008
 1.590000e+002  2.604493e-007 -3.300743e-008
 1.595000e+002  3.206875e-007  5.236124e-008
 1.600000e+002  3.960896e-007  7.858352e-008
 1.605000e+002  3.874079e-007  1.966870e-007
 1.610000e+002  4.685119e-007  1.456546e-007
 1.615000e+002  6.441343e-007  8.521856e-008
 1.620000e+002  2.323266e-006  9.493191e-007
 1.625000e+002 -6.104376e-007 -4.197109e-007
 1.630000e+002 -1.240499e-007 -2.228058e-007
 1.635000e+002 -6.881353e-008  1.065839e-008
 1.640000e+002  8.613741e-008 -6.310742e-009
 1.645000e+002  9.181834e-008 -1.845635e-008
 1.650000e+002  5.745032e-008 -3.247081e-008
 1.655000e+002  8.146164e-008 -8.207718e-008
 1.660000e+002  6.462531e-008 -5.238151e-008
 1.665000e+002  1.583002e-007 -1.119705e-007
 1.670000e+002  2.039125e-007 -1.176021e-008
 1.675000e+002  1.110538e-007  1.676489e-008
 1.680000e+002  2.631320e-007 -1.686326e-007
 1.685000e+002  2.230102e-007 -1.648701e-007
 1.690000e+002  1.596456e-007 -7.466311e-008
 1.695000e+002  1.627998e-007 -4.421067e-008
 1.700000e+002  1.237190e-007  1.713735e-008
 1.705000e+002  7.099399e-008 -1.659152e-008
 1.710000e+002  2.321995e-007  1.574386e-009
 1.715000e+002  1.949228e-007  3.247249e-008
 1.720000e+002  2.096160e-007  8.848435e-008
 1.725000e+002  2.524295e-007  6.227180e-008
 1.730000e+002  2.114944e-007  4.955934e-008
 1.735000e+002  3.314621e-007  7.323417e-008
 1.740000e+002  1.808727e-006 -3.696871e-007
 1.745000e+002 -1.507440e-007 -3.284264e-007
 1.750000e+002  7.992953e-008 -2.156459e-007
 1.755000e+002  1.309164e-007 -1.496252e-007
 1.760000e+002  1.108692e-007 -8.117244e-008
 1.765000e+002  9.119148e-008 -1.677537e-007
 1.770000e+002  1.991130e-007 -8.176122e-008
 1.775000e+002  1.148715e-007 -1.122708e-007
 1.780000e+002  2.630682e-007 -1.317841e-007
 1.785000e+002  1.908634e-007 -9.684080e-008
 1.790000e+002  1.383727e-007 -9.540075e-008
 1.795000e+002  1.526482e-007 -1.043568e-007
 1.800000e+002  2.002021e-007 -1.787480e-007
 1.805000e+002  8.194178e-008 -1.968426e-009
 1.810000e+002  1.109344e-007 -9.196963e-008
 1.815000e+002  4.368803e-008 -2.939276e-008
 1.820000e+002  1.369273e-007 -1.736931e-007
 1.825000e+002  1.748292e-007 -3.778469e-008
 1.830000e+002  2.033185e-007 -5.279337e-008
 1.835000e+002  8.037011e-008 -6.022131e-008
 1.840000e+002  1.092589e-007 -2.391219e-008
 1.845000e+002  2.223564e-007 -8.960325e-008
 1.850000e+002  2.042089e-007 -1.645469e-007
 1.855000e+002  3.328477e-007 -2.555144e-007
 1.860000e+002 -1.632239e-007  3.444985e-007
 1.865000e+002  2.177274e-008  4.290208e-008
 1.870000e+002  8.411491e-008  4.520497e-008
 1.875000e+002  2.057871e-007 -4.116161e-009
 1.880000e+002  1.021035e-007 -7.667943e-008
 1.885000e+002  6.657640e-008 -1.323030e-007
 1.890000e+002  5.591271e-008 -4.147689e-009
 1.895000e+002  1.702501e-007 -2.778620e-008
 1.900000e+002  2.093119e-007 -6.419506e-008
 1.905000e+002  1.373938e-007 -3.462203e-008
 1.910000e+002  1.777732e-007 -2.664595e-008
 1.915000e+002  1.869457e-007  5.463741e-009
 1.920000e+002  9.629377e-008 -6.909933e-008
 1.925000e+002  1.005856e-007 -1.662213e-007
 1.930000e+002  3.841746e-009 -9.283325e-008
 1.935000e+002  2.176148e-007 -1.022662e-007
 1.940000e+002  1.601100e-007 -5.110316e-008
 1.945000e+002  1.325726e-007 -5.807715e-008
 1.950000e+002 -9.256724e-009 -1.929051e-008
 1.955000e+002  9.732648e-008 -6.201144e-008
 1.960000e+002  1.114244e-007 -6.125286e-008
 1.965000e+002  5.402070e-008 -2.440620e-008
 1.970000e+002 -8.731605e-008 -1.436550e-007
 1.975000e+002 -7.550333e-008 -3.743816e-007
 1.980000e+002 -4.222576e-007 -1.088264e-006
 1.985000e+002  6.459702e-007  6.564181e-007
 1.990000e+002  3.139496e-007  2.272818e-007
 1.995000e+002  2.794348e-007  1.653365e-007
 2.000000e+002  2.674985e-007  4.378842e-008
 2.005000e+002  1.829923e-007  3.125076e-008
 2.010000e+002  1.980668e-007  5.238706e-008
 2.015000e+002  1.007918e-007  2.713694e-008
 2.020000e+002  2.124303e-007 -5.067130e-008
 2.025000e+002  1.288664e-007 -2.782696e-008
 2.030000e+002  1.173978e-007  3.457812e-009
 2.035000e+002  2.673756e-007  3.921918e-009
 2.040000e+002  2.063814e-007  6.442700e-008
 2.045000e+002  2.318517e-007  1.084870e-008
 2.050000e+002  1.812746e-007  3.884379e-008
 2.055000e+002  1.903267e-007 -6.793240e-008
 2.060000e+002  1.894654e-007  3.623746e-008
 2.065000e+002  1.102419e-007 -4.142508e-008
 2.070000e+002  1.678461e-007 -4.007259e-008
 2.075000e+002  1.859098e-007 -3.850797e-008
 2.080000e+002  9.410797e-008  1.255675e-008
 2.085000e+002  1.616574e-007 -2.018288e-008
 2.090000e+002  1.564485e-007 -3.750657e-008
 2.095000e+002  1.691275e-007 -1.192690e-007
 2.100000e+002  1.816685e-007  6.448909e-008
 2.105000e+002  2.805502e-007  1.512174e-007
 2.110000e+002  1.256935e-007  4.200456e-008
 2.115000e+002  1.124826e-007  4.899165e-008
 2.120000e+002  1.061595e-007  7.848977e-008
 2.125000e+002  1.471939e-007  4.324938e-008
 2.130000e+002  7.777393e-008 -4.128738e-008
 2.135000e+002  1.798406e-007 -4.721217e-008
 2.140000e+002  7.798458e-008 -5.990013e-009
 2.145000e+002 -9.697818e-009 -5.849052e-008
 2.150000e+002  2.365785e-008 -4.795489e-008
 2.155000e+002  1.003617e-007 -1.734528e-007
 2.160000e+002  8.313044e-008 -1.471911e-007
 2.165000e+002  3.735763e-007  3.110561e-007
 2.170000e+002  2.445472e-007  9.441560e-008
 2.175000e+002  1.789477e-007  2.519028e-008
 2.180000e+002  1.818627e-007  1.194306e-007
 2.185000e+002  1.509046e-007  1.283546e-008
 2.190000e+002  2.113566e-007  1.256421e-007
 2.195000e+002  5.578221e-008  1.326775e-008
 2.200000e+002  2.154555e-007  3.973796e-008
 2.205000e+002  9.124246e-008  1.706304e-007
 2.210000e+002  1.266346e-007  2.398686e-007
 2.215000e+002  1.407741e-007  2.427693e-007
 2.220000e+002 -7.005168e-007  4.791624e-007
 2.225000e+002  1.167112e-007 -1.308282e-007
 2.230000e+002  1.352020e-007 -8.166483e-008
 2.235000e+002  1.942300e-007 -9.287137e-008
 2.240000e+002  1.049200e-007 -1.516532e-007
 2.245000e+002  2.042363e-007  8.936286e-009
 2.250000e+002  1.631948e-007 -6.664401e-008
 2.255000e+002  2.234644e-007  8.430573e-009
 2.260000e+002  1.537120e-007 -1.563292e-007
 2.265000e+002  1.712328e-007 -6.289101e-008
 2.270000e+002  9.243156e-008 -1.017163e-007
 2.275000e+002  2.216970e-007  1.218873e-008
 2.280000e+002  1.182412e-007 -2.602548e-007
 2.285000e+002  2.401255e-007  6.892503e-008
 2.290000e+002  1.816420e-007 -3.024573e-008
 2.295000e+002  2.219632e-007 -2.720622e-008
 2.300000e+002  2.629121e-007  2.470049e-008
 2.305000e+002  2.293384e-007 -3.462393e-009
 2.310000e+002  1.898635e-007 -2.010492e-008
 2.315000e+002  2.998832e-007 -4.785324e-008
 2.320000e+002  2.995288e-007 -1.617935e-007
 2.325000e+002  2.402125e-007 -7.674249e-008
 2.330000e+002  3.738434e-007  4.803328e-009
 2.335000e+002  5.531875e-007 -1.193356e-007
 2.340000e+002  1.493776e-006 -3.424201e-007
 2.345000e+002 -9.329162e-007  2.787056e-007
 2.350000e+002 -4.252388e-007 -4.842129e-008
 2.355000e+002 -7.625740e-008  8.077508e-008
 2.360000e+002  5.814303e-008  8.989670e-008
 2.365000e+002  1.700653e-008  5.800924e-008
 2.370000e+002  8.408954e-008  1.223559e-007
 2.375000e+002  1.155060e-007 -1.518679e-008
 2.380000e+002  1.063572e-007 -2.408078e-009
 2.385000e+002  1.292112e-007  1.690630e-008
 2.390000e+002  1.369311e-007  7.836228e-008
 2.395000e+002  1.552948e-007  5.085736e-008
 2.400000e+002 -4.332244e-007 -1.789774e-006
 2.405000e+002  1.913782e-007 -1.583677e-007
 2.410000e+002  2.991799e-008 -3.171982e-007
 2.415000e+002  1.735005e-007 -3.186699e-007
 2.420000e+002  6.119940e-008 -3.160350e-007
 2.425000e+002 -1.393591e-007 -3.298493e-007
 2.430000e+002 -1.411324e-007 -1.930040e-007
 2.435000e+002 -1.720384e-009 -3.930248e-008
 2.440000e+002  2.292471e-008  4.053688e-009
 2.445000e+002  1.516317e-008  8.571553e-008
 2.450000e+002  1.469495e-008 -1.830799e-008
 2.455000e+002 -2.578618e-008 -6.622345e-008
 2.460000e+002  1.603596e-007  4.290396e-007
 2.465000e+002 -3.096438e-008 -2.369017e-007
 2.470000e+002 -7.611738e-009 -1.633473e-007
 2.475000e+002  5.211644e-008 -1.022178e-007
 2.480000e+002 -2.899449e-008 -1.569163e-007
 2.485000e+002 -4.661265e-008 -1.173785e-007
 2.490000e+002 -1.016840e-007 -1.084361e-007
 2.495000e+002 -3.120354e-008 -1.374036e-007
 2.500000e+002 -2.753983e-008 -5.092329e-008
 2.505000e+002 -4.050392e-008  9.916052e-009
 2.510000e+002 -2.510552e-008 -1.167416e-007
 2.515000e+002 -1.692800e-007 -2.780463e-008
 2.520000e+002 -7.402132e-008 -2.667658e-007
 2.525000e+002  1.624528e-007  3.758606e-007
 2.530000e+002 -3.760351e-008  2.077341e-007
 2.535000e+002  7.337497e-008  9.761138e-008
 2.540000e+002  2.864144e-008  1.101532e-007
 2.545000e+002  9.975085e-008  1.489932e-007
 2.550000e+002  1.025604e-007  1.488374e-007
 2.555000e+002  3.095508e-009  3.378490e-008
 2.560000e+002 -1.818614e-008  1.310787e-008
 2.565000e+002 -1.098950e-008  3.472296e-008
 2.570000e+002  6.031942e-008  6.907192e-008
 2.575000e+002  1.093365e-007  2.741730e-007
 2.580000e+002  5.893408e-007 -2.306497e-006
 2.585000e+002 -1.561689e-007  2.610138e-008
 2.590000e+002 -6.302477e-008  7.822302e-010
 2.595000e+002 -4.518462e-008 -5.535560e-008
 2.600000e+002 -2.977076e-009  2.379854e-009
 2.605000e+002  8.637826e-008 -6.802749e-008
 2.610000e+002  1.565200e-008  5.025004e-008
 2.615000e+002  6.595759e-008 -3.837647e-008
 2.620000e+002 -4.762082e-008 -6.031343e-008
 2.625000e+002 -4.555360e-008  7.211583e-008
 2.630000e+002  2.087909e-007  1.840107e-008
 2.635000e+002  1.690748e-008  1.837894e-008
 2.640000e+002  1.034549e-007  1.799855e-008
 2.645000e+002  7.601188e-008 -1.134866e-007
 2.650000e+002 -3.475593e-008 -3.078022e-008
 2.655000e+002  4.967638e-008 -4.532124e-009
 2.660000e+002  5.780193e-008  8.417868e-009
 2.665000e+002  2.936254e-008 -1.471914e-007
 2.670000e+002  3.068864e-008  6.938450e-008
 2.675000e+002 -2.170238e-008 -3.737228e-009
 2.680000e+002  1.443061e-008 -1.423987e-007
 2.685000e+002  1.336686e-008 -1.166069e-007
 2.690000e+002  7.590501e-008 -8.757300e-008
 2.695000e+002  3.138953e-008 -1.813632e-007
 2.700000e+002 -3.118421e-008 -2.537125e-007
 2.705000e+002 -5.292031e-008  4.238846e-007
 2.710000e+002 -6.814442e-008  2.073749e-007
 2.715000e+002 -3.046273e-008  1.400174e-007
 2.720000e+002  5.679337e-008  8.965972e-008
 2.725000e+002 -1.421556e-008  1.070258e-007
 2.730000e+002 -4.927982e-008  9.923501e-008
 2.735000e+002 -2.351715e-008  1.427238e-008
 2.740000e+002  8.668625e-010  2.022141e-008
 2.745000e+002  9.825109e-008  1.176687e-007
 2.750000e+002  1.853225e-008 -8.964318e-009
 2.755000e+002  4.095355e-008  5.394154e-008
 2.760000e+002  1.687736e-007  2.130206e-007
 2.765000e+002  7.142428e-008 -4.786458e-008
 2.770000e+002  3.570833e-008  1.884305e-008
 2.775000e+002  2.681322e-008  1.695504e-008
 2.780000e+002  6.434748e-008  3.658258e-008
 2.785000e+002  6.737491e-010  1.348868e-008
 2.790000e+002 -5.955593e-008  2.348322e-008
 2.795000e+002  4.965605e-008 -6.732533e-008
 2.800000e+002 -1.381083e-008  2.402526e-008
 2.805000e+002  2.893472e-008 -4.012522e-008
 2.810000e+002 -6.925079e-008 -3.505824e-009
 2.815000e+002 -7.923504e-008 -1.061930e-007
 2.820000e+002 -4.187766e-007 -7.811051e-007
 2.825000e+002  7.875086e-007  5.130374e-007
 2.830000e+002  3.673916e-007  1.796570e-007
 2.835000e+002  1.410701e-007  1.595765e-009
 2.840000e+002  1.117733e-007  1.125443e-007
 2.845000e+002  9.936047e-008  8.918088e-008
 2.850000e+002  7.815794e-008 -4.164820e-008
 2.855000e+002  1.026174e-007  8.390094e-008
 2.860000e+002  1.135623e-007  8.577598e-008
 2.865000e+002  7.584139e-008  8.753997e-008
 2.870000e+002  6.290574e-008 -5.630661e-008
 2.875000e+002  1.967049e-008  2.174434e-008
 2.880000e+002 -8.224374e-008 -3.686365e-008
 2.885000e+002  4.122642e-007  1.380694e-007
 2.890000e+002  2.648392e-007  1.797793e-008
 2.895000e+002  2.010217e-007  5.704037e-008
 2.900000e+002  1.990189e-007 -2.583319e-008
 2.905000e+002  2.315728e-007 -1.442629e-008
 2.910000e+002  1.314760e-007  5.601287e-008
 2.915000e+002  1.738198e-007  5.356618e-008
 2.920000e+002  6.702426e-008  5.182071e-008
 2.925000e+002  6.339437e-008 -6.780725e-008
 2.930000e+002  9.610333e-008  2.353677e-008
 2.935000e+002  7.210792e-008 -1.094172e-007
 2.940000e+002  9.322048e-007  2.722185e-007
 2.945000e+002  2.123889e-007 -1.463699e-008
 2.950000e+002  1.405419e-007  3.909081e-008
 2.955000e+002  1.639158e-007 -2.295819e-008
 2.960000e+002  7.365011e-008  8.755723e-008
 2.965000e+002  1.757249e-007  1.317541e-008
 2.970000e+002  6.023451e-008  4.684980e-008
 2.975000e+002  9.458390e-008  5.349176e-008
 2.980000e+002  8.900863e-008 -4.893622e-008
 2.985000e+002  1.941666e-007 -1.129916e-008
 2.990000e+002  1.058356e-007 -1.698182e-009
 2.995000e+002  1.656641e-007 -8.563786e-009
 3.000000e+002  2.573677e-007  3.611642e-007
 3.005000e+002  2.114328e-007  2.028440e-008
 3.010000e+002  1.464863e-007 -2.774080e-008
 3.015000e+002  1.686825e-008 -6.772594e-008
 3.020000e+002  7.266939e-008 -4.257761e-008
 3.025000e+002  8.774567e-008 -1.115641e-008
 3.030000e+002  8.527518e-008 -2.760546e-008
 3.035000e+002  9.720449e-008 -9.993556e-009
 3.040000e+002  1.644692e-007  4.941720e-009
 3.045000e+002  8.756754e-008  1.179939e-007
 3.050000e+002  1.064225e-007  6.610076e-008
 3.055000e+002  9.358608e-008  9.367349e-008
 3.060000e+002  7.530075e-008 -1.779794e-007
 3.065000e+002  2.973716e-007 -1.837484e-007
 3.070000e+002  1.287241e-007  7.399816e-009
 3.075000e+002  1.082495e-007 -2.499337e-008
 3.080000e+002  1.181856e-007 -1.161867e-008
 3.085000e+002  5.110468e-008 -3.631339e-008
 3.090000e+002 -8.013705e-009 -9.466813e-008
 3.095000e+002  6.904988e-008 -7.419410e-008
 3.100000e+002  1.524275e-007 -1.005931e-007
 3.105000e+002  1.353499e-007  6.355731e-008
 3.110000e+002  6.055517e-008 -3.072326e-008
 3.115000e+002  1.289116e-007 -3.606327e-008
 3.120000e+002  8.097647e-008  1.952969e-007
 3.125000e+002  2.558844e-008 -1.057586e-007
 3.130000e+002  8.352749e-008 -6.545416e-008
 3.135000e+002  4.749413e-008  2.090186e-008
 3.140000e+002  1.371279e-007 -2.028252e-008
 3.145000e+002  9.598904e-008  3.651045e-009
 3.150000e+002  6.720754e-008 -6.032189e-008
 3.155000e+002  3.658873e-008 -1.066847e-007
 3.160000e+002  1.230902e-007 -5.423542e-008
 3.165000e+002  9.344731e-008 -9.393859e-008
 3.170000e+002 -2.923574e-008 -1.860713e-008
 3.175000e+002 -3.525837e-008 -1.100925e-007
 3.180000e+002 -3.314691e-007 -2.791192e-007
 3.185000e+002  6.954734e-007 -1.352178e-007
 3.190000e+002  2.403026e-007 -5.197978e-008
 3.195000e+002  1.941778e-007 -1.460648e-007
 3.200000e+002  1.602911e-007 -4.215425e-008
 3.205000e+002  2.331839e-007 -6.811321e-008
 3.210000e+002  1.732495e-007 -5.310181e-008
 3.215000e+002  1.278703e-007 -7.190118e-009
 3.220000e+002  1.475755e-007  5.917437e-008
 3.225000e+002  2.025608e-007 -9.296062e-008
 3.230000e+002  1.603858e-007 -1.064569e-007
 3.235000e+002  1.705393e-007 -1.474905e-007
 3.240000e+002  5.691033e-007 -7.884231e-008
 3.245000e+002 -1.214573e-007 -4.318289e-007
 3.250000e+002  9.332986e-008 -2.435094e-007
 3.255000e+002  9.797335e-008 -1.141050e-007
 3.260000e+002  2.448116e-008 -1.626730e-007
 3.265000e+002  1.194917e-007 -1.198481e-007
 3.270000e+002  8.502472e-009 -7.342098e-008
 3.275000e+002  4.752101e-008 -1.236149e-007
 3.280000e+002  9.110645e-008 -9.072560e-008
 3.285000e+002  1.021614e-007 -1.927310e-007
 3.290000e+002  4.366241e-008 -1.846822e-007
 3.295000e+002  1.009998e-007 -1.290033e-007
 3.300000e+002 -2.439969e-007 -6.957625e-007
 3.305000e+002  1.979393e-007 -8.202134e-008
 3.310000e+002  2.025953e-007 -1.357130e-007
 3.315000e+002  4.086619e-009 -1.167421e-007
 3.320000e+002  2.046253e-008 -1.381261e-007
 3.325000e+002  2.310658e-008 -1.655755e-007
 3.330000e+002  5.392421e-008 -2.542983e-007
 3.335000e+002 -8.750768e-008 -3.081702e-007
 3.340000e+002 -5.568069e-008 -1.416888e-007
 3.345000e+002 -1.247255e-007 -2.156188e-007
 3.350000e+002 -4.141929e-008 -2.644120e-007
 3.355000e+002 -9.526932e-008 -1.716223e-007
 3.360000e+002 -6.754056e-008 -1.383551e-007
 3.365000e+002 -7.313209e-009 -7.084037e-008
 3.370000e+002 -8.503909e-008 -1.298428e-007
 3.375000e+002 -1.481844e-007 -1.162534e-008
 3.380000e+002  2.146759e-008 -1.619815e-007
 3.385000e+002 -8.648606e-008 -1.640258e-007
 3.390000e+002 -4.256007e-008 -1.774549e-007
 3.395000e+002 -6.882795e-008 -8.969173e-008
 3.400000e+002 -8.992123e-008 -1.831764e-007
 3.405000e+002  6.779028e-009 -1.363993e-007
 3.410000e+002 -1.806452e-008 -1.937225e-007
 3.415000e+002 -1.077374e-008 -2.709828e-007
 3.420000e+002 -4.493917e-007  7.446511e-007
 3.425000e+002  1.442855e-007  6.564401e-008
 3.430000e+002 -3.414745e-008 -7.597249e-009
 3.435000e+002 -8.029067e-008  7.457597e-008
 3.440000e+002 -3.133156e-008  3.803004e-008
 3.445000e+002 -5.485142e-008 -3.045881e-008
 3.450000e+002 -4.670714e-008 -2.444786e-008
 3.455000e+002  2.761364e-008 -2.854091e-008
 3.460000e+002 -8.404646e-009  1.107613e-007
 3.465000e+002 -8.319423e-008 -1.050377e-007
 3.470000e+002  4.450394e-008 -2.591953e-008
 3.475000e+002 -1.331618e-007 -7.165080e-008
 3.480000e+002  3.326969e-008  3.737360e-008
 3.485000e+002 -6.441365e-008  1.359956e-008
 3.490000e+002  2.376707e-010 -8.114421e-008
 3.495000e+002  6.524634e-008  5.233400e-008
 3.500000e+002 -1.555124e-008 -1.147163e-007
 3.505000e+002  2.558555e-008 -1.986607e-008
 3.510000e+002  9.415009e-009 -4.153075e-008
 3.515000e+002  1.602128e-008 -2.586999e-008
 3.520000e+002 -2.866884e-008 -4.166340e-008
 3.525000e+002  8.706366e-008 -2.951929e-008
 3.530000e+002  6.253588e-008 -9.445922e-008
 3.535000e+002  2.922823e-007 -6.880503e-008
 3.540000e+002  5.295304e-008 -2.516376e-007
 3.545000e+002 -1.561689e-007  1.583073e-007
 3.550000e+002 -1.340485e-007  1.184409e-007
 3.555000e+002 -1.003472e-007 -2.392558e-008
 3.560000e+002 -2.397017e-008  5.667053e-008
 3.565000e+002 -8.277518e-009 -4.778092e-009
 3.570000e+002 -4.824740e-008 -3.690507e-008
 3.575000e+002 -2.119741e-008  4.146455e-008
 3.580000e+002  2.270022e-009 -9.373691e-008
 3.585000e+002  3.577448e-008 -9.316314e-008
 3.590000e+002  1.086713e-008 -4.455914e-009
 3.595000e+002 -1.317539e-008 -6.559667e-008
 3.600000e+002  3.155701e-007  7.661702e-007
 3.605000e+002 -3.221795e-007  2.235349e-007
 3.610000e+002 -2.029057e-008  8.778784e-008
 3.615000e+002 -2.475443e-008  6.892985e-008
 3.620000e+002 -8.662233e-008  4.063300e-008
 3.625000e+002  4.283354e-008  1.469188e-008
 3.630000e+002 -9.312522e-009  3.579100e-008
 3.635000e+002  1.328385e-008  9.800689e-008
 3.640000e+002 -8.275924e-008  4.968631e-008
 3.645000e+002  5.987679e-008 -3.632980e-008
 3.650000e+002 -3.804561e-008  7.119710e-008
 3.655000e+002  1.020638e-007  1.942988e-007
 3.660000e+002 -1.291844e-007  6.077978e-007
 3.665000e+002  4.197812e-008 -7.932996e-008
 3.670000e+002  3.778048e-009 -2.830521e-008
 3.675000e+002  1.902165e-008  8.607252e-009
 3.680000e+002 -1.380712e-007 -2.791448e-008
 3.685000e+002 -1.442474e-008 -3.944901e-008
 3.690000e+002 -5.324948e-008  2.449291e-008
 3.695000e+002 -3.869896e-009  7.075250e-008
 3.700000e+002 -1.952265e-007  6.372953e-008
 3.705000e+002  1.078452e-009  1.482919e-008
 3.710000e+002  1.178000e-008 -8.103368e-008
 3.715000e+002  3.964063e-008 -2.224167e-008
 3.720000e+002  3.934288e-008 -4.762335e-008
 3.725000e+002  2.087554e-008 -6.900441e-008
 3.730000e+002 -1.271015e-007 -1.000830e-007
 3.735000e+002 -1.261716e-007 -5.721986e-008
 3.740000e+002  7.849318e-008  1.130079e-009
 3.745000e+002 -9.267096e-008  5.641147e-009
 3.750000e+002 -7.821823e-008 -1.221659e-007
 3.755000e+002 -2.269670e-008 -1.295962e-008
 3.760000e+002  8.292611e-008 -4.612474e-008
 3.765000e+002 -9.707339e-009 -4.022251e-010
 3.770000e+002 -1.404388e-007 -9.083159e-008
 3.775000e+002 -2.490136e-007 -1.372135e-007
 3.780000e+002  3.437706e-007  5.505307e-007
 3.785000e+002 -1.904081e-008  2.796376e-008
 3.790000e+002  7.333050e-008  1.223541e-008
 3.795000e+002  3.956478e-009  8.744359e-008
 3.800000e+002 -7.002086e-008  8.261940e-008
 3.805000e+002 -6.803081e-009  1.660517e-007
 3.810000e+002 -8.306137e-008 -1.152385e-007
 3.815000e+002  7.578984e-008 -1.107150e-007
 3.820000e+002  8.545605e-008 -1.181406e-008
 3.825000e+002 -2.643186e-007  4.762907e-008
 3.830000e+002 -5.284688e-008 -4.730663e-008
 3.835000e+002 -2.452352e-008 -6.628031e-008
 3.840000e+002  2.817701e-008  1.859701e-007
 3.845000e+002  4.103375e-008 -3.624476e-008
 3.850000e+002 -7.550400e-008 -7.864518e-008
 3.855000e+002 -8.671957e-008 -1.178925e-007
 3.860000e+002 -2.627610e-009  2.942599e-008
 3.865000e+002 -6.944176e-008  6.719856e-008
 3.870000e+002 -9.732475e-008  8.841358e-009
 3.875000e+002 -7.642996e-009 -6.000340e-008
 3.880000e+002 -6.560509e-008 -3.215025e-009
 3.885000e+002 -1.272045e-007 -1.179609e-007
 3.890000e+002 -1.685850e-007  8.109751e-009
 3.895000e+002 -3.665287e-008 -2.789352e-008
 3.900000e+002 -5.120252e-007 -1.591110e-008
 3.905000e+002  7.125462e-007 -1.370231e-007
 3.910000e+002  1.038037e-007 -8.519127e-008
 3.915000e+002  5.569648e-008 -1.529326e-008
 3.920000e+002  3.832318e-008  2.684244e-008
 3.925000e+002  1.575592e-007 -6.139878e-008
 3.930000e+002 -3.435886e-008 -1.106124e-008
 3.935000e+002  1.372269e-007 -5.003892e-008
 3.940000e+002 -7.482930e-008 -9.440760e-008
 3.945000e+002  4.854603e-008 -1.359429e-007
 3.950000e+002  1.416788e-008 -6.700164e-008
 3.955000e+002  2.985339e-008 -1.680323e-007
 3.960000e+002 -6.336553e-008 -2.584560e-007
 3.965000e+002  9.310684e-008  6.373550e-007
 3.970000e+002  4.396004e-008  5.339186e-008
 3.975000e+002  3.350764e-008  2.675762e-008
 3.980000e+002 -3.553199e-008 -7.276780e-008
 3.985000e+002 -3.667668e-008 -8.341051e-008
 3.990000e+002  2.217433e-008  1.144460e-007
 3.995000e+002  1.480988e-008  1.317051e-008
 4.000000e+002  1.158718e-008  3.326183e-010
 4.005000e+002 -1.044333e-007 -6.407229e-008
 4.010000e+002 -3.753363e-008 -2.195508e-008
 4.015000e+002 -7.699394e-008 -1.747473e-008
 4.020000e+002 -4.278912e-007 -5.904259e-007
 4.025000e+002  2.146425e-007  2.926965e-007
 4.030000e+002  8.098512e-008  6.806086e-008
 4.035000e+002  3.213728e-008  6.330549e-008
 4.040000e+002  3.035782e-008  8.071772e-008
 4.045000e+002  1.344272e-008  4.997102e-008
 4.050000e+002  9.968680e-008 -4.290906e-008
 4.055000e+002  1.092627e-008  1.302214e-007
 4.060000e+002  5.179263e-008  8.615920e-008
 4.065000e+002  5.965547e-008  8.830172e-008
 4.070000e+002  5.741863e-008  4.155922e-008
 4.075000e+002  3.944044e-008  6.801993e-008
 4.080000e+002  1.510434e-007 -8.912056e-009
 4.085000e+002 -2.840755e-007  9.555134e-008
 4.090000e+002 -9.645731e-008  1.583735e-007
 4.095000e+002 -3.340600e-008  3.815719e-008
 4.100000e+002  2.677781e-008  1.649548e-008
 4.105000e+002 -6.061262e-009  8.965337e-008
 4.110000e+002 -2.171672e-010 -1.335774e-008
 4.115000e+002  1.622544e-009  7.559376e-008
 4.120000e+002  6.909698e-009 -5.608808e-008
 4.125000e+002 -4.766384e-008  1.224447e-007
 4.130000e+002  9.489114e-008  3.521569e-008
 4.135000e+002 -4.142963e-008  1.430872e-008
 4.140000e+002 -2.309434e-007  2.562636e-008
 4.145000e+002  3.070550e-007 -1.273667e-008
 4.150000e+002  1.600819e-008 -2.697785e-008
 4.155000e+002 -6.397061e-008  5.181554e-008
 4.160000e+002 -1.034250e-007 -4.553800e-008
 4.165000e+002 -4.766937e-008 -5.737916e-008
 4.170000e+002  8.223137e-008  3.338528e-008
 4.175000e+002 -6.172821e-009  3.793583e-008
 4.180000e+002  9.957323e-008 -4.820917e-008
 4.185000e+002  2.217548e-009  4.871585e-008
 4.190000e+002 -3.470786e-009  1.167657e-007
 4.195000e+002 -2.170974e-008  1.339719e-007
 4.200000e+002 -7.116471e-008  1.399002e-008
 4.205000e+002 -7.254538e-008  2.931783e-008
 4.210000e+002  4.878138e-008  7.129356e-008
 4.215000e+002 -4.334394e-008 -1.071425e-007
 4.220000e+002  3.611221e-008 -3.027096e-008
 4.225000e+002 -2.835985e-008  4.442545e-008
 4.230000e+002 -6.923214e-009  1.427215e-009
 4.235000e+002  2.115108e-008 -6.097514e-008
 4.240000e+002  1.865682e-008 -1.241802e-007
 4.245000e+002  1.263148e-007  9.300584e-009
 4.250000e+002  1.374683e-008 -1.681820e-008
 4.255000e+002  7.689527e-008  4.570803e-008
 4.260000e+002 -9.217461e-008 -1.072308e-007
 4.265000e+002  8.706884e-008  2.645078e-007
 4.270000e+002 -2.244678e-008 -2.900772e-009
 4.275000e+002  6.092427e-008  1.817441e-008
 4.280000e+002  2.213682e-008  2.203939e-008
 4.285000e+002  2.036933e-008 -7.026805e-008
 4.290000e+002 -1.217302e-008 -5.254315e-008
 4.295000e+002 -2.312463e-008  4.629230e-008
 4.300000e+002  6.994261e-008  1.100134e-007
 4.305000e+002  3.174502e-008 -9.800666e-008
 4.310000e+002 -1.708883e-009  2.958918e-008
 4.315000e+002  6.325635e-008  3.748946e-008
 4.320000e+002  7.453014e-008 -8.911713e-008
 4.325000e+002  6.024349e-008  3.921145e-007
 4.330000e+002 -7.067380e-009  9.646147e-008
 4.335000e+002 -4.925122e-008  3.064807e-008
 4.340000e+002 -7.014969e-009  4.096245e-008
 4.345000e+002 -2.250548e-008  2.590439e-009
 4.350000e+002 -1.485999e-008  1.038798e-007
 4.355000e+002 -1.190761e-007  1.155791e-008
 4.360000e+002  4.968798e-008  3.917894e-008
 4.365000e+002  2.838905e-008 -9.776032e-008
 4.370000e+002  3.116505e-008  8.320235e-008
 4.375000e+002  1.127706e-007  1.244161e-007
 4.380000e+002  5.631591e-008  5.961845e-007
 4.385000e+002 -1.674046e-007 -5.385752e-007
 4.390000e+002 -6.392923e-008 -8.886154e-008
 4.395000e+002 -1.712636e-008 -1.250038e-007
 4.400000e+002  5.623448e-008 -2.792099e-008
 4.405000e+002  2.960410e-008 -1.288895e-008
 4.410000e+002 -4.940613e-008 -3.557640e-008
 4.415000e+002  3.471631e-008 -1.092591e-007
 4.420000e+002 -7.368891e-008  1.949041e-008
 4.425000e+002 -6.882421e-008 -3.111583e-008
 4.430000e+002 -7.158575e-008 -2.316682e-008
 4.435000e+002  4.472865e-008 -6.743795e-008
 4.440000e+002 -1.984150e-007 -4.092768e-008
 4.445000e+002  2.348047e-008 -1.300313e-007
 4.450000e+002  1.987949e-008  1.944324e-008
 4.455000e+002 -1.028708e-007 -2.442656e-008
 4.460000e+002  4.498153e-008  4.183275e-008
 4.465000e+002 -2.505739e-008 -1.094532e-008
 4.470000e+002  1.578095e-008 -2.466578e-008
 4.475000e+002  5.529715e-008  2.885466e-008
 4.480000e+002 -2.706485e-008  4.110942e-008
 4.485000e+002 -2.226088e-008  3.619564e-008
 4.490000e+002 -5.761185e-008 -1.180036e-007
 4.495000e+002  8.767628e-008 -5.907868e-008
 4.500000e+002  6.877358e-008  4.177444e-007
 4.505000e+002  1.743441e-007  2.570358e-007
 4.510000e+002 -5.720284e-008  2.668571e-008
 4.515000e+002  7.868186e-008 -3.489649e-008
 4.520000e+002  1.358451e-008  1.098959e-008
 4.525000e+002 -7.787706e-008 -2.707944e-008
 4.530000e+002  1.149545e-007 -2.961562e-008
 4.535000e+002  8.287878e-008 -4.468169e-008
 4.540000e+002 -1.029001e-007 -5.669100e-008
 4.545000e+002  7.999683e-009  4.768059e-008
 4.550000e+002  4.426021e-008 -9.420489e-008
 4.555000e+002  8.999308e-008  1.525907e-008
 4.560000e+002 -1.147628e-007  5.952437e-008
 4.565000e+002 -1.455112e-008 -1.543291e-009
 4.570000e+002  3.090707e-008 -1.729664e-007
 4.575000e+002 -4.343963e-008  2.987449e-008
 4.580000e+002  2.627964e-008 -4.209088e-008
 4.585000e+002  1.170227e-007  6.229341e-008
 4.590000e+002 -8.010969e-008 -7.136725e-008
 4.595000e+002  4.042322e-008  3.021354e-008
 4.600000e+002 -3.120307e-008 -6.561977e-008
 4.605000e+002  2.495865e-008 -1.201163e-007
 4.610000e+002 -8.141437e-008 -1.223328e-007
 4.615000e+002 -1.492883e-007  1.672561e-007
 4.620000e+002 -6.939738e-008  1.644441e-008
 4.625000e+002  3.450860e-009  3.217708e-007
 4.630000e+002  3.530017e-009  5.970895e-008
 4.635000e+002  1.928771e-008  1.505996e-007
 4.640000e+002  1.659359e-009 -7.360718e-008
 4.645000e+002  2.423131e-008 -2.288064e-009
 4.650000e+002 -8.847784e-008  6.478968e-008
 4.655000e+002 -3.002175e-008 -3.542740e-009
 4.660000e+002 -4.613587e-008  5.102138e-008
 4.665000e+002 -7.291980e-008  2.066344e-008
 4.670000e+002  8.133976e-009  1.181269e-007
 4.675000e+002 -9.001671e-008 -1.044405e-007
 4.680000e+002  2.982468e-008  5.403659e-008
 4.685000e+002  7.738482e-007  3.855494e-007
 4.690000e+002 -5.944228e-008 -3.536750e-008
 4.695000e+002  1.525141e-008 -4.346173e-008
 4.700000e+002 -3.045790e-008 -3.634487e-008
 4.705000e+002  9.548749e-008  6.421869e-008
 4.710000e+002 -1.011619e-007  1.031683e-007
 4.715000e+002  8.778879e-008  3.147403e-008
 4.720000e+002  2.698616e-008 -9.251727e-009
 4.725000e+002  3.636625e-008  8.270661e-009
 4.730000e+002 -1.105158e-007 -8.446989e-008
 4.735000e+002 -6.164551e-008 -1.638275e-007
 4.740000e+002 -4.152271e-007 -3.861645e-007
 4.745000e+002  4.373085e-007  1.963243e-007
 4.750000e+002  9.383867e-008 -1.292823e-008
 4.755000e+002  2.012886e-007 -3.927069e-008
 4.760000e+002 -9.813798e-009  8.991721e-008
 4.765000e+002  9.560567e-008  7.870014e-008
 4.770000e+002 -8.815390e-009 -1.018640e-007
 4.775000e+002 -3.326996e-008 -4.897410e-008
 4.780000e+002  6.729486e-008  2.104958e-008
 4.785000e+002  8.836988e-008  2.242886e-008
 4.790000e+002 -1.670394e-008  9.029921e-009
 4.795000e+002 -5.688452e-008  1.843485e-008
 4.800000e+002  1.302126e-007  4.800152e-008
 4.805000e+002 -3.077219e-008 -4.073423e-008
 4.810000e+002  2.172330e-008 -8.506963e-008
 4.815000e+002 -3.026776e-009 -7.256629e-008
 4.820000e+002 -9.872302e-009  1.068148e-007
 4.825000e+002  8.221486e-008  9.314879e-008
 4.830000e+002  1.358993e-007  1.740557e-008
 4.835000e+002 -8.110915e-008 -1.365258e-007
 4.840000e+002 -7.193035e-008 -8.630225e-008
 4.845000e+002 -1.555862e-007  1.546877e-008
 4.850000e+002  1.639387e-007  1.334862e-007
 4.855000e+002 -5.121267e-008 -8.420222e-008
 4.860000e+002  1.753161e-007  3.916550e-008
 4.865000e+002  6.644928e-008 -1.802072e-009
 4.870000e+002 -1.875360e-008 -3.899873e-008
 4.875000e+002 -5.453209e-008  5.491657e-008
 4.880000e+002  3.726370e-008  8.859268e-009
 4.885000e+002 -4.149533e-010 -9.772956e-008
 4.890000e+002  6.153498e-009 -5.596208e-008
 4.895000e+002  1.823012e-007  1.459987e-007
 4.900000e+002 -1.167064e-007  5.129283e-008
 4.905000e+002 -7.522656e-008  1.042069e-007
 4.910000e+002  2.619427e-008 -5.979111e-009
 4.915000e+002 -3.468437e-008  4.244154e-008
 4.920000e+002 -8.842556e-008 -4.628128e-008
 4.925000e+002 -4.909703e-008  8.852867e-008
 4.930000e+002  9.675361e-008 -1.488794e-007
 4.935000e+002 -3.932795e-008  1.815515e-008
 4.940000e+002  5.920570e-008 -4.124430e-008
 4.945000e+002  3.498606e-008 -1.363269e-007
 4.950000e+002  2.904605e-008  9.907486e-008
 4.955000e+002  8.585777e-008  7.230118e-009
 4.960000e+002  1.953231e-008 -4.416891e-008
 4.965000e+002 -1.339073e-007 -3.713541e-008
 4.970000e+002  1.606042e-007 -9.236466e-008
 4.975000e+002  1.708638e-007 -1.496772e-007
 4.980000e+002 -1.678772e-007  3.126188e-007
 4.985000e+002 -5.041626e-008 -8.559900e-008
 4.990000e+002  1.127695e-007  9.249563e-008
 4.995000e+002  1.123654e-007  3.929089e-008
 5.000000e+002 -3.208605e-008 -3.013245e-009
 5.005000e+002 -9.232552e-008  1.782116e-007
 5.010000e+002 -8.377855e-008 -6.806634e-009
 5.015000e+002  2.562214e-007 -4.348895e-009
 5.020000e+002 -3.960217e-008  1.101224e-007
 5.025000e+002 -9.346967e-009 -7.689819e-008
 5.030000e+002 -9.528790e-008  4.039762e-008
 5.035000e+002  2.378210e-007 -7.183643e-008
 5.040000e+002 -1.732145e-007  1.574365e-008
 5.045000e+002 -9.009477e-008 -1.204110e-008
 5.050000e+002  7.922610e-008  1.111258e-007
 5.055000e+002 -4.293753e-009 -8.606694e-009
 5.060000e+002  2.464573e-008 -4.918157e-008
 5.065000e+002  1.236600e-008 -3.962288e-008
 5.070000e+002  1.446215e-007  1.654529e-007
 5.075000e+002  1.458939e-008 -8.795702e-008
 5.080000e+002  1.372196e-007  1.585472e-007
 5.085000e+002  8.418127e-008  1.097301e-007
 5.090000e+002  9.330549e-008  1.118049e-007
 5.095000e+002  1.069298e-007 -4.380510e-008
 5.100000e+002 -5.234052e-010  4.624323e-008
 5.105000e+002  3.918119e-007 -3.281052e-007
 5.110000e+002 -2.274767e-007  1.006433e-007
 5.115000e+002  4.871975e-008 -1.352661e-007
 5.120000e+002 -1.976121e-008 -1.790552e-011
