 0.000000e+000  9.998949e-001  0.000000e+000
 5.000000e-001  8.899978e-001  0.000000e+000
 1.000000e+000  8.980898e-001  0.000000e+000
 1.500000e+000  9.177035e-001  0.000000e+000
 2.000000e+000  9.215016e-001  0.000000e+000
 2.500000e+000  8.421114e-001  0.000000e+000
 3.000000e+000  9.080201e-001  0.000000e+000
 3.500000e+000  8.645654e-001  0.000000e+000
 4.000000e+000  8.837099e-001  0.000000e+000
 4.500000e+000  8.071044e-001  0.000000e+000
 5.000000e+000  5.456099e-001  0.000000e+000
 5.500000e+000  4.114281e-001  0.000000e+000
 6.000000e+000  1.343849e-002  0.000000e+000
 6.500000e+000  4.653964e-001  0.000000e+000
 7.000000e+000  7.931427e-001  0.000000e+000
 7.500000e+000  8.397359e-001  0.000000e+000
 8.000000e+000  8.995116e-001  0.000000e+000
 8.500000e+000  9.020236e-001  0.000000e+000
 9.000000e+000  9.411997e-001  0.000000e+000
 9.500000e+000  9.019379e-001  0.000000e+000
 1.000000e+001  9.107857e-001  0.000000e+000
 1.050000e+001  8.466842e-001  0.000000e+000
 1.100000e+001  8.052775e-001  0.000000e+000
 1.150000e+001  5.893812e-001  0.000000e+000
 1.200000e+001  4.981506e-003  0.000000e+000
 1.250000e+001  5.967160e-001  0.000000e+000
 1.300000e+001  8.144148e-001  0.000000e+000
 1.350000e+001  9.165447e-001  0.000000e+000
 1.400000e+001  9.466226e-001  0.000000e+000
 1.450000e+001  9.259218e-001  0.000000e+000
 1.500000e+001  9.505458e-001  0.000000e+000
 1.550000e+001  9.442856e-001  0.000000e+000
 1.600000e+001  9.312148e-001  0.000000e+000
 1.650000e+001  8.796943e-001  0.000000e+000
 1.700000e+001  8.337614e-001  0.000000e+000
 1.750000e+001  5.263845e-001  0.000000e+000
 1.800000e+001  1.189438e-002  0.000000e+000
 1.850000e+001  8.578256e-001  0.000000e+000
 1.900000e+001  9.589705e-001  0.000000e+000
 1.950000e+001  9.811000e-001  0.000000e+000
 2.000000e+001  9.810918e-001  0.000000e+000
 2.050000e+001  9.875180e-001  0.000000e+000
 2.100000e+001  9.921856e-001  0.000000e+000
 2.150000e+001  9.834241e-001  0.000000e+000
 2.200000e+001  9.873067e-001  0.000000e+000
 2.250000e+001  9.894426e-001  0.000000e+000
 2.300000e+001  9.430339e-001  0.000000e+000
 2.350000e+001  9.681225e-001  0.000000e+000
 2.400000e+001  6.806404e-001  0.000000e+000
 2.450000e+001  9.625888e-001  0.000000e+000
 2.500000e+001  9.666255e-001  0.000000e+000
 2.550000e+001  9.733219e-001  0.000000e+000
 2.600000e+001  9.673406e-001  0.000000e+000
 2.650000e+001  9.611357e-001  0.000000e+000
 2.700000e+001  9.653072e-001  0.000000e+000
 2.750000e+001  9.688189e-001  0.000000e+000
 2.800000e+001  9.468356e-001  0.000000e+000
 2.850000e+001  9.509455e-001  0.000000e+000
 2.900000e+001  9.189814e-001  0.000000e+000
 2.950000e+001  8.683502e-001  0.000000e+000
 3.000000e+001  1.160908e-001  0.000000e+000
 3.050000e+001  8.199663e-001  0.000000e+000
 3.100000e+001  8.794075e-001  0.000000e+000
 3.150000e+001  9.226580e-001  0.000000e+000
 3.200000e+001  9.054474e-001  0.000000e+000
 3.250000e+001  8.715144e-001  0.000000e+000
 3.300000e+001  8.721110e-001  0.000000e+000
 3.350000e+001  8.817130e-001  0.000000e+000
 3.400000e+001  8.354043e-001  0.000000e+000
 3.450000e+001  7.621852e-001  0.000000e+000
 3.500000e+001  6.691149e-001  0.000000e+000
 3.550000e+001  4.389644e-001  0.000000e+000
 3.600000e+001  3.425704e-002  0.000000e+000
 3.650000e+001  6.007839e-001  0.000000e+000
 3.700000e+001  7.333298e-001  0.000000e+000
 3.750000e+001  7.268180e-001  0.000000e+000
 3.800000e+001  6.807231e-001  0.000000e+000
 3.850000e+001  6.847028e-001  0.000000e+000
 3.900000e+001  6.151822e-001  0.000000e+000
 3.950000e+001  6.021266e-001  0.000000e+000
 4.000000e+001  5.351843e-001  0.000000e+000
 4.050000e+001  3.222715e-001  0.000000e+000
 4.100000e+001  2.801135e-001  0.000000e+000
 4.150000e+001  3.732653e-002  0.000000e+000
 4.200000e+001  1.007238e-001  0.000000e+000
 4.250000e+001  6.609513e-002  0.000000e+000
 4.300000e+001  1.779133e-001  0.000000e+000
 4.350000e+001  2.411702e-001  0.000000e+000
 4.400000e+001  3.085315e-001  0.000000e+000
 4.450000e+001  3.246527e-001  0.000000e+000
 4.500000e+001  2.432076e-001  0.000000e+000
 4.550000e+001  2.544500e-001  0.000000e+000
 4.600000e+001  1.832273e-001  0.000000e+000
 4.650000e+001  2.576475e-001  0.000000e+000
 4.700000e+001  2.437284e-001  0.000000e+000
 4.750000e+001  1.919278e-001  0.000000e+000
 4.800000e+001  5.216041e-002  0.000000e+000
 4.850000e+001  8.584945e-002  0.000000e+000
 4.900000e+001  3.230096e-002  0.000000e+000
 4.950000e+001  1.352688e-002  0.000000e+000
 5.000000e+001  4.045383e-002  0.000000e+000
 5.050000e+001  5.884937e-002  0.000000e+000
 5.100000e+001  1.051628e-001  0.000000e+000
 5.150000e+001  1.655488e-001  0.000000e+000
 5.200000e+001  1.357707e-001  0.000000e+000
 5.250000e+001  1.667233e-001  0.000000e+000
 5.300000e+001  1.018190e-001  0.000000e+000
 5.350000e+001  6.845171e-002  0.000000e+000
 5.400000e+001  1.118326e-001  0.000000e+000
 5.450000e+001  2.853208e-002  0.000000e+000
 5.500000e+001  6.332039e-004  0.000000e+000
 5.550000e+001  1.645682e-002  0.000000e+000
 5.600000e+001  4.302071e-002  0.000000e+000
 5.650000e+001  2.720992e-002  0.000000e+000
 5.700000e+001  4.727591e-002  0.000000e+000
 5.750000e+001  9.340321e-002  0.000000e+000
 5.800000e+001  8.689082e-002  0.000000e+000
 5.850000e+001  5.703026e-002  0.000000e+000
 5.900000e+001  6.011013e-002  0.000000e+000
 5.950000e+001  8.305630e-003  0.000000e+000
 6.000000e+001  6.206962e-002  0.000000e+000
 6.050000e+001  9.521952e-002  0.000000e+000
 6.100000e+001  1.550357e-001  0.000000e+000
 6.150000e+001  3.127144e-001  0.000000e+000
 6.200000e+001  3.297410e-001  0.000000e+000
 6.250000e+001  3.816553e-001  0.000000e+000
 6.300000e+001  3.054046e-001  0.000000e+000
 6.350000e+001  3.071462e-001  0.000000e+000
 6.400000e+001  4.546764e-001  0.000000e+000
 6.450000e+001  3.535160e-001  0.000000e+000
 6.500000e+001  1.920684e-001  0.000000e+000
 6.550000e+001  6.114854e-002  0.000000e+000
 6.600000e+001  3.351901e-004  0.000000e+000
 6.650000e+001  2.497297e-001  0.000000e+000
 6.700000e+001  2.857686e-001  0.000000e+000
 6.750000e+001  3.055799e-001  0.000000e+000
 6.800000e+001  5.360353e-001  0.000000e+000
 6.850000e+001  6.253440e-001  0.000000e+000
 6.900000e+001  7.259983e-001  0.000000e+000
 6.950000e+001  6.208195e-001  0.000000e+000
 7.000000e+001  7.273598e-001  0.000000e+000
 7.050000e+001  6.813208e-001  0.000000e+000
 7.100000e+001  4.418003e-001  0.000000e+000
 7.150000e+001  3.476018e-001  0.000000e+000
 7.200000e+001  2.184227e-001  0.000000e+000
 7.250000e+001  5.351400e-001  0.000000e+000
 7.300000e+001  4.892403e-001  0.000000e+000
 7.350000e+001  3.417960e-001  0.000000e+000
 7.400000e+001  8.608096e-001  0.000000e+000
 7.450000e+001  8.571206e-001  0.000000e+000
 7.500000e+001  9.097736e-001  0.000000e+000
 7.550000e+001  9.314877e-001  0.000000e+000
 7.600000e+001  9.469928e-001  0.000000e+000
 7.650000e+001  9.375584e-001  0.000000e+000
 7.700000e+001  8.839507e-001  0.000000e+000
 7.750000e+001  8.623259e-001  0.000000e+000
 7.800000e+001  8.295720e-001  0.000000e+000
 7.850000e+001  9.687899e-001  0.000000e+000
 7.900000e+001  9.827699e-001  0.000000e+000
 7.950000e+001  9.550288e-001  0.000000e+000
 8.000000e+001  9.796965e-001  0.000000e+000
 8.050000e+001  9.857056e-001  0.000000e+000
 8.100000e+001  9.803813e-001  0.000000e+000
 8.150000e+001  9.853600e-001  0.000000e+000
 8.200000e+001  9.598787e-001  0.000000e+000
 8.250000e+001  9.463224e-001  0.000000e+000
 8.300000e+001  8.210059e-001  0.000000e+000
 8.350000e+001  3.677167e-001  0.000000e+000
 8.400000e+001  6.363606e-001  0.000000e+000
 8.450000e+001  8.958237e-001  0.000000e+000
 8.500000e+001  9.296211e-001  0.000000e+000
 8.550000e+001  9.515224e-001  0.000000e+000
 8.600000e+001  9.524045e-001  0.000000e+000
 8.650000e+001  9.650885e-001  0.000000e+000
 8.700000e+001  9.583869e-001  0.000000e+000
 8.750000e+001  9.353340e-001  0.000000e+000
 8.800000e+001  9.090171e-001  0.000000e+000
 8.850000e+001  9.018993e-001  0.000000e+000
 8.900000e+001  7.711964e-001  0.000000e+000
 8.950000e+001  1.705047e-001  0.000000e+000
 9.000000e+001  1.116958e-001  0.000000e+000
 9.050000e+001  7.296342e-001  0.000000e+000
 9.100000e+001  8.706450e-001  0.000000e+000
 9.150000e+001  8.694330e-001  0.000000e+000
 9.200000e+001  8.977071e-001  0.000000e+000
 9.250000e+001  9.089843e-001  0.000000e+000
 9.300000e+001  9.182554e-001  0.000000e+000
 9.350000e+001  8.687339e-001  0.000000e+000
 9.400000e+001  8.624926e-001  0.000000e+000
 9.450000e+001  8.910480e-001  0.000000e+000
 9.500000e+001  7.555872e-001  0.000000e+000
 9.550000e+001  1.948670e-001  0.000000e+000
 9.600000e+001  2.597809e-001  0.000000e+000
 9.650000e+001  6.355035e-001  0.000000e+000
 9.700000e+001  8.200202e-001  0.000000e+000
 9.750000e+001  8.259506e-001  0.000000e+000
 9.800000e+001  7.753646e-001  0.000000e+000
 9.850000e+001  7.892528e-001  0.000000e+000
 9.900000e+001  8.334985e-001  0.000000e+000
 9.950000e+001  8.283142e-001  0.000000e+000
 1.000000e+002  8.955671e-001  0.000000e+000
 1.005000e+002  8.506736e-001  0.000000e+000
 1.010000e+002  5.201969e-001  0.000000e+000
 1.015000e+002  3.188204e-001  0.000000e+000
 1.020000e+002  8.846591e-002  0.000000e+000
 1.025000e+002  4.168864e-001  0.000000e+000
 1.030000e+002  7.291375e-001  0.000000e+000
 1.035000e+002  7.634919e-001  0.000000e+000
 1.040000e+002  7.382375e-001  0.000000e+000
 1.045000e+002  7.784963e-001  0.000000e+000
 1.050000e+002  6.756889e-001  0.000000e+000
 1.055000e+002  5.323935e-001  0.000000e+000
 1.060000e+002  4.171694e-001  0.000000e+000
 1.065000e+002  4.232638e-001  0.000000e+000
 1.070000e+002  2.752942e-001  0.000000e+000
 1.075000e+002  1.242924e-001  0.000000e+000
 1.080000e+002  8.046797e-003  0.000000e+000
 1.085000e+002  2.213567e-001  0.000000e+000
 1.090000e+002  4.381467e-001  0.000000e+000
 1.095000e+002  3.134670e-001  0.000000e+000
 1.100000e+002  6.188985e-001  0.000000e+000
 1.105000e+002  6.567088e-001  0.000000e+000
 1.110000e+002  5.870070e-001  0.000000e+000
 1.115000e+002  4.301216e-001  0.000000e+000
 1.120000e+002  3.400439e-001  0.000000e+000
 1.125000e+002  6.039811e-001  0.000000e+000
 1.130000e+002  2.280001e-001  0.000000e+000
 1.135000e+002  1.512707e-001  0.000000e+000
 1.140000e+002  1.599364e-001  0.000000e+000
 1.145000e+002  7.330415e-002  0.000000e+000
 1.150000e+002  2.037390e-001  0.000000e+000
 1.155000e+002  4.596321e-001  0.000000e+000
 1.160000e+002  3.442581e-001  0.000000e+000
 1.165000e+002  4.704765e-001  0.000000e+000
 1.170000e+002  5.037783e-001  0.000000e+000
 1.175000e+002  4.275155e-001  0.000000e+000
 1.180000e+002  2.663384e-001  0.000000e+000
 1.185000e+002  2.576278e-001  0.000000e+000
 1.190000e+002  1.842290e-001  0.000000e+000
 1.195000e+002  1.310552e-002  0.000000e+000
 1.200000e+002  1.285404e-002  0.000000e+000
 1.205000e+002  3.072071e-001  0.000000e+000
 1.210000e+002  1.440561e-001  0.000000e+000
 1.215000e+002  2.091668e-001  0.000000e+000
 1.220000e+002  2.986298e-001  0.000000e+000
 1.225000e+002  1.455405e-001  0.000000e+000
 1.230000e+002  4.503808e-001  0.000000e+000
 1.235000e+002  4.131676e-001  0.000000e+000
 1.240000e+002  3.715922e-001  0.000000e+000
 1.245000e+002  2.103111e-001  0.000000e+000
 1.250000e+002  4.301313e-002  0.000000e+000
 1.255000e+002  1.588921e-002  0.000000e+000
 1.260000e+002  4.533096e-002  0.000000e+000
 1.265000e+002  2.664716e-001  0.000000e+000
 1.270000e+002  4.371031e-001  0.000000e+000
 1.275000e+002  5.671715e-001  0.000000e+000
 1.280000e+002  4.812606e-001  0.000000e+000
 1.285000e+002  4.601602e-001  0.000000e+000
 1.290000e+002  4.826861e-001  0.000000e+000
 1.295000e+002  4.546306e-001  0.000000e+000
 1.300000e+002  4.050603e-001  0.000000e+000
 1.305000e+002  4.738818e-001  0.000000e+000
 1.310000e+002  5.371035e-001  0.000000e+000
 1.315000e+002  3.338037e-001  0.000000e+000
 1.320000e+002  1.981596e-001  0.000000e+000
 1.325000e+002  3.792151e-001  0.000000e+000
 1.330000e+002  4.272497e-001  0.000000e+000
 1.335000e+002  4.317993e-001  0.000000e+000
 1.340000e+002  5.125921e-001  0.000000e+000
 1.345000e+002  6.113980e-001  0.000000e+000
 1.350000e+002  3.717822e-001  0.000000e+000
 1.355000e+002  5.529809e-001  0.000000e+000
 1.360000e+002  4.651928e-001  0.000000e+000
 1.365000e+002  5.146407e-001  0.000000e+000
 1.370000e+002  4.252796e-001  0.000000e+000
 1.375000e+002  4.120629e-001  0.000000e+000
 1.380000e+002  2.774521e-002  0.000000e+000
 1.385000e+002  6.336466e-002  0.000000e+000
 1.390000e+002  2.390817e-001  0.000000e+000
 1.395000e+002  2.167856e-001  0.000000e+000
 1.400000e+002  3.265032e-001  0.000000e+000
 1.405000e+002  3.521662e-001  0.000000e+000
 1.410000e+002  2.083979e-001  0.000000e+000
 1.415000e+002  4.180539e-001  0.000000e+000
 1.420000e+002  4.655577e-001  0.000000e+000
 1.425000e+002  5.727781e-001  0.000000e+000
 1.430000e+002  1.716651e-001  0.000000e+000
 1.435000e+002  2.997111e-001  0.000000e+000
 1.440000e+002  9.871809e-002  0.000000e+000
 1.445000e+002  1.340856e-001  0.000000e+000
 1.450000e+002  2.570428e-001  0.000000e+000
 1.455000e+002  3.522182e-001  0.000000e+000
 1.460000e+002  3.489157e-001  0.000000e+000
 1.465000e+002  4.205241e-001  0.000000e+000
 1.470000e+002  3.507738e-001  0.000000e+000
 1.475000e+002  3.548100e-001  0.000000e+000
 1.480000e+002  3.807945e-001  0.000000e+000
 1.485000e+002  4.146221e-001  0.000000e+000
 1.490000e+002  2.502152e-001  0.000000e+000
 1.495000e+002  5.754839e-002  0.000000e+000
 1.500000e+002  3.361859e-002  0.000000e+000
 1.505000e+002  8.082399e-004  0.000000e+000
 1.510000e+002  4.697046e-002  0.000000e+000
 1.515000e+002  1.443346e-001  0.000000e+000
 1.520000e+002  3.435611e-001  0.000000e+000
 1.525000e+002  2.166836e-001  0.000000e+000
 1.530000e+002  2.476571e-001  0.000000e+000
 1.535000e+002  3.397538e-001  0.000000e+000
 1.540000e+002  3.178548e-001  0.000000e+000
 1.545000e+002  3.535968e-001  0.000000e+000
 1.550000e+002  5.300670e-001  0.000000e+000
 1.555000e+002  2.670613e-001  0.000000e+000
 1.560000e+002  1.377104e-002  0.000000e+000
 1.565000e+002  4.036840e-001  0.000000e+000
 1.570000e+002  4.330898e-001  0.000000e+000
 1.575000e+002  5.374783e-001  0.000000e+000
 1.580000e+002  5.272705e-001  0.000000e+000
 1.585000e+002  4.198385e-001  0.000000e+000
 1.590000e+002  2.504135e-001  0.000000e+000
 1.595000e+002  2.462488e-001  0.000000e+000
 1.600000e+002  3.102580e-001  0.000000e+000
 1.605000e+002  2.980772e-001  0.000000e+000
 1.610000e+002  2.349162e-001  0.000000e+000
 1.615000e+002  1.561733e-001  0.000000e+000
 1.620000e+002  1.384928e-001  0.000000e+000
 1.625000e+002  5.306877e-002  0.000000e+000
 1.630000e+002  3.405872e-002  0.000000e+000
 1.635000e+002  7.589484e-003  0.000000e+000
 1.640000e+002  1.498092e-002  0.000000e+000
 1.645000e+002  3.223931e-002  0.000000e+000
 1.650000e+002  2.755400e-002  0.000000e+000
 1.655000e+002  6.119833e-002  0.000000e+000
 1.660000e+002  3.341738e-002  0.000000e+000
 1.665000e+002  1.573186e-001  0.000000e+000
 1.670000e+002  1.989315e-001  0.000000e+000
 1.675000e+002  7.566787e-002  0.000000e+000
 1.680000e+002  1.089032e-001  0.000000e+000
 1.685000e+002  1.708823e-001  0.000000e+000
 1.690000e+002  1.343324e-001  0.000000e+000
 1.695000e+002  1.797311e-001  0.000000e+000
 1.700000e+002  9.440624e-002  0.000000e+000
 1.705000e+002  5.638670e-002  0.000000e+000
 1.710000e+002  3.131936e-001  0.000000e+000
 1.715000e+002  2.261018e-001  0.000000e+000
 1.720000e+002  2.165485e-001  0.000000e+000
 1.725000e+002  2.988983e-001  0.000000e+000
 1.730000e+002  1.376384e-001  0.000000e+000
 1.735000e+002  1.781097e-001  0.000000e+000
 1.740000e+002  5.909359e-002  0.000000e+000
 1.745000e+002  9.134481e-002  0.000000e+000
 1.750000e+002  1.441932e-001  0.000000e+000
 1.755000e+002  1.266272e-001  0.000000e+000
 1.760000e+002  1.588836e-001  0.000000e+000
 1.765000e+002  1.691881e-001  0.000000e+000
 1.770000e+002  2.965801e-001  0.000000e+000
 1.775000e+002  1.423198e-001  0.000000e+000
 1.780000e+002  3.710372e-001  0.000000e+000
 1.785000e+002  2.411512e-001  0.000000e+000
 1.790000e+002  2.087632e-001  0.000000e+000
 1.795000e+002  1.247201e-001  0.000000e+000
 1.800000e+002  4.122680e-002  0.000000e+000
 1.805000e+002  1.217995e-002  0.000000e+000
 1.810000e+002  1.178090e-001  0.000000e+000
 1.815000e+002  1.525929e-002  0.000000e+000
 1.820000e+002  2.028370e-001  0.000000e+000
 1.825000e+002  1.660325e-001  0.000000e+000
 1.830000e+002  1.619758e-001  0.000000e+000
 1.835000e+002  8.736873e-002  0.000000e+000
 1.840000e+002  7.826899e-002  0.000000e+000
 1.845000e+002  3.522758e-001  0.000000e+000
 1.850000e+002  2.171926e-001  0.000000e+000
 1.855000e+002  1.841266e-001  0.000000e+000
 1.860000e+002  9.480623e-003  0.000000e+000
 1.865000e+002  3.084238e-003  0.000000e+000
 1.870000e+002  4.043113e-002  0.000000e+000
 1.875000e+002  2.181452e-001  0.000000e+000
 1.880000e+002  1.190732e-001  0.000000e+000
 1.885000e+002  1.368768e-001  0.000000e+000
 1.890000e+002  2.203939e-002  0.000000e+000
 1.895000e+002  9.203622e-002  0.000000e+000
 1.900000e+002  2.571043e-001  0.000000e+000
 1.905000e+002  1.604135e-001  0.000000e+000
 1.910000e+002  1.829202e-001  0.000000e+000
 1.915000e+002  2.158789e-001  0.000000e+000
 1.920000e+002  9.953047e-003  0.000000e+000
 1.925000e+002  1.705056e-001  0.000000e+000
 1.930000e+002  6.636137e-002  0.000000e+000
 1.935000e+002  3.191480e-001  0.000000e+000
 1.940000e+002  1.705435e-001  0.000000e+000
 1.945000e+002  1.357464e-001  0.000000e+000
 1.950000e+002  2.612798e-003  0.000000e+000
 1.955000e+002  8.690795e-002  0.000000e+000
 1.960000e+002  5.895793e-002  0.000000e+000
 1.965000e+002  1.159097e-002  0.000000e+000
 1.970000e+002  4.832498e-002  0.000000e+000
 1.975000e+002  1.202704e-001  0.000000e+000
 1.980000e+002  9.490792e-002  0.000000e+000
 1.985000e+002  1.503048e-001  0.000000e+000
 1.990000e+002  1.935620e-001  0.000000e+000
 1.995000e+002  3.034001e-001  0.000000e+000
 2.000000e+002  2.129997e-001  0.000000e+000
 2.005000e+002  1.542243e-001  0.000000e+000
 2.010000e+002  2.206149e-001  0.000000e+000
 2.015000e+002  6.518381e-002  0.000000e+000
 2.020000e+002  2.118856e-001  0.000000e+000
 2.025000e+002  1.095949e-001  0.000000e+000
 2.030000e+002  7.304356e-002  0.000000e+000
 2.035000e+002  2.911458e-001  0.000000e+000
 2.040000e+002  1.217617e-001  0.000000e+000
 2.045000e+002  2.025767e-001  0.000000e+000
 2.050000e+002  1.875453e-001  0.000000e+000
 2.055000e+002  2.389759e-001  0.000000e+000
 2.060000e+002  1.891836e-001  0.000000e+000
 2.065000e+002  1.067384e-001  0.000000e+000
 2.070000e+002  2.414852e-001  0.000000e+000
 2.075000e+002  2.209867e-001  0.000000e+000
 2.080000e+002  7.592756e-002  0.000000e+000
 2.085000e+002  1.461435e-001  0.000000e+000
 2.090000e+002  1.048447e-001  0.000000e+000
 2.095000e+002  9.852381e-002  0.000000e+000
 2.100000e+002  2.869343e-003  0.000000e+000
 2.105000e+002  8.218545e-002  0.000000e+000
 2.110000e+002  6.625975e-002  0.000000e+000
 2.115000e+002  9.245684e-002  0.000000e+000
 2.120000e+002  8.165410e-002  0.000000e+000
 2.125000e+002  1.409581e-001  0.000000e+000
 2.130000e+002  5.707134e-002  0.000000e+000
 2.135000e+002  2.264254e-001  0.000000e+000
 2.140000e+002  3.916868e-002  0.000000e+000
 2.145000e+002  1.379992e-002  0.000000e+000
 2.150000e+002  1.510105e-002  0.000000e+000
 2.155000e+002  6.407353e-002  0.000000e+000
 2.160000e+002  8.062308e-003  0.000000e+000
 2.165000e+002  9.909827e-002  0.000000e+000
 2.170000e+002  1.643316e-001  0.000000e+000
 2.175000e+002  1.430817e-001  0.000000e+000
 2.180000e+002  2.538372e-001  0.000000e+000
 2.185000e+002  1.175854e-001  0.000000e+000
 2.190000e+002  2.568255e-001  0.000000e+000
 2.195000e+002  3.056289e-002  0.000000e+000
 2.200000e+002  1.895256e-001  0.000000e+000
 2.205000e+002  1.595882e-001  0.000000e+000
 2.210000e+002  2.272854e-001  0.000000e+000
 2.215000e+002  7.605076e-002  0.000000e+000
 2.220000e+002  2.190266e-002  0.000000e+000
 2.225000e+002  1.926813e-002  0.000000e+000
 2.230000e+002  7.671815e-002  0.000000e+000
 2.235000e+002  1.786140e-001  0.000000e+000
 2.240000e+002  1.904401e-001  0.000000e+000
 2.245000e+002  1.628243e-001  0.000000e+000
 2.250000e+002  1.492610e-001  0.000000e+000
 2.255000e+002  2.459693e-001  0.000000e+000
 2.260000e+002  2.329455e-001  0.000000e+000
 2.265000e+002  1.283102e-001  0.000000e+000
 2.270000e+002  8.579163e-002  0.000000e+000
 2.275000e+002  2.496998e-001  0.000000e+000
 2.280000e+002  1.021095e-001  0.000000e+000
 2.285000e+002  1.725274e-001  0.000000e+000
 2.290000e+002  1.468203e-001  0.000000e+000
 2.295000e+002  2.025981e-001  0.000000e+000
 2.300000e+002  2.328066e-001  0.000000e+000
 2.305000e+002  1.358371e-001  0.000000e+000
 2.310000e+002  8.015800e-002  0.000000e+000
 2.315000e+002  1.543540e-001  0.000000e+000
 2.320000e+002  1.621768e-001  0.000000e+000
 2.325000e+002  6.156737e-002  0.000000e+000
 2.330000e+002  7.830159e-002  0.000000e+000
 2.335000e+002  5.986579e-002  0.000000e+000
 2.340000e+002  4.127763e-002  0.000000e+000
 2.345000e+002  2.350148e-002  0.000000e+000
 2.350000e+002  3.665519e-002  0.000000e+000
 2.355000e+002  6.348298e-003  0.000000e+000
 2.360000e+002  1.143382e-002  0.000000e+000
 2.365000e+002  5.758339e-003  0.000000e+000
 2.370000e+002  4.398160e-002  0.000000e+000
 2.375000e+002  3.191760e-002  0.000000e+000
 2.380000e+002  2.831331e-002  0.000000e+000
 2.385000e+002  3.761327e-002  0.000000e+000
 2.390000e+002  8.891930e-002  0.000000e+000
 2.395000e+002  4.061195e-002  0.000000e+000
 2.400000e+002  1.840901e-001  0.000000e+000
 2.405000e+002  1.032179e-001  0.000000e+000
 2.410000e+002  1.833467e-001  0.000000e+000
 2.415000e+002  2.827073e-001  0.000000e+000
 2.420000e+002  3.321598e-001  0.000000e+000
 2.425000e+002  3.432890e-001  0.000000e+000
 2.430000e+002  1.862304e-001  0.000000e+000
 2.435000e+002  4.060054e-003  0.000000e+000
 2.440000e+002  2.161060e-003  0.000000e+000
 2.445000e+002  2.010101e-002  0.000000e+000
 2.450000e+002  1.792151e-003  0.000000e+000
 2.455000e+002  1.051009e-002  0.000000e+000
 2.460000e+002  1.479162e-002  0.000000e+000
 2.465000e+002  4.354231e-002  0.000000e+000
 2.470000e+002  7.708509e-002  0.000000e+000
 2.475000e+002  4.820486e-002  0.000000e+000
 2.480000e+002  1.101247e-001  0.000000e+000
 2.485000e+002  6.458881e-002  0.000000e+000
 2.490000e+002  8.342911e-002  0.000000e+000
 2.495000e+002  4.665331e-002  0.000000e+000
 2.500000e+002  1.212120e-002  0.000000e+000
 2.505000e+002  9.567731e-003  0.000000e+000
 2.510000e+002  4.156008e-002  0.000000e+000
 2.515000e+002  4.676582e-002  0.000000e+000
 2.520000e+002  1.708134e-002  0.000000e+000
 2.525000e+002  3.570870e-002  0.000000e+000
 2.530000e+002  6.896180e-002  0.000000e+000
 2.535000e+002  3.626285e-002  0.000000e+000
 2.540000e+002  6.281444e-002  0.000000e+000
 2.545000e+002  9.909594e-002  0.000000e+000
 2.550000e+002  1.332359e-001  0.000000e+000
 2.555000e+002  9.511859e-003  0.000000e+000
 2.560000e+002  3.194659e-003  0.000000e+000
 2.565000e+002  8.753026e-003  0.000000e+000
 2.570000e+002  2.561829e-002  0.000000e+000
 2.575000e+002  7.893272e-002  0.000000e+000
 2.580000e+002  1.322410e-001  0.000000e+000
 2.585000e+002  7.196771e-003  0.000000e+000
 2.590000e+002  9.193939e-003  0.000000e+000
 2.595000e+002  2.027231e-002  0.000000e+000
 2.600000e+002  5.130728e-005  0.000000e+000
 2.605000e+002  4.556504e-002  0.000000e+000
 2.610000e+002  1.895960e-002  0.000000e+000
 2.615000e+002  3.663320e-002  0.000000e+000
 2.620000e+002  2.191915e-002  0.000000e+000
 2.625000e+002  2.892991e-002  0.000000e+000
 2.630000e+002  1.470355e-001  0.000000e+000
 2.635000e+002  3.907138e-003  0.000000e+000
 2.640000e+002  1.023925e-002  0.000000e+000
 2.645000e+002  4.801053e-002  0.000000e+000
 2.650000e+002  1.118435e-002  0.000000e+000
 2.655000e+002  1.417343e-002  0.000000e+000
 2.660000e+002  1.862238e-002  0.000000e+000
 2.665000e+002  9.439408e-002  0.000000e+000
 2.670000e+002  4.319090e-002  0.000000e+000
 2.675000e+002  2.612754e-003  0.000000e+000
 2.680000e+002  8.236772e-002  0.000000e+000
 2.685000e+002  6.186806e-002  0.000000e+000
 2.690000e+002  6.354669e-002  0.000000e+000
 2.695000e+002  5.769662e-002  0.000000e+000
 2.700000e+002  1.912335e-002  0.000000e+000
 2.705000e+002  5.601848e-002  0.000000e+000
 2.710000e+002  1.182214e-001  0.000000e+000
 2.715000e+002  1.031197e-001  0.000000e+000
 2.720000e+002  6.261618e-002  0.000000e+000
 2.725000e+002  1.041748e-001  0.000000e+000
 2.730000e+002  1.150261e-001  0.000000e+000
 2.735000e+002  6.967855e-003  0.000000e+000
 2.740000e+002  3.022886e-003  0.000000e+000
 2.745000e+002  1.380995e-001  0.000000e+000
 2.750000e+002  3.535936e-003  0.000000e+000
 2.755000e+002  2.782942e-002  0.000000e+000
 2.760000e+002  1.767707e-001  0.000000e+000
 2.765000e+002  2.409019e-002  0.000000e+000
 2.770000e+002  1.056727e-002  0.000000e+000
 2.775000e+002  7.921793e-003  0.000000e+000
 2.780000e+002  5.200231e-002  0.000000e+000
 2.785000e+002  1.287467e-003  0.000000e+000
 2.790000e+002  2.640207e-002  0.000000e+000
 2.795000e+002  4.467206e-002  0.000000e+000
 2.800000e+002  4.968080e-003  0.000000e+000
 2.805000e+002  9.064056e-003  0.000000e+000
 2.810000e+002  1.195222e-002  0.000000e+000
 2.815000e+002  1.712353e-002  0.000000e+000
 2.820000e+002  4.268334e-002  0.000000e+000
 2.825000e+002  1.783845e-001  0.000000e+000
 2.830000e+002  1.995642e-001  0.000000e+000
 2.835000e+002  5.857891e-002  0.000000e+000
 2.840000e+002  1.260829e-001  0.000000e+000
 2.845000e+002  1.039684e-001  0.000000e+000
 2.850000e+002  6.146637e-002  0.000000e+000
 2.855000e+002  9.551933e-002  0.000000e+000
 2.860000e+002  7.923634e-002  0.000000e+000
 2.865000e+002  5.058478e-002  0.000000e+000
 2.870000e+002  1.748466e-002  0.000000e+000
 2.875000e+002  1.484703e-003  0.000000e+000
 2.880000e+002  1.999247e-003  0.000000e+000
 2.885000e+002  2.480122e-002  0.000000e+000
 2.890000e+002  9.408851e-002  0.000000e+000
 2.895000e+002  1.002040e-001  0.000000e+000
 2.900000e+002  1.386663e-001  0.000000e+000
 2.905000e+002  2.244117e-001  0.000000e+000
 2.910000e+002  1.431742e-001  0.000000e+000
 2.915000e+002  1.703813e-001  0.000000e+000
 2.920000e+002  6.233197e-002  0.000000e+000
 2.925000e+002  6.555776e-002  0.000000e+000
 2.930000e+002  4.283262e-002  0.000000e+000
 2.935000e+002  5.146842e-002  0.000000e+000
 2.940000e+002  6.484699e-002  0.000000e+000
 2.945000e+002  3.213102e-002  0.000000e+000
 2.950000e+002  8.754730e-002  0.000000e+000
 2.955000e+002  1.363307e-001  0.000000e+000
 2.960000e+002  1.066419e-001  0.000000e+000
 2.965000e+002  1.989753e-001  0.000000e+000
 2.970000e+002  3.573833e-002  0.000000e+000
 2.975000e+002  1.164643e-001  0.000000e+000
 2.980000e+002  3.495378e-002  0.000000e+000
 2.985000e+002  2.229490e-001  0.000000e+000
 2.990000e+002  8.463515e-002  0.000000e+000
 2.995000e+002  1.280413e-001  0.000000e+000
 3.000000e+002  7.546138e-002  0.000000e+000
 3.005000e+002  1.964572e-001  0.000000e+000
 3.010000e+002  1.391671e-001  0.000000e+000
 3.015000e+002  3.760692e-002  0.000000e+000
 3.020000e+002  6.456944e-002  0.000000e+000
 3.025000e+002  3.337308e-002  0.000000e+000
 3.030000e+002  5.556888e-002  0.000000e+000
 3.035000e+002  6.926621e-002  0.000000e+000
 3.040000e+002  1.686969e-001  0.000000e+000
 3.045000e+002  1.643130e-001  0.000000e+000
 3.050000e+002  6.405352e-002  0.000000e+000
 3.055000e+002  3.886800e-002  0.000000e+000
 3.060000e+002  1.188347e-002  0.000000e+000
 3.065000e+002  2.803064e-002  0.000000e+000
 3.070000e+002  3.306217e-002  0.000000e+000
 3.075000e+002  3.955156e-002  0.000000e+000
 3.080000e+002  6.234213e-002  0.000000e+000
 3.085000e+002  1.809593e-002  0.000000e+000
 3.090000e+002  6.710390e-002  0.000000e+000
 3.095000e+002  5.492607e-002  0.000000e+000
 3.100000e+002  1.500827e-001  0.000000e+000
 3.105000e+002  2.054897e-001  0.000000e+000
 3.110000e+002  2.845186e-002  0.000000e+000
 3.115000e+002  9.427413e-002  0.000000e+000
 3.120000e+002  8.415846e-002  0.000000e+000
 3.125000e+002  8.058811e-002  0.000000e+000
 3.130000e+002  9.607247e-002  0.000000e+000
 3.135000e+002  4.521006e-002  0.000000e+000
 3.140000e+002  1.294271e-001  0.000000e+000
 3.145000e+002  5.757514e-002  0.000000e+000
 3.150000e+002  7.857549e-002  0.000000e+000
 3.155000e+002  6.554933e-002  0.000000e+000
 3.160000e+002  8.368286e-002  0.000000e+000
 3.165000e+002  9.970383e-002  0.000000e+000
 3.170000e+002  3.093946e-003  0.000000e+000
 3.175000e+002  2.480523e-002  0.000000e+000
 3.180000e+002  3.688665e-002  0.000000e+000
 3.185000e+002  1.427727e-001  0.000000e+000
 3.190000e+002  1.226594e-001  0.000000e+000
 3.195000e+002  1.720585e-001  0.000000e+000
 3.200000e+002  1.350098e-001  0.000000e+000
 3.205000e+002  3.095472e-001  0.000000e+000
 3.210000e+002  2.090031e-001  0.000000e+000
 3.215000e+002  8.542151e-002  0.000000e+000
 3.220000e+002  9.700981e-002  0.000000e+000
 3.225000e+002  1.971311e-001  0.000000e+000
 3.230000e+002  1.527669e-001  0.000000e+000
 3.235000e+002  6.393656e-002  0.000000e+000
 3.240000e+002  9.999005e-002  0.000000e+000
 3.245000e+002  1.823298e-002  0.000000e+000
 3.250000e+002  8.341713e-002  0.000000e+000
 3.255000e+002  5.983671e-002  0.000000e+000
 3.260000e+002  1.289885e-001  0.000000e+000
 3.265000e+002  1.265053e-001  0.000000e+000
 3.270000e+002  3.372654e-002  0.000000e+000
 3.275000e+002  8.780151e-002  0.000000e+000
 3.280000e+002  1.046042e-001  0.000000e+000
 3.285000e+002  2.824483e-001  0.000000e+000
 3.290000e+002  2.180355e-001  0.000000e+000
 3.295000e+002  4.441899e-002  0.000000e+000
 3.300000e+002  8.533246e-002  0.000000e+000
 3.305000e+002  2.083004e-002  0.000000e+000
 3.310000e+002  2.574604e-001  0.000000e+000
 3.315000e+002  8.593640e-002  0.000000e+000
 3.320000e+002  1.083269e-001  0.000000e+000
 3.325000e+002  2.001084e-001  0.000000e+000
 3.330000e+002  3.865643e-001  0.000000e+000
 3.335000e+002  3.787679e-001  0.000000e+000
 3.340000e+002  1.001126e-001  0.000000e+000
 3.345000e+002  2.961474e-001  0.000000e+000
 3.350000e+002  4.735349e-001  0.000000e+000
 3.355000e+002  2.548634e-001  0.000000e+000
 3.360000e+002  1.197803e-001  0.000000e+000
 3.365000e+002  2.458237e-002  0.000000e+000
 3.370000e+002  1.911969e-001  0.000000e+000
 3.375000e+002  1.552186e-001  0.000000e+000
 3.380000e+002  1.720351e-001  0.000000e+000
 3.385000e+002  1.814629e-001  0.000000e+000
 3.390000e+002  2.324254e-001  0.000000e+000
 3.395000e+002  7.537226e-002  0.000000e+000
 3.400000e+002  2.198216e-001  0.000000e+000
 3.405000e+002  9.314762e-002  0.000000e+000
 3.410000e+002  1.070094e-001  0.000000e+000
 3.415000e+002  6.395260e-002  0.000000e+000
 3.420000e+002  3.936218e-002  0.000000e+000
 3.425000e+002  5.461829e-003  0.000000e+000
 3.430000e+002  2.878923e-003  0.000000e+000
 3.435000e+002  6.091513e-002  0.000000e+000
 3.440000e+002  1.020264e-002  0.000000e+000
 3.445000e+002  2.534624e-002  0.000000e+000
 3.450000e+002  1.693037e-002  0.000000e+000
 3.455000e+002  1.170416e-002  0.000000e+000
 3.460000e+002  6.173149e-002  0.000000e+000
 3.465000e+002  1.296248e-001  0.000000e+000
 3.470000e+002  1.875078e-002  0.000000e+000
 3.475000e+002  1.549885e-001  0.000000e+000
 3.480000e+002  8.587386e-003  0.000000e+000
 3.485000e+002  1.184522e-002  0.000000e+000
 3.490000e+002  5.474498e-002  0.000000e+000
 3.495000e+002  4.803787e-002  0.000000e+000
 3.500000e+002  8.575988e-002  0.000000e+000
 3.505000e+002  5.486853e-003  0.000000e+000
 3.510000e+002  1.677382e-002  0.000000e+000
 3.515000e+002  8.945136e-003  0.000000e+000
 3.520000e+002  2.170883e-002  0.000000e+000
 3.525000e+002  6.491765e-002  0.000000e+000
 3.530000e+002  5.733827e-002  0.000000e+000
 3.535000e+002  8.518308e-002  0.000000e+000
 3.540000e+002  9.376172e-003  0.000000e+000
 3.545000e+002  1.297609e-002  0.000000e+000
 3.550000e+002  5.145520e-002  0.000000e+000
 3.555000e+002  3.942544e-002  0.000000e+000
 3.560000e+002  2.230633e-002  0.000000e+000
 3.565000e+002  4.764509e-004  0.000000e+000
 3.570000e+002  1.971391e-002  0.000000e+000
 3.575000e+002  1.074336e-002  0.000000e+000
 3.580000e+002  3.603425e-002  0.000000e+000
 3.585000e+002  4.934437e-002  0.000000e+000
 3.590000e+002  4.836088e-004  0.000000e+000
 3.595000e+002  6.416601e-003  0.000000e+000
 3.600000e+002  1.044629e-001  0.000000e+000
 3.605000e+002  7.996024e-003  0.000000e+000
 3.610000e+002  9.503910e-003  0.000000e+000
 3.615000e+002  1.410112e-002  0.000000e+000
 3.620000e+002  4.297653e-002  0.000000e+000
 3.625000e+002  1.073112e-002  0.000000e+000
 3.630000e+002  6.908100e-003  0.000000e+000
 3.635000e+002  5.907888e-002  0.000000e+000
 3.640000e+002  6.155828e-002  0.000000e+000
 3.645000e+002  2.780888e-002  0.000000e+000
 3.650000e+002  3.125308e-002  0.000000e+000
 3.655000e+002  1.415692e-001  0.000000e+000
 3.660000e+002  8.365426e-002  0.000000e+000
 3.665000e+002  1.055256e-002  0.000000e+000
 3.670000e+002  3.112092e-003  0.000000e+000
 3.675000e+002  2.492823e-003  0.000000e+000
 3.680000e+002  1.205108e-001  0.000000e+000
 3.685000e+002  1.202685e-002  0.000000e+000
 3.690000e+002  2.872219e-002  0.000000e+000
 3.695000e+002  3.170313e-002  0.000000e+000
 3.700000e+002  2.059802e-001  0.000000e+000
 3.705000e+002  2.080085e-003  0.000000e+000
 3.710000e+002  5.321778e-002  0.000000e+000
 3.715000e+002  1.554704e-002  0.000000e+000
 3.720000e+002  1.558667e-002  0.000000e+000
 3.725000e+002  1.633960e-002  0.000000e+000
 3.730000e+002  1.009539e-001  0.000000e+000
 3.735000e+002  8.340199e-002  0.000000e+000
 3.740000e+002  4.998265e-002  0.000000e+000
 3.745000e+002  4.216346e-002  0.000000e+000
 3.750000e+002  1.377160e-001  0.000000e+000
 3.755000e+002  5.848890e-003  0.000000e+000
 3.760000e+002  5.263824e-002  0.000000e+000
 3.765000e+002  4.227756e-004  0.000000e+000
 3.770000e+002  1.014665e-001  0.000000e+000
 3.775000e+002  8.822536e-002  0.000000e+000
 3.780000e+002  1.744389e-002  0.000000e+000
 3.785000e+002  4.053193e-004  0.000000e+000
 3.790000e+002  1.221806e-002  0.000000e+000
 3.795000e+002  2.892916e-002  0.000000e+000
 3.800000e+002  5.879357e-002  0.000000e+000
 3.805000e+002  9.234499e-002  0.000000e+000
 3.810000e+002  1.427689e-001  0.000000e+000
 3.815000e+002  1.083745e-001  0.000000e+000
 3.820000e+002  2.572157e-002  0.000000e+000
 3.825000e+002  2.251919e-001  0.000000e+000
 3.830000e+002  2.791326e-002  0.000000e+000
 3.835000e+002  3.196824e-002  0.000000e+000
 3.840000e+002  4.601811e-002  0.000000e+000
 3.845000e+002  5.722520e-003  0.000000e+000
 3.850000e+002  6.777494e-002  0.000000e+000
 3.855000e+002  9.744511e-002  0.000000e+000
 3.860000e+002  4.463003e-003  0.000000e+000
 3.865000e+002  3.676734e-002  0.000000e+000
 3.870000e+002  5.572555e-002  0.000000e+000
 3.875000e+002  2.247046e-002  0.000000e+000
 3.880000e+002  2.149793e-002  0.000000e+000
 3.885000e+002  1.699592e-001  0.000000e+000
 3.890000e+002  7.090999e-002  0.000000e+000
 3.895000e+002  5.404065e-003  0.000000e+000
 3.900000e+002  1.141494e-001  0.000000e+000
 3.905000e+002  1.985183e-001  0.000000e+000
 3.910000e+002  6.522832e-002  0.000000e+000
 3.915000e+002  1.928252e-002  0.000000e+000
 3.920000e+002  2.038874e-002  0.000000e+000
 3.925000e+002  1.520261e-001  0.000000e+000
 3.930000e+002  1.074596e-002  0.000000e+000
 3.935000e+002  1.415590e-001  0.000000e+000
 3.940000e+002  7.902837e-002  0.000000e+000
 3.945000e+002  1.144225e-001  0.000000e+000
 3.950000e+002  2.103836e-002  0.000000e+000
 3.955000e+002  6.865883e-002  0.000000e+000
 3.960000e+002  4.197008e-002  0.000000e+000
 3.965000e+002  1.937710e-002  0.000000e+000
 3.970000e+002  6.574651e-003  0.000000e+000
 3.975000e+002  8.181496e-003  0.000000e+000
 3.980000e+002  3.780056e-002  0.000000e+000
 3.985000e+002  4.696282e-002  0.000000e+000
 3.990000e+002  9.121374e-002  0.000000e+000
 3.995000e+002  4.810424e-003  0.000000e+000
 4.000000e+002  7.198370e-004  0.000000e+000
 4.005000e+002  8.280031e-002  0.000000e+000
 4.010000e+002  8.969700e-003  0.000000e+000
 4.015000e+002  1.416196e-002  0.000000e+000
 4.020000e+002  1.402768e-001  0.000000e+000
 4.025000e+002  1.178287e-001  0.000000e+000
 4.030000e+002  6.853317e-002  0.000000e+000
 4.035000e+002  4.959299e-002  0.000000e+000
 4.040000e+002  8.312827e-002  0.000000e+000
 4.045000e+002  2.778587e-002  0.000000e+000
 4.050000e+002  1.099283e-001  0.000000e+000
 4.055000e+002  1.795194e-001  0.000000e+000
 4.060000e+002  5.386876e-002  0.000000e+000
 4.065000e+002  7.906269e-002  0.000000e+000
 4.070000e+002  4.721372e-002  0.000000e+000
 4.075000e+002  4.802548e-002  0.000000e+000
 4.080000e+002  5.985364e-002  0.000000e+000
 4.085000e+002  1.979789e-001  0.000000e+000
 4.090000e+002  2.306368e-001  0.000000e+000
 4.095000e+002  1.916481e-002  0.000000e+000
 4.100000e+002  7.938020e-003  0.000000e+000
 4.105000e+002  5.925417e-002  0.000000e+000
 4.110000e+002  1.162690e-003  0.000000e+000
 4.115000e+002  8.348909e-002  0.000000e+000
 4.120000e+002  2.643397e-002  0.000000e+000
 4.125000e+002  1.427809e-001  0.000000e+000
 4.130000e+002  6.516173e-002  0.000000e+000
 4.135000e+002  1.454742e-002  0.000000e+000
 4.140000e+002  6.363477e-002  0.000000e+000
 4.145000e+002  3.986581e-002  0.000000e+000
 4.150000e+002  5.027182e-003  0.000000e+000
 4.155000e+002  4.373827e-002  0.000000e+000
 4.160000e+002  1.037157e-001  0.000000e+000
 4.165000e+002  5.768301e-002  0.000000e+000
 4.170000e+002  4.690927e-002  0.000000e+000
 4.175000e+002  1.252234e-002  0.000000e+000
 4.180000e+002  3.228612e-002  0.000000e+000
 4.185000e+002  1.227503e-002  0.000000e+000
 4.190000e+002  1.080968e-001  0.000000e+000
 4.195000e+002  7.089303e-002  0.000000e+000
 4.200000e+002  3.540073e-003  0.000000e+000
 4.205000e+002  2.010894e-002  0.000000e+000
 4.210000e+002  4.690913e-002  0.000000e+000
 4.215000e+002  1.176294e-001  0.000000e+000
 4.220000e+002  1.918216e-002  0.000000e+000
 4.225000e+002  2.222278e-002  0.000000e+000
 4.230000e+002  5.474633e-004  0.000000e+000
 4.235000e+002  2.994001e-002  0.000000e+000
 4.240000e+002  1.133612e-001  0.000000e+000
 4.245000e+002  9.143112e-002  0.000000e+000
 4.250000e+002  2.388172e-003  0.000000e+000
 4.255000e+002  3.594472e-002  0.000000e+000
 4.260000e+002  4.088169e-002  0.000000e+000
 4.265000e+002  9.069850e-002  0.000000e+000
 4.270000e+002  3.568409e-003  0.000000e+000
 4.275000e+002  2.737469e-002  0.000000e+000
 4.280000e+002  7.706920e-003  0.000000e+000
 4.285000e+002  4.602243e-002  0.000000e+000
 4.290000e+002  2.322557e-002  0.000000e+000
 4.295000e+002  1.979435e-002  0.000000e+000
 4.300000e+002  1.053851e-001  0.000000e+000
 4.305000e+002  8.266155e-002  0.000000e+000
 4.310000e+002  4.813666e-003  0.000000e+000
 4.315000e+002  3.197106e-002  0.000000e+000
 4.320000e+002  3.351327e-002  0.000000e+000
 4.325000e+002  1.174446e-002  0.000000e+000
 4.330000e+002  2.926248e-002  0.000000e+000
 4.335000e+002  2.775082e-002  0.000000e+000
 4.340000e+002  1.190662e-002  0.000000e+000
 4.345000e+002  4.875083e-003  0.000000e+000
 4.350000e+002  9.655977e-002  0.000000e+000
 4.355000e+002  9.683760e-002  0.000000e+000
 4.360000e+002  3.530156e-002  0.000000e+000
 4.365000e+002  1.005192e-001  0.000000e+000
 4.370000e+002  6.707056e-002  0.000000e+000
 4.375000e+002  1.026329e-001  0.000000e+000
 4.380000e+002  2.264164e-001  0.000000e+000
 4.385000e+002  2.070354e-001  0.000000e+000
 4.390000e+002  5.021767e-002  0.000000e+000
 4.395000e+002  9.691260e-002  0.000000e+000
 4.400000e+002  4.302362e-002  0.000000e+000
 4.405000e+002  8.125075e-003  0.000000e+000
 4.410000e+002  4.191151e-002  0.000000e+000
 4.415000e+002  8.079816e-002  0.000000e+000
 4.420000e+002  4.499397e-002  0.000000e+000
 4.425000e+002  4.158186e-002  0.000000e+000
 4.430000e+002  2.569264e-002  0.000000e+000
 4.435000e+002  5.968620e-002  0.000000e+000
 4.440000e+002  1.294137e-001  0.000000e+000
 4.445000e+002  5.434133e-002  0.000000e+000
 4.450000e+002  7.876968e-003  0.000000e+000
 4.455000e+002  7.086996e-002  0.000000e+000
 4.460000e+002  3.865806e-002  0.000000e+000
 4.465000e+002  7.079969e-003  0.000000e+000
 4.470000e+002  5.049765e-003  0.000000e+000
 4.475000e+002  2.411778e-002  0.000000e+000
 4.480000e+002  2.593642e-002  0.000000e+000
 4.485000e+002  1.875115e-002  0.000000e+000
 4.490000e+002  9.053209e-002  0.000000e+000
 4.495000e+002  3.853690e-002  0.000000e+000
 4.500000e+002  1.071351e-001  0.000000e+000
 4.505000e+002  5.247967e-002  0.000000e+000
 4.510000e+002  1.823862e-002  0.000000e+000
 4.515000e+002  4.668897e-002  0.000000e+000
 4.520000e+002  3.186876e-003  0.000000e+000
 4.525000e+002  5.809147e-002  0.000000e+000
 4.530000e+002  6.242795e-002  0.000000e+000
 4.535000e+002  7.160065e-002  0.000000e+000
 4.540000e+002  4.531294e-002  0.000000e+000
 4.545000e+002  9.753288e-003  0.000000e+000
 4.550000e+002  4.851369e-002  0.000000e+000
 4.555000e+002  6.613018e-002  0.000000e+000
 4.560000e+002  1.085832e-001  0.000000e+000
 4.565000e+002  1.264310e-003  0.000000e+000
 4.570000e+002  1.929686e-001  0.000000e+000
 4.575000e+002  2.626099e-002  0.000000e+000
 4.580000e+002  2.184791e-002  0.000000e+000
 4.585000e+002  8.524034e-002  0.000000e+000
 4.590000e+002  5.818394e-002  0.000000e+000
 4.595000e+002  1.709476e-002  0.000000e+000
 4.600000e+002  2.523110e-002  0.000000e+000
 4.605000e+002  7.688139e-002  0.000000e+000
 4.610000e+002  8.903594e-002  0.000000e+000
 4.615000e+002  7.020710e-002  0.000000e+000
 4.620000e+002  8.936556e-004  0.000000e+000
 4.625000e+002  8.723756e-002  0.000000e+000
 4.630000e+002  1.267792e-002  0.000000e+000
 4.635000e+002  1.595966e-001  0.000000e+000
 4.640000e+002  3.156279e-002  0.000000e+000
 4.645000e+002  3.484968e-003  0.000000e+000
 4.650000e+002  4.517502e-002  0.000000e+000
 4.655000e+002  5.271292e-003  0.000000e+000
 4.660000e+002  4.323389e-002  0.000000e+000
 4.665000e+002  4.067741e-002  0.000000e+000
 4.670000e+002  9.083201e-002  0.000000e+000
 4.675000e+002  8.402383e-002  0.000000e+000
 4.680000e+002  9.927356e-003  0.000000e+000
 4.685000e+002  9.706026e-002  0.000000e+000
 4.690000e+002  3.122184e-002  0.000000e+000
 4.695000e+002  1.147479e-002  0.000000e+000
 4.700000e+002  1.364075e-002  0.000000e+000
 4.705000e+002  6.916160e-002  0.000000e+000
 4.710000e+002  1.318591e-001  0.000000e+000
 4.715000e+002  4.762059e-002  0.000000e+000
 4.720000e+002  4.750702e-003  0.000000e+000
 4.725000e+002  6.493916e-003  0.000000e+000
 4.730000e+002  9.166471e-002  0.000000e+000
 4.735000e+002  1.082589e-001  0.000000e+000
 4.740000e+002  2.012499e-001  0.000000e+000
 4.745000e+002  1.076565e-001  0.000000e+000
 4.750000e+002  1.934698e-002  0.000000e+000
 4.755000e+002  1.090175e-001  0.000000e+000
 4.760000e+002  5.457554e-002  0.000000e+000
 4.765000e+002  6.182653e-002  0.000000e+000
 4.770000e+002  4.392657e-002  0.000000e+000
 4.775000e+002  1.674970e-002  0.000000e+000
 4.780000e+002  3.180479e-002  0.000000e+000
 4.785000e+002  5.818925e-002  0.000000e+000
 4.790000e+002  1.977901e-003  0.000000e+000
 4.795000e+002  2.589650e-002  0.000000e+000
 4.800000e+002  7.787210e-002  0.000000e+000
 4.805000e+002  8.867641e-003  0.000000e+000
 4.810000e+002  2.645263e-002  0.000000e+000
 4.815000e+002  2.486080e-002  0.000000e+000
 4.820000e+002  6.236371e-002  0.000000e+000
 4.825000e+002  6.071046e-002  0.000000e+000
 4.830000e+002  9.823554e-002  0.000000e+000
 4.835000e+002  6.206325e-002  0.000000e+000
 4.840000e+002  4.394278e-002  0.000000e+000
 4.845000e+002  1.443076e-001  0.000000e+000
 4.850000e+002  2.236146e-001  0.000000e+000
 4.855000e+002  3.371535e-002  0.000000e+000
 4.860000e+002  4.884109e-002  0.000000e+000
 4.865000e+002  9.720693e-004  0.000000e+000
 4.870000e+002  5.735931e-003  0.000000e+000
 4.875000e+002  2.914377e-002  0.000000e+000
 4.880000e+002  8.904783e-003  0.000000e+000
 4.885000e+002  3.959699e-002  0.000000e+000
 4.890000e+002  1.564277e-002  0.000000e+000
 4.895000e+002  1.052706e-001  0.000000e+000
 4.900000e+002  3.479186e-002  0.000000e+000
 4.905000e+002  5.652559e-002  0.000000e+000
 4.910000e+002  3.471387e-003  0.000000e+000
 4.915000e+002  1.577323e-002  0.000000e+000
 4.920000e+002  3.072387e-002  0.000000e+000
 4.925000e+002  2.208106e-002  0.000000e+000
 4.930000e+002  8.746692e-002  0.000000e+000
 4.935000e+002  7.171714e-003  0.000000e+000
 4.940000e+002  2.570533e-002  0.000000e+000
 4.945000e+002  7.398672e-002  0.000000e+000
 4.950000e+002  3.584717e-002  0.000000e+000
 4.955000e+002  2.805521e-002  0.000000e+000
 4.960000e+002  9.827083e-003  0.000000e+000
 4.965000e+002  5.672801e-002  0.000000e+000
 4.970000e+002  1.017477e-001  0.000000e+000
 4.975000e+002  1.161118e-001  0.000000e+000
 4.980000e+002  2.704301e-002  0.000000e+000
 4.985000e+002  4.635852e-003  0.000000e+000
 4.990000e+002  4.142416e-002  0.000000e+000
 4.995000e+002  4.074242e-002  0.000000e+000
 5.000000e+002  3.283226e-003  0.000000e+000
 5.005000e+002  7.822353e-002  0.000000e+000
 5.010000e+002  1.710436e-002  0.000000e+000
 5.015000e+002  5.635043e-002  0.000000e+000
 5.020000e+002  3.316143e-002  0.000000e+000
 5.025000e+002  1.902966e-002  0.000000e+000
 5.030000e+002  3.018247e-002  0.000000e+000
 5.035000e+002  1.867221e-001  0.000000e+000
 5.040000e+002  4.384576e-002  0.000000e+000
 5.045000e+002  2.018497e-003  0.000000e+000
 5.050000e+002  4.553551e-002  0.000000e+000
 5.055000e+002  4.561045e-004  0.000000e+000
 5.060000e+002  1.006944e-002  0.000000e+000
 5.065000e+002  5.483896e-003  0.000000e+000
 5.070000e+002  9.616267e-002  0.000000e+000
 5.075000e+002  1.944499e-002  0.000000e+000
 5.080000e+002  8.433927e-002  0.000000e+000
 5.085000e+002  7.052019e-002  0.000000e+000
 5.090000e+002  8.462733e-002  0.000000e+000
 5.095000e+002  3.647492e-002  0.000000e+000
 5.100000e+002  1.681065e-003  0.000000e+000
 5.105000e+002  1.263418e-001  0.000000e+000
 5.110000e+002  1.062626e-001  0.000000e+000
 5.115000e+002  5.447058e-002  0.000000e+000
 5.120000e+002  1.337903e-003  0.000000e+000
