 0.000000e+000  9.883066e-001  0.000000e+000
 5.000000e-001  6.703476e-001  0.000000e+000
 1.000000e+000  7.449574e-001  0.000000e+000
 1.500000e+000  7.592387e-001  0.000000e+000
 2.000000e+000  7.626654e-001  0.000000e+000
 2.500000e+000  7.703617e-001  0.000000e+000
 3.000000e+000  7.549953e-001  0.000000e+000
 3.500000e+000  7.681497e-001  0.000000e+000
 4.000000e+000  7.245802e-001  0.000000e+000
 4.500000e+000  7.417016e-001  0.000000e+000
 5.000000e+000  7.215791e-001  0.000000e+000
 5.500000e+000  7.375771e-001  0.000000e+000
 6.000000e+000  7.057914e-001  0.000000e+000
 6.500000e+000  7.077554e-001  0.000000e+000
 7.000000e+000  6.998540e-001  0.000000e+000
 7.500000e+000  6.803519e-001  0.000000e+000
 8.000000e+000  6.548213e-001  0.000000e+000
 8.500000e+000  6.413100e-001  0.000000e+000
 9.000000e+000  6.245091e-001  0.000000e+000
 9.500000e+000  5.951477e-001  0.000000e+000
 1.000000e+001  5.679051e-001  0.000000e+000
 1.050000e+001  5.560070e-001  0.000000e+000
 1.100000e+001  5.107020e-001  0.000000e+000
 1.150000e+001  4.679508e-001  0.000000e+000
 1.200000e+001  4.039162e-001  0.000000e+000
 1.250000e+001  3.736452e-001  0.000000e+000
 1.300000e+001  3.184623e-001  0.000000e+000
 1.350000e+001  2.584298e-001  0.000000e+000
 1.400000e+001  1.867621e-001  0.000000e+000
 1.450000e+001  1.233627e-001  0.000000e+000
 1.500000e+001  4.068530e-002  0.000000e+000
 1.550000e+001  1.539374e-002  0.000000e+000
 1.600000e+001  2.984093e-003  0.000000e+000
 1.650000e+001  4.399118e-002  0.000000e+000
 1.700000e+001  1.365851e-001  0.000000e+000
 1.750000e+001  3.025210e-001  0.000000e+000
 1.800000e+001  4.332623e-001  0.000000e+000
 1.850000e+001  5.914530e-001  0.000000e+000
 1.900000e+001  7.345748e-001  0.000000e+000
 1.950000e+001  8.295496e-001  0.000000e+000
 2.000000e+001  8.976993e-001  0.000000e+000
 2.050000e+001  9.589044e-001  0.000000e+000
 2.100000e+001  9.725938e-001  0.000000e+000
 2.150000e+001  9.852728e-001  0.000000e+000
 2.200000e+001  9.858800e-001  0.000000e+000
 2.250000e+001  9.913748e-001  0.000000e+000
 2.300000e+001  9.873039e-001  0.000000e+000
 2.350000e+001  9.730112e-001  0.000000e+000
 2.400000e+001  9.551312e-001  0.000000e+000
 2.450000e+001  9.458186e-001  0.000000e+000
 2.500000e+001  9.441025e-001  0.000000e+000
 2.550000e+001  9.201332e-001  0.000000e+000
 2.600000e+001  9.130306e-001  0.000000e+000
 2.650000e+001  8.975354e-001  0.000000e+000
 2.700000e+001  8.589995e-001  0.000000e+000
 2.750000e+001  8.175844e-001  0.000000e+000
 2.800000e+001  7.958319e-001  0.000000e+000
 2.850000e+001  7.750729e-001  0.000000e+000
 2.900000e+001  7.035713e-001  0.000000e+000
 2.950000e+001  4.468038e-001  0.000000e+000
 3.000000e+001  9.912648e-002  0.000000e+000
 3.050000e+001  7.046309e-001  0.000000e+000
 3.100000e+001  7.711838e-001  0.000000e+000
 3.150000e+001  7.585478e-001  0.000000e+000
 3.200000e+001  7.317258e-001  0.000000e+000
 3.250000e+001  7.434786e-001  0.000000e+000
 3.300000e+001  7.267719e-001  0.000000e+000
 3.350000e+001  7.147423e-001  0.000000e+000
 3.400000e+001  6.951771e-001  0.000000e+000
 3.450000e+001  6.881185e-001  0.000000e+000
 3.500000e+001  6.752450e-001  0.000000e+000
 3.550000e+001  6.582010e-001  0.000000e+000
 3.600000e+001  6.252946e-001  0.000000e+000
 3.650000e+001  6.255211e-001  0.000000e+000
 3.700000e+001  6.611603e-001  0.000000e+000
 3.750000e+001  5.321254e-001  0.000000e+000
 3.800000e+001  5.283916e-001  0.000000e+000
 3.850000e+001  4.995577e-001  0.000000e+000
 3.900000e+001  4.787535e-001  0.000000e+000
 3.950000e+001  4.488297e-001  0.000000e+000
 4.000000e+001  4.161820e-001  0.000000e+000
 4.050000e+001  3.556302e-001  0.000000e+000
 4.100000e+001  3.663613e-001  0.000000e+000
 4.150000e+001  2.928384e-001  0.000000e+000
 4.200000e+001  2.584936e-001  0.000000e+000
 4.250000e+001  1.963079e-001  0.000000e+000
 4.300000e+001  1.489991e-001  0.000000e+000
 4.350000e+001  1.248343e-001  0.000000e+000
 4.400000e+001  8.198524e-002  0.000000e+000
 4.450000e+001  7.097606e-002  0.000000e+000
 4.500000e+001  1.082099e-001  0.000000e+000
 4.550000e+001  6.243955e-002  0.000000e+000
 4.600000e+001  6.945971e-002  0.000000e+000
 4.650000e+001  8.104993e-002  0.000000e+000
 4.700000e+001  7.010869e-002  0.000000e+000
 4.750000e+001  9.461307e-002  0.000000e+000
 4.800000e+001  9.276538e-002  0.000000e+000
 4.850000e+001  6.580006e-002  0.000000e+000
 4.900000e+001  8.112991e-002  0.000000e+000
 4.950000e+001  9.442094e-002  0.000000e+000
 5.000000e+001  1.031030e-001  0.000000e+000
 5.050000e+001  9.186015e-002  0.000000e+000
 5.100000e+001  7.854624e-002  0.000000e+000
 5.150000e+001  7.518852e-002  0.000000e+000
 5.200000e+001  6.606242e-002  0.000000e+000
 5.250000e+001  9.651443e-002  0.000000e+000
 5.300000e+001  1.016916e-001  0.000000e+000
 5.350000e+001  1.143833e-001  0.000000e+000
 5.400000e+001  7.484628e-002  0.000000e+000
 5.450000e+001  9.104323e-002  0.000000e+000
 5.500000e+001  1.610771e-001  0.000000e+000
 5.550000e+001  1.393442e-001  0.000000e+000
 5.600000e+001  2.053242e-001  0.000000e+000
 5.650000e+001  2.106623e-001  0.000000e+000
 5.700000e+001  1.570103e-001  0.000000e+000
 5.750000e+001  1.488883e-001  0.000000e+000
 5.800000e+001  2.197396e-001  0.000000e+000
 5.850000e+001  2.256256e-001  0.000000e+000
 5.900000e+001  1.560478e-001  0.000000e+000
 5.950000e+001  4.825397e-002  0.000000e+000
 6.000000e+001  4.609305e-005  0.000000e+000
 6.050000e+001  5.883807e-002  0.000000e+000
 6.100000e+001  1.783569e-001  0.000000e+000
 6.150000e+001  1.999386e-001  0.000000e+000
 6.200000e+001  2.275568e-001  0.000000e+000
 6.250000e+001  3.662999e-001  0.000000e+000
 6.300000e+001  4.379652e-001  0.000000e+000
 6.350000e+001  5.151493e-001  0.000000e+000
 6.400000e+001  4.436439e-001  0.000000e+000
 6.450000e+001  5.291993e-001  0.000000e+000
 6.500000e+001  5.476648e-001  0.000000e+000
 6.550000e+001  5.996896e-001  0.000000e+000
 6.600000e+001  6.145647e-001  0.000000e+000
 6.650000e+001  6.577725e-001  0.000000e+000
 6.700000e+001  6.461553e-001  0.000000e+000
 6.750000e+001  7.002660e-001  0.000000e+000
 6.800000e+001  7.678915e-001  0.000000e+000
 6.850000e+001  7.832142e-001  0.000000e+000
 6.900000e+001  8.068759e-001  0.000000e+000
 6.950000e+001  8.255036e-001  0.000000e+000
 7.000000e+001  8.523182e-001  0.000000e+000
 7.050000e+001  8.473849e-001  0.000000e+000
 7.100000e+001  8.481977e-001  0.000000e+000
 7.150000e+001  8.614603e-001  0.000000e+000
 7.200000e+001  8.048673e-001  0.000000e+000
 7.250000e+001  6.847040e-001  0.000000e+000
 7.300000e+001  7.690433e-001  0.000000e+000
 7.350000e+001  7.568033e-001  0.000000e+000
 7.400000e+001  6.873621e-001  0.000000e+000
 7.450000e+001  3.864039e-001  0.000000e+000
 7.500000e+001  5.377299e-002  0.000000e+000
 7.550000e+001  6.992825e-001  0.000000e+000
 7.600000e+001  8.856404e-001  0.000000e+000
 7.650000e+001  9.460672e-001  0.000000e+000
 7.700000e+001  8.985712e-001  0.000000e+000
 7.750000e+001  9.780170e-001  0.000000e+000
 7.800000e+001  9.839357e-001  0.000000e+000
 7.850000e+001  9.789122e-001  0.000000e+000
 7.900000e+001  9.884204e-001  0.000000e+000
 7.950000e+001  9.861122e-001  0.000000e+000
 8.000000e+001  9.639874e-001  0.000000e+000
 8.050000e+001  9.801360e-001  0.000000e+000
 8.100000e+001  9.780128e-001  0.000000e+000
 8.150000e+001  9.733931e-001  0.000000e+000
 8.200000e+001  9.741044e-001  0.000000e+000
 8.250000e+001  9.541968e-001  0.000000e+000
 8.300000e+001  9.622260e-001  0.000000e+000
 8.350000e+001  9.554197e-001  0.000000e+000
 8.400000e+001  9.524975e-001  0.000000e+000
 8.450000e+001  9.508071e-001  0.000000e+000
 8.500000e+001  9.385840e-001  0.000000e+000
 8.550000e+001  9.373424e-001  0.000000e+000
 8.600000e+001  9.162239e-001  0.000000e+000
 8.650000e+001  9.309376e-001  0.000000e+000
 8.700000e+001  9.138693e-001  0.000000e+000
 8.750000e+001  8.897920e-001  0.000000e+000
 8.800000e+001  8.666533e-001  0.000000e+000
 8.850000e+001  7.822297e-001  0.000000e+000
 8.900000e+001  6.914657e-001  0.000000e+000
 8.950000e+001  3.753666e-001  0.000000e+000
 9.000000e+001  5.348937e-003  0.000000e+000
 9.050000e+001  3.512205e-001  0.000000e+000
 9.100000e+001  6.341604e-001  0.000000e+000
 9.150000e+001  7.766449e-001  0.000000e+000
 9.200000e+001  7.004065e-001  0.000000e+000
 9.250000e+001  8.147689e-001  0.000000e+000
 9.300000e+001  8.224574e-001  0.000000e+000
 9.350000e+001  8.281491e-001  0.000000e+000
 9.400000e+001  7.826117e-001  0.000000e+000
 9.450000e+001  8.417277e-001  0.000000e+000
 9.500000e+001  8.437119e-001  0.000000e+000
 9.550000e+001  8.090355e-001  0.000000e+000
 9.600000e+001  7.902700e-001  0.000000e+000
 9.650000e+001  8.281439e-001  0.000000e+000
 9.700000e+001  8.297036e-001  0.000000e+000
 9.750000e+001  7.882183e-001  0.000000e+000
 9.800000e+001  8.025924e-001  0.000000e+000
 9.850000e+001  7.865074e-001  0.000000e+000
 9.900000e+001  7.632187e-001  0.000000e+000
 9.950000e+001  8.025160e-001  0.000000e+000
 1.000000e+002  8.119997e-001  0.000000e+000
 1.005000e+002  7.790154e-001  0.000000e+000
 1.010000e+002  7.554953e-001  0.000000e+000
 1.015000e+002  7.449474e-001  0.000000e+000
 1.020000e+002  6.896703e-001  0.000000e+000
 1.025000e+002  6.494583e-001  0.000000e+000
 1.030000e+002  6.424391e-001  0.000000e+000
 1.035000e+002  5.596958e-001  0.000000e+000
 1.040000e+002  4.028485e-001  0.000000e+000
 1.045000e+002  1.224151e-001  0.000000e+000
 1.050000e+002  6.555580e-002  0.000000e+000
 1.055000e+002  2.896933e-001  0.000000e+000
 1.060000e+002  4.695912e-001  0.000000e+000
 1.065000e+002  5.791202e-001  0.000000e+000
 1.070000e+002  5.986019e-001  0.000000e+000
 1.075000e+002  5.999003e-001  0.000000e+000
 1.080000e+002  6.539142e-001  0.000000e+000
 1.085000e+002  4.926503e-001  0.000000e+000
 1.090000e+002  1.679818e-001  0.000000e+000
 1.095000e+002  2.484107e-001  0.000000e+000
 1.100000e+002  4.174678e-001  0.000000e+000
 1.105000e+002  4.058754e-001  0.000000e+000
 1.110000e+002  2.276131e-001  0.000000e+000
 1.115000e+002  4.234590e-001  0.000000e+000
 1.120000e+002  1.252867e-001  0.000000e+000
 1.125000e+002  7.582248e-002  0.000000e+000
 1.130000e+002  1.335493e-001  0.000000e+000
 1.135000e+002  8.234809e-002  0.000000e+000
 1.140000e+002  4.873851e-002  0.000000e+000
 1.145000e+002  1.571239e-001  0.000000e+000
 1.150000e+002  1.647668e-001  0.000000e+000
 1.155000e+002  1.786971e-001  0.000000e+000
 1.160000e+002  1.479179e-001  0.000000e+000
 1.165000e+002  8.721684e-002  0.000000e+000
 1.170000e+002  2.078145e-001  0.000000e+000
 1.175000e+002  1.982891e-001  0.000000e+000
 1.180000e+002  7.185215e-002  0.000000e+000
 1.185000e+002  2.896278e-002  0.000000e+000
 1.190000e+002  7.363108e-003  0.000000e+000
 1.195000e+002  2.864617e-002  0.000000e+000
 1.200000e+002  3.501554e-002  0.000000e+000
 1.205000e+002  1.740255e-001  0.000000e+000
 1.210000e+002  2.031787e-001  0.000000e+000
 1.215000e+002  2.912859e-001  0.000000e+000
 1.220000e+002  3.657175e-001  0.000000e+000
 1.225000e+002  3.544295e-001  0.000000e+000
 1.230000e+002  4.131131e-001  0.000000e+000
 1.235000e+002  3.208176e-001  0.000000e+000
 1.240000e+002  4.336351e-001  0.000000e+000
 1.245000e+002  4.254870e-001  0.000000e+000
 1.250000e+002  4.727957e-001  0.000000e+000
 1.255000e+002  5.309497e-001  0.000000e+000
 1.260000e+002  4.797163e-001  0.000000e+000
 1.265000e+002  4.888397e-001  0.000000e+000
 1.270000e+002  4.181082e-001  0.000000e+000
 1.275000e+002  3.682716e-001  0.000000e+000
 1.280000e+002  4.750833e-001  0.000000e+000
 1.285000e+002  4.824776e-001  0.000000e+000
 1.290000e+002  4.142092e-001  0.000000e+000
 1.295000e+002  4.754035e-001  0.000000e+000
 1.300000e+002  4.534312e-001  0.000000e+000
 1.305000e+002  3.638304e-001  0.000000e+000
 1.310000e+002  4.040022e-001  0.000000e+000
 1.315000e+002  4.212499e-001  0.000000e+000
 1.320000e+002  4.492236e-001  0.000000e+000
 1.325000e+002  3.230972e-001  0.000000e+000
 1.330000e+002  3.000513e-001  0.000000e+000
 1.335000e+002  2.431628e-001  0.000000e+000
 1.340000e+002  1.464730e-001  0.000000e+000
 1.345000e+002  1.046809e-001  0.000000e+000
 1.350000e+002  1.469670e-002  0.000000e+000
 1.355000e+002  6.709880e-002  0.000000e+000
 1.360000e+002  6.468010e-002  0.000000e+000
 1.365000e+002  1.065398e-001  0.000000e+000
 1.370000e+002  1.277203e-001  0.000000e+000
 1.375000e+002  1.382784e-001  0.000000e+000
 1.380000e+002  1.862980e-001  0.000000e+000
 1.385000e+002  1.696883e-001  0.000000e+000
 1.390000e+002  1.860602e-001  0.000000e+000
 1.395000e+002  2.271685e-001  0.000000e+000
 1.400000e+002  2.260672e-001  0.000000e+000
 1.405000e+002  2.479503e-001  0.000000e+000
 1.410000e+002  2.169714e-001  0.000000e+000
 1.415000e+002  2.460133e-001  0.000000e+000
 1.420000e+002  2.443818e-001  0.000000e+000
 1.425000e+002  1.992322e-001  0.000000e+000
 1.430000e+002  1.981899e-001  0.000000e+000
 1.435000e+002  2.297723e-001  0.000000e+000
 1.440000e+002  2.326028e-001  0.000000e+000
 1.445000e+002  2.159630e-001  0.000000e+000
 1.450000e+002  2.472949e-001  0.000000e+000
 1.455000e+002  1.948067e-001  0.000000e+000
 1.460000e+002  1.830693e-001  0.000000e+000
 1.465000e+002  1.833407e-001  0.000000e+000
 1.470000e+002  1.861586e-001  0.000000e+000
 1.475000e+002  1.386788e-001  0.000000e+000
 1.480000e+002  1.163500e-001  0.000000e+000
 1.485000e+002  1.004614e-001  0.000000e+000
 1.490000e+002  8.645076e-002  0.000000e+000
 1.495000e+002  4.264565e-002  0.000000e+000
 1.500000e+002  3.112566e-002  0.000000e+000
 1.505000e+002  1.308135e-002  0.000000e+000
 1.510000e+002  2.673555e-003  0.000000e+000
 1.515000e+002  9.028099e-004  0.000000e+000
 1.520000e+002  4.314954e-003  0.000000e+000
 1.525000e+002  2.937132e-002  0.000000e+000
 1.530000e+002  4.424012e-002  0.000000e+000
 1.535000e+002  9.590267e-002  0.000000e+000
 1.540000e+002  4.505641e-002  0.000000e+000
 1.545000e+002  6.940148e-002  0.000000e+000
 1.550000e+002  9.999654e-002  0.000000e+000
 1.555000e+002  1.361506e-001  0.000000e+000
 1.560000e+002  8.419730e-002  0.000000e+000
 1.565000e+002  1.007047e-001  0.000000e+000
 1.570000e+002  8.739495e-002  0.000000e+000
 1.575000e+002  1.465358e-001  0.000000e+000
 1.580000e+002  1.409553e-001  0.000000e+000
 1.585000e+002  8.503201e-002  0.000000e+000
 1.590000e+002  1.140251e-001  0.000000e+000
 1.595000e+002  1.122687e-001  0.000000e+000
 1.600000e+002  1.072342e-001  0.000000e+000
 1.605000e+002  8.522698e-002  0.000000e+000
 1.610000e+002  9.667949e-002  0.000000e+000
 1.615000e+002  8.922842e-002  0.000000e+000
 1.620000e+002  9.696998e-002  0.000000e+000
 1.625000e+002  7.057288e-002  0.000000e+000
 1.630000e+002  8.993495e-002  0.000000e+000
 1.635000e+002  8.467950e-002  0.000000e+000
 1.640000e+002  9.389271e-002  0.000000e+000
 1.645000e+002  1.076428e-001  0.000000e+000
 1.650000e+002  9.354752e-002  0.000000e+000
 1.655000e+002  1.555202e-001  0.000000e+000
 1.660000e+002  1.555964e-001  0.000000e+000
 1.665000e+002  1.663244e-001  0.000000e+000
 1.670000e+002  2.079612e-001  0.000000e+000
 1.675000e+002  2.268597e-001  0.000000e+000
 1.680000e+002  2.014043e-001  0.000000e+000
 1.685000e+002  2.022651e-001  0.000000e+000
 1.690000e+002  2.001176e-001  0.000000e+000
 1.695000e+002  1.795000e-001  0.000000e+000
 1.700000e+002  2.367696e-001  0.000000e+000
 1.705000e+002  2.249082e-001  0.000000e+000
 1.710000e+002  2.589754e-001  0.000000e+000
 1.715000e+002  2.071871e-001  0.000000e+000
 1.720000e+002  2.043648e-001  0.000000e+000
 1.725000e+002  2.582497e-001  0.000000e+000
 1.730000e+002  2.486964e-001  0.000000e+000
 1.735000e+002  2.060799e-001  0.000000e+000
 1.740000e+002  2.239019e-001  0.000000e+000
 1.745000e+002  1.687978e-001  0.000000e+000
 1.750000e+002  2.340473e-001  0.000000e+000
 1.755000e+002  1.720848e-001  0.000000e+000
 1.760000e+002  2.124879e-001  0.000000e+000
 1.765000e+002  2.475166e-001  0.000000e+000
 1.770000e+002  1.592152e-001  0.000000e+000
 1.775000e+002  1.319679e-001  0.000000e+000
 1.780000e+002  1.796018e-001  0.000000e+000
 1.785000e+002  1.420639e-001  0.000000e+000
 1.790000e+002  1.044968e-001  0.000000e+000
 1.795000e+002  6.447624e-002  0.000000e+000
 1.800000e+002  1.405413e-002  0.000000e+000
 1.805000e+002  5.319834e-002  0.000000e+000
 1.810000e+002  1.493113e-001  0.000000e+000
 1.815000e+002  2.065716e-001  0.000000e+000
 1.820000e+002  1.946985e-001  0.000000e+000
 1.825000e+002  2.009361e-001  0.000000e+000
 1.830000e+002  2.084084e-001  0.000000e+000
 1.835000e+002  2.677403e-001  0.000000e+000
 1.840000e+002  1.924069e-001  0.000000e+000
 1.845000e+002  2.131744e-001  0.000000e+000
 1.850000e+002  1.718636e-001  0.000000e+000
 1.855000e+002  2.229667e-001  0.000000e+000
 1.860000e+002  2.065114e-001  0.000000e+000
 1.865000e+002  1.849641e-001  0.000000e+000
 1.870000e+002  2.174337e-001  0.000000e+000
 1.875000e+002  2.174614e-001  0.000000e+000
 1.880000e+002  1.710666e-001  0.000000e+000
 1.885000e+002  2.520851e-001  0.000000e+000
 1.890000e+002  2.085153e-001  0.000000e+000
 1.895000e+002  1.366572e-001  0.000000e+000
 1.900000e+002  2.424019e-001  0.000000e+000
 1.905000e+002  1.602760e-001  0.000000e+000
 1.910000e+002  1.812572e-001  0.000000e+000
 1.915000e+002  2.082085e-001  0.000000e+000
 1.920000e+002  1.572803e-001  0.000000e+000
 1.925000e+002  1.100620e-001  0.000000e+000
 1.930000e+002  1.535334e-001  0.000000e+000
 1.935000e+002  1.130996e-001  0.000000e+000
 1.940000e+002  1.088291e-001  0.000000e+000
 1.945000e+002  8.812502e-002  0.000000e+000
 1.950000e+002  7.242676e-002  0.000000e+000
 1.955000e+002  8.126961e-002  0.000000e+000
 1.960000e+002  1.135909e-001  0.000000e+000
 1.965000e+002  8.780839e-002  0.000000e+000
 1.970000e+002  8.468921e-002  0.000000e+000
 1.975000e+002  1.467041e-001  0.000000e+000
 1.980000e+002  1.478028e-001  0.000000e+000
 1.985000e+002  9.853619e-002  0.000000e+000
 1.990000e+002  1.403462e-001  0.000000e+000
 1.995000e+002  1.162368e-001  0.000000e+000
 2.000000e+002  1.595193e-001  0.000000e+000
 2.005000e+002  1.371906e-001  0.000000e+000
 2.010000e+002  1.972267e-001  0.000000e+000
 2.015000e+002  1.261355e-001  0.000000e+000
 2.020000e+002  1.906002e-001  0.000000e+000
 2.025000e+002  1.785689e-001  0.000000e+000
 2.030000e+002  1.365733e-001  0.000000e+000
 2.035000e+002  2.182579e-001  0.000000e+000
 2.040000e+002  1.855012e-001  0.000000e+000
 2.045000e+002  2.113521e-001  0.000000e+000
 2.050000e+002  2.723761e-001  0.000000e+000
 2.055000e+002  1.570152e-001  0.000000e+000
 2.060000e+002  1.378249e-001  0.000000e+000
 2.065000e+002  1.835476e-001  0.000000e+000
 2.070000e+002  2.019953e-001  0.000000e+000
 2.075000e+002  1.951892e-001  0.000000e+000
 2.080000e+002  1.679750e-001  0.000000e+000
 2.085000e+002  1.188749e-001  0.000000e+000
 2.090000e+002  6.164877e-002  0.000000e+000
 2.095000e+002  5.375956e-002  0.000000e+000
 2.100000e+002  1.089905e-002  0.000000e+000
 2.105000e+002  1.373929e-002  0.000000e+000
 2.110000e+002  3.847622e-002  0.000000e+000
 2.115000e+002  4.609905e-002  0.000000e+000
 2.120000e+002  1.266130e-001  0.000000e+000
 2.125000e+002  1.256648e-001  0.000000e+000
 2.130000e+002  1.870198e-001  0.000000e+000
 2.135000e+002  1.702298e-001  0.000000e+000
 2.140000e+002  2.044972e-001  0.000000e+000
 2.145000e+002  1.414217e-001  0.000000e+000
 2.150000e+002  7.800554e-002  0.000000e+000
 2.155000e+002  1.956804e-001  0.000000e+000
 2.160000e+002  1.471079e-001  0.000000e+000
 2.165000e+002  2.095576e-001  0.000000e+000
 2.170000e+002  1.969314e-001  0.000000e+000
 2.175000e+002  2.097188e-001  0.000000e+000
 2.180000e+002  1.629963e-001  0.000000e+000
 2.185000e+002  3.039859e-001  0.000000e+000
 2.190000e+002  2.264868e-001  0.000000e+000
 2.195000e+002  2.668693e-001  0.000000e+000
 2.200000e+002  2.335732e-001  0.000000e+000
 2.205000e+002  1.972388e-001  0.000000e+000
 2.210000e+002  2.873696e-001  0.000000e+000
 2.215000e+002  2.772171e-001  0.000000e+000
 2.220000e+002  1.621825e-001  0.000000e+000
 2.225000e+002  2.804598e-001  0.000000e+000
 2.230000e+002  2.063572e-001  0.000000e+000
 2.235000e+002  1.961392e-001  0.000000e+000
 2.240000e+002  1.375839e-001  0.000000e+000
 2.245000e+002  1.934580e-001  0.000000e+000
 2.250000e+002  5.071983e-002  0.000000e+000
 2.255000e+002  3.228695e-002  0.000000e+000
 2.260000e+002  2.827587e-002  0.000000e+000
 2.265000e+002  5.132903e-002  0.000000e+000
 2.270000e+002  6.351955e-002  0.000000e+000
 2.275000e+002  9.831878e-002  0.000000e+000
 2.280000e+002  1.259913e-001  0.000000e+000
 2.285000e+002  1.594460e-001  0.000000e+000
 2.290000e+002  1.495555e-001  0.000000e+000
 2.295000e+002  9.432560e-002  0.000000e+000
 2.300000e+002  1.222774e-001  0.000000e+000
 2.305000e+002  2.719946e-001  0.000000e+000
 2.310000e+002  2.496463e-001  0.000000e+000
 2.315000e+002  2.038763e-001  0.000000e+000
 2.320000e+002  2.462230e-001  0.000000e+000
 2.325000e+002  2.601946e-001  0.000000e+000
 2.330000e+002  1.703473e-001  0.000000e+000
 2.335000e+002  2.453177e-001  0.000000e+000
 2.340000e+002  1.135209e-001  0.000000e+000
 2.345000e+002  3.026493e-001  0.000000e+000
 2.350000e+002  2.461548e-001  0.000000e+000
 2.355000e+002  1.007616e-001  0.000000e+000
 2.360000e+002  7.981397e-002  0.000000e+000
 2.365000e+002  2.477185e-001  0.000000e+000
 2.370000e+002  2.466223e-001  0.000000e+000
 2.375000e+002  8.524983e-002  0.000000e+000
 2.380000e+002  7.110975e-002  0.000000e+000
 2.385000e+002  8.080237e-002  0.000000e+000
 2.390000e+002  7.204585e-003  0.000000e+000
 2.395000e+002  3.024924e-002  0.000000e+000
 2.400000e+002  5.435927e-002  0.000000e+000
 2.405000e+002  3.510532e-002  0.000000e+000
 2.410000e+002  6.969549e-002  0.000000e+000
 2.415000e+002  1.236028e-001  0.000000e+000
 2.420000e+002  1.963343e-001  0.000000e+000
 2.425000e+002  1.867905e-001  0.000000e+000
 2.430000e+002  1.468327e-001  0.000000e+000
 2.435000e+002  2.087085e-001  0.000000e+000
 2.440000e+002  1.968783e-001  0.000000e+000
 2.445000e+002  1.023770e-001  0.000000e+000
 2.450000e+002  1.247968e-001  0.000000e+000
 2.455000e+002  1.546944e-001  0.000000e+000
 2.460000e+002  1.514563e-001  0.000000e+000
 2.465000e+002  2.120712e-001  0.000000e+000
 2.470000e+002  1.370606e-001  0.000000e+000
 2.475000e+002  1.439404e-001  0.000000e+000
 2.480000e+002  1.930704e-001  0.000000e+000
 2.485000e+002  5.075002e-002  0.000000e+000
 2.490000e+002  1.939869e-001  0.000000e+000
 2.495000e+002  1.697609e-001  0.000000e+000
 2.500000e+002  8.973402e-002  0.000000e+000
 2.505000e+002  1.469586e-001  0.000000e+000
 2.510000e+002  3.095031e-003  0.000000e+000
 2.515000e+002  1.477463e-002  0.000000e+000
 2.520000e+002  1.679026e-001  0.000000e+000
 2.525000e+002  2.983084e-002  0.000000e+000
 2.530000e+002  7.742003e-002  0.000000e+000
 2.535000e+002  2.137610e-002  0.000000e+000
 2.540000e+002  8.024144e-002  0.000000e+000
 2.545000e+002  9.851938e-002  0.000000e+000
 2.550000e+002  3.977973e-003  0.000000e+000
 2.555000e+002  1.370207e-002  0.000000e+000
 2.560000e+002  4.061336e-002  0.000000e+000
 2.565000e+002  4.572199e-002  0.000000e+000
 2.570000e+002  4.439224e-002  0.000000e+000
 2.575000e+002  1.206511e-001  0.000000e+000
 2.580000e+002  9.350936e-002  0.000000e+000
 2.585000e+002  7.743752e-002  0.000000e+000
 2.590000e+002  7.882784e-002  0.000000e+000
 2.595000e+002  7.049123e-002  0.000000e+000
 2.600000e+002  1.037995e-001  0.000000e+000
 2.605000e+002  1.072596e-001  0.000000e+000
 2.610000e+002  1.749887e-001  0.000000e+000
 2.615000e+002  7.445498e-002  0.000000e+000
 2.620000e+002  1.443932e-001  0.000000e+000
 2.625000e+002  9.332946e-002  0.000000e+000
 2.630000e+002  1.219313e-001  0.000000e+000
 2.635000e+002  1.650920e-001  0.000000e+000
 2.640000e+002  1.518536e-001  0.000000e+000
 2.645000e+002  2.195903e-001  0.000000e+000
 2.650000e+002  1.923397e-001  0.000000e+000
 2.655000e+002  1.328817e-001  0.000000e+000
 2.660000e+002  1.003723e-001  0.000000e+000
 2.665000e+002  1.591192e-001  0.000000e+000
 2.670000e+002  2.160084e-001  0.000000e+000
 2.675000e+002  1.867012e-001  0.000000e+000
 2.680000e+002  1.418284e-001  0.000000e+000
 2.685000e+002  1.270441e-001  0.000000e+000
 2.690000e+002  4.667702e-002  0.000000e+000
 2.695000e+002  2.913405e-003  0.000000e+000
 2.700000e+002  1.737772e-001  0.000000e+000
 2.705000e+002  9.985740e-002  0.000000e+000
 2.710000e+002  1.517270e-001  0.000000e+000
 2.715000e+002  2.674460e-001  0.000000e+000
 2.720000e+002  2.785029e-001  0.000000e+000
 2.725000e+002  2.402348e-001  0.000000e+000
 2.730000e+002  3.039228e-001  0.000000e+000
 2.735000e+002  1.565474e-001  0.000000e+000
 2.740000e+002  3.141154e-001  0.000000e+000
 2.745000e+002  2.343228e-001  0.000000e+000
 2.750000e+002  2.437764e-001  0.000000e+000
 2.755000e+002  2.674727e-001  0.000000e+000
 2.760000e+002  2.368275e-001  0.000000e+000
 2.765000e+002  2.594385e-001  0.000000e+000
 2.770000e+002  4.750817e-001  0.000000e+000
 2.775000e+002  3.359106e-001  0.000000e+000
 2.780000e+002  1.792904e-001  0.000000e+000
 2.785000e+002  2.088419e-001  0.000000e+000
 2.790000e+002  3.580518e-001  0.000000e+000
 2.795000e+002  2.854322e-001  0.000000e+000
 2.800000e+002  3.254223e-001  0.000000e+000
 2.805000e+002  2.899006e-001  0.000000e+000
 2.810000e+002  2.554657e-001  0.000000e+000
 2.815000e+002  3.094925e-001  0.000000e+000
 2.820000e+002  2.482256e-001  0.000000e+000
 2.825000e+002  2.933471e-001  0.000000e+000
 2.830000e+002  1.587676e-001  0.000000e+000
 2.835000e+002  1.771889e-001  0.000000e+000
 2.840000e+002  5.777047e-002  0.000000e+000
 2.845000e+002  7.444147e-002  0.000000e+000
 2.850000e+002  3.220229e-001  0.000000e+000
 2.855000e+002  8.588084e-002  0.000000e+000
 2.860000e+002  3.818763e-001  0.000000e+000
 2.865000e+002  3.650367e-001  0.000000e+000
 2.870000e+002  2.186620e-001  0.000000e+000
 2.875000e+002  3.207455e-001  0.000000e+000
 2.880000e+002  2.258833e-001  0.000000e+000
 2.885000e+002  3.458312e-001  0.000000e+000
 2.890000e+002  3.132915e-001  0.000000e+000
 2.895000e+002  2.132224e-001  0.000000e+000
 2.900000e+002  3.506097e-001  0.000000e+000
 2.905000e+002  3.088901e-001  0.000000e+000
 2.910000e+002  3.529416e-001  0.000000e+000
 2.915000e+002  3.075931e-001  0.000000e+000
 2.920000e+002  2.922246e-001  0.000000e+000
 2.925000e+002  2.048867e-001  0.000000e+000
 2.930000e+002  4.024594e-001  0.000000e+000
 2.935000e+002  3.713977e-001  0.000000e+000
 2.940000e+002  3.034835e-001  0.000000e+000
 2.945000e+002  1.694871e-001  0.000000e+000
 2.950000e+002  3.449757e-001  0.000000e+000
 2.955000e+002  3.180621e-001  0.000000e+000
 2.960000e+002  2.243867e-001  0.000000e+000
 2.965000e+002  2.886154e-001  0.000000e+000
 2.970000e+002  2.980777e-001  0.000000e+000
 2.975000e+002  3.187600e-001  0.000000e+000
 2.980000e+002  2.979563e-001  0.000000e+000
 2.985000e+002  2.917367e-001  0.000000e+000
 2.990000e+002  1.344856e-001  0.000000e+000
 2.995000e+002  1.817422e-002  0.000000e+000
 3.000000e+002  2.351902e-001  0.000000e+000
 3.005000e+002  2.972858e-001  0.000000e+000
 3.010000e+002  2.711206e-001  0.000000e+000
 3.015000e+002  1.813443e-001  0.000000e+000
 3.020000e+002  2.522959e-001  0.000000e+000
 3.025000e+002  3.362650e-001  0.000000e+000
 3.030000e+002  2.945934e-001  0.000000e+000
 3.035000e+002  4.051034e-001  0.000000e+000
 3.040000e+002  2.858706e-001  0.000000e+000
 3.045000e+002  2.545910e-001  0.000000e+000
 3.050000e+002  1.730478e-001  0.000000e+000
 3.055000e+002  1.503096e-001  0.000000e+000
 3.060000e+002  2.381011e-001  0.000000e+000
 3.065000e+002  4.438300e-001  0.000000e+000
 3.070000e+002  2.507975e-001  0.000000e+000
 3.075000e+002  5.044534e-001  0.000000e+000
 3.080000e+002  1.668849e-001  0.000000e+000
 3.085000e+002  3.613698e-001  0.000000e+000
 3.090000e+002  3.563533e-001  0.000000e+000
 3.095000e+002  2.865367e-001  0.000000e+000
 3.100000e+002  3.813280e-001  0.000000e+000
 3.105000e+002  4.809854e-001  0.000000e+000
 3.110000e+002  3.500185e-001  0.000000e+000
 3.115000e+002  3.544332e-001  0.000000e+000
 3.120000e+002  2.989235e-001  0.000000e+000
 3.125000e+002  2.582648e-001  0.000000e+000
 3.130000e+002  3.614142e-001  0.000000e+000
 3.135000e+002  2.832860e-001  0.000000e+000
 3.140000e+002  4.813891e-002  0.000000e+000
 3.145000e+002  1.058696e-001  0.000000e+000
 3.150000e+002  3.228485e-001  0.000000e+000
 3.155000e+002  1.741023e-001  0.000000e+000
 3.160000e+002  3.982962e-001  0.000000e+000
 3.165000e+002  4.414531e-001  0.000000e+000
 3.170000e+002  4.667316e-001  0.000000e+000
 3.175000e+002  5.394896e-001  0.000000e+000
 3.180000e+002  5.962876e-001  0.000000e+000
 3.185000e+002  5.388242e-001  0.000000e+000
 3.190000e+002  5.418206e-001  0.000000e+000
 3.195000e+002  3.295355e-001  0.000000e+000
 3.200000e+002  6.128500e-001  0.000000e+000
 3.205000e+002  4.257114e-001  0.000000e+000
 3.210000e+002  9.630159e-002  0.000000e+000
 3.215000e+002  4.742430e-001  0.000000e+000
 3.220000e+002  5.381598e-001  0.000000e+000
 3.225000e+002  3.590418e-001  0.000000e+000
 3.230000e+002  3.884240e-001  0.000000e+000
 3.235000e+002  6.571096e-001  0.000000e+000
 3.240000e+002  4.378136e-001  0.000000e+000
 3.245000e+002  5.147193e-001  0.000000e+000
 3.250000e+002  3.691149e-001  0.000000e+000
 3.255000e+002  4.926659e-001  0.000000e+000
 3.260000e+002  5.662589e-001  0.000000e+000
 3.265000e+002  4.948466e-001  0.000000e+000
 3.270000e+002  1.954238e-001  0.000000e+000
 3.275000e+002  3.956848e-001  0.000000e+000
 3.280000e+002  3.549963e-001  0.000000e+000
 3.285000e+002  4.744081e-001  0.000000e+000
 3.290000e+002  2.852551e-001  0.000000e+000
 3.295000e+002  1.493421e-001  0.000000e+000
 3.300000e+002  3.271618e-001  0.000000e+000
 3.305000e+002  1.600826e-001  0.000000e+000
 3.310000e+002  4.325997e-001  0.000000e+000
 3.315000e+002  1.929582e-001  0.000000e+000
 3.320000e+002  4.525960e-001  0.000000e+000
 3.325000e+002  3.051276e-001  0.000000e+000
 3.330000e+002  3.294401e-001  0.000000e+000
 3.335000e+002  3.192148e-001  0.000000e+000
 3.340000e+002  1.639863e-001  0.000000e+000
 3.345000e+002  4.651667e-002  0.000000e+000
 3.350000e+002  3.670587e-001  0.000000e+000
 3.355000e+002  6.919771e-002  0.000000e+000
 3.360000e+002  3.398899e-002  0.000000e+000
 3.365000e+002  8.631729e-002  0.000000e+000
 3.370000e+002  1.448830e-002  0.000000e+000
 3.375000e+002  1.626362e-002  0.000000e+000
 3.380000e+002  2.505819e-002  0.000000e+000
 3.385000e+002  3.739568e-002  0.000000e+000
 3.390000e+002  1.362525e-002  0.000000e+000
 3.395000e+002  8.570228e-002  0.000000e+000
 3.400000e+002  1.095952e-001  0.000000e+000
 3.405000e+002  3.820815e-002  0.000000e+000
 3.410000e+002  6.887474e-003  0.000000e+000
 3.415000e+002  5.537734e-003  0.000000e+000
 3.420000e+002  3.526871e-002  0.000000e+000
 3.425000e+002  3.650300e-002  0.000000e+000
 3.430000e+002  2.099574e-002  0.000000e+000
 3.435000e+002  7.561684e-003  0.000000e+000
 3.440000e+002  6.400257e-002  0.000000e+000
 3.445000e+002  1.020034e-002  0.000000e+000
 3.450000e+002  1.874420e-002  0.000000e+000
 3.455000e+002  4.650372e-002  0.000000e+000
 3.460000e+002  1.980406e-004  0.000000e+000
 3.465000e+002  1.001154e-002  0.000000e+000
 3.470000e+002  1.785539e-002  0.000000e+000
 3.475000e+002  1.128198e-001  0.000000e+000
 3.480000e+002  2.212290e-002  0.000000e+000
 3.485000e+002  1.074182e-002  0.000000e+000
 3.490000e+002  3.072415e-002  0.000000e+000
 3.495000e+002  2.628204e-003  0.000000e+000
 3.500000e+002  1.371866e-002  0.000000e+000
 3.505000e+002  8.951535e-003  0.000000e+000
 3.510000e+002  1.024980e-001  0.000000e+000
 3.515000e+002  5.431421e-003  0.000000e+000
 3.520000e+002  2.923603e-002  0.000000e+000
 3.525000e+002  6.370295e-003  0.000000e+000
 3.530000e+002  1.845396e-002  0.000000e+000
 3.535000e+002  5.808425e-002  0.000000e+000
 3.540000e+002  8.020735e-003  0.000000e+000
 3.545000e+002  1.593633e-002  0.000000e+000
 3.550000e+002  1.552968e-003  0.000000e+000
 3.555000e+002  5.935946e-002  0.000000e+000
 3.560000e+002  3.577048e-003  0.000000e+000
 3.565000e+002  1.592137e-002  0.000000e+000
 3.570000e+002  1.128883e-002  0.000000e+000
 3.575000e+002  3.035804e-002  0.000000e+000
 3.580000e+002  4.329115e-003  0.000000e+000
 3.585000e+002  2.980029e-002  0.000000e+000
 3.590000e+002  1.091701e-001  0.000000e+000
 3.595000e+002  1.379534e-001  0.000000e+000
 3.600000e+002  3.789486e-002  0.000000e+000
 3.605000e+002  2.949168e-002  0.000000e+000
 3.610000e+002  1.593573e-003  0.000000e+000
 3.615000e+002  9.763531e-002  0.000000e+000
 3.620000e+002  2.711872e-002  0.000000e+000
 3.625000e+002  1.500264e-002  0.000000e+000
 3.630000e+002  1.093109e-002  0.000000e+000
 3.635000e+002  4.560530e-002  0.000000e+000
 3.640000e+002  4.010550e-003  0.000000e+000
 3.645000e+002  2.078558e-002  0.000000e+000
 3.650000e+002  4.533597e-002  0.000000e+000
 3.655000e+002  7.268191e-004  0.000000e+000
 3.660000e+002  5.901233e-002  0.000000e+000
 3.665000e+002  2.037044e-002  0.000000e+000
 3.670000e+002  3.580366e-002  0.000000e+000
 3.675000e+002  7.058660e-003  0.000000e+000
 3.680000e+002  4.455125e-002  0.000000e+000
 3.685000e+002  7.684000e-003  0.000000e+000
 3.690000e+002  1.058460e-002  0.000000e+000
 3.695000e+002  3.471597e-003  0.000000e+000
 3.700000e+002  5.749238e-002  0.000000e+000
 3.705000e+002  5.996595e-002  0.000000e+000
 3.710000e+002  9.588405e-003  0.000000e+000
 3.715000e+002  3.208941e-002  0.000000e+000
 3.720000e+002  4.124623e-003  0.000000e+000
 3.725000e+002  9.796449e-003  0.000000e+000
 3.730000e+002  1.822102e-002  0.000000e+000
 3.735000e+002  1.212886e-001  0.000000e+000
 3.740000e+002  1.320622e-002  0.000000e+000
 3.745000e+002  9.366910e-003  0.000000e+000
 3.750000e+002  1.328694e-001  0.000000e+000
 3.755000e+002  4.306487e-002  0.000000e+000
 3.760000e+002  4.072360e-002  0.000000e+000
 3.765000e+002  1.078230e-002  0.000000e+000
 3.770000e+002  4.727420e-003  0.000000e+000
 3.775000e+002  1.143311e-001  0.000000e+000
 3.780000e+002  2.234995e-002  0.000000e+000
 3.785000e+002  2.569922e-002  0.000000e+000
 3.790000e+002  2.417317e-002  0.000000e+000
 3.795000e+002  1.345699e-003  0.000000e+000
 3.800000e+002  6.233599e-002  0.000000e+000
 3.805000e+002  2.635675e-003  0.000000e+000
 3.810000e+002  1.106286e-002  0.000000e+000
 3.815000e+002  1.401672e-002  0.000000e+000
 3.820000e+002  1.479501e-002  0.000000e+000
 3.825000e+002  4.897440e-003  0.000000e+000
 3.830000e+002  1.076114e-001  0.000000e+000
 3.835000e+002  1.186692e-002  0.000000e+000
 3.840000e+002  1.345586e-002  0.000000e+000
 3.845000e+002  9.239249e-003  0.000000e+000
 3.850000e+002  5.507629e-003  0.000000e+000
 3.855000e+002  3.310762e-002  0.000000e+000
 3.860000e+002  4.264928e-002  0.000000e+000
 3.865000e+002  4.840465e-002  0.000000e+000
 3.870000e+002  3.605027e-002  0.000000e+000
 3.875000e+002  4.571830e-002  0.000000e+000
 3.880000e+002  9.461861e-002  0.000000e+000
 3.885000e+002  1.038635e-001  0.000000e+000
 3.890000e+002  2.627814e-002  0.000000e+000
 3.895000e+002  4.835629e-004  0.000000e+000
 3.900000e+002  8.371514e-002  0.000000e+000
 3.905000e+002  2.122133e-001  0.000000e+000
 3.910000e+002  3.745953e-002  0.000000e+000
 3.915000e+002  4.780715e-002  0.000000e+000
 3.920000e+002  1.736417e-002  0.000000e+000
 3.925000e+002  1.800467e-002  0.000000e+000
 3.930000e+002  4.089815e-002  0.000000e+000
 3.935000e+002  1.660754e-002  0.000000e+000
 3.940000e+002  2.343418e-002  0.000000e+000
 3.945000e+002  3.045137e-002  0.000000e+000
 3.950000e+002  2.876288e-002  0.000000e+000
 3.955000e+002  3.995192e-002  0.000000e+000
 3.960000e+002  6.376504e-002  0.000000e+000
 3.965000e+002  7.805458e-002  0.000000e+000
 3.970000e+002  6.470518e-002  0.000000e+000
 3.975000e+002  3.829167e-002  0.000000e+000
 3.980000e+002  1.666250e-002  0.000000e+000
 3.985000e+002  4.268741e-002  0.000000e+000
 3.990000e+002  7.504781e-002  0.000000e+000
 3.995000e+002  4.243728e-002  0.000000e+000
 4.000000e+002  1.691415e-002  0.000000e+000
 4.005000e+002  1.734567e-002  0.000000e+000
 4.010000e+002  6.182897e-002  0.000000e+000
 4.015000e+002  1.231789e-001  0.000000e+000
 4.020000e+002  9.423589e-003  0.000000e+000
 4.025000e+002  8.261167e-003  0.000000e+000
 4.030000e+002  1.670672e-002  0.000000e+000
 4.035000e+002  2.893313e-002  0.000000e+000
 4.040000e+002  9.514226e-003  0.000000e+000
 4.045000e+002  4.579925e-003  0.000000e+000
 4.050000e+002  3.184137e-002  0.000000e+000
 4.055000e+002  9.573333e-003  0.000000e+000
 4.060000e+002  8.019714e-002  0.000000e+000
 4.065000e+002  4.849220e-002  0.000000e+000
 4.070000e+002  1.991314e-002  0.000000e+000
 4.075000e+002  1.459096e-002  0.000000e+000
 4.080000e+002  2.715122e-002  0.000000e+000
 4.085000e+002  2.133255e-002  0.000000e+000
 4.090000e+002  6.072454e-002  0.000000e+000
 4.095000e+002  3.402131e-002  0.000000e+000
 4.100000e+002  5.660980e-002  0.000000e+000
 4.105000e+002  6.460205e-002  0.000000e+000
 4.110000e+002  1.855168e-002  0.000000e+000
 4.115000e+002  5.862088e-002  0.000000e+000
 4.120000e+002  6.428019e-003  0.000000e+000
 4.125000e+002  2.361697e-002  0.000000e+000
 4.130000e+002  4.528776e-002  0.000000e+000
 4.135000e+002  1.163283e-002  0.000000e+000
 4.140000e+002  6.580195e-002  0.000000e+000
 4.145000e+002  6.783497e-002  0.000000e+000
 4.150000e+002  2.639445e-003  0.000000e+000
 4.155000e+002  1.040565e-003  0.000000e+000
 4.160000e+002  8.106449e-003  0.000000e+000
 4.165000e+002  2.965636e-002  0.000000e+000
 4.170000e+002  2.942155e-003  0.000000e+000
 4.175000e+002  3.470426e-003  0.000000e+000
 4.180000e+002  6.982391e-002  0.000000e+000
 4.185000e+002  1.249536e-002  0.000000e+000
 4.190000e+002  3.480045e-002  0.000000e+000
 4.195000e+002  1.168872e-001  0.000000e+000
 4.200000e+002  4.333391e-004  0.000000e+000
 4.205000e+002  5.686881e-002  0.000000e+000
 4.210000e+002  1.867191e-002  0.000000e+000
 4.215000e+002  2.969466e-002  0.000000e+000
 4.220000e+002  3.959594e-002  0.000000e+000
 4.225000e+002  7.245240e-002  0.000000e+000
 4.230000e+002  8.435376e-003  0.000000e+000
 4.235000e+002  3.009704e-002  0.000000e+000
 4.240000e+002  1.958405e-002  0.000000e+000
 4.245000e+002  4.602233e-002  0.000000e+000
 4.250000e+002  5.272246e-002  0.000000e+000
 4.255000e+002  3.075399e-002  0.000000e+000
 4.260000e+002  1.301751e-002  0.000000e+000
 4.265000e+002  5.464248e-003  0.000000e+000
 4.270000e+002  4.696992e-002  0.000000e+000
 4.275000e+002  6.692809e-003  0.000000e+000
 4.280000e+002  3.699561e-002  0.000000e+000
 4.285000e+002  4.264114e-002  0.000000e+000
 4.290000e+002  2.467999e-001  0.000000e+000
 4.295000e+002  6.888955e-002  0.000000e+000
 4.300000e+002  4.170390e-002  0.000000e+000
 4.305000e+002  7.479122e-002  0.000000e+000
 4.310000e+002  4.406026e-003  0.000000e+000
 4.315000e+002  7.805999e-004  0.000000e+000
 4.320000e+002  6.033427e-002  0.000000e+000
 4.325000e+002  2.962994e-003  0.000000e+000
 4.330000e+002  6.761549e-002  0.000000e+000
 4.335000e+002  1.642348e-002  0.000000e+000
 4.340000e+002  8.824129e-002  0.000000e+000
 4.345000e+002  1.046082e-001  0.000000e+000
 4.350000e+002  1.877476e-003  0.000000e+000
 4.355000e+002  7.802285e-002  0.000000e+000
 4.360000e+002  3.998077e-002  0.000000e+000
 4.365000e+002  8.678082e-002  0.000000e+000
 4.370000e+002  6.766833e-002  0.000000e+000
 4.375000e+002  7.561174e-002  0.000000e+000
 4.380000e+002  1.088478e-001  0.000000e+000
 4.385000e+002  5.038528e-002  0.000000e+000
 4.390000e+002  4.858033e-002  0.000000e+000
 4.395000e+002  4.062739e-002  0.000000e+000
 4.400000e+002  4.069535e-002  0.000000e+000
 4.405000e+002  6.390753e-002  0.000000e+000
 4.410000e+002  8.361121e-003  0.000000e+000
 4.415000e+002  7.072882e-003  0.000000e+000
 4.420000e+002  1.517448e-002  0.000000e+000
 4.425000e+002  2.633433e-002  0.000000e+000
 4.430000e+002  2.959869e-002  0.000000e+000
 4.435000e+002  6.582167e-002  0.000000e+000
 4.440000e+002  3.212415e-002  0.000000e+000
 4.445000e+002  9.983390e-003  0.000000e+000
 4.450000e+002  4.779710e-002  0.000000e+000
 4.455000e+002  4.214850e-003  0.000000e+000
 4.460000e+002  4.558884e-002  0.000000e+000
 4.465000e+002  1.220390e-001  0.000000e+000
 4.470000e+002  1.569679e-002  0.000000e+000
 4.475000e+002  6.223720e-002  0.000000e+000
 4.480000e+002  4.299629e-002  0.000000e+000
 4.485000e+002  5.886748e-002  0.000000e+000
 4.490000e+002  2.625263e-001  0.000000e+000
 4.495000e+002  1.559416e-001  0.000000e+000
 4.500000e+002  1.640731e-002  0.000000e+000
 4.505000e+002  5.392229e-002  0.000000e+000
 4.510000e+002  6.398284e-002  0.000000e+000
 4.515000e+002  4.184546e-002  0.000000e+000
 4.520000e+002  1.650108e-002  0.000000e+000
 4.525000e+002  9.610350e-002  0.000000e+000
 4.530000e+002  1.440346e-002  0.000000e+000
 4.535000e+002  9.325963e-002  0.000000e+000
 4.540000e+002  6.833354e-002  0.000000e+000
 4.545000e+002  5.357550e-003  0.000000e+000
 4.550000e+002  4.061353e-002  0.000000e+000
 4.555000e+002  6.209844e-002  0.000000e+000
 4.560000e+002  1.074575e-002  0.000000e+000
 4.565000e+002  6.389347e-002  0.000000e+000
 4.570000e+002  1.241171e-002  0.000000e+000
 4.575000e+002  3.348064e-002  0.000000e+000
 4.580000e+002  1.637418e-002  0.000000e+000
 4.585000e+002  1.201754e-002  0.000000e+000
 4.590000e+002  5.923393e-002  0.000000e+000
 4.595000e+002  4.910479e-002  0.000000e+000
 4.600000e+002  7.975820e-002  0.000000e+000
 4.605000e+002  9.309247e-002  0.000000e+000
 4.610000e+002  5.101149e-003  0.000000e+000
 4.615000e+002  5.357753e-003  0.000000e+000
 4.620000e+002  6.870627e-003  0.000000e+000
 4.625000e+002  2.052805e-002  0.000000e+000
 4.630000e+002  7.337043e-002  0.000000e+000
 4.635000e+002  2.896104e-002  0.000000e+000
 4.640000e+002  1.072031e-002  0.000000e+000
 4.645000e+002  5.791390e-002  0.000000e+000
 4.650000e+002  9.251390e-002  0.000000e+000
 4.655000e+002  3.466322e-002  0.000000e+000
 4.660000e+002  4.040954e-002  0.000000e+000
 4.665000e+002  1.128676e-002  0.000000e+000
 4.670000e+002  1.387046e-001  0.000000e+000
 4.675000e+002  5.376928e-002  0.000000e+000
 4.680000e+002  7.716694e-002  0.000000e+000
 4.685000e+002  5.081977e-002  0.000000e+000
 4.690000e+002  6.683625e-002  0.000000e+000
 4.695000e+002  2.586213e-001  0.000000e+000
 4.700000e+002  2.941877e-002  0.000000e+000
 4.705000e+002  2.756604e-002  0.000000e+000
 4.710000e+002  3.937855e-002  0.000000e+000
 4.715000e+002  3.428766e-002  0.000000e+000
 4.720000e+002  5.799024e-002  0.000000e+000
 4.725000e+002  9.767615e-002  0.000000e+000
 4.730000e+002  5.828221e-002  0.000000e+000
 4.735000e+002  1.111250e-001  0.000000e+000
 4.740000e+002  6.963331e-002  0.000000e+000
 4.745000e+002  7.709804e-003  0.000000e+000
 4.750000e+002  9.937873e-002  0.000000e+000
 4.755000e+002  1.387038e-002  0.000000e+000
 4.760000e+002  4.951588e-003  0.000000e+000
 4.765000e+002  3.233368e-002  0.000000e+000
 4.770000e+002  1.493255e-002  0.000000e+000
 4.775000e+002  5.583984e-003  0.000000e+000
 4.780000e+002  7.090104e-002  0.000000e+000
 4.785000e+002  5.296590e-003  0.000000e+000
 4.790000e+002  7.485594e-002  0.000000e+000
 4.795000e+002  2.827509e-002  0.000000e+000
 4.800000e+002  2.040464e-002  0.000000e+000
 4.805000e+002  1.912731e-002  0.000000e+000
 4.810000e+002  7.677504e-002  0.000000e+000
 4.815000e+002  1.649185e-001  0.000000e+000
 4.820000e+002  1.479871e-002  0.000000e+000
 4.825000e+002  6.094314e-003  0.000000e+000
 4.830000e+002  4.632586e-003  0.000000e+000
 4.835000e+002  6.165201e-002  0.000000e+000
 4.840000e+002  3.024925e-002  0.000000e+000
 4.845000e+002  1.293080e-001  0.000000e+000
 4.850000e+002  5.899810e-002  0.000000e+000
 4.855000e+002  2.040966e-002  0.000000e+000
 4.860000e+002  2.987227e-002  0.000000e+000
 4.865000e+002  1.102505e-002  0.000000e+000
 4.870000e+002  3.840651e-002  0.000000e+000
 4.875000e+002  6.065014e-002  0.000000e+000
 4.880000e+002  7.344867e-003  0.000000e+000
 4.885000e+002  5.526377e-002  0.000000e+000
 4.890000e+002  5.854649e-002  0.000000e+000
 4.895000e+002  7.231873e-002  0.000000e+000
 4.900000e+002  2.838389e-002  0.000000e+000
 4.905000e+002  2.178116e-002  0.000000e+000
 4.910000e+002  2.671590e-001  0.000000e+000
 4.915000e+002  4.545866e-002  0.000000e+000
 4.920000e+002  7.112347e-002  0.000000e+000
 4.925000e+002  4.600384e-003  0.000000e+000
 4.930000e+002  4.530780e-002  0.000000e+000
 4.935000e+002  3.199302e-003  0.000000e+000
 4.940000e+002  5.033776e-002  0.000000e+000
 4.945000e+002  7.484689e-003  0.000000e+000
 4.950000e+002  6.628137e-002  0.000000e+000
 4.955000e+002  2.691109e-003  0.000000e+000
 4.960000e+002  1.816622e-002  0.000000e+000
 4.965000e+002  3.445094e-002  0.000000e+000
 4.970000e+002  6.008497e-003  0.000000e+000
 4.975000e+002  1.710600e-002  0.000000e+000
 4.980000e+002  4.282502e-003  0.000000e+000
 4.985000e+002  1.938404e-002  0.000000e+000
 4.990000e+002  4.169567e-003  0.000000e+000
 4.995000e+002  7.588144e-002  0.000000e+000
 5.000000e+002  3.367361e-002  0.000000e+000
 5.005000e+002  1.293091e-002  0.000000e+000
 5.010000e+002  4.833983e-002  0.000000e+000
 5.015000e+002  2.306873e-002  0.000000e+000
 5.020000e+002  3.898276e-003  0.000000e+000
 5.025000e+002  1.529444e-003  0.000000e+000
 5.030000e+002  7.683297e-004  0.000000e+000
 5.035000e+002  6.565408e-002  0.000000e+000
 5.040000e+002  3.023512e-002  0.000000e+000
 5.045000e+002  2.725510e-002  0.000000e+000
 5.050000e+002  4.169678e-002  0.000000e+000
 5.055000e+002  3.294281e-002  0.000000e+000
 5.060000e+002  1.372711e-002  0.000000e+000
 5.065000e+002  4.975380e-002  0.000000e+000
 5.070000e+002  2.232886e-002  0.000000e+000
 5.075000e+002  8.987260e-003  0.000000e+000
 5.080000e+002  3.121634e-002  0.000000e+000
 5.085000e+002  7.287187e-003  0.000000e+000
 5.090000e+002  7.486254e-003  0.000000e+000
 5.095000e+002  5.237976e-002  0.000000e+000
 5.100000e+002  9.604344e-002  0.000000e+000
 5.105000e+002  2.254859e-002  0.000000e+000
 5.110000e+002  3.846748e-002  0.000000e+000
 5.115000e+002  1.984126e-002  0.000000e+000
 5.120000e+002  1.879923e-001  0.000000e+000
