 0.000000e+000  4.526990e-008  0.000000e+000
 5.000000e-001 -3.314651e-006 -1.587843e-006
 1.000000e+000 -4.213144e-006 -1.312045e-006
 1.500000e+000 -4.526529e-006 -1.074470e-006
 2.000000e+000 -4.666581e-006 -6.978077e-007
 2.500000e+000 -4.841442e-006 -6.746985e-007
 3.000000e+000 -4.771964e-006 -5.398169e-007
 3.500000e+000 -4.927567e-006 -4.791919e-007
 4.000000e+000 -4.937472e-006 -3.420637e-007
 4.500000e+000 -4.995447e-006 -4.289489e-007
 5.000000e+000 -5.037220e-006 -4.521092e-007
 5.500000e+000 -5.218221e-006 -4.024285e-007
 6.000000e+000 -5.135757e-006 -4.109270e-007
 6.500000e+000 -5.281081e-006 -3.242208e-007
 7.000000e+000 -5.372767e-006 -5.109496e-007
 7.500000e+000 -5.765405e-006 -4.615721e-007
 8.000000e+000 -5.580394e-006 -3.395084e-007
 8.500000e+000 -5.777907e-006 -4.391098e-007
 9.000000e+000 -5.923794e-006 -4.135700e-007
 9.500000e+000 -6.134272e-006 -4.839200e-007
 1.000000e+001 -6.288211e-006 -5.139783e-007
 1.050000e+001 -6.733013e-006 -6.220538e-007
 1.100000e+001 -6.902248e-006 -5.897464e-007
 1.150000e+001 -7.309415e-006 -6.848023e-007
 1.200000e+001 -7.474574e-006 -6.906541e-007
 1.250000e+001 -8.496098e-006 -7.094099e-007
 1.300000e+001 -9.240581e-006 -1.174394e-006
 1.350000e+001 -1.075368e-005 -1.317475e-006
 1.400000e+001 -1.322368e-005 -1.557276e-006
 1.450000e+001 -2.136426e-005 -3.218540e-006
 1.500000e+001  1.796215e-004  3.258159e-005
 1.550000e+001  5.894236e-006  2.314708e-006
 1.600000e+001 -9.118750e-007  1.096388e-006
 1.650000e+001 -3.763944e-006  3.163706e-007
 1.700000e+001 -5.353908e-006  2.114783e-007
 1.750000e+001 -6.861080e-006  2.136560e-007
 1.800000e+001 -8.147610e-006 -2.276519e-007
 1.850000e+001 -9.369512e-006 -9.165957e-008
 1.900000e+001 -1.172583e-005 -4.002383e-007
 1.950000e+001 -1.375055e-005 -4.851575e-007
 2.000000e+001 -1.697002e-005 -4.239081e-007
 2.050000e+001 -2.237159e-005 -2.754600e-007
 2.100000e+001 -3.126611e-005  9.032055e-008
 2.150000e+001 -5.348716e-005  3.687534e-006
 2.200000e+001 -1.052029e-004  5.830421e-005
 2.250000e+001  1.150503e-004  6.060455e-005
 2.300000e+001  4.676366e-005  1.059825e-005
 2.350000e+001  2.804946e-005  5.317687e-006
 2.400000e+001  2.000422e-005  3.580250e-006
 2.450000e+001  1.545167e-005  2.543529e-006
 2.500000e+001  1.306912e-005  1.941119e-006
 2.550000e+001  1.056098e-005  1.589901e-006
 2.600000e+001  9.085051e-006  1.341029e-006
 2.650000e+001  7.869848e-006  1.278418e-006
 2.700000e+001  7.006852e-006  1.143044e-006
 2.750000e+001  6.171011e-006  1.105216e-006
 2.800000e+001  5.279766e-006  6.533652e-007
 2.850000e+001  4.826334e-006  8.031751e-007
 2.900000e+001  4.363586e-006  7.909893e-007
 2.950000e+001  3.771261e-006  1.112974e-006
 3.000000e+001  6.772899e-006 -3.442158e-006
 3.050000e+001  3.909691e-006  5.216401e-008
 3.100000e+001  3.504883e-006  2.864650e-007
 3.150000e+001  3.196259e-006  2.746754e-007
 3.200000e+001  2.885223e-006  2.946022e-007
 3.250000e+001  2.728123e-006  3.522296e-007
 3.300000e+001  2.552772e-006  2.594822e-007
 3.350000e+001  2.378457e-006  2.511048e-007
 3.400000e+001  2.249867e-006  2.517505e-007
 3.450000e+001  2.086648e-006  2.915394e-007
 3.500000e+001  1.957078e-006  2.671593e-007
 3.550000e+001  1.865536e-006  1.610561e-007
 3.600000e+001  1.697864e-006  2.136170e-007
 3.650000e+001  1.704925e-006  1.944092e-007
 3.700000e+001  1.515395e-006  1.530021e-007
 3.750000e+001  1.521433e-006  1.588733e-007
 3.800000e+001  1.437561e-006  1.779797e-007
 3.850000e+001  1.297534e-006  1.732425e-007
 3.900000e+001  1.251381e-006  1.423403e-007
 3.950000e+001  1.175247e-006  1.052815e-007
 4.000000e+001  1.106518e-006  6.814965e-008
 4.050000e+001  1.032386e-006 -4.883656e-010
 4.100000e+001  1.009604e-006  6.488363e-008
 4.150000e+001  9.515208e-007 -1.534302e-009
 4.200000e+001  9.518235e-007 -1.144264e-007
 4.250000e+001  8.699471e-007 -7.029373e-008
 4.300000e+001  8.382002e-007 -3.400776e-007
 4.350000e+001  8.934882e-007 -5.551479e-007
 4.400000e+001  9.378202e-007 -7.699893e-007
 4.450000e+001  1.349514e-006 -2.081017e-006
 4.500000e+001 -1.799746e-006  1.245365e-005
 4.550000e+001 -1.287342e-007  1.765708e-006
 4.600000e+001  1.441003e-007  1.024768e-006
 4.650000e+001  2.099493e-007  7.779005e-007
 4.700000e+001  2.162371e-007  5.737767e-007
 4.750000e+001  1.916378e-007  5.699508e-007
 4.800000e+001  1.669194e-007  5.008547e-007
 4.850000e+001  1.489042e-007  3.875056e-007
 4.900000e+001  6.434677e-008  4.104116e-007
 4.950000e+001  9.548823e-008  4.235565e-007
 5.000000e+001  4.130488e-008  4.165815e-007
 5.050000e+001  2.042922e-008  3.777445e-007
 5.100000e+001  2.923322e-008  3.271148e-007
 5.150000e+001  1.157818e-008  3.075365e-007
 5.200000e+001  3.479820e-009  2.850975e-007
 5.250000e+001 -1.494505e-007  3.136917e-007
 5.300000e+001 -1.034403e-007  3.182495e-007
 5.350000e+001 -1.626881e-007  3.084483e-007
 5.400000e+001 -1.556855e-007  2.295858e-007
 5.450000e+001 -1.825822e-007  2.475370e-007
 5.500000e+001 -2.700231e-007  2.991608e-007
 5.550000e+001 -2.466135e-007  2.738397e-007
 5.600000e+001 -3.062236e-007  3.257951e-007
 5.650000e+001 -3.127630e-007  3.238708e-007
 5.700000e+001 -3.002471e-007  2.259968e-007
 5.750000e+001 -2.972011e-007  2.595217e-007
 5.800000e+001 -4.648362e-007  1.669446e-007
 5.850000e+001 -4.925414e-007  2.405402e-007
 5.900000e+001 -5.307246e-007  2.122692e-007
 5.950000e+001 -6.037787e-007  2.569890e-007
 6.000000e+001  4.831862e-008  4.172090e-008
 6.050000e+001 -5.063308e-007  1.468819e-007
 6.100000e+001 -6.254240e-007  2.092956e-007
 6.150000e+001 -5.706518e-007  1.571760e-007
 6.200000e+001 -6.385162e-007  9.275303e-008
 6.250000e+001 -7.154735e-007  1.584147e-007
 6.300000e+001 -8.066261e-007  1.900246e-007
 6.350000e+001 -8.409635e-007  1.768795e-007
 6.400000e+001 -8.305829e-007  1.726127e-007
 6.450000e+001 -9.756906e-007  1.096020e-007
 6.500000e+001 -9.994109e-007  1.316431e-007
 6.550000e+001 -1.049827e-006  1.565055e-007
 6.600000e+001 -1.058148e-006  1.053713e-007
 6.650000e+001 -1.180688e-006  8.672724e-008
 6.700000e+001 -1.188748e-006  1.895998e-007
 6.750000e+001 -1.470675e-006  1.627986e-007
 6.800000e+001 -1.484100e-006  2.061039e-007
 6.850000e+001 -1.662078e-006  1.779829e-007
 6.900000e+001 -1.615444e-006  1.387865e-007
 6.950000e+001 -1.777935e-006  1.032137e-007
 7.000000e+001 -1.954103e-006  1.335826e-007
 7.050000e+001 -2.100947e-006  2.143300e-007
 7.100000e+001 -2.181930e-006  2.641347e-007
 7.150000e+001 -2.523584e-006  1.690576e-007
 7.200000e+001 -2.661869e-006  3.845479e-007
 7.250000e+001 -2.625113e-006  8.191560e-007
 7.300000e+001 -2.879246e-006  7.731175e-008
 7.350000e+001 -3.218276e-006  8.224027e-008
 7.400000e+001 -3.778913e-006  2.901779e-007
 7.450000e+001 -4.759717e-006  3.206347e-007
 7.500000e+001 -3.040845e-006 -8.633365e-007
 7.550000e+001 -4.819252e-006 -2.394781e-008
 7.600000e+001 -5.881931e-006  1.873571e-007
 7.650000e+001 -7.058055e-006  7.010480e-008
 7.700000e+001 -9.553465e-006  7.895274e-007
 7.750000e+001 -1.243553e-005  1.246383e-006
 7.800000e+001 -1.735226e-005  3.102448e-006
 7.850000e+001 -3.058589e-005  1.096235e-005
 7.900000e+001 -2.794288e-005  6.900772e-005
 7.950000e+001  3.528459e-005  2.113817e-005
 8.000000e+001  1.979486e-005  6.397886e-006
 8.050000e+001  1.376903e-005  3.246228e-006
 8.100000e+001  1.043583e-005  1.915444e-006
 8.150000e+001  8.126438e-006  1.266780e-006
 8.200000e+001  6.855307e-006  1.146576e-006
 8.250000e+001  5.852922e-006  7.263931e-007
 8.300000e+001  5.135202e-006  6.278358e-007
 8.350000e+001  4.619435e-006  5.877345e-007
 8.400000e+001  4.078740e-006  5.687032e-007
 8.450000e+001  3.794870e-006  4.698515e-007
 8.500000e+001  3.521893e-006  4.046863e-007
 8.550000e+001  3.275638e-006  4.507190e-007
 8.600000e+001  3.102073e-006  3.773939e-007
 8.650000e+001  2.840950e-006  4.163101e-007
 8.700000e+001  2.681862e-006  3.975744e-007
 8.750000e+001  2.601969e-006  4.073845e-007
 8.800000e+001  2.542638e-006  4.977150e-007
 8.850000e+001  2.442760e-006  5.408542e-007
 8.900000e+001  2.573926e-006  4.953906e-007
 8.950000e+001  3.130915e-006  7.949763e-007
 9.000000e+001 -8.560083e-008 -5.029118e-007
 9.050000e+001  1.405058e-006  2.592066e-008
 9.100000e+001  1.567263e-006  6.981547e-008
 9.150000e+001  1.598688e-006  1.127557e-007
 9.200000e+001  1.608890e-006  1.136206e-007
 9.250000e+001  1.498134e-006  1.951595e-007
 9.300000e+001  1.439890e-006  1.950830e-007
 9.350000e+001  1.408995e-006  1.306344e-007
 9.400000e+001  1.365868e-006  2.307893e-007
 9.450000e+001  1.348103e-006  2.280446e-007
 9.500000e+001  1.352554e-006  1.733725e-007
 9.550000e+001  1.278701e-006  1.999839e-007
 9.600000e+001  1.250992e-006  1.478555e-007
 9.650000e+001  1.240715e-006  1.811444e-007
 9.700000e+001  1.186350e-006  1.471400e-007
 9.750000e+001  1.155367e-006  2.194874e-007
 9.800000e+001  1.127471e-006  1.481168e-007
 9.850000e+001  1.110641e-006  1.920881e-007
 9.900000e+001  1.069187e-006  1.819967e-007
 9.950000e+001  1.050211e-006  2.007604e-007
 1.000000e+002  1.055717e-006  1.443675e-007
 1.005000e+002  1.005444e-006  1.494882e-007
 1.010000e+002  1.000236e-006  1.026228e-007
 1.015000e+002  9.596068e-007  1.852492e-007
 1.020000e+002  9.471573e-007  1.724846e-007
 1.025000e+002  9.247336e-007  2.747415e-007
 1.030000e+002  9.620505e-007  1.107113e-007
 1.035000e+002  9.670582e-007  2.387442e-007
 1.040000e+002  9.255312e-007  3.019578e-007
 1.045000e+002  9.766427e-007  6.137213e-007
 1.050000e+002  1.077942e-006 -4.673299e-008
 1.055000e+002  8.981788e-007  6.948628e-009
 1.060000e+002  9.772788e-007 -2.522318e-008
 1.065000e+002  9.219390e-007  2.632849e-008
 1.070000e+002  8.705600e-007  1.007839e-007
 1.075000e+002  9.628329e-007  5.869134e-008
 1.080000e+002  9.828644e-007 -1.029857e-007
 1.085000e+002  9.355012e-007 -3.313989e-008
 1.090000e+002  5.940191e-007 -1.608758e-007
 1.095000e+002  7.390268e-007  4.898079e-008
 1.100000e+002  9.079319e-007  9.111359e-008
 1.105000e+002  1.014353e-006 -4.415011e-008
 1.110000e+002  6.843874e-007 -4.572774e-007
 1.115000e+002  1.201469e-006 -6.662595e-007
 1.120000e+002  6.250815e-007 -6.849789e-007
 1.125000e+002  8.957993e-007  4.555009e-007
 1.130000e+002  6.577859e-007 -2.501995e-007
 1.135000e+002  3.000522e-007  1.603322e-007
 1.140000e+002  1.319904e-007  2.076304e-007
 1.145000e+002  2.548514e-007  1.771657e-008
 1.150000e+002  3.216409e-007  9.002946e-008
 1.155000e+002  3.761113e-007 -1.615828e-007
 1.160000e+002  4.421969e-007 -2.057180e-008
 1.165000e+002  2.474400e-007 -1.392431e-008
 1.170000e+002  4.253909e-007  7.516600e-008
 1.175000e+002  3.702010e-007  1.008167e-007
 1.180000e+002  2.413213e-007  6.934833e-008
 1.185000e+002  2.336515e-007  3.152387e-008
 1.190000e+002 -3.982215e-008  1.488113e-007
 1.195000e+002 -6.466620e-007  5.992058e-007
 1.200000e+002  1.320168e-006 -1.055732e-006
 1.205000e+002  8.191543e-007  1.938757e-007
 1.210000e+002  6.330831e-007 -2.984513e-008
 1.215000e+002  5.767828e-007  1.019125e-007
 1.220000e+002  5.704997e-007  7.088792e-008
 1.225000e+002  5.400133e-007  7.982639e-008
 1.230000e+002  5.438680e-007  3.180886e-008
 1.235000e+002  4.463079e-007  6.908607e-008
 1.240000e+002  4.835329e-007  1.067064e-007
 1.245000e+002  4.830834e-007  7.049199e-008
 1.250000e+002  4.892109e-007  3.132362e-008
 1.255000e+002  5.069634e-007  1.038355e-007
 1.260000e+002  4.887068e-007  7.572479e-008
 1.265000e+002  4.570441e-007  7.295505e-008
 1.270000e+002  4.499107e-007  2.036708e-008
 1.275000e+002  4.212212e-007  9.200977e-008
 1.280000e+002  4.535665e-007  5.737337e-008
 1.285000e+002  4.379805e-007  5.427949e-008
 1.290000e+002  3.984924e-007  4.923177e-008
 1.295000e+002  4.306874e-007  3.488491e-008
 1.300000e+002  4.531198e-007  1.072499e-008
 1.305000e+002  4.271177e-007  5.036288e-008
 1.310000e+002  4.435250e-007  7.051017e-008
 1.315000e+002  4.407932e-007  2.996348e-008
 1.320000e+002  4.616353e-007  2.669359e-008
 1.325000e+002  4.421948e-007  4.077631e-008
 1.330000e+002  4.713071e-007 -7.262803e-009
 1.335000e+002  5.357456e-007 -3.420454e-008
 1.340000e+002  6.159016e-007 -6.279519e-008
 1.345000e+002  1.737210e-006 -2.906337e-007
 1.350000e+002 -5.299761e-007  1.166606e-007
 1.355000e+002  2.957211e-007  4.386635e-007
 1.360000e+002  2.565570e-007  1.970884e-007
 1.365000e+002  2.823165e-007  1.529227e-007
 1.370000e+002  2.943694e-007  1.243566e-007
 1.375000e+002  2.668985e-007  1.249185e-007
 1.380000e+002  3.123338e-007  1.106449e-007
 1.385000e+002  2.878535e-007  1.271543e-007
 1.390000e+002  2.960910e-007  6.256530e-008
 1.395000e+002  3.033422e-007  1.027954e-007
 1.400000e+002  2.860135e-007  1.521136e-007
 1.405000e+002  3.106518e-007  1.252145e-007
 1.410000e+002  2.796965e-007  9.692962e-008
 1.415000e+002  3.131337e-007  1.409698e-007
 1.420000e+002  3.128797e-007  9.775663e-008
 1.425000e+002  3.101050e-007  7.753490e-008
 1.430000e+002  2.814584e-007  8.577737e-008
 1.435000e+002  2.991478e-007  1.014004e-007
 1.440000e+002  3.293451e-007  9.541700e-008
 1.445000e+002  3.275781e-007  9.695839e-008
 1.450000e+002  3.562313e-007  1.004090e-007
 1.455000e+002  3.278858e-007  7.572509e-008
 1.460000e+002  3.173286e-007  8.507073e-008
 1.465000e+002  3.700571e-007  8.508674e-008
 1.470000e+002  4.155297e-007  6.218991e-008
 1.475000e+002  4.190850e-007  1.011108e-007
 1.480000e+002  4.615317e-007  7.560784e-008
 1.485000e+002  5.647987e-007  1.119925e-007
 1.490000e+002  8.388260e-007  1.162508e-007
 1.495000e+002  2.084429e-006  4.586664e-008
 1.500000e+002 -1.103953e-006 -3.022736e-007
 1.505000e+002 -2.480341e-007 -8.042896e-008
 1.510000e+002 -7.016235e-008 -1.846532e-008
 1.515000e+002  3.036419e-008  6.001007e-009
 1.520000e+002  4.721606e-008 -2.058239e-008
 1.525000e+002  1.243244e-007  2.408147e-009
 1.530000e+002  1.245587e-007  2.878938e-008
 1.535000e+002  1.721235e-007  1.392651e-008
 1.540000e+002  1.192457e-007 -1.350401e-008
 1.545000e+002  1.361084e-007  1.762309e-008
 1.550000e+002  1.661262e-007  2.261285e-008
 1.555000e+002  1.883710e-007 -1.811763e-008
 1.560000e+002  1.412999e-007  1.124685e-008
 1.565000e+002  1.576890e-007 -2.393896e-009
 1.570000e+002  1.443668e-007  3.939514e-008
 1.575000e+002  1.854057e-007 -3.629089e-008
 1.580000e+002  1.798082e-007 -2.213736e-009
 1.585000e+002  1.349274e-007 -3.698131e-008
 1.590000e+002  1.611015e-007 -3.714753e-008
 1.595000e+002  1.602190e-007 -3.486229e-008
 1.600000e+002  1.440481e-007 -7.976169e-008
 1.605000e+002  1.523795e-007 -4.257288e-008
 1.610000e+002  1.762741e-007 -6.560460e-008
 1.615000e+002  1.705539e-007 -5.953952e-008
 1.620000e+002  1.716509e-007 -1.140410e-007
 1.625000e+002  1.447896e-007 -1.402040e-007
 1.630000e+002  1.625500e-007 -2.251665e-007
 1.635000e+002  1.663544e-007 -3.303835e-007
 1.640000e+002  1.354495e-007 -6.363454e-007
 1.645000e+002  2.452679e-007 -2.932519e-006
 1.650000e+002  2.376801e-007  1.460385e-006
 1.655000e+002  2.247946e-007  6.983363e-007
 1.660000e+002  2.104325e-007  4.318067e-007
 1.665000e+002  1.796666e-007  3.239210e-007
 1.670000e+002  2.163140e-007  2.728964e-007
 1.675000e+002  1.986314e-007  2.336218e-007
 1.680000e+002  1.807162e-007  1.859038e-007
 1.685000e+002  2.002706e-007  1.474331e-007
 1.690000e+002  1.732229e-007  1.915829e-007
 1.695000e+002  1.690451e-007  1.470025e-007
 1.700000e+002  1.870851e-007  1.405666e-007
 1.705000e+002  1.734466e-007  1.397038e-007
 1.710000e+002  2.307366e-007  1.260963e-007
 1.715000e+002  1.633596e-007  1.275499e-007
 1.720000e+002  1.677364e-007  1.269531e-007
 1.725000e+002  2.233345e-007  1.085108e-007
 1.730000e+002  2.007935e-007  9.740101e-008
 1.735000e+002  1.772518e-007  9.425195e-008
 1.740000e+002  1.709175e-007  1.050766e-007
 1.745000e+002  1.698976e-007  6.667170e-008
 1.750000e+002  1.852389e-007  1.005525e-007
 1.755000e+002  1.535848e-007  9.154804e-008
 1.760000e+002  1.729287e-007  1.032478e-007
 1.765000e+002  1.968729e-007  1.224504e-007
 1.770000e+002  1.606880e-007  8.133863e-008
 1.775000e+002  1.524392e-007  7.148867e-008
 1.780000e+002  2.022142e-007  9.769806e-008
 1.785000e+002  1.951256e-007  7.098932e-008
 1.790000e+002  2.211511e-007  9.907570e-008
 1.795000e+002  6.280357e-007 -2.237308e-008
 1.800000e+002  9.823181e-008  4.456962e-008
 1.805000e+002  3.911911e-008  1.422594e-007
 1.810000e+002  1.272159e-007  8.484618e-008
 1.815000e+002  1.438574e-007  9.560633e-008
 1.820000e+002  1.566805e-007  4.508561e-008
 1.825000e+002  1.437398e-007  9.459853e-008
 1.830000e+002  1.458488e-007  8.845215e-008
 1.835000e+002  1.652211e-007  9.767058e-008
 1.840000e+002  1.520710e-007  6.115669e-008
 1.845000e+002  1.682353e-007  5.628945e-008
 1.850000e+002  1.447154e-007  7.239491e-008
 1.855000e+002  1.612407e-007  8.205243e-008
 1.860000e+002  1.476319e-007  7.485718e-008
 1.865000e+002  1.539009e-007  9.192974e-008
 1.870000e+002  1.784694e-007  6.590491e-008
 1.875000e+002  1.698074e-007  5.857909e-008
 1.880000e+002  1.561649e-007  8.031706e-008
 1.885000e+002  1.707996e-007  1.014353e-007
 1.890000e+002  1.714974e-007  8.379005e-008
 1.895000e+002  1.242350e-007  8.309628e-008
 1.900000e+002  1.993986e-007  1.160764e-007
 1.905000e+002  1.544592e-007  1.042746e-007
 1.910000e+002  1.484815e-007  1.539637e-007
 1.915000e+002  1.662479e-007  1.763680e-007
 1.920000e+002  1.540708e-007  1.606494e-007
 1.925000e+002  1.552519e-007  1.438183e-007
 1.930000e+002  1.772040e-007  2.480279e-007
 1.935000e+002  1.757403e-007  3.012574e-007
 1.940000e+002  1.992012e-007  5.460648e-007
 1.945000e+002  5.847789e-007  2.758777e-006
 1.950000e+002 -1.351207e-008 -8.033053e-007
 1.955000e+002  5.672778e-008 -3.395648e-007
 1.960000e+002  1.003265e-007 -2.431628e-007
 1.965000e+002  8.928883e-008 -1.565854e-007
 1.970000e+002  1.043603e-007 -1.052453e-007
 1.975000e+002  1.542380e-007 -1.022309e-007
 1.980000e+002  1.514408e-007 -7.389480e-008
 1.985000e+002  1.198471e-007 -5.879870e-008
 1.990000e+002  1.478895e-007 -6.351367e-008
 1.995000e+002  1.431946e-007 -1.439174e-009
 2.000000e+002  1.551054e-007  3.810823e-009
 2.005000e+002  1.473453e-007 -1.639166e-008
 2.010000e+002  1.475707e-007 -7.935346e-008
 2.015000e+002  1.190562e-007 -3.702239e-008
 2.020000e+002  1.493457e-007 -2.738911e-008
 2.025000e+002  1.457813e-007  8.409083e-009
 2.030000e+002  1.319429e-007  9.482919e-009
 2.035000e+002  1.585955e-007  2.094288e-008
 2.040000e+002  1.494584e-007 -6.151700e-008
 2.045000e+002  1.608888e-007  1.070167e-008
 2.050000e+002  1.731081e-007 -4.233378e-008
 2.055000e+002  1.626068e-007 -2.169759e-008
 2.060000e+002  1.420079e-007 -9.564430e-009
 2.065000e+002  1.724762e-007  1.582429e-008
 2.070000e+002  1.735146e-007 -2.475803e-008
 2.075000e+002  1.801857e-007  1.551820e-008
 2.080000e+002  1.970157e-007 -1.977193e-008
 2.085000e+002  1.995003e-007 -2.016296e-008
 2.090000e+002  2.112883e-007  2.170718e-008
 2.095000e+002  1.286314e-006  1.534354e-007
 2.100000e+002 -9.884109e-008 -1.177926e-007
 2.105000e+002  6.892743e-008 -2.442271e-008
 2.110000e+002  8.069671e-008 -4.792254e-008
 2.115000e+002  9.291871e-008 -2.202768e-008
 2.120000e+002  1.436480e-007  2.361903e-008
 2.125000e+002  1.522386e-007 -2.210916e-008
 2.130000e+002  1.516108e-007  3.542075e-009
 2.135000e+002  1.461358e-007 -8.648071e-009
 2.140000e+002  1.759768e-007  4.695282e-008
 2.145000e+002  1.239908e-007 -2.542899e-008
 2.150000e+002  1.080913e-007 -1.755875e-008
 2.155000e+002  1.699471e-007 -2.004146e-009
 2.160000e+002  1.374151e-007  2.528525e-010
 2.165000e+002  1.793847e-007 -4.574947e-008
 2.170000e+002  1.786477e-007 -3.294893e-008
 2.175000e+002  1.622599e-007  8.176089e-010
 2.180000e+002  1.571032e-007 -1.493011e-008
 2.185000e+002  2.036485e-007 -3.677585e-008
 2.190000e+002  1.726715e-007 -1.799536e-008
 2.195000e+002  2.034211e-007  1.584515e-008
 2.200000e+002  1.873199e-007 -1.300871e-008
 2.205000e+002  1.725903e-007  8.053464e-009
 2.210000e+002  2.085893e-007 -2.140215e-008
 2.215000e+002  1.924514e-007 -2.836072e-008
 2.220000e+002  1.538144e-007 -4.701203e-008
 2.225000e+002  2.249795e-007  3.287798e-008
 2.230000e+002  2.317606e-007  8.894185e-009
 2.235000e+002  2.628343e-007 -2.974406e-008
 2.240000e+002  3.651093e-007 -2.687806e-008
 2.245000e+002  2.612417e-006 -6.921014e-007
 2.250000e+002 -2.556677e-007  3.944621e-008
 2.255000e+002  4.907850e-008 -2.976410e-007
 2.260000e+002  7.612921e-008 -8.675325e-010
 2.265000e+002  8.414884e-008 -4.208007e-008
 2.270000e+002  1.006243e-007 -1.138546e-008
 2.275000e+002  1.035622e-007 -5.058287e-008
 2.280000e+002  1.337648e-007 -2.355377e-008
 2.285000e+002  1.359723e-007 -1.365379e-008
 2.290000e+002  1.220940e-007 -1.180156e-008
 2.295000e+002  9.583628e-008 -4.280713e-008
 2.300000e+002  1.210587e-007 -2.706682e-008
 2.305000e+002  1.939429e-007 -7.006140e-008
 2.310000e+002  1.642061e-007  7.179485e-009
 2.315000e+002  1.650220e-007  5.822599e-009
 2.320000e+002  1.848265e-007 -5.986610e-008
 2.325000e+002  2.240117e-007  5.562168e-008
 2.330000e+002  1.768854e-007 -3.249799e-008
 2.335000e+002  2.216953e-007 -6.848407e-008
 2.340000e+002  1.384878e-007  1.633609e-008
 2.345000e+002  3.457649e-007 -1.881705e-008
 2.350000e+002  2.338281e-007  3.332294e-010
 2.355000e+002  1.818454e-007 -5.442946e-008
 2.360000e+002  1.440798e-007 -1.336888e-007
 2.365000e+002  2.526497e-008 -3.294973e-007
 2.370000e+002  2.386832e-007 -3.728709e-007
 2.375000e+002  1.185585e-007 -1.787848e-007
 2.380000e+002 -1.480271e-007 -1.538563e-007
 2.385000e+002 -1.608654e-007 -2.573661e-007
 2.390000e+002 -2.553932e-008  9.582434e-008
 2.395000e+002  7.946960e-008 -9.684099e-007
 2.400000e+002  1.643024e-007 -6.770567e-007
 2.405000e+002  1.657217e-007  3.425202e-008
 2.410000e+002  1.275772e-007 -8.016821e-008
 2.415000e+002  1.510652e-007 -7.183241e-008
 2.420000e+002  2.041059e-007 -2.249834e-008
 2.425000e+002  1.731453e-007 -6.293810e-008
 2.430000e+002  1.033864e-007 -9.472704e-008
 2.435000e+002  1.941398e-007 -5.441257e-008
 2.440000e+002  1.906569e-007 -1.354441e-007
 2.445000e+002  9.721590e-008 -7.585589e-008
 2.450000e+002  1.436393e-007 -9.829400e-008
 2.455000e+002  1.381632e-007 -1.252618e-007
 2.460000e+002  1.259255e-007 -1.735136e-007
 2.465000e+002  1.852324e-007 -1.628827e-007
 2.470000e+002  1.154275e-007 -1.668606e-007
 2.475000e+002  8.957297e-008 -1.862823e-007
 2.480000e+002  1.266954e-008 -2.672365e-007
 2.485000e+002  1.068688e-007 -1.242460e-007
 2.490000e+002  1.695066e-008 -2.308753e-007
 2.495000e+002 -3.231171e-008 -1.991411e-007
 2.500000e+002 -1.575515e-007 -5.163850e-008
 2.505000e+002 -1.341620e-007 -1.194899e-007
 2.510000e+002  1.886722e-008 -2.001678e-008
 2.515000e+002 -4.464158e-008 -3.285977e-008
 2.520000e+002  1.085943e-008  1.594825e-007
 2.525000e+002 -6.041570e-008 -8.089863e-008
 2.530000e+002 -3.123292e-009  1.556059e-007
 2.535000e+002 -6.439366e-008  3.409851e-008
 2.540000e+002  1.750441e-008  1.302804e-007
 2.545000e+002  3.998034e-007  1.929586e-007
 2.550000e+002 -1.304621e-008 -3.287953e-008
 2.555000e+002 -5.562768e-008  2.255796e-008
 2.560000e+002  2.630676e-008  8.257741e-008
 2.565000e+002  5.523255e-008  5.311389e-008
 2.570000e+002 -7.818815e-009  8.445605e-008
 2.575000e+002  1.224787e-007  6.954772e-008
 2.580000e+002  8.616248e-008  7.203658e-008
 2.585000e+002  9.021700e-008  6.629857e-008
 2.590000e+002  9.107839e-008  4.963602e-008
 2.595000e+002  7.997932e-008  4.008343e-008
 2.600000e+002  7.379292e-008  8.642194e-008
 2.605000e+002  1.070175e-007  5.336343e-008
 2.610000e+002  1.512970e-007  6.714630e-008
 2.615000e+002  9.723503e-008  2.416487e-008
 2.620000e+002  1.340860e-007  3.301289e-008
 2.625000e+002  1.138876e-007  7.477634e-008
 2.630000e+002  9.174806e-008  9.149103e-008
 2.635000e+002  1.432746e-007  9.576902e-008
 2.640000e+002  1.175079e-007  5.832648e-008
 2.645000e+002  1.440040e-007  5.491758e-008
 2.650000e+002  1.177880e-007  8.450958e-008
 2.655000e+002  1.013196e-007  6.049330e-008
 2.660000e+002  1.141466e-007  6.556263e-008
 2.665000e+002  1.056280e-007  6.320094e-008
 2.670000e+002  1.334891e-007  1.048100e-007
 2.675000e+002  1.599239e-007  8.716896e-008
 2.680000e+002  1.279146e-007  9.031360e-008
 2.685000e+002  1.405277e-007  4.186189e-008
 2.690000e+002  7.996321e-008  1.249331e-007
 2.695000e+002 -8.921433e-008  1.341468e-007
 2.700000e+002  2.707276e-007  5.105096e-008
 2.705000e+002  1.501430e-007 -6.095628e-008
 2.710000e+002  1.307520e-007  1.132096e-007
 2.715000e+002  2.508968e-007  4.246185e-008
 2.720000e+002  2.222330e-007  6.167295e-008
 2.725000e+002  1.799230e-007  8.104338e-008
 2.730000e+002  1.982652e-007  9.197658e-008
 2.735000e+002  1.648548e-007  9.578232e-008
 2.740000e+002  2.209981e-007  6.752154e-008
 2.745000e+002  2.274949e-007  2.160780e-008
 2.750000e+002  2.001582e-007  9.721318e-008
 2.755000e+002  1.786440e-007  1.133991e-007
 2.760000e+002  1.940015e-007  6.766366e-008
 2.765000e+002  2.141785e-007  7.449272e-008
 2.770000e+002  2.949195e-007  9.823929e-008
 2.775000e+002  2.940711e-007  3.621091e-008
 2.780000e+002  1.962953e-007  5.842753e-008
 2.785000e+002  2.016733e-007  3.427587e-008
 2.790000e+002  2.565480e-007  5.159371e-008
 2.795000e+002  2.299747e-007 -1.571584e-008
 2.800000e+002  2.374409e-007  8.562407e-008
 2.805000e+002  2.298017e-007 -1.231589e-009
 2.810000e+002  2.569547e-007  3.974258e-008
 2.815000e+002  2.105954e-007  6.734790e-008
 2.820000e+002  2.271533e-007  9.914622e-010
 2.825000e+002  2.269937e-007  6.994221e-008
 2.830000e+002  1.631756e-007  9.166895e-008
 2.835000e+002  2.112515e-007  1.614723e-008
 2.840000e+002  1.356123e-007  7.874306e-008
 2.845000e+002  4.383638e-007  5.697482e-008
 2.850000e+002  5.327484e-007 -2.800112e-008
 2.855000e+002  1.327974e-007 -7.690865e-008
 2.860000e+002  2.504058e-007  2.029840e-008
 2.865000e+002  2.401737e-007 -4.236417e-009
 2.870000e+002  2.187345e-007  1.949949e-008
 2.875000e+002  2.553868e-007  5.770451e-010
 2.880000e+002  2.214462e-007  2.144364e-008
 2.885000e+002  2.735621e-007  1.608139e-009
 2.890000e+002  2.416202e-007  1.992941e-008
 2.895000e+002  2.055938e-007 -3.154352e-008
 2.900000e+002  2.449981e-007 -2.225518e-008
 2.905000e+002  2.282885e-007 -2.046710e-008
 2.910000e+002  2.527550e-007 -3.384128e-008
 2.915000e+002  2.363032e-007  3.130613e-008
 2.920000e+002  2.161253e-007  1.182015e-009
 2.925000e+002  1.817392e-007  2.487652e-008
 2.930000e+002  2.956658e-007 -7.556031e-008
 2.935000e+002  2.585958e-007 -5.026582e-009
 2.940000e+002  2.655360e-007 -2.902127e-008
 2.945000e+002  1.766329e-007  2.700653e-008
 2.950000e+002  2.492234e-007  1.467685e-008
 2.955000e+002  2.879794e-007  3.270619e-008
 2.960000e+002  2.339745e-007 -1.716405e-008
 2.965000e+002  2.572054e-007  3.148637e-008
 2.970000e+002  2.266990e-007  2.920870e-008
 2.975000e+002  2.954257e-007  3.706754e-008
 2.980000e+002  2.403959e-007  3.827716e-008
 2.985000e+002  2.846785e-007  5.994203e-010
 2.990000e+002  3.236872e-007  9.909956e-008
 2.995000e+002  1.194885e-008  3.353676e-007
 3.000000e+002  3.917700e-007  1.123463e-007
 3.005000e+002  3.158406e-007  8.217884e-008
 3.010000e+002  2.984553e-007  8.125289e-008
 3.015000e+002  2.502514e-007  3.216203e-009
 3.020000e+002  2.552013e-007 -3.243452e-008
 3.025000e+002  3.493731e-007  3.151041e-008
 3.030000e+002  2.649434e-007 -2.134593e-008
 3.035000e+002  3.721646e-007 -3.006516e-008
 3.040000e+002  3.060775e-007 -2.429636e-008
 3.045000e+002  2.581858e-007 -9.090553e-008
 3.050000e+002  2.185694e-007 -4.477525e-008
 3.055000e+002  2.448299e-007 -2.418761e-008
 3.060000e+002  2.860440e-007  1.760250e-008
 3.065000e+002  3.944947e-007 -2.473995e-008
 3.070000e+002  2.606591e-007  6.316754e-009
 3.075000e+002  3.865478e-007  4.433344e-008
 3.080000e+002  1.995958e-007 -3.197431e-008
 3.085000e+002  3.007808e-007  4.785365e-008
 3.090000e+002  3.707459e-007 -3.214253e-008
 3.095000e+002  3.391680e-007 -3.439400e-008
 3.100000e+002  3.650639e-007  2.227299e-008
 3.105000e+002  4.054294e-007 -4.671439e-008
 3.110000e+002  4.042402e-007 -1.021550e-007
 3.115000e+002  3.946237e-007 -9.521887e-008
 3.120000e+002  3.250157e-007 -7.829022e-008
 3.125000e+002  2.795756e-007 -5.007992e-008
 3.130000e+002  3.766903e-007 -8.107398e-008
 3.135000e+002  2.957194e-007 -1.384567e-007
 3.140000e+002  2.321955e-007 -7.362911e-010
 3.145000e+002  5.688558e-007 -2.172885e-007
 3.150000e+002  4.208748e-007 -7.907557e-008
 3.155000e+002  3.936330e-007 -6.778067e-008
 3.160000e+002  5.146718e-007 -1.960602e-007
 3.165000e+002  5.012027e-007 -1.349672e-007
 3.170000e+002  4.573212e-007 -1.646955e-007
 3.175000e+002  4.644977e-007 -1.346282e-007
 3.180000e+002  4.617548e-007 -1.931057e-007
 3.185000e+002  3.679750e-007 -1.868292e-007
 3.190000e+002  5.313232e-007 -6.754100e-008
 3.195000e+002  2.910840e-007 -2.371666e-007
 3.200000e+002  5.342780e-007 -1.420556e-007
 3.205000e+002  4.251977e-007 -2.228156e-007
 3.210000e+002  1.407904e-007 -1.781316e-007
 3.215000e+002  4.159406e-007 -2.328301e-007
 3.220000e+002  3.862473e-007 -3.574683e-007
 3.225000e+002  2.900170e-007 -2.701896e-007
 3.230000e+002  2.820296e-007 -3.416348e-007
 3.235000e+002  2.512443e-007 -4.893399e-007
 3.240000e+002  2.741786e-007 -3.615994e-007
 3.245000e+002  3.153882e-007 -3.630890e-007
 3.250000e+002  2.584730e-007 -3.713415e-007
 3.255000e+002  2.854733e-007 -4.446523e-007
 3.260000e+002  2.618721e-007 -4.428495e-007
 3.265000e+002  3.073432e-007 -4.440776e-007
 3.270000e+002  1.606730e-007 -2.350728e-007
 3.275000e+002  1.200857e-007 -4.267874e-007
 3.280000e+002  1.778759e-007 -3.581433e-007
 3.285000e+002  1.176797e-007 -5.297003e-007
 3.290000e+002  1.520820e-007 -4.895042e-007
 3.295000e+002  1.870989e-007 -3.793083e-007
 3.300000e+002  1.798819e-008 -5.105268e-007
 3.305000e+002 -7.694764e-008 -3.105791e-007
 3.310000e+002  7.793267e-008 -5.428008e-007
 3.315000e+002 -1.568138e-007 -3.486599e-007
 3.320000e+002 -2.172495e-007 -4.549538e-007
 3.325000e+002 -3.299708e-007 -2.994412e-007
 3.330000e+002 -2.288173e-007 -3.231970e-007
 3.335000e+002 -1.982216e-007 -3.415389e-007
 3.340000e+002 -2.314564e-007 -1.080293e-007
 3.345000e+002 -9.207074e-008 -8.777147e-008
 3.350000e+002 -3.983654e-007 -1.231912e-007
 3.355000e+002  3.557141e-008 -1.323549e-007
 3.360000e+002 -1.770305e-008 -9.509919e-008
 3.365000e+002 -1.540410e-007  1.658893e-008
 3.370000e+002 -1.426659e-008 -6.473929e-008
 3.375000e+002 -6.426938e-008 -1.687219e-008
 3.380000e+002 -6.197986e-008 -5.121777e-008
 3.385000e+002 -8.955866e-008  2.860583e-008
 3.390000e+002 -1.904523e-008 -5.226474e-008
 3.395000e+002 -1.356704e-007  7.875679e-008
 3.400000e+002 -1.695340e-007 -6.689807e-008
 3.405000e+002 -3.230126e-008  1.068724e-007
 3.410000e+002  3.599656e-008  1.931863e-008
 3.415000e+002  2.314048e-008 -3.029988e-008
 3.420000e+002 -4.194348e-008  9.567971e-008
 3.425000e+002 -9.538022e-008 -1.652174e-008
 3.430000e+002 -4.308366e-008 -6.274438e-008
 3.435000e+002  1.908551e-008 -4.493609e-008
 3.440000e+002  1.045784e-007  1.393726e-007
 3.445000e+002 -1.472160e-008 -8.977820e-008
 3.450000e+002  6.354509e-008  2.296371e-008
 3.455000e+002  4.443845e-008 -1.239732e-007
 3.460000e+002  2.312794e-009 -6.224716e-009
 3.465000e+002 -1.767204e-008 -6.079540e-008
 3.470000e+002 -4.978338e-008 -4.861601e-008
 3.475000e+002  1.187996e-007 -1.114400e-007
 3.480000e+002  4.907094e-009 -6.967175e-008
 3.485000e+002  2.723836e-008 -4.647407e-008
 3.490000e+002 -3.906345e-008 -7.486703e-008
 3.495000e+002 -5.476052e-009 -2.535245e-008
 3.500000e+002  4.751948e-008  2.319271e-008
 3.505000e+002  2.766849e-008  3.955771e-008
 3.510000e+002 -1.446720e-007 -6.435461e-008
 3.515000e+002  2.604561e-008  1.970702e-008
 3.520000e+002 -6.716151e-008  6.601363e-008
 3.525000e+002  3.906770e-008  2.196669e-008
 3.530000e+002  6.643681e-008 -3.105392e-008
 3.535000e+002 -4.297772e-008 -1.022437e-007
 3.540000e+002  3.353735e-008  1.887493e-008
 3.545000e+002  4.066515e-008 -3.549206e-008
 3.550000e+002  1.645521e-008 -4.804866e-009
 3.555000e+002  6.290584e-008 -9.946563e-008
 3.560000e+002  1.052155e-008 -2.751388e-008
 3.565000e+002  5.148373e-008  2.683388e-008
 3.570000e+002  4.950723e-008  1.831587e-008
 3.575000e+002  2.955982e-008  8.012529e-008
 3.580000e+002  3.264172e-008  4.413756e-009
 3.585000e+002 -7.561215e-009 -7.320701e-008
 3.590000e+002 -9.804645e-008 -1.396301e-007
 3.595000e+002  1.420100e-007 -1.049081e-007
 3.600000e+002  1.206444e-007  7.411813e-009
 3.605000e+002  8.174420e-008  1.474397e-008
 3.610000e+002  1.163420e-008 -1.716335e-008
 3.615000e+002  5.034391e-008  1.840802e-007
 3.620000e+002  2.876478e-008  8.944327e-008
 3.625000e+002 -2.318494e-009  6.918445e-008
 3.630000e+002  1.669491e-008 -5.047130e-008
 3.635000e+002 -1.371840e-008 -1.231421e-007
 3.640000e+002  6.126950e-009  3.117814e-008
 3.645000e+002  5.477956e-008  3.459655e-008
 3.650000e+002 -1.064810e-007  6.283284e-008
 3.655000e+002  1.518564e-008  1.101407e-009
 3.660000e+002  7.545531e-008  8.992221e-008
 3.665000e+002 -7.010264e-008  3.762984e-008
 3.670000e+002  6.173803e-008  8.731556e-008
 3.675000e+002 -4.127712e-009  4.753215e-008
 3.680000e+002 -1.095882e-007  7.710755e-008
 3.685000e+002  1.043723e-008  5.397184e-008
 3.690000e+002 -9.334320e-009 -4.689105e-008
 3.695000e+002  2.559059e-008  1.600690e-008
 3.700000e+002 -1.331267e-007  8.532243e-009
 3.705000e+002 -2.031119e-008 -1.198261e-007
 3.710000e+002 -4.684614e-008  1.449752e-008
 3.715000e+002 -7.097235e-009  9.544495e-008
 3.720000e+002  4.670495e-009  3.169544e-008
 3.725000e+002 -2.491941e-008  5.545910e-008
 3.730000e+002 -4.594340e-008 -7.444217e-008
 3.735000e+002  1.997619e-007  4.634472e-008
 3.740000e+002 -7.608918e-009  7.733439e-008
 3.745000e+002  5.937463e-008 -5.448705e-009
 3.750000e+002  2.703309e-009  2.030212e-007
 3.755000e+002  9.799920e-008 -6.036810e-008
 3.760000e+002  2.642641e-008  1.083924e-007
 3.765000e+002  7.068859e-009  5.508842e-008
 3.770000e+002 -3.351651e-008  3.850569e-008
 3.775000e+002  2.303410e-007  3.337274e-008
 3.780000e+002 -6.038531e-008 -4.157681e-008
 3.785000e+002  1.143002e-007  2.846503e-008
 3.790000e+002  6.389213e-008  8.278932e-008
 3.795000e+002 -1.910373e-008 -1.557550e-008
 3.800000e+002  1.359616e-007 -7.663560e-008
 3.805000e+002 -3.086170e-008 -8.408932e-009
 3.810000e+002  4.697480e-008  4.100757e-008
 3.815000e+002 -1.200912e-008 -6.993572e-008
 3.820000e+002  1.084220e-008 -6.721409e-008
 3.825000e+002  3.847113e-008  1.782138e-008
 3.830000e+002  2.116109e-007 -4.718670e-008
 3.835000e+002  2.791399e-008 -6.337041e-008
 3.840000e+002 -3.505849e-008 -7.504221e-008
 3.845000e+002  1.893040e-009  8.099271e-008
 3.850000e+002  5.199874e-008  5.438559e-009
 3.855000e+002  1.041955e-008 -1.442633e-007
 3.860000e+002  1.543197e-007 -3.205480e-008
 3.865000e+002  1.221501e-007 -1.107474e-007
 3.870000e+002  9.521544e-008 -1.243839e-007
 3.875000e+002 -1.599590e-007  7.399460e-008
 3.880000e+002 -8.728580e-008 -1.721321e-007
 3.885000e+002 -9.107233e-008  1.832429e-007
 3.890000e+002 -2.092012e-007  5.144982e-008
 3.895000e+002  1.868703e-008 -3.361927e-009
 3.900000e+002 -1.652608e-008  2.356758e-007
 3.905000e+002 -1.897971e-007  2.777054e-007
 3.910000e+002 -1.106169e-007 -6.982113e-008
 3.915000e+002  3.129433e-009 -1.700208e-007
 3.920000e+002  1.050617e-007  5.319558e-009
 3.925000e+002 -8.683386e-008  6.557727e-008
 3.930000e+002 -6.182709e-008 -1.574805e-007
 3.935000e+002 -5.894328e-008  9.143227e-008
 3.940000e+002  6.642436e-008 -1.162819e-007
 3.945000e+002 -4.083048e-008 -1.523075e-007
 3.950000e+002 -1.270808e-007  1.580877e-008
 3.955000e+002  1.024953e-007  1.685234e-007
 3.960000e+002 -1.219150e-007  1.455702e-007
 3.965000e+002  6.627374e-008  2.211741e-007
 3.970000e+002  1.232206e-007 -2.541439e-007
 3.975000e+002 -2.542171e-008  1.790235e-007
 3.980000e+002 -6.841510e-008 -8.378879e-008
 3.985000e+002 -1.929487e-007  2.981661e-008
 3.990000e+002 -1.985132e-007  1.657584e-007
 3.995000e+002  1.429147e-007 -1.164632e-007
 4.000000e+002  7.911504e-009  1.041911e-007
 4.005000e+002 -1.157037e-007  2.339426e-008
 4.010000e+002  2.038267e-007 -1.360290e-007
 4.015000e+002 -2.725434e-007 -1.217079e-007
 4.020000e+002 -8.497396e-008  4.117415e-008
 4.025000e+002 -5.417153e-008 -6.057472e-008
 4.030000e+002 -3.081022e-008 -8.341080e-008
 4.035000e+002  6.850881e-009  1.340100e-007
 4.040000e+002 -3.550378e-009 -8.123723e-008
 4.045000e+002  4.942281e-008  3.826261e-009
 4.050000e+002 -1.398770e-007  2.981884e-008
 4.055000e+002 -2.164408e-008 -8.365771e-008
 4.060000e+002  3.036292e-007 -4.615986e-008
 4.065000e+002  1.342223e-007 -1.586902e-007
 4.070000e+002  6.688376e-008  1.211368e-007
 4.075000e+002  9.186549e-009  9.544028e-008
 4.080000e+002 -5.567888e-008 -1.497164e-007
 4.085000e+002 -9.164610e-008 -4.996056e-008
 4.090000e+002 -7.122973e-008  1.639260e-007
 4.095000e+002  3.487253e-008 -1.601109e-007
 4.100000e+002 -2.351080e-008 -2.121767e-007
 4.105000e+002 -3.797439e-009 -2.349658e-007
 4.110000e+002 -7.537821e-008  5.987242e-008
 4.115000e+002 -1.246146e-007  1.560090e-007
 4.120000e+002 -6.302470e-008  7.546448e-009
 4.125000e+002 -1.065209e-007  1.166475e-007
 4.130000e+002  1.441072e-007 -1.276334e-007
 4.135000e+002 -4.651602e-008 -8.163164e-008
 4.140000e+002 -2.194561e-007  8.629089e-008
 4.145000e+002 -8.674535e-008  2.341669e-007
 4.150000e+002  3.209473e-008  4.210692e-008
 4.155000e+002 -4.174576e-009  2.655950e-008
 4.160000e+002 -6.396365e-009 -8.634950e-008
 4.165000e+002  4.266978e-009 -1.623947e-007
 4.170000e+002  1.593156e-008  4.654458e-008
 4.175000e+002 -3.017856e-009 -4.704242e-008
 4.180000e+002 -1.616308e-007 -1.784225e-007
 4.185000e+002  8.554077e-008 -3.046703e-008
 4.190000e+002 -2.175298e-008  1.779788e-007
 4.195000e+002  9.582424e-009  3.346942e-007
 4.200000e+002  1.309565e-008 -1.698473e-008
 4.205000e+002 -2.510127e-007  1.697845e-008
 4.210000e+002  8.022100e-008  1.039381e-007
 4.215000e+002  8.926535e-008 -1.310952e-007
 4.220000e+002 -1.718433e-007 -3.663553e-008
 4.225000e+002 -1.277364e-007 -1.997529e-007
 4.230000e+002  1.986420e-008 -8.185537e-008
 4.235000e+002  1.269826e-007  8.835422e-008
 4.240000e+002 -1.292668e-007  7.871796e-008
 4.245000e+002  2.152044e-007 -7.899302e-008
 4.250000e+002  1.938609e-007 -8.275717e-008
 4.255000e+002  7.363270e-008  1.497892e-007
 4.260000e+002  8.810114e-008  4.105042e-008
 4.265000e+002 -2.686509e-008  5.300640e-008
 4.270000e+002  1.574238e-007  8.626480e-008
 4.275000e+002  5.162807e-008 -3.284971e-008
 4.280000e+002 -6.100651e-008 -1.476312e-007
 4.285000e+002 -1.525779e-007 -1.237385e-007
 4.290000e+002  3.965762e-007 -1.663184e-007
 4.295000e+002 -2.494390e-007 -4.523684e-009
 4.300000e+002  1.545388e-007 -5.186361e-008
 4.305000e+002 -2.347662e-007 -1.257856e-008
 4.310000e+002 -3.668642e-008 -4.443887e-008
 4.315000e+002 -1.159542e-008 -2.480473e-008
 4.320000e+002 -1.358352e-008 -1.895589e-007
 4.325000e+002  2.488567e-008 -4.579120e-008
 4.330000e+002  1.310834e-007 -1.118854e-007
 4.335000e+002  9.705145e-008 -4.832018e-008
 4.340000e+002 -2.139661e-007 -1.951258e-007
 4.345000e+002 -3.139170e-008 -3.018025e-007
 4.350000e+002 -1.988400e-008  2.198657e-008
 4.355000e+002  1.831655e-007 -1.174124e-007
 4.360000e+002  7.210705e-008 -1.617628e-007
 4.365000e+002  2.837044e-007 -8.654210e-008
 4.370000e+002 -1.708928e-007 -1.190967e-007
 4.375000e+002  2.772946e-007 -4.684790e-008
 4.380000e+002 -9.740683e-008 -2.006375e-007
 4.385000e+002  5.968421e-008 -1.377332e-007
 4.390000e+002 -1.957675e-007 -8.592530e-008
 4.395000e+002 -1.733777e-007 -4.777314e-008
 4.400000e+002 -1.584975e-007 -7.658731e-008
 4.405000e+002  1.538226e-007 -1.231779e-007
 4.410000e+002 -6.418374e-008 -5.189869e-008
 4.415000e+002 -6.562279e-008  2.467682e-008
 4.420000e+002 -1.420758e-008 -8.560888e-008
 4.425000e+002  7.383239e-008 -1.144508e-007
 4.430000e+002  1.125372e-007  7.589007e-008
 4.435000e+002 -2.052151e-007 -8.653857e-008
 4.440000e+002 -1.152260e-007 -6.991630e-008
 4.445000e+002 -1.127859e-008 -8.168893e-008
 4.450000e+002 -1.048110e-007 -1.067786e-007
 4.455000e+002 -1.679957e-010  4.656332e-008
 4.460000e+002  2.487611e-008  1.616162e-007
 4.465000e+002 -1.203865e-007  2.348989e-007
 4.470000e+002  5.972224e-008 -8.703999e-008
 4.475000e+002 -1.343727e-007 -1.571290e-007
 4.480000e+002  1.583195e-007 -8.886622e-008
 4.485000e+002  6.773253e-008 -1.526393e-007
 4.490000e+002 -1.808634e-007 -4.087933e-007
 4.495000e+002  1.825814e-007 -2.393626e-007
 4.500000e+002  9.626121e-008 -2.232834e-008
 4.505000e+002 -8.349164e-008 -1.745016e-007
 4.510000e+002  2.111569e-007 -7.353160e-009
 4.515000e+002 -1.594257e-007 -5.580323e-008
 4.520000e+002 -8.883912e-008  5.121364e-008
 4.525000e+002 -2.483834e-007 -2.846496e-008
 4.530000e+002 -4.467948e-008 -7.871253e-008
 4.535000e+002 -1.910345e-007 -9.486055e-008
 4.540000e+002 -2.057677e-007 -8.436891e-008
 4.545000e+002  7.888592e-009 -7.033691e-008
 4.550000e+002 -7.027557e-008 -1.221679e-007
 4.555000e+002  1.631612e-007 -1.179160e-007
 4.560000e+002  7.105853e-008 -4.604962e-008
 4.565000e+002 -1.974228e-007 -9.335380e-008
 4.570000e+002 -5.717241e-008 -7.103070e-008
 4.575000e+002 -9.246372e-008 -8.931304e-008
 4.580000e+002 -5.543950e-008 -7.496484e-008
 4.585000e+002 -1.102311e-007  1.849373e-009
 4.590000e+002  8.998107e-008 -2.047365e-007
 4.595000e+002 -2.216496e-007 -2.157394e-008
 4.600000e+002 -1.869363e-007 -8.226409e-008
 4.605000e+002  2.264038e-007 -1.077536e-007
 4.610000e+002 -5.166408e-008  2.545851e-008
 4.615000e+002  5.316096e-009  8.767933e-008
 4.620000e+002  3.502826e-009 -7.474015e-008
 4.625000e+002 -1.379691e-007  6.629858e-009
 4.630000e+002  2.590816e-008 -2.764732e-007
 4.635000e+002  1.598772e-007  5.834244e-008
 4.640000e+002 -3.514833e-008  6.345101e-008
 4.645000e+002  2.340229e-007 -1.461259e-008
 4.650000e+002 -2.581315e-007  9.074734e-008
 4.655000e+002 -1.639821e-007 -1.716277e-008
 4.660000e+002  3.097878e-008 -1.406360e-007
 4.665000e+002 -2.407636e-008 -7.301411e-008
 4.670000e+002  5.341275e-008 -3.422885e-007
 4.675000e+002  2.274682e-007 -3.967966e-008
 4.680000e+002 -1.510907e-007 -2.004184e-007
 4.685000e+002  2.088356e-007  5.716475e-008
 4.690000e+002 -2.309212e-007 -1.509353e-007
 4.695000e+002 -1.280414e-007 -4.579229e-007
 4.700000e+002 -1.444829e-007  9.601385e-008
 4.705000e+002 -8.824491e-008  4.001324e-008
 4.710000e+002 -5.157271e-008 -2.051500e-007
 4.715000e+002  1.049418e-007 -1.565845e-007
 4.720000e+002 -1.354076e-007 -2.113823e-007
 4.725000e+002  2.166187e-007  1.075628e-007
 4.730000e+002 -2.461568e-008 -2.582892e-007
 4.735000e+002  9.323637e-008 -3.064289e-007
 4.740000e+002 -2.445027e-007  2.805355e-009
 4.745000e+002  9.915988e-008 -4.699551e-008
 4.750000e+002 -2.422100e-007  3.338044e-008
 4.755000e+002 -8.217508e-009 -1.063658e-007
 4.760000e+002  6.573803e-008 -2.136178e-008
 4.765000e+002 -2.326422e-007 -8.361588e-008
 4.770000e+002  5.463673e-008  1.101917e-007
 4.775000e+002 -6.165924e-008 -1.710479e-008
 4.780000e+002 -1.722979e-007 -1.699215e-007
 4.785000e+002  1.571159e-008  8.025876e-008
 4.790000e+002 -6.422285e-008 -2.355534e-007
 4.795000e+002 -7.909840e-008  1.332512e-007
 4.800000e+002 -9.193317e-008  1.042005e-007
 4.805000e+002 -1.567910e-008 -1.360093e-007
 4.810000e+002  1.331587e-008 -2.016817e-007
 4.815000e+002  1.238582e-007 -3.891120e-007
 4.820000e+002 -1.198939e-007 -3.071505e-008
 4.825000e+002 -6.897761e-008 -3.987850e-008
 4.830000e+002  6.492277e-008 -2.226915e-008
 4.835000e+002  2.251911e-007 -8.919573e-008
 4.840000e+002  1.474514e-007  1.247080e-007
 4.845000e+002 -2.492003e-007  2.406878e-007
 4.850000e+002  1.250227e-007  2.044622e-007
 4.855000e+002 -1.363046e-007  9.484811e-008
 4.860000e+002  1.258178e-007  4.610505e-008
 4.865000e+002  1.079867e-007 -5.900310e-008
 4.870000e+002 -4.536309e-008 -1.958879e-007
 4.875000e+002 -2.769394e-008 -2.822508e-007
 4.880000e+002  4.433717e-008  6.779495e-008
 4.885000e+002 -9.510605e-008 -2.367167e-007
 4.890000e+002  1.558759e-007 -1.768325e-007
 4.895000e+002  2.500272e-007 -2.030208e-007
 4.900000e+002  1.669852e-008  1.551115e-007
 4.905000e+002  1.243943e-007 -9.371981e-008
 4.910000e+002  2.420194e-007 -4.270855e-007
 4.915000e+002  1.645167e-007 -1.311685e-007
 4.920000e+002  8.864564e-008 -3.145314e-007
 4.925000e+002 -6.101351e-008  9.002083e-009
 4.930000e+002  9.016513e-008 -1.199769e-007
 4.935000e+002  5.054431e-008  2.147469e-008
 4.940000e+002 -8.892108e-008 -1.478798e-007
 4.945000e+002  3.495588e-008 -7.347717e-008
 4.950000e+002 -2.040115e-007 -1.032164e-007
 4.955000e+002  3.511957e-008 -1.382328e-008
 4.960000e+002  1.030735e-007 -8.458967e-008
 4.965000e+002  1.452882e-007  1.303096e-007
 4.970000e+002  7.604658e-008 -3.626825e-008
 4.975000e+002 -1.264749e-007 -2.406688e-008
 4.980000e+002 -5.346011e-008 -1.590937e-008
 4.985000e+002 -1.120649e-007  4.269329e-008
 4.990000e+002 -2.935770e-008 -4.923554e-008
 4.995000e+002 -2.241990e-007 -9.550739e-008
 5.000000e+002 -1.143969e-007 -8.524354e-008
 5.005000e+002 -6.056895e-008 -6.590210e-008
 5.010000e+002  2.022518e-007 -6.098104e-008
 5.015000e+002  1.278764e-007 -6.262625e-008
 5.020000e+002 -1.462782e-008 -5.199717e-008
 5.025000e+002  2.292660e-008 -2.280646e-008
 5.030000e+002  1.122041e-008  1.530133e-008
 5.035000e+002 -1.676288e-007 -1.396634e-007
 5.040000e+002 -1.448943e-007  1.605679e-009
 5.045000e+002 -6.424984e-008  1.471319e-007
 5.050000e+002  1.603751e-007 -2.801179e-008
 5.055000e+002 -1.367998e-007  1.855241e-008
 5.060000e+002  3.016641e-008 -8.147688e-008
 5.065000e+002 -1.633766e-007  1.008788e-009
 5.070000e+002 -9.627838e-009 -1.335059e-007
 5.075000e+002 -3.395661e-008 -7.639442e-008
 5.080000e+002  1.347829e-007 -1.493590e-008
 5.085000e+002  4.478958e-008 -6.248848e-008
 5.090000e+002 -4.231956e-008 -6.536943e-008
 5.095000e+002  2.017361e-007  5.299480e-008
 5.100000e+002  1.536519e-007 -2.356268e-007
 5.105000e+002 -5.892599e-009 -1.343232e-007
 5.110000e+002  1.179415e-007 -1.094801e-007
 5.115000e+002 -9.442943e-008  1.231590e-008
 5.120000e+002  3.265797e-007  2.510415e-010
