 0.000000e+000 -4.191236e-002  0.000000e+000
 6.250000e-002  1.868059e-003  0.000000e+000
 1.250000e-001  4.649976e-002  0.000000e+000
 1.875000e-001  8.711524e-002  0.000000e+000
 2.500000e-001  1.166756e-001  0.000000e+000
 3.125000e-001  1.269472e-001  0.000000e+000
 3.750000e-001  1.136437e-001  0.000000e+000
 4.375000e-001  8.155441e-002  0.000000e+000
 5.000000e-001  4.158433e-002  0.000000e+000
 5.625000e-001  1.451637e-003  0.000000e+000
 6.250000e-001 -3.806643e-002  0.000000e+000
 6.875000e-001 -7.636545e-002  0.000000e+000
 7.500000e-001 -1.062858e-001  0.000000e+000
 8.125000e-001 -1.180818e-001  0.000000e+000
 8.750000e-001 -1.079803e-001  0.000000e+000
 9.375000e-001 -8.012649e-002  0.000000e+000
 1.000000e+000 -4.158056e-002  0.000000e+000
 1.062500e+000  1.974665e-003  0.000000e+000
 1.125000e+000  4.635221e-002  0.000000e+000
 1.187500e+000  8.676752e-002  0.000000e+000
 1.250000e+000  1.162403e-001  0.000000e+000
 1.312500e+000  1.265380e-001  0.000000e+000
 1.375000e+000  1.133654e-001  0.000000e+000
 1.437500e+000  8.150136e-002  0.000000e+000
 1.500000e+000  4.178074e-002  0.000000e+000
 1.562500e+000  1.819199e-003  0.000000e+000
 1.625000e+000 -3.766608e-002  0.000000e+000
 1.687500e+000 -7.602725e-002  0.000000e+000
 1.750000e+000 -1.061153e-001  0.000000e+000
 1.812500e+000 -1.181158e-001  0.000000e+000
 1.875000e+000 -1.081569e-001  0.000000e+000
 1.937500e+000 -8.039498e-002  0.000000e+000
 2.000000e+000 -4.188425e-002  0.000000e+000
 2.062500e+000  1.725648e-003  0.000000e+000
 2.125000e+000  4.624969e-002  0.000000e+000
 2.187500e+000  8.688380e-002  0.000000e+000
 2.250000e+000  1.165029e-001  0.000000e+000
 2.312500e+000  1.268228e-001  0.000000e+000
 2.375000e+000  1.135742e-001  0.000000e+000
 2.437500e+000  8.157044e-002  0.000000e+000
 2.500000e+000  4.169206e-002  0.000000e+000
 2.562500e+000  1.613161e-003  0.000000e+000
 2.625000e+000 -3.794445e-002  0.000000e+000
 2.687500e+000 -7.630689e-002  0.000000e+000
 2.750000e+000 -1.063155e-001  0.000000e+000
 2.812500e+000 -1.181432e-001  0.000000e+000
 2.875000e+000 -1.080058e-001  0.000000e+000
 2.937500e+000 -8.012627e-002  0.000000e+000
 3.000000e+000 -4.158714e-002  0.000000e+000
 3.062500e+000  1.983861e-003  0.000000e+000
 3.125000e+000  4.639133e-002  0.000000e+000
 3.187500e+000  8.687947e-002  0.000000e+000
 3.250000e+000  1.163543e-001  0.000000e+000
 3.312500e+000  1.265795e-001  0.000000e+000
 3.375000e+000  1.133333e-001  0.000000e+000
 3.437500e+000  8.145523e-002  0.000000e+000
 3.500000e+000  4.177462e-002  0.000000e+000
 3.562500e+000  1.837605e-003  0.000000e+000
 3.625000e+000 -3.768030e-002  0.000000e+000
 3.687500e+000 -7.608022e-002  0.000000e+000
 3.750000e+000 -1.061719e-001  0.000000e+000
 3.812500e+000 -1.181607e-001  0.000000e+000
 3.875000e+000 -1.082384e-001  0.000000e+000
 3.937500e+000 -8.050778e-002  0.000000e+000
 4.000000e+000 -4.199074e-002  0.000000e+000
 4.062500e+000  1.679124e-003  0.000000e+000
 4.125000e+000  4.631789e-002  0.000000e+000
 4.187500e+000  8.703112e-002  0.000000e+000
 4.250000e+000  1.167081e-001  0.000000e+000
 4.312500e+000  1.270408e-001  0.000000e+000
 4.375000e+000  1.137808e-001  0.000000e+000
 4.437500e+000  8.177091e-002  0.000000e+000
 4.500000e+000  4.184641e-002  0.000000e+000
 4.562500e+000  1.636403e-003  0.000000e+000
 4.625000e+000 -3.809157e-002  0.000000e+000
 4.687500e+000 -7.660499e-002  0.000000e+000
 4.750000e+000 -1.066092e-001  0.000000e+000
 4.812500e+000 -1.183333e-001  0.000000e+000
 4.875000e+000 -1.080864e-001  0.000000e+000
 4.937500e+000 -8.012603e-002  0.000000e+000
 5.000000e+000 -4.151395e-002  0.000000e+000
 5.062500e+000  2.109442e-003  0.000000e+000
 5.125000e+000  4.657077e-002  0.000000e+000
 5.187500e+000  8.701315e-002  0.000000e+000
 5.250000e+000  1.163889e-001  0.000000e+000
 5.312500e+000  1.264806e-001  0.000000e+000
 5.375000e+000  1.131379e-001  0.000000e+000
 5.437500e+000  8.123917e-002  0.000000e+000
 5.500000e+000  4.161805e-002  0.000000e+000
 5.562500e+000  1.772580e-003  0.000000e+000
 5.625000e+000 -3.765378e-002  0.000000e+000
 5.687500e+000 -7.597879e-002  0.000000e+000
 5.750000e+000 -1.060137e-001  0.000000e+000
 5.812500e+000 -1.179217e-001  0.000000e+000
 5.875000e+000 -1.079409e-001  0.000000e+000
 5.937500e+000 -8.029358e-002  0.000000e+000
 6.000000e+000 -4.197690e-002  0.000000e+000
 6.062500e+000  1.509150e-003  0.000000e+000
 6.125000e+000  4.604296e-002  0.000000e+000
 6.187500e+000  8.677452e-002  0.000000e+000
 6.250000e+000  1.164411e-001  0.000000e+000
 6.312500e+000  1.267252e-001  0.000000e+000
 6.375000e+000  1.134789e-001  0.000000e+000
 6.437500e+000  8.157840e-002  0.000000e+000
 6.500000e+000  4.184272e-002  0.000000e+000
 6.562500e+000  1.806743e-003  0.000000e+000
 6.625000e+000 -3.782809e-002  0.000000e+000
 6.687500e+000 -7.631194e-002  0.000000e+000
 6.750000e+000 -1.063832e-001  0.000000e+000
 6.812500e+000 -1.182152e-001  0.000000e+000
 6.875000e+000 -1.080936e-001  0.000000e+000
 6.937500e+000 -8.026348e-002  0.000000e+000
 7.000000e+000 -4.176135e-002  0.000000e+000
 7.062500e+000  1.853036e-003  0.000000e+000
 7.125000e+000  4.641566e-002  0.000000e+000
 7.187500e+000  8.704419e-002  0.000000e+000
 7.250000e+000  1.165511e-001  0.000000e+000
 7.312500e+000  1.266823e-001  0.000000e+000
 7.375000e+000  1.133104e-001  0.000000e+000
 7.437500e+000  8.137714e-002  0.000000e+000
 7.500000e+000  4.170726e-002  0.000000e+000
 7.562500e+000  1.766454e-003  0.000000e+000
 7.625000e+000 -3.779541e-002  0.000000e+000
 7.687500e+000 -7.621092e-002  0.000000e+000
 7.750000e+000 -1.062073e-001  0.000000e+000
 7.812500e+000 -1.180203e-001  0.000000e+000
 7.875000e+000 -1.079785e-001  0.000000e+000
 7.937500e+000 -8.026075e-002  0.000000e+000
