 0.000000e+000 -1.134252e-001  0.000000e+000
 6.250000e-002 -1.134571e-001  0.000000e+000
 1.250000e-001 -9.486289e-002  0.000000e+000
 1.875000e-001 -6.217696e-002  0.000000e+000
 2.500000e-001 -2.052065e-002  0.000000e+000
 3.125000e-001  2.456333e-002  0.000000e+000
 3.750000e-001  6.742804e-002  0.000000e+000
 4.375000e-001  1.026267e-001  0.000000e+000
 5.000000e-001  1.238531e-001  0.000000e+000
 5.625000e-001  1.251163e-001  0.000000e+000
 6.250000e-001  1.054584e-001  0.000000e+000
 6.875000e-001  7.101041e-002  0.000000e+000
 7.500000e-001  2.981402e-002  0.000000e+000
 8.125000e-001 -1.373430e-002  0.000000e+000
 8.750000e-001 -5.681876e-002  0.000000e+000
 9.375000e-001 -9.307433e-002  0.000000e+000
 1.000000e+000 -1.138421e-001  0.000000e+000
 1.062500e+000 -1.143291e-001  0.000000e+000
 1.125000e+000 -9.588312e-002  0.000000e+000
 1.187500e+000 -6.300258e-002  0.000000e+000
 1.250000e+000 -2.087064e-002  0.000000e+000
 1.312500e+000  2.477845e-002  0.000000e+000
 1.375000e+000  6.814799e-002  0.000000e+000
 1.437500e+000  1.036270e-001  0.000000e+000
 1.500000e+000  1.248332e-001  0.000000e+000
 1.562500e+000  1.257628e-001  0.000000e+000
 1.625000e+000  1.055492e-001  0.000000e+000
 1.687500e+000  7.047387e-002  0.000000e+000
 1.750000e+000  2.883780e-002  0.000000e+000
 1.812500e+000 -1.481851e-002  0.000000e+000
 1.875000e+000 -5.763015e-002  0.000000e+000
 1.937500e+000 -9.338261e-002  0.000000e+000
 2.000000e+000 -1.135660e-001  0.000000e+000
 2.062500e+000 -1.135737e-001  0.000000e+000
 2.125000e+000 -9.487112e-002  0.000000e+000
 2.187500e+000 -6.202269e-002  0.000000e+000
 2.250000e+000 -2.027705e-002  0.000000e+000
 2.312500e+000  2.479081e-002  0.000000e+000
 2.375000e+000  6.757959e-002  0.000000e+000
 2.437500e+000  1.026800e-001  0.000000e+000
 2.500000e+000  1.238144e-001  0.000000e+000
 2.562500e+000  1.249686e-001  0.000000e+000
 2.625000e+000  1.052257e-001  0.000000e+000
 2.687500e+000  7.073983e-002  0.000000e+000
 2.750000e+000  2.958796e-002  0.000000e+000
 2.812500e+000 -1.380857e-002  0.000000e+000
 2.875000e+000 -5.671050e-002  0.000000e+000
 2.937500e+000 -9.283920e-002  0.000000e+000
 3.000000e+000 -1.135587e-001  0.000000e+000
 3.062500e+000 -1.141070e-001  0.000000e+000
 3.125000e+000 -9.577003e-002  0.000000e+000
 3.187500e+000 -6.298938e-002  0.000000e+000
 3.250000e+000 -2.101281e-002  0.000000e+000
 3.312500e+000  2.448438e-002  0.000000e+000
 3.375000e+000  6.777527e-002  0.000000e+000
 3.437500e+000  1.033415e-001  0.000000e+000
 3.500000e+000  1.247632e-001  0.000000e+000
 3.562500e+000  1.259048e-001  0.000000e+000
 3.625000e+000  1.057955e-001  0.000000e+000
 3.687500e+000  7.079189e-002  0.000000e+000
 3.750000e+000  2.915278e-002  0.000000e+000
 3.812500e+000 -1.459218e-002  0.000000e+000
 3.875000e+000 -5.758356e-002  0.000000e+000
 3.937500e+000 -9.352386e-002  0.000000e+000
 4.000000e+000 -1.138433e-001  0.000000e+000
 4.062500e+000 -1.139073e-001  0.000000e+000
 4.125000e+000 -9.514598e-002  0.000000e+000
 4.187500e+000 -6.214049e-002  0.000000e+000
 4.250000e+000 -2.020610e-002  0.000000e+000
 4.312500e+000  2.497082e-002  0.000000e+000
 4.375000e+000  6.776288e-002  0.000000e+000
 4.437500e+000  1.028564e-001  0.000000e+000
 4.500000e+000  1.239816e-001  0.000000e+000
 4.562500e+000  1.251110e-001  0.000000e+000
 4.625000e+000  1.052431e-001  0.000000e+000
 4.687500e+000  7.060178e-002  0.000000e+000
 4.750000e+000  2.941058e-002  0.000000e+000
 4.812500e+000 -1.391526e-002  0.000000e+000
 4.875000e+000 -5.672457e-002  0.000000e+000
 4.937500e+000 -9.278863e-002  0.000000e+000
 5.000000e+000 -1.134840e-001  0.000000e+000
 5.062500e+000 -1.140043e-001  0.000000e+000
 5.125000e+000 -9.565234e-002  0.000000e+000
 5.187500e+000 -6.292795e-002  0.000000e+000
 5.250000e+000 -2.102087e-002  0.000000e+000
 5.312500e+000  2.439433e-002  0.000000e+000
 5.375000e+000  6.763606e-002  0.000000e+000
 5.437500e+000  1.032058e-001  0.000000e+000
 5.500000e+000  1.246633e-001  0.000000e+000
 5.562500e+000  1.258978e-001  0.000000e+000
 5.625000e+000  1.059190e-001  0.000000e+000
 5.687500e+000  7.093771e-002  0.000000e+000
 5.750000e+000  2.925465e-002  0.000000e+000
 5.812500e+000 -1.452906e-002  0.000000e+000
 5.875000e+000 -5.753936e-002  0.000000e+000
 5.937500e+000 -9.356608e-002  0.000000e+000
 6.000000e+000 -1.140069e-001  0.000000e+000
 6.062500e+000 -1.141053e-001  0.000000e+000
 6.125000e+000 -9.527246e-002  0.000000e+000
 6.187500e+000 -6.214433e-002  0.000000e+000
 6.250000e+000 -2.011916e-002  0.000000e+000
 6.312500e+000  2.511829e-002  0.000000e+000
 6.375000e+000  6.799034e-002  0.000000e+000
 6.437500e+000  1.030790e-001  0.000000e+000
 6.500000e+000  1.240956e-001  0.000000e+000
 6.562500e+000  1.250230e-001  0.000000e+000
 6.625000e+000  1.050108e-001  0.000000e+000
 6.687500e+000  7.033164e-002  0.000000e+000
 6.750000e+000  2.913813e-002  0.000000e+000
 6.812500e+000 -1.411790e-002  0.000000e+000
 6.875000e+000 -5.675628e-002  0.000000e+000
 6.937500e+000 -9.263942e-002  0.000000e+000
 7.000000e+000 -1.132352e-001  0.000000e+000
 7.062500e+000 -1.137465e-001  0.000000e+000
 7.125000e+000 -9.542727e-002  0.000000e+000
 7.187500e+000 -6.278283e-002  0.000000e+000
 7.250000e+000 -2.106954e-002  0.000000e+000
 7.312500e+000  2.411622e-002  0.000000e+000
 7.375000e+000  6.724482e-002  0.000000e+000
 7.437500e+000  1.028863e-001  0.000000e+000
 7.500000e+000  1.245300e-001  0.000000e+000
 7.562500e+000  1.259106e-001  0.000000e+000
 7.625000e+000  1.060062e-001  0.000000e+000
 7.687500e+000  7.117206e-002  0.000000e+000
 7.750000e+000  2.964420e-002  0.000000e+000
 7.812500e+000 -1.411570e-002  0.000000e+000
 7.875000e+000 -5.732267e-002  0.000000e+000
 7.937500e+000 -9.359162e-002  0.000000e+000
