 0.000000e+000 -3.741016e-005  0.000000e+000
 6.250000e-002 -3.726286e-005  0.000000e+000
 1.250000e-001 -2.989460e-005  0.000000e+000
 1.875000e-001 -1.935483e-005  0.000000e+000
 2.500000e-001 -7.495094e-006  0.000000e+000
 3.125000e-001  5.543285e-006  0.000000e+000
 3.750000e-001  1.927032e-005  0.000000e+000
 4.375000e-001  3.202626e-005  0.000000e+000
 5.000000e-001  4.060191e-005  0.000000e+000
 5.625000e-001  4.117320e-005  0.000000e+000
 6.250000e-001  3.296223e-005  0.000000e+000
 6.875000e-001  2.038969e-005  0.000000e+000
 7.500000e-001  8.696939e-006  0.000000e+000
 8.125000e-001 -1.977494e-006  0.000000e+000
 8.750000e-001 -1.466200e-005  0.000000e+000
 9.375000e-001 -2.828615e-005  0.000000e+000
 1.000000e+000 -3.682397e-005  0.000000e+000
 1.062500e+000 -3.634316e-005  0.000000e+000
 1.125000e+000 -2.888463e-005  0.000000e+000
 1.187500e+000 -1.854527e-005  0.000000e+000
 1.250000e+000 -7.136538e-006  0.000000e+000
 1.312500e+000  5.347184e-006  0.000000e+000
 1.375000e+000  1.862250e-005  0.000000e+000
 1.437500e+000  3.121734e-005  0.000000e+000
 1.500000e+000  3.996040e-005  0.000000e+000
 1.562500e+000  4.092775e-005  0.000000e+000
 1.625000e+000  3.322883e-005  0.000000e+000
 1.687500e+000  2.117347e-005  0.000000e+000
 1.750000e+000  9.812036e-006  0.000000e+000
 1.812500e+000 -8.693589e-007  0.000000e+000
 1.875000e+000 -1.387166e-005  0.000000e+000
 1.937500e+000 -2.799573e-005  0.000000e+000
 2.000000e+000 -3.707241e-005  0.000000e+000
 2.062500e+000 -3.704416e-005  0.000000e+000
 2.125000e+000 -2.979975e-005  0.000000e+000
 2.187500e+000 -1.935980e-005  0.000000e+000
 2.250000e+000 -7.570417e-006  0.000000e+000
 2.312500e+000  5.455332e-006  0.000000e+000
 2.375000e+000  1.922010e-005  0.000000e+000
 2.437500e+000  3.207504e-005  0.000000e+000
 2.500000e+000  4.077837e-005  0.000000e+000
 2.562500e+000  4.144077e-005  0.000000e+000
 2.625000e+000  3.322400e-005  0.000000e+000
 2.687500e+000  2.056771e-005  0.000000e+000
 2.750000e+000  8.754205e-006  0.000000e+000
 2.812500e+000 -2.058411e-006  0.000000e+000
 2.875000e+000 -1.486123e-005  0.000000e+000
 2.937500e+000 -2.852319e-005  0.000000e+000
 3.000000e+000 -3.704498e-005  0.000000e+000
 3.062500e+000 -3.652862e-005  0.000000e+000
 3.125000e+000 -2.898601e-005  0.000000e+000
 3.187500e+000 -1.854768e-005  0.000000e+000
 3.250000e+000 -7.083088e-006  0.000000e+000
 3.312500e+000  5.390676e-006  0.000000e+000
 3.375000e+000  1.862457e-005  0.000000e+000
 3.437500e+000  3.112927e-005  0.000000e+000
 3.500000e+000  3.975103e-005  0.000000e+000
 3.562500e+000  4.061396e-005  0.000000e+000
 3.625000e+000  3.286115e-005  0.000000e+000
 3.687500e+000  2.078452e-005  0.000000e+000
 3.750000e+000  9.476984e-006  0.000000e+000
 3.812500e+000 -1.072964e-006  0.000000e+000
 3.875000e+000 -1.393179e-005  0.000000e+000
 3.937500e+000 -2.795302e-005  0.000000e+000
 4.000000e+000 -3.699720e-005  0.000000e+000
 4.062500e+000 -3.699825e-005  0.000000e+000
 4.125000e+000 -2.982663e-005  0.000000e+000
 4.187500e+000 -1.945104e-005  0.000000e+000
 4.250000e+000 -7.696522e-006  0.000000e+000
 4.312500e+000  5.289695e-006  0.000000e+000
 4.375000e+000  1.904079e-005  0.000000e+000
 4.437500e+000  3.195192e-005  0.000000e+000
 4.500000e+000  4.079220e-005  0.000000e+000
 4.562500e+000  4.158826e-005  0.000000e+000
 4.625000e+000  3.343488e-005  0.000000e+000
 4.687500e+000  2.078709e-005  0.000000e+000
 4.750000e+000  8.963128e-006  0.000000e+000
 4.812500e+000 -1.868253e-006  0.000000e+000
 4.875000e+000 -1.473533e-005  0.000000e+000
 4.937500e+000 -2.852856e-005  0.000000e+000
 5.000000e+000 -3.716533e-005  0.000000e+000
 5.062500e+000 -3.667372e-005  0.000000e+000
 5.125000e+000 -2.908361e-005  0.000000e+000
 5.187500e+000 -1.854681e-005  0.000000e+000
 5.250000e+000 -6.964045e-006  0.000000e+000
 5.312500e+000  5.605253e-006  0.000000e+000
 5.375000e+000  1.885001e-005  0.000000e+000
 5.437500e+000  3.131376e-005  0.000000e+000
 5.500000e+000  3.986742e-005  0.000000e+000
 5.562500e+000  4.064423e-005  0.000000e+000
 5.625000e+000  3.279476e-005  0.000000e+000
 5.687500e+000  2.064571e-005  0.000000e+000
 5.750000e+000  9.318617e-006  0.000000e+000
 5.812500e+000 -1.189221e-006  0.000000e+000
 5.875000e+000 -1.394069e-005  0.000000e+000
 5.937500e+000 -2.783488e-005  0.000000e+000
 6.000000e+000 -3.679053e-005  0.000000e+000
 6.062500e+000 -3.676507e-005  0.000000e+000
 6.125000e+000 -2.960908e-005  0.000000e+000
 6.187500e+000 -1.931181e-005  0.000000e+000
 6.250000e+000 -7.704625e-006  0.000000e+000
 6.312500e+000  5.137037e-006  0.000000e+000
 6.375000e+000  1.881260e-005  0.000000e+000
 6.437500e+000  3.175845e-005  0.000000e+000
 6.500000e+000  4.070605e-005  0.000000e+000
 6.562500e+000  4.164581e-005  0.000000e+000
 6.625000e+000  3.363900e-005  0.000000e+000
 6.687500e+000  2.108712e-005  0.000000e+000
 6.750000e+000  9.275453e-006  0.000000e+000
 6.812500e+000 -1.635538e-006  0.000000e+000
 6.875000e+000 -1.462657e-005  0.000000e+000
 6.937500e+000 -2.853170e-005  0.000000e+000
 7.000000e+000 -3.727589e-005  0.000000e+000
 7.062500e+000 -3.685655e-005  0.000000e+000
 7.125000e+000 -2.924645e-005  0.000000e+000
 7.187500e+000 -1.859109e-005  0.000000e+000
 7.250000e+000 -6.857774e-006  0.000000e+000
 7.312500e+000  5.822550e-006  0.000000e+000
 7.375000e+000  1.911910e-005  0.000000e+000
 7.437500e+000  3.156440e-005  0.000000e+000
 7.500000e+000  4.005752e-005  0.000000e+000
 7.562500e+000  4.073317e-005  0.000000e+000
 7.625000e+000  3.271895e-005  0.000000e+000
 7.687500e+000  2.040520e-005  0.000000e+000
 7.750000e+000  9.016710e-006  0.000000e+000
 7.812500e+000 -1.420961e-006  0.000000e+000
 7.875000e+000 -1.406565e-005  0.000000e+000
 7.937500e+000 -2.788541e-005  0.000000e+000
