 0.000000e+000  9.900134e-001  0.000000e+000
 5.000000e-001  4.695526e-001  0.000000e+000
 1.000000e+000  5.666608e-001  0.000000e+000
 1.500000e+000  6.051969e-001  0.000000e+000
 2.000000e+000  6.007483e-001  0.000000e+000
 2.500000e+000  6.139857e-001  0.000000e+000
 3.000000e+000  5.674612e-001  0.000000e+000
 3.500000e+000  5.745836e-001  0.000000e+000
 4.000000e+000  5.416979e-001  0.000000e+000
 4.500000e+000  5.385262e-001  0.000000e+000
 5.000000e+000  5.252199e-001  0.000000e+000
 5.500000e+000  4.855697e-001  0.000000e+000
 6.000000e+000  4.706692e-001  0.000000e+000
 6.500000e+000  4.639416e-001  0.000000e+000
 7.000000e+000  4.198992e-001  0.000000e+000
 7.500000e+000  3.731661e-001  0.000000e+000
 8.000000e+000  3.891573e-001  0.000000e+000
 8.500000e+000  3.356779e-001  0.000000e+000
 9.000000e+000  3.138502e-001  0.000000e+000
 9.500000e+000  2.831188e-001  0.000000e+000
 1.000000e+001  2.578672e-001  0.000000e+000
 1.050000e+001  2.139709e-001  0.000000e+000
 1.100000e+001  1.878295e-001  0.000000e+000
 1.150000e+001  1.661932e-001  0.000000e+000
 1.200000e+001  1.309473e-001  0.000000e+000
 1.250000e+001  1.124516e-001  0.000000e+000
 1.300000e+001  8.795750e-002  0.000000e+000
 1.350000e+001  6.864588e-002  0.000000e+000
 1.400000e+001  5.928453e-002  0.000000e+000
 1.450000e+001  5.820585e-002  0.000000e+000
 1.500000e+001  6.266868e-002  0.000000e+000
 1.550000e+001  9.269734e-002  0.000000e+000
 1.600000e+001  1.318479e-001  0.000000e+000
 1.650000e+001  1.847550e-001  0.000000e+000
 1.700000e+001  2.677775e-001  0.000000e+000
 1.750000e+001  3.555312e-001  0.000000e+000
 1.800000e+001  4.525924e-001  0.000000e+000
 1.850000e+001  5.547112e-001  0.000000e+000
 1.900000e+001  6.586147e-001  0.000000e+000
 1.950000e+001  7.629037e-001  0.000000e+000
 2.000000e+001  8.320919e-001  0.000000e+000
 2.050000e+001  9.093053e-001  0.000000e+000
 2.100000e+001  9.416537e-001  0.000000e+000
 2.150000e+001  9.765319e-001  0.000000e+000
 2.200000e+001  9.735255e-001  0.000000e+000
 2.250000e+001  9.896448e-001  0.000000e+000
 2.300000e+001  9.787358e-001  0.000000e+000
 2.350000e+001  9.610745e-001  0.000000e+000
 2.400000e+001  9.383075e-001  0.000000e+000
 2.450000e+001  9.152146e-001  0.000000e+000
 2.500000e+001  8.959862e-001  0.000000e+000
 2.550000e+001  8.709667e-001  0.000000e+000
 2.600000e+001  8.399525e-001  0.000000e+000
 2.650000e+001  7.963372e-001  0.000000e+000
 2.700000e+001  7.662997e-001  0.000000e+000
 2.750000e+001  7.262986e-001  0.000000e+000
 2.800000e+001  6.951125e-001  0.000000e+000
 2.850000e+001  6.884087e-001  0.000000e+000
 2.900000e+001  6.407919e-001  0.000000e+000
 2.950000e+001  5.390483e-001  0.000000e+000
 3.000000e+001  3.579311e-001  0.000000e+000
 3.050000e+001  5.772915e-001  0.000000e+000
 3.100000e+001  5.766407e-001  0.000000e+000
 3.150000e+001  5.557486e-001  0.000000e+000
 3.200000e+001  5.479600e-001  0.000000e+000
 3.250000e+001  5.166333e-001  0.000000e+000
 3.300000e+001  4.868175e-001  0.000000e+000
 3.350000e+001  4.835820e-001  0.000000e+000
 3.400000e+001  4.646421e-001  0.000000e+000
 3.450000e+001  4.383231e-001  0.000000e+000
 3.500000e+001  4.086139e-001  0.000000e+000
 3.550000e+001  3.938698e-001  0.000000e+000
 3.600000e+001  3.865245e-001  0.000000e+000
 3.650000e+001  3.704568e-001  0.000000e+000
 3.700000e+001  4.171981e-001  0.000000e+000
 3.750000e+001  3.367200e-001  0.000000e+000
 3.800000e+001  3.051585e-001  0.000000e+000
 3.850000e+001  2.963728e-001  0.000000e+000
 3.900000e+001  2.737964e-001  0.000000e+000
 3.950000e+001  2.493528e-001  0.000000e+000
 4.000000e+001  2.432797e-001  0.000000e+000
 4.050000e+001  2.198009e-001  0.000000e+000
 4.100000e+001  2.015912e-001  0.000000e+000
 4.150000e+001  1.766321e-001  0.000000e+000
 4.200000e+001  1.458237e-001  0.000000e+000
 4.250000e+001  1.226620e-001  0.000000e+000
 4.300000e+001  1.083550e-001  0.000000e+000
 4.350000e+001  7.702463e-002  0.000000e+000
 4.400000e+001  4.527666e-002  0.000000e+000
 4.450000e+001  2.749521e-002  0.000000e+000
 4.500000e+001  3.042025e-002  0.000000e+000
 4.550000e+001  5.967069e-002  0.000000e+000
 4.600000e+001  9.889413e-002  0.000000e+000
 4.650000e+001  1.242858e-001  0.000000e+000
 4.700000e+001  1.225215e-001  0.000000e+000
 4.750000e+001  1.349946e-001  0.000000e+000
 4.800000e+001  9.953662e-002  0.000000e+000
 4.850000e+001  9.864801e-002  0.000000e+000
 4.900000e+001  8.181166e-002  0.000000e+000
 4.950000e+001  1.243838e-001  0.000000e+000
 5.000000e+001  9.746111e-002  0.000000e+000
 5.050000e+001  8.736742e-002  0.000000e+000
 5.100000e+001  8.100656e-002  0.000000e+000
 5.150000e+001  8.814447e-002  0.000000e+000
 5.200000e+001  6.097339e-002  0.000000e+000
 5.250000e+001  6.855199e-002  0.000000e+000
 5.300000e+001  3.491715e-002  0.000000e+000
 5.350000e+001  2.925699e-002  0.000000e+000
 5.400000e+001  1.276845e-002  0.000000e+000
 5.450000e+001  1.746253e-002  0.000000e+000
 5.500000e+001  4.264886e-003  0.000000e+000
 5.550000e+001  2.211540e-003  0.000000e+000
 5.600000e+001  1.633866e-003  0.000000e+000
 5.650000e+001  1.217439e-003  0.000000e+000
 5.700000e+001  4.764747e-003  0.000000e+000
 5.750000e+001  3.393045e-002  0.000000e+000
 5.800000e+001  3.205747e-003  0.000000e+000
 5.850000e+001  1.406099e-002  0.000000e+000
 5.900000e+001  9.667857e-003  0.000000e+000
 5.950000e+001  8.119499e-003  0.000000e+000
 6.000000e+001  4.615717e-003  0.000000e+000
 6.050000e+001  2.936250e-002  0.000000e+000
 6.100000e+001  6.369954e-002  0.000000e+000
 6.150000e+001  7.977743e-002  0.000000e+000
 6.200000e+001  1.372924e-001  0.000000e+000
 6.250000e+001  1.416083e-001  0.000000e+000
 6.300000e+001  1.840026e-001  0.000000e+000
 6.350000e+001  2.176243e-001  0.000000e+000
 6.400000e+001  2.838629e-001  0.000000e+000
 6.450000e+001  2.431461e-001  0.000000e+000
 6.500000e+001  3.276102e-001  0.000000e+000
 6.550000e+001  3.521812e-001  0.000000e+000
 6.600000e+001  4.073348e-001  0.000000e+000
 6.650000e+001  4.132272e-001  0.000000e+000
 6.700000e+001  4.704154e-001  0.000000e+000
 6.750000e+001  5.022795e-001  0.000000e+000
 6.800000e+001  5.098179e-001  0.000000e+000
 6.850000e+001  5.719736e-001  0.000000e+000
 6.900000e+001  6.230476e-001  0.000000e+000
 6.950000e+001  6.530055e-001  0.000000e+000
 7.000000e+001  6.782926e-001  0.000000e+000
 7.050000e+001  7.067037e-001  0.000000e+000
 7.100000e+001  7.321157e-001  0.000000e+000
 7.150000e+001  7.836215e-001  0.000000e+000
 7.200000e+001  7.282855e-001  0.000000e+000
 7.250000e+001  7.017690e-001  0.000000e+000
 7.300000e+001  7.841809e-001  0.000000e+000
 7.350000e+001  7.899716e-001  0.000000e+000
 7.400000e+001  7.033855e-001  0.000000e+000
 7.450000e+001  3.919166e-001  0.000000e+000
 7.500000e+001  1.109806e-001  0.000000e+000
 7.550000e+001  7.716783e-001  0.000000e+000
 7.600000e+001  8.952190e-001  0.000000e+000
 7.650000e+001  9.444214e-001  0.000000e+000
 7.700000e+001  9.063202e-001  0.000000e+000
 7.750000e+001  9.777746e-001  0.000000e+000
 7.800000e+001  9.880048e-001  0.000000e+000
 7.850000e+001  9.855543e-001  0.000000e+000
 7.900000e+001  9.916443e-001  0.000000e+000
 7.950000e+001  9.925917e-001  0.000000e+000
 8.000000e+001  9.907710e-001  0.000000e+000
 8.050000e+001  9.910775e-001  0.000000e+000
 8.100000e+001  9.859152e-001  0.000000e+000
 8.150000e+001  9.812960e-001  0.000000e+000
 8.200000e+001  9.768693e-001  0.000000e+000
 8.250000e+001  9.663180e-001  0.000000e+000
 8.300000e+001  9.673781e-001  0.000000e+000
 8.350000e+001  9.616682e-001  0.000000e+000
 8.400000e+001  9.506388e-001  0.000000e+000
 8.450000e+001  9.538003e-001  0.000000e+000
 8.500000e+001  9.447122e-001  0.000000e+000
 8.550000e+001  9.308152e-001  0.000000e+000
 8.600000e+001  9.274124e-001  0.000000e+000
 8.650000e+001  9.161713e-001  0.000000e+000
 8.700000e+001  9.032204e-001  0.000000e+000
 8.750000e+001  8.926327e-001  0.000000e+000
 8.800000e+001  8.471226e-001  0.000000e+000
 8.850000e+001  8.134236e-001  0.000000e+000
 8.900000e+001  6.661546e-001  0.000000e+000
 8.950000e+001  2.334782e-001  0.000000e+000
 9.000000e+001  1.677620e-001  0.000000e+000
 9.050000e+001  6.413268e-001  0.000000e+000
 9.100000e+001  7.732167e-001  0.000000e+000
 9.150000e+001  8.347694e-001  0.000000e+000
 9.200000e+001  7.454646e-001  0.000000e+000
 9.250000e+001  8.318052e-001  0.000000e+000
 9.300000e+001  8.430659e-001  0.000000e+000
 9.350000e+001  8.361576e-001  0.000000e+000
 9.400000e+001  8.135055e-001  0.000000e+000
 9.450000e+001  8.254669e-001  0.000000e+000
 9.500000e+001  8.171129e-001  0.000000e+000
 9.550000e+001  8.084829e-001  0.000000e+000
 9.600000e+001  8.109809e-001  0.000000e+000
 9.650000e+001  8.091487e-001  0.000000e+000
 9.700000e+001  7.901279e-001  0.000000e+000
 9.750000e+001  8.040985e-001  0.000000e+000
 9.800000e+001  7.957374e-001  0.000000e+000
 9.850000e+001  7.860276e-001  0.000000e+000
 9.900000e+001  7.838541e-001  0.000000e+000
 9.950000e+001  7.715815e-001  0.000000e+000
 1.000000e+002  7.857000e-001  0.000000e+000
 1.005000e+002  7.716909e-001  0.000000e+000
 1.010000e+002  7.418650e-001  0.000000e+000
 1.015000e+002  7.350495e-001  0.000000e+000
 1.020000e+002  7.623993e-001  0.000000e+000
 1.025000e+002  7.590924e-001  0.000000e+000
 1.030000e+002  7.038576e-001  0.000000e+000
 1.035000e+002  6.998323e-001  0.000000e+000
 1.040000e+002  5.901306e-001  0.000000e+000
 1.045000e+002  2.761317e-001  0.000000e+000
 1.050000e+002  9.602825e-002  0.000000e+000
 1.055000e+002  4.284102e-001  0.000000e+000
 1.060000e+002  6.298168e-001  0.000000e+000
 1.065000e+002  5.900379e-001  0.000000e+000
 1.070000e+002  6.135244e-001  0.000000e+000
 1.075000e+002  6.086303e-001  0.000000e+000
 1.080000e+002  6.124861e-001  0.000000e+000
 1.085000e+002  6.352924e-001  0.000000e+000
 1.090000e+002  6.402469e-001  0.000000e+000
 1.095000e+002  5.369602e-001  0.000000e+000
 1.100000e+002  5.907013e-001  0.000000e+000
 1.105000e+002  5.773979e-001  0.000000e+000
 1.110000e+002  3.993623e-001  0.000000e+000
 1.115000e+002  3.405098e-001  0.000000e+000
 1.120000e+002  2.478749e-001  0.000000e+000
 1.125000e+002  6.163601e-002  0.000000e+000
 1.130000e+002  9.323490e-002  0.000000e+000
 1.135000e+002  1.440223e-001  0.000000e+000
 1.140000e+002  2.704610e-001  0.000000e+000
 1.145000e+002  2.063697e-001  0.000000e+000
 1.150000e+002  3.186179e-001  0.000000e+000
 1.155000e+002  3.838600e-001  0.000000e+000
 1.160000e+002  1.935455e-001  0.000000e+000
 1.165000e+002  4.246596e-001  0.000000e+000
 1.170000e+002  3.744356e-001  0.000000e+000
 1.175000e+002  3.220659e-001  0.000000e+000
 1.180000e+002  3.981161e-001  0.000000e+000
 1.185000e+002  2.595913e-001  0.000000e+000
 1.190000e+002  1.420251e-001  0.000000e+000
 1.195000e+002  4.469636e-002  0.000000e+000
 1.200000e+002  1.414593e-001  0.000000e+000
 1.205000e+002  1.014989e-001  0.000000e+000
 1.210000e+002  2.003915e-001  0.000000e+000
 1.215000e+002  2.177902e-001  0.000000e+000
 1.220000e+002  3.471573e-001  0.000000e+000
 1.225000e+002  3.739636e-001  0.000000e+000
 1.230000e+002  3.476798e-001  0.000000e+000
 1.235000e+002  3.889125e-001  0.000000e+000
 1.240000e+002  3.901632e-001  0.000000e+000
 1.245000e+002  3.835525e-001  0.000000e+000
 1.250000e+002  4.028625e-001  0.000000e+000
 1.255000e+002  3.878275e-001  0.000000e+000
 1.260000e+002  3.853643e-001  0.000000e+000
 1.265000e+002  4.003732e-001  0.000000e+000
 1.270000e+002  3.885021e-001  0.000000e+000
 1.275000e+002  4.034114e-001  0.000000e+000
 1.280000e+002  4.215904e-001  0.000000e+000
 1.285000e+002  4.101686e-001  0.000000e+000
 1.290000e+002  3.870647e-001  0.000000e+000
 1.295000e+002  4.218524e-001  0.000000e+000
 1.300000e+002  4.071106e-001  0.000000e+000
 1.305000e+002  4.043042e-001  0.000000e+000
 1.310000e+002  3.198086e-001  0.000000e+000
 1.315000e+002  3.750404e-001  0.000000e+000
 1.320000e+002  3.298285e-001  0.000000e+000
 1.325000e+002  2.775373e-001  0.000000e+000
 1.330000e+002  2.792588e-001  0.000000e+000
 1.335000e+002  2.231556e-001  0.000000e+000
 1.340000e+002  1.012658e-001  0.000000e+000
 1.345000e+002  5.619836e-002  0.000000e+000
 1.350000e+002  3.379230e-002  0.000000e+000
 1.355000e+002  1.564480e-001  0.000000e+000
 1.360000e+002  2.188800e-001  0.000000e+000
 1.365000e+002  2.544591e-001  0.000000e+000
 1.370000e+002  2.916501e-001  0.000000e+000
 1.375000e+002  3.002579e-001  0.000000e+000
 1.380000e+002  3.079323e-001  0.000000e+000
 1.385000e+002  3.600802e-001  0.000000e+000
 1.390000e+002  3.033904e-001  0.000000e+000
 1.395000e+002  3.396360e-001  0.000000e+000
 1.400000e+002  3.323976e-001  0.000000e+000
 1.405000e+002  3.486783e-001  0.000000e+000
 1.410000e+002  3.461460e-001  0.000000e+000
 1.415000e+002  3.022613e-001  0.000000e+000
 1.420000e+002  3.547791e-001  0.000000e+000
 1.425000e+002  3.063646e-001  0.000000e+000
 1.430000e+002  2.982482e-001  0.000000e+000
 1.435000e+002  2.991581e-001  0.000000e+000
 1.440000e+002  3.577334e-001  0.000000e+000
 1.445000e+002  3.247099e-001  0.000000e+000
 1.450000e+002  2.725236e-001  0.000000e+000
 1.455000e+002  2.616806e-001  0.000000e+000
 1.460000e+002  2.556624e-001  0.000000e+000
 1.465000e+002  2.367243e-001  0.000000e+000
 1.470000e+002  2.403375e-001  0.000000e+000
 1.475000e+002  1.585207e-001  0.000000e+000
 1.480000e+002  1.499098e-001  0.000000e+000
 1.485000e+002  8.785430e-002  0.000000e+000
 1.490000e+002  3.065648e-002  0.000000e+000
 1.495000e+002  1.790387e-003  0.000000e+000
 1.500000e+002  2.297054e-002  0.000000e+000
 1.505000e+002  3.692091e-002  0.000000e+000
 1.510000e+002  7.468390e-002  0.000000e+000
 1.515000e+002  1.052306e-001  0.000000e+000
 1.520000e+002  1.373766e-001  0.000000e+000
 1.525000e+002  1.528428e-001  0.000000e+000
 1.530000e+002  2.028025e-001  0.000000e+000
 1.535000e+002  2.092369e-001  0.000000e+000
 1.540000e+002  2.063412e-001  0.000000e+000
 1.545000e+002  2.002375e-001  0.000000e+000
 1.550000e+002  2.047833e-001  0.000000e+000
 1.555000e+002  2.111932e-001  0.000000e+000
 1.560000e+002  2.523794e-001  0.000000e+000
 1.565000e+002  2.090361e-001  0.000000e+000
 1.570000e+002  2.577015e-001  0.000000e+000
 1.575000e+002  2.239298e-001  0.000000e+000
 1.580000e+002  2.012037e-001  0.000000e+000
 1.585000e+002  2.443956e-001  0.000000e+000
 1.590000e+002  2.486003e-001  0.000000e+000
 1.595000e+002  2.303808e-001  0.000000e+000
 1.600000e+002  2.441121e-001  0.000000e+000
 1.605000e+002  2.638648e-001  0.000000e+000
 1.610000e+002  2.289967e-001  0.000000e+000
 1.615000e+002  2.246382e-001  0.000000e+000
 1.620000e+002  2.415372e-001  0.000000e+000
 1.625000e+002  2.472456e-001  0.000000e+000
 1.630000e+002  2.374115e-001  0.000000e+000
 1.635000e+002  2.008152e-001  0.000000e+000
 1.640000e+002  1.710972e-001  0.000000e+000
 1.645000e+002  1.836734e-001  0.000000e+000
 1.650000e+002  8.693448e-002  0.000000e+000
 1.655000e+002  1.005539e-001  0.000000e+000
 1.660000e+002  1.034551e-001  0.000000e+000
 1.665000e+002  9.323385e-002  0.000000e+000
 1.670000e+002  1.020730e-001  0.000000e+000
 1.675000e+002  9.691242e-002  0.000000e+000
 1.680000e+002  9.386148e-002  0.000000e+000
 1.685000e+002  1.439257e-001  0.000000e+000
 1.690000e+002  9.824529e-002  0.000000e+000
 1.695000e+002  9.538449e-002  0.000000e+000
 1.700000e+002  8.724387e-002  0.000000e+000
 1.705000e+002  1.336918e-001  0.000000e+000
 1.710000e+002  1.311920e-001  0.000000e+000
 1.715000e+002  1.432613e-001  0.000000e+000
 1.720000e+002  1.380545e-001  0.000000e+000
 1.725000e+002  1.320326e-001  0.000000e+000
 1.730000e+002  1.298866e-001  0.000000e+000
 1.735000e+002  1.022794e-001  0.000000e+000
 1.740000e+002  1.568255e-001  0.000000e+000
 1.745000e+002  1.531100e-001  0.000000e+000
 1.750000e+002  1.055823e-001  0.000000e+000
 1.755000e+002  1.376136e-001  0.000000e+000
 1.760000e+002  1.650503e-001  0.000000e+000
 1.765000e+002  1.275785e-001  0.000000e+000
 1.770000e+002  1.243185e-001  0.000000e+000
 1.775000e+002  1.305938e-001  0.000000e+000
 1.780000e+002  1.343030e-001  0.000000e+000
 1.785000e+002  1.442839e-001  0.000000e+000
 1.790000e+002  1.389976e-001  0.000000e+000
 1.795000e+002  1.436074e-001  0.000000e+000
 1.800000e+002  1.115910e-001  0.000000e+000
 1.805000e+002  3.169269e-002  0.000000e+000
 1.810000e+002  7.237732e-002  0.000000e+000
 1.815000e+002  5.600859e-002  0.000000e+000
 1.820000e+002  1.022537e-001  0.000000e+000
 1.825000e+002  1.043132e-001  0.000000e+000
 1.830000e+002  1.125581e-001  0.000000e+000
 1.835000e+002  8.557063e-002  0.000000e+000
 1.840000e+002  1.436506e-001  0.000000e+000
 1.845000e+002  1.276900e-001  0.000000e+000
 1.850000e+002  1.098657e-001  0.000000e+000
 1.855000e+002  9.868826e-002  0.000000e+000
 1.860000e+002  1.077803e-001  0.000000e+000
 1.865000e+002  9.249197e-002  0.000000e+000
 1.870000e+002  1.182762e-001  0.000000e+000
 1.875000e+002  1.265722e-001  0.000000e+000
 1.880000e+002  8.305446e-002  0.000000e+000
 1.885000e+002  9.855970e-002  0.000000e+000
 1.890000e+002  8.442719e-002  0.000000e+000
 1.895000e+002  5.323087e-002  0.000000e+000
 1.900000e+002  8.377997e-002  0.000000e+000
 1.905000e+002  7.346369e-002  0.000000e+000
 1.910000e+002  9.168490e-002  0.000000e+000
 1.915000e+002  5.455458e-002  0.000000e+000
 1.920000e+002  6.532359e-002  0.000000e+000
 1.925000e+002  6.917338e-002  0.000000e+000
 1.930000e+002  5.967107e-002  0.000000e+000
 1.935000e+002  3.254763e-002  0.000000e+000
 1.940000e+002  8.837130e-003  0.000000e+000
 1.945000e+002  3.904304e-002  0.000000e+000
 1.950000e+002  2.340519e-002  0.000000e+000
 1.955000e+002  2.519341e-002  0.000000e+000
 1.960000e+002  2.542859e-002  0.000000e+000
 1.965000e+002  6.249646e-002  0.000000e+000
 1.970000e+002  4.708463e-002  0.000000e+000
 1.975000e+002  6.132839e-002  0.000000e+000
 1.980000e+002  6.243117e-002  0.000000e+000
 1.985000e+002  5.443484e-002  0.000000e+000
 1.990000e+002  6.805579e-002  0.000000e+000
 1.995000e+002  3.171526e-002  0.000000e+000
 2.000000e+002  5.207454e-002  0.000000e+000
 2.005000e+002  8.948990e-002  0.000000e+000
 2.010000e+002  5.388169e-002  0.000000e+000
 2.015000e+002  6.519986e-002  0.000000e+000
 2.020000e+002  8.076213e-002  0.000000e+000
 2.025000e+002  7.824997e-002  0.000000e+000
 2.030000e+002  3.682346e-002  0.000000e+000
 2.035000e+002  5.153033e-002  0.000000e+000
 2.040000e+002  7.852907e-002  0.000000e+000
 2.045000e+002  7.496202e-002  0.000000e+000
 2.050000e+002  4.207182e-002  0.000000e+000
 2.055000e+002  5.136234e-002  0.000000e+000
 2.060000e+002  6.871523e-002  0.000000e+000
 2.065000e+002  7.622782e-002  0.000000e+000
 2.070000e+002  6.569473e-002  0.000000e+000
 2.075000e+002  6.340142e-002  0.000000e+000
 2.080000e+002  5.892428e-002  0.000000e+000
 2.085000e+002  8.307895e-002  0.000000e+000
 2.090000e+002  9.732303e-002  0.000000e+000
 2.095000e+002  1.047395e-001  0.000000e+000
 2.100000e+002  4.510226e-002  0.000000e+000
 2.105000e+002  9.159080e-003  0.000000e+000
 2.110000e+002  1.111013e-002  0.000000e+000
 2.115000e+002  1.813565e-002  0.000000e+000
 2.120000e+002  2.164847e-003  0.000000e+000
 2.125000e+002  9.830957e-003  0.000000e+000
 2.130000e+002  1.442709e-002  0.000000e+000
 2.135000e+002  2.072895e-002  0.000000e+000
 2.140000e+002  1.021061e-002  0.000000e+000
 2.145000e+002  1.295189e-002  0.000000e+000
 2.150000e+002  2.245614e-002  0.000000e+000
 2.155000e+002  1.766534e-002  0.000000e+000
 2.160000e+002  3.048833e-002  0.000000e+000
 2.165000e+002  8.866319e-003  0.000000e+000
 2.170000e+002  1.287503e-002  0.000000e+000
 2.175000e+002  1.746672e-002  0.000000e+000
 2.180000e+002  1.316881e-002  0.000000e+000
 2.185000e+002  6.494142e-002  0.000000e+000
 2.190000e+002  2.612918e-002  0.000000e+000
 2.195000e+002  5.586946e-002  0.000000e+000
 2.200000e+002  1.409419e-002  0.000000e+000
 2.205000e+002  3.256408e-002  0.000000e+000
 2.210000e+002  6.047661e-002  0.000000e+000
 2.215000e+002  1.131765e-002  0.000000e+000
 2.220000e+002  6.859800e-002  0.000000e+000
 2.225000e+002  1.542754e-002  0.000000e+000
 2.230000e+002  3.931573e-003  0.000000e+000
 2.235000e+002  2.210360e-002  0.000000e+000
 2.240000e+002  2.240844e-003  0.000000e+000
 2.245000e+002  2.038843e-002  0.000000e+000
 2.250000e+002  6.067256e-002  0.000000e+000
 2.255000e+002  8.203948e-002  0.000000e+000
 2.260000e+002  1.030051e-001  0.000000e+000
 2.265000e+002  7.663199e-002  0.000000e+000
 2.270000e+002  8.570909e-002  0.000000e+000
 2.275000e+002  8.589809e-002  0.000000e+000
 2.280000e+002  8.436234e-002  0.000000e+000
 2.285000e+002  4.412892e-002  0.000000e+000
 2.290000e+002  9.970428e-002  0.000000e+000
 2.295000e+002  8.570243e-002  0.000000e+000
 2.300000e+002  8.934780e-002  0.000000e+000
 2.305000e+002  1.400853e-001  0.000000e+000
 2.310000e+002  9.687159e-002  0.000000e+000
 2.315000e+002  1.399866e-001  0.000000e+000
 2.320000e+002  9.871974e-002  0.000000e+000
 2.325000e+002  2.088503e-001  0.000000e+000
 2.330000e+002  1.348209e-001  0.000000e+000
 2.335000e+002  1.288261e-001  0.000000e+000
 2.340000e+002  2.114103e-001  0.000000e+000
 2.345000e+002  1.937737e-001  0.000000e+000
 2.350000e+002  1.231535e-001  0.000000e+000
 2.355000e+002  3.677385e-001  0.000000e+000
 2.360000e+002  2.086209e-001  0.000000e+000
 2.365000e+002  2.640484e-001  0.000000e+000
 2.370000e+002  2.697594e-001  0.000000e+000
 2.375000e+002  3.791659e-001  0.000000e+000
 2.380000e+002  1.761896e-001  0.000000e+000
 2.385000e+002  2.963234e-001  0.000000e+000
 2.390000e+002  3.161523e-001  0.000000e+000
 2.395000e+002  7.795490e-002  0.000000e+000
 2.400000e+002  1.072379e-001  0.000000e+000
 2.405000e+002  6.966799e-002  0.000000e+000
 2.410000e+002  5.986397e-003  0.000000e+000
 2.415000e+002  1.995740e-003  0.000000e+000
 2.420000e+002  2.849910e-002  0.000000e+000
 2.425000e+002  3.117897e-002  0.000000e+000
 2.430000e+002  2.181638e-002  0.000000e+000
 2.435000e+002  9.967116e-002  0.000000e+000
 2.440000e+002  4.449266e-002  0.000000e+000
 2.445000e+002  6.944860e-002  0.000000e+000
 2.450000e+002  5.979561e-002  0.000000e+000
 2.455000e+002  7.593346e-002  0.000000e+000
 2.460000e+002  9.957579e-002  0.000000e+000
 2.465000e+002  1.773805e-001  0.000000e+000
 2.470000e+002  2.342240e-001  0.000000e+000
 2.475000e+002  1.017356e-001  0.000000e+000
 2.480000e+002  2.148180e-001  0.000000e+000
 2.485000e+002  2.920685e-001  0.000000e+000
 2.490000e+002  1.615559e-001  0.000000e+000
 2.495000e+002  2.100495e-001  0.000000e+000
 2.500000e+002  4.830046e-002  0.000000e+000
 2.505000e+002  2.121667e-001  0.000000e+000
 2.510000e+002  1.445767e-001  0.000000e+000
 2.515000e+002  1.064386e-001  0.000000e+000
 2.520000e+002  3.174273e-002  0.000000e+000
 2.525000e+002  1.562493e-001  0.000000e+000
 2.530000e+002  2.792123e-002  0.000000e+000
 2.535000e+002  4.270035e-002  0.000000e+000
 2.540000e+002  2.754780e-002  0.000000e+000
 2.545000e+002  3.174955e-002  0.000000e+000
 2.550000e+002  4.374665e-002  0.000000e+000
 2.555000e+002  7.019348e-002  0.000000e+000
 2.560000e+002  5.145226e-002  0.000000e+000
 2.565000e+002  6.285212e-003  0.000000e+000
 2.570000e+002  2.528912e-002  0.000000e+000
 2.575000e+002  1.006039e-002  0.000000e+000
 2.580000e+002  8.619308e-003  0.000000e+000
 2.585000e+002  2.738612e-003  0.000000e+000
 2.590000e+002  2.995667e-002  0.000000e+000
 2.595000e+002  1.337827e-002  0.000000e+000
 2.600000e+002  2.561653e-003  0.000000e+000
 2.605000e+002  1.212010e-002  0.000000e+000
 2.610000e+002  3.215254e-002  0.000000e+000
 2.615000e+002  2.436033e-002  0.000000e+000
 2.620000e+002  2.676879e-002  0.000000e+000
 2.625000e+002  8.348565e-003  0.000000e+000
 2.630000e+002  1.894724e-002  0.000000e+000
 2.635000e+002  2.538662e-002  0.000000e+000
 2.640000e+002  5.859561e-002  0.000000e+000
 2.645000e+002  1.028824e-002  0.000000e+000
 2.650000e+002  1.088821e-002  0.000000e+000
 2.655000e+002  5.986522e-003  0.000000e+000
 2.660000e+002  2.793132e-002  0.000000e+000
 2.665000e+002  3.377015e-002  0.000000e+000
 2.670000e+002  1.609259e-002  0.000000e+000
 2.675000e+002  6.817304e-003  0.000000e+000
 2.680000e+002  1.217977e-001  0.000000e+000
 2.685000e+002  6.092230e-002  0.000000e+000
 2.690000e+002  9.117899e-002  0.000000e+000
 2.695000e+002  5.804808e-002  0.000000e+000
 2.700000e+002  9.778351e-003  0.000000e+000
 2.705000e+002  3.494160e-003  0.000000e+000
 2.710000e+002  4.146288e-002  0.000000e+000
 2.715000e+002  1.285288e-001  0.000000e+000
 2.720000e+002  3.471722e-002  0.000000e+000
 2.725000e+002  7.922713e-002  0.000000e+000
 2.730000e+002  4.868136e-002  0.000000e+000
 2.735000e+002  1.161676e-001  0.000000e+000
 2.740000e+002  9.096810e-002  0.000000e+000
 2.745000e+002  7.409923e-002  0.000000e+000
 2.750000e+002  8.992990e-002  0.000000e+000
 2.755000e+002  1.245240e-001  0.000000e+000
 2.760000e+002  8.154963e-002  0.000000e+000
 2.765000e+002  1.302484e-001  0.000000e+000
 2.770000e+002  5.999846e-002  0.000000e+000
 2.775000e+002  1.050312e-001  0.000000e+000
 2.780000e+002  7.762975e-002  0.000000e+000
 2.785000e+002  5.598431e-002  0.000000e+000
 2.790000e+002  7.387414e-002  0.000000e+000
 2.795000e+002  1.289101e-001  0.000000e+000
 2.800000e+002  2.108316e-001  0.000000e+000
 2.805000e+002  2.015600e-001  0.000000e+000
 2.810000e+002  1.287440e-001  0.000000e+000
 2.815000e+002  1.838275e-001  0.000000e+000
 2.820000e+002  1.038366e-001  0.000000e+000
 2.825000e+002  8.388675e-002  0.000000e+000
 2.830000e+002  9.001396e-002  0.000000e+000
 2.835000e+002  1.860076e-001  0.000000e+000
 2.840000e+002  5.959770e-002  0.000000e+000
 2.845000e+002  2.567302e-002  0.000000e+000
 2.850000e+002  2.276616e-001  0.000000e+000
 2.855000e+002  1.248223e-002  0.000000e+000
 2.860000e+002  2.884791e-002  0.000000e+000
 2.865000e+002  1.531680e-001  0.000000e+000
 2.870000e+002  7.659367e-002  0.000000e+000
 2.875000e+002  2.875123e-001  0.000000e+000
 2.880000e+002  1.841828e-001  0.000000e+000
 2.885000e+002  1.780438e-001  0.000000e+000
 2.890000e+002  1.673371e-001  0.000000e+000
 2.895000e+002  1.639950e-001  0.000000e+000
 2.900000e+002  8.647735e-002  0.000000e+000
 2.905000e+002  1.395380e-001  0.000000e+000
 2.910000e+002  1.544854e-001  0.000000e+000
 2.915000e+002  1.577232e-001  0.000000e+000
 2.920000e+002  2.452640e-001  0.000000e+000
 2.925000e+002  2.354935e-001  0.000000e+000
 2.930000e+002  1.745035e-001  0.000000e+000
 2.935000e+002  1.111618e-001  0.000000e+000
 2.940000e+002  3.244621e-001  0.000000e+000
 2.945000e+002  2.253464e-001  0.000000e+000
 2.950000e+002  1.487640e-001  0.000000e+000
 2.955000e+002  1.940350e-001  0.000000e+000
 2.960000e+002  2.163023e-001  0.000000e+000
 2.965000e+002  8.765293e-002  0.000000e+000
 2.970000e+002  1.618999e-001  0.000000e+000
 2.975000e+002  7.397825e-002  0.000000e+000
 2.980000e+002  9.482404e-002  0.000000e+000
 2.985000e+002  1.058418e-001  0.000000e+000
 2.990000e+002  6.246990e-003  0.000000e+000
 2.995000e+002  4.291697e-002  0.000000e+000
 3.000000e+002  2.329926e-001  0.000000e+000
 3.005000e+002  2.950392e-001  0.000000e+000
 3.010000e+002  2.604192e-001  0.000000e+000
 3.015000e+002  2.641609e-001  0.000000e+000
 3.020000e+002  3.406310e-001  0.000000e+000
 3.025000e+002  2.444846e-001  0.000000e+000
 3.030000e+002  2.042534e-001  0.000000e+000
 3.035000e+002  3.267453e-001  0.000000e+000
 3.040000e+002  2.575338e-001  0.000000e+000
 3.045000e+002  3.284352e-001  0.000000e+000
 3.050000e+002  4.108432e-001  0.000000e+000
 3.055000e+002  2.424472e-001  0.000000e+000
 3.060000e+002  1.786730e-001  0.000000e+000
 3.065000e+002  4.190460e-001  0.000000e+000
 3.070000e+002  2.983803e-001  0.000000e+000
 3.075000e+002  3.565124e-001  0.000000e+000
 3.080000e+002  2.827301e-001  0.000000e+000
 3.085000e+002  3.666514e-001  0.000000e+000
 3.090000e+002  3.532709e-001  0.000000e+000
 3.095000e+002  2.540122e-001  0.000000e+000
 3.100000e+002  4.115605e-001  0.000000e+000
 3.105000e+002  3.469105e-001  0.000000e+000
 3.110000e+002  4.218548e-001  0.000000e+000
 3.115000e+002  4.443732e-001  0.000000e+000
 3.120000e+002  3.467672e-001  0.000000e+000
 3.125000e+002  3.569853e-001  0.000000e+000
 3.130000e+002  3.231889e-001  0.000000e+000
 3.135000e+002  3.278677e-001  0.000000e+000
 3.140000e+002  1.383005e-001  0.000000e+000
 3.145000e+002  1.731128e-001  0.000000e+000
 3.150000e+002  4.300030e-001  0.000000e+000
 3.155000e+002  2.132378e-001  0.000000e+000
 3.160000e+002  3.890814e-001  0.000000e+000
 3.165000e+002  3.741244e-001  0.000000e+000
 3.170000e+002  5.015897e-001  0.000000e+000
 3.175000e+002  4.823245e-001  0.000000e+000
 3.180000e+002  5.731825e-001  0.000000e+000
 3.185000e+002  5.447699e-001  0.000000e+000
 3.190000e+002  4.506080e-001  0.000000e+000
 3.195000e+002  4.312187e-001  0.000000e+000
 3.200000e+002  5.313137e-001  0.000000e+000
 3.205000e+002  4.945422e-001  0.000000e+000
 3.210000e+002  4.868847e-001  0.000000e+000
 3.215000e+002  5.455508e-001  0.000000e+000
 3.220000e+002  5.394663e-001  0.000000e+000
 3.225000e+002  5.688989e-001  0.000000e+000
 3.230000e+002  4.026546e-001  0.000000e+000
 3.235000e+002  6.133847e-001  0.000000e+000
 3.240000e+002  4.782104e-001  0.000000e+000
 3.245000e+002  6.213477e-001  0.000000e+000
 3.250000e+002  4.140322e-001  0.000000e+000
 3.255000e+002  4.002989e-001  0.000000e+000
 3.260000e+002  5.671021e-001  0.000000e+000
 3.265000e+002  4.541786e-001  0.000000e+000
 3.270000e+002  4.700788e-001  0.000000e+000
 3.275000e+002  4.533559e-001  0.000000e+000
 3.280000e+002  4.052615e-001  0.000000e+000
 3.285000e+002  3.564971e-001  0.000000e+000
 3.290000e+002  1.790702e-001  0.000000e+000
 3.295000e+002  1.703640e-001  0.000000e+000
 3.300000e+002  2.641998e-001  0.000000e+000
 3.305000e+002  4.739546e-001  0.000000e+000
 3.310000e+002  2.834933e-001  0.000000e+000
 3.315000e+002  3.347552e-001  0.000000e+000
 3.320000e+002  3.415222e-001  0.000000e+000
 3.325000e+002  3.530412e-001  0.000000e+000
 3.330000e+002  1.653807e-001  0.000000e+000
 3.335000e+002  2.365673e-001  0.000000e+000
 3.340000e+002  1.726759e-001  0.000000e+000
 3.345000e+002  1.898463e-001  0.000000e+000
 3.350000e+002  1.027059e-001  0.000000e+000
 3.355000e+002  8.747373e-002  0.000000e+000
 3.360000e+002  1.141880e-001  0.000000e+000
 3.365000e+002  1.015385e-001  0.000000e+000
 3.370000e+002  1.082149e-001  0.000000e+000
 3.375000e+002  9.190231e-002  0.000000e+000
 3.380000e+002  4.370799e-002  0.000000e+000
 3.385000e+002  1.111084e-001  0.000000e+000
 3.390000e+002  4.023573e-002  0.000000e+000
 3.395000e+002  1.209618e-001  0.000000e+000
 3.400000e+002  7.537583e-002  0.000000e+000
 3.405000e+002  6.268604e-002  0.000000e+000
 3.410000e+002  1.440278e-001  0.000000e+000
 3.415000e+002  4.611829e-002  0.000000e+000
 3.420000e+002  4.240141e-002  0.000000e+000
 3.425000e+002  1.616259e-002  0.000000e+000
 3.430000e+002  8.603630e-002  0.000000e+000
 3.435000e+002  3.888318e-002  0.000000e+000
 3.440000e+002  4.752730e-002  0.000000e+000
 3.445000e+002  3.148429e-002  0.000000e+000
 3.450000e+002  3.324114e-002  0.000000e+000
 3.455000e+002  2.355193e-002  0.000000e+000
 3.460000e+002  1.898612e-001  0.000000e+000
 3.465000e+002  2.821750e-002  0.000000e+000
 3.470000e+002  7.029434e-002  0.000000e+000
 3.475000e+002  2.085925e-002  0.000000e+000
 3.480000e+002  9.937051e-002  0.000000e+000
 3.485000e+002  1.139318e-001  0.000000e+000
 3.490000e+002  5.563379e-003  0.000000e+000
 3.495000e+002  3.418849e-002  0.000000e+000
 3.500000e+002  6.557115e-002  0.000000e+000
 3.505000e+002  1.070989e-001  0.000000e+000
 3.510000e+002  9.970387e-002  0.000000e+000
 3.515000e+002  7.119752e-002  0.000000e+000
 3.520000e+002  4.867531e-002  0.000000e+000
 3.525000e+002  7.735802e-003  0.000000e+000
 3.530000e+002  3.091090e-002  0.000000e+000
 3.535000e+002  2.206948e-002  0.000000e+000
 3.540000e+002  6.912009e-002  0.000000e+000
 3.545000e+002  2.414822e-001  0.000000e+000
 3.550000e+002  8.693862e-002  0.000000e+000
 3.555000e+002  5.954053e-002  0.000000e+000
 3.560000e+002  3.237924e-002  0.000000e+000
 3.565000e+002  3.699393e-002  0.000000e+000
 3.570000e+002  7.514488e-002  0.000000e+000
 3.575000e+002  5.203326e-002  0.000000e+000
 3.580000e+002  3.193305e-003  0.000000e+000
 3.585000e+002  1.293847e-002  0.000000e+000
 3.590000e+002  2.371048e-002  0.000000e+000
 3.595000e+002  6.469618e-003  0.000000e+000
 3.600000e+002  2.469552e-002  0.000000e+000
 3.605000e+002  3.724127e-002  0.000000e+000
 3.610000e+002  8.330156e-002  0.000000e+000
 3.615000e+002  9.368375e-002  0.000000e+000
 3.620000e+002  1.269925e-001  0.000000e+000
 3.625000e+002  1.008654e-001  0.000000e+000
 3.630000e+002  1.247722e-001  0.000000e+000
 3.635000e+002  8.776749e-002  0.000000e+000
 3.640000e+002  8.381690e-003  0.000000e+000
 3.645000e+002  1.070268e-001  0.000000e+000
 3.650000e+002  5.307968e-002  0.000000e+000
 3.655000e+002  1.503739e-002  0.000000e+000
 3.660000e+002  2.833697e-003  0.000000e+000
 3.665000e+002  2.359482e-003  0.000000e+000
 3.670000e+002  1.485107e-001  0.000000e+000
 3.675000e+002  1.050085e-001  0.000000e+000
 3.680000e+002  2.285135e-001  0.000000e+000
 3.685000e+002  2.536977e-002  0.000000e+000
 3.690000e+002  1.613579e-002  0.000000e+000
 3.695000e+002  1.303521e-001  0.000000e+000
 3.700000e+002  1.945583e-002  0.000000e+000
 3.705000e+002  9.068505e-002  0.000000e+000
 3.710000e+002  2.287480e-002  0.000000e+000
 3.715000e+002  9.316569e-002  0.000000e+000
 3.720000e+002  7.251076e-002  0.000000e+000
 3.725000e+002  3.998350e-002  0.000000e+000
 3.730000e+002  6.651653e-002  0.000000e+000
 3.735000e+002  2.590401e-002  0.000000e+000
 3.740000e+002  6.435003e-002  0.000000e+000
 3.745000e+002  8.210801e-002  0.000000e+000
 3.750000e+002  1.477808e-002  0.000000e+000
 3.755000e+002  6.922220e-002  0.000000e+000
 3.760000e+002  6.547494e-003  0.000000e+000
 3.765000e+002  5.248123e-002  0.000000e+000
 3.770000e+002  1.955164e-002  0.000000e+000
 3.775000e+002  1.035714e-002  0.000000e+000
 3.780000e+002  6.793752e-002  0.000000e+000
 3.785000e+002  1.729925e-003  0.000000e+000
 3.790000e+002  1.691497e-002  0.000000e+000
 3.795000e+002  3.117614e-003  0.000000e+000
 3.800000e+002  5.112207e-002  0.000000e+000
 3.805000e+002  7.643152e-003  0.000000e+000
 3.810000e+002  1.111950e-002  0.000000e+000
 3.815000e+002  1.073199e-002  0.000000e+000
 3.820000e+002  2.642648e-002  0.000000e+000
 3.825000e+002  7.527478e-002  0.000000e+000
 3.830000e+002  1.823079e-002  0.000000e+000
 3.835000e+002  1.347024e-001  0.000000e+000
 3.840000e+002  1.210439e-001  0.000000e+000
 3.845000e+002  1.507290e-001  0.000000e+000
 3.850000e+002  3.776789e-002  0.000000e+000
 3.855000e+002  5.600273e-002  0.000000e+000
 3.860000e+002  7.758791e-002  0.000000e+000
 3.865000e+002  1.867437e-002  0.000000e+000
 3.870000e+002  5.260761e-002  0.000000e+000
 3.875000e+002  1.708318e-001  0.000000e+000
 3.880000e+002  1.059331e-001  0.000000e+000
 3.885000e+002  1.955181e-002  0.000000e+000
 3.890000e+002  2.513432e-002  0.000000e+000
 3.895000e+002  3.311114e-002  0.000000e+000
 3.900000e+002  2.670928e-003  0.000000e+000
 3.905000e+002  8.855036e-003  0.000000e+000
 3.910000e+002  3.046411e-002  0.000000e+000
 3.915000e+002  1.571290e-002  0.000000e+000
 3.920000e+002  6.440426e-002  0.000000e+000
 3.925000e+002  6.477883e-002  0.000000e+000
 3.930000e+002  3.332933e-002  0.000000e+000
 3.935000e+002  2.222913e-002  0.000000e+000
 3.940000e+002  8.235382e-002  0.000000e+000
 3.945000e+002  2.872391e-002  0.000000e+000
 3.950000e+002  1.182180e-002  0.000000e+000
 3.955000e+002  3.286235e-002  0.000000e+000
 3.960000e+002  2.799232e-003  0.000000e+000
 3.965000e+002  8.953835e-002  0.000000e+000
 3.970000e+002  1.091520e-001  0.000000e+000
 3.975000e+002  2.705669e-002  0.000000e+000
 3.980000e+002  6.997775e-002  0.000000e+000
 3.985000e+002  3.669239e-002  0.000000e+000
 3.990000e+002  1.824510e-002  0.000000e+000
 3.995000e+002  2.691577e-003  0.000000e+000
 4.000000e+002  9.442077e-003  0.000000e+000
 4.005000e+002  9.915548e-004  0.000000e+000
 4.010000e+002  5.802247e-002  0.000000e+000
 4.015000e+002  6.490570e-002  0.000000e+000
 4.020000e+002  5.225570e-005  0.000000e+000
 4.025000e+002  4.469920e-003  0.000000e+000
 4.030000e+002  4.607175e-002  0.000000e+000
 4.035000e+002  2.382987e-001  0.000000e+000
 4.040000e+002  5.344421e-002  0.000000e+000
 4.045000e+002  1.295466e-002  0.000000e+000
 4.050000e+002  3.959554e-002  0.000000e+000
 4.055000e+002  6.619009e-002  0.000000e+000
 4.060000e+002  2.483377e-002  0.000000e+000
 4.065000e+002  5.539148e-002  0.000000e+000
 4.070000e+002  4.083408e-002  0.000000e+000
 4.075000e+002  2.003032e-002  0.000000e+000
 4.080000e+002  3.844792e-002  0.000000e+000
 4.085000e+002  2.023472e-002  0.000000e+000
 4.090000e+002  2.077519e-002  0.000000e+000
 4.095000e+002  6.954607e-002  0.000000e+000
 4.100000e+002  6.296980e-002  0.000000e+000
 4.105000e+002  5.254977e-003  0.000000e+000
 4.110000e+002  1.009323e-001  0.000000e+000
 4.115000e+002  5.428061e-005  0.000000e+000
 4.120000e+002  4.536679e-002  0.000000e+000
 4.125000e+002  3.504239e-002  0.000000e+000
 4.130000e+002  7.146406e-003  0.000000e+000
 4.135000e+002  7.363760e-002  0.000000e+000
 4.140000e+002  4.477865e-002  0.000000e+000
 4.145000e+002  5.173381e-002  0.000000e+000
 4.150000e+002  5.558687e-002  0.000000e+000
 4.155000e+002  9.933927e-002  0.000000e+000
 4.160000e+002  7.607879e-003  0.000000e+000
 4.165000e+002  2.200914e-002  0.000000e+000
 4.170000e+002  1.092471e-002  0.000000e+000
 4.175000e+002  3.115815e-002  0.000000e+000
 4.180000e+002  1.078434e-002  0.000000e+000
 4.185000e+002  3.428226e-002  0.000000e+000
 4.190000e+002  7.458613e-002  0.000000e+000
 4.195000e+002  7.008007e-002  0.000000e+000
 4.200000e+002  2.116907e-002  0.000000e+000
 4.205000e+002  3.215367e-002  0.000000e+000
 4.210000e+002  3.918977e-004  0.000000e+000
 4.215000e+002  2.469187e-003  0.000000e+000
 4.220000e+002  6.934319e-002  0.000000e+000
 4.225000e+002  7.443482e-003  0.000000e+000
 4.230000e+002  6.918930e-002  0.000000e+000
 4.235000e+002  1.432407e-002  0.000000e+000
 4.240000e+002  9.217317e-002  0.000000e+000
 4.245000e+002  3.773531e-002  0.000000e+000
 4.250000e+002  5.348360e-002  0.000000e+000
 4.255000e+002  4.362399e-002  0.000000e+000
 4.260000e+002  3.297510e-004  0.000000e+000
 4.265000e+002  3.469509e-002  0.000000e+000
 4.270000e+002  3.646342e-002  0.000000e+000
 4.275000e+002  1.547204e-001  0.000000e+000
 4.280000e+002  5.294979e-002  0.000000e+000
 4.285000e+002  6.368745e-002  0.000000e+000
 4.290000e+002  1.808728e-003  0.000000e+000
 4.295000e+002  3.486783e-002  0.000000e+000
 4.300000e+002  6.419434e-002  0.000000e+000
 4.305000e+002  7.607792e-002  0.000000e+000
 4.310000e+002  2.315805e-002  0.000000e+000
 4.315000e+002  5.630012e-003  0.000000e+000
 4.320000e+002  4.613105e-002  0.000000e+000
 4.325000e+002  7.293218e-002  0.000000e+000
 4.330000e+002  1.192234e-001  0.000000e+000
 4.335000e+002  5.620444e-003  0.000000e+000
 4.340000e+002  1.402719e-002  0.000000e+000
 4.345000e+002  3.479981e-002  0.000000e+000
 4.350000e+002  2.985803e-003  0.000000e+000
 4.355000e+002  4.315378e-002  0.000000e+000
 4.360000e+002  9.048584e-002  0.000000e+000
 4.365000e+002  3.564233e-002  0.000000e+000
 4.370000e+002  3.892075e-002  0.000000e+000
 4.375000e+002  6.611029e-002  0.000000e+000
 4.380000e+002  1.300888e-001  0.000000e+000
 4.385000e+002  3.545772e-002  0.000000e+000
 4.390000e+002  1.784927e-002  0.000000e+000
 4.395000e+002  3.413953e-002  0.000000e+000
 4.400000e+002  2.136120e-002  0.000000e+000
 4.405000e+002  4.573425e-003  0.000000e+000
 4.410000e+002  1.111745e-001  0.000000e+000
 4.415000e+002  1.527398e-003  0.000000e+000
 4.420000e+002  2.042463e-002  0.000000e+000
 4.425000e+002  2.348341e-002  0.000000e+000
 4.430000e+002  6.708374e-003  0.000000e+000
 4.435000e+002  1.263236e-001  0.000000e+000
 4.440000e+002  7.464452e-003  0.000000e+000
 4.445000e+002  1.148085e-001  0.000000e+000
 4.450000e+002  4.817758e-003  0.000000e+000
 4.455000e+002  2.300323e-003  0.000000e+000
 4.460000e+002  4.605123e-002  0.000000e+000
 4.465000e+002  9.703581e-003  0.000000e+000
 4.470000e+002  4.455062e-002  0.000000e+000
 4.475000e+002  1.832341e-002  0.000000e+000
 4.480000e+002  3.739374e-002  0.000000e+000
 4.485000e+002  2.876550e-002  0.000000e+000
 4.490000e+002  1.862695e-002  0.000000e+000
 4.495000e+002  8.373105e-003  0.000000e+000
 4.500000e+002  1.313064e-001  0.000000e+000
 4.505000e+002  6.217630e-002  0.000000e+000
 4.510000e+002  7.107633e-002  0.000000e+000
 4.515000e+002  5.140862e-002  0.000000e+000
 4.520000e+002  4.441438e-003  0.000000e+000
 4.525000e+002  2.996094e-002  0.000000e+000
 4.530000e+002  2.439506e-002  0.000000e+000
 4.535000e+002  1.140457e-002  0.000000e+000
 4.540000e+002  3.037280e-002  0.000000e+000
 4.545000e+002  1.833209e-002  0.000000e+000
 4.550000e+002  2.073592e-002  0.000000e+000
 4.555000e+002  2.038240e-002  0.000000e+000
 4.560000e+002  3.304473e-002  0.000000e+000
 4.565000e+002  1.636087e-002  0.000000e+000
 4.570000e+002  9.035185e-002  0.000000e+000
 4.575000e+002  2.000140e-002  0.000000e+000
 4.580000e+002  4.463208e-002  0.000000e+000
 4.585000e+002  1.590188e-003  0.000000e+000
 4.590000e+002  7.443640e-002  0.000000e+000
 4.595000e+002  1.054470e-001  0.000000e+000
 4.600000e+002  6.478384e-003  0.000000e+000
 4.605000e+002  6.911972e-002  0.000000e+000
 4.610000e+002  3.791299e-002  0.000000e+000
 4.615000e+002  1.442087e-002  0.000000e+000
 4.620000e+002  1.165876e-002  0.000000e+000
 4.625000e+002  2.924836e-002  0.000000e+000
 4.630000e+002  6.267392e-002  0.000000e+000
 4.635000e+002  1.649628e-001  0.000000e+000
 4.640000e+002  4.452508e-002  0.000000e+000
 4.645000e+002  2.786020e-003  0.000000e+000
 4.650000e+002  3.016201e-002  0.000000e+000
 4.655000e+002  5.514386e-002  0.000000e+000
 4.660000e+002  3.962563e-002  0.000000e+000
 4.665000e+002  1.371437e-002  0.000000e+000
 4.670000e+002  5.981110e-002  0.000000e+000
 4.675000e+002  1.783895e-002  0.000000e+000
 4.680000e+002  1.460969e-002  0.000000e+000
 4.685000e+002  1.612537e-002  0.000000e+000
 4.690000e+002  8.302258e-002  0.000000e+000
 4.695000e+002  3.565917e-003  0.000000e+000
 4.700000e+002  2.009467e-003  0.000000e+000
 4.705000e+002  1.740137e-002  0.000000e+000
 4.710000e+002  6.931731e-003  0.000000e+000
 4.715000e+002  3.660825e-002  0.000000e+000
 4.720000e+002  2.522217e-002  0.000000e+000
 4.725000e+002  8.155318e-002  0.000000e+000
 4.730000e+002  3.412009e-002  0.000000e+000
 4.735000e+002  1.990538e-002  0.000000e+000
 4.740000e+002  6.528883e-002  0.000000e+000
 4.745000e+002  1.075607e-001  0.000000e+000
 4.750000e+002  1.953095e-002  0.000000e+000
 4.755000e+002  3.066821e-002  0.000000e+000
 4.760000e+002  8.990746e-002  0.000000e+000
 4.765000e+002  9.152752e-004  0.000000e+000
 4.770000e+002  9.405363e-002  0.000000e+000
 4.775000e+002  4.590167e-002  0.000000e+000
 4.780000e+002  9.334986e-002  0.000000e+000
 4.785000e+002  2.763792e-002  0.000000e+000
 4.790000e+002  1.610668e-002  0.000000e+000
 4.795000e+002  1.081894e-002  0.000000e+000
 4.800000e+002  8.770561e-004  0.000000e+000
 4.805000e+002  1.608967e-002  0.000000e+000
 4.810000e+002  2.778941e-002  0.000000e+000
 4.815000e+002  6.786025e-002  0.000000e+000
 4.820000e+002  3.398396e-002  0.000000e+000
 4.825000e+002  3.348394e-002  0.000000e+000
 4.830000e+002  1.727951e-002  0.000000e+000
 4.835000e+002  4.231096e-002  0.000000e+000
 4.840000e+002  7.285158e-002  0.000000e+000
 4.845000e+002  6.210298e-002  0.000000e+000
 4.850000e+002  1.120735e-001  0.000000e+000
 4.855000e+002  1.907609e-001  0.000000e+000
 4.860000e+002  1.480401e-002  0.000000e+000
 4.865000e+002  1.591001e-002  0.000000e+000
 4.870000e+002  3.598329e-002  0.000000e+000
 4.875000e+002  2.253547e-002  0.000000e+000
 4.880000e+002  6.670303e-002  0.000000e+000
 4.885000e+002  1.331507e-002  0.000000e+000
 4.890000e+002  1.882685e-002  0.000000e+000
 4.895000e+002  2.501265e-002  0.000000e+000
 4.900000e+002  2.388768e-002  0.000000e+000
 4.905000e+002  4.888038e-002  0.000000e+000
 4.910000e+002  7.567947e-003  0.000000e+000
 4.915000e+002  5.685379e-002  0.000000e+000
 4.920000e+002  1.765917e-002  0.000000e+000
 4.925000e+002  4.246315e-002  0.000000e+000
 4.930000e+002  6.226563e-002  0.000000e+000
 4.935000e+002  8.445839e-002  0.000000e+000
 4.940000e+002  4.752373e-002  0.000000e+000
 4.945000e+002  5.174224e-003  0.000000e+000
 4.950000e+002  1.054803e-001  0.000000e+000
 4.955000e+002  2.131835e-002  0.000000e+000
 4.960000e+002  4.554918e-002  0.000000e+000
 4.965000e+002  8.435514e-002  0.000000e+000
 4.970000e+002  3.865884e-002  0.000000e+000
 4.975000e+002  1.796031e-002  0.000000e+000
 4.980000e+002  3.141946e-002  0.000000e+000
 4.985000e+002  6.297583e-002  0.000000e+000
 4.990000e+002  3.167463e-002  0.000000e+000
 4.995000e+002  6.161196e-002  0.000000e+000
 5.000000e+002  3.359636e-002  0.000000e+000
 5.005000e+002  3.604053e-003  0.000000e+000
 5.010000e+002  9.440365e-002  0.000000e+000
 5.015000e+002  1.981042e-002  0.000000e+000
 5.020000e+002  1.390676e-001  0.000000e+000
 5.025000e+002  4.360359e-002  0.000000e+000
 5.030000e+002  2.976945e-002  0.000000e+000
 5.035000e+002  7.611804e-002  0.000000e+000
 5.040000e+002  4.939900e-002  0.000000e+000
 5.045000e+002  4.460644e-002  0.000000e+000
 5.050000e+002  8.623093e-003  0.000000e+000
 5.055000e+002  6.629211e-002  0.000000e+000
 5.060000e+002  5.802485e-003  0.000000e+000
 5.065000e+002  2.116129e-002  0.000000e+000
 5.070000e+002  4.531029e-002  0.000000e+000
 5.075000e+002  1.120436e-002  0.000000e+000
 5.080000e+002  1.027071e-001  0.000000e+000
 5.085000e+002  4.944875e-003  0.000000e+000
 5.090000e+002  8.174679e-002  0.000000e+000
 5.095000e+002  1.379365e-002  0.000000e+000
 5.100000e+002  4.561102e-002  0.000000e+000
 5.105000e+002  6.899733e-002  0.000000e+000
 5.110000e+002  1.303979e-002  0.000000e+000
 5.115000e+002  7.473588e-002  0.000000e+000
 5.120000e+002  2.521276e-002  0.000000e+000
