 0.000000e+000  5.021588e-008  0.000000e+000
 5.000000e-001 -1.420983e-006 -1.544600e-006
 1.000000e+000 -2.317912e-006 -1.204073e-006
 1.500000e+000 -2.773955e-006 -8.671143e-007
 2.000000e+000 -2.813256e-006 -5.578083e-007
 2.500000e+000 -2.949707e-006 -4.294446e-007
 3.000000e+000 -2.958293e-006 -1.582481e-007
 3.500000e+000 -3.112282e-006 -8.479177e-008
 4.000000e+000 -3.357648e-006  5.573306e-007
 4.500000e+000 -2.883242e-006 -7.791479e-008
 5.000000e+000 -3.049855e-006  6.938591e-008
 5.500000e+000 -3.064422e-006  1.962123e-007
 6.000000e+000 -3.107261e-006  1.932536e-007
 6.500000e+000 -3.235536e-006  4.126041e-007
 7.000000e+000 -3.198394e-006  4.307964e-007
 7.500000e+000 -3.020280e-006  2.903891e-007
 8.000000e+000 -3.430631e-006  7.369148e-007
 8.500000e+000 -3.375825e-006  7.426829e-007
 9.000000e+000 -3.462386e-006  8.830372e-007
 9.500000e+000 -3.402265e-006  1.123833e-006
 1.000000e+001 -3.519355e-006  1.285083e-006
 1.050000e+001 -3.477499e-006  1.427126e-006
 1.100000e+001 -3.581413e-006  1.704748e-006
 1.150000e+001 -3.569405e-006  2.130750e-006
 1.200000e+001 -3.486633e-006  2.584413e-006
 1.250000e+001 -3.593113e-006  3.155245e-006
 1.300000e+001 -3.454366e-006  4.036846e-006
 1.350000e+001 -3.027803e-006  5.549058e-006
 1.400000e+001 -2.136662e-006  8.708424e-006
 1.450000e+001  5.425158e-007  1.853752e-005
 1.500000e+001 -1.261165e-004 -2.586426e-004
 1.550000e+001 -1.350846e-005 -1.651709e-005
 1.600000e+001 -1.030317e-005 -8.781271e-006
 1.650000e+001 -9.508212e-006 -6.076551e-006
 1.700000e+001 -9.792124e-006 -4.790077e-006
 1.750000e+001 -1.028596e-005 -3.978158e-006
 1.800000e+001 -1.099966e-005 -2.575905e-006
 1.850000e+001 -1.201490e-005 -2.863405e-006
 1.900000e+001 -1.331064e-005 -2.587646e-006
 1.950000e+001 -1.530369e-005 -2.247982e-006
 2.000000e+001 -1.836084e-005 -1.862378e-006
 2.050000e+001 -2.387818e-005 -1.056200e-006
 2.100000e+001 -3.213138e-005  2.682704e-007
 2.150000e+001 -5.477882e-005  2.736904e-006
 2.200000e+001 -1.096951e-004  7.516682e-005
 2.250000e+001  1.083281e-004  4.392569e-005
 2.300000e+001  4.375006e-005  6.504049e-006
 2.350000e+001  2.628116e-005  1.796307e-006
 2.400000e+001  1.893970e-005  3.429623e-007
 2.450000e+001  1.495113e-005  4.678041e-008
 2.500000e+001  1.201899e-005 -1.602688e-007
 2.550000e+001  1.001941e-005 -2.526367e-007
 2.600000e+001  8.536170e-006 -5.187762e-007
 2.650000e+001  7.317126e-006 -5.644162e-007
 2.700000e+001  6.473783e-006 -5.257740e-007
 2.750000e+001  5.800459e-006 -5.903767e-007
 2.800000e+001  5.095410e-006 -9.483346e-007
 2.850000e+001  4.555027e-006 -8.872378e-007
 2.900000e+001  4.044382e-006 -1.025756e-006
 2.950000e+001  3.345212e-006 -1.730633e-006
 3.000000e+001  8.971007e-006  6.952785e-006
 3.050000e+001  4.010664e-006  3.622991e-007
 3.100000e+001  3.489374e-006  6.198556e-012
 3.150000e+001  3.185766e-006 -2.457705e-007
 3.200000e+001  2.987935e-006 -2.799430e-007
 3.250000e+001  2.671704e-006 -3.108568e-007
 3.300000e+001  2.494698e-006 -2.714787e-007
 3.350000e+001  2.376540e-006 -3.139615e-007
 3.400000e+001  2.242496e-006 -3.489219e-007
 3.450000e+001  2.068640e-006 -3.360634e-007
 3.500000e+001  1.933007e-006 -3.386810e-007
 3.550000e+001  1.844637e-006 -3.467172e-007
 3.600000e+001  1.790877e-006 -3.238899e-007
 3.650000e+001  1.663483e-006 -3.621697e-007
 3.700000e+001  1.510665e-006 -2.592975e-007
 3.750000e+001  1.537247e-006 -3.549327e-007
 3.800000e+001  1.425502e-006 -3.290738e-007
 3.850000e+001  1.340741e-006 -3.517054e-007
 3.900000e+001  1.276563e-006 -3.462300e-007
 3.950000e+001  1.188407e-006 -3.340333e-007
 4.000000e+001  1.159879e-006 -3.373303e-007
 4.050000e+001  1.075975e-006 -3.770966e-007
 4.100000e+001  1.032832e-006 -3.891091e-007
 4.150000e+001  9.517837e-007 -4.087353e-007
 4.200000e+001  8.975246e-007 -3.400836e-007
 4.250000e+001  7.997596e-007 -4.316638e-007
 4.300000e+001  7.771304e-007 -4.992514e-007
 4.350000e+001  6.509919e-007 -6.218944e-007
 4.400000e+001  5.463840e-007 -7.305036e-007
 4.450000e+001  1.445875e-007 -1.386828e-006
 4.500000e+001  4.389813e-006  4.118199e-006
 4.550000e+001  1.012061e-006  6.725956e-007
 4.600000e+001  8.209739e-007  3.227462e-007
 4.650000e+001  7.487951e-007  1.785723e-007
 4.700000e+001  6.533948e-007  1.217643e-007
 4.750000e+001  6.216804e-007  6.278583e-008
 4.800000e+001  4.976641e-007  1.992772e-008
 4.850000e+001  4.739601e-007  3.308984e-008
 4.900000e+001  3.996993e-007  8.832855e-008
 4.950000e+001  5.067993e-007  3.629082e-008
 5.000000e+001  4.430676e-007 -8.860554e-009
 5.050000e+001  4.144055e-007 -6.430445e-009
 5.100000e+001  3.878408e-007  1.167247e-008
 5.150000e+001  4.117711e-007  6.878465e-008
 5.200000e+001  3.395229e-007  4.545977e-009
 5.250000e+001  2.633692e-007 -2.344807e-007
 5.300000e+001  1.985182e-007 -1.288731e-007
 5.350000e+001  1.864318e-007 -9.427534e-008
 5.400000e+001  7.548530e-008 -1.091297e-007
 5.450000e+001  1.106088e-007 -1.228501e-007
 5.500000e+001  6.148870e-008 -4.828145e-008
 5.550000e+001  3.083450e-008 -4.643811e-008
 5.600000e+001  6.039909e-009 -4.878136e-008
 5.650000e+001 -4.102942e-008 -3.634380e-009
 5.700000e+001  2.240811e-008 -7.778225e-008
 5.750000e+001 -1.498062e-007 -1.654869e-007
 5.800000e+001 -7.036963e-008 -2.371336e-008
 5.850000e+001 -1.578038e-007 -3.414093e-008
 5.900000e+001 -1.582600e-007  8.267270e-009
 5.950000e+001 -2.786008e-007 -1.648101e-008
 6.000000e+001 -1.940900e-007 -5.357099e-007
 6.050000e+001 -3.065964e-007 -1.898546e-007
 6.100000e+001 -3.838873e-007 -1.100075e-007
 6.150000e+001 -3.563310e-007 -8.188906e-008
 6.200000e+001 -5.110006e-007 -4.248892e-008
 6.250000e+001 -4.610875e-007 -5.813591e-008
 6.300000e+001 -5.238669e-007 -8.188828e-008
 6.350000e+001 -5.865636e-007 -8.847269e-008
 6.400000e+001 -6.804416e-007 -7.046627e-008
 6.450000e+001 -6.507006e-007 -5.917726e-008
 6.500000e+001 -7.444070e-007 -8.965590e-008
 6.550000e+001 -7.931747e-007 -5.929544e-008
 6.600000e+001 -8.746022e-007 -1.005157e-007
 6.650000e+001 -8.988607e-007 -4.398866e-008
 6.700000e+001 -1.007379e-006 -1.018764e-007
 6.750000e+001 -1.032246e-006 -5.855469e-008
 6.800000e+001 -1.098672e-006 -8.233857e-008
 6.850000e+001 -1.248067e-006 -6.321726e-008
 6.900000e+001 -1.335894e-006 -4.397327e-008
 6.950000e+001 -1.454503e-006 -9.392265e-008
 7.000000e+001 -1.562671e-006 -1.576105e-007
 7.050000e+001 -1.698144e-006 -9.810327e-008
 7.100000e+001 -1.887941e-006 -1.403567e-007
 7.150000e+001 -2.269195e-006 -4.834514e-008
 7.200000e+001 -2.148416e-006  2.178265e-007
 7.250000e+001 -2.500717e-006  1.193598e-007
 7.300000e+001 -2.595590e-006 -1.678474e-008
 7.350000e+001 -3.000673e-006 -1.348051e-009
 7.400000e+001 -3.330182e-006 -6.746999e-009
 7.450000e+001 -4.034323e-006  2.807565e-007
 7.500000e+001 -3.695934e-006 -4.443437e-007
 7.550000e+001 -4.774631e-006 -3.908013e-007
 7.600000e+001 -5.637864e-006 -1.664604e-008
 7.650000e+001 -7.045017e-006  1.187736e-007
 7.700000e+001 -8.374245e-006  2.432737e-007
 7.750000e+001 -1.192933e-005  7.062879e-007
 7.800000e+001 -1.743768e-005  2.793048e-006
 7.850000e+001 -3.028953e-005  1.179835e-005
 7.900000e+001 -1.417469e-005  8.047550e-005
 7.950000e+001  3.139139e-005  1.709351e-005
 8.000000e+001  1.819512e-005  5.549363e-006
 8.050000e+001  1.245058e-005  3.003152e-006
 8.100000e+001  9.440574e-006  1.874485e-006
 8.150000e+001  7.819808e-006  1.460862e-006
 8.200000e+001  6.680436e-006  1.170619e-006
 8.250000e+001  5.627330e-006  9.258271e-007
 8.300000e+001  4.989774e-006  7.806765e-007
 8.350000e+001  4.578955e-006  6.670473e-007
 8.400000e+001  4.080023e-006  5.810104e-007
 8.450000e+001  3.829460e-006  4.785003e-007
 8.500000e+001  3.558761e-006  4.609728e-007
 8.550000e+001  3.261511e-006  4.537455e-007
 8.600000e+001  3.116993e-006  4.161407e-007
 8.650000e+001  2.857434e-006  4.179531e-007
 8.700000e+001  2.697190e-006  3.852348e-007
 8.750000e+001  2.569309e-006  4.124088e-007
 8.800000e+001  2.398508e-006  2.332846e-007
 8.850000e+001  2.320653e-006  2.658263e-007
 8.900000e+001  2.191022e-006  1.444362e-007
 8.950000e+001  1.981256e-006 -1.203524e-007
 9.000000e+001  2.472204e-006  7.717011e-007
 9.050000e+001  2.139854e-006  5.268411e-007
 9.100000e+001  1.988659e-006  4.286470e-007
 9.150000e+001  1.908144e-006  4.025554e-007
 9.200000e+001  1.937798e-006  3.907860e-007
 9.250000e+001  1.778419e-006  3.323237e-007
 9.300000e+001  1.720932e-006  3.327067e-007
 9.350000e+001  1.692364e-006  3.363386e-007
 9.400000e+001  1.633832e-006  3.423073e-007
 9.450000e+001  1.599242e-006  2.704042e-007
 9.500000e+001  1.529331e-006  3.072594e-007
 9.550000e+001  1.532183e-006  2.999371e-007
 9.600000e+001  1.454903e-006  3.195851e-007
 9.650000e+001  1.501308e-006  2.587414e-007
 9.700000e+001  1.418809e-006  2.603593e-007
 9.750000e+001  1.376567e-006  2.661073e-007
 9.800000e+001  1.352911e-006  2.660857e-007
 9.850000e+001  1.324944e-006  2.395156e-007
 9.900000e+001  1.297263e-006  2.750339e-007
 9.950000e+001  1.310440e-006  2.300025e-007
 1.000000e+002  1.259267e-006  2.446573e-007
 1.005000e+002  1.238560e-006  1.868827e-007
 1.010000e+002  1.180799e-006  1.932395e-007
 1.015000e+002  1.149676e-006  2.379027e-007
 1.020000e+002  1.178804e-006  2.590981e-007
 1.025000e+002  1.139525e-006  2.255653e-007
 1.030000e+002  1.149577e-006  2.237248e-007
 1.035000e+002  1.194934e-006  1.776349e-007
 1.040000e+002  1.262000e-006  1.646654e-007
 1.045000e+002  1.450452e-006 -1.366702e-007
 1.050000e+002  5.823815e-007  7.470521e-007
 1.055000e+002  8.815118e-007  4.302604e-007
 1.060000e+002  1.021382e-006  3.197453e-007
 1.065000e+002  9.361735e-007  4.197546e-007
 1.070000e+002  9.704000e-007  3.070573e-007
 1.075000e+002  1.042019e-006  3.985865e-007
 1.080000e+002  1.081581e-006  3.807575e-007
 1.085000e+002  1.253223e-006  3.472536e-007
 1.090000e+002  1.596324e-006 -2.044342e-008
 1.095000e+002  1.019478e-006  7.518094e-008
 1.100000e+002  1.194526e-006 -1.316633e-007
 1.105000e+002  1.184633e-006  5.438005e-009
 1.110000e+002  1.034290e-006 -3.633667e-007
 1.115000e+002  8.408569e-007 -2.553657e-007
 1.120000e+002  5.206326e-007 -9.672556e-007
 1.125000e+002  3.720723e-007 -1.334990e-007
 1.130000e+002  2.186795e-007  3.616814e-007
 1.135000e+002  4.884471e-007  8.324179e-008
 1.140000e+002  5.299559e-007  2.495914e-007
 1.145000e+002  3.623585e-007  1.237605e-007
 1.150000e+002  6.627822e-007  3.088572e-007
 1.155000e+002  4.978019e-007  2.789713e-007
 1.160000e+002  2.842410e-007  3.191047e-007
 1.165000e+002  5.431272e-007  2.271579e-007
 1.170000e+002  4.761155e-007  3.020784e-007
 1.175000e+002  4.629293e-007  3.045532e-007
 1.180000e+002  4.942330e-007  3.888291e-007
 1.185000e+002  3.896714e-007  4.915444e-007
 1.190000e+002  3.640820e-007  5.268737e-007
 1.195000e+002  4.034476e-008  9.782984e-007
 1.200000e+002  2.504470e-006  7.544499e-007
 1.205000e+002  5.403090e-007 -2.288547e-007
 1.210000e+002  5.471352e-007 -1.558924e-007
 1.215000e+002  4.931434e-007  4.719655e-008
 1.220000e+002  5.444616e-007  1.831905e-007
 1.225000e+002  5.418284e-007  2.105821e-007
 1.230000e+002  4.887076e-007  1.570520e-007
 1.235000e+002  4.893742e-007  1.952178e-007
 1.240000e+002  5.216087e-007  2.037694e-007
 1.245000e+002  5.026281e-007  1.541921e-007
 1.250000e+002  4.688701e-007  1.891977e-007
 1.255000e+002  4.902085e-007  1.325060e-007
 1.260000e+002  4.525603e-007  2.227309e-007
 1.265000e+002  4.395001e-007  2.296545e-007
 1.270000e+002  4.462502e-007  1.972092e-007
 1.275000e+002  4.283452e-007  2.509097e-007
 1.280000e+002  4.234519e-007  2.642104e-007
 1.285000e+002  4.500798e-007  2.332618e-007
 1.290000e+002  3.969648e-007  2.543196e-007
 1.295000e+002  4.269079e-007  2.212588e-007
 1.300000e+002  4.311507e-007  2.402736e-007
 1.305000e+002  4.290385e-007  2.355284e-007
 1.310000e+002  3.583426e-007  2.169022e-007
 1.315000e+002  3.934659e-007  2.487591e-007
 1.320000e+002  3.608096e-007  2.575711e-007
 1.325000e+002  3.355270e-007  2.564431e-007
 1.330000e+002  3.549792e-007  2.962056e-007
 1.335000e+002  3.365542e-007  3.562846e-007
 1.340000e+002  2.352967e-007  4.066652e-007
 1.345000e+002 -5.743261e-007  9.557260e-007
 1.350000e+002  5.224180e-007 -4.964200e-007
 1.355000e+002  6.483566e-007  7.148547e-008
 1.360000e+002  5.252921e-007  1.211194e-007
 1.365000e+002  4.526485e-007  1.428140e-007
 1.370000e+002  4.469251e-007  1.639571e-007
 1.375000e+002  4.338371e-007  1.427125e-007
 1.380000e+002  3.960463e-007  1.831452e-007
 1.385000e+002  4.072733e-007  2.052069e-007
 1.390000e+002  3.954219e-007  1.451387e-007
 1.395000e+002  3.932094e-007  1.755924e-007
 1.400000e+002  3.906569e-007  1.582621e-007
 1.405000e+002  3.927298e-007  1.810826e-007
 1.410000e+002  3.699832e-007  1.702802e-007
 1.415000e+002  3.603601e-007  1.722416e-007
 1.420000e+002  3.772042e-007  1.837362e-007
 1.425000e+002  3.386724e-007  1.803941e-007
 1.430000e+002  3.554988e-007  1.671195e-007
 1.435000e+002  3.214199e-007  1.819819e-007
 1.440000e+002  3.564573e-007  2.120677e-007
 1.445000e+002  3.492970e-007  1.598806e-007
 1.450000e+002  3.160458e-007  1.637473e-007
 1.455000e+002  3.199377e-007  1.720363e-007
 1.460000e+002  3.267353e-007  1.501249e-007
 1.465000e+002  3.365160e-007  1.571949e-007
 1.470000e+002  3.489749e-007  1.893688e-007
 1.475000e+002  3.300767e-007  1.230640e-007
 1.480000e+002  3.659458e-007  1.546645e-007
 1.485000e+002  3.732224e-007  1.340734e-007
 1.490000e+002  3.791046e-007  5.728496e-008
 1.495000e+002  1.185787e-007 -3.235378e-007
 1.500000e+002 -1.930913e-007  7.492870e-007
 1.505000e+002  1.646302e-007  3.484301e-007
 1.510000e+002  1.957107e-007  3.146094e-007
 1.515000e+002  2.053019e-007  2.753903e-007
 1.520000e+002  2.255405e-007  2.700543e-007
 1.525000e+002  2.161691e-007  2.560264e-007
 1.530000e+002  2.621366e-007  2.514574e-007
 1.535000e+002  2.537559e-007  2.504194e-007
 1.540000e+002  2.362306e-007  2.342499e-007
 1.545000e+002  2.215581e-007  2.294835e-007
 1.550000e+002  2.246637e-007  2.210588e-007
 1.555000e+002  2.300615e-007  1.879736e-007
 1.560000e+002  2.372405e-007  2.514578e-007
 1.565000e+002  2.106815e-007  2.248352e-007
 1.570000e+002  2.528483e-007  2.348039e-007
 1.575000e+002  2.269151e-007  2.116309e-007
 1.580000e+002  2.018399e-007  2.147023e-007
 1.585000e+002  1.909426e-007  2.555930e-007
 1.590000e+002  1.844745e-007  2.581598e-007
 1.595000e+002  1.802104e-007  2.456299e-007
 1.600000e+002  1.799818e-007  2.395669e-007
 1.605000e+002  1.982411e-007  2.833968e-007
 1.610000e+002  1.708559e-007  2.577264e-007
 1.615000e+002  1.827267e-007  2.757334e-007
 1.620000e+002  1.534328e-007  3.253006e-007
 1.625000e+002  1.805862e-007  3.690395e-007
 1.630000e+002  1.645424e-007  4.035369e-007
 1.635000e+002  1.255586e-007  5.013790e-007
 1.640000e+002  7.781501e-008  7.612235e-007
 1.645000e+002 -6.310170e-007  3.204072e-006
 1.650000e+002  3.017659e-007 -1.070176e-006
 1.655000e+002  3.691937e-007 -3.220086e-007
 1.660000e+002  2.839598e-007 -1.596026e-007
 1.665000e+002  2.585684e-007 -4.189277e-008
 1.670000e+002  2.307249e-007 -1.594590e-008
 1.675000e+002  2.176120e-007  4.444336e-009
 1.680000e+002  1.991811e-007  4.527918e-008
 1.685000e+002  2.266788e-007  7.685620e-008
 1.690000e+002  1.798765e-007  3.396613e-008
 1.695000e+002  1.774463e-007  3.218520e-008
 1.700000e+002  1.657619e-007  6.299147e-008
 1.705000e+002  1.925015e-007  8.570617e-008
 1.710000e+002  1.933984e-007  6.834527e-008
 1.715000e+002  1.987091e-007  9.851817e-008
 1.720000e+002  1.982335e-007  8.519182e-008
 1.725000e+002  1.845793e-007  8.383873e-008
 1.730000e+002  1.742646e-007  8.842750e-008
 1.735000e+002  1.599355e-007  8.173041e-008
 1.740000e+002  2.012702e-007  6.786257e-008
 1.745000e+002  1.835968e-007  1.110774e-007
 1.750000e+002  1.465074e-007  8.887192e-008
 1.755000e+002  1.757792e-007  8.218676e-008
 1.760000e+002  1.868618e-007  1.281834e-007
 1.765000e+002  1.809452e-007  9.575783e-008
 1.770000e+002  1.798805e-007  7.693152e-008
 1.775000e+002  1.657835e-007  9.845619e-008
 1.780000e+002  1.897436e-007  6.172425e-008
 1.785000e+002  2.007110e-007  5.570113e-008
 1.790000e+002  2.522257e-007  7.993535e-009
 1.795000e+002  7.693880e-007 -2.231929e-007
 1.800000e+002 -9.443468e-008  3.003803e-007
 1.805000e+002  6.641821e-008  1.010073e-007
 1.810000e+002  9.766872e-008  1.086136e-007
 1.815000e+002  8.283435e-008  9.600623e-008
 1.820000e+002  1.184375e-007  1.227745e-007
 1.825000e+002  1.285136e-007  1.037216e-007
 1.830000e+002  1.158159e-007  1.320790e-007
 1.835000e+002  1.028930e-007  9.602333e-008
 1.840000e+002  1.595162e-007  1.168566e-007
 1.845000e+002  1.417939e-007  1.235524e-007
 1.850000e+002  1.373785e-007  1.106369e-007
 1.855000e+002  1.415141e-007  7.523040e-008
 1.860000e+002  1.402372e-007  7.346990e-008
 1.865000e+002  1.024585e-007  1.203990e-007
 1.870000e+002  1.307771e-007  1.053152e-007
 1.875000e+002  1.327011e-007  1.312467e-007
 1.880000e+002  1.209608e-007  7.174056e-008
 1.885000e+002  1.405270e-007  8.416179e-008
 1.890000e+002  1.202439e-007  7.643043e-008
 1.895000e+002  9.231667e-008  5.439681e-008
 1.900000e+002  1.202202e-007  8.739739e-008
 1.905000e+002  1.083591e-007  9.130706e-008
 1.910000e+002  1.297403e-007  8.485911e-008
 1.915000e+002  1.057526e-007  6.178463e-008
 1.920000e+002  1.175645e-007  9.082299e-008
 1.925000e+002  1.476280e-007  4.807340e-008
 1.930000e+002  1.520943e-007  4.512688e-008
 1.935000e+002  1.481007e-007  3.154486e-008
 1.940000e+002  1.240695e-007 -3.382898e-008
 1.945000e+002  1.558942e-006 -1.657947e-007
 1.950000e+002 -1.785011e-007  3.443136e-007
 1.955000e+002 -1.371796e-008  1.579042e-007
 1.960000e+002  4.606107e-008  1.118535e-007
 1.965000e+002  6.231705e-008  1.535292e-007
 1.970000e+002  8.413020e-008  1.029495e-007
 1.975000e+002  6.051263e-008  1.275144e-007
 1.980000e+002  7.822268e-008  1.073756e-007
 1.985000e+002  6.421113e-008  1.019910e-007
 1.990000e+002  9.141328e-008  1.004831e-007
 1.995000e+002  6.298495e-008  7.188963e-008
 2.000000e+002  8.577906e-008  8.855666e-008
 2.005000e+002  1.146842e-007  8.529918e-008
 2.010000e+002  6.110359e-008  9.303293e-008
 2.015000e+002  9.473076e-008  9.271981e-008
 2.020000e+002  9.497527e-008  8.970977e-008
 2.025000e+002  9.272043e-008  1.043500e-007
 2.030000e+002  5.358612e-008  7.550224e-008
 2.035000e+002  8.118329e-008  7.375268e-008
 2.040000e+002  7.640033e-008  1.179810e-007
 2.045000e+002  1.000872e-007  7.916021e-008
 2.050000e+002  4.673900e-008  8.556633e-008
 2.055000e+002  7.365639e-008  8.986367e-008
 2.060000e+002  8.639836e-008  9.435213e-008
 2.065000e+002  1.075953e-007  9.730784e-008
 2.070000e+002  7.960945e-008  1.166086e-007
 2.075000e+002  1.049817e-007  6.461642e-008
 2.080000e+002  1.051680e-007  7.289652e-008
 2.085000e+002  1.129046e-007  1.412038e-007
 2.090000e+002  1.509290e-007  2.228760e-007
 2.095000e+002  2.234292e-007  1.559891e-006
 2.100000e+002 -6.033961e-008 -2.317446e-007
 2.105000e+002  3.760713e-008 -4.445308e-008
 2.110000e+002  4.879234e-008 -2.716406e-008
 2.115000e+002  4.793912e-008 -4.588548e-008
 2.120000e+002  1.991750e-008  1.135709e-009
 2.125000e+002  4.552209e-008  1.162077e-008
 2.130000e+002  4.558774e-008  4.259768e-008
 2.135000e+002  6.724572e-008  4.861324e-009
 2.140000e+002  4.530439e-008  9.356724e-010
 2.145000e+002  5.094018e-008 -1.261881e-008
 2.150000e+002  5.374536e-008  3.429009e-008
 2.155000e+002  5.439503e-008  2.641832e-008
 2.160000e+002  8.038037e-008  1.212004e-008
 2.165000e+002  4.031591e-008  1.338201e-008
 2.170000e+002  4.955120e-008  1.205763e-008
 2.175000e+002  2.941787e-008  5.117845e-008
 2.180000e+002  5.217496e-008  1.861931e-009
 2.185000e+002  1.259107e-007  2.876117e-010
 2.190000e+002  7.331990e-008 -3.446767e-009
 2.195000e+002  1.116879e-007  2.312599e-009
 2.200000e+002  5.444151e-008  4.082192e-009
 2.205000e+002  7.655733e-008  2.332960e-008
 2.210000e+002  1.084561e-007  2.462000e-008
 2.215000e+002  3.019600e-008 -3.491043e-008
 2.220000e+002  1.098992e-007 -2.813169e-008
 2.225000e+002  5.715540e-008 -1.218433e-008
 2.230000e+002  3.146091e-008 -5.155991e-009
 2.235000e+002  8.514307e-008 -7.782892e-009
 2.240000e+002  3.625734e-008  1.590053e-008
 2.245000e+002 -4.910623e-007  4.950799e-007
 2.250000e+002  2.469965e-007  1.021455e-008
 2.255000e+002  4.047630e-007 -1.987968e-007
 2.260000e+002  1.822427e-007 -3.007973e-008
 2.265000e+002  1.409123e-007  3.272050e-008
 2.270000e+002  1.398308e-007 -4.813863e-008
 2.275000e+002  1.584952e-007  1.827996e-008
 2.280000e+002  1.484909e-007 -6.639568e-009
 2.285000e+002  9.441349e-008 -1.357362e-008
 2.290000e+002  1.647296e-007 -2.337137e-008
 2.295000e+002  1.516567e-007 -2.302913e-008
 2.300000e+002  1.477013e-007  2.026950e-008
 2.305000e+002  1.878980e-007 -1.547669e-008
 2.310000e+002  1.493914e-007 -3.442712e-008
 2.315000e+002  1.791753e-007 -8.384039e-008
 2.320000e+002  1.766004e-007 -4.743595e-008
 2.325000e+002  2.457896e-007 -2.532031e-008
 2.330000e+002  1.991886e-007 -2.992765e-008
 2.335000e+002  1.970680e-007 -7.940319e-008
 2.340000e+002  2.266943e-007 -1.371257e-007
 2.345000e+002  1.915430e-007 -1.231011e-007
 2.350000e+002  1.691490e-007 -1.354423e-007
 2.355000e+002  3.573432e-007 -3.717828e-007
 2.360000e+002  2.050406e-007 -2.929519e-007
 2.365000e+002  1.135460e-007 -4.108398e-007
 2.370000e+002  6.236690e-008 -5.214678e-007
 2.375000e+002 -1.395345e-007 -4.614405e-007
 2.380000e+002 -1.547450e-007 -3.004023e-007
 2.385000e+002 -2.961072e-007 -5.197890e-007
 2.390000e+002 -3.363811e-007 -7.329163e-007
 2.395000e+002  8.227356e-007  5.816068e-007
 2.400000e+002 -5.981826e-007 -3.976944e-007
 2.405000e+002  2.017254e-007  1.439582e-007
 2.410000e+002  3.686646e-008 -3.120229e-008
 2.415000e+002  2.477847e-008 -5.522766e-009
 2.420000e+002 -4.246447e-008 -7.968805e-008
 2.425000e+002  4.112310e-008 -6.713215e-008
 2.430000e+002 -1.485997e-008 -6.998846e-008
 2.435000e+002  1.046594e-007 -1.390453e-007
 2.440000e+002  7.675175e-008 -8.015488e-008
 2.445000e+002  5.058369e-008 -1.150835e-007
 2.450000e+002  7.915456e-008 -1.059707e-007
 2.455000e+002  9.735084e-008 -8.840403e-008
 2.460000e+002  3.233503e-008 -1.764589e-007
 2.465000e+002  1.000885e-007 -2.509625e-007
 2.470000e+002  1.086839e-007 -2.420985e-007
 2.475000e+002 -2.099324e-008 -1.468150e-007
 2.480000e+002  6.402087e-008 -2.512814e-007
 2.485000e+002 -9.616331e-008 -3.181611e-007
 2.490000e+002 -5.129438e-008 -2.419391e-007
 2.495000e+002 -1.986211e-007 -1.562017e-007
 2.500000e+002 -1.208123e-007 -8.978377e-008
 2.505000e+002 -1.773610e-007 -1.551147e-007
 2.510000e+002 -1.846856e-007 -1.096136e-007
 2.515000e+002 -1.882940e-007 -6.510932e-008
 2.520000e+002 -1.004629e-007 -2.814381e-008
 2.525000e+002 -2.179009e-007 -1.042663e-007
 2.530000e+002 -8.651395e-008  3.399757e-009
 2.535000e+002 -3.460614e-008  1.269233e-007
 2.540000e+002 -1.751166e-007 -3.627928e-008
 2.545000e+002 -7.409429e-008 -1.529917e-007
 2.550000e+002 -1.166787e-007  3.480150e-009
 2.555000e+002 -1.382725e-007 -2.061195e-009
 2.560000e+002 -9.085589e-008  5.318038e-008
 2.565000e+002 -4.044635e-008  9.478935e-009
 2.570000e+002 -5.972882e-008 -1.909686e-008
 2.575000e+002  3.940365e-009 -4.150759e-008
 2.580000e+002  3.758666e-008  1.554868e-008
 2.585000e+002  1.987175e-008 -1.696508e-008
 2.590000e+002  6.527425e-008  4.297087e-008
 2.595000e+002  3.170262e-008  5.334916e-008
 2.600000e+002 -7.373412e-009 -2.042971e-008
 2.605000e+002  3.057729e-008 -3.575564e-008
 2.610000e+002 -3.647177e-008 -8.205750e-008
 2.615000e+002  6.828830e-008 -2.674390e-008
 2.620000e+002  4.058795e-008 -6.354427e-008
 2.625000e+002  3.781590e-008 -7.023668e-009
 2.630000e+002  7.494735e-008  1.494829e-008
 2.635000e+002  5.188735e-008 -4.691976e-008
 2.640000e+002  1.228982e-007 -3.093474e-008
 2.645000e+002 -4.006621e-008 -3.031741e-008
 2.650000e+002  3.943245e-008 -2.427346e-008
 2.655000e+002  3.196754e-008 -8.650080e-009
 2.660000e+002  3.934333e-008 -6.102220e-008
 2.665000e+002  7.933166e-008  1.282659e-008
 2.670000e+002  5.358909e-008 -1.119239e-008
 2.675000e+002  2.814352e-008 -2.814952e-008
 2.680000e+002  1.583666e-007 -4.218137e-008
 2.685000e+002  1.398413e-007  5.355461e-010
 2.690000e+002  2.421238e-007 -5.676491e-008
 2.695000e+002 -3.370942e-007 -4.820193e-007
 2.700000e+002  4.172880e-008  4.874521e-008
 2.705000e+002  3.096885e-008  1.617016e-008
 2.710000e+002  9.795551e-008  2.373050e-008
 2.715000e+002  1.836538e-007 -1.872368e-008
 2.720000e+002  8.167506e-008  1.921545e-008
 2.725000e+002  1.380567e-007  2.442121e-008
 2.730000e+002  1.081462e-007  2.382523e-008
 2.735000e+002  1.613322e-007 -7.300487e-009
 2.740000e+002  1.509773e-007 -1.204678e-008
 2.745000e+002  9.160886e-008 -1.190442e-007
 2.750000e+002  1.268111e-007 -8.198823e-008
 2.755000e+002  1.637223e-007  5.401456e-009
 2.760000e+002  1.328296e-007 -3.297708e-008
 2.765000e+002  2.037572e-007 -1.672911e-008
 2.770000e+002  8.718220e-008 -8.346616e-008
 2.775000e+002  1.477932e-007 -6.374757e-008
 2.780000e+002  1.222067e-007 -3.767086e-008
 2.785000e+002  1.194167e-007  5.699682e-009
 2.790000e+002  1.538888e-007 -1.229817e-008
 2.795000e+002  1.725537e-007 -6.948931e-008
 2.800000e+002  2.131814e-007 -5.860065e-008
 2.805000e+002  1.997365e-007 -1.160754e-007
 2.810000e+002  2.046315e-007 -4.841722e-008
 2.815000e+002  2.185079e-007 -6.840104e-008
 2.820000e+002  1.489404e-007 -4.169309e-008
 2.825000e+002  1.485170e-007 -1.694506e-008
 2.830000e+002  1.565282e-007 -3.222615e-009
 2.835000e+002  2.237176e-007 -3.337928e-008
 2.840000e+002  1.776109e-007 -5.838649e-008
 2.845000e+002  1.192497e-007 -1.647390e-007
 2.850000e+002  3.119812e-007 -8.419708e-008
 2.855000e+002  1.280413e-008 -7.439691e-008
 2.860000e+002  8.430870e-008 -1.187020e-008
 2.865000e+002  1.586965e-007 -1.369636e-007
 2.870000e+002  1.399202e-007 -3.037958e-008
 2.875000e+002  2.297331e-007 -2.151445e-007
 2.880000e+002  1.587399e-007 -1.209860e-007
 2.885000e+002  2.263787e-007 -7.520016e-008
 2.890000e+002  1.809122e-007 -8.904301e-008
 2.895000e+002  2.299648e-007 -3.397093e-008
 2.900000e+002  1.248398e-007 -9.507398e-008
 2.905000e+002  1.521594e-007 -9.000653e-008
 2.910000e+002  2.168852e-007 -5.457462e-008
 2.915000e+002  2.144009e-007 -1.746446e-008
 2.920000e+002  2.729896e-007 -5.772544e-008
 2.925000e+002  2.436601e-007 -1.124583e-007
 2.930000e+002  2.297940e-007 -3.846135e-008
 2.935000e+002  1.727146e-007 -6.425068e-008
 2.940000e+002  3.298594e-007 -1.016556e-007
 2.945000e+002  2.394195e-007 -9.267302e-008
 2.950000e+002  2.058851e-007 -7.341846e-008
 2.955000e+002  2.217715e-007 -1.157401e-007
 2.960000e+002  2.213684e-007 -1.090596e-007
 2.965000e+002  1.607502e-007 -2.355007e-008
 2.970000e+002  2.340132e-007 -6.966856e-008
 2.975000e+002  1.391047e-007  9.580508e-009
 2.980000e+002  1.507248e-007 -1.006255e-007
 2.985000e+002  1.977375e-007 -4.785768e-008
 2.990000e+002  5.249571e-008  7.169937e-008
 2.995000e+002  4.335606e-007 -3.309476e-008
 3.000000e+002  3.563718e-007 -1.087254e-007
 3.005000e+002  3.780074e-007 -1.218384e-007
 3.010000e+002  2.949936e-007 -1.081001e-007
 3.015000e+002  3.306041e-007 -6.009729e-008
 3.020000e+002  3.247918e-007 -1.646802e-007
 3.025000e+002  3.050223e-007 -6.974169e-008
 3.030000e+002  2.796639e-007 -1.503146e-007
 3.035000e+002  3.431138e-007 -1.078526e-007
 3.040000e+002  2.468517e-007 -1.399586e-007
 3.045000e+002  3.352234e-007 -1.174176e-007
 3.050000e+002  3.730494e-007 -1.970262e-007
 3.055000e+002  2.922661e-007 -1.080072e-007
 3.060000e+002  2.590738e-007  4.907850e-009
 3.065000e+002  3.967430e-007 -5.679291e-008
 3.070000e+002  3.614050e-007 -1.127396e-007
 3.075000e+002  3.424060e-007 -1.458091e-007
 3.080000e+002  3.011481e-007 -1.588126e-007
 3.085000e+002  3.700148e-007 -7.128705e-008
 3.090000e+002  3.837165e-007 -2.822889e-008
 3.095000e+002  2.519261e-007 -1.770522e-007
 3.100000e+002  3.625289e-007 -1.426522e-007
 3.105000e+002  3.393026e-007 -1.362441e-007
 3.110000e+002  3.793566e-007 -2.047445e-007
 3.115000e+002  4.037914e-007 -1.803204e-007
 3.120000e+002  3.601579e-007 -1.430615e-007
 3.125000e+002  4.290509e-007 -1.767151e-007
 3.130000e+002  3.311005e-007 -1.996782e-007
 3.135000e+002  3.629092e-007 -1.714289e-007
 3.140000e+002  3.538754e-007 -1.309561e-007
 3.145000e+002  4.828479e-007 -4.593030e-007
 3.150000e+002  4.964720e-007 -2.769058e-007
 3.155000e+002  4.740610e-007 -1.503159e-007
 3.160000e+002  3.202740e-007 -3.298709e-007
 3.165000e+002  3.648528e-007 -2.268223e-007
 3.170000e+002  4.786445e-007 -2.707480e-007
 3.175000e+002  5.075507e-007 -2.324056e-007
 3.180000e+002  4.959053e-007 -2.975889e-007
 3.185000e+002  4.341713e-007 -4.205238e-007
 3.190000e+002  3.352073e-007 -3.265183e-007
 3.195000e+002  3.434658e-007 -3.520484e-007
 3.200000e+002  4.910513e-007 -4.034214e-007
 3.205000e+002  5.773232e-007 -3.601959e-007
 3.210000e+002  4.261324e-007 -4.860435e-007
 3.215000e+002  4.593476e-007 -3.869756e-007
 3.220000e+002  4.594245e-007 -5.484972e-007
 3.225000e+002  3.295189e-007 -5.156326e-007
 3.230000e+002  3.233218e-007 -4.191016e-007
 3.235000e+002  3.302421e-007 -6.530433e-007
 3.240000e+002  3.082596e-007 -5.186071e-007
 3.245000e+002  2.616702e-007 -6.122530e-007
 3.250000e+002  1.821339e-007 -5.488976e-007
 3.255000e+002  1.709366e-007 -5.785192e-007
 3.260000e+002  1.863131e-007 -5.308642e-007
 3.265000e+002  1.660810e-007 -5.271408e-007
 3.270000e+002  1.507276e-007 -5.843358e-007
 3.275000e+002  1.040723e-007 -5.999139e-007
 3.280000e+002  2.246985e-007 -4.848469e-007
 3.285000e+002  2.656621e-007 -4.648761e-007
 3.290000e+002  1.594177e-007 -4.824003e-007
 3.295000e+002 -6.492668e-008 -5.254901e-007
 3.300000e+002 -1.480301e-007 -4.972940e-007
 3.305000e+002 -1.295493e-007 -6.054940e-007
 3.310000e+002  3.130084e-009 -4.229167e-007
 3.315000e+002 -1.940531e-007 -4.176750e-007
 3.320000e+002 -1.989683e-007 -4.992151e-007
 3.325000e+002 -1.303921e-007 -3.142037e-007
 3.330000e+002 -1.195571e-007 -3.487139e-007
 3.335000e+002 -3.652652e-007 -2.220114e-007
 3.340000e+002 -1.528420e-007 -2.180325e-007
 3.345000e+002 -1.580984e-007 -2.464310e-007
 3.350000e+002 -1.082019e-007 -1.967429e-007
 3.355000e+002 -1.140715e-007 -1.595802e-007
 3.360000e+002 -6.819755e-008 -2.566380e-007
 3.365000e+002 -6.826545e-008 -2.314713e-007
 3.370000e+002 -1.425997e-007 -1.865396e-007
 3.375000e+002 -1.184107e-007 -1.707177e-007
 3.380000e+002 -6.229368e-009 -1.501106e-007
 3.385000e+002  2.146301e-008 -1.865672e-007
 3.390000e+002 -1.033105e-007 -7.630123e-008
 3.395000e+002 -1.367521e-007 -1.650964e-007
 3.400000e+002 -4.534529e-009 -2.004999e-007
 3.405000e+002  5.910244e-008 -1.480603e-007
 3.410000e+002  1.382391e-007 -2.185346e-007
 3.415000e+002 -1.692256e-008 -1.446526e-007
 3.420000e+002  7.705409e-008 -1.269554e-007
 3.425000e+002 -3.724127e-008 -7.286871e-008
 3.430000e+002  1.242376e-007 -1.128182e-007
 3.435000e+002  7.262729e-008 -9.205519e-008
 3.440000e+002 -7.220272e-008 -1.678527e-007
 3.445000e+002  1.269088e-007 -1.007400e-007
 3.450000e+002  1.012730e-007 -1.011766e-007
 3.455000e+002  8.438904e-008 -4.338812e-008
 3.460000e+002  1.383952e-007 -2.437959e-007
 3.465000e+002  7.429214e-008 -9.452323e-008
 3.470000e+002  1.430371e-007 -8.321633e-008
 3.475000e+002 -6.271439e-008  8.541199e-008
 3.480000e+002  1.713524e-007 -1.359912e-007
 3.485000e+002 -1.168662e-007 -2.354357e-007
 3.490000e+002 -2.589573e-008 -4.374659e-008
 3.495000e+002  6.370898e-008 -1.312658e-007
 3.500000e+002  1.670998e-007 -1.123307e-007
 3.505000e+002  2.215221e-007 -6.420664e-008
 3.510000e+002  1.903769e-007 -2.040989e-007
 3.515000e+002 -2.989440e-009 -2.189124e-007
 3.520000e+002  6.292098e-008 -1.479450e-007
 3.525000e+002  2.565366e-008 -5.663991e-008
 3.530000e+002  4.640011e-008 -1.271482e-007
 3.535000e+002  8.620923e-008  7.086435e-008
 3.540000e+002  9.043519e-009 -2.134593e-007
 3.545000e+002  4.015742e-007 -1.026015e-007
 3.550000e+002  2.145298e-007  4.421250e-008
 3.555000e+002  1.907329e-007 -4.522672e-009
 3.560000e+002  1.277312e-007  8.934933e-009
 3.565000e+002  9.426165e-008 -9.452711e-008
 3.570000e+002  2.101129e-007  5.792205e-009
 3.575000e+002  1.902063e-007 -1.652140e-008
 3.580000e+002  2.794250e-008  1.938971e-008
 3.585000e+002  1.892628e-008 -8.619356e-008
 3.590000e+002  2.206999e-008  1.292811e-007
 3.595000e+002 -7.299137e-009  6.993262e-008
 3.600000e+002 -3.498222e-008  9.056493e-008
 3.605000e+002  1.432203e-007 -3.071189e-008
 3.610000e+002  2.164929e-007  1.381705e-008
 3.615000e+002  1.115153e-007 -2.064724e-007
 3.620000e+002  1.749193e-007 -1.592460e-007
 3.625000e+002  1.975400e-007 -1.842454e-007
 3.630000e+002  2.344284e-007  3.253832e-008
 3.635000e+002  1.914479e-007  4.516477e-008
 3.640000e+002 -2.398348e-008 -7.183380e-008
 3.645000e+002  2.271714e-007  1.317883e-007
 3.650000e+002  1.439201e-007 -2.329869e-009
 3.655000e+002  3.934154e-008 -8.622510e-008
 3.660000e+002  3.579277e-008 -1.845807e-008
 3.665000e+002  3.877114e-008 -1.061797e-008
 3.670000e+002  2.963454e-007  4.306519e-008
 3.675000e+002  1.886022e-007  1.602437e-007
 3.680000e+002  2.953553e-007  8.568388e-008
 3.685000e+002  3.362426e-008 -9.867661e-008
 3.690000e+002  8.413673e-008  2.409057e-008
 3.695000e+002  6.427264e-008  1.880728e-007
 3.700000e+002  8.740362e-008 -2.822934e-009
 3.705000e+002  1.972919e-007 -2.939633e-008
 3.710000e+002  4.999715e-008 -1.101940e-007
 3.715000e+002  1.987824e-007 -8.018163e-008
 3.720000e+002  1.468672e-007  1.318025e-007
 3.725000e+002  1.255489e-007 -8.509029e-008
 3.730000e+002  1.575570e-007 -7.880703e-008
 3.735000e+002  1.327130e-007  1.383089e-008
 3.740000e+002  1.861012e-007  8.488789e-008
 3.745000e+002  2.277253e-007  1.350459e-008
 3.750000e+002  8.897203e-008 -3.792433e-008
 3.755000e+002  1.628191e-007 -1.748343e-008
 3.760000e+002  5.507274e-008  3.029729e-008
 3.765000e+002  7.314049e-008  1.536195e-007
 3.770000e+002  9.481005e-008 -8.382624e-009
 3.775000e+002 -1.678905e-008  6.983840e-008
 3.780000e+002  9.466850e-008  1.502304e-007
 3.785000e+002 -2.520381e-008 -1.864162e-008
 3.790000e+002  9.405511e-008  6.270076e-008
 3.795000e+002 -2.329604e-008  4.074259e-008
 3.800000e+002  2.096418e-007  1.013140e-008
 3.805000e+002 -7.258488e-008  1.869474e-008
 3.810000e+002  5.022670e-008  6.372065e-008
 3.815000e+002  4.077350e-008 -7.157845e-008
 3.820000e+002 -8.317049e-008 -7.624422e-008
 3.825000e+002  2.503289e-007  4.917371e-008
 3.830000e+002  8.750544e-008 -2.839248e-008
 3.835000e+002  2.850947e-007 -3.115013e-008
 3.840000e+002  2.906510e-007 -3.715925e-008
 3.845000e+002  2.655170e-007 -1.342485e-007
 3.850000e+002  1.500153e-007  6.258574e-008
 3.855000e+002  1.360319e-008  2.015725e-007
 3.860000e+002  1.080138e-007  2.114825e-007
 3.865000e+002  9.513727e-008 -5.235034e-008
 3.870000e+002  4.472254e-008  1.739208e-007
 3.875000e+002  2.922177e-007 -2.167223e-007
 3.880000e+002  2.903757e-007  6.349803e-009
 3.885000e+002  9.423996e-008  7.969782e-008
 3.890000e+002  1.508894e-007  1.720351e-008
 3.895000e+002  2.140086e-008  1.897343e-007
 3.900000e+002  7.133628e-009 -4.211836e-008
 3.905000e+002  3.599660e-008 -6.474454e-008
 3.910000e+002 -5.320172e-008  1.387225e-007
 3.915000e+002 -5.170943e-008  9.084608e-008
 3.920000e+002  1.887651e-007  1.153152e-007
 3.925000e+002  2.442746e-007 -1.144263e-008
 3.930000e+002  1.286992e-007  6.076357e-008
 3.935000e+002 -9.662163e-008  6.187439e-008
 3.940000e+002  2.275218e-007  1.062281e-007
 3.945000e+002  8.374297e-008  1.183266e-007
 3.950000e+002 -1.158685e-008  9.732564e-008
 3.955000e+002  9.491218e-008  1.139815e-007
 3.960000e+002  3.400128e-008 -1.855890e-008
 3.965000e+002  7.444075e-008  2.520194e-007
 3.970000e+002  1.179111e-007  2.592103e-007
 3.975000e+002 -3.187150e-008  1.188840e-007
 3.980000e+002  1.724862e-007  1.234140e-007
 3.985000e+002  1.305415e-007  3.566658e-008
 3.990000e+002  1.062784e-007  5.619037e-009
 3.995000e+002 -6.009455e-009 -4.219708e-008
 4.000000e+002  3.683858e-008  6.567172e-008
 4.005000e+002  9.899564e-009  2.149055e-008
 4.010000e+002  4.101601e-008  1.818152e-007
 4.015000e+002  1.132490e-008  2.149118e-007
 4.020000e+002  5.584579e-009  2.845229e-009
 4.025000e+002  5.045876e-008  4.596617e-008
 4.030000e+002  1.863424e-007 -4.589254e-008
 4.035000e+002  4.384451e-007  1.212785e-007
 4.040000e+002 -7.669097e-009  2.423729e-007
 4.045000e+002  1.102047e-009  9.668152e-008
 4.050000e+002  7.642940e-008  1.722659e-007
 4.055000e+002  1.949859e-007  4.311086e-008
 4.060000e+002 -1.032389e-007  1.158877e-007
 4.065000e+002  2.093798e-008  2.082573e-007
 4.070000e+002  6.153239e-008  1.926058e-007
 4.075000e+002  8.981184e-008  7.148750e-008
 4.080000e+002  6.073666e-008  1.338446e-007
 4.085000e+002  6.526532e-008  1.031461e-007
 4.090000e+002  8.417863e-008  8.092631e-008
 4.095000e+002  1.407888e-007  1.472953e-007
 4.100000e+002  3.524702e-008  2.129531e-007
 4.105000e+002 -6.820811e-008 -1.590844e-008
 4.110000e+002  2.428000e-007 -6.261624e-008
 4.115000e+002  5.838387e-009  1.259925e-009
 4.120000e+002 -7.759482e-008  2.029748e-007
 4.125000e+002  1.608818e-007  1.960043e-008
 4.130000e+002  7.526153e-008 -2.453274e-008
 4.135000e+002  2.398947e-008  2.655371e-007
 4.140000e+002 -9.935962e-008  1.807555e-007
 4.145000e+002  3.886624e-008  2.025065e-007
 4.150000e+002  1.414441e-007  1.754103e-007
 4.155000e+002 -3.016892e-007  1.275108e-007
 4.160000e+002  7.208287e-008  4.943045e-008
 4.165000e+002 -3.135328e-008 -1.190254e-007
 4.170000e+002  7.345193e-008 -4.767307e-008
 4.175000e+002  8.631570e-008  1.674566e-007
 4.180000e+002 -1.055419e-007  4.634477e-008
 4.185000e+002 -1.469287e-007 -8.864912e-008
 4.190000e+002  1.357882e-007  2.608560e-007
 4.195000e+002  2.064389e-007  7.620988e-008
 4.200000e+002  1.143024e-007 -5.395784e-008
 4.205000e+002  6.697303e-008  1.496132e-007
 4.210000e+002  1.780586e-008  1.317753e-008
 4.215000e+002  4.810861e-008 -5.262956e-009
 4.220000e+002  4.953662e-008  2.382257e-007
 4.225000e+002  7.795796e-008  2.790885e-008
 4.230000e+002 -5.082568e-008  3.282763e-007
 4.235000e+002  1.020109e-007 -2.549661e-008
 4.240000e+002 -1.252890e-008  3.038255e-007
 4.245000e+002  4.257502e-008  1.888211e-007
 4.250000e+002 -2.322460e-007  1.000368e-007
 4.255000e+002  8.532552e-008  1.602677e-007
 4.260000e+002 -1.496844e-008  1.777715e-008
 4.265000e+002 -1.872990e-007  1.454325e-007
 4.270000e+002  1.859942e-007  8.393069e-008
 4.275000e+002 -3.659165e-007  1.623969e-007
 4.280000e+002  1.278834e-007  1.754115e-007
 4.285000e+002 -1.236183e-007  3.632511e-007
 4.290000e+002  1.914049e-008 -4.673810e-008
 4.295000e+002  1.818929e-007  4.685810e-008
 4.300000e+002 -1.298010e-007  2.430819e-007
 4.305000e+002  2.856671e-007  1.763053e-007
 4.310000e+002  2.752303e-008 -1.683639e-007
 4.315000e+002  9.911052e-008 -1.660238e-008
 4.320000e+002 -2.548543e-008  2.646409e-007
 4.325000e+002 -5.829839e-008  3.415598e-007
 4.330000e+002 -6.991720e-008  4.039005e-007
 4.335000e+002  4.958523e-008 -4.165777e-008
 4.340000e+002  3.927672e-008  1.061874e-007
 4.345000e+002 -1.669784e-007  2.983666e-008
 4.350000e+002 -7.113087e-008  2.183658e-008
 4.355000e+002 -2.196916e-007  6.338710e-008
 4.360000e+002  3.269698e-007 -4.896371e-008
 4.365000e+002 -2.061367e-007  8.585240e-008
 4.370000e+002 -2.083302e-008  2.415775e-007
 4.375000e+002 -3.027898e-007 -1.473524e-007
 4.380000e+002  7.709551e-008  4.376678e-007
 4.385000e+002  2.151425e-007 -8.579065e-008
 4.390000e+002 -1.877705e-008  1.765419e-007
 4.395000e+002 -2.062232e-008  2.559565e-007
 4.400000e+002  1.416598e-007  1.345900e-007
 4.405000e+002 -2.714096e-008 -7.883686e-008
 4.410000e+002 -1.320479e-007  5.011959e-007
 4.415000e+002 -4.287231e-008 -7.554761e-009
 4.420000e+002 -1.845967e-007 -8.742148e-009
 4.425000e+002 -1.642360e-007 -8.725572e-008
 4.430000e+002 -1.002430e-007  4.430587e-008
 4.435000e+002 -3.966417e-007  6.861163e-008
 4.440000e+002 -9.160364e-009  1.031054e-007
 4.445000e+002 -1.531658e-007  3.951763e-007
 4.450000e+002 -7.837959e-008  4.930169e-008
 4.455000e+002  6.642255e-008  2.232540e-008
 4.460000e+002 -1.571568e-007  1.762257e-007
 4.465000e+002  7.970953e-008  8.004708e-008
 4.470000e+002 -2.357526e-007  1.490352e-007
 4.475000e+002 -4.933545e-008  1.579758e-007
 4.480000e+002  4.764436e-008 -2.444755e-007
 4.485000e+002 -4.186088e-008 -2.071936e-007
 4.490000e+002 -1.299524e-007  1.406234e-007
 4.495000e+002 -6.330001e-008 -7.762243e-008
 4.500000e+002 -2.541567e-009  4.022268e-007
 4.505000e+002 -1.522988e-007  2.353463e-007
 4.510000e+002  4.603199e-008  3.742042e-007
 4.515000e+002  8.372886e-009  2.309222e-007
 4.520000e+002 -8.628848e-008  1.756738e-008
 4.525000e+002 -5.292229e-008  1.803881e-007
 4.530000e+002 -1.661575e-008 -1.705816e-007
 4.535000e+002 -9.564938e-008  8.769817e-008
 4.540000e+002  8.549239e-008 -1.758530e-007
 4.545000e+002 -1.693306e-007  2.237771e-008
 4.550000e+002 -3.382349e-009 -1.643587e-007
 4.555000e+002  1.404664e-007  9.356981e-008
 4.560000e+002  5.324618e-008  1.793059e-007
 4.565000e+002  1.361516e-007 -2.895950e-008
 4.570000e+002 -3.523953e-007  8.131930e-008
 4.575000e+002  1.537959e-007  2.185644e-008
 4.580000e+002  6.052116e-008  1.801235e-007
 4.585000e+002  3.251263e-008 -3.343511e-008
 4.590000e+002  1.318003e-007  2.936327e-007
 4.595000e+002 -3.392136e-007  1.067789e-007
 4.600000e+002  7.846293e-008  2.353244e-008
 4.605000e+002 -3.208229e-008  2.604025e-007
 4.610000e+002 -1.984964e-007 -9.735639e-008
 4.615000e+002 -1.831479e-008  1.331597e-007
 4.620000e+002 -9.783630e-008 -5.823367e-008
 4.625000e+002 -3.610181e-008  1.818776e-007
 4.630000e+002 -2.505338e-007  2.819622e-008
 4.635000e+002 -5.237547e-007  3.326746e-009
 4.640000e+002 -6.846413e-008  2.479466e-007
 4.645000e+002 -5.829380e-008  1.800913e-008
 4.650000e+002  8.333188e-008  1.683115e-007
 4.655000e+002 -2.444353e-007  6.631717e-008
 4.660000e+002 -1.889262e-007  1.414956e-007
 4.665000e+002 -1.333676e-007  5.860245e-008
 4.670000e+002  3.010519e-008  2.106708e-007
 4.675000e+002 -1.512294e-007 -4.104783e-008
 4.680000e+002 -3.232906e-008  1.161388e-007
 4.685000e+002 -1.380237e-007 -2.575477e-008
 4.690000e+002 -2.911997e-007  1.443104e-007
 4.695000e+002  1.838551e-008  6.973555e-008
 4.700000e+002 -4.613858e-008 -2.489837e-008
 4.705000e+002 -1.071886e-007 -1.011104e-007
 4.710000e+002  4.936050e-008  9.070011e-008
 4.715000e+002 -1.622789e-007 -1.818051e-007
 4.720000e+002 -6.387176e-008  1.791324e-007
 4.725000e+002 -6.977969e-008  3.375206e-007
 4.730000e+002 -1.527199e-007  1.335810e-007
 4.735000e+002 -5.139195e-008  1.401156e-007
 4.740000e+002 -4.059513e-008  2.877117e-007
 4.745000e+002  1.207451e-007  3.499744e-007
 4.750000e+002  9.639620e-008  1.290806e-007
 4.755000e+002 -1.147869e-007  1.935053e-007
 4.760000e+002 -2.294459e-007  2.832588e-007
 4.765000e+002 -2.534911e-008  1.732769e-008
 4.770000e+002 -2.678620e-007  2.181420e-007
 4.775000e+002 -2.366447e-007  4.740584e-008
 4.780000e+002 -3.376327e-007  2.387628e-008
 4.785000e+002 -1.928133e-007  6.616152e-008
 4.790000e+002 -9.866524e-008  8.554162e-008
 4.795000e+002  8.633543e-008  6.415492e-008
 4.800000e+002  2.220576e-008 -1.571512e-008
 4.805000e+002 -1.204703e-007  8.028739e-008
 4.810000e+002 -1.601327e-007 -3.309394e-008
 4.815000e+002 -2.234723e-007 -1.755067e-008
 4.820000e+002 -1.730629e-007  5.578169e-008
 4.825000e+002 -5.154409e-008  2.183165e-007
 4.830000e+002 -9.757403e-008 -8.363276e-008
 4.835000e+002 -2.029698e-007 -7.587834e-008
 4.840000e+002 -2.309768e-007  1.471849e-007
 4.845000e+002 -2.470505e-007  6.219125e-008
 4.850000e+002 -3.433839e-007  9.164188e-008
 4.855000e+002 -3.794861e-007  7.855307e-008
 4.860000e+002 -1.051537e-007 -7.908165e-009
 4.865000e+002 -1.033290e-007 -9.520387e-008
 4.870000e+002 -1.796089e-007  3.413880e-008
 4.875000e+002 -9.027480e-008 -8.911400e-008
 4.880000e+002 -7.711487e-008  2.109651e-007
 4.885000e+002 -4.143182e-009 -8.871148e-008
 4.890000e+002 -1.280977e-007 -1.390962e-008
 4.895000e+002 -5.724300e-008  1.298218e-007
 4.900000e+002  4.818235e-009  1.399984e-007
 4.905000e+002 -1.937379e-007  2.257755e-008
 4.910000e+002 -3.631397e-008  6.915796e-008
 4.915000e+002 -1.847986e-007  7.955906e-008
 4.920000e+002 -5.715625e-008  1.172799e-007
 4.925000e+002 -1.877935e-007  9.088328e-008
 4.930000e+002 -2.526286e-007  5.330457e-008
 4.935000e+002 -2.161560e-007  1.547241e-007
 4.940000e+002 -1.755750e-007 -6.807929e-008
 4.945000e+002  2.373321e-008  5.744478e-008
 4.950000e+002 -2.910120e-007  1.401501e-007
 4.955000e+002 -1.169735e-007  7.240141e-009
 4.960000e+002 -2.029338e-007  2.117657e-008
 4.965000e+002 -2.143258e-007  1.556954e-007
 4.970000e+002 -1.058611e-007  1.232809e-007
 4.975000e+002 -9.825621e-008  1.001561e-008
 4.980000e+002 -4.532498e-008  1.403808e-007
 4.985000e+002 -2.041001e-007  3.633013e-008
 4.990000e+002 -1.234422e-007  1.010911e-007
 4.995000e+002 -1.534213e-007 -8.244719e-008
 5.000000e+002 -1.445886e-007  2.031620e-008
 5.005000e+002 -4.441775e-008  1.725582e-008
 5.010000e+002 -2.001258e-007  1.467887e-007
 5.015000e+002 -1.257152e-007  1.409311e-008
 5.020000e+002 -3.264631e-007 -9.959520e-009
 5.025000e+002 -1.526749e-007 -7.170920e-008
 5.030000e+002 -8.590559e-008 -1.048020e-007
 5.035000e+002 -1.929755e-007  1.388931e-007
 5.040000e+002 -1.845449e-007  1.502337e-008
 5.045000e+002 -1.315833e-007 -8.702544e-008
 5.050000e+002 -6.991919e-008 -3.376156e-008
 5.055000e+002 -2.168731e-007  2.681632e-008
 5.060000e+002  7.323026e-009 -6.423106e-008
 5.065000e+002 -1.025725e-007 -4.226483e-009
 5.070000e+002 -1.748952e-007  1.001749e-008
 5.075000e+002 -6.733239e-008  3.844613e-008
 5.080000e+002 -2.770139e-007 -8.351500e-008
 5.085000e+002 -4.368286e-008 -3.683701e-008
 5.090000e+002 -1.788899e-007  1.388750e-007
 5.095000e+002 -7.773161e-008  2.851343e-008
 5.100000e+002 -1.740459e-007  4.174479e-008
 5.105000e+002 -2.145848e-007 -3.304841e-008
 5.110000e+002  8.859775e-010 -9.137416e-008
 5.115000e+002 -2.153476e-007 -4.688625e-008
 5.120000e+002 -1.124825e-007 -8.646990e-011
