 0.000000e+000  4.911217e-005  0.000000e+000
 5.000000e-001 -9.621238e-004 -1.318721e-003
 1.000000e+000 -1.562009e-003 -1.022705e-003
 1.500000e+000 -2.078927e-003 -7.778672e-004
 2.000000e+000 -2.041358e-003 -3.911550e-004
 2.500000e+000 -2.254762e-003 -2.393920e-004
 3.000000e+000 -2.198329e-003  3.100417e-005
 3.500000e+000 -2.485230e-003  1.100658e-004
 4.000000e+000 -2.722527e-003  7.084439e-004
 4.500000e+000 -2.167717e-003 -8.179701e-006
 5.000000e+000 -2.293762e-003  2.528160e-004
 5.500000e+000 -2.326145e-003  4.554925e-004
 6.000000e+000 -2.300910e-003  4.313054e-004
 6.500000e+000 -2.563937e-003  6.889210e-004
 7.000000e+000 -2.524237e-003  7.805599e-004
 7.500000e+000 -2.129808e-003  4.303139e-004
 8.000000e+000 -2.794096e-003  1.226784e-003
 8.500000e+000 -2.584151e-003  9.306306e-004
 9.000000e+000 -2.830416e-003  1.097133e-003
 9.500000e+000 -2.639069e-003  1.509772e-003
 1.000000e+001 -2.716343e-003  1.681551e-003
 1.050000e+001 -2.737264e-003  1.760035e-003
 1.100000e+001 -2.802260e-003  2.257979e-003
 1.150000e+001 -2.675541e-003  2.765292e-003
 1.200000e+001 -2.432363e-003  3.336843e-003
 1.250000e+001 -2.506217e-003  3.955815e-003
 1.300000e+001 -2.194785e-003  5.032257e-003
 1.350000e+001 -1.427938e-003  6.726933e-003
 1.400000e+001  2.161832e-004  1.059232e-002
 1.450000e+001  5.291369e-003  2.225112e-002
 1.500000e+001 -1.966704e-001 -3.009327e-001
 1.550000e+001 -1.789818e-002 -1.903612e-002
 1.600000e+001 -1.271234e-002 -9.966532e-003
 1.650000e+001 -1.112723e-002 -6.862598e-003
 1.700000e+001 -1.129168e-002 -5.297466e-003
 1.750000e+001 -1.171617e-002 -4.332291e-003
 1.800000e+001 -1.252927e-002 -2.463231e-003
 1.850000e+001 -1.366143e-002 -3.060388e-003
 1.900000e+001 -1.512103e-002 -2.624481e-003
 1.950000e+001 -1.746816e-002 -2.295603e-003
 2.000000e+001 -2.124367e-002 -1.703894e-003
 2.050000e+001 -2.773262e-002 -6.765961e-004
 2.100000e+001 -3.750804e-002  1.011912e-003
 2.150000e+001 -6.447987e-002  3.781205e-003
 2.200000e+001 -1.340640e-001  9.554881e-002
 2.250000e+001  1.326280e-001  5.204088e-002
 2.300000e+001  5.388793e-002  7.875822e-003
 2.350000e+001  3.279216e-002  2.455150e-003
 2.400000e+001  2.391354e-002  7.778850e-004
 2.450000e+001  1.903336e-002  5.866946e-004
 2.500000e+001  1.550947e-002  3.976626e-004
 2.550000e+001  1.309436e-002  3.802820e-004
 2.600000e+001  1.135692e-002  8.695309e-005
 2.650000e+001  9.982967e-003  2.328304e-004
 2.700000e+001  8.894378e-003  4.348908e-004
 2.750000e+001  8.134599e-003  7.234209e-004
 2.800000e+001  7.245545e-003  7.382967e-004
 2.850000e+001  6.667748e-003  1.373858e-003
 2.900000e+001  5.917031e-003  2.341671e-003
 2.950000e+001  4.932352e-003  5.625175e-003
 3.000000e+001  1.175548e-002 -4.223460e-002
 3.050000e+001  6.290606e-003 -5.420917e-003
 3.100000e+001  5.557591e-003 -3.064207e-003
 3.150000e+001  5.192191e-003 -2.236965e-003
 3.200000e+001  4.948191e-003 -1.696403e-003
 3.250000e+001  4.551236e-003 -1.640364e-003
 3.300000e+001  4.296232e-003 -1.414029e-003
 3.350000e+001  4.173143e-003 -1.232755e-003
 3.400000e+001  3.994372e-003 -1.097349e-003
 3.450000e+001  3.810643e-003 -9.674246e-004
 3.500000e+001  3.666712e-003 -8.731509e-004
 3.550000e+001  3.598115e-003 -8.791285e-004
 3.600000e+001  3.471835e-003 -8.120518e-004
 3.650000e+001  3.368635e-003 -8.227191e-004
 3.700000e+001  3.239113e-003 -5.816867e-004
 3.750000e+001  3.247065e-003 -7.095635e-004
 3.800000e+001  3.044984e-003 -5.967660e-004
 3.850000e+001  3.004699e-003 -6.048929e-004
 3.900000e+001  2.873334e-003 -6.304410e-004
 3.950000e+001  2.933381e-003 -6.355266e-004
 4.000000e+001  2.780870e-003 -4.354493e-004
 4.050000e+001  2.823433e-003 -4.844195e-004
 4.100000e+001  2.732738e-003 -5.758051e-004
 4.150000e+001  2.714608e-003 -5.484780e-004
 4.200000e+001  2.726494e-003 -5.812251e-004
 4.250000e+001  2.572048e-003 -4.434393e-004
 4.300000e+001  2.610331e-003 -5.239137e-004
 4.350000e+001  2.659490e-003 -5.669535e-004
 4.400000e+001  2.574334e-003 -4.842235e-004
 4.450000e+001  2.771852e-003 -8.351219e-004
 4.500000e+001  2.437389e-003 -5.728470e-004
 4.550000e+001  2.048243e-003 -9.183918e-005
 4.600000e+001  2.253321e-003 -3.366175e-004
 4.650000e+001  2.214964e-003 -2.141548e-004
 4.700000e+001  2.162975e-003 -2.675031e-004
 4.750000e+001  2.147167e-003 -1.363489e-004
 4.800000e+001  2.095775e-003 -3.793937e-004
 4.850000e+001  2.173915e-003 -2.370792e-004
 4.900000e+001  2.243420e-003 -2.290577e-004
 4.950000e+001  2.138043e-003 -2.703157e-004
 5.000000e+001  2.123351e-003 -1.386385e-004
 5.050000e+001  2.071827e-003 -3.230543e-004
 5.100000e+001  2.063159e-003 -2.602593e-004
 5.150000e+001  2.037401e-003 -2.876949e-004
 5.200000e+001  2.161640e-003 -3.172159e-004
 5.250000e+001  2.069950e-003 -2.356063e-004
 5.300000e+001  2.048240e-003 -3.694771e-006
 5.350000e+001  2.120784e-003 -1.360231e-004
 5.400000e+001  2.068287e-003 -9.521603e-005
 5.450000e+001  1.994791e-003 -1.822419e-004
 5.500000e+001  2.017721e-003 -1.951647e-004
 5.550000e+001  2.103139e-003 -6.719022e-005
 5.600000e+001  1.969750e-003 -1.521528e-004
 5.650000e+001  1.940658e-003 -8.466022e-005
 5.700000e+001  1.947350e-003 -1.139393e-004
 5.750000e+001  2.051009e-003 -2.275761e-005
 5.800000e+001  1.840628e-003  1.112855e-005
 5.850000e+001  2.011974e-003 -1.619859e-004
 5.900000e+001  2.172212e-003 -1.068304e-004
 5.950000e+001  2.188207e-003 -1.945934e-005
 6.000000e+001  1.343492e-003  5.323677e-004
 6.050000e+001  1.780270e-003 -3.338453e-005
 6.100000e+001  2.087533e-003  1.509181e-004
 6.150000e+001  1.975085e-003 -1.994442e-005
 6.200000e+001  2.151267e-003 -1.019491e-004
 6.250000e+001  1.975848e-003  5.971740e-005
 6.300000e+001  2.159402e-003 -1.314883e-005
 6.350000e+001  2.143346e-003  5.302181e-005
 6.400000e+001  2.076929e-003 -1.868876e-005
 6.450000e+001  2.091099e-003  4.232934e-005
 6.500000e+001  2.265216e-003  6.272943e-005
 6.550000e+001  2.251784e-003  9.579878e-005
 6.600000e+001  2.247027e-003  1.308497e-004
 6.650000e+001  2.269966e-003  4.725394e-005
 6.700000e+001  2.393340e-003  5.397127e-005
 6.750000e+001  2.308561e-003 -1.225269e-004
 6.800000e+001  2.524652e-003  1.117963e-004
 6.850000e+001  2.448657e-003  1.435485e-005
 6.900000e+001  2.579219e-003  1.945931e-004
 6.950000e+001  2.756053e-003  1.107470e-004
 7.000000e+001  2.802868e-003  2.348798e-004
 7.050000e+001  2.888398e-003  1.087072e-004
 7.100000e+001  3.014486e-003  2.334789e-004
 7.150000e+001  3.333039e-003  1.714839e-004
 7.200000e+001  3.265451e-003 -1.124799e-004
 7.250000e+001  3.470590e-003  6.406917e-005
 7.300000e+001  3.636958e-003  1.028112e-004
 7.350000e+001  3.813980e-003  2.916246e-005
 7.400000e+001  4.259699e-003  1.903581e-004
 7.450000e+001  4.655459e-003  1.277946e-004
 7.500000e+001  4.946037e-003  3.414664e-004
 7.550000e+001  5.557534e-003  2.180622e-004
 7.600000e+001  6.254970e-003  1.553069e-004
 7.650000e+001  7.583186e-003  4.942758e-005
 7.700000e+001  8.606062e-003 -3.303663e-005
 7.750000e+001  1.182030e-002 -3.573338e-004
 7.800000e+001  1.660221e-002 -2.243935e-003
 7.850000e+001  2.807296e-002 -1.021861e-002
 7.900000e+001  1.396490e-002 -7.084262e-002
 7.950000e+001 -2.643474e-002 -1.511642e-002
 8.000000e+001 -1.483982e-002 -4.703855e-003
 8.050000e+001 -9.797952e-003 -2.581626e-003
 8.100000e+001 -7.167972e-003 -1.548404e-003
 8.150000e+001 -5.798485e-003 -1.175644e-003
 8.200000e+001 -4.793630e-003 -8.833737e-004
 8.250000e+001 -3.756166e-003 -6.510395e-004
 8.300000e+001 -3.353187e-003 -4.568484e-004
 8.350000e+001 -2.890486e-003 -4.002186e-004
 8.400000e+001 -2.584048e-003 -2.736787e-004
 8.450000e+001 -2.263252e-003 -2.855545e-004
 8.500000e+001 -2.052287e-003 -2.775250e-004
 8.550000e+001 -1.700732e-003 -2.788762e-004
 8.600000e+001 -1.728230e-003 -1.988189e-004
 8.650000e+001 -1.389920e-003 -2.393422e-004
 8.700000e+001 -1.409753e-003 -3.201576e-004
 8.750000e+001 -1.157191e-003 -3.249909e-004
 8.800000e+001 -1.010572e-003 -9.414516e-005
 8.850000e+001 -8.948990e-004 -2.825949e-004
 8.900000e+001 -7.656635e-004 -1.749142e-004
 8.950000e+001 -3.804870e-004 -4.016108e-004
 9.000000e+001 -1.778823e-003  4.315944e-004
 9.050000e+001 -1.195731e-003  1.408898e-004
 9.100000e+001 -9.276227e-004  1.296162e-004
 9.150000e+001 -8.882291e-004  1.325180e-004
 9.200000e+001 -8.390221e-004  7.307477e-005
 9.250000e+001 -8.062478e-004  2.907599e-005
 9.300000e+001 -6.041985e-004  1.983361e-004
 9.350000e+001 -5.303959e-004  1.220123e-004
 9.400000e+001 -5.988949e-004  5.298049e-005
 9.450000e+001 -5.285352e-004  5.373197e-005
 9.500000e+001 -4.419243e-004  1.498837e-004
 9.550000e+001 -4.261206e-004  4.577611e-005
 9.600000e+001 -5.237355e-004  8.029731e-005
 9.650000e+001 -3.943736e-004  9.213702e-005
 9.700000e+001 -4.120119e-004  3.225862e-005
 9.750000e+001 -3.692319e-004  1.030825e-004
 9.800000e+001 -3.289528e-004  1.262311e-004
 9.850000e+001 -3.783430e-004  7.628181e-005
 9.900000e+001 -3.675781e-004  1.490072e-004
 9.950000e+001 -1.941190e-004  6.824012e-005
 1.000000e+002 -2.455635e-004  6.688234e-005
 1.005000e+002 -2.244448e-004  9.778419e-005
 1.010000e+002 -3.360029e-004  8.656916e-005
 1.015000e+002 -2.433970e-004  1.420050e-004
 1.020000e+002 -1.862082e-004  2.090822e-004
 1.025000e+002 -1.942798e-004  1.456707e-004
 1.030000e+002 -1.278959e-004  9.652539e-005
 1.035000e+002 -9.816085e-005  7.156179e-005
 1.040000e+002  2.825212e-005  3.628625e-005
 1.045000e+002  5.767430e-004 -1.264943e-004
 1.050000e+002 -1.119694e-003  5.601630e-004
 1.055000e+002 -5.598237e-004  2.387020e-004
 1.060000e+002 -2.728979e-004  2.654528e-004
 1.065000e+002 -4.194652e-004  2.390024e-004
 1.070000e+002 -2.753426e-004  1.516627e-004
 1.075000e+002 -2.566732e-004  3.169386e-004
 1.080000e+002 -1.713889e-004  2.316655e-004
 1.085000e+002 -1.210066e-004  1.741176e-004
 1.090000e+002  1.481247e-005  2.369256e-004
 1.095000e+002 -5.554363e-005  2.505002e-004
 1.100000e+002  2.337911e-006  1.010014e-004
 1.105000e+002  3.984037e-005  9.290122e-005
 1.110000e+002 -8.330588e-005  4.234592e-005
 1.115000e+002 -5.876476e-005  7.039616e-005
 1.120000e+002 -2.518457e-004 -2.402851e-004
 1.125000e+002 -3.053048e-004  9.169368e-005
 1.130000e+002 -3.073803e-004  3.023439e-004
 1.135000e+002 -2.593946e-004  8.307182e-005
 1.140000e+002 -1.477512e-004  3.498894e-004
 1.145000e+002 -2.348003e-004  1.871562e-004
 1.150000e+002 -7.899207e-005  2.077515e-004
 1.155000e+002 -1.184597e-004  2.770718e-004
 1.160000e+002 -3.081440e-004  1.940184e-004
 1.165000e+002 -8.122391e-005  1.478041e-004
 1.170000e+002 -1.500433e-004  2.559936e-004
 1.175000e+002 -3.821283e-005  2.152071e-004
 1.180000e+002 -8.885728e-005  3.014622e-004
 1.185000e+002  3.911260e-005  3.512806e-004
 1.190000e+002 -4.087364e-005  3.395580e-004
 1.195000e+002  2.828907e-004  5.407482e-004
 1.200000e+002  2.935827e-004  1.347202e-003
 1.205000e+002 -5.913408e-004 -4.881876e-005
 1.210000e+002 -2.962506e-004  9.370716e-005
 1.215000e+002 -3.280646e-004  9.255372e-006
 1.220000e+002 -4.001910e-004  1.832985e-004
 1.225000e+002 -3.079273e-004  2.568092e-004
 1.230000e+002 -2.152926e-004  2.743428e-004
 1.235000e+002 -2.794434e-004  1.047845e-004
 1.240000e+002 -2.207577e-004  1.319296e-004
 1.245000e+002 -1.803897e-004  2.096723e-004
 1.250000e+002 -2.294066e-004  1.840539e-004
 1.255000e+002 -2.783341e-004  1.320152e-004
 1.260000e+002 -2.526335e-004  2.059203e-004
 1.265000e+002 -3.234008e-004  1.390174e-004
 1.270000e+002 -1.521714e-004  1.576466e-004
 1.275000e+002 -2.413063e-004  1.573168e-004
 1.280000e+002 -1.728844e-004  2.887989e-004
 1.285000e+002 -2.981665e-004  2.134175e-004
 1.290000e+002 -1.427436e-004  3.260915e-004
 1.295000e+002 -2.922373e-004  2.923216e-004
 1.300000e+002 -1.621587e-004  2.023236e-004
 1.305000e+002 -2.009316e-004  2.082064e-004
 1.310000e+002 -2.533576e-004  3.682564e-004
 1.315000e+002 -3.229957e-004  2.084861e-004
 1.320000e+002 -3.953471e-004  3.293045e-004
 1.325000e+002 -2.385183e-004  2.993198e-004
 1.330000e+002 -4.606501e-004  3.956420e-004
 1.335000e+002 -4.517579e-004  3.473531e-004
 1.340000e+002 -6.297263e-004  4.970886e-004
 1.345000e+002 -2.111181e-003  9.087190e-004
 1.350000e+002  4.552439e-004 -5.382447e-004
 1.355000e+002  3.112186e-004  3.465484e-005
 1.360000e+002 -4.583518e-006  3.606206e-006
 1.365000e+002  5.528641e-005  1.297749e-004
 1.370000e+002  1.284522e-005  1.529691e-004
 1.375000e+002 -4.759300e-005  1.806344e-004
 1.380000e+002 -6.721479e-005  1.091117e-004
 1.385000e+002 -1.235985e-004  1.543449e-004
 1.390000e+002 -1.758844e-004  1.359165e-004
 1.395000e+002 -5.851538e-005  2.552405e-004
 1.400000e+002 -1.708791e-004  7.316998e-005
 1.405000e+002 -7.123115e-005  1.993103e-004
 1.410000e+002 -1.338682e-004  2.154639e-004
 1.415000e+002 -8.243775e-005  2.279886e-004
 1.420000e+002 -1.472456e-004  1.029993e-004
 1.425000e+002 -1.407891e-004  2.619629e-004
 1.430000e+002 -6.118094e-005  1.317799e-004
 1.435000e+002 -2.131492e-004  1.245057e-004
 1.440000e+002 -1.768405e-005  1.537709e-004
 1.445000e+002 -6.035427e-005  2.591233e-004
 1.450000e+002 -1.696608e-004  1.399784e-004
 1.455000e+002 -1.467443e-004  1.793273e-004
 1.460000e+002 -1.732902e-004  1.352662e-004
 1.465000e+002 -4.703399e-005  1.829360e-004
 1.470000e+002 -1.120040e-004  2.243785e-004
 1.475000e+002 -2.841264e-004  5.109256e-005
 1.480000e+002 -1.141546e-004  1.328090e-004
 1.485000e+002 -1.962878e-004  1.572683e-004
 1.490000e+002 -4.079558e-004  1.223668e-004
 1.495000e+002 -6.470989e-004  4.976084e-004
 1.500000e+002  5.088467e-004  6.941955e-004
 1.505000e+002  9.582826e-005  2.993713e-004
 1.510000e+002 -9.910423e-005  1.855233e-004
 1.515000e+002  2.361652e-005  2.638994e-004
 1.520000e+002 -5.785485e-005  1.237235e-004
 1.525000e+002  3.691589e-005  1.294779e-004
 1.530000e+002 -2.343479e-004  2.458607e-004
 1.535000e+002 -7.826229e-005  2.565558e-004
 1.540000e+002 -1.940765e-004  1.770406e-004
 1.545000e+002 -2.590400e-004  1.444721e-004
 1.550000e+002 -1.591614e-004  1.573035e-004
 1.555000e+002 -1.610486e-004  2.422897e-004
 1.560000e+002 -1.106453e-005  1.559874e-004
 1.565000e+002 -2.447848e-004  1.748760e-004
 1.570000e+002 -2.275061e-004  1.314911e-004
 1.575000e+002 -1.615217e-004  2.145465e-004
 1.580000e+002 -1.903542e-004  4.924968e-005
 1.585000e+002 -1.115694e-004  1.754627e-004
 1.590000e+002 -6.620788e-005  1.486036e-004
 1.595000e+002 -6.672055e-005  1.051843e-004
 1.600000e+002 -1.988492e-004  6.510330e-005
 1.605000e+002 -1.241936e-004  1.367496e-004
 1.610000e+002 -1.348342e-004  2.028140e-004
 1.615000e+002 -7.226210e-005  3.509341e-005
 1.620000e+002  1.491995e-006  1.035751e-004
 1.625000e+002 -1.290694e-005  5.243461e-005
 1.630000e+002  4.076102e-005  2.822990e-005
 1.635000e+002  3.273655e-005  1.371183e-004
 1.640000e+002  2.479674e-004 -1.433585e-004
 1.645000e+002  2.247637e-003 -2.711687e-004
 1.650000e+002 -1.377001e-003  2.991263e-004
 1.655000e+002 -4.915647e-004  1.900411e-004
 1.660000e+002 -4.872307e-004  1.045907e-004
 1.665000e+002 -4.013923e-004  2.063571e-004
 1.670000e+002 -1.374736e-004  2.260569e-004
 1.675000e+002 -3.668202e-004 -1.105867e-005
 1.680000e+002 -2.601190e-004  2.180886e-004
 1.685000e+002 -3.593409e-004  2.084321e-004
 1.690000e+002 -3.826888e-004  2.632195e-004
 1.695000e+002 -3.508712e-004  1.315886e-004
 1.700000e+002 -3.588935e-004 -2.834989e-005
 1.705000e+002 -3.503802e-004  1.196015e-004
 1.710000e+002 -1.967462e-004  9.459020e-005
 1.715000e+002 -2.275457e-004  1.080010e-004
 1.720000e+002 -7.942219e-005 -8.105179e-005
 1.725000e+002 -2.498194e-004  5.773670e-005
 1.730000e+002 -1.937855e-004 -8.778796e-006
 1.735000e+002 -1.669849e-004 -3.543296e-005
 1.740000e+002 -2.053294e-004  1.937654e-004
 1.745000e+002 -2.388408e-004  1.776178e-005
 1.750000e+002 -2.752043e-004 -7.410295e-005
 1.755000e+002 -3.300794e-004 -3.446521e-005
 1.760000e+002 -4.393831e-004 -5.532413e-005
 1.765000e+002 -2.880364e-004  5.692508e-005
 1.770000e+002 -2.306385e-004  1.631640e-005
 1.775000e+002 -2.409687e-004 -1.975664e-004
 1.780000e+002 -1.983629e-004 -6.710641e-005
 1.785000e+002 -8.389382e-005 -4.034991e-004
 1.790000e+002 -1.560305e-004 -7.339386e-004
 1.795000e+002  1.968171e-003 -3.763373e-003
 1.800000e+002 -9.162717e-004  1.543613e-003
 1.805000e+002 -5.099834e-004  6.290810e-004
 1.810000e+002 -4.432383e-004  4.382194e-004
 1.815000e+002 -2.837659e-004  4.105959e-004
 1.820000e+002 -3.470625e-004  1.954087e-004
 1.825000e+002 -1.490464e-004  3.386188e-004
 1.830000e+002 -2.541847e-004  3.642061e-004
 1.835000e+002 -3.350419e-004  2.449837e-004
 1.840000e+002 -3.463100e-004  1.779437e-004
 1.845000e+002 -1.512135e-004  1.203238e-004
 1.850000e+002 -3.306970e-004  2.601520e-004
 1.855000e+002 -3.551865e-004  1.457736e-004
 1.860000e+002 -3.395852e-004  3.018391e-004
 1.865000e+002 -3.138099e-004  1.433769e-004
 1.870000e+002 -2.833838e-004  1.789183e-004
 1.875000e+002 -3.461793e-004  1.915919e-004
 1.880000e+002 -2.669974e-004  1.501028e-004
 1.885000e+002 -2.553816e-004  1.845306e-004
 1.890000e+002 -3.701390e-004  1.281698e-004
 1.895000e+002 -3.901087e-004 -1.122407e-005
 1.900000e+002 -2.897730e-004  1.616113e-004
 1.905000e+002 -2.746001e-004  1.243243e-004
 1.910000e+002 -2.746695e-004 -8.485926e-006
 1.915000e+002 -3.819468e-004  2.530488e-004
 1.920000e+002 -2.609656e-004 -1.487064e-005
 1.925000e+002 -1.864985e-004  2.750995e-004
 1.930000e+002 -2.153969e-004  1.815016e-004
 1.935000e+002 -3.328323e-004  1.248406e-005
 1.940000e+002 -1.816963e-004 -4.791986e-005
 1.945000e+002  1.043064e-003  1.289920e-005
 1.950000e+002 -5.883982e-004  2.975237e-004
 1.955000e+002 -4.413164e-004  7.003385e-005
 1.960000e+002 -3.244170e-004  9.411722e-005
 1.965000e+002 -3.119170e-004  2.411626e-004
 1.970000e+002 -4.273455e-004  9.453745e-006
 1.975000e+002 -3.181933e-004  1.217678e-005
 1.980000e+002 -3.812016e-004  8.388936e-005
 1.985000e+002 -2.241228e-004  1.482053e-004
 1.990000e+002 -2.258341e-004  1.324637e-004
 1.995000e+002 -3.122070e-004  5.470895e-005
 2.000000e+002 -3.551218e-004  1.711106e-004
 2.005000e+002 -2.636146e-004 -7.615207e-005
 2.010000e+002 -2.181860e-004  5.183271e-005
 2.015000e+002 -2.489319e-004  5.999047e-005
 2.020000e+002 -2.090236e-004  1.058849e-004
 2.025000e+002 -1.880167e-004  1.222000e-004
 2.030000e+002 -2.688737e-004 -4.850690e-005
 2.035000e+002 -9.247595e-005  2.206618e-004
 2.040000e+002 -4.304893e-004  8.675671e-005
 2.045000e+002 -3.623853e-004  2.276679e-005
 2.050000e+002 -2.633050e-004  4.322459e-005
 2.055000e+002 -3.111298e-004  1.530396e-005
 2.060000e+002 -1.242887e-004  7.553021e-005
 2.065000e+002 -3.096351e-004 -8.621708e-006
 2.070000e+002 -3.210307e-004  1.521967e-004
 2.075000e+002 -3.078706e-004  5.037883e-005
 2.080000e+002 -3.552348e-004  1.552737e-004
 2.085000e+002 -2.510095e-004  1.336338e-004
 2.090000e+002 -3.676472e-004  3.372866e-004
 2.095000e+002 -1.276097e-003  1.727770e-003
 2.100000e+002 -9.727956e-005 -3.523964e-004
 2.105000e+002 -2.991253e-004 -1.927613e-004
 2.110000e+002 -2.240422e-004 -5.459827e-005
 2.115000e+002 -1.993673e-004 -9.159542e-005
 2.120000e+002 -2.177969e-004 -5.186628e-005
 2.125000e+002 -2.917962e-004 -7.759126e-005
 2.130000e+002 -2.165733e-004 -2.052715e-004
 2.135000e+002 -3.808990e-004 -1.856841e-004
 2.140000e+002 -2.855855e-004  2.218972e-005
 2.145000e+002 -2.621190e-004 -6.369131e-006
 2.150000e+002 -2.166522e-004 -2.514458e-005
 2.155000e+002 -1.313497e-004 -7.869653e-006
 2.160000e+002 -2.681490e-004 -1.606128e-004
 2.165000e+002 -3.568887e-004 -6.618706e-006
 2.170000e+002 -2.523152e-004 -8.397876e-005
 2.175000e+002 -2.348932e-004 -2.377611e-004
 2.180000e+002 -2.991720e-004 -8.171038e-005
 2.185000e+002 -9.161165e-005  3.622799e-005
 2.190000e+002 -2.416910e-004  5.961288e-005
 2.195000e+002 -2.521554e-004 -1.073781e-004
 2.200000e+002 -3.153012e-004 -4.289837e-005
 2.205000e+002 -3.429087e-004 -6.758845e-005
 2.210000e+002 -1.720143e-004  1.189209e-005
 2.215000e+002 -2.727839e-004 -9.435508e-005
 2.220000e+002 -3.425881e-004 -2.001857e-005
 2.225000e+002 -2.673617e-004 -9.989321e-005
 2.230000e+002 -1.311151e-004 -7.994118e-005
 2.235000e+002 -1.223142e-004  7.454177e-006
 2.240000e+002 -2.983548e-004 -8.057938e-005
 2.245000e+002  3.769011e-004 -5.261117e-004
 2.250000e+002 -3.162175e-004 -1.975382e-004
 2.255000e+002 -2.445901e-005 -2.122488e-004
 2.260000e+002 -1.885237e-004 -1.897556e-004
 2.265000e+002 -2.325903e-004 -1.145585e-004
 2.270000e+002 -8.779702e-005 -2.306838e-004
 2.275000e+002 -1.714308e-004 -6.570571e-005
 2.280000e+002 -1.793094e-004 -2.997441e-004
 2.285000e+002 -2.490998e-004 -1.107559e-004
 2.290000e+002 -1.605041e-004 -1.104021e-004
 2.295000e+002 -7.949288e-005 -9.377101e-005
 2.300000e+002 -1.284153e-004 -6.391919e-006
 2.305000e+002 -3.778842e-005 -2.882926e-004
 2.310000e+002 -1.153147e-004 -1.892059e-004
 2.315000e+002 -2.452115e-004 -6.407348e-005
 2.320000e+002 -8.142029e-005 -1.979887e-004
 2.325000e+002  2.070119e-005 -2.286759e-006
 2.330000e+002 -2.402952e-004 -1.135811e-004
 2.335000e+002 -4.839830e-005 -3.656167e-004
 2.340000e+002  1.911712e-005 -3.772429e-004
 2.345000e+002 -7.700317e-006 -1.242784e-004
 2.350000e+002 -1.689096e-004 -3.247714e-004
 2.355000e+002  1.484847e-004 -5.779649e-004
 2.360000e+002 -1.268101e-004 -4.236980e-004
 2.365000e+002 -2.447000e-004 -3.914281e-004
 2.370000e+002 -1.372098e-004 -6.297514e-004
 2.375000e+002 -4.228781e-004 -4.185144e-004
 2.380000e+002 -4.737026e-004 -4.639141e-004
 2.385000e+002 -6.566839e-004 -5.131980e-004
 2.390000e+002 -6.216275e-004 -6.143758e-004
 2.395000e+002 -1.256857e-004 -1.093424e-003
 2.400000e+002 -7.412647e-004 -4.949698e-004
 2.405000e+002 -1.085126e-004 -9.107437e-005
 2.410000e+002 -3.270736e-004 -1.214190e-004
 2.415000e+002 -3.236423e-004 -4.850497e-005
 2.420000e+002 -2.423520e-004 -7.529934e-005
 2.425000e+002 -2.056796e-004 -1.144914e-004
 2.430000e+002 -2.978346e-004 -2.532661e-004
 2.435000e+002 -2.998794e-004 -3.405191e-004
 2.440000e+002 -2.686458e-004 -9.168194e-005
 2.445000e+002 -3.824058e-004 -3.743773e-004
 2.450000e+002 -2.689421e-004 -2.068092e-004
 2.455000e+002 -1.076390e-004 -1.964600e-004
 2.460000e+002 -3.359631e-004 -4.247318e-004
 2.465000e+002 -2.149406e-004 -1.161465e-004
 2.470000e+002 -2.338184e-004 -3.419881e-004
 2.475000e+002 -4.079742e-004 -1.479434e-004
 2.480000e+002 -3.243818e-004 -2.255977e-004
 2.485000e+002 -4.901432e-004 -4.981598e-004
 2.490000e+002 -4.856167e-004 -3.356124e-004
 2.495000e+002 -5.211727e-004 -2.122888e-004
 2.500000e+002 -5.336418e-004 -1.564969e-004
 2.505000e+002 -4.257862e-004 -1.688551e-004
 2.510000e+002 -5.265234e-004 -2.128645e-004
 2.515000e+002 -3.720647e-004 -1.627030e-004
 2.520000e+002 -3.717459e-004 -8.871777e-005
 2.525000e+002 -4.590086e-004 -1.004762e-004
 2.530000e+002 -2.817528e-004 -4.338022e-005
 2.535000e+002 -2.656989e-004  1.547412e-004
 2.540000e+002 -7.836666e-004  2.283643e-004
 2.545000e+002  8.215508e-004  3.753964e-004
 2.550000e+002 -3.028247e-004 -2.763445e-004
 2.555000e+002 -4.039852e-004 -3.220330e-004
 2.560000e+002 -3.635235e-004 -2.063017e-004
 2.565000e+002 -2.346312e-004 -1.629235e-004
 2.570000e+002 -2.663200e-004 -2.087641e-004
 2.575000e+002 -3.007165e-004 -1.997955e-004
 2.580000e+002 -1.847021e-005 -2.099589e-004
 2.585000e+002 -3.167387e-004 -2.057610e-004
 2.590000e+002 -2.729208e-004 -2.186487e-004
 2.595000e+002 -3.135163e-004 -2.002087e-004
 2.600000e+002 -1.781489e-004 -1.447136e-004
 2.605000e+002 -2.637892e-004 -2.364342e-004
 2.610000e+002 -1.586785e-004 -1.403888e-004
 2.615000e+002 -3.064654e-004 -2.463126e-005
 2.620000e+002 -4.386592e-004 -4.632608e-005
 2.625000e+002 -1.814287e-004 -4.661253e-005
 2.630000e+002 -1.999947e-004 -1.557860e-004
 2.635000e+002 -2.973530e-005 -2.462677e-004
 2.640000e+002 -1.480261e-004 -1.608123e-004
 2.645000e+002  2.871870e-006 -2.331141e-004
 2.650000e+002 -2.082627e-004 -7.675101e-005
 2.655000e+002 -1.642753e-004  1.147985e-004
 2.660000e+002 -1.460939e-004  7.290999e-005
 2.665000e+002 -1.323487e-004 -1.772615e-004
 2.670000e+002 -2.472439e-004 -1.986459e-004
 2.675000e+002 -1.637866e-004  9.579971e-005
 2.680000e+002 -1.928041e-005 -6.973755e-005
 2.685000e+002 -1.863750e-004 -1.477230e-004
 2.690000e+002  1.960861e-004  2.577923e-004
 2.695000e+002 -2.313348e-004 -3.923731e-004
 2.700000e+002 -2.960056e-004 -3.970191e-005
 2.705000e+002 -2.688125e-004 -1.529916e-004
 2.710000e+002 -1.703242e-004 -1.478339e-004
 2.715000e+002 -3.514126e-004 -1.172167e-004
 2.720000e+002 -2.066965e-004 -1.711844e-004
 2.725000e+002 -1.652302e-004 -1.667504e-004
 2.730000e+002 -8.237423e-005 -1.153688e-004
 2.735000e+002 -8.165592e-005 -3.686114e-004
 2.740000e+002 -1.061246e-004 -1.126778e-004
 2.745000e+002 -1.379987e-004 -3.795557e-004
 2.750000e+002 -2.282807e-005 -1.907048e-004
 2.755000e+002 -2.482926e-005 -5.998134e-006
 2.760000e+002 -6.359894e-005 -1.784828e-004
 2.765000e+002 -1.506697e-004 -1.406305e-004
 2.770000e+002 -1.548148e-004 -1.740553e-005
 2.775000e+002 -1.795471e-004 -1.854833e-004
 2.780000e+002 -2.280380e-004 -2.192127e-004
 2.785000e+002 -2.533330e-005 -1.298631e-004
 2.790000e+002 -6.579572e-005 -2.043977e-004
 2.795000e+002  2.328015e-004 -1.751935e-005
 2.800000e+002 -6.410170e-005 -1.054038e-004
 2.805000e+002 -1.244589e-004 -1.199068e-004
 2.810000e+002 -8.783189e-005 -2.671383e-004
 2.815000e+002 -5.132995e-005 -1.610869e-004
 2.820000e+002 -1.728246e-004 -2.565303e-004
 2.825000e+002 -7.912606e-005 -8.563822e-005
 2.830000e+002 -1.839518e-004 -1.499011e-004
 2.835000e+002 -2.662153e-005 -8.851566e-005
 2.840000e+002 -8.991665e-006  1.413499e-004
 2.845000e+002 -4.075442e-004  2.188892e-004
 2.850000e+002 -2.573393e-004 -5.984028e-005
 2.855000e+002 -3.381913e-004 -9.456507e-005
 2.860000e+002 -3.721305e-004 -2.576979e-004
 2.865000e+002 -2.815287e-004 -1.156590e-004
 2.870000e+002 -2.984397e-004 -2.589438e-006
 2.875000e+002 -1.969392e-004 -6.582050e-005
 2.880000e+002 -2.105903e-004 -1.214955e-004
 2.885000e+002 -2.271775e-004 -1.708262e-004
 2.890000e+002 -1.160028e-004  1.253653e-004
 2.895000e+002 -2.182046e-004  7.243353e-005
 2.900000e+002 -7.251011e-005  1.827227e-004
 2.905000e+002 -1.255868e-004  3.010738e-004
 2.910000e+002  1.735770e-004 -5.602477e-004
 2.915000e+002  5.460806e-005 -1.781628e-004
 2.920000e+002 -1.209239e-004 -1.992700e-004
 2.925000e+002  8.552361e-005  7.050282e-005
 2.930000e+002 -1.021801e-004 -4.014635e-004
 2.935000e+002  1.084989e-004  2.060766e-004
 2.940000e+002 -5.214250e-005 -1.366728e-004
 2.945000e+002  1.954444e-004  3.255226e-004
 2.950000e+002 -7.606850e-005  3.378559e-004
 2.955000e+002 -4.945505e-005 -7.105496e-005
 2.960000e+002  2.579298e-007 -1.762952e-004
 2.965000e+002 -1.156626e-004 -4.415636e-004
 2.970000e+002  6.851852e-005  4.012434e-005
 2.975000e+002 -1.633079e-005  2.382308e-005
 2.980000e+002  2.941710e-004  9.981093e-006
 2.985000e+002  5.098140e-004 -2.761501e-005
 2.990000e+002 -3.425846e-004  3.917874e-004
 2.995000e+002 -4.369056e-005 -1.375600e-004
 3.000000e+002  3.980437e-004 -1.307930e-004
 3.005000e+002  7.551764e-005 -3.169591e-004
 3.010000e+002  2.683535e-004  1.948037e-005
 3.015000e+002  2.565337e-004  2.008042e-004
 3.020000e+002  2.834052e-004 -2.784491e-004
 3.025000e+002 -1.398651e-004  2.005282e-004
 3.030000e+002  1.365717e-004 -3.912170e-004
 3.035000e+002  1.267639e-004 -4.416406e-004
 3.040000e+002 -8.310567e-005 -5.501998e-006
 3.045000e+002 -6.736010e-005 -2.866167e-004
 3.050000e+002  8.254506e-005 -4.092591e-004
 3.055000e+002  1.025868e-004 -2.320994e-004
 3.060000e+002 -2.311922e-005  8.024612e-005
 3.065000e+002 -1.711650e-004 -3.170225e-004
 3.070000e+002  3.054810e-004  3.303976e-004
 3.075000e+002  2.215177e-004 -4.544466e-004
 3.080000e+002 -1.702546e-004 -2.568684e-004
 3.085000e+002  3.332523e-004  3.447644e-004
 3.090000e+002 -5.059768e-005 -5.306306e-005
 3.095000e+002  2.111673e-004 -6.275675e-004
 3.100000e+002  2.933568e-005 -3.630492e-004
 3.105000e+002  7.944116e-004  3.290763e-004
 3.110000e+002  7.060748e-004 -6.495216e-005
 3.115000e+002 -5.136455e-004  4.268577e-005
 3.120000e+002 -2.591653e-004 -6.420436e-004
 3.125000e+002 -1.277587e-004 -2.351031e-004
 3.130000e+002  3.577642e-004 -5.525259e-005
 3.135000e+002 -5.000020e-004 -2.689692e-004
 3.140000e+002 -4.453476e-004  3.310183e-004
 3.145000e+002 -2.986464e-004 -2.357128e-005
 3.150000e+002 -6.514355e-005  7.005874e-005
 3.155000e+002 -4.995789e-004 -5.299315e-004
 3.160000e+002 -3.703149e-004  1.763802e-004
 3.165000e+002  3.545610e-005  2.885661e-004
 3.170000e+002 -2.707754e-004 -1.844639e-004
 3.175000e+002 -3.319556e-004  3.554514e-004
 3.180000e+002 -3.554270e-004  1.245121e-004
 3.185000e+002 -5.689391e-004 -3.525081e-004
 3.190000e+002 -2.631156e-004 -1.630298e-004
 3.195000e+002  7.147474e-005  4.503897e-004
 3.200000e+002 -2.468652e-005 -2.917941e-005
 3.205000e+002  6.293418e-005 -2.055120e-004
 3.210000e+002 -5.035466e-004  2.310964e-004
 3.215000e+002 -3.453329e-004  1.565768e-004
 3.220000e+002 -4.155116e-004  3.109306e-004
 3.225000e+002 -3.288698e-004  8.030035e-005
 3.230000e+002 -1.389730e-004  7.250450e-004
 3.235000e+002 -2.011968e-004  4.964351e-004
 3.240000e+002 -7.005762e-004  3.157142e-004
 3.245000e+002  1.327522e-006  3.084898e-004
 3.250000e+002 -9.024903e-005  4.283424e-004
 3.255000e+002 -6.004292e-005  4.616519e-004
 3.260000e+002 -2.631224e-004  4.420353e-004
 3.265000e+002  9.347608e-005  5.468472e-004
 3.270000e+002  2.624921e-004  6.971326e-004
 3.275000e+002 -2.353086e-004  8.151722e-004
 3.280000e+002 -1.475824e-004  4.127413e-004
 3.285000e+002 -1.829561e-004  5.909301e-004
 3.290000e+002  7.091708e-005  7.471230e-004
 3.295000e+002  2.648339e-004  5.042904e-004
 3.300000e+002  2.131276e-004  7.831973e-004
 3.305000e+002  5.926009e-004  6.776937e-004
 3.310000e+002  5.943697e-004  9.325450e-004
 3.315000e+002  3.983581e-004  4.521918e-004
 3.320000e+002  3.897291e-004  6.814582e-004
 3.325000e+002  7.080641e-004  7.167995e-004
 3.330000e+002  7.419147e-004  5.176215e-004
 3.335000e+002  5.410932e-004  2.352944e-004
 3.340000e+002  8.076444e-005  3.761347e-004
 3.345000e+002  5.269035e-004  9.210060e-005
 3.350000e+002  6.012888e-004  3.716938e-004
 3.355000e+002  7.427896e-004  1.201763e-004
 3.360000e+002  4.463843e-004  2.057054e-004
 3.365000e+002  7.951325e-004  1.898449e-004
 3.370000e+002  6.167469e-004  2.662665e-004
 3.375000e+002  6.155730e-004  3.143118e-004
 3.380000e+002  5.363152e-004  1.126818e-004
 3.385000e+002  4.508730e-004  2.365128e-004
 3.390000e+002  4.758310e-004  1.213709e-004
 3.395000e+002  3.724227e-004  1.723887e-004
 3.400000e+002  3.855185e-004  1.807963e-004
 3.405000e+002  4.217025e-004  1.820034e-004
 3.410000e+002  3.725851e-004  6.625239e-005
 3.415000e+002  7.011294e-004 -4.264376e-005
 3.420000e+002  3.557355e-004 -3.644072e-005
 3.425000e+002  3.845026e-004 -2.323310e-004
 3.430000e+002  3.396392e-004  1.221695e-004
 3.435000e+002  3.321016e-004 -1.814829e-004
 3.440000e+002  6.119247e-004  2.984565e-004
 3.445000e+002  4.906949e-004  8.118774e-006
 3.450000e+002  4.395765e-004 -4.460405e-005
 3.455000e+002  6.945563e-005  4.651424e-004
 3.460000e+002  3.855782e-004 -2.293483e-005
 3.465000e+002  2.994620e-004 -1.415064e-005
 3.470000e+002  4.023937e-004 -2.793570e-004
 3.475000e+002  4.444005e-004  1.595079e-004
 3.480000e+002  4.178174e-004  6.950529e-005
 3.485000e+002  1.742421e-004  6.822520e-005
 3.490000e+002  1.505809e-004 -5.076212e-005
 3.495000e+002  3.036360e-004 -2.808119e-004
 3.500000e+002  2.245437e-004  1.110637e-004
 3.505000e+002  1.988255e-004 -2.705688e-005
 3.510000e+002  2.019608e-004  5.287555e-005
 3.515000e+002  3.026345e-004 -5.146850e-005
 3.520000e+002  4.196934e-004 -4.853363e-005
 3.525000e+002  2.161393e-004 -5.623875e-005
 3.530000e+002  3.235876e-004  1.807411e-005
 3.535000e+002  3.925855e-004  2.129190e-005
 3.540000e+002  9.014939e-005 -1.835551e-004
 3.545000e+002  1.218729e-004 -2.195005e-004
 3.550000e+002  1.668145e-004 -6.947855e-005
 3.555000e+002  1.834944e-004  6.647057e-005
 3.560000e+002  2.633557e-004  2.266711e-005
 3.565000e+002  4.558593e-004  2.311385e-004
 3.570000e+002  1.312001e-004 -2.137862e-004
 3.575000e+002  4.396572e-004  2.891299e-004
 3.580000e+002  2.784560e-005  2.110437e-004
 3.585000e+002  3.425071e-004 -1.407251e-004
 3.590000e+002  3.600463e-004  6.343381e-005
 3.595000e+002  5.404152e-004  3.111146e-004
 3.600000e+002  6.921833e-004  3.265277e-004
 3.605000e+002  1.488740e-004  5.709866e-005
 3.610000e+002  4.124029e-004  1.284101e-004
 3.615000e+002  2.409887e-004  1.932445e-004
 3.620000e+002  3.379064e-004  6.774212e-005
 3.625000e+002  1.345985e-004  1.818532e-004
 3.630000e+002  2.465509e-004  4.395111e-005
 3.635000e+002  1.997232e-004  7.594424e-005
 3.640000e+002  4.536733e-004 -9.107985e-005
 3.645000e+002  2.096720e-004  2.186124e-004
 3.650000e+002 -4.628555e-005  4.113834e-005
 3.655000e+002  3.407284e-004 -8.992754e-005
 3.660000e+002  3.038855e-004 -7.565494e-005
 3.665000e+002  1.758458e-004 -1.991417e-004
 3.670000e+002  3.536089e-004  5.321893e-005
 3.675000e+002  4.223273e-004  5.523134e-006
 3.680000e+002  5.429153e-004  3.881836e-005
 3.685000e+002  4.165612e-004  5.323880e-005
 3.690000e+002  6.711629e-005  1.236324e-004
 3.695000e+002  2.783094e-004 -1.066244e-004
 3.700000e+002  2.533735e-004  4.755505e-005
 3.705000e+002  2.646023e-004  1.635434e-004
 3.710000e+002  2.478652e-004 -3.459837e-005
 3.715000e+002  3.535035e-004  3.524843e-004
 3.720000e+002  4.709948e-004  6.011686e-006
 3.725000e+002  2.024700e-004  1.192162e-004
 3.730000e+002  2.486820e-004  1.045169e-004
 3.735000e+002  3.159268e-005  2.024035e-004
 3.740000e+002  1.620929e-004 -1.971887e-004
 3.745000e+002  3.772410e-004  2.401032e-004
 3.750000e+002  5.013938e-004  4.463687e-005
 3.755000e+002  3.536411e-004 -3.316950e-005
 3.760000e+002  3.019960e-004  2.251512e-004
 3.765000e+002  1.798768e-004  1.815588e-004
 3.770000e+002  2.933891e-004  3.110417e-004
 3.775000e+002  1.030008e-004  9.595998e-005
 3.780000e+002  3.515013e-004  1.998631e-004
 3.785000e+002  3.985562e-004  3.329489e-005
 3.790000e+002  2.923889e-004 -7.251025e-005
 3.795000e+002  4.209726e-004  8.530396e-005
 3.800000e+002  1.405278e-004  1.660699e-005
 3.805000e+002  4.090732e-004  2.285074e-004
 3.810000e+002  3.220972e-004 -4.610270e-005
 3.815000e+002  3.735733e-004  9.115406e-005
 3.820000e+002  3.044123e-004  3.849107e-005
 3.825000e+002  3.098209e-004  2.377863e-005
 3.830000e+002  4.952315e-004  9.196744e-005
 3.835000e+002  1.303095e-004  1.032021e-004
 3.840000e+002  1.922254e-005  7.998344e-005
 3.845000e+002  1.388018e-004 -6.587399e-005
 3.850000e+002  3.495704e-004 -3.048617e-004
 3.855000e+002  7.260133e-005  6.387247e-005
 3.860000e+002  7.305044e-005  2.695070e-005
 3.865000e+002  1.292175e-005  2.432553e-004
 3.870000e+002  1.507044e-004 -1.229401e-006
 3.875000e+002  1.573343e-005  6.473830e-005
 3.880000e+002  2.523388e-004  4.976724e-005
 3.885000e+002  1.310921e-004  2.357359e-004
 3.890000e+002  2.669273e-004  6.660302e-005
 3.895000e+002  4.693077e-005  5.652093e-005
 3.900000e+002  1.259370e-004  1.009718e-005
 3.905000e+002  1.610859e-004 -3.121340e-005
 3.910000e+002  2.371170e-004  7.718946e-005
 3.915000e+002  5.046617e-004  2.247566e-004
 3.920000e+002  2.385688e-004  1.482162e-004
 3.925000e+002 -1.190638e-004  1.369944e-004
 3.930000e+002  1.053163e-004  2.260030e-004
 3.935000e+002  3.061482e-004  1.850964e-005
 3.940000e+002 -4.054321e-005 -9.027254e-005
 3.945000e+002  2.449284e-004  1.849636e-004
 3.950000e+002  2.247274e-004  2.244211e-004
 3.955000e+002  9.168505e-005  2.231447e-004
 3.960000e+002  1.130017e-004  2.750484e-005
 3.965000e+002  7.173457e-005  5.601534e-005
 3.970000e+002  2.598759e-004  8.034443e-005
 3.975000e+002  1.904186e-004  1.322421e-004
 3.980000e+002  1.159907e-004  4.547200e-005
 3.985000e+002 -2.117235e-005  9.113124e-005
 3.990000e+002  1.068778e-004  1.257021e-004
 3.995000e+002  1.539289e-004  2.086378e-004
 4.000000e+002  1.653297e-004 -3.132231e-005
 4.005000e+002  2.038711e-004 -4.144378e-005
 4.010000e+002  2.448749e-004  9.731683e-005
 4.015000e+002 -1.570263e-005  2.013000e-004
 4.020000e+002  2.097305e-004  2.369938e-004
 4.025000e+002 -8.334326e-005  2.577566e-004
 4.030000e+002 -1.357083e-005  2.914168e-005
 4.035000e+002  1.318214e-004  8.141072e-005
 4.040000e+002  2.086359e-004  1.148984e-004
 4.045000e+002  3.127186e-004  1.762425e-004
 4.050000e+002 -7.972091e-005  3.728981e-004
 4.055000e+002  1.636961e-004  1.817273e-004
 4.060000e+002 -2.353923e-005  8.721404e-005
 4.065000e+002  1.054028e-004 -2.103696e-005
 4.070000e+002 -1.483929e-004  7.614591e-005
 4.075000e+002  2.470493e-004  2.328147e-004
 4.080000e+002  3.260765e-004  3.416962e-004
 4.085000e+002  1.717914e-004  1.022827e-004
 4.090000e+002  5.262904e-005  1.580703e-004
 4.095000e+002 -4.861772e-006  2.048247e-004
 4.100000e+002  9.312391e-005 -1.051284e-004
 4.105000e+002 -3.297023e-005  2.132778e-004
 4.110000e+002 -2.556273e-004  1.306296e-004
 4.115000e+002 -4.342095e-005  7.248294e-005
 4.120000e+002 -1.350259e-005  9.421032e-005
 4.125000e+002  2.404353e-004  1.174617e-004
 4.130000e+002  1.581618e-004  9.465035e-005
 4.135000e+002  9.768727e-005 -1.031355e-004
 4.140000e+002  3.140424e-005  1.121632e-004
 4.145000e+002 -3.917653e-006  2.915327e-005
 4.150000e+002 -6.255950e-005  2.825028e-005
 4.155000e+002  5.559355e-005 -2.335944e-005
 4.160000e+002 -1.253433e-004  1.016689e-004
 4.165000e+002  1.181102e-004  1.846492e-004
 4.170000e+002 -3.301821e-005 -1.869654e-005
 4.175000e+002  2.476814e-005  4.049424e-004
 4.180000e+002  1.058138e-005 -7.151140e-005
 4.185000e+002  4.617361e-006  2.254998e-004
 4.190000e+002 -7.141792e-005  1.997598e-004
 4.195000e+002  1.414223e-004  1.436737e-004
 4.200000e+002  1.308290e-004  2.981401e-004
 4.205000e+002 -1.944957e-005  1.025403e-005
 4.210000e+002 -1.933719e-004  8.281320e-006
 4.215000e+002  3.483787e-005  1.727283e-004
 4.220000e+002  8.323173e-005  1.836147e-004
 4.225000e+002 -8.396849e-005  8.302263e-005
 4.230000e+002 -2.082300e-005  1.897250e-004
 4.235000e+002 -6.441051e-005  1.812876e-004
 4.240000e+002 -2.450205e-005  1.174336e-004
 4.245000e+002  9.435872e-005  2.622989e-005
 4.250000e+002  9.030071e-005 -3.003027e-005
 4.255000e+002  9.268715e-005  1.518185e-004
 4.260000e+002 -5.175722e-005 -3.730770e-005
 4.265000e+002 -4.428870e-005  1.815764e-004
 4.270000e+002 -7.146735e-006  1.127168e-004
 4.275000e+002 -1.559221e-004  9.961138e-005
 4.280000e+002  6.189301e-005  4.846360e-005
 4.285000e+002  1.334773e-004  1.008325e-004
 4.290000e+002  1.303441e-004  1.430892e-004
 4.295000e+002  8.881012e-005 -2.393049e-005
 4.300000e+002 -2.050952e-004  5.664181e-006
 4.305000e+002 -2.115192e-005  3.316884e-005
 4.310000e+002 -1.309188e-004  2.144090e-005
 4.315000e+002  7.604171e-005  6.021072e-005
 4.320000e+002 -3.019857e-006 -2.022958e-005
 4.325000e+002 -1.136002e-004  9.067121e-005
 4.330000e+002 -8.482707e-005  2.559174e-005
 4.335000e+002 -2.562764e-004 -1.638125e-005
 4.340000e+002 -1.626951e-004 -1.384071e-004
 4.345000e+002  4.869781e-006  3.231880e-004
 4.350000e+002  2.313774e-005  3.288812e-005
 4.355000e+002 -9.708536e-005  1.000505e-004
 4.360000e+002  5.066238e-005  3.616592e-004
 4.365000e+002  2.425867e-005  3.287427e-005
 4.370000e+002 -6.664127e-005  1.427860e-004
 4.375000e+002 -1.494736e-007  8.644644e-005
 4.380000e+002  3.998683e-005  9.311976e-005
 4.385000e+002  6.053514e-005  1.528005e-004
 4.390000e+002  1.085074e-004  4.277539e-005
 4.395000e+002  1.422475e-004  1.974359e-004
 4.400000e+002 -5.584669e-005 -3.429015e-005
 4.405000e+002 -2.630287e-005  1.942982e-004
 4.410000e+002  9.851655e-006  9.941448e-005
 4.415000e+002 -8.521890e-005  2.204518e-004
 4.420000e+002 -2.381572e-004  2.334252e-004
 4.425000e+002  1.690872e-004  1.905529e-004
 4.430000e+002 -9.770369e-005  5.485894e-005
 4.435000e+002 -1.138929e-004 -8.634287e-005
 4.440000e+002  1.231339e-005  2.183548e-004
 4.445000e+002 -1.660333e-004 -1.343843e-004
 4.450000e+002 -1.717738e-004 -5.436435e-005
 4.455000e+002 -2.344098e-004  1.713610e-004
 4.460000e+002 -1.844493e-004  2.710247e-004
 4.465000e+002 -1.860233e-004 -1.889589e-005
 4.470000e+002  5.257009e-005  2.404862e-004
 4.475000e+002 -2.262640e-004  2.141420e-004
 4.480000e+002 -6.047821e-005  1.696345e-004
 4.485000e+002 -1.674468e-004 -3.850559e-005
 4.490000e+002  1.493078e-005  1.318698e-004
 4.495000e+002 -1.906319e-004  1.864429e-004
 4.500000e+002 -1.637616e-004 -4.692898e-006
 4.505000e+002 -1.821693e-004  3.993828e-005
 4.510000e+002  1.785361e-004  2.700631e-004
 4.515000e+002  7.651262e-005  2.384945e-004
 4.520000e+002 -2.817678e-004  1.804359e-004
 4.525000e+002 -3.043890e-004  2.377458e-004
 4.530000e+002 -4.565608e-005  2.512086e-004
 4.535000e+002 -9.825086e-005 -1.123223e-005
 4.540000e+002 -1.144584e-004  1.852624e-004
 4.545000e+002 -3.056285e-004  1.709814e-004
 4.550000e+002 -3.816531e-005  8.488412e-005
 4.555000e+002 -2.038993e-004  1.154915e-004
 4.560000e+002 -2.481117e-004 -2.022676e-004
 4.565000e+002 -1.822539e-004  1.724850e-004
 4.570000e+002 -1.723111e-004  2.106977e-004
 4.575000e+002 -2.114677e-004  2.220176e-004
 4.580000e+002 -2.730455e-004  2.196205e-004
 4.585000e+002 -6.954717e-005  9.630020e-005
 4.590000e+002 -1.538998e-004  1.109541e-004
 4.595000e+002 -1.791585e-004  7.297038e-005
 4.600000e+002 -2.160016e-004  2.459640e-004
 4.605000e+002 -1.671991e-004  3.562755e-004
 4.610000e+002 -2.869248e-004  8.378421e-005
 4.615000e+002 -3.283452e-004  1.881964e-004
 4.620000e+002  1.129270e-004  1.275470e-004
 4.625000e+002 -2.871907e-004  1.620126e-004
 4.630000e+002 -1.667328e-004  9.807970e-005
 4.635000e+002 -8.640800e-005  1.373144e-004
 4.640000e+002 -1.938898e-004  2.122336e-004
 4.645000e+002 -2.658786e-005  1.941712e-004
 4.650000e+002 -1.722820e-004  2.561765e-004
 4.655000e+002 -2.163808e-004  3.385055e-005
 4.660000e+002 -1.596528e-004  1.519557e-004
 4.665000e+002 -8.947576e-005  1.821515e-004
 4.670000e+002 -9.233749e-005  1.435391e-004
 4.675000e+002 -8.128208e-005  3.170896e-004
 4.680000e+002 -1.016370e-004  1.390526e-004
 4.685000e+002  5.122546e-005  1.231617e-004
 4.690000e+002 -9.764317e-005  1.525893e-004
 4.695000e+002 -2.274267e-004  6.553095e-005
 4.700000e+002 -2.735974e-004  1.426004e-004
 4.705000e+002 -1.447058e-004  5.567459e-005
 4.710000e+002 -8.291009e-005  2.219663e-004
 4.715000e+002 -7.702832e-005  1.395251e-004
 4.720000e+002 -1.409722e-004  8.125897e-005
 4.725000e+002  7.649796e-005  5.160545e-005
 4.730000e+002 -2.800359e-005  7.666606e-005
 4.735000e+002 -2.971465e-004  2.216329e-005
 4.740000e+002 -2.584915e-004  2.577469e-004
 4.745000e+002 -1.425583e-004  9.375210e-005
 4.750000e+002 -1.538941e-004  1.089389e-004
 4.755000e+002 -2.855461e-004  1.575153e-004
 4.760000e+002 -2.098147e-004  2.382976e-004
 4.765000e+002 -1.027565e-004  1.823550e-004
 4.770000e+002 -1.303622e-004  5.202543e-005
 4.775000e+002 -8.274118e-005  1.067274e-004
 4.780000e+002 -4.677039e-005 -1.085228e-005
 4.785000e+002 -6.134147e-005  7.987177e-005
 4.790000e+002 -2.787525e-004  7.342350e-005
 4.795000e+002 -3.262985e-005  6.470152e-005
 4.800000e+002 -2.553356e-004 -6.854163e-005
 4.805000e+002 -2.126811e-004 -5.610516e-005
 4.810000e+002 -1.571254e-004  1.122995e-004
 4.815000e+002 -1.023782e-004 -3.956671e-006
 4.820000e+002 -1.699878e-004  1.662590e-005
 4.825000e+002 -6.777811e-005  1.698911e-004
 4.830000e+002 -1.060925e-004  2.168784e-005
 4.835000e+002 -2.392399e-004  9.584685e-005
 4.840000e+002 -2.633249e-004 -4.562228e-005
 4.845000e+002 -2.176340e-004  1.411890e-004
 4.850000e+002  1.079797e-005 -1.528366e-005
 4.855000e+002 -1.345899e-004  2.218579e-005
 4.860000e+002 -8.868407e-005  1.781358e-004
 4.865000e+002 -6.413224e-005  4.720162e-005
 4.870000e+002 -2.113387e-004  4.169138e-005
 4.875000e+002 -1.866964e-004  1.087942e-004
 4.880000e+002 -2.586264e-004  1.836725e-004
 4.885000e+002 -1.977202e-004  1.840824e-004
 4.890000e+002 -8.496609e-005  1.337265e-005
 4.895000e+002 -3.709428e-005 -1.365064e-004
 4.900000e+002 -1.940501e-004  6.270585e-005
 4.905000e+002 -4.200960e-005  7.667554e-005
 4.910000e+002 -2.340683e-004  1.184985e-004
 4.915000e+002 -1.504818e-004  1.799129e-004
 4.920000e+002 -2.118611e-004  4.044736e-005
 4.925000e+002 -2.404002e-004  2.203249e-004
 4.930000e+002 -1.504490e-004  8.108333e-005
 4.935000e+002 -1.521699e-004 -6.424635e-006
 4.940000e+002 -2.778502e-004 -5.192774e-006
 4.945000e+002 -2.098954e-004  4.168525e-006
 4.950000e+002 -9.423772e-005 -2.458266e-005
 4.955000e+002 -2.787153e-004  6.742262e-005
 4.960000e+002 -1.837096e-004  1.129146e-004
 4.965000e+002 -2.511841e-004  9.046380e-005
 4.970000e+002 -1.433339e-004  6.246285e-005
 4.975000e+002 -1.991196e-004  1.028285e-004
 4.980000e+002 -2.010245e-004  2.867649e-005
 4.985000e+002 -1.010488e-004  1.028081e-004
 4.990000e+002 -2.063798e-004  1.076287e-004
 4.995000e+002 -1.925946e-004  1.151793e-004
 5.000000e+002 -1.546049e-004 -3.930218e-005
 5.005000e+002 -2.384905e-004  4.429571e-005
 5.010000e+002 -2.292817e-005  6.740325e-006
 5.015000e+002 -2.404328e-004  1.923851e-005
 5.020000e+002 -2.219123e-004  3.843340e-005
 5.025000e+002 -2.992770e-004  9.017130e-005
 5.030000e+002 -2.261284e-004  5.773594e-005
 5.035000e+002 -1.712711e-004 -3.581937e-006
 5.040000e+002 -9.233110e-005  2.635978e-005
 5.045000e+002 -2.678454e-004 -1.162804e-005
 5.050000e+002 -2.072167e-004 -3.673531e-005
 5.055000e+002 -2.752324e-004  5.860541e-005
 5.060000e+002 -1.319026e-004 -8.808272e-006
 5.065000e+002 -1.002397e-004 -1.019583e-005
 5.070000e+002 -1.299356e-004  7.911818e-005
 5.075000e+002 -1.460343e-004 -1.143834e-005
 5.080000e+002 -2.388551e-004  1.010544e-004
 5.085000e+002 -1.506614e-004  1.713680e-005
 5.090000e+002 -2.470243e-004  4.435822e-006
 5.095000e+002 -1.269458e-004  1.963563e-005
 5.100000e+002 -1.839190e-004  4.209876e-005
 5.105000e+002 -2.097029e-004 -2.522618e-005
 5.110000e+002 -1.216674e-004 -5.547436e-005
 5.115000e+002 -1.039828e-004 -3.539838e-006
 5.120000e+002 -9.062565e-005 -1.397626e-007
