 0.000000e+000  6.241095e-004  0.000000e+000
 2.500000e-001 -2.739191e-003  6.542420e-004
 5.000000e-001 -5.615261e-003  5.438634e-005
 7.500000e-001 -6.478636e-003  7.842289e-004
 1.000000e+000 -6.777569e-003  3.897847e-004
 1.250000e+000 -7.259787e-003  1.089613e-003
 1.500000e+000 -5.342772e-003  8.774214e-004
 1.750000e+000 -6.488331e-003 -3.882451e-004
 2.000000e+000 -6.789891e-003  7.051029e-005
 2.250000e+000 -7.102240e-003  3.676430e-004
 2.500000e+000 -6.996995e-003  1.478231e-003
 2.750000e+000 -6.598639e-003  4.906711e-004
 3.000000e+000 -1.121722e-002  3.158514e-003
 3.250000e+000 -1.759498e-003 -7.077473e-003
 3.500000e+000 -5.755316e-003 -1.913088e-003
 3.750000e+000 -5.292717e-003 -1.069045e-003
 4.000000e+000 -5.085339e-003 -4.492188e-004
 4.250000e+000 -4.991495e-003 -2.111100e-004
 4.500000e+000 -5.514271e-003  2.413187e-004
 4.750000e+000 -5.983112e-003 -2.924797e-004
 5.000000e+000 -5.459684e-003 -1.076282e-003
 5.250000e+000 -6.543311e-003  4.932230e-004
 5.500000e+000 -5.916517e-003  2.505508e-005
 5.750000e+000 -3.131418e-003  3.706785e-003
 6.000000e+000 -6.725940e-003 -3.916607e-004
 6.250000e+000 -7.799180e-003 -1.589317e-003
 6.500000e+000 -6.175076e-003  1.639571e-003
 6.750000e+000 -5.057570e-003 -6.987218e-004
 7.000000e+000 -6.391645e-003 -1.303011e-003
 7.250000e+000 -7.323207e-003 -4.606031e-004
 7.500000e+000 -6.688806e-003  5.897985e-005
 7.750000e+000 -6.745852e-003 -3.530715e-004
 8.000000e+000 -6.655330e-003 -1.349538e-004
 8.250000e+000 -6.602024e-003 -7.931530e-004
 8.500000e+000 -7.066216e-003 -1.911942e-004
 8.750000e+000 -7.047913e-003 -2.758643e-005
 9.000000e+000 -7.065606e-003  2.967422e-005
 9.250000e+000 -7.170775e-003 -3.392710e-004
 9.500000e+000 -7.219107e-003 -1.683666e-004
 9.750000e+000 -7.623237e-003 -8.618533e-005
 1.000000e+001 -7.519327e-003  2.417948e-004
 1.025000e+001 -7.801455e-003 -3.278053e-006
 1.050000e+001 -7.831073e-003 -5.271725e-005
 1.075000e+001 -7.651263e-003  3.073588e-004
 1.100000e+001 -8.061865e-003 -2.171560e-005
 1.125000e+001 -8.223696e-003  3.900016e-004
 1.150000e+001 -8.387762e-003  2.161897e-004
 1.175000e+001 -8.316947e-003  2.291816e-004
 1.200000e+001 -8.654293e-003  1.506870e-004
 1.225000e+001 -9.049441e-003 -1.233038e-004
 1.250000e+001 -9.113567e-003  5.229656e-004
 1.275000e+001 -9.169493e-003  3.366957e-004
 1.300000e+001 -9.428920e-003  3.022628e-004
 1.325000e+001 -9.430151e-003  2.636192e-004
 1.350000e+001 -9.740602e-003  3.806727e-004
 1.375000e+001 -1.002693e-002  1.305842e-004
 1.400000e+001 -9.885699e-003  4.395828e-004
 1.425000e+001 -1.034166e-002  2.644751e-004
 1.450000e+001 -1.044464e-002  2.485201e-004
 1.475000e+001 -1.108421e-002  5.672726e-004
 1.500000e+001 -1.102589e-002  3.992203e-004
 1.525000e+001 -1.174652e-002  5.709863e-004
 1.550000e+001 -1.186720e-002  5.611986e-004
 1.575000e+001 -1.251542e-002  4.552810e-004
 1.600000e+001 -1.299862e-002  2.394252e-004
 1.625000e+001 -1.320143e-002  6.590345e-004
 1.650000e+001 -1.392329e-002  2.696550e-004
 1.675000e+001 -1.435023e-002  1.931679e-004
 1.700000e+001 -1.466055e-002  5.672012e-004
 1.725000e+001 -1.563723e-002  8.302610e-004
 1.750000e+001 -1.671913e-002  6.531845e-004
 1.775000e+001 -1.694363e-002  7.669729e-004
 1.800000e+001 -1.794675e-002  7.868146e-004
 1.825000e+001 -1.928284e-002  7.744109e-004
 1.850000e+001 -1.987672e-002  7.515236e-004
 1.875000e+001 -2.130199e-002  1.066981e-003
 1.900000e+001 -2.323675e-002  1.283754e-003
 1.925000e+001 -2.434334e-002  2.358359e-003
 1.950000e+001 -2.618565e-002  1.474421e-003
 1.975000e+001 -2.852847e-002  2.509497e-003
 2.000000e+001 -3.223784e-002  2.164700e-003
 2.025000e+001 -3.619531e-002  2.746637e-003
 2.050000e+001 -4.116251e-002  3.473703e-003
 2.075000e+001 -4.757676e-002  4.148697e-003
 2.100000e+001 -5.622453e-002  3.931758e-003
 2.125000e+001 -6.926256e-002  7.185403e-003
 2.150000e+001 -8.969455e-002  1.025390e-002
 2.175000e+001 -1.261386e-001  2.011251e-002
 2.200000e+001 -2.069041e-001  5.808558e-002
 2.225000e+001 -4.592528e-001  4.158392e-001
 2.250000e+001  4.401428e-001  7.484415e-002
 2.275000e+001  1.813153e-001  1.491909e-002
 2.300000e+001  1.067259e-001 -7.556199e-004
 2.325000e+001  7.722992e-002  8.240626e-005
 2.350000e+001  6.071788e-002 -2.999499e-004
 2.375000e+001  4.945829e-002  3.771878e-004
 2.400000e+001  4.193416e-002  3.175627e-004
 2.425000e+001  3.542852e-002 -7.802118e-004
 2.450000e+001  3.162816e-002 -6.917546e-004
 2.475000e+001  2.870603e-002 -9.823979e-004
 2.500000e+001  2.558198e-002 -5.905266e-004
 2.525000e+001  2.288675e-002 -7.842475e-004
 2.550000e+001  2.079631e-002 -2.996750e-004
 2.575000e+001  1.956063e-002 -5.821782e-004
 2.600000e+001  1.854301e-002 -5.275794e-004
 2.625000e+001  1.673791e-002 -6.059855e-004
 2.650000e+001  1.579149e-002 -5.055311e-004
 2.675000e+001  1.462678e-002 -6.368852e-004
 2.700000e+001  1.427716e-002 -3.606538e-004
 2.725000e+001  1.320537e-002 -4.595721e-004
 2.750000e+001  1.266359e-002 -4.582820e-004
 2.775000e+001  1.184388e-002 -4.530308e-004
 2.800000e+001  1.159954e-002 -4.457139e-004
 2.825000e+001  1.067479e-002 -2.590556e-004
 2.850000e+001  1.028753e-002 -2.450473e-004
 2.875000e+001  9.872917e-003 -3.858952e-004
 2.900000e+001  9.429532e-003 -3.499661e-004
 2.925000e+001  8.858180e-003 -2.962579e-004
 2.950000e+001  8.467435e-003 -4.825160e-005
 2.975000e+001  8.036054e-003 -7.000719e-005
 3.000000e+001  7.885777e-003  1.652363e-005
 3.025000e+001  7.733327e-003 -3.660920e-005
 3.050000e+001  7.442743e-003 -1.721427e-004
 3.075000e+001  7.022657e-003 -1.969745e-004
 3.100000e+001  6.815072e-003 -1.477456e-004
 3.125000e+001  6.640658e-003  6.060399e-005
 3.150000e+001  6.387656e-003  8.470529e-006
 3.175000e+001  6.057506e-003 -1.326629e-004
 3.200000e+001  6.078328e-003  8.967350e-005
 3.225000e+001  5.791279e-003 -5.158186e-005
 3.250000e+001  5.689036e-003 -1.313125e-004
 3.275000e+001  5.592983e-003  7.646327e-005
 3.300000e+001  5.187580e-003 -4.383723e-005
 3.325000e+001  5.107029e-003  1.273822e-004
 3.350000e+001  4.978007e-003  8.482704e-005
 3.375000e+001  4.838668e-003  3.053619e-005
 3.400000e+001  4.833189e-003  6.260143e-005
 3.425000e+001  4.491671e-003  2.142804e-006
 3.450000e+001  4.544751e-003  9.439371e-005
 3.475000e+001  4.419679e-003 -7.690705e-006
 3.500000e+001  4.256906e-003  7.525199e-005
 3.525000e+001  4.048965e-003  1.280856e-004
 3.550000e+001  3.968760e-003  1.304883e-004
 3.575000e+001  3.861399e-003  7.978623e-005
 3.600000e+001  3.714181e-003  1.505857e-004
 3.625000e+001  3.579740e-003  1.855820e-004
 3.650000e+001  3.527095e-003  8.741764e-005
 3.675000e+001  3.386973e-003  1.497864e-004
 3.700000e+001  3.404342e-003  1.691364e-004
 3.725000e+001  3.287558e-003  1.610676e-004
 3.750000e+001  3.251908e-003  1.930092e-004
 3.775000e+001  3.147266e-003  1.234713e-004
 3.800000e+001  3.152051e-003  1.725364e-004
 3.825000e+001  3.016363e-003  1.599351e-004
 3.850000e+001  2.905991e-003  1.841561e-004
 3.875000e+001  2.842791e-003  2.067415e-004
 3.900000e+001  2.823936e-003  2.171509e-004
 3.925000e+001  2.718681e-003  1.536623e-004
 3.950000e+001  2.709146e-003  2.048571e-004
 3.975000e+001  2.543259e-003  1.637066e-004
 4.000000e+001  2.539118e-003  1.941868e-004
 4.025000e+001  2.469348e-003  2.223436e-004
 4.050000e+001  2.392397e-003  2.787949e-004
 4.075000e+001  2.337468e-003  2.819704e-004
 4.100000e+001  2.221096e-003  2.809526e-004
 4.125000e+001  2.263175e-003  2.492772e-004
 4.150000e+001  2.180766e-003  2.542077e-004
 4.175000e+001  2.123010e-003  2.471656e-004
 4.200000e+001  2.047256e-003  1.743169e-004
 4.225000e+001  1.968351e-003  2.771897e-004
 4.250000e+001  1.979807e-003  2.713807e-004
 4.275000e+001  1.885786e-003  3.773681e-004
 4.300000e+001  1.934586e-003  2.615127e-004
 4.325000e+001  1.884904e-003  2.266373e-004
 4.350000e+001  1.830542e-003  3.002158e-004
 4.375000e+001  1.759989e-003  2.535810e-004
 4.400000e+001  1.633469e-003  2.681557e-004
 4.425000e+001  1.609881e-003  1.773529e-004
 4.450000e+001  1.500734e-003  2.354501e-004
 4.475000e+001  1.611943e-003  3.516111e-004
 4.500000e+001  1.363874e-003  3.233394e-004
 4.525000e+001  1.591202e-003  3.332111e-004
 4.550000e+001  1.404105e-003  3.439756e-004
 4.575000e+001  1.429495e-003  3.437679e-004
 4.600000e+001  1.334928e-003  3.209164e-004
 4.625000e+001  1.377841e-003  3.606981e-004
 4.650000e+001  1.290114e-003  3.402822e-004
 4.675000e+001  1.267058e-003  2.724756e-004
 4.700000e+001  1.253775e-003  3.487709e-004
 4.725000e+001  1.209939e-003  2.878193e-004
 4.750000e+001  1.178154e-003  4.092612e-004
 4.775000e+001  1.029320e-003  4.312593e-004
 4.800000e+001  1.029884e-003  3.435129e-004
 4.825000e+001  1.007612e-003  3.532231e-004
 4.850000e+001  1.000831e-003  3.707492e-004
 4.875000e+001  9.871472e-004  3.679482e-004
 4.900000e+001  9.368999e-004  3.361440e-004
 4.925000e+001  9.146917e-004  2.919422e-004
 4.950000e+001  9.251800e-004  3.600728e-004
 4.975000e+001  8.705930e-004  3.752863e-004
 5.000000e+001  7.408536e-004  2.961290e-004
 5.025000e+001  8.017322e-004  2.298813e-004
 5.050000e+001  7.365072e-004  4.239597e-004
 5.075000e+001  6.894781e-004  3.860156e-004
 5.100000e+001  7.003063e-004  3.142806e-004
 5.125000e+001  6.667117e-004  3.954023e-004
 5.150000e+001  6.181476e-004  3.926754e-004
 5.175000e+001  5.672961e-004  3.852817e-004
 5.200000e+001  5.767829e-004  3.846557e-004
 5.225000e+001  6.113070e-004  3.940820e-004
 5.250000e+001  5.917710e-004  3.027396e-004
 5.275000e+001  4.541916e-004  3.308759e-004
 5.300000e+001  4.337250e-004  4.277104e-004
 5.325000e+001  3.452194e-004  3.918435e-004
 5.350000e+001  3.309930e-004  3.613931e-004
 5.375000e+001  3.852845e-004  4.329408e-004
 5.400000e+001  3.760209e-004  3.222089e-004
 5.425000e+001  2.851487e-004  4.133650e-004
 5.450000e+001  2.471726e-004  2.732891e-004
 5.475000e+001  2.229220e-004  3.238391e-004
 5.500000e+001  2.208227e-004  2.620998e-004
 5.525000e+001  1.853240e-004  3.231375e-004
 5.550000e+001  1.246899e-004  4.015353e-004
 5.575000e+001  1.082817e-005  2.501387e-004
 5.600000e+001  2.574034e-005  3.051360e-004
 5.625000e+001  9.981607e-006  3.568387e-004
 5.650000e+001 -1.069906e-005  3.286811e-004
 5.675000e+001 -4.280427e-005  3.189021e-004
 5.700000e+001 -1.248519e-004  3.962505e-004
 5.725000e+001 -1.387172e-004  3.774869e-004
 5.750000e+001 -2.036674e-004  3.904957e-004
 5.775000e+001 -2.667841e-004  3.893924e-004
 5.800000e+001 -3.046805e-004  3.917556e-004
 5.825000e+001 -2.861235e-004  4.242443e-004
 5.850000e+001 -3.943963e-004  4.901644e-004
 5.875000e+001 -3.387058e-004  5.249472e-004
 5.900000e+001 -2.865638e-004  5.170580e-004
 5.925000e+001 -2.509031e-004  4.041838e-004
 5.950000e+001 -3.095563e-004  3.737452e-004
 5.975000e+001 -4.210764e-004  4.073774e-004
 6.000000e+001 -3.325944e-004  3.992202e-004
 6.025000e+001 -4.519096e-004  4.310324e-004
 6.050000e+001 -4.844804e-004  3.496177e-004
 6.075000e+001 -5.168240e-004  3.500347e-004
 6.100000e+001 -5.566782e-004  4.015400e-004
 6.125000e+001 -6.417678e-004  4.706210e-004
 6.150000e+001 -6.949858e-004  3.223802e-004
 6.175000e+001 -6.204059e-004  4.174961e-004
 6.200000e+001 -7.362455e-004  3.634577e-004
 6.225000e+001 -7.559420e-004  3.733246e-004
 6.250000e+001 -8.287009e-004  4.162982e-004
 6.275000e+001 -7.557030e-004  3.709347e-004
 6.300000e+001 -9.631294e-004  4.729403e-004
 6.325000e+001 -1.016306e-003  4.774249e-004
 6.350000e+001 -9.922659e-004  4.238724e-004
 6.375000e+001 -1.005666e-003  3.781098e-004
 6.400000e+001 -1.203566e-003  3.751371e-004
 6.425000e+001 -1.136012e-003  4.571535e-004
 6.450000e+001 -1.266966e-003  5.008271e-004
 6.475000e+001 -1.226824e-003  4.217055e-004
 6.500000e+001 -1.295267e-003  4.300671e-004
 6.525000e+001 -1.391117e-003  4.653402e-004
 6.550000e+001 -1.458551e-003  5.132558e-004
 6.575000e+001 -1.506390e-003  5.219141e-004
 6.600000e+001 -1.541166e-003  5.118141e-004
 6.625000e+001 -1.755618e-003  4.960138e-004
 6.650000e+001 -1.777505e-003  5.496811e-004
 6.675000e+001 -1.871025e-003  4.156924e-004
 6.700000e+001 -2.076174e-003  3.309393e-004
 6.725000e+001 -2.027565e-003  5.379791e-004
 6.750000e+001 -2.040977e-003  5.088242e-004
 6.775000e+001 -2.202751e-003  4.970855e-004
 6.800000e+001 -2.405756e-003  4.535383e-004
 6.825000e+001 -2.522789e-003  4.598889e-004
 6.850000e+001 -2.565936e-003  4.492344e-004
 6.875000e+001 -2.670018e-003  6.052678e-004
 6.900000e+001 -2.902842e-003  5.917086e-004
 6.925000e+001 -3.069899e-003  7.012450e-004
 6.950000e+001 -3.222330e-003  6.949634e-004
 6.975000e+001 -3.446923e-003  6.866009e-004
 7.000000e+001 -3.651247e-003  5.928525e-004
 7.025000e+001 -3.901317e-003  7.765701e-004
 7.050000e+001 -4.123294e-003  7.699480e-004
 7.075000e+001 -4.524768e-003  8.181088e-004
 7.100000e+001 -4.877627e-003  9.385762e-004
 7.125000e+001 -5.353421e-003  1.088131e-003
 7.150000e+001 -5.744272e-003  1.107610e-003
 7.175000e+001 -6.268026e-003  1.396538e-003
 7.200000e+001 -6.833358e-003  1.878141e-003
 7.225000e+001 -7.660322e-003  2.244627e-003
 7.250000e+001 -8.415092e-003  2.633232e-003
 7.275000e+001 -9.648004e-003  3.322025e-003
 7.300000e+001 -1.098831e-002  4.730266e-003
 7.325000e+001 -1.233375e-002  6.286351e-003
 7.350000e+001 -1.454472e-002  9.126423e-003
 7.375000e+001 -1.594931e-002  1.334761e-002
 7.400000e+001 -1.726231e-002  1.990231e-002
 7.425000e+001 -1.343720e-002  3.101523e-002
 7.450000e+001  3.756024e-003  4.101427e-002
 7.475000e+001  2.436194e-002  2.734592e-002
 7.500000e+001  2.154311e-002  1.160715e-002
 7.525000e+001  1.602709e-002  5.720959e-003
 7.550000e+001  1.299751e-002  3.878343e-003
 7.575000e+001  1.066147e-002  2.645339e-003
 7.600000e+001  9.117392e-003  2.230456e-003
 7.625000e+001  7.974600e-003  1.733097e-003
 7.650000e+001  6.969700e-003  1.483333e-003
 7.675000e+001  6.362670e-003  1.097614e-003
 7.700000e+001  5.914570e-003  1.153791e-003
 7.725000e+001  5.442299e-003  1.013477e-003
 7.750000e+001  4.953335e-003  9.276342e-004
 7.775000e+001  4.479650e-003  8.281328e-004
 7.800000e+001  4.239346e-003  8.067070e-004
 7.825000e+001  3.810914e-003  7.851046e-004
 7.850000e+001  3.581932e-003  7.080936e-004
 7.875000e+001  3.416562e-003  6.825547e-004
 7.900000e+001  3.271510e-003  5.338247e-004
 7.925000e+001  3.030602e-003  6.109771e-004
 7.950000e+001  2.960736e-003  5.561373e-004
 7.975000e+001  2.740325e-003  5.265919e-004
 8.000000e+001  2.650499e-003  6.274549e-004
 8.025000e+001  2.402525e-003  4.660474e-004
 8.050000e+001  2.340785e-003  3.906605e-004
 8.075000e+001  2.197299e-003  4.480568e-004
 8.100000e+001  2.120540e-003  4.256152e-004
 8.125000e+001  1.981967e-003  3.945325e-004
 8.150000e+001  1.745528e-003  4.825514e-004
 8.175000e+001  1.753939e-003  4.303364e-004
 8.200000e+001  1.654213e-003  4.298445e-004
 8.225000e+001  1.618806e-003  3.738061e-004
 8.250000e+001  1.533000e-003  5.043168e-004
 8.275000e+001  1.345355e-003  3.721689e-004
 8.300000e+001  1.427532e-003  3.944200e-004
 8.325000e+001  1.273207e-003  4.663593e-004
 8.350000e+001  1.218363e-003  4.239907e-004
 8.375000e+001  1.130652e-003  4.374337e-004
 8.400000e+001  1.073183e-003  4.822329e-004
 8.425000e+001  9.723119e-004  4.173504e-004
 8.450000e+001  8.917261e-004  4.226365e-004
 8.475000e+001  9.040285e-004  3.951224e-004
 8.500000e+001  8.120633e-004  4.507083e-004
 8.525000e+001  7.051477e-004  3.555521e-004
 8.550000e+001  6.187999e-004  4.319263e-004
 8.575000e+001  5.327339e-004  3.996155e-004
 8.600000e+001  4.387024e-004  3.245101e-004
 8.625000e+001  4.958844e-004  4.530540e-004
 8.650000e+001  3.702883e-004  4.262591e-004
 8.675000e+001  2.899174e-004  2.856332e-004
 8.700000e+001  3.531079e-004  4.778285e-004
 8.725000e+001  1.562181e-004  4.792603e-004
 8.750000e+001  7.433677e-005  3.997312e-004
 8.775000e+001 -1.984741e-005  4.564978e-004
 8.800000e+001 -1.829762e-004  4.748188e-004
 8.825000e+001 -1.777897e-004  5.151088e-004
 8.850000e+001 -3.010254e-004  5.934586e-004
 8.875000e+001 -4.621245e-004  6.565715e-004
 8.900000e+001 -5.454480e-004  7.266737e-004
 8.925000e+001 -7.030088e-004  5.725281e-004
 8.950000e+001 -8.688034e-004  7.646391e-004
 8.975000e+001 -1.065249e-003  7.020070e-004
 9.000000e+001 -1.263767e-003  9.526309e-004
 9.025000e+001 -1.552482e-003  1.185004e-003
 9.050000e+001 -1.668355e-003  1.351461e-003
 9.075000e+001 -2.092224e-003  1.569890e-003
 9.100000e+001 -2.587087e-003  1.952514e-003
 9.125000e+001 -2.896955e-003  2.382279e-003
 9.150000e+001 -3.347274e-003  3.294421e-003
 9.175000e+001 -3.665981e-003  4.541970e-003
 9.200000e+001 -3.409493e-003  6.324406e-003
 9.225000e+001 -3.014549e-003  8.778254e-003
 9.250000e+001 -2.118933e-004  1.123762e-002
 9.275000e+001  5.432604e-003  1.139481e-002
 9.300000e+001  8.889923e-003  6.325106e-003
 9.325000e+001  7.398653e-003  2.925280e-003
 9.350000e+001  6.116910e-003  1.522721e-003
 9.375000e+001  5.084297e-003  1.182156e-003
 9.400000e+001  4.494171e-003  9.818506e-004
 9.425000e+001  4.049096e-003  6.229983e-004
 9.450000e+001  3.818320e-003  6.111133e-004
 9.475000e+001  3.414139e-003  4.256659e-004
 9.500000e+001  3.090725e-003  3.168218e-004
 9.525000e+001  2.947369e-003  3.634745e-004
 9.550000e+001  2.726898e-003  2.834144e-004
 9.575000e+001  2.625449e-003  1.777760e-004
 9.600000e+001  2.357371e-003  1.787526e-004
 9.625000e+001  2.329061e-003  8.193748e-005
 9.650000e+001  2.181101e-003  1.870175e-004
 9.675000e+001  2.083204e-003  1.190954e-004
 9.700000e+001  2.057450e-003  7.985102e-005
 9.725000e+001  1.988214e-003  9.951656e-005
 9.750000e+001  1.891150e-003  1.936257e-004
 9.775000e+001  1.912096e-003  4.921303e-005
 9.800000e+001  1.788558e-003  1.248910e-004
 9.825000e+001  1.731285e-003  6.847015e-005
 9.850000e+001  1.665484e-003  1.428469e-004
 9.875000e+001  1.661224e-003  1.231744e-004
 9.900000e+001  1.617653e-003  1.245666e-004
 9.925000e+001  1.490703e-003  1.781818e-005
 9.950000e+001  1.559336e-003  2.432472e-005
 9.975000e+001  1.474564e-003  7.459796e-005
 1.000000e+002  1.444402e-003  6.242561e-005
 1.002500e+002  1.483699e-003  6.094433e-005
 1.005000e+002  1.366258e-003 -3.875937e-005
 1.007500e+002  1.306254e-003  1.904733e-005
 1.010000e+002  1.329932e-003 -1.606544e-005
 1.012500e+002  1.292889e-003 -1.676586e-005
 1.015000e+002  1.248792e-003  7.125897e-005
 1.017500e+002  1.217597e-003 -2.868269e-005
 1.020000e+002  1.219122e-003 -3.605443e-005
 1.022500e+002  1.183683e-003 -2.142813e-005
 1.025000e+002  1.216764e-003 -3.290123e-005
 1.027500e+002  1.162946e-003 -4.899328e-005
 1.030000e+002  1.179601e-003 -2.882651e-005
 1.032500e+002  1.132666e-003 -6.326930e-005
 1.035000e+002  1.110932e-003 -1.075350e-005
 1.037500e+002  1.024667e-003 -2.235826e-005
 1.040000e+002  1.129235e-003 -4.691815e-005
 1.042500e+002  9.848922e-004 -3.027463e-006
 1.045000e+002  9.904738e-004 -8.387151e-005
 1.047500e+002  1.010983e-003  2.844228e-005
 1.050000e+002  8.623218e-004 -5.171152e-005
 1.052500e+002  1.024017e-003 -6.414843e-005
 1.055000e+002  9.656430e-004 -1.100004e-004
 1.057500e+002  9.614922e-004 -1.592410e-004
 1.060000e+002  9.785261e-004 -5.284325e-006
 1.062500e+002  9.360088e-004 -6.163171e-005
 1.065000e+002  9.106649e-004 -3.919431e-005
 1.067500e+002  9.090521e-004 -4.034462e-005
 1.070000e+002  9.159607e-004 -1.070013e-004
 1.072500e+002  8.487243e-004 -1.185260e-004
 1.075000e+002  9.384598e-004 -3.871502e-006
 1.077500e+002  8.513212e-004 -4.386445e-005
 1.080000e+002  8.892778e-004 -3.964631e-005
 1.082500e+002  8.711559e-004 -1.286494e-004
 1.085000e+002  8.559412e-004 -8.627247e-005
 1.087500e+002  8.532148e-004 -1.672569e-004
 1.090000e+002  8.063077e-004 -8.725308e-005
 1.092500e+002  8.196453e-004 -8.307622e-005
 1.095000e+002  7.707033e-004 -5.991889e-005
 1.097500e+002  7.984142e-004 -8.055661e-005
 1.100000e+002  7.941118e-004 -3.422491e-005
 1.102500e+002  8.386690e-004 -1.040987e-004
 1.105000e+002  7.902367e-004 -1.043873e-004
 1.107500e+002  7.715738e-004 -1.296410e-004
 1.110000e+002  7.845913e-004 -1.216813e-004
 1.112500e+002  7.251197e-004 -9.125199e-005
 1.115000e+002  7.632600e-004 -6.278851e-005
 1.117500e+002  8.389685e-004 -9.583524e-005
 1.120000e+002  6.736925e-004 -1.342801e-004
 1.122500e+002  7.071829e-004 -1.509781e-004
 1.125000e+002  7.575557e-004 -1.485657e-004
 1.127500e+002  7.611414e-004 -6.155051e-005
 1.130000e+002  6.971848e-004 -1.880535e-004
 1.132500e+002  7.103369e-004 -1.687765e-004
 1.135000e+002  7.168873e-004 -1.703897e-004
 1.137500e+002  7.015677e-004 -1.011651e-004
 1.140000e+002  7.655793e-004 -1.117310e-004
 1.142500e+002  6.561582e-004 -1.384956e-004
 1.145000e+002  6.744927e-004 -1.636167e-004
 1.147500e+002  6.698080e-004 -4.013184e-005
 1.150000e+002  6.649311e-004 -1.161265e-004
 1.152500e+002  7.334003e-004 -2.089849e-004
 1.155000e+002  6.803813e-004 -1.620926e-004
 1.157500e+002  7.101226e-004 -4.848058e-005
 1.160000e+002  7.412990e-004 -1.379111e-004
 1.162500e+002  6.715899e-004 -1.962922e-004
 1.165000e+002  7.067867e-004 -1.342310e-004
 1.167500e+002  6.335828e-004 -1.217349e-004
 1.170000e+002  6.463856e-004 -1.460983e-004
 1.172500e+002  6.570815e-004 -2.281964e-004
 1.175000e+002  6.497306e-004 -1.224515e-004
 1.177500e+002  5.809902e-004 -1.699970e-004
 1.180000e+002  6.887872e-004 -1.985816e-004
 1.182500e+002  6.749808e-004 -1.168950e-004
 1.185000e+002  5.695688e-004 -1.032343e-004
 1.187500e+002  5.782822e-004 -9.524352e-005
 1.190000e+002  7.206482e-004 -1.545415e-004
 1.192500e+002  7.012731e-004 -1.380753e-004
 1.195000e+002  6.041942e-004 -1.208897e-004
 1.197500e+002  6.499052e-004 -1.599631e-004
 1.200000e+002  5.491273e-004 -1.348212e-004
 1.202500e+002  7.249189e-004 -1.837176e-004
 1.205000e+002  6.174992e-004 -1.447787e-004
 1.207500e+002  6.208321e-004 -1.416637e-004
 1.210000e+002  6.015702e-004 -1.333690e-004
 1.212500e+002  6.350216e-004 -1.260040e-004
 1.215000e+002  5.878694e-004 -2.266994e-004
 1.217500e+002  5.849637e-004 -1.363860e-004
 1.220000e+002  6.096909e-004 -1.380264e-004
 1.222500e+002  6.543876e-004 -1.683580e-004
 1.225000e+002  6.186348e-004 -1.077362e-004
 1.227500e+002  6.021429e-004 -1.718850e-004
 1.230000e+002  5.939885e-004 -1.403145e-004
 1.232500e+002  5.621476e-004 -9.421706e-005
 1.235000e+002  5.460515e-004 -1.633380e-004
 1.237500e+002  5.419979e-004 -1.414051e-004
 1.240000e+002  6.489019e-004 -1.714627e-004
 1.242500e+002  5.057585e-004 -9.094871e-005
 1.245000e+002  5.628424e-004 -7.659015e-005
 1.247500e+002  5.921259e-004 -1.802630e-004
 1.250000e+002  5.233419e-004 -1.902144e-004
 1.252500e+002  5.454998e-004 -7.218070e-005
 1.255000e+002  5.993857e-004 -2.109270e-004
 1.257500e+002  6.344659e-004 -1.802255e-004
 1.260000e+002  5.849276e-004 -1.478379e-004
 1.262500e+002  5.087959e-004 -1.792833e-004
 1.265000e+002  6.550109e-004 -1.287037e-004
 1.267500e+002  6.337724e-004 -1.322079e-004
 1.270000e+002  4.968266e-004 -1.364936e-004
 1.272500e+002  5.623332e-004 -1.776733e-004
 1.275000e+002  5.449687e-004 -2.413318e-004
 1.277500e+002  5.119772e-004 -1.248765e-004
 1.280000e+002  5.788509e-004 -1.441216e-004
 1.282500e+002  5.517003e-004 -9.647020e-005
 1.285000e+002  5.424187e-004 -2.603325e-004
 1.287500e+002  5.621456e-004 -2.004949e-004
 1.290000e+002  5.110328e-004 -1.429347e-004
 1.292500e+002  5.701525e-004 -1.766789e-004
 1.295000e+002  5.484010e-004 -1.341112e-004
 1.297500e+002  5.704031e-004 -1.842816e-004
 1.300000e+002  5.125814e-004 -1.962918e-004
 1.302500e+002  4.802419e-004 -3.063999e-004
 1.305000e+002  5.092650e-004 -1.774708e-004
 1.307500e+002  5.184816e-004 -1.671466e-004
 1.310000e+002  6.226814e-004 -1.427393e-004
 1.312500e+002  4.752595e-004 -1.284086e-004
 1.315000e+002  5.673038e-004 -1.188719e-004
 1.317500e+002  5.633651e-004 -1.465193e-004
 1.320000e+002  5.691017e-004 -2.480857e-004
 1.322500e+002  5.256754e-004 -1.456806e-004
 1.325000e+002  4.884994e-004 -2.703879e-004
 1.327500e+002  6.347458e-004 -1.436134e-004
 1.330000e+002  5.237327e-004 -2.278237e-004
 1.332500e+002  6.027198e-004 -1.343399e-004
 1.335000e+002  4.847697e-004 -1.716761e-004
 1.337500e+002  5.324290e-004 -1.589320e-004
 1.340000e+002  5.207986e-004 -2.366218e-004
 1.342500e+002  5.613758e-004 -1.261524e-004
 1.345000e+002  5.701398e-004 -2.698828e-004
 1.347500e+002  5.421068e-004 -1.838984e-004
 1.350000e+002  5.772269e-004 -1.442649e-004
 1.352500e+002  5.697876e-004 -1.762385e-004
 1.355000e+002  4.895593e-004 -8.982032e-005
 1.357500e+002  5.093215e-004 -1.221329e-004
 1.360000e+002  5.410772e-004 -2.163244e-004
 1.362500e+002  5.163706e-004 -2.307091e-004
 1.365000e+002  5.913972e-004 -1.997193e-004
 1.367500e+002  5.734607e-004 -2.269819e-004
 1.370000e+002  5.882004e-004 -1.592273e-004
 1.372500e+002  4.601704e-004 -1.380472e-004
 1.375000e+002  5.468251e-004 -1.898569e-004
 1.377500e+002  4.507008e-004 -1.021712e-004
 1.380000e+002  5.166367e-004 -1.832706e-004
 1.382500e+002  5.958619e-004 -2.222381e-004
 1.385000e+002  5.504217e-004 -1.854092e-004
 1.387500e+002  5.651999e-004 -1.276876e-004
 1.390000e+002  5.577602e-004 -1.051282e-004
 1.392500e+002  5.871766e-004 -1.792564e-004
 1.395000e+002  5.586623e-004 -1.578076e-004
 1.397500e+002  5.335391e-004 -1.866837e-004
 1.400000e+002  4.817741e-004 -1.079113e-004
 1.402500e+002  5.647078e-004 -1.669307e-004
 1.405000e+002  5.296733e-004 -1.776746e-004
 1.407500e+002  5.340570e-004 -1.856579e-004
 1.410000e+002  4.898612e-004 -2.169646e-004
 1.412500e+002  4.923147e-004 -1.463690e-004
 1.415000e+002  5.815441e-004 -1.529374e-004
 1.417500e+002  6.019828e-004 -1.823405e-004
 1.420000e+002  4.981080e-004 -1.569084e-004
 1.422500e+002  4.780273e-004 -9.754420e-005
 1.425000e+002  4.986718e-004 -1.124611e-004
 1.427500e+002  5.110417e-004 -8.519432e-005
 1.430000e+002  5.380072e-004 -2.021284e-004
 1.432500e+002  5.850651e-004 -1.213999e-004
 1.435000e+002  5.309741e-004 -1.300504e-004
 1.437500e+002  5.309082e-004 -8.607988e-005
 1.440000e+002  4.991499e-004 -1.013930e-004
 1.442500e+002  4.267061e-004 -5.580743e-005
 1.445000e+002  5.374080e-004 -1.937693e-004
 1.447500e+002  6.335063e-004 -4.744010e-005
 1.450000e+002  5.305020e-004 -1.822045e-004
 1.452500e+002  4.636341e-004 -8.087063e-005
 1.455000e+002  4.562086e-004 -1.191381e-004
 1.457500e+002  5.440611e-004 -8.857386e-005
 1.460000e+002  4.449255e-004 -2.204588e-004
 1.462500e+002  4.861818e-004 -7.875929e-005
 1.465000e+002  5.099106e-004 -1.141211e-004
 1.467500e+002  5.647994e-004 -1.022320e-004
 1.470000e+002  5.524672e-004 -1.614931e-004
 1.472500e+002  4.832005e-004 -5.793594e-006
 1.475000e+002  4.793658e-004 -1.339551e-004
 1.477500e+002  4.832870e-004 -1.315009e-004
 1.480000e+002  4.746302e-004 -1.248710e-004
 1.482500e+002  5.619522e-004 -1.383516e-004
 1.485000e+002  5.246296e-004 -1.254028e-004
 1.487500e+002  5.448830e-004 -1.465790e-004
 1.490000e+002  5.168041e-004 -1.379432e-004
 1.492500e+002  4.988136e-004 -5.730130e-005
 1.495000e+002  5.104508e-004 -1.133400e-004
 1.497500e+002  4.533900e-004 -1.086422e-004
 1.500000e+002  5.321823e-004 -9.833085e-005
 1.502500e+002  4.726708e-004 -3.416919e-005
 1.505000e+002  4.339623e-004 -9.294814e-005
 1.507500e+002  5.119282e-004 -1.438916e-004
 1.510000e+002  5.297316e-004 -5.507690e-006
 1.512500e+002  5.348419e-004 -1.175474e-004
 1.515000e+002  4.760718e-004 -6.501232e-005
 1.517500e+002  5.742586e-004  8.192153e-007
 1.520000e+002  5.438414e-004 -8.700763e-005
 1.522500e+002  5.164812e-004 -2.408792e-005
 1.525000e+002  5.646175e-004  6.096039e-005
 1.527500e+002  5.556730e-004 -5.635343e-005
 1.530000e+002  4.781186e-004 -6.853738e-005
 1.532500e+002  4.863823e-004 -1.332476e-004
 1.535000e+002  4.023944e-004 -3.746070e-005
 1.537500e+002  5.121540e-004 -2.845789e-005
 1.540000e+002  5.383539e-004 -6.418532e-005
 1.542500e+002  5.365117e-004 -7.391942e-005
 1.545000e+002  4.958001e-004 -5.189160e-005
 1.547500e+002  5.027567e-004 -5.240363e-005
 1.550000e+002  4.873456e-004  3.036748e-005
 1.552500e+002  5.792135e-004 -7.896031e-005
 1.555000e+002  5.066378e-004 -5.919823e-005
 1.557500e+002  4.977263e-004 -9.649426e-005
 1.560000e+002  4.773219e-004 -1.610844e-005
 1.562500e+002  5.111503e-004 -5.408079e-006
 1.565000e+002  4.667429e-004 -8.469798e-005
 1.567500e+002  4.658763e-004  3.707086e-005
 1.570000e+002  4.452361e-004  3.216197e-005
 1.572500e+002  5.218702e-004  5.462905e-006
 1.575000e+002  4.410027e-004 -3.637218e-005
 1.577500e+002  5.075831e-004 -6.103782e-006
 1.580000e+002  4.047133e-004 -2.822244e-005
 1.582500e+002  5.352480e-004 -1.506961e-005
 1.585000e+002  4.582504e-004 -3.661528e-006
 1.587500e+002  4.158199e-004 -1.258453e-005
 1.590000e+002  5.017356e-004  1.117328e-004
 1.592500e+002  5.660195e-004  8.680744e-006
 1.595000e+002  4.805061e-004  4.789370e-005
 1.597500e+002  3.736522e-004 -9.540546e-005
 1.600000e+002  4.567087e-004 -4.359114e-005
 1.602500e+002  4.904527e-004  1.378714e-005
 1.605000e+002  4.651559e-004 -7.409018e-006
 1.607500e+002  4.038634e-004  4.666012e-005
 1.610000e+002  5.531588e-004  7.111062e-005
 1.612500e+002  3.919789e-004  5.798163e-005
 1.615000e+002  4.388373e-004 -1.099092e-006
 1.617500e+002  4.299266e-004  4.321613e-005
 1.620000e+002  4.330075e-004  1.284103e-005
 1.622500e+002  5.685901e-004 -4.931870e-005
 1.625000e+002  4.909954e-004 -2.589613e-005
 1.627500e+002  4.562120e-004  3.987523e-005
 1.630000e+002  5.402489e-004  3.833344e-005
 1.632500e+002  4.784349e-004  2.432164e-005
 1.635000e+002  4.361559e-004  7.592983e-006
 1.637500e+002  4.667770e-004  6.016523e-006
 1.640000e+002  4.330329e-004  7.260051e-005
 1.642500e+002  4.521521e-004 -5.685818e-005
 1.645000e+002  4.338800e-004 -6.226852e-005
 1.647500e+002  5.017826e-004  3.261635e-005
 1.650000e+002  3.956672e-004  4.917871e-005
 1.652500e+002  4.063493e-004 -2.061989e-005
 1.655000e+002  4.433167e-004  6.282041e-005
 1.657500e+002  4.163180e-004  3.133292e-005
 1.660000e+002  3.837900e-004  2.443138e-005
 1.662500e+002  4.913183e-004  1.130900e-004
 1.665000e+002  4.931429e-004  3.253244e-005
 1.667500e+002  4.651657e-004  5.064723e-006
 1.670000e+002  4.133744e-004  7.277985e-005
 1.672500e+002  4.147361e-004  4.526077e-005
 1.675000e+002  3.798629e-004  4.269155e-005
 1.677500e+002  4.911926e-004  4.173069e-005
 1.680000e+002  4.506292e-004  7.878038e-005
 1.682500e+002  4.042380e-004  4.830235e-005
 1.685000e+002  3.555141e-004  1.112980e-004
 1.687500e+002  3.987887e-004  6.033295e-005
 1.690000e+002  4.271877e-004  6.633937e-005
 1.692500e+002  4.007924e-004  4.658459e-005
 1.695000e+002  4.075236e-004  6.894327e-005
 1.697500e+002  4.641616e-004  1.986140e-005
 1.700000e+002  3.841999e-004  8.184376e-005
 1.702500e+002  3.965301e-004  7.396701e-005
 1.705000e+002  3.046373e-004  5.847404e-005
 1.707500e+002  4.235694e-004  3.338470e-005
 1.710000e+002  3.373695e-004  8.357006e-006
 1.712500e+002  3.852196e-004 -6.175168e-006
 1.715000e+002  3.874633e-004  1.120991e-004
 1.717500e+002  4.848193e-004  9.734257e-005
 1.720000e+002  4.138227e-004  9.743254e-005
 1.722500e+002  3.451626e-004  9.135318e-005
 1.725000e+002  3.657378e-004  1.069147e-004
 1.727500e+002  4.470260e-004  6.134814e-005
 1.730000e+002  3.149926e-004  2.098477e-005
 1.732500e+002  2.880583e-004  5.771041e-005
 1.735000e+002  4.017050e-004  1.003569e-004
 1.737500e+002  3.986471e-004  1.594099e-004
 1.740000e+002  4.030051e-004  5.858149e-005
 1.742500e+002  2.900682e-004  1.378399e-004
 1.745000e+002  3.591684e-004  1.588714e-004
 1.747500e+002  4.511483e-004  2.245501e-005
 1.750000e+002  3.833496e-004  8.764890e-005
 1.752500e+002  3.702344e-004  8.987608e-005
 1.755000e+002  2.998944e-004  1.400486e-004
 1.757500e+002  4.217013e-004  2.005234e-004
 1.760000e+002  3.271164e-004  9.997843e-005
 1.762500e+002  3.421691e-004  2.014422e-004
 1.765000e+002  3.049583e-004  8.959889e-005
 1.767500e+002  4.036500e-004  7.624423e-005
 1.770000e+002  3.561307e-004  1.448339e-004
 1.772500e+002  4.070270e-004  8.089303e-005
 1.775000e+002  3.710974e-004  8.625074e-005
 1.777500e+002  2.920168e-004  6.654055e-005
 1.780000e+002  3.351551e-004  7.668260e-005
 1.782500e+002  3.095932e-004  1.668115e-004
 1.785000e+002  3.435598e-004  1.099686e-004
 1.787500e+002  3.168392e-004  4.981831e-005
 1.790000e+002  2.546642e-004  1.278874e-004
 1.792500e+002  3.180409e-004  1.464260e-004
 1.795000e+002  3.017579e-004  8.024500e-005
 1.797500e+002  2.971318e-004  1.115501e-004
 1.800000e+002  3.061880e-004  1.131087e-004
 1.802500e+002  3.283012e-004  5.651226e-005
 1.805000e+002  2.558044e-004  5.111772e-005
 1.807500e+002  3.227665e-004  1.303906e-004
 1.810000e+002  2.855925e-004  7.509499e-005
 1.812500e+002  2.901070e-004  9.502376e-005
 1.815000e+002  2.260711e-004  9.165559e-005
 1.817500e+002  2.633330e-004  1.020976e-004
 1.820000e+002  3.101518e-004  9.424574e-005
 1.822500e+002  2.434895e-004  7.990748e-005
 1.825000e+002  2.677496e-004  6.306160e-005
 1.827500e+002  3.230213e-004  7.148072e-005
 1.830000e+002  3.028766e-004  1.876955e-005
 1.832500e+002  3.468691e-004  5.164964e-005
 1.835000e+002  2.545382e-004  1.674184e-004
 1.837500e+002  1.950046e-004  1.956675e-005
 1.840000e+002  2.580441e-004  6.296991e-005
 1.842500e+002  1.874249e-004  1.060388e-004
 1.845000e+002  2.192880e-004  7.715102e-005
 1.847500e+002  3.056831e-004  1.720567e-004
 1.850000e+002  2.424019e-004  1.015808e-004
 1.852500e+002  2.729767e-004  1.250046e-004
 1.855000e+002  2.694204e-004  5.745871e-005
 1.857500e+002  2.790767e-004  1.140535e-004
 1.860000e+002  1.734785e-004  1.281324e-004
 1.862500e+002  2.058843e-004  4.524752e-005
 1.865000e+002  1.914453e-004  3.477924e-005
 1.867500e+002  2.471535e-004 -6.362020e-006
 1.870000e+002  2.151970e-004  1.561841e-004
 1.872500e+002  1.998479e-004  1.083734e-004
 1.875000e+002  1.910997e-004  1.041901e-004
 1.877500e+002  2.209088e-004  1.042966e-004
 1.880000e+002  2.475818e-004  1.338135e-004
 1.882500e+002  2.064959e-004  1.012341e-004
 1.885000e+002  2.140068e-004  7.634755e-005
 1.887500e+002  1.620380e-004  1.437591e-004
 1.890000e+002  2.262296e-004  1.447596e-004
 1.892500e+002  2.397934e-004  8.230754e-005
 1.895000e+002  2.302885e-004  3.350293e-005
 1.897500e+002  1.638709e-004  8.235835e-005
 1.900000e+002  1.540580e-004  1.349479e-004
 1.902500e+002  2.266706e-004  2.387617e-005
 1.905000e+002  2.191128e-004  6.612140e-005
 1.907500e+002  2.007160e-004  1.349103e-004
 1.910000e+002  1.650357e-004  8.675814e-005
 1.912500e+002  1.591594e-004  1.392230e-004
 1.915000e+002  1.811184e-004  9.313789e-005
 1.917500e+002  1.824958e-004  1.382920e-004
 1.920000e+002  1.447192e-004  9.863659e-005
 1.922500e+002  1.582773e-004  5.638547e-005
 1.925000e+002  1.916301e-004  2.096303e-006
 1.927500e+002  1.397934e-004  4.831486e-005
 1.930000e+002  2.449119e-004  6.344390e-005
 1.932500e+002  2.102556e-004  1.066708e-004
 1.935000e+002  1.267153e-004  1.089056e-004
 1.937500e+002  1.888950e-004  5.511580e-005
 1.940000e+002  1.028733e-004  9.777112e-005
 1.942500e+002  2.005411e-004  3.009632e-005
 1.945000e+002  1.751498e-004  9.204834e-005
 1.947500e+002  2.656539e-004  9.010614e-005
 1.950000e+002  1.934486e-004 -2.799108e-005
 1.952500e+002  2.082031e-004  6.518779e-005
 1.955000e+002  1.281286e-004 -3.176906e-005
 1.957500e+002  1.635211e-004  5.110818e-005
 1.960000e+002  1.346329e-004  6.960438e-005
 1.962500e+002  1.113352e-004  9.328190e-005
 1.965000e+002  1.194285e-004  3.387743e-005
 1.967500e+002  1.841280e-004  4.294967e-005
 1.970000e+002  2.295854e-004  3.222290e-005
 1.972500e+002  1.509971e-004  1.081095e-004
 1.975000e+002  8.070886e-005 -1.661538e-006
 1.977500e+002  1.282662e-004 -1.154731e-005
 1.980000e+002  1.913337e-004 -8.067817e-006
 1.982500e+002  1.661914e-004  8.726698e-005
 1.985000e+002  1.015211e-004  3.958442e-005
 1.987500e+002  1.956119e-004  3.765207e-005
 1.990000e+002  2.592629e-006  1.158316e-004
 1.992500e+002  6.202079e-005  8.701500e-005
 1.995000e+002  2.064466e-004  5.509620e-005
 1.997500e+002  1.390028e-004  5.356186e-005
 2.000000e+002  1.550691e-004  4.123835e-005
 2.002500e+002  2.100746e-004 -1.592149e-005
 2.005000e+002  1.390370e-004  3.722180e-005
 2.007500e+002  1.778708e-004  5.849660e-005
 2.010000e+002  1.523839e-004  2.305423e-005
 2.012500e+002  1.914688e-004  1.786922e-005
 2.015000e+002  2.914929e-005  2.959641e-005
 2.017500e+002  1.862003e-004  2.409847e-005
 2.020000e+002  1.785990e-004  3.724621e-005
 2.022500e+002  3.407626e-005 -1.926496e-005
 2.025000e+002  1.444008e-004 -8.048493e-006
 2.027500e+002  1.465022e-004 -8.655109e-005
 2.030000e+002  1.762184e-004 -5.663233e-005
 2.032500e+002  9.613774e-005 -7.836778e-005
 2.035000e+002  1.085753e-004  4.138962e-005
 2.037500e+002  3.544975e-005  1.733735e-005
 2.040000e+002  1.219514e-004  6.409352e-005
 2.042500e+002  2.299906e-005 -6.839593e-007
 2.045000e+002  7.603088e-005  2.304793e-005
 2.047500e+002  1.370212e-004  1.375166e-005
 2.050000e+002  1.452517e-004  3.845138e-005
 2.052500e+002  1.111361e-004 -5.332903e-005
 2.055000e+002  1.245267e-004  7.933686e-005
 2.057500e+002  1.976470e-005  6.095371e-005
 2.060000e+002  6.688439e-005 -6.540042e-005
 2.062500e+002  4.150999e-005 -4.143450e-006
 2.065000e+002  1.072852e-004 -1.142317e-005
 2.067500e+002  8.790280e-005 -1.721678e-004
 2.070000e+002  1.912315e-004 -4.963074e-005
 2.072500e+002  9.490934e-005 -1.083654e-004
 2.075000e+002  7.132713e-005 -4.208201e-005
 2.077500e+002  1.888051e-004 -5.558285e-005
 2.080000e+002  1.081659e-004  9.645801e-006
 2.082500e+002  1.506061e-004 -8.660917e-005
 2.085000e+002  1.425196e-004 -2.926318e-005
 2.087500e+002  1.088925e-004 -6.165721e-006
 2.090000e+002  9.511196e-005  5.501899e-005
 2.092500e+002  1.525537e-004 -6.772630e-005
 2.095000e+002  1.544333e-004 -1.016013e-006
 2.097500e+002  1.433068e-004 -7.293129e-005
 2.100000e+002  1.375775e-004 -3.546625e-005
 2.102500e+002  4.911032e-006 -3.130523e-005
 2.105000e+002  1.229555e-004 -6.747298e-005
 2.107500e+002  1.672263e-004 -6.479395e-007
 2.110000e+002  2.091858e-004  5.636707e-006
 2.112500e+002  1.765492e-004 -1.914810e-004
 2.115000e+002  5.676055e-005 -3.819079e-005
 2.117500e+002  1.385164e-005 -5.368805e-005
 2.120000e+002  1.178100e-004 -1.365104e-004
 2.122500e+002  1.724182e-004 -1.568396e-005
 2.125000e+002  2.263389e-004 -1.745440e-004
 2.127500e+002  1.844411e-004 -1.533760e-004
 2.130000e+002  1.142888e-004 -1.526866e-005
 2.132500e+002  7.065167e-005 -1.729686e-004
 2.135000e+002  1.506102e-004 -1.036893e-004
 2.137500e+002  1.867773e-004 -5.076816e-005
 2.140000e+002  1.142313e-004 -5.063518e-005
 2.142500e+002  7.775543e-005  2.362564e-005
 2.145000e+002  1.819691e-004 -7.328269e-005
 2.147500e+002  1.692207e-004 -7.546985e-005
 2.150000e+002  1.128599e-004 -7.060312e-005
 2.152500e+002  1.196499e-004 -7.875271e-005
 2.155000e+002  1.243823e-004 -6.868760e-005
 2.157500e+002  1.479504e-004 -6.801684e-005
 2.160000e+002  1.087544e-004 -1.296763e-004
 2.162500e+002  1.561552e-004 -1.148937e-004
 2.165000e+002  1.233575e-004 -1.208860e-004
 2.167500e+002  1.389793e-004 -1.422007e-004
 2.170000e+002  8.977844e-005 -1.425838e-004
 2.172500e+002  2.153542e-004 -1.326911e-004
 2.175000e+002  1.402463e-004 -5.996798e-005
 2.177500e+002  1.344361e-004 -5.098374e-005
 2.180000e+002  1.518759e-004 -8.235248e-005
 2.182500e+002  1.671255e-004 -1.013752e-004
 2.185000e+002  1.772060e-004 -1.948173e-004
 2.187500e+002  1.490371e-004 -4.664823e-005
 2.190000e+002  2.103968e-004 -1.169543e-004
 2.192500e+002  1.664486e-004 -1.125025e-004
 2.195000e+002  3.308251e-005 -1.409439e-004
 2.197500e+002  9.045224e-005 -1.725954e-004
 2.200000e+002  1.611472e-004  4.511962e-006
 2.202500e+002  1.868142e-004 -8.870246e-005
 2.205000e+002  1.355338e-004 -1.637620e-004
 2.207500e+002  1.648395e-004 -5.791589e-005
 2.210000e+002  1.675310e-004 -1.078382e-004
 2.212500e+002  1.827851e-004 -9.239221e-005
 2.215000e+002  1.339974e-004 -6.970366e-005
 2.217500e+002  2.269929e-004 -9.686808e-005
 2.220000e+002  1.460581e-004 -7.293572e-005
 2.222500e+002  8.933172e-005 -1.056596e-004
 2.225000e+002  1.959536e-004 -1.558029e-004
 2.227500e+002  2.801046e-004 -4.801621e-005
 2.230000e+002  2.108863e-004 -1.987263e-004
 2.232500e+002  1.286020e-004 -1.175715e-004
 2.235000e+002  2.021693e-004 -1.715441e-004
 2.237500e+002  3.045959e-004 -7.125275e-005
 2.240000e+002  2.364114e-004 -1.889832e-004
 2.242500e+002  2.439841e-004 -9.768496e-005
 2.245000e+002  1.285318e-004 -1.368274e-004
 2.247500e+002  1.795730e-004 -1.400164e-004
 2.250000e+002  2.147598e-004 -9.287967e-005
 2.252500e+002  1.846489e-004 -1.329997e-004
 2.255000e+002  2.893706e-004 -4.111802e-005
 2.257500e+002  2.024991e-004 -1.167199e-004
 2.260000e+002  2.099125e-004 -9.094348e-005
 2.262500e+002  2.751326e-004 -8.280696e-005
 2.265000e+002  2.090141e-004 -1.322609e-004
 2.267500e+002  2.316412e-004 -6.704424e-005
 2.270000e+002  2.836321e-004 -2.128024e-004
 2.272500e+002  1.417942e-004 -3.111617e-006
 2.275000e+002  1.981095e-004 -2.221784e-004
 2.277500e+002  1.449064e-004 -5.502615e-005
 2.280000e+002  2.603559e-004 -8.755704e-005
 2.282500e+002  1.988157e-004 -5.495751e-005
 2.285000e+002  2.575687e-004 -1.014070e-004
 2.287500e+002  2.765848e-004 -1.532938e-004
 2.290000e+002  2.136171e-004 -9.552538e-005
 2.292500e+002  2.495164e-004 -1.238378e-004
 2.295000e+002  3.388014e-004 -1.147120e-004
 2.297500e+002  2.633108e-004 -1.889750e-004
 2.300000e+002  2.807691e-004 -4.501485e-005
 2.302500e+002  3.043348e-004 -6.654838e-005
 2.305000e+002  3.025050e-004 -2.005819e-004
 2.307500e+002  3.316885e-004 -2.535122e-006
 2.310000e+002  2.002432e-004 -4.161378e-005
 2.312500e+002  2.940795e-004 -1.665887e-004
 2.315000e+002  2.293472e-004 -1.869491e-004
 2.317500e+002  2.882600e-004 -4.906148e-005
 2.320000e+002  1.982104e-004 -6.271789e-005
 2.322500e+002  3.555100e-004 -7.151264e-005
 2.325000e+002  2.434496e-004  1.620248e-005
 2.327500e+002  2.755986e-004 -9.328823e-005
 2.330000e+002  2.469739e-004 -2.533591e-005
 2.332500e+002  2.501740e-004  2.300250e-005
 2.335000e+002  2.188600e-004 -3.513729e-005
 2.337500e+002  3.178196e-004 -9.418715e-005
 2.340000e+002  3.248185e-004 -4.760075e-005
 2.342500e+002  3.027428e-004 -6.652628e-005
 2.345000e+002  2.783626e-004 -9.418241e-005
 2.347500e+002  3.065371e-004 -1.110732e-004
 2.350000e+002  2.933924e-004 -7.661841e-005
 2.352500e+002  3.217018e-004 -4.745047e-005
 2.355000e+002  2.411244e-004 -7.599027e-005
 2.357500e+002  3.417748e-004 -4.925849e-005
 2.360000e+002  3.532446e-004 -6.034523e-005
 2.362500e+002  3.555100e-004 -2.189108e-006
 2.365000e+002  2.905714e-004 -4.515156e-005
 2.367500e+002  3.173335e-004  4.257460e-005
 2.370000e+002  2.463829e-004  4.319439e-005
 2.372500e+002  2.700220e-004  2.189596e-005
 2.375000e+002  2.646964e-004  7.611344e-006
 2.377500e+002  2.638652e-004  2.542996e-005
 2.380000e+002  2.355553e-004 -4.621818e-005
 2.382500e+002  2.885212e-004  1.989450e-005
 2.385000e+002  2.998308e-004 -1.217717e-006
 2.387500e+002  2.881967e-004  6.086840e-005
 2.390000e+002  2.761173e-004  6.315430e-005
 2.392500e+002  3.324531e-004 -8.299403e-005
 2.395000e+002  3.637397e-004 -1.436165e-005
 2.397500e+002  3.349612e-004  6.192315e-005
 2.400000e+002  1.897359e-004  4.608085e-005
 2.402500e+002  4.194341e-004  7.861488e-005
 2.405000e+002  3.065647e-004  9.880490e-005
 2.407500e+002  2.444087e-004  8.326730e-005
 2.410000e+002  3.773321e-004  2.518546e-005
 2.412500e+002  3.115713e-004  1.713146e-005
 2.415000e+002  2.482405e-004  1.688733e-005
 2.417500e+002  3.690372e-004 -4.128740e-005
 2.420000e+002  1.875747e-004  1.787334e-005
 2.422500e+002  3.027819e-004  7.175907e-005
 2.425000e+002  3.616704e-004  6.436105e-006
 2.427500e+002  3.137452e-004  8.352908e-005
 2.430000e+002  3.050445e-004  8.521037e-005
 2.432500e+002  2.352750e-004  5.161054e-005
 2.435000e+002  3.303756e-004  5.081783e-005
 2.437500e+002  2.558269e-004  1.979919e-004
 2.440000e+002  2.908391e-004  8.707582e-005
 2.442500e+002  3.301088e-004  9.981977e-005
 2.445000e+002  2.234624e-004  2.291844e-004
 2.447500e+002  3.259067e-004  9.195593e-005
 2.450000e+002  2.094054e-004  1.542702e-004
 2.452500e+002  2.482357e-004  2.106418e-004
 2.455000e+002  2.571760e-004  9.847709e-005
 2.457500e+002  2.744314e-004  6.630135e-005
 2.460000e+002  2.464251e-004  7.127992e-005
 2.462500e+002  2.049588e-004  6.684153e-005
 2.465000e+002  2.960098e-004  5.502203e-005
 2.467500e+002  2.960798e-004  5.507161e-005
 2.470000e+002  1.850298e-004  1.468700e-004
 2.472500e+002  2.007089e-004  1.458619e-004
 2.475000e+002  2.944041e-004  1.879420e-004
 2.477500e+002  2.232056e-004  1.617144e-004
 2.480000e+002  1.910189e-004  1.742399e-004
 2.482500e+002  3.381051e-004  1.996496e-004
 2.485000e+002  2.663049e-004  7.721007e-005
 2.487500e+002  2.096580e-004  7.805383e-005
 2.490000e+002  1.587569e-004  4.650089e-005
 2.492500e+002  1.728884e-004  9.469078e-005
 2.495000e+002  8.357357e-005 -6.019503e-005
 2.497500e+002  6.404207e-005  5.587913e-005
 2.500000e+002  1.949107e-005  1.253807e-005
 2.502500e+002  1.428393e-004  1.421977e-004
 2.505000e+002  1.086425e-004  3.470008e-005
 2.507500e+002  1.598467e-004  3.346641e-005
 2.510000e+002  5.222307e-005  2.091288e-005
 2.512500e+002  7.944752e-005  7.681249e-005
 2.515000e+002  1.414661e-004  2.656963e-005
 2.517500e+002  8.446741e-005  1.697315e-005
 2.520000e+002  1.842295e-004  6.398969e-005
 2.522500e+002  2.065394e-004 -5.719570e-005
 2.525000e+002  1.396906e-004  1.265299e-004
 2.527500e+002  6.045477e-005 -2.439602e-005
 2.530000e+002  1.002236e-004  7.568594e-005
 2.532500e+002  5.032802e-005  3.112736e-005
 2.535000e+002  8.295466e-005  8.320379e-006
 2.537500e+002  1.141620e-004  2.372224e-005
 2.540000e+002  6.847463e-005  1.058059e-004
 2.542500e+002  8.569077e-005 -6.165135e-006
 2.545000e+002 -9.759252e-006  7.876080e-005
 2.547500e+002 -5.366437e-007  1.215223e-004
 2.550000e+002  1.084398e-004 -4.173338e-005
 2.552500e+002  1.283951e-004  5.882631e-005
 2.555000e+002  8.891714e-005  3.324949e-005
 2.557500e+002 -2.873592e-005 -3.802448e-006
 2.560000e+002  8.393579e-005 -2.400254e-009