 0.000000e+000 -5.187169e-004  0.000000e+000
 2.500000e-001 -1.891025e-003  5.474823e-004
 5.000000e-001 -4.207015e-003  2.131713e-004
 7.500000e-001 -4.766089e-003  6.835900e-004
 1.000000e+000 -5.378455e-003  1.592132e-004
 1.250000e+000 -5.696934e-003  1.106850e-003
 1.500000e+000 -3.857462e-003  8.523272e-004
 1.750000e+000 -4.932260e-003 -2.291340e-004
 2.000000e+000 -5.194739e-003  1.662147e-004
 2.250000e+000 -5.453595e-003  4.243457e-004
 2.500000e+000 -5.397290e-003  1.349034e-003
 2.750000e+000 -5.067543e-003  5.365912e-004
 3.000000e+000 -9.794362e-003  3.228478e-003
 3.250000e+000 -2.950564e-004 -7.192375e-003
 3.500000e+000 -4.251461e-003 -2.006458e-003
 3.750000e+000 -3.680223e-003 -1.130959e-003
 4.000000e+000 -3.249901e-003 -7.706856e-004
 4.250000e+000 -3.773210e-003 -1.016769e-004
 4.500000e+000 -4.108994e-003  2.739163e-004
 4.750000e+000 -4.438864e-003 -3.049896e-004
 5.000000e+000 -3.901413e-003 -1.053008e-003
 5.250000e+000 -5.023084e-003  3.127034e-004
 5.500000e+000 -4.409359e-003  5.598552e-006
 5.750000e+000 -1.677533e-003  3.677185e-003
 6.000000e+000 -5.024542e-003 -3.760231e-004
 6.250000e+000 -6.334912e-003 -1.578348e-003
 6.500000e+000 -4.616606e-003  1.596051e-003
 6.750000e+000 -3.544068e-003 -7.260609e-004
 7.000000e+000 -4.771812e-003 -1.265968e-003
 7.250000e+000 -5.648480e-003 -3.888639e-004
 7.500000e+000 -5.079070e-003  2.407395e-005
 7.750000e+000 -5.209021e-003 -3.317633e-004
 8.000000e+000 -5.009322e-003 -7.939679e-005
 8.250000e+000 -5.045378e-003 -6.740436e-004
 8.500000e+000 -5.506838e-003 -1.815359e-004
 8.750000e+000 -5.470494e-003 -6.544512e-005
 9.000000e+000 -5.462964e-003  6.921675e-005
 9.250000e+000 -5.543264e-003 -2.089765e-004
 9.500000e+000 -5.556599e-003 -1.820188e-004
 9.750000e+000 -6.097886e-003 -7.566047e-005
 1.000000e+001 -5.824202e-003  2.672848e-004
 1.025000e+001 -6.044454e-003  1.020534e-004
 1.050000e+001 -6.093460e-003  1.087962e-005
 1.075000e+001 -6.029165e-003  2.840630e-004
 1.100000e+001 -6.404548e-003  4.790300e-005
 1.125000e+001 -6.448687e-003  3.500220e-004
 1.150000e+001 -6.655030e-003  2.437265e-004
 1.175000e+001 -6.612720e-003  2.351280e-004
 1.200000e+001 -7.005707e-003  2.224115e-004
 1.225000e+001 -7.319014e-003  5.203867e-005
 1.250000e+001 -7.293940e-003  4.572649e-004
 1.275000e+001 -7.314011e-003  3.452960e-004
 1.300000e+001 -7.625100e-003  3.872019e-004
 1.325000e+001 -7.562227e-003  3.227659e-004
 1.350000e+001 -7.797745e-003  4.365349e-004
 1.375000e+001 -8.206160e-003  2.024560e-004
 1.400000e+001 -7.996452e-003  4.409576e-004
 1.425000e+001 -8.424557e-003  2.204424e-004
 1.450000e+001 -8.720393e-003  2.004951e-004
 1.475000e+001 -9.160456e-003  5.999072e-004
 1.500000e+001 -9.090375e-003  4.754748e-004
 1.525000e+001 -9.636308e-003  6.255736e-004
 1.550000e+001 -9.882320e-003  5.150709e-004
 1.575000e+001 -1.040774e-002  4.320980e-004
 1.600000e+001 -1.089613e-002  3.774814e-004
 1.625000e+001 -1.114560e-002  6.320622e-004
 1.650000e+001 -1.180223e-002  2.990848e-004
 1.675000e+001 -1.220987e-002  3.065057e-004
 1.700000e+001 -1.260237e-002  6.327653e-004
 1.725000e+001 -1.334427e-002  7.243261e-004
 1.750000e+001 -1.429570e-002  6.850040e-004
 1.775000e+001 -1.460765e-002  7.585279e-004
 1.800000e+001 -1.554624e-002  8.258920e-004
 1.825000e+001 -1.675953e-002  7.768813e-004
 1.850000e+001 -1.735429e-002  7.077065e-004
 1.875000e+001 -1.853701e-002  1.061216e-003
 1.900000e+001 -2.040051e-002  1.261667e-003
 1.925000e+001 -2.142329e-002  2.262891e-003
 1.950000e+001 -2.321492e-002  1.476177e-003
 1.975000e+001 -2.540908e-002  2.396228e-003
 2.000000e+001 -2.878785e-002  2.070659e-003
 2.025000e+001 -3.255448e-002  2.684433e-003
 2.050000e+001 -3.718476e-002  3.283082e-003
 2.075000e+001 -4.317486e-002  4.022477e-003
 2.100000e+001 -5.132965e-002  4.002350e-003
 2.125000e+001 -6.343733e-002  6.929103e-003
 2.150000e+001 -8.254233e-002  9.935342e-003
 2.175000e+001 -1.166063e-001  1.942993e-002
 2.200000e+001 -1.918532e-001  5.510353e-002
 2.225000e+001 -4.276832e-001  3.921260e-001
 2.250000e+001  4.182668e-001  6.677380e-002
 2.275000e+001  1.667478e-001  1.100343e-002
 2.300000e+001  1.000894e-001 -1.083029e-003
 2.325000e+001  7.292607e-002 -5.002912e-005
 2.350000e+001  5.783287e-002 -4.287460e-004
 2.375000e+001  4.736596e-002  1.987106e-004
 2.400000e+001  4.030968e-002  2.734223e-004
 2.425000e+001  3.431525e-002 -7.667438e-004
 2.450000e+001  3.077147e-002 -7.501133e-004
 2.475000e+001  2.806747e-002 -9.923719e-004
 2.500000e+001  2.513551e-002 -5.500058e-004
 2.525000e+001  2.257878e-002 -8.393275e-004
 2.550000e+001  2.056724e-002 -3.444088e-004
 2.575000e+001  1.959179e-002 -6.245964e-004
 2.600000e+001  1.862610e-002 -4.453260e-004
 2.625000e+001  1.696430e-002 -6.586289e-004
 2.650000e+001  1.617992e-002 -4.989587e-004
 2.675000e+001  1.496486e-002 -6.850072e-004
 2.700000e+001  1.462097e-002 -3.347316e-004
 2.725000e+001  1.373262e-002 -5.959823e-004
 2.750000e+001  1.322058e-002 -5.600055e-004
 2.775000e+001  1.234374e-002 -3.425295e-004
 2.800000e+001  1.226764e-002 -4.108581e-004
 2.825000e+001  1.128429e-002 -2.319963e-004
 2.850000e+001  1.091398e-002 -2.579870e-004
 2.875000e+001  1.060121e-002 -4.052480e-004
 2.900000e+001  1.024186e-002 -3.190841e-004
 2.925000e+001  9.719149e-003 -2.685054e-004
 2.950000e+001  9.423462e-003 -5.290329e-005
 2.975000e+001  8.987296e-003 -5.534008e-005
 3.000000e+001  8.896661e-003 -2.035670e-004
 3.025000e+001  8.613952e-003 -1.464636e-004
 3.050000e+001  8.236787e-003 -2.028259e-004
 3.075000e+001  7.976659e-003 -1.149154e-004
 3.100000e+001  7.778285e-003 -2.114410e-004
 3.125000e+001  7.677185e-003  1.358745e-004
 3.150000e+001  7.367002e-003 -4.543644e-005
 3.175000e+001  7.051337e-003 -1.735652e-004
 3.200000e+001  7.014437e-003  3.191962e-005
 3.225000e+001  6.803366e-003 -3.032756e-005
 3.250000e+001  6.829565e-003 -1.817942e-004
 3.275000e+001  6.684464e-003  6.132352e-005
 3.300000e+001  6.200168e-003 -3.781663e-005
 3.325000e+001  6.172825e-003  1.667784e-004
 3.350000e+001  6.071212e-003  1.904386e-005
 3.375000e+001  5.922919e-003  1.059569e-004
 3.400000e+001  5.847848e-003  2.832937e-005
 3.425000e+001  5.685456e-003 -3.118812e-005
 3.450000e+001  5.690072e-003  6.338847e-005
 3.475000e+001  5.573334e-003 -7.894783e-005
 3.500000e+001  5.452258e-003  3.307725e-005
 3.525000e+001  5.250189e-003  1.385709e-004
 3.550000e+001  5.214431e-003  1.681821e-004
 3.575000e+001  5.017187e-003  1.008559e-004
 3.600000e+001  4.980661e-003  4.953783e-005
 3.625000e+001  4.896795e-003  1.492456e-004
 3.650000e+001  4.935268e-003  5.807351e-005
 3.675000e+001  4.679845e-003  1.852873e-004
 3.700000e+001  4.716397e-003  1.990494e-004
 3.725000e+001  4.615727e-003  1.927153e-004
 3.750000e+001  4.572512e-003  2.137516e-004
 3.775000e+001  4.482335e-003  1.480192e-004
 3.800000e+001  4.419096e-003  1.239656e-004
 3.825000e+001  4.510028e-003  3.181789e-004
 3.850000e+001  4.342726e-003  1.436178e-004
 3.875000e+001  4.289294e-003  1.502698e-004
 3.900000e+001  4.209550e-003  1.981978e-004
 3.925000e+001  4.068269e-003  2.181716e-004
 3.950000e+001  4.195248e-003  1.910985e-004
 3.975000e+001  4.050387e-003  6.944164e-005
 4.000000e+001  3.959083e-003  1.297395e-004
 4.025000e+001  4.091061e-003  9.857446e-005
 4.050000e+001  3.868900e-003  1.534365e-004
 4.075000e+001  3.725727e-003  2.463407e-004
 4.100000e+001  3.731877e-003  2.851527e-004
 4.125000e+001  3.774839e-003  2.403363e-004
 4.150000e+001  3.630436e-003  2.435280e-004
 4.175000e+001  3.656265e-003  1.602630e-004
 4.200000e+001  3.659403e-003  2.038150e-004
 4.225000e+001  3.559830e-003  2.199984e-004
 4.250000e+001  3.515103e-003  2.201456e-004
 4.275000e+001  3.464986e-003  3.041257e-004
 4.300000e+001  3.508167e-003  1.769721e-004
 4.325000e+001  3.522026e-003  2.549309e-004
 4.350000e+001  3.301555e-003  2.079613e-004
 4.375000e+001  3.451901e-003  2.086677e-004
 4.400000e+001  3.382852e-003  3.237714e-004
 4.425000e+001  3.289884e-003  1.807679e-004
 4.450000e+001  3.260635e-003  2.310854e-004
 4.475000e+001  3.020223e-003  3.726358e-004
 4.500000e+001  3.208588e-003  2.456102e-004
 4.525000e+001  3.258760e-003  2.498653e-004
 4.550000e+001  3.214962e-003  3.002858e-004
 4.575000e+001  3.185532e-003  2.964098e-004
 4.600000e+001  3.141651e-003  2.930293e-004
 4.625000e+001  3.150036e-003  3.104488e-004
 4.650000e+001  3.094642e-003  2.772266e-004
 4.675000e+001  3.068330e-003  2.604454e-004
 4.700000e+001  3.082041e-003  2.542481e-004
 4.725000e+001  3.112893e-003  2.636951e-004
 4.750000e+001  3.001719e-003  2.878887e-004
 4.775000e+001  2.998598e-003  2.760452e-004
 4.800000e+001  2.856143e-003  3.430105e-004
 4.825000e+001  2.962477e-003  2.998878e-004
 4.850000e+001  2.950792e-003  2.944746e-004
 4.875000e+001  2.900418e-003  2.538924e-004
 4.900000e+001  2.906277e-003  2.482259e-004
 4.925000e+001  2.899600e-003  2.561296e-004
 4.950000e+001  2.837311e-003  2.258090e-004
 4.975000e+001  2.889164e-003  3.769499e-004
 5.000000e+001  2.785977e-003  3.042438e-004
 5.025000e+001  2.778051e-003  2.786101e-004
 5.050000e+001  2.782214e-003  3.051434e-004
 5.075000e+001  2.787426e-003  3.647622e-004
 5.100000e+001  2.759119e-003  2.928757e-004
 5.125000e+001  2.752798e-003  2.395043e-004
 5.150000e+001  2.665869e-003  3.260520e-004
 5.175000e+001  2.694080e-003  2.085354e-004
 5.200000e+001  2.678384e-003  3.464263e-004
 5.225000e+001  2.607672e-003  2.349895e-004
 5.250000e+001  2.727475e-003  2.964171e-004
 5.275000e+001  2.585359e-003  3.462563e-004
 5.300000e+001  2.657074e-003  2.248566e-004
 5.325000e+001  2.656668e-003  3.507992e-004
 5.350000e+001  2.706564e-003  2.782053e-004
 5.375000e+001  2.671136e-003  2.579553e-004
 5.400000e+001  2.629701e-003  3.918777e-004
 5.425000e+001  2.568268e-003  3.606790e-004
 5.450000e+001  2.583803e-003  3.189828e-004
 5.475000e+001  2.666547e-003  3.622618e-004
 5.500000e+001  2.654901e-003  3.311810e-004
 5.525000e+001  2.605529e-003  4.124948e-004
 5.550000e+001  2.653901e-003  3.633580e-004
 5.575000e+001  2.657815e-003  3.940460e-004
 5.600000e+001  2.614308e-003  4.090846e-004
 5.625000e+001  2.626833e-003  3.853474e-004
 5.650000e+001  2.721134e-003  3.770150e-004
 5.675000e+001  2.666528e-003  4.477066e-004
 5.700000e+001  2.692825e-003  3.394234e-004
 5.725000e+001  2.729548e-003  3.975343e-004
 5.750000e+001  2.711109e-003  2.974961e-004
 5.775000e+001  2.694895e-003  2.730957e-004
 5.800000e+001  2.766421e-003  3.281079e-004
 5.825000e+001  2.757691e-003  3.074694e-004
 5.850000e+001  2.798333e-003  2.800122e-004
 5.875000e+001  2.795008e-003  3.576812e-004
 5.900000e+001  2.703070e-003  2.807317e-004
 5.925000e+001  2.810244e-003  2.061569e-004
 5.950000e+001  2.759000e-003  2.967270e-004
 5.975000e+001  2.830932e-003  3.298978e-004
 6.000000e+001  2.824005e-003  2.606999e-004
 6.025000e+001  2.811762e-003  2.687856e-004
 6.050000e+001  2.797384e-003  2.814656e-004
 6.075000e+001  2.873639e-003  3.446947e-004
 6.100000e+001  2.877801e-003  3.219892e-004
 6.125000e+001  2.936142e-003  3.075608e-004
 6.150000e+001  2.986743e-003  2.631631e-004
 6.175000e+001  2.853818e-003  2.408090e-004
 6.200000e+001  2.938831e-003  2.794474e-004
 6.225000e+001  3.021866e-003  2.354219e-004
 6.250000e+001  3.080696e-003  2.709763e-004
 6.275000e+001  3.028303e-003  1.876778e-004
 6.300000e+001  3.052400e-003  2.072954e-004
 6.325000e+001  3.149242e-003  1.706063e-004
 6.350000e+001  3.130457e-003  1.881167e-004
 6.375000e+001  3.194755e-003  2.553514e-004
 6.400000e+001  3.220108e-003  2.042589e-004
 6.425000e+001  3.258845e-003  2.764914e-004
 6.450000e+001  3.310445e-003  1.226147e-004
 6.475000e+001  3.406743e-003  1.770746e-004
 6.500000e+001  3.436470e-003  2.029838e-004
 6.525000e+001  3.465956e-003  1.374995e-004
 6.550000e+001  3.603335e-003  9.777142e-005
 6.575000e+001  3.642351e-003  2.198057e-004
 6.600000e+001  3.710459e-003  8.932679e-005
 6.625000e+001  3.927172e-003  1.340809e-004
 6.650000e+001  3.845266e-003  1.252409e-004
 6.675000e+001  3.902684e-003  1.333209e-004
 6.700000e+001  4.116932e-003  1.848286e-004
 6.725000e+001  4.114305e-003  4.084313e-005
 6.750000e+001  4.111049e-003  1.313257e-004
 6.775000e+001  4.335157e-003  1.046824e-004
 6.800000e+001  4.478816e-003  2.661153e-005
 6.825000e+001  4.663803e-003  1.034920e-004
 6.850000e+001  4.759576e-003  1.009072e-004
 6.875000e+001  4.886436e-003 -1.520164e-004
 6.900000e+001  5.102438e-003 -9.092209e-005
 6.925000e+001  5.383043e-003 -1.923475e-004
 6.950000e+001  5.468838e-003 -2.189860e-004
 6.975000e+001  5.767716e-003 -1.963129e-004
 7.000000e+001  5.999656e-003 -2.067968e-004
 7.025000e+001  6.351558e-003 -4.088875e-004
 7.050000e+001  6.656050e-003 -3.765418e-004
 7.075000e+001  7.202599e-003 -5.210779e-004
 7.100000e+001  7.575585e-003 -6.228463e-004
 7.125000e+001  8.238648e-003 -8.321696e-004
 7.150000e+001  8.834360e-003 -9.872886e-004
 7.175000e+001  9.442209e-003 -1.229943e-003
 7.200000e+001  1.040259e-002 -1.846868e-003
 7.225000e+001  1.126207e-002 -2.438619e-003
 7.250000e+001  1.232823e-002 -3.015986e-003
 7.275000e+001  1.395251e-002 -3.961800e-003
 7.300000e+001  1.575882e-002 -5.805923e-003
 7.325000e+001  1.748215e-002 -8.056661e-003
 7.350000e+001  2.022525e-002 -1.190540e-002
 7.375000e+001  2.219358e-002 -1.776212e-002
 7.400000e+001  2.373991e-002 -2.663770e-002
 7.425000e+001  1.832936e-002 -4.132367e-002
 7.450000e+001 -4.984851e-003 -5.472357e-002
 7.475000e+001 -3.273698e-002 -3.613658e-002
 7.500000e+001 -2.888732e-002 -1.488289e-002
 7.525000e+001 -2.124834e-002 -6.891706e-003
 7.550000e+001 -1.706915e-002 -4.435900e-003
 7.575000e+001 -1.391732e-002 -2.721951e-003
 7.600000e+001 -1.182234e-002 -2.258341e-003
 7.625000e+001 -1.019405e-002 -1.538276e-003
 7.650000e+001 -9.090905e-003 -1.246471e-003
 7.675000e+001 -8.177604e-003 -7.368268e-004
 7.700000e+001 -7.612630e-003 -8.332496e-004
 7.725000e+001 -6.922925e-003 -6.788288e-004
 7.750000e+001 -6.515230e-003 -6.779843e-004
 7.775000e+001 -5.872451e-003 -3.707926e-004
 7.800000e+001 -5.464501e-003 -3.605132e-004
 7.825000e+001 -4.899065e-003 -4.457448e-004
 7.850000e+001 -4.635489e-003 -2.939585e-004
 7.875000e+001 -4.360495e-003 -2.777914e-004
 7.900000e+001 -4.196348e-003 -1.589899e-004
 7.925000e+001 -3.810819e-003 -4.182635e-005
 7.950000e+001 -3.724800e-003 -1.129600e-004
 7.975000e+001 -3.481910e-003  8.630320e-005
 8.000000e+001 -3.236923e-003 -1.045384e-004
 8.025000e+001 -3.041117e-003  8.236108e-005
 8.050000e+001 -3.036884e-003  9.332210e-005
 8.075000e+001 -2.854581e-003 -1.016439e-005
 8.100000e+001 -2.688224e-003  4.469654e-005
 8.125000e+001 -2.587844e-003  4.734796e-005
 8.150000e+001 -2.489133e-003 -2.275077e-005
 8.175000e+001 -2.394952e-003 -3.510885e-005
 8.200000e+001 -2.146432e-003  5.369776e-005
 8.225000e+001 -2.117643e-003  1.228085e-004
 8.250000e+001 -2.077604e-003 -7.109807e-005
 8.275000e+001 -1.940379e-003  7.077032e-006
 8.300000e+001 -1.924790e-003  3.590793e-005
 8.325000e+001 -1.801636e-003  2.838506e-005
 8.350000e+001 -1.783970e-003  5.925490e-005
 8.375000e+001 -1.759875e-003  3.003013e-005
 8.400000e+001 -1.645358e-003  4.972686e-005
 8.425000e+001 -1.479862e-003  2.860858e-005
 8.450000e+001 -1.559477e-003  8.770714e-005
 8.475000e+001 -1.564806e-003 -2.862795e-005
 8.500000e+001 -1.340398e-003  2.909552e-005
 8.525000e+001 -1.443289e-003 -2.646063e-005
 8.550000e+001 -1.291148e-003  8.884437e-005
 8.575000e+001 -1.255127e-003  2.917248e-005
 8.600000e+001 -1.286548e-003 -7.840992e-005
 8.625000e+001 -1.182337e-003 -2.704472e-005
 8.650000e+001 -1.087053e-003  1.404092e-006
 8.675000e+001 -1.107356e-003 -7.634292e-005
 8.700000e+001 -1.059011e-003  1.586171e-005
 8.725000e+001 -9.253392e-004  2.590310e-006
 8.750000e+001 -9.237920e-004 -7.017266e-005
 8.775000e+001 -9.177553e-004 -5.356287e-006
 8.800000e+001 -8.284086e-004 -4.096930e-005
 8.825000e+001 -7.940298e-004 -5.865883e-005
 8.850000e+001 -7.294516e-004 -7.487866e-005
 8.875000e+001 -6.602035e-004 -5.793114e-005
 8.900000e+001 -5.364754e-004 -8.512100e-005
 8.925000e+001 -5.851153e-004 -1.437457e-004
 8.950000e+001 -3.708445e-004 -1.773601e-004
 8.975000e+001 -4.139202e-004 -2.104397e-004
 9.000000e+001 -3.176405e-004 -3.238305e-004
 9.025000e+001 -2.430977e-004 -3.397675e-004
 9.050000e+001 -1.137643e-004 -4.099261e-004
 9.075000e+001 -2.426928e-005 -5.332785e-004
 9.100000e+001  1.152489e-004 -6.762268e-004
 9.125000e+001  2.783469e-004 -9.069929e-004
 9.150000e+001  4.707720e-004 -1.205778e-003
 9.175000e+001  4.029574e-004 -1.599290e-003
 9.200000e+001  4.580623e-004 -2.089338e-003
 9.225000e+001  1.066283e-004 -3.136608e-003
 9.250000e+001 -8.515634e-004 -3.903665e-003
 9.275000e+001 -2.776019e-003 -3.757191e-003
 9.300000e+001 -3.886092e-003 -1.988023e-003
 9.325000e+001 -3.278269e-003 -8.128244e-004
 9.350000e+001 -2.745699e-003 -3.629206e-004
 9.375000e+001 -2.445538e-003 -2.667373e-004
 9.400000e+001 -2.216549e-003 -2.119341e-004
 9.425000e+001 -2.049275e-003 -7.333295e-005
 9.450000e+001 -1.983524e-003 -4.350200e-005
 9.475000e+001 -1.810804e-003 -9.447815e-006
 9.500000e+001 -1.616438e-003  1.774733e-005
 9.525000e+001 -1.584832e-003  7.592503e-006
 9.550000e+001 -1.582486e-003 -5.012019e-005
 9.575000e+001 -1.559760e-003 -8.795338e-005
 9.600000e+001 -1.427304e-003  1.364686e-004
 9.625000e+001 -1.379585e-003  1.298009e-005
 9.650000e+001 -1.219170e-003  5.988197e-005
 9.675000e+001 -1.222828e-003  3.237400e-005
 9.700000e+001 -1.231416e-003  2.261575e-005
 9.725000e+001 -1.298575e-003  8.674987e-006
 9.750000e+001 -1.234951e-003  2.906084e-005
 9.775000e+001 -1.235338e-003  2.519621e-005
 9.800000e+001 -1.212980e-003 -6.689499e-006
 9.825000e+001 -1.068562e-003  5.544021e-006
 9.850000e+001 -1.066018e-003  2.372337e-005
 9.875000e+001 -1.100419e-003  2.604756e-005
 9.900000e+001 -1.014361e-003  9.630989e-005
 9.925000e+001 -1.074686e-003  5.135937e-005
 9.950000e+001 -9.763399e-004  4.137822e-005
 9.975000e+001 -9.837805e-004  1.552178e-005
 1.000000e+002 -1.052261e-003  2.640798e-006
 1.002500e+002 -9.608779e-004 -3.176610e-005
 1.005000e+002 -9.669728e-004  1.241084e-005
 1.007500e+002 -8.926567e-004 -3.908709e-005
 1.010000e+002 -8.091456e-004 -4.650460e-006
 1.012500e+002 -8.652878e-004 -1.797393e-005
 1.015000e+002 -8.866654e-004 -5.156490e-005
 1.017500e+002 -8.612509e-004 -3.095483e-005
 1.020000e+002 -8.548720e-004 -9.002208e-005
 1.022500e+002 -8.343954e-004  9.937692e-007
 1.025000e+002 -7.983608e-004  4.080830e-005
 1.027500e+002 -7.971475e-004  8.895441e-006
 1.030000e+002 -8.006329e-004 -1.846908e-005
 1.032500e+002 -7.345427e-004 -2.548384e-005
 1.035000e+002 -7.875606e-004 -5.373536e-005
 1.037500e+002 -8.090818e-004 -8.125872e-005
 1.040000e+002 -7.386281e-004 -3.319597e-005
 1.042500e+002 -7.284033e-004 -7.093731e-005
 1.045000e+002 -7.727155e-004  3.936461e-005
 1.047500e+002 -6.991334e-004 -1.879690e-005
 1.050000e+002 -6.872875e-004 -9.468639e-005
 1.052500e+002 -6.697236e-004 -8.677727e-005
 1.055000e+002 -6.935792e-004 -4.414494e-005
 1.057500e+002 -7.044304e-004  5.633342e-006
 1.060000e+002 -6.513121e-004 -2.868803e-006
 1.062500e+002 -7.238074e-004 -7.712777e-005
 1.065000e+002 -6.185210e-004 -5.729436e-005
 1.067500e+002 -6.998083e-004 -5.392734e-005
 1.070000e+002 -6.645234e-004 -4.636828e-005
 1.072500e+002 -6.792537e-004 -9.465104e-005
 1.075000e+002 -6.804971e-004 -3.461858e-005
 1.077500e+002 -6.581295e-004 -5.567099e-005
 1.080000e+002 -6.343389e-004 -6.788683e-005
 1.082500e+002 -6.306820e-004 -3.654248e-005
 1.085000e+002 -5.886954e-004 -8.489064e-005
 1.087500e+002 -5.627830e-004 -7.089689e-005
 1.090000e+002 -5.924091e-004 -6.377274e-005
 1.092500e+002 -5.931988e-004 -3.791429e-005
 1.095000e+002 -6.305948e-004 -1.049212e-004
 1.097500e+002 -5.438053e-004 -4.995068e-005
 1.100000e+002 -5.727486e-004 -6.090441e-005
 1.102500e+002 -5.823034e-004 -9.396098e-005
 1.105000e+002 -5.300040e-004 -4.925293e-005
 1.107500e+002 -5.227786e-004 -2.315775e-005
 1.110000e+002 -5.781282e-004 -3.716684e-005
 1.112500e+002 -5.601472e-004 -4.750648e-005
 1.115000e+002 -5.524563e-004 -1.284098e-004
 1.117500e+002 -5.542104e-004 -1.486909e-004
 1.120000e+002 -5.419112e-004 -4.807735e-005
 1.122500e+002 -5.082300e-004 -6.563805e-005
 1.125000e+002 -4.895227e-004 -1.092313e-004
 1.127500e+002 -5.773264e-004 -1.558186e-004
 1.130000e+002 -5.313269e-004 -1.033957e-004
 1.132500e+002 -5.033325e-004 -9.113194e-006
 1.135000e+002 -4.927158e-004 -8.748078e-005
 1.137500e+002 -4.251843e-004 -9.804205e-005
 1.140000e+002 -5.158996e-004 -7.695335e-005
 1.142500e+002 -4.458075e-004 -8.905090e-005
 1.145000e+002 -4.903724e-004 -6.449217e-005
 1.147500e+002 -3.688160e-004 -4.435784e-005
 1.150000e+002 -3.756541e-004 -1.586933e-005
 1.152500e+002 -4.245485e-004 -1.005994e-004
 1.155000e+002 -4.504236e-004 -1.072501e-004
 1.157500e+002 -4.444134e-004 -1.486918e-004
 1.160000e+002 -3.951454e-004 -1.465944e-004
 1.162500e+002 -4.838375e-004 -1.364029e-004
 1.165000e+002 -4.148003e-004 -1.617800e-004
 1.167500e+002 -3.860198e-004 -1.024735e-004
 1.170000e+002 -3.624722e-004 -6.621638e-005
 1.172500e+002 -4.587056e-004 -4.390600e-005
 1.175000e+002 -3.582266e-004 -1.388838e-004
 1.177500e+002 -4.181726e-004 -1.000003e-004
 1.180000e+002 -4.257723e-004 -9.073035e-006
 1.182500e+002 -4.111922e-004 -1.037301e-004
 1.185000e+002 -3.472301e-004 -1.166537e-004
 1.187500e+002 -3.847037e-004 -1.256801e-004
 1.190000e+002 -4.389454e-004 -1.149392e-004
 1.192500e+002 -4.048597e-004 -1.370949e-004
 1.195000e+002 -3.926887e-004 -1.207819e-004
 1.197500e+002 -3.823070e-004 -1.267164e-004
 1.200000e+002 -3.913902e-004 -2.140911e-004
 1.202500e+002 -3.623331e-004 -1.374210e-004
 1.205000e+002 -3.476856e-004 -9.354609e-005
 1.207500e+002 -2.239318e-004 -9.880531e-005
 1.210000e+002 -3.378111e-004 -1.385721e-004
 1.212500e+002 -3.271075e-004 -2.117365e-004
 1.215000e+002 -2.329696e-004 -1.481874e-004
 1.217500e+002 -3.456867e-004 -1.253659e-004
 1.220000e+002 -3.073031e-004 -1.557183e-004
 1.222500e+002 -2.669931e-004 -1.940828e-004
 1.225000e+002 -3.118730e-004 -5.159837e-005
 1.227500e+002 -2.958442e-004 -1.524803e-004
 1.230000e+002 -2.793279e-004 -1.767648e-004
 1.232500e+002 -2.686618e-004 -7.798348e-005
 1.235000e+002 -3.791343e-004 -1.198888e-004
 1.237500e+002 -2.735393e-004 -1.385690e-004
 1.240000e+002 -2.651336e-004 -1.326518e-004
 1.242500e+002 -2.737470e-004 -1.828389e-004
 1.245000e+002 -2.157616e-004 -1.888372e-004
 1.247500e+002 -3.358502e-004 -1.434746e-004
 1.250000e+002 -2.989749e-004 -1.499320e-004
 1.252500e+002 -2.410283e-004 -1.313450e-004
 1.255000e+002 -2.988365e-004 -1.251990e-004
 1.257500e+002 -1.956306e-004 -1.866907e-004
 1.260000e+002 -2.857363e-004 -1.950171e-004
 1.262500e+002 -3.036545e-004 -1.888698e-004
 1.265000e+002 -2.881417e-004 -5.719304e-005
 1.267500e+002 -2.335781e-004 -1.594176e-004
 1.270000e+002 -2.965837e-004 -1.959736e-004
 1.272500e+002 -2.661744e-004 -1.455237e-004
 1.275000e+002 -2.804322e-004 -1.751073e-004
 1.277500e+002 -2.178465e-004 -1.292173e-004
 1.280000e+002 -2.382487e-004 -1.113432e-004
 1.282500e+002 -2.397186e-004 -1.771522e-004
 1.285000e+002 -2.400724e-004 -1.584169e-004
 1.287500e+002 -1.872130e-004 -1.586755e-004
 1.290000e+002 -2.193094e-004 -1.512093e-004
 1.292500e+002 -1.836411e-004 -1.752817e-004
 1.295000e+002 -2.433941e-004 -9.207138e-005
 1.297500e+002 -2.072037e-004 -1.549102e-004
 1.300000e+002 -1.996815e-004 -1.944884e-004
 1.302500e+002 -1.656266e-004 -1.522855e-004
 1.305000e+002 -1.496235e-004 -1.364339e-004
 1.307500e+002 -1.059927e-004 -1.384855e-004
 1.310000e+002 -1.513698e-004 -2.076750e-004
 1.312500e+002 -1.427161e-004 -1.612053e-004
 1.315000e+002 -1.832288e-004 -1.050008e-004
 1.317500e+002 -1.984186e-004 -1.739509e-004
 1.320000e+002 -1.529153e-004 -1.268950e-004
 1.322500e+002 -1.992230e-004 -7.894487e-005
 1.325000e+002 -1.881245e-004 -1.797879e-004
 1.327500e+002 -1.961487e-004 -1.763667e-004
 1.330000e+002 -1.992670e-004 -1.123985e-004
 1.332500e+002 -1.555279e-004 -1.369714e-004
 1.335000e+002 -1.111447e-004 -1.581294e-004
 1.337500e+002 -1.670279e-004 -1.596974e-004
 1.340000e+002 -1.530578e-004 -1.922237e-004
 1.342500e+002 -1.043673e-004 -1.919314e-004
 1.345000e+002 -1.717083e-004 -1.965044e-004
 1.347500e+002 -1.547903e-004 -1.549261e-004
 1.350000e+002 -1.564282e-004 -1.545787e-004
 1.352500e+002 -1.161559e-004 -1.060777e-004
 1.355000e+002 -1.514677e-004 -1.555292e-004
 1.357500e+002 -1.588637e-004 -7.754342e-005
 1.360000e+002 -1.201956e-004 -1.632777e-004
 1.362500e+002 -1.406736e-004 -1.372217e-004
 1.365000e+002 -1.654864e-004 -8.213583e-005
 1.367500e+002 -5.295487e-005 -1.994560e-004
 1.370000e+002 -1.770896e-004 -1.267146e-004
 1.372500e+002 -1.009273e-004 -1.095039e-004
 1.375000e+002 -3.516601e-005 -1.545510e-004
 1.377500e+002 -7.125572e-005 -2.269814e-004
 1.380000e+002 -1.329862e-004 -1.432955e-004
 1.382500e+002 -9.965260e-005 -1.734247e-004
 1.385000e+002 -6.976841e-005 -1.390275e-004
 1.387500e+002 -9.971601e-005 -1.492036e-004
 1.390000e+002 -6.970880e-005 -1.850398e-004
 1.392500e+002 -1.263452e-005 -1.942063e-004
 1.395000e+002 -9.557433e-005 -1.790936e-004
 1.397500e+002  1.669321e-005 -1.956514e-004
 1.400000e+002 -1.275443e-004 -1.377292e-004
 1.402500e+002 -2.576252e-005 -1.280358e-004
 1.405000e+002 -5.755657e-005 -2.289983e-004
 1.407500e+002 -1.405762e-004 -1.268412e-004
 1.410000e+002 -1.094632e-004 -1.602069e-004
 1.412500e+002 -1.035706e-004 -2.072684e-004
 1.415000e+002 -5.830343e-005 -2.224330e-004
 1.417500e+002 -5.551668e-005 -1.472440e-004
 1.420000e+002 -3.176027e-005 -6.470841e-005
 1.422500e+002  3.586797e-005 -1.865718e-004
 1.425000e+002 -4.035665e-005 -1.560910e-004
 1.427500e+002  9.187274e-006 -1.186264e-004
 1.430000e+002 -6.480887e-005 -1.309871e-004
 1.432500e+002 -1.174536e-004 -1.337540e-004
 1.435000e+002  8.357571e-006 -6.606014e-005
 1.437500e+002 -2.337721e-005 -1.902212e-004
 1.440000e+002 -5.071214e-005 -1.331463e-004
 1.442500e+002 -4.089271e-005 -9.903033e-005
 1.445000e+002 -1.203424e-004 -1.704566e-004
 1.447500e+002 -4.605861e-005 -4.488303e-005
 1.450000e+002  7.650933e-007 -9.131416e-005
 1.452500e+002 -3.539836e-005 -1.057429e-004
 1.455000e+002 -2.478619e-006 -1.298912e-004
 1.457500e+002 -5.624985e-005 -7.518661e-005
 1.460000e+002 -2.654913e-005 -1.810897e-004
 1.462500e+002 -2.284809e-005 -8.517059e-005
 1.465000e+002 -2.575047e-005 -7.324740e-005
 1.467500e+002 -9.647076e-005 -8.347985e-005
 1.470000e+002  3.676929e-005 -3.683489e-005
 1.472500e+002 -4.067066e-005 -6.880827e-005
 1.475000e+002 -1.401786e-005 -1.537437e-004
 1.477500e+002 -6.635595e-005 -1.139804e-004
 1.480000e+002  2.958418e-005 -1.005021e-004
 1.482500e+002  3.483746e-005 -1.539823e-004
 1.485000e+002 -6.633739e-005 -8.980456e-005
 1.487500e+002 -3.189279e-005 -5.069270e-005
 1.490000e+002  2.373735e-006 -9.259626e-005
 1.492500e+002 -4.765454e-005 -9.604702e-005
 1.495000e+002 -2.481301e-005 -1.485692e-004
 1.497500e+002 -3.649026e-005 -4.699044e-005
 1.500000e+002  2.133552e-005 -1.124270e-004
 1.502500e+002 -5.488297e-005 -4.943020e-005
 1.505000e+002 -4.494511e-005 -7.404210e-005
 1.507500e+002  1.273033e-006 -4.698970e-005
 1.510000e+002 -1.599335e-005 -8.621314e-005
 1.512500e+002  3.831112e-005 -7.246170e-005
 1.515000e+002  6.079714e-006 -6.311894e-005
 1.517500e+002 -3.542886e-005 -1.968188e-005
 1.520000e+002  7.202263e-005 -3.667244e-005
 1.522500e+002  4.312866e-005 -7.830384e-005
 1.525000e+002  7.198372e-005  6.491289e-006
 1.527500e+002 -8.857012e-006 -8.194642e-005
 1.530000e+002  2.330272e-005 -4.235087e-005
 1.532500e+002  3.892430e-005 -1.597114e-005
 1.535000e+002  2.153503e-005 -6.681498e-005
 1.537500e+002  7.185225e-005 -2.718848e-005
 1.540000e+002 -8.651581e-006 -5.846099e-005
 1.542500e+002  4.392513e-006 -1.177536e-004
 1.545000e+002 -6.872361e-006 -2.224515e-005
 1.547500e+002  3.046423e-005 -4.581068e-005
 1.550000e+002  2.219247e-005 -1.273811e-005
 1.552500e+002  1.094928e-004 -1.722698e-005
 1.555000e+002  2.164475e-005 -1.112536e-004
 1.557500e+002  2.582192e-005 -5.049020e-005
 1.560000e+002 -2.589343e-005 -7.912848e-005
 1.562500e+002  1.846085e-005 -3.005243e-005
 1.565000e+002  1.764334e-005 -5.384231e-005
 1.567500e+002 -1.959549e-006 -6.899020e-005
 1.570000e+002  4.502134e-005 -4.656009e-005
 1.572500e+002 -8.279201e-006 -2.460009e-005
 1.575000e+002  5.260023e-005 -4.127357e-005
 1.577500e+002  1.606862e-006 -7.221180e-005
 1.580000e+002  2.523369e-006 -2.162984e-005
 1.582500e+002  5.162777e-005 -9.586310e-005
 1.585000e+002 -2.563163e-005 -2.637456e-005
 1.587500e+002  4.411719e-005 -1.167068e-004
 1.590000e+002  6.361654e-005 -1.481902e-005
 1.592500e+002  1.923329e-005 -4.259238e-005
 1.595000e+002 -2.641912e-005  2.540838e-005
 1.597500e+002 -6.987396e-005 -3.080222e-005
 1.600000e+002 -1.941250e-005 -3.539376e-005
 1.602500e+002 -1.567404e-006  4.109254e-005
 1.605000e+002  4.053741e-005 -6.395572e-005
 1.607500e+002 -4.942272e-005  4.435515e-006
 1.610000e+002  1.601643e-005  6.272270e-005
 1.612500e+002  1.361125e-005 -4.742503e-005
 1.615000e+002  2.942198e-005 -3.492098e-006
 1.617500e+002 -8.076265e-005  2.838503e-005
 1.620000e+002 -1.166301e-005  4.873996e-005
 1.622500e+002  3.753269e-005 -2.389088e-005
 1.625000e+002  1.999429e-006 -2.528443e-005
 1.627500e+002  1.312632e-005  5.901565e-005
 1.630000e+002  9.236805e-006 -6.802674e-005
 1.632500e+002 -5.049782e-006  1.068788e-005
 1.635000e+002  7.696791e-005  8.500575e-005
 1.637500e+002  9.030624e-006 -2.534181e-006
 1.640000e+002  8.284207e-005  3.605805e-006
 1.642500e+002  2.040381e-005  2.890731e-005
 1.645000e+002 -2.820370e-005  7.975518e-005
 1.647500e+002  8.248049e-005  6.377896e-005
 1.650000e+002  4.741501e-005  8.202491e-005
 1.652500e+002  2.791784e-005  2.035848e-006
 1.655000e+002  3.951349e-005  7.083357e-005
 1.657500e+002  2.808048e-008  7.423795e-005
 1.660000e+002 -1.293763e-005  5.791000e-005
 1.662500e+002  3.302038e-005  1.117274e-004
 1.665000e+002  2.669172e-006  3.520735e-005
 1.667500e+002  2.938704e-005  8.924940e-005
 1.670000e+002 -2.004599e-005 -2.240181e-005
 1.672500e+002  4.820416e-005  1.010417e-004
 1.675000e+002  4.018955e-005 -1.430797e-005
 1.677500e+002 -1.751835e-005  1.111260e-004
 1.680000e+002  5.736940e-005  1.310980e-004
 1.682500e+002  5.803366e-005  1.234142e-004
 1.685000e+002  1.581901e-005  1.071135e-004
 1.687500e+002  1.657426e-005  4.904004e-005
 1.690000e+002 -1.259066e-005  3.127507e-005
 1.692500e+002 -4.302527e-005  8.500039e-005
 1.695000e+002  8.382442e-005  8.607766e-005
 1.697500e+002  3.287589e-005  1.044311e-004
 1.700000e+002  1.883672e-005  4.572714e-005
 1.702500e+002  3.148136e-005  5.101305e-005
 1.705000e+002 -5.113282e-006  7.082763e-005
 1.707500e+002 -1.551744e-005  2.810289e-005
 1.710000e+002 -2.855310e-005  7.012222e-005
 1.712500e+002 -9.496659e-006  3.941037e-005
 1.715000e+002 -5.038850e-005  1.281500e-004
 1.717500e+002  1.128311e-005  5.541635e-005
 1.720000e+002 -1.260875e-005  8.369587e-005
 1.722500e+002  2.374551e-005  9.977636e-005
 1.725000e+002  3.500332e-005  1.313200e-004
 1.727500e+002  2.686034e-005  1.026191e-004
 1.730000e+002  2.261726e-005  7.307997e-005
 1.732500e+002  1.975161e-005  6.031597e-005
 1.735000e+002  5.685072e-005  5.431505e-005
 1.737500e+002 -8.065786e-005  1.063014e-004
 1.740000e+002 -3.803937e-005  1.038107e-004
 1.742500e+002  2.838323e-005  5.256865e-005
 1.745000e+002  2.770267e-005  3.950271e-005
 1.747500e+002 -1.817363e-005  6.076409e-005
 1.750000e+002 -6.494437e-005  9.756736e-005
 1.752500e+002  4.858182e-005  1.177794e-004
 1.755000e+002  6.458247e-006  6.247556e-005
 1.757500e+002  2.572562e-005  6.643746e-005
 1.760000e+002 -1.480185e-006  1.281951e-004
 1.762500e+002 -9.741313e-006  1.251731e-004
 1.765000e+002 -6.616298e-005  7.852692e-005
 1.767500e+002 -5.759709e-005  8.567836e-005
 1.770000e+002 -2.231243e-005  1.606559e-004
 1.772500e+002 -4.968157e-005  5.955220e-005
 1.775000e+002  6.069907e-005  4.931823e-005
 1.777500e+002 -1.696953e-005  1.210010e-004
 1.780000e+002 -6.341834e-005  1.229850e-004
 1.782500e+002 -4.217452e-005  5.090936e-005
 1.785000e+002 -1.836261e-005  8.991339e-005
 1.787500e+002 -1.601162e-005  1.424982e-004
 1.790000e+002 -6.629969e-005  9.198658e-006
 1.792500e+002 -4.489418e-005  9.934759e-005
 1.795000e+002  9.093678e-006  1.870925e-004
 1.797500e+002 -3.510760e-005  1.076812e-004
 1.800000e+002 -1.448355e-005  1.451853e-004
 1.802500e+002  2.559502e-005  1.034319e-004
 1.805000e+002  1.380845e-005  1.215266e-004
 1.807500e+002 -5.716036e-005  1.283246e-004
 1.810000e+002 -5.476419e-006  1.088317e-004
 1.812500e+002  1.519397e-005  1.060751e-004
 1.815000e+002 -2.757552e-005  1.858569e-005
 1.817500e+002 -9.302227e-005  9.068411e-005
 1.820000e+002 -1.067247e-005  1.319778e-004
 1.822500e+002 -7.613557e-005  9.340623e-005
 1.825000e+002 -4.120924e-005  1.680794e-004
 1.827500e+002 -1.350922e-004  3.288268e-005
 1.830000e+002 -1.025361e-004  1.607952e-004
 1.832500e+002 -9.616168e-005  1.239678e-004
 1.835000e+002 -6.031790e-005  6.786402e-005
 1.837500e+002 -4.515733e-005  1.067073e-004
 1.840000e+002 -8.678028e-005  5.734262e-005
 1.842500e+002  1.110261e-005  5.171451e-005
 1.845000e+002 -1.053920e-004  1.420921e-004
 1.847500e+002 -8.254464e-005  8.766420e-005
 1.850000e+002 -1.572173e-005  5.888641e-005
 1.852500e+002 -4.428623e-005  1.121897e-004
 1.855000e+002 -8.556789e-005  7.705016e-005
 1.857500e+002 -3.237492e-005  9.309710e-005
 1.860000e+002 -7.034282e-005  1.125175e-004
 1.862500e+002 -3.452186e-005  1.867040e-004
 1.865000e+002 -2.074489e-005  1.116930e-004
 1.867500e+002 -1.009705e-004  6.598319e-005
 1.870000e+002 -1.316827e-004  8.474430e-005
 1.872500e+002 -1.472136e-004  1.212399e-004
 1.875000e+002 -8.001430e-005  1.412285e-004
 1.877500e+002 -1.465156e-004  8.394401e-005
 1.880000e+002 -1.741293e-004  6.907155e-005
 1.882500e+002 -9.559060e-005  1.032707e-004
 1.885000e+002 -9.778671e-005  7.803111e-005
 1.887500e+002 -4.897332e-005  3.613195e-005
 1.890000e+002 -9.031435e-005  9.999487e-005
 1.892500e+002 -1.042848e-004  1.360583e-004
 1.895000e+002 -1.495519e-004  1.256464e-004
 1.897500e+002 -6.462051e-005  9.423771e-005
 1.900000e+002 -7.373313e-005  5.030496e-005
 1.902500e+002 -5.636622e-005  9.189070e-005
 1.905000e+002 -7.926528e-005  1.157725e-004
 1.907500e+002 -1.357799e-004  8.635503e-005
 1.910000e+002 -8.975878e-005  9.206148e-005
 1.912500e+002 -1.099177e-004  9.112863e-005
 1.915000e+002 -1.304147e-004  7.925273e-005
 1.917500e+002 -8.382314e-005  3.710630e-005
 1.920000e+002 -1.167764e-004  5.603267e-005
 1.922500e+002 -1.117459e-004  1.319617e-004
 1.925000e+002 -9.204098e-005  1.057213e-004
 1.927500e+002 -1.842094e-004  7.743213e-005
 1.930000e+002 -1.488690e-004  9.219414e-005
 1.932500e+002 -1.182370e-004  9.247027e-005
 1.935000e+002 -1.936814e-004  6.944637e-005
 1.937500e+002 -1.274523e-004  7.090081e-005
 1.940000e+002 -2.046894e-004  9.575693e-005
 1.942500e+002 -1.729350e-004  1.098775e-004
 1.945000e+002 -1.284908e-004  1.139987e-004
 1.947500e+002 -1.612733e-004  4.925623e-005
 1.950000e+002 -1.353192e-004  9.652451e-005
 1.952500e+002 -1.561660e-004  4.221402e-005
 1.955000e+002 -1.568294e-004  9.392656e-005
 1.957500e+002 -1.632207e-004  1.259393e-004
 1.960000e+002 -1.963591e-004  3.254718e-005
 1.962500e+002 -1.356653e-004 -1.334614e-006
 1.965000e+002 -1.065443e-004  5.186171e-005
 1.967500e+002 -1.623939e-004  1.192915e-004
 1.970000e+002 -1.223431e-004  8.160835e-005
 1.972500e+002 -1.246583e-004  2.838544e-005
 1.975000e+002 -1.443887e-004  3.589499e-005
 1.977500e+002 -1.693554e-004  1.098776e-004
 1.980000e+002 -1.558902e-004  5.653539e-005
 1.982500e+002 -1.043060e-004  2.447907e-005
 1.985000e+002 -2.161918e-004  1.305206e-005
 1.987500e+002 -1.242264e-004  4.122774e-005
 1.990000e+002 -1.997418e-004  5.789827e-005
 1.992500e+002 -6.412953e-005  9.269563e-005
 1.995000e+002 -1.855650e-004  1.962353e-006
 1.997500e+002 -1.696221e-004  1.012053e-004
 2.000000e+002 -2.225188e-004  5.785647e-005
 2.002500e+002 -1.345295e-004  8.421045e-005
 2.005000e+002 -7.583455e-005 -4.146674e-005
 2.007500e+002 -1.564390e-004  6.437781e-005
 2.010000e+002 -1.245762e-004  6.969143e-005
 2.012500e+002 -1.666932e-004  1.099032e-005
 2.015000e+002 -2.058719e-004  1.757117e-005
 2.017500e+002 -1.772823e-004 -1.989432e-005
 2.020000e+002 -1.459329e-004  1.247782e-005
 2.022500e+002 -1.281975e-004  1.710555e-005
 2.025000e+002 -1.386471e-004 -1.437792e-005
 2.027500e+002 -1.506561e-004 -3.466435e-005
 2.030000e+002 -1.380587e-004  2.374844e-005
 2.032500e+002 -1.020362e-004 -4.525889e-006
 2.035000e+002 -1.878119e-004 -3.778916e-005
 2.037500e+002 -1.169537e-004  9.568545e-006
 2.040000e+002 -1.621207e-004  1.801852e-005
 2.042500e+002 -1.076726e-004  6.493158e-006
 2.045000e+002 -6.526255e-005  1.931719e-005
 2.047500e+002 -1.653624e-004  6.699423e-005
 2.050000e+002 -1.392175e-004 -3.270356e-005
 2.052500e+002 -1.157908e-004 -3.417540e-005
 2.055000e+002 -1.526755e-004 -1.012436e-004
 2.057500e+002 -1.031292e-004 -1.617809e-005
 2.060000e+002 -2.457195e-004 -5.977504e-005
 2.062500e+002 -1.410460e-004 -1.785154e-005
 2.065000e+002 -1.260914e-004  6.433226e-005
 2.067500e+002 -1.959976e-004 -1.040453e-004
 2.070000e+002 -2.566688e-004 -1.252073e-005
 2.072500e+002 -1.014180e-004 -6.974635e-005
 2.075000e+002 -1.472296e-004  3.355268e-005
 2.077500e+002 -1.333925e-004 -1.023054e-005
 2.080000e+002 -8.670040e-005  6.923380e-005
 2.082500e+002 -1.335044e-004 -2.267470e-005
 2.085000e+002 -1.306743e-004 -3.787748e-006
 2.087500e+002 -1.022167e-004  5.707339e-005
 2.090000e+002 -1.672024e-004  4.490438e-005
 2.092500e+002 -1.735035e-004  1.676656e-005
 2.095000e+002 -6.811108e-005 -1.302836e-005
 2.097500e+002 -1.923579e-004 -8.761885e-005
 2.100000e+002 -2.035092e-004 -6.705831e-005
 2.102500e+002 -2.203136e-004 -8.766485e-005
 2.105000e+002 -1.301759e-004 -5.649576e-005
 2.107500e+002 -2.283345e-004 -5.941236e-005
 2.110000e+002 -1.334296e-004  2.156954e-005
 2.112500e+002 -2.114099e-004 -2.204187e-005
 2.115000e+002 -1.218403e-004 -7.796671e-005
 2.117500e+002 -2.591932e-004 -2.184164e-005
 2.120000e+002 -1.212987e-004 -5.423360e-005
 2.122500e+002 -1.250451e-004 -3.137644e-005
 2.125000e+002 -1.456782e-004 -7.574543e-006
 2.127500e+002 -1.491225e-004 -5.581772e-005
 2.130000e+002 -7.656918e-005 -1.045849e-005
 2.132500e+002 -1.322448e-004 -8.656751e-005
 2.135000e+002 -1.109540e-004 -1.693859e-005
 2.137500e+002 -1.124960e-004 -1.459730e-004
 2.140000e+002 -1.253713e-004 -9.117381e-005
 2.142500e+002 -6.348405e-005 -1.056593e-004
 2.145000e+002 -6.824821e-005 -1.051649e-004
 2.147500e+002 -1.963044e-004 -1.026663e-004
 2.150000e+002 -1.276655e-004 -2.100093e-005
 2.152500e+002 -1.157624e-004 -1.118443e-004
 2.155000e+002 -8.008986e-005 -1.515157e-004
 2.157500e+002 -9.624050e-005  3.479165e-005
 2.160000e+002 -1.175561e-004 -1.144414e-004
 2.162500e+002 -1.883935e-004 -1.444121e-004
 2.165000e+002 -1.486345e-004 -4.014834e-005
 2.167500e+002 -9.169418e-005 -1.379123e-004
 2.170000e+002 -1.473212e-004 -1.087062e-004
 2.172500e+002 -1.297086e-004 -1.073900e-004
 2.175000e+002 -9.513992e-005 -7.524263e-005
 2.177500e+002 -5.098580e-005 -6.247697e-005
 2.180000e+002 -6.426535e-005 -3.260172e-005
 2.182500e+002 -1.236019e-005 -1.249178e-004
 2.185000e+002 -1.624351e-004 -8.757738e-005
 2.187500e+002 -9.071747e-005 -1.416895e-005
 2.190000e+002 -3.413949e-006 -1.313176e-004
 2.192500e+002 -6.419764e-005 -8.392204e-005
 2.195000e+002  5.776006e-005 -7.710153e-005
 2.197500e+002 -4.892348e-005 -1.242880e-004
 2.200000e+002 -9.324985e-005 -7.393550e-005
 2.202500e+002 -8.913389e-005 -1.545723e-004
 2.205000e+002 -2.619008e-005 -1.338791e-004
 2.207500e+002  1.221639e-005 -1.370273e-004
 2.210000e+002 -1.126364e-004 -8.760842e-005
 2.212500e+002 -1.396186e-004 -1.436602e-004
 2.215000e+002 -3.137822e-005 -1.110830e-004
 2.217500e+002 -6.990133e-005 -1.643829e-004
 2.220000e+002 -5.357350e-005 -6.946802e-005
 2.222500e+002 -6.687214e-005 -1.409295e-004
 2.225000e+002 -1.143531e-004 -4.475558e-005
 2.227500e+002 -2.344154e-005 -7.921269e-005
 2.230000e+002 -4.149962e-005 -6.979759e-005
 2.232500e+002  1.083849e-005 -1.122439e-004
 2.235000e+002 -3.801909e-005 -1.330699e-004
 2.237500e+002 -8.592280e-005 -8.755995e-006
 2.240000e+002 -1.006212e-004 -8.085461e-005
 2.242500e+002 -2.748190e-005 -1.247857e-004
 2.245000e+002 -7.473518e-005 -8.724895e-005
 2.247500e+002 -3.023925e-005 -1.118926e-004
 2.250000e+002 -5.970009e-005 -4.882864e-005
 2.252500e+002 -2.531529e-005 -1.134029e-004
 2.255000e+002 -5.453924e-005 -1.022941e-004
 2.257500e+002  5.277719e-005 -1.389873e-004
 2.260000e+002 -1.369865e-005 -1.559655e-004
 2.262500e+002 -4.960546e-005 -1.325857e-004
 2.265000e+002  5.187283e-006 -1.244435e-004
 2.267500e+002  1.088309e-004 -1.610898e-004
 2.270000e+002  8.230953e-006 -1.205817e-004
 2.272500e+002  6.522644e-005 -1.121648e-004
 2.275000e+002 -5.182951e-006 -1.736754e-004
 2.277500e+002  5.286752e-005 -1.269709e-004
 2.280000e+002 -7.797467e-006 -1.254955e-004
 2.282500e+002  4.803762e-005 -9.754678e-005
 2.285000e+002 -3.805110e-005 -5.685968e-005
 2.287500e+002  5.645500e-006 -3.678748e-005
 2.290000e+002  2.285648e-005 -6.652888e-005
 2.292500e+002 -1.866962e-005 -4.921549e-005
 2.295000e+002  2.525443e-005 -1.144857e-004
 2.297500e+002  7.308091e-005 -1.137756e-004
 2.300000e+002  2.933482e-005 -1.270849e-004
 2.302500e+002 -6.103292e-006 -1.746160e-004
 2.305000e+002  1.169831e-004 -1.324899e-004
 2.307500e+002  3.618522e-005 -4.509206e-005
 2.310000e+002 -3.277632e-005 -8.415204e-005
 2.312500e+002  5.731512e-005 -7.885999e-005
 2.315000e+002  4.633074e-005 -9.591998e-005
 2.317500e+002  5.797477e-005 -3.508685e-005
 2.320000e+002  5.571592e-005 -2.296931e-005
 2.322500e+002  8.794610e-005 -1.227485e-004
 2.325000e+002  5.883021e-005 -3.604487e-005
 2.327500e+002 -3.130356e-006 -9.771611e-005
 2.330000e+002  8.335882e-005 -7.658743e-005
 2.332500e+002  1.239205e-004 -3.785087e-005
 2.335000e+002  1.353264e-005 -4.942610e-005
 2.337500e+002  2.458580e-005  1.748321e-005
 2.340000e+002  5.278930e-005 -4.304404e-005
 2.342500e+002  6.382201e-005  9.794020e-006
 2.345000e+002  1.653279e-004  5.974557e-005
 2.347500e+002  1.027042e-004  2.388614e-005
 2.350000e+002  1.038992e-004  2.940330e-005
 2.352500e+002  3.270461e-005 -4.545689e-005
 2.355000e+002  1.083080e-004  4.829110e-006
 2.357500e+002  1.334334e-004  3.160142e-005
 2.360000e+002  1.406341e-004 -3.717945e-005
 2.362500e+002  9.613269e-005 -5.674900e-005
 2.365000e+002  4.194205e-005 -6.045952e-005
 2.367500e+002  1.341173e-004 -5.766980e-005
 2.370000e+002  6.455374e-005 -2.527957e-005
 2.372500e+002  1.180462e-004 -1.159444e-005
 2.375000e+002  7.197947e-005  7.459236e-006
 2.377500e+002  8.085363e-005 -2.774156e-005
 2.380000e+002  5.394542e-005  7.512381e-005
 2.382500e+002  9.899059e-005  8.147848e-006
 2.385000e+002  1.484686e-004  1.580370e-005
 2.387500e+002  7.004785e-005 -3.745813e-005
 2.390000e+002  1.439290e-004  7.809207e-005
 2.392500e+002  6.352729e-005  3.594475e-005
 2.395000e+002  8.798926e-005  8.588992e-005
 2.397500e+002  1.171978e-004  3.941374e-005
 2.400000e+002  4.744205e-005  1.654625e-005
 2.402500e+002  3.374730e-005  5.379558e-006
 2.405000e+002  1.103586e-004 -1.446545e-005
 2.407500e+002  7.540543e-005  1.214463e-005
 2.410000e+002  8.869724e-005  7.306658e-005
 2.412500e+002  1.414370e-004 -7.690991e-005
 2.415000e+002  8.519235e-005  1.279007e-005
 2.417500e+002  8.581337e-005  3.859800e-006
 2.420000e+002  4.325879e-005  1.242884e-004
 2.422500e+002  1.049134e-004  5.954736e-005
 2.425000e+002  1.357447e-004  3.671489e-005
 2.427500e+002  2.843083e-005  4.115724e-005
 2.430000e+002  2.688831e-005  3.240829e-005
 2.432500e+002  8.646877e-005  9.138550e-005
 2.435000e+002 -2.439834e-005  1.243114e-004
 2.437500e+002 -7.767598e-005  4.478755e-005
 2.440000e+002  8.079084e-006  5.306713e-005
 2.442500e+002 -2.061544e-005  1.308361e-004
 2.445000e+002  5.344041e-005  5.695203e-005
 2.447500e+002  9.382102e-009  5.093463e-005
 2.450000e+002 -7.602034e-006  1.180550e-004
 2.452500e+002  8.991773e-005  1.358373e-004
 2.455000e+002 -1.748118e-005  9.564352e-005
 2.457500e+002  7.891894e-005  1.161464e-004
 2.460000e+002  8.558466e-005  3.720241e-005
 2.462500e+002  9.693228e-005  1.756392e-004
 2.465000e+002 -5.194334e-006  1.788900e-004
 2.467500e+002  3.158687e-005  1.612581e-004
 2.470000e+002  4.627407e-005  1.595626e-004
 2.472500e+002 -1.276017e-005 -5.759798e-006
 2.475000e+002  4.549665e-005  1.442555e-004
 2.477500e+002 -7.048226e-008  1.151270e-004
 2.480000e+002  3.208855e-006  7.490159e-005
 2.482500e+002 -2.299986e-005  4.038274e-005
 2.485000e+002  4.416828e-005  1.358305e-004
 2.487500e+002  2.434937e-005  8.278764e-005
 2.490000e+002  5.865038e-005  7.351168e-005
 2.492500e+002 -8.562233e-005  1.024676e-004
 2.495000e+002 -7.528969e-007  6.202407e-005
 2.497500e+002 -7.369872e-005 -2.121676e-005
 2.500000e+002 -7.510460e-005  1.284402e-004
 2.502500e+002 -1.100579e-004  1.080063e-004
 2.505000e+002 -8.379491e-005  1.088476e-004
 2.507500e+002 -5.577597e-005  9.047723e-005
 2.510000e+002 -1.322623e-004  7.348850e-005
 2.512500e+002 -7.610117e-005  1.227256e-004
 2.515000e+002 -1.078528e-004  8.422902e-005
 2.517500e+002 -1.990214e-004  8.514577e-005
 2.520000e+002 -2.017203e-004  6.472078e-005
 2.522500e+002 -2.187027e-004  6.657875e-005
 2.525000e+002 -1.347519e-004  6.952577e-005
 2.527500e+002 -8.075449e-005  1.315831e-004
 2.530000e+002 -2.221998e-004  1.194970e-004
 2.532500e+002 -1.818204e-004  2.924456e-005
 2.535000e+002 -1.472013e-004  1.317095e-004
 2.537500e+002 -2.004734e-004  7.862052e-005
 2.540000e+002 -1.496442e-004  7.965093e-005
 2.542500e+002 -2.408159e-004  7.987894e-005
 2.545000e+002 -1.647076e-004  4.518499e-005
 2.547500e+002 -1.111330e-004  5.263873e-005
 2.550000e+002 -2.142225e-004  2.769878e-005
 2.552500e+002 -1.360517e-004  6.822680e-005
 2.555000e+002 -1.673682e-004  5.905040e-005
 2.557500e+002 -1.594309e-004  6.178427e-005
 2.560000e+002 -1.914000e-004  3.690116e-008