 0.000000e+000  9.996924e-001  0.000000e+000
 2.500000e-001  3.235632e-001  0.000000e+000
 5.000000e-001  8.530931e-001  0.000000e+000
 7.500000e-001  9.614059e-001  0.000000e+000
 1.000000e+000  9.053782e-001  0.000000e+000
 1.250000e+000  9.014857e-001  0.000000e+000
 1.500000e+000  8.920315e-001  0.000000e+000
 1.750000e+000  8.718758e-001  0.000000e+000
 2.000000e+000  8.401681e-001  0.000000e+000
 2.250000e+000  7.789260e-001  0.000000e+000
 2.500000e+000  8.125106e-001  0.000000e+000
 2.750000e+000  5.222474e-001  0.000000e+000
 3.000000e+000  3.682503e-001  0.000000e+000
 3.250000e+000  7.824475e-002  0.000000e+000
 3.500000e+000  5.179819e-001  0.000000e+000
 3.750000e+000  6.225501e-001  0.000000e+000
 4.000000e+000  7.417051e-001  0.000000e+000
 4.250000e+000  8.537396e-001  0.000000e+000
 4.500000e+000  9.028472e-001  0.000000e+000
 4.750000e+000  8.454669e-001  0.000000e+000
 5.000000e+000  8.205264e-001  0.000000e+000
 5.250000e+000  6.177109e-001  0.000000e+000
 5.500000e+000  4.624963e-001  0.000000e+000
 5.750000e+000  1.103628e-001  0.000000e+000
 6.000000e+000  2.049458e-002  0.000000e+000
 6.250000e+000  4.922576e-001  0.000000e+000
 6.500000e+000  5.817236e-001  0.000000e+000
 6.750000e+000  6.652234e-001  0.000000e+000
 7.000000e+000  7.620521e-001  0.000000e+000
 7.250000e+000  8.729554e-001  0.000000e+000
 7.500000e+000  8.888781e-001  0.000000e+000
 7.750000e+000  9.064838e-001  0.000000e+000
 8.000000e+000  9.209448e-001  0.000000e+000
 8.250000e+000  9.216753e-001  0.000000e+000
 8.500000e+000  9.554771e-001  0.000000e+000
 8.750000e+000  9.486083e-001  0.000000e+000
 9.000000e+000  9.570206e-001  0.000000e+000
 9.250000e+000  9.618568e-001  0.000000e+000
 9.500000e+000  9.663753e-001  0.000000e+000
 9.750000e+000  9.759505e-001  0.000000e+000
 1.000000e+001  9.704249e-001  0.000000e+000
 1.025000e+001  9.735966e-001  0.000000e+000
 1.050000e+001  9.752584e-001  0.000000e+000
 1.075000e+001  9.814001e-001  0.000000e+000
 1.100000e+001  9.796932e-001  0.000000e+000
 1.125000e+001  9.761072e-001  0.000000e+000
 1.150000e+001  9.878956e-001  0.000000e+000
 1.175000e+001  9.841470e-001  0.000000e+000
 1.200000e+001  9.801071e-001  0.000000e+000
 1.225000e+001  9.842877e-001  0.000000e+000
 1.250000e+001  9.789590e-001  0.000000e+000
 1.275000e+001  9.844565e-001  0.000000e+000
 1.300000e+001  9.905915e-001  0.000000e+000
 1.325000e+001  9.851572e-001  0.000000e+000
 1.350000e+001  9.849120e-001  0.000000e+000
 1.375000e+001  9.821930e-001  0.000000e+000
 1.400000e+001  9.901266e-001  0.000000e+000
 1.425000e+001  9.859093e-001  0.000000e+000
 1.450000e+001  9.863594e-001  0.000000e+000
 1.475000e+001  9.942687e-001  0.000000e+000
 1.500000e+001  9.855914e-001  0.000000e+000
 1.525000e+001  9.948805e-001  0.000000e+000
 1.550000e+001  9.899256e-001  0.000000e+000
 1.575000e+001  9.919569e-001  0.000000e+000
 1.600000e+001  9.885781e-001  0.000000e+000
 1.625000e+001  9.910941e-001  0.000000e+000
 1.650000e+001  9.921826e-001  0.000000e+000
 1.675000e+001  9.889019e-001  0.000000e+000
 1.700000e+001  9.896519e-001  0.000000e+000
 1.725000e+001  9.908691e-001  0.000000e+000
 1.750000e+001  9.880914e-001  0.000000e+000
 1.775000e+001  9.895515e-001  0.000000e+000
 1.800000e+001  9.936337e-001  0.000000e+000
 1.825000e+001  9.939443e-001  0.000000e+000
 1.850000e+001  9.939815e-001  0.000000e+000
 1.875000e+001  9.895158e-001  0.000000e+000
 1.900000e+001  9.904669e-001  0.000000e+000
 1.925000e+001  9.913070e-001  0.000000e+000
 1.950000e+001  9.943051e-001  0.000000e+000
 1.975000e+001  9.910381e-001  0.000000e+000
 2.000000e+001  9.876713e-001  0.000000e+000
 2.025000e+001  9.945951e-001  0.000000e+000
 2.050000e+001  9.933119e-001  0.000000e+000
 2.075000e+001  9.936858e-001  0.000000e+000
 2.100000e+001  9.879818e-001  0.000000e+000
 2.125000e+001  9.946853e-001  0.000000e+000
 2.150000e+001  9.938178e-001  0.000000e+000
 2.175000e+001  9.937575e-001  0.000000e+000
 2.200000e+001  9.894542e-001  0.000000e+000
 2.225000e+001  9.883385e-001  0.000000e+000
 2.250000e+001  9.759486e-001  0.000000e+000
 2.275000e+001  9.854710e-001  0.000000e+000
 2.300000e+001  9.879872e-001  0.000000e+000
 2.325000e+001  9.912934e-001  0.000000e+000
 2.350000e+001  9.922962e-001  0.000000e+000
 2.375000e+001  9.913982e-001  0.000000e+000
 2.400000e+001  9.941884e-001  0.000000e+000
 2.425000e+001  9.920710e-001  0.000000e+000
 2.450000e+001  9.848378e-001  0.000000e+000
 2.475000e+001  9.894865e-001  0.000000e+000
 2.500000e+001  9.924335e-001  0.000000e+000
 2.525000e+001  9.895272e-001  0.000000e+000
 2.550000e+001  9.855653e-001  0.000000e+000
 2.575000e+001  9.922674e-001  0.000000e+000
 2.600000e+001  9.920773e-001  0.000000e+000
 2.625000e+001  9.936322e-001  0.000000e+000
 2.650000e+001  9.912451e-001  0.000000e+000
 2.675000e+001  9.946914e-001  0.000000e+000
 2.700000e+001  9.852797e-001  0.000000e+000
 2.725000e+001  9.911274e-001  0.000000e+000
 2.750000e+001  9.912814e-001  0.000000e+000
 2.775000e+001  9.894263e-001  0.000000e+000
 2.800000e+001  9.912025e-001  0.000000e+000
 2.825000e+001  9.872337e-001  0.000000e+000
 2.850000e+001  9.876330e-001  0.000000e+000
 2.875000e+001  9.897175e-001  0.000000e+000
 2.900000e+001  9.852735e-001  0.000000e+000
 2.925000e+001  9.864265e-001  0.000000e+000
 2.950000e+001  9.856324e-001  0.000000e+000
 2.975000e+001  9.835009e-001  0.000000e+000
 3.000000e+001  9.861168e-001  0.000000e+000
 3.025000e+001  9.886608e-001  0.000000e+000
 3.050000e+001  9.906831e-001  0.000000e+000
 3.075000e+001  9.860651e-001  0.000000e+000
 3.100000e+001  9.860775e-001  0.000000e+000
 3.125000e+001  9.898459e-001  0.000000e+000
 3.150000e+001  9.879656e-001  0.000000e+000
 3.175000e+001  9.892750e-001  0.000000e+000
 3.200000e+001  9.928786e-001  0.000000e+000
 3.225000e+001  9.872864e-001  0.000000e+000
 3.250000e+001  9.899076e-001  0.000000e+000
 3.275000e+001  9.862404e-001  0.000000e+000
 3.300000e+001  9.828608e-001  0.000000e+000
 3.325000e+001  9.818140e-001  0.000000e+000
 3.350000e+001  9.897313e-001  0.000000e+000
 3.375000e+001  9.825470e-001  0.000000e+000
 3.400000e+001  9.845804e-001  0.000000e+000
 3.425000e+001  9.835471e-001  0.000000e+000
 3.450000e+001  9.858488e-001  0.000000e+000
 3.475000e+001  9.909789e-001  0.000000e+000
 3.500000e+001  9.822251e-001  0.000000e+000
 3.525000e+001  9.899570e-001  0.000000e+000
 3.550000e+001  9.755478e-001  0.000000e+000
 3.575000e+001  9.823347e-001  0.000000e+000
 3.600000e+001  9.863112e-001  0.000000e+000
 3.625000e+001  9.871596e-001  0.000000e+000
 3.650000e+001  9.771867e-001  0.000000e+000
 3.675000e+001  9.772229e-001  0.000000e+000
 3.700000e+001  9.768186e-001  0.000000e+000
 3.725000e+001  9.818211e-001  0.000000e+000
 3.750000e+001  9.870504e-001  0.000000e+000
 3.775000e+001  9.794836e-001  0.000000e+000
 3.800000e+001  9.777703e-001  0.000000e+000
 3.825000e+001  9.823523e-001  0.000000e+000
 3.850000e+001  9.719450e-001  0.000000e+000
 3.875000e+001  9.746146e-001  0.000000e+000
 3.900000e+001  9.808896e-001  0.000000e+000
 3.925000e+001  9.821843e-001  0.000000e+000
 3.950000e+001  9.830064e-001  0.000000e+000
 3.975000e+001  9.766093e-001  0.000000e+000
 4.000000e+001  9.788184e-001  0.000000e+000
 4.025000e+001  9.750090e-001  0.000000e+000
 4.050000e+001  9.741255e-001  0.000000e+000
 4.075000e+001  9.769901e-001  0.000000e+000
 4.100000e+001  9.660694e-001  0.000000e+000
 4.125000e+001  9.656915e-001  0.000000e+000
 4.150000e+001  9.632220e-001  0.000000e+000
 4.175000e+001  9.614578e-001  0.000000e+000
 4.200000e+001  9.700569e-001  0.000000e+000
 4.225000e+001  9.734163e-001  0.000000e+000
 4.250000e+001  9.607570e-001  0.000000e+000
 4.275000e+001  9.762416e-001  0.000000e+000
 4.300000e+001  9.607688e-001  0.000000e+000
 4.325000e+001  9.691581e-001  0.000000e+000
 4.350000e+001  9.701051e-001  0.000000e+000
 4.375000e+001  9.490887e-001  0.000000e+000
 4.400000e+001  9.579262e-001  0.000000e+000
 4.425000e+001  9.670057e-001  0.000000e+000
 4.450000e+001  9.460828e-001  0.000000e+000
 4.475000e+001  9.483442e-001  0.000000e+000
 4.500000e+001  9.298639e-001  0.000000e+000
 4.525000e+001  9.559999e-001  0.000000e+000
 4.550000e+001  9.571487e-001  0.000000e+000
 4.575000e+001  9.505646e-001  0.000000e+000
 4.600000e+001  9.502450e-001  0.000000e+000
 4.625000e+001  9.507332e-001  0.000000e+000
 4.650000e+001  9.319463e-001  0.000000e+000
 4.675000e+001  9.393519e-001  0.000000e+000
 4.700000e+001  9.578046e-001  0.000000e+000
 4.725000e+001  9.221634e-001  0.000000e+000
 4.750000e+001  9.438064e-001  0.000000e+000
 4.775000e+001  9.002847e-001  0.000000e+000
 4.800000e+001  9.294248e-001  0.000000e+000
 4.825000e+001  8.907891e-001  0.000000e+000
 4.850000e+001  9.111781e-001  0.000000e+000
 4.875000e+001  9.026585e-001  0.000000e+000
 4.900000e+001  9.248634e-001  0.000000e+000
 4.925000e+001  9.262262e-001  0.000000e+000
 4.950000e+001  9.244652e-001  0.000000e+000
 4.975000e+001  8.805752e-001  0.000000e+000
 5.000000e+001  8.897432e-001  0.000000e+000
 5.025000e+001  8.526329e-001  0.000000e+000
 5.050000e+001  8.696041e-001  0.000000e+000
 5.075000e+001  8.630763e-001  0.000000e+000
 5.100000e+001  8.741913e-001  0.000000e+000
 5.125000e+001  8.422989e-001  0.000000e+000
 5.150000e+001  8.248600e-001  0.000000e+000
 5.175000e+001  8.902947e-001  0.000000e+000
 5.200000e+001  8.444149e-001  0.000000e+000
 5.225000e+001  8.649136e-001  0.000000e+000
 5.250000e+001  8.449917e-001  0.000000e+000
 5.275000e+001  8.730786e-001  0.000000e+000
 5.300000e+001  7.962179e-001  0.000000e+000
 5.325000e+001  7.036276e-001  0.000000e+000
 5.350000e+001  7.117095e-001  0.000000e+000
 5.375000e+001  8.475472e-001  0.000000e+000
 5.400000e+001  7.284859e-001  0.000000e+000
 5.425000e+001  7.508314e-001  0.000000e+000
 5.450000e+001  6.747189e-001  0.000000e+000
 5.475000e+001  6.733701e-001  0.000000e+000
 5.500000e+001  5.946807e-001  0.000000e+000
 5.525000e+001  6.968975e-001  0.000000e+000
 5.550000e+001  7.528827e-001  0.000000e+000
 5.575000e+001  3.623307e-001  0.000000e+000
 5.600000e+001  5.829778e-001  0.000000e+000
 5.625000e+001  5.774767e-001  0.000000e+000
 5.650000e+001  4.189645e-001  0.000000e+000
 5.675000e+001  5.747606e-001  0.000000e+000
 5.700000e+001  6.602437e-001  0.000000e+000
 5.725000e+001  7.264537e-001  0.000000e+000
 5.750000e+001  7.179281e-001  0.000000e+000
 5.775000e+001  7.742538e-001  0.000000e+000
 5.800000e+001  8.804376e-001  0.000000e+000
 5.825000e+001  6.827806e-001  0.000000e+000
 5.850000e+001  8.167148e-001  0.000000e+000
 5.875000e+001  8.486418e-001  0.000000e+000
 5.900000e+001  7.753807e-001  0.000000e+000
 5.925000e+001  7.342915e-001  0.000000e+000
 5.950000e+001  8.562264e-001  0.000000e+000
 5.975000e+001  7.749501e-001  0.000000e+000
 6.000000e+001  6.744596e-001  0.000000e+000
 6.025000e+001  8.855775e-001  0.000000e+000
 6.050000e+001  8.490925e-001  0.000000e+000
 6.075000e+001  8.345585e-001  0.000000e+000
 6.100000e+001  8.735061e-001  0.000000e+000
 6.125000e+001  8.923437e-001  0.000000e+000
 6.150000e+001  8.680545e-001  0.000000e+000
 6.175000e+001  9.134356e-001  0.000000e+000
 6.200000e+001  8.777380e-001  0.000000e+000
 6.225000e+001  8.850039e-001  0.000000e+000
 6.250000e+001  9.086912e-001  0.000000e+000
 6.275000e+001  8.901040e-001  0.000000e+000
 6.300000e+001  9.697210e-001  0.000000e+000
 6.325000e+001  9.025381e-001  0.000000e+000
 6.350000e+001  9.330326e-001  0.000000e+000
 6.375000e+001  9.698242e-001  0.000000e+000
 6.400000e+001  9.735488e-001  0.000000e+000
 6.425000e+001  9.538551e-001  0.000000e+000
 6.450000e+001  9.804938e-001  0.000000e+000
 6.475000e+001  9.510948e-001  0.000000e+000
 6.500000e+001  9.549301e-001  0.000000e+000
 6.525000e+001  9.694863e-001  0.000000e+000
 6.550000e+001  9.653233e-001  0.000000e+000
 6.575000e+001  9.771815e-001  0.000000e+000
 6.600000e+001  9.860326e-001  0.000000e+000
 6.625000e+001  9.720798e-001  0.000000e+000
 6.650000e+001  9.722562e-001  0.000000e+000
 6.675000e+001  9.765181e-001  0.000000e+000
 6.700000e+001  9.909648e-001  0.000000e+000
 6.725000e+001  9.859143e-001  0.000000e+000
 6.750000e+001  9.811189e-001  0.000000e+000
 6.775000e+001  9.904557e-001  0.000000e+000
 6.800000e+001  9.874972e-001  0.000000e+000
 6.825000e+001  9.873663e-001  0.000000e+000
 6.850000e+001  9.874668e-001  0.000000e+000
 6.875000e+001  9.840283e-001  0.000000e+000
 6.900000e+001  9.931437e-001  0.000000e+000
 6.925000e+001  9.918636e-001  0.000000e+000
 6.950000e+001  9.913741e-001  0.000000e+000
 6.975000e+001  9.946195e-001  0.000000e+000
 7.000000e+001  9.924533e-001  0.000000e+000
 7.025000e+001  9.892290e-001  0.000000e+000
 7.050000e+001  9.959385e-001  0.000000e+000
 7.075000e+001  9.915256e-001  0.000000e+000
 7.100000e+001  9.952333e-001  0.000000e+000
 7.125000e+001  9.913136e-001  0.000000e+000
 7.150000e+001  9.947835e-001  0.000000e+000
 7.175000e+001  9.888321e-001  0.000000e+000
 7.200000e+001  9.944280e-001  0.000000e+000
 7.225000e+001  9.953101e-001  0.000000e+000
 7.250000e+001  9.950578e-001  0.000000e+000
 7.275000e+001  9.924266e-001  0.000000e+000
 7.300000e+001  9.934102e-001  0.000000e+000
 7.325000e+001  9.871559e-001  0.000000e+000
 7.350000e+001  9.859434e-001  0.000000e+000
 7.375000e+001  9.872777e-001  0.000000e+000
 7.400000e+001  9.825431e-001  0.000000e+000
 7.425000e+001  9.795148e-001  0.000000e+000
 7.450000e+001  9.726711e-001  0.000000e+000
 7.475000e+001  9.657428e-001  0.000000e+000
 7.500000e+001  9.769035e-001  0.000000e+000
 7.525000e+001  9.839282e-001  0.000000e+000
 7.550000e+001  9.944045e-001  0.000000e+000
 7.575000e+001  9.923127e-001  0.000000e+000
 7.600000e+001  9.946210e-001  0.000000e+000
 7.625000e+001  9.945773e-001  0.000000e+000
 7.650000e+001  9.981744e-001  0.000000e+000
 7.675000e+001  9.955750e-001  0.000000e+000
 7.700000e+001  9.967107e-001  0.000000e+000
 7.725000e+001  9.956931e-001  0.000000e+000
 7.750000e+001  9.951127e-001  0.000000e+000
 7.775000e+001  9.952902e-001  0.000000e+000
 7.800000e+001  9.923397e-001  0.000000e+000
 7.825000e+001  9.884631e-001  0.000000e+000
 7.850000e+001  9.918621e-001  0.000000e+000
 7.875000e+001  9.955922e-001  0.000000e+000
 7.900000e+001  9.915489e-001  0.000000e+000
 7.925000e+001  9.911993e-001  0.000000e+000
 7.950000e+001  9.910106e-001  0.000000e+000
 7.975000e+001  9.912407e-001  0.000000e+000
 8.000000e+001  9.901806e-001  0.000000e+000
 8.025000e+001  9.882497e-001  0.000000e+000
 8.050000e+001  9.847223e-001  0.000000e+000
 8.075000e+001  9.910476e-001  0.000000e+000
 8.100000e+001  9.823701e-001  0.000000e+000
 8.125000e+001  9.689787e-001  0.000000e+000
 8.150000e+001  9.776373e-001  0.000000e+000
 8.175000e+001  9.871194e-001  0.000000e+000
 8.200000e+001  9.839718e-001  0.000000e+000
 8.225000e+001  9.827338e-001  0.000000e+000
 8.250000e+001  9.721249e-001  0.000000e+000
 8.275000e+001  9.689935e-001  0.000000e+000
 8.300000e+001  9.761046e-001  0.000000e+000
 8.325000e+001  9.404243e-001  0.000000e+000
 8.350000e+001  9.720949e-001  0.000000e+000
 8.375000e+001  9.344154e-001  0.000000e+000
 8.400000e+001  9.523924e-001  0.000000e+000
 8.425000e+001  9.582723e-001  0.000000e+000
 8.450000e+001  9.282017e-001  0.000000e+000
 8.475000e+001  9.537543e-001  0.000000e+000
 8.500000e+001  9.389009e-001  0.000000e+000
 8.525000e+001  8.487731e-001  0.000000e+000
 8.550000e+001  9.377233e-001  0.000000e+000
 8.575000e+001  8.999105e-001  0.000000e+000
 8.600000e+001  8.056887e-001  0.000000e+000
 8.625000e+001  8.881682e-001  0.000000e+000
 8.650000e+001  8.463039e-001  0.000000e+000
 8.675000e+001  6.897016e-001  0.000000e+000
 8.700000e+001  8.583330e-001  0.000000e+000
 8.725000e+001  8.459026e-001  0.000000e+000
 8.750000e+001  7.234882e-001  0.000000e+000
 8.775000e+001  7.386959e-001  0.000000e+000
 8.800000e+001  8.669812e-001  0.000000e+000
 8.825000e+001  8.138919e-001  0.000000e+000
 8.850000e+001  8.178157e-001  0.000000e+000
 8.875000e+001  8.626894e-001  0.000000e+000
 8.900000e+001  8.905145e-001  0.000000e+000
 8.925000e+001  8.925651e-001  0.000000e+000
 8.950000e+001  9.620118e-001  0.000000e+000
 8.975000e+001  9.495596e-001  0.000000e+000
 9.000000e+001  9.621137e-001  0.000000e+000
 9.025000e+001  9.747264e-001  0.000000e+000
 9.050000e+001  9.689799e-001  0.000000e+000
 9.075000e+001  9.749576e-001  0.000000e+000
 9.100000e+001  9.746765e-001  0.000000e+000
 9.125000e+001  9.773400e-001  0.000000e+000
 9.150000e+001  9.809433e-001  0.000000e+000
 9.175000e+001  9.824930e-001  0.000000e+000
 9.200000e+001  9.780104e-001  0.000000e+000
 9.225000e+001  9.765540e-001  0.000000e+000
 9.250000e+001  9.804923e-001  0.000000e+000
 9.275000e+001  9.786630e-001  0.000000e+000
 9.300000e+001  9.760723e-001  0.000000e+000
 9.325000e+001  9.847534e-001  0.000000e+000
 9.350000e+001  9.945639e-001  0.000000e+000
 9.375000e+001  9.908224e-001  0.000000e+000
 9.400000e+001  9.952284e-001  0.000000e+000
 9.425000e+001  9.941277e-001  0.000000e+000
 9.450000e+001  9.951661e-001  0.000000e+000
 9.475000e+001  9.893270e-001  0.000000e+000
 9.500000e+001  9.895694e-001  0.000000e+000
 9.525000e+001  9.913892e-001  0.000000e+000
 9.550000e+001  9.929350e-001  0.000000e+000
 9.575000e+001  9.878941e-001  0.000000e+000
 9.600000e+001  9.914630e-001  0.000000e+000
 9.625000e+001  9.911194e-001  0.000000e+000
 9.650000e+001  9.836114e-001  0.000000e+000
 9.675000e+001  9.775220e-001  0.000000e+000
 9.700000e+001  9.843850e-001  0.000000e+000
 9.725000e+001  9.897650e-001  0.000000e+000
 9.750000e+001  9.908723e-001  0.000000e+000
 9.775000e+001  9.841741e-001  0.000000e+000
 9.800000e+001  9.806685e-001  0.000000e+000
 9.825000e+001  9.863703e-001  0.000000e+000
 9.850000e+001  9.741261e-001  0.000000e+000
 9.875000e+001  9.852291e-001  0.000000e+000
 9.900000e+001  9.788781e-001  0.000000e+000
 9.925000e+001  9.755923e-001  0.000000e+000
 9.950000e+001  9.737951e-001  0.000000e+000
 9.975000e+001  9.693091e-001  0.000000e+000
 1.000000e+002  9.659401e-001  0.000000e+000
 1.002500e+002  9.782624e-001  0.000000e+000
 1.005000e+002  9.772774e-001  0.000000e+000
 1.007500e+002  9.718406e-001  0.000000e+000
 1.010000e+002  9.784484e-001  0.000000e+000
 1.012500e+002  9.751168e-001  0.000000e+000
 1.015000e+002  9.636657e-001  0.000000e+000
 1.017500e+002  9.513052e-001  0.000000e+000
 1.020000e+002  9.670805e-001  0.000000e+000
 1.022500e+002  9.697080e-001  0.000000e+000
 1.025000e+002  9.615726e-001  0.000000e+000
 1.027500e+002  9.542983e-001  0.000000e+000
 1.030000e+002  9.629915e-001  0.000000e+000
 1.032500e+002  9.595767e-001  0.000000e+000
 1.035000e+002  9.647787e-001  0.000000e+000
 1.037500e+002  9.597641e-001  0.000000e+000
 1.040000e+002  9.605128e-001  0.000000e+000
 1.042500e+002  9.635354e-001  0.000000e+000
 1.045000e+002  9.804769e-001  0.000000e+000
 1.047500e+002  9.525658e-001  0.000000e+000
 1.050000e+002  9.111936e-001  0.000000e+000
 1.052500e+002  9.544027e-001  0.000000e+000
 1.055000e+002  9.066399e-001  0.000000e+000
 1.057500e+002  9.497428e-001  0.000000e+000
 1.060000e+002  9.605372e-001  0.000000e+000
 1.062500e+002  9.317957e-001  0.000000e+000
 1.065000e+002  9.361964e-001  0.000000e+000
 1.067500e+002  9.403308e-001  0.000000e+000
 1.070000e+002  9.462012e-001  0.000000e+000
 1.072500e+002  9.145311e-001  0.000000e+000
 1.075000e+002  9.052868e-001  0.000000e+000
 1.077500e+002  8.959831e-001  0.000000e+000
 1.080000e+002  9.347940e-001  0.000000e+000
 1.082500e+002  9.122091e-001  0.000000e+000
 1.085000e+002  9.483023e-001  0.000000e+000
 1.087500e+002  9.054503e-001  0.000000e+000
 1.090000e+002  9.188506e-001  0.000000e+000
 1.092500e+002  9.433552e-001  0.000000e+000
 1.095000e+002  9.082034e-001  0.000000e+000
 1.097500e+002  9.354155e-001  0.000000e+000
 1.100000e+002  8.840347e-001  0.000000e+000
 1.102500e+002  9.213459e-001  0.000000e+000
 1.105000e+002  8.872864e-001  0.000000e+000
 1.107500e+002  9.122823e-001  0.000000e+000
 1.110000e+002  9.602729e-001  0.000000e+000
 1.112500e+002  9.353133e-001  0.000000e+000
 1.115000e+002  8.883920e-001  0.000000e+000
 1.117500e+002  9.296558e-001  0.000000e+000
 1.120000e+002  9.171590e-001  0.000000e+000
 1.122500e+002  8.763341e-001  0.000000e+000
 1.125000e+002  8.975521e-001  0.000000e+000
 1.127500e+002  9.314314e-001  0.000000e+000
 1.130000e+002  9.226881e-001  0.000000e+000
 1.132500e+002  9.392511e-001  0.000000e+000
 1.135000e+002  8.521080e-001  0.000000e+000
 1.137500e+002  9.285075e-001  0.000000e+000
 1.140000e+002  9.375032e-001  0.000000e+000
 1.142500e+002  9.072409e-001  0.000000e+000
 1.145000e+002  9.095473e-001  0.000000e+000
 1.147500e+002  9.191163e-001  0.000000e+000
 1.150000e+002  9.217094e-001  0.000000e+000
 1.152500e+002  9.391659e-001  0.000000e+000
 1.155000e+002  8.987865e-001  0.000000e+000
 1.157500e+002  9.124728e-001  0.000000e+000
 1.160000e+002  9.065041e-001  0.000000e+000
 1.162500e+002  9.121712e-001  0.000000e+000
 1.165000e+002  8.975484e-001  0.000000e+000
 1.167500e+002  8.732194e-001  0.000000e+000
 1.170000e+002  9.419126e-001  0.000000e+000
 1.172500e+002  9.103214e-001  0.000000e+000
 1.175000e+002  9.292490e-001  0.000000e+000
 1.177500e+002  8.753638e-001  0.000000e+000
 1.180000e+002  9.495552e-001  0.000000e+000
 1.182500e+002  9.004542e-001  0.000000e+000
 1.185000e+002  8.802308e-001  0.000000e+000
 1.187500e+002  8.441477e-001  0.000000e+000
 1.190000e+002  8.869159e-001  0.000000e+000
 1.192500e+002  9.156284e-001  0.000000e+000
 1.195000e+002  8.846060e-001  0.000000e+000
 1.197500e+002  8.548768e-001  0.000000e+000
 1.200000e+002  8.039432e-001  0.000000e+000
 1.202500e+002  9.171387e-001  0.000000e+000
 1.205000e+002  8.982546e-001  0.000000e+000
 1.207500e+002  8.680065e-001  0.000000e+000
 1.210000e+002  9.154452e-001  0.000000e+000
 1.212500e+002  8.846071e-001  0.000000e+000
 1.215000e+002  9.205227e-001  0.000000e+000
 1.217500e+002  8.582585e-001  0.000000e+000
 1.220000e+002  8.818456e-001  0.000000e+000
 1.222500e+002  9.347114e-001  0.000000e+000
 1.225000e+002  8.551747e-001  0.000000e+000
 1.227500e+002  8.816597e-001  0.000000e+000
 1.230000e+002  9.164563e-001  0.000000e+000
 1.232500e+002  8.532015e-001  0.000000e+000
 1.235000e+002  8.581378e-001  0.000000e+000
 1.237500e+002  9.423768e-001  0.000000e+000
 1.240000e+002  8.901744e-001  0.000000e+000
 1.242500e+002  9.039744e-001  0.000000e+000
 1.245000e+002  8.630220e-001  0.000000e+000
 1.247500e+002  9.358612e-001  0.000000e+000
 1.250000e+002  8.772692e-001  0.000000e+000
 1.252500e+002  8.643612e-001  0.000000e+000
 1.255000e+002  8.822042e-001  0.000000e+000
 1.257500e+002  8.987314e-001  0.000000e+000
 1.260000e+002  9.176744e-001  0.000000e+000
 1.262500e+002  8.915750e-001  0.000000e+000
 1.265000e+002  9.420128e-001  0.000000e+000
 1.267500e+002  8.936151e-001  0.000000e+000
 1.270000e+002  8.980661e-001  0.000000e+000
 1.272500e+002  8.886024e-001  0.000000e+000
 1.275000e+002  8.592685e-001  0.000000e+000
 1.277500e+002  8.426909e-001  0.000000e+000
 1.280000e+002  7.568148e-001  0.000000e+000
 1.282500e+002  8.854482e-001  0.000000e+000
 1.285000e+002  8.939037e-001  0.000000e+000
 1.287500e+002  8.758991e-001  0.000000e+000
 1.290000e+002  8.778367e-001  0.000000e+000
 1.292500e+002  8.249784e-001  0.000000e+000
 1.295000e+002  8.674426e-001  0.000000e+000
 1.297500e+002  8.986115e-001  0.000000e+000
 1.300000e+002  7.608572e-001  0.000000e+000
 1.302500e+002  7.726193e-001  0.000000e+000
 1.305000e+002  8.581535e-001  0.000000e+000
 1.307500e+002  9.027851e-001  0.000000e+000
 1.310000e+002  9.458267e-001  0.000000e+000
 1.312500e+002  7.995062e-001  0.000000e+000
 1.315000e+002  8.360128e-001  0.000000e+000
 1.317500e+002  9.162224e-001  0.000000e+000
 1.320000e+002  8.746759e-001  0.000000e+000
 1.322500e+002  8.014359e-001  0.000000e+000
 1.325000e+002  8.762366e-001  0.000000e+000
 1.327500e+002  9.161304e-001  0.000000e+000
 1.330000e+002  8.338763e-001  0.000000e+000
 1.332500e+002  8.668405e-001  0.000000e+000
 1.335000e+002  8.037976e-001  0.000000e+000
 1.337500e+002  8.590376e-001  0.000000e+000
 1.340000e+002  8.971134e-001  0.000000e+000
 1.342500e+002  8.472343e-001  0.000000e+000
 1.345000e+002  9.049076e-001  0.000000e+000
 1.347500e+002  8.749948e-001  0.000000e+000
 1.350000e+002  8.084326e-001  0.000000e+000
 1.352500e+002  8.716030e-001  0.000000e+000
 1.355000e+002  8.173442e-001  0.000000e+000
 1.357500e+002  8.343174e-001  0.000000e+000
 1.360000e+002  7.669241e-001  0.000000e+000
 1.362500e+002  8.037715e-001  0.000000e+000
 1.365000e+002  8.149002e-001  0.000000e+000
 1.367500e+002  8.581072e-001  0.000000e+000
 1.370000e+002  8.225995e-001  0.000000e+000
 1.372500e+002  8.219314e-001  0.000000e+000
 1.375000e+002  8.836844e-001  0.000000e+000
 1.377500e+002  8.757983e-001  0.000000e+000
 1.380000e+002  8.594145e-001  0.000000e+000
 1.382500e+002  9.411675e-001  0.000000e+000
 1.385000e+002  9.238170e-001  0.000000e+000
 1.387500e+002  7.597903e-001  0.000000e+000
 1.390000e+002  8.239089e-001  0.000000e+000
 1.392500e+002  8.679621e-001  0.000000e+000
 1.395000e+002  8.035087e-001  0.000000e+000
 1.397500e+002  8.764324e-001  0.000000e+000
 1.400000e+002  7.941393e-001  0.000000e+000
 1.402500e+002  8.433436e-001  0.000000e+000
 1.405000e+002  8.482584e-001  0.000000e+000
 1.407500e+002  9.068167e-001  0.000000e+000
 1.410000e+002  8.404105e-001  0.000000e+000
 1.412500e+002  8.178279e-001  0.000000e+000
 1.415000e+002  7.752610e-001  0.000000e+000
 1.417500e+002  8.788286e-001  0.000000e+000
 1.420000e+002  8.929127e-001  0.000000e+000
 1.422500e+002  8.574344e-001  0.000000e+000
 1.425000e+002  7.992122e-001  0.000000e+000
 1.427500e+002  8.982576e-001  0.000000e+000
 1.430000e+002  8.414047e-001  0.000000e+000
 1.432500e+002  8.758528e-001  0.000000e+000
 1.435000e+002  8.609887e-001  0.000000e+000
 1.437500e+002  8.819779e-001  0.000000e+000
 1.440000e+002  8.051926e-001  0.000000e+000
 1.442500e+002  7.952196e-001  0.000000e+000
 1.445000e+002  8.481994e-001  0.000000e+000
 1.447500e+002  9.016010e-001  0.000000e+000
 1.450000e+002  8.353001e-001  0.000000e+000
 1.452500e+002  8.028830e-001  0.000000e+000
 1.455000e+002  8.129432e-001  0.000000e+000
 1.457500e+002  8.099632e-001  0.000000e+000
 1.460000e+002  7.138560e-001  0.000000e+000
 1.462500e+002  6.837087e-001  0.000000e+000
 1.465000e+002  7.983626e-001  0.000000e+000
 1.467500e+002  9.199289e-001  0.000000e+000
 1.470000e+002  8.261812e-001  0.000000e+000
 1.472500e+002  7.912017e-001  0.000000e+000
 1.475000e+002  8.392001e-001  0.000000e+000
 1.477500e+002  8.783445e-001  0.000000e+000
 1.480000e+002  8.211865e-001  0.000000e+000
 1.482500e+002  8.340319e-001  0.000000e+000
 1.485000e+002  8.078511e-001  0.000000e+000
 1.487500e+002  8.636608e-001  0.000000e+000
 1.490000e+002  8.541406e-001  0.000000e+000
 1.492500e+002  8.424804e-001  0.000000e+000
 1.495000e+002  8.164851e-001  0.000000e+000
 1.497500e+002  8.096793e-001  0.000000e+000
 1.500000e+002  8.419905e-001  0.000000e+000
 1.502500e+002  7.365108e-001  0.000000e+000
 1.505000e+002  7.932110e-001  0.000000e+000
 1.507500e+002  8.226586e-001  0.000000e+000
 1.510000e+002  7.930381e-001  0.000000e+000
 1.512500e+002  9.169980e-001  0.000000e+000
 1.515000e+002  7.569827e-001  0.000000e+000
 1.517500e+002  8.852282e-001  0.000000e+000
 1.520000e+002  8.607978e-001  0.000000e+000
 1.522500e+002  8.799289e-001  0.000000e+000
 1.525000e+002  8.968042e-001  0.000000e+000
 1.527500e+002  8.698781e-001  0.000000e+000
 1.530000e+002  7.598088e-001  0.000000e+000
 1.532500e+002  7.910809e-001  0.000000e+000
 1.535000e+002  7.498079e-001  0.000000e+000
 1.537500e+002  8.872457e-001  0.000000e+000
 1.540000e+002  8.800454e-001  0.000000e+000
 1.542500e+002  8.137519e-001  0.000000e+000
 1.545000e+002  7.989838e-001  0.000000e+000
 1.547500e+002  8.349617e-001  0.000000e+000
 1.550000e+002  8.073806e-001  0.000000e+000
 1.552500e+002  8.927063e-001  0.000000e+000
 1.555000e+002  7.821018e-001  0.000000e+000
 1.557500e+002  8.682546e-001  0.000000e+000
 1.560000e+002  8.552172e-001  0.000000e+000
 1.562500e+002  8.484938e-001  0.000000e+000
 1.565000e+002  7.640533e-001  0.000000e+000
 1.567500e+002  8.140796e-001  0.000000e+000
 1.570000e+002  7.172832e-001  0.000000e+000
 1.572500e+002  8.290939e-001  0.000000e+000
 1.575000e+002  8.863958e-001  0.000000e+000
 1.577500e+002  8.333877e-001  0.000000e+000
 1.580000e+002  7.382916e-001  0.000000e+000
 1.582500e+002  8.346441e-001  0.000000e+000
 1.585000e+002  7.654222e-001  0.000000e+000
 1.587500e+002  7.459081e-001  0.000000e+000
 1.590000e+002  8.374928e-001  0.000000e+000
 1.592500e+002  8.347149e-001  0.000000e+000
 1.595000e+002  8.248688e-001  0.000000e+000
 1.597500e+002  6.315518e-001  0.000000e+000
 1.600000e+002  8.168440e-001  0.000000e+000
 1.602500e+002  7.834063e-001  0.000000e+000
 1.605000e+002  8.406754e-001  0.000000e+000
 1.607500e+002  8.043814e-001  0.000000e+000
 1.610000e+002  8.490180e-001  0.000000e+000
 1.612500e+002  7.361189e-001  0.000000e+000
 1.615000e+002  8.333535e-001  0.000000e+000
 1.617500e+002  8.441723e-001  0.000000e+000
 1.620000e+002  8.368713e-001  0.000000e+000
 1.622500e+002  8.514754e-001  0.000000e+000
 1.625000e+002  8.083953e-001  0.000000e+000
 1.627500e+002  7.601765e-001  0.000000e+000
 1.630000e+002  8.858011e-001  0.000000e+000
 1.632500e+002  8.178439e-001  0.000000e+000
 1.635000e+002  7.290275e-001  0.000000e+000
 1.637500e+002  7.369031e-001  0.000000e+000
 1.640000e+002  7.836859e-001  0.000000e+000
 1.642500e+002  8.208333e-001  0.000000e+000
 1.645000e+002  7.835161e-001  0.000000e+000
 1.647500e+002  8.295136e-001  0.000000e+000
 1.650000e+002  6.560630e-001  0.000000e+000
 1.652500e+002  8.189250e-001  0.000000e+000
 1.655000e+002  8.322027e-001  0.000000e+000
 1.657500e+002  7.850841e-001  0.000000e+000
 1.660000e+002  7.829442e-001  0.000000e+000
 1.662500e+002  7.930479e-001  0.000000e+000
 1.665000e+002  8.714264e-001  0.000000e+000
 1.667500e+002  8.407795e-001  0.000000e+000
 1.670000e+002  7.893945e-001  0.000000e+000
 1.672500e+002  8.737805e-001  0.000000e+000
 1.675000e+002  7.435299e-001  0.000000e+000
 1.677500e+002  8.053989e-001  0.000000e+000
 1.680000e+002  7.927820e-001  0.000000e+000
 1.682500e+002  7.661828e-001  0.000000e+000
 1.685000e+002  7.345431e-001  0.000000e+000
 1.687500e+002  7.611859e-001  0.000000e+000
 1.690000e+002  6.753817e-001  0.000000e+000
 1.692500e+002  7.249605e-001  0.000000e+000
 1.695000e+002  7.507416e-001  0.000000e+000
 1.697500e+002  8.734027e-001  0.000000e+000
 1.700000e+002  6.388328e-001  0.000000e+000
 1.702500e+002  7.604456e-001  0.000000e+000
 1.705000e+002  6.868244e-001  0.000000e+000
 1.707500e+002  8.707996e-001  0.000000e+000
 1.710000e+002  6.785405e-001  0.000000e+000
 1.712500e+002  6.574153e-001  0.000000e+000
 1.715000e+002  7.582039e-001  0.000000e+000
 1.717500e+002  7.915155e-001  0.000000e+000
 1.720000e+002  7.158585e-001  0.000000e+000
 1.722500e+002  6.787491e-001  0.000000e+000
 1.725000e+002  7.181826e-001  0.000000e+000
 1.727500e+002  8.513377e-001  0.000000e+000
 1.730000e+002  7.852176e-001  0.000000e+000
 1.732500e+002  6.112309e-001  0.000000e+000
 1.735000e+002  6.453350e-001  0.000000e+000
 1.737500e+002  7.445718e-001  0.000000e+000
 1.740000e+002  7.300779e-001  0.000000e+000
 1.742500e+002  6.828014e-001  0.000000e+000
 1.745000e+002  7.591165e-001  0.000000e+000
 1.747500e+002  8.059962e-001  0.000000e+000
 1.750000e+002  8.610684e-001  0.000000e+000
 1.752500e+002  7.491670e-001  0.000000e+000
 1.755000e+002  6.585264e-001  0.000000e+000
 1.757500e+002  8.723822e-001  0.000000e+000
 1.760000e+002  6.827246e-001  0.000000e+000
 1.762500e+002  8.186634e-001  0.000000e+000
 1.765000e+002  6.198235e-001  0.000000e+000
 1.767500e+002  7.870113e-001  0.000000e+000
 1.770000e+002  7.196599e-001  0.000000e+000
 1.772500e+002  7.342981e-001  0.000000e+000
 1.775000e+002  6.644354e-001  0.000000e+000
 1.777500e+002  6.313637e-001  0.000000e+000
 1.780000e+002  7.520776e-001  0.000000e+000
 1.782500e+002  6.903545e-001  0.000000e+000
 1.785000e+002  7.853827e-001  0.000000e+000
 1.787500e+002  6.596425e-001  0.000000e+000
 1.790000e+002  5.051975e-001  0.000000e+000
 1.792500e+002  7.334114e-001  0.000000e+000
 1.795000e+002  5.887905e-001  0.000000e+000
 1.797500e+002  8.353508e-001  0.000000e+000
 1.800000e+002  7.752724e-001  0.000000e+000
 1.802500e+002  6.095911e-001  0.000000e+000
 1.805000e+002  5.577384e-001  0.000000e+000
 1.807500e+002  6.641554e-001  0.000000e+000
 1.810000e+002  6.950577e-001  0.000000e+000
 1.812500e+002  7.631651e-001  0.000000e+000
 1.815000e+002  6.375527e-001  0.000000e+000
 1.817500e+002  5.936795e-001  0.000000e+000
 1.820000e+002  6.659678e-001  0.000000e+000
 1.822500e+002  5.103276e-001  0.000000e+000
 1.825000e+002  6.591509e-001  0.000000e+000
 1.827500e+002  6.657972e-001  0.000000e+000
 1.830000e+002  8.183590e-001  0.000000e+000
 1.832500e+002  7.319883e-001  0.000000e+000
 1.835000e+002  6.236500e-001  0.000000e+000
 1.837500e+002  4.262421e-001  0.000000e+000
 1.840000e+002  5.036880e-001  0.000000e+000
 1.842500e+002  4.156798e-001  0.000000e+000
 1.845000e+002  4.944092e-001  0.000000e+000
 1.847500e+002  7.623870e-001  0.000000e+000
 1.850000e+002  5.244980e-001  0.000000e+000
 1.852500e+002  6.073877e-001  0.000000e+000
 1.855000e+002  6.720677e-001  0.000000e+000
 1.857500e+002  7.053618e-001  0.000000e+000
 1.860000e+002  4.387830e-001  0.000000e+000
 1.862500e+002  4.908775e-001  0.000000e+000
 1.865000e+002  5.067825e-001  0.000000e+000
 1.867500e+002  5.525020e-001  0.000000e+000
 1.870000e+002  7.882887e-001  0.000000e+000
 1.872500e+002  4.555689e-001  0.000000e+000
 1.875000e+002  4.684096e-001  0.000000e+000
 1.877500e+002  7.044041e-001  0.000000e+000
 1.880000e+002  5.206749e-001  0.000000e+000
 1.882500e+002  5.753259e-001  0.000000e+000
 1.885000e+002  6.523637e-001  0.000000e+000
 1.887500e+002  4.744152e-001  0.000000e+000
 1.890000e+002  6.388365e-001  0.000000e+000
 1.892500e+002  4.568868e-001  0.000000e+000
 1.895000e+002  3.424872e-001  0.000000e+000
 1.897500e+002  3.306900e-001  0.000000e+000
 1.900000e+002  5.930074e-001  0.000000e+000
 1.902500e+002  6.297027e-001  0.000000e+000
 1.905000e+002  4.434934e-001  0.000000e+000
 1.907500e+002  5.561756e-001  0.000000e+000
 1.910000e+002  5.014211e-001  0.000000e+000
 1.912500e+002  3.852395e-001  0.000000e+000
 1.915000e+002  3.498894e-001  0.000000e+000
 1.917500e+002  6.484687e-001  0.000000e+000
 1.920000e+002  3.660751e-001  0.000000e+000
 1.922500e+002  2.313635e-001  0.000000e+000
 1.925000e+002  3.764875e-001  0.000000e+000
 1.927500e+002  2.505378e-001  0.000000e+000
 1.930000e+002  4.825590e-001  0.000000e+000
 1.932500e+002  6.336278e-001  0.000000e+000
 1.935000e+002  5.781382e-001  0.000000e+000
 1.937500e+002  4.319773e-001  0.000000e+000
 1.940000e+002  2.970276e-001  0.000000e+000
 1.942500e+002  3.792402e-001  0.000000e+000
 1.945000e+002  5.700287e-001  0.000000e+000
 1.947500e+002  6.496565e-001  0.000000e+000
 1.950000e+002  2.689466e-001  0.000000e+000
 1.952500e+002  5.266716e-001  0.000000e+000
 1.955000e+002  2.197981e-001  0.000000e+000
 1.957500e+002  4.720992e-001  0.000000e+000
 1.960000e+002  3.295508e-001  0.000000e+000
 1.962500e+002  3.009583e-001  0.000000e+000
 1.965000e+002  2.204739e-001  0.000000e+000
 1.967500e+002  2.476094e-001  0.000000e+000
 1.970000e+002  5.349277e-001  0.000000e+000
 1.972500e+002  4.346330e-001  0.000000e+000
 1.975000e+002  1.129449e-001  0.000000e+000
 1.977500e+002  2.469833e-001  0.000000e+000
 1.980000e+002  4.297349e-001  0.000000e+000
 1.982500e+002  2.319866e-001  0.000000e+000
 1.985000e+002  1.800787e-001  0.000000e+000
 1.987500e+002  3.517981e-001  0.000000e+000
 1.990000e+002  1.281722e-001  0.000000e+000
 1.992500e+002  1.895624e-001  0.000000e+000
 1.995000e+002  3.944893e-001  0.000000e+000
 1.997500e+002  2.773675e-001  0.000000e+000
 2.000000e+002  2.808803e-001  0.000000e+000
 2.002500e+002  3.271635e-001  0.000000e+000
 2.005000e+002  1.729202e-001  0.000000e+000
 2.007500e+002  4.541672e-001  0.000000e+000
 2.010000e+002  2.767146e-001  0.000000e+000
 2.012500e+002  2.394326e-001  0.000000e+000
 2.015000e+002  1.422497e-002  0.000000e+000
 2.017500e+002  3.467395e-001  0.000000e+000
 2.020000e+002  2.990806e-001  0.000000e+000
 2.022500e+002  3.048252e-002  0.000000e+000
 2.025000e+002  1.695329e-001  0.000000e+000
 2.027500e+002  3.263782e-001  0.000000e+000
 2.030000e+002  3.052808e-001  0.000000e+000
 2.032500e+002  1.766113e-001  0.000000e+000
 2.035000e+002  1.781901e-001  0.000000e+000
 2.037500e+002  2.943366e-002  0.000000e+000
 2.040000e+002  2.040500e-001  0.000000e+000
 2.042500e+002  1.412995e-002  0.000000e+000
 2.045000e+002  7.733815e-002  0.000000e+000
 2.047500e+002  1.523671e-001  0.000000e+000
 2.050000e+002  2.259855e-001  0.000000e+000
 2.052500e+002  1.620021e-001  0.000000e+000
 2.055000e+002  2.599248e-001  0.000000e+000
 2.057500e+002  5.158366e-002  0.000000e+000
 2.060000e+002  8.224531e-002  0.000000e+000
 2.062500e+002  2.542993e-002  0.000000e+000
 2.065000e+002  1.806849e-001  0.000000e+000
 2.067500e+002  4.189114e-001  0.000000e+000
 2.070000e+002  5.727186e-001  0.000000e+000
 2.072500e+002  2.127834e-001  0.000000e+000
 2.075000e+002  6.572112e-002  0.000000e+000
 2.077500e+002  3.927634e-001  0.000000e+000
 2.080000e+002  1.278087e-001  0.000000e+000
 2.082500e+002  3.678259e-001  0.000000e+000
 2.085000e+002  2.505840e-001  0.000000e+000
 2.087500e+002  1.672793e-001  0.000000e+000
 2.090000e+002  1.075463e-001  0.000000e+000
 2.092500e+002  2.420703e-001  0.000000e+000
 2.095000e+002  2.923846e-001  0.000000e+000
 2.097500e+002  2.234465e-001  0.000000e+000
 2.100000e+002  3.288346e-001  0.000000e+000
 2.102500e+002  1.259054e-002  0.000000e+000
 2.105000e+002  3.368874e-001  0.000000e+000
 2.107500e+002  2.833643e-001  0.000000e+000
 2.110000e+002  3.874255e-001  0.000000e+000
 2.112500e+002  6.239476e-001  0.000000e+000
 2.115000e+002  7.031637e-002  0.000000e+000
 2.117500e+002  4.445703e-002  0.000000e+000
 2.120000e+002  2.726114e-001  0.000000e+000
 2.122500e+002  2.108295e-001  0.000000e+000
 2.125000e+002  5.014462e-001  0.000000e+000
 2.127500e+002  5.784423e-001  0.000000e+000
 2.130000e+002  2.035549e-001  0.000000e+000
 2.132500e+002  4.120321e-001  0.000000e+000
 2.135000e+002  2.886573e-001  0.000000e+000
 2.137500e+002  2.770559e-001  0.000000e+000
 2.140000e+002  1.284668e-001  0.000000e+000
 2.142500e+002  8.883364e-002  0.000000e+000
 2.145000e+002  3.419946e-001  0.000000e+000
 2.147500e+002  2.688277e-001  0.000000e+000
 2.150000e+002  1.818460e-001  0.000000e+000
 2.152500e+002  1.667500e-001  0.000000e+000
 2.155000e+002  2.198120e-001  0.000000e+000
 2.157500e+002  3.192630e-001  0.000000e+000
 2.160000e+002  3.262261e-001  0.000000e+000
 2.162500e+002  4.012851e-001  0.000000e+000
 2.165000e+002  3.280299e-001  0.000000e+000
 2.167500e+002  4.661970e-001  0.000000e+000
 2.170000e+002  3.113079e-001  0.000000e+000
 2.172500e+002  5.219891e-001  0.000000e+000
 2.175000e+002  2.447935e-001  0.000000e+000
 2.177500e+002  3.004735e-001  0.000000e+000
 2.180000e+002  2.333826e-001  0.000000e+000
 2.182500e+002  4.556499e-001  0.000000e+000
 2.185000e+002  3.956537e-001  0.000000e+000
 2.187500e+002  3.037401e-001  0.000000e+000
 2.190000e+002  4.627469e-001  0.000000e+000
 2.192500e+002  3.653247e-001  0.000000e+000
 2.195000e+002  2.782564e-001  0.000000e+000
 2.197500e+002  3.869167e-001  0.000000e+000
 2.200000e+002  2.892019e-001  0.000000e+000
 2.202500e+002  3.720331e-001  0.000000e+000
 2.205000e+002  4.728711e-001  0.000000e+000
 2.207500e+002  2.717451e-001  0.000000e+000
 2.210000e+002  3.848440e-001  0.000000e+000
 2.212500e+002  2.658966e-001  0.000000e+000
 2.215000e+002  1.760782e-001  0.000000e+000
 2.217500e+002  3.729226e-001  0.000000e+000
 2.220000e+002  2.375915e-001  0.000000e+000
 2.222500e+002  2.871391e-001  0.000000e+000
 2.225000e+002  4.369659e-001  0.000000e+000
 2.227500e+002  5.189279e-001  0.000000e+000
 2.230000e+002  6.913523e-001  0.000000e+000
 2.232500e+002  1.961731e-001  0.000000e+000
 2.235000e+002  4.779958e-001  0.000000e+000
 2.237500e+002  6.602758e-001  0.000000e+000
 2.240000e+002  5.244814e-001  0.000000e+000
 2.242500e+002  3.242003e-001  0.000000e+000
 2.245000e+002  3.369820e-001  0.000000e+000
 2.247500e+002  3.906076e-001  0.000000e+000
 2.250000e+002  4.045053e-001  0.000000e+000
 2.252500e+002  5.671486e-001  0.000000e+000
 2.255000e+002  5.330505e-001  0.000000e+000
 2.257500e+002  4.105714e-001  0.000000e+000
 2.260000e+002  3.735199e-001  0.000000e+000
 2.262500e+002  3.846480e-001  0.000000e+000
 2.265000e+002  4.333214e-001  0.000000e+000
 2.267500e+002  5.243937e-001  0.000000e+000
 2.270000e+002  6.992465e-001  0.000000e+000
 2.272500e+002  2.287496e-001  0.000000e+000
 2.275000e+002  5.505449e-001  0.000000e+000
 2.277500e+002  2.302791e-001  0.000000e+000
 2.280000e+002  5.578111e-001  0.000000e+000
 2.282500e+002  3.427249e-001  0.000000e+000
 2.285000e+002  4.888532e-001  0.000000e+000
 2.287500e+002  5.282596e-001  0.000000e+000
 2.290000e+002  4.664393e-001  0.000000e+000
 2.292500e+002  5.824016e-001  0.000000e+000
 2.295000e+002  6.949106e-001  0.000000e+000
 2.297500e+002  5.057859e-001  0.000000e+000
 2.300000e+002  3.924417e-001  0.000000e+000
 2.302500e+002  4.461209e-001  0.000000e+000
 2.305000e+002  5.978965e-001  0.000000e+000
 2.307500e+002  5.716852e-001  0.000000e+000
 2.310000e+002  2.567385e-001  0.000000e+000
 2.312500e+002  6.263936e-001  0.000000e+000
 2.315000e+002  6.047086e-001  0.000000e+000
 2.317500e+002  5.333464e-001  0.000000e+000
 2.320000e+002  2.796395e-001  0.000000e+000
 2.322500e+002  6.473431e-001  0.000000e+000
 2.325000e+002  4.064230e-001  0.000000e+000
 2.327500e+002  4.969875e-001  0.000000e+000
 2.330000e+002  4.287168e-001  0.000000e+000
 2.332500e+002  4.023160e-001  0.000000e+000
 2.335000e+002  4.305746e-001  0.000000e+000
 2.337500e+002  7.282912e-001  0.000000e+000
 2.340000e+002  5.932127e-001  0.000000e+000
 2.342500e+002  4.387991e-001  0.000000e+000
 2.345000e+002  3.841644e-001  0.000000e+000
 2.347500e+002  5.615904e-001  0.000000e+000
 2.350000e+002  6.391110e-001  0.000000e+000
 2.352500e+002  5.340936e-001  0.000000e+000
 2.355000e+002  3.719070e-001  0.000000e+000
 2.357500e+002  4.590824e-001  0.000000e+000
 2.360000e+002  5.405373e-001  0.000000e+000
 2.362500e+002  5.827547e-001  0.000000e+000
 2.365000e+002  5.711910e-001  0.000000e+000
 2.367500e+002  4.881038e-001  0.000000e+000
 2.370000e+002  5.066348e-001  0.000000e+000
 2.372500e+002  3.996053e-001  0.000000e+000
 2.375000e+002  5.690978e-001  0.000000e+000
 2.377500e+002  4.407420e-001  0.000000e+000
 2.380000e+002  3.823752e-001  0.000000e+000
 2.382500e+002  4.417244e-001  0.000000e+000
 2.385000e+002  5.698824e-001  0.000000e+000
 2.387500e+002  4.960608e-001  0.000000e+000
 2.390000e+002  4.329627e-001  0.000000e+000
 2.392500e+002  5.370685e-001  0.000000e+000
 2.395000e+002  7.298999e-001  0.000000e+000
 2.397500e+002  4.849024e-001  0.000000e+000
 2.400000e+002  1.680534e-001  0.000000e+000
 2.402500e+002  4.752877e-001  0.000000e+000
 2.405000e+002  5.854849e-001  0.000000e+000
 2.407500e+002  4.313520e-001  0.000000e+000
 2.410000e+002  6.881675e-001  0.000000e+000
 2.412500e+002  6.135083e-001  0.000000e+000
 2.415000e+002  4.176880e-001  0.000000e+000
 2.417500e+002  6.105921e-001  0.000000e+000
 2.420000e+002  3.174530e-001  0.000000e+000
 2.422500e+002  6.022655e-001  0.000000e+000
 2.425000e+002  4.384260e-001  0.000000e+000
 2.427500e+002  5.542071e-001  0.000000e+000
 2.430000e+002  5.613773e-001  0.000000e+000
 2.432500e+002  3.597130e-001  0.000000e+000
 2.435000e+002  5.459605e-001  0.000000e+000
 2.437500e+002  7.350929e-001  0.000000e+000
 2.440000e+002  4.472477e-001  0.000000e+000
 2.442500e+002  5.130494e-001  0.000000e+000
 2.445000e+002  4.578983e-001  0.000000e+000
 2.447500e+002  3.424779e-001  0.000000e+000
 2.450000e+002  3.764627e-001  0.000000e+000
 2.452500e+002  5.620453e-001  0.000000e+000
 2.455000e+002  4.055726e-001  0.000000e+000
 2.457500e+002  3.741502e-001  0.000000e+000
 2.460000e+002  3.634212e-001  0.000000e+000
 2.462500e+002  3.516743e-001  0.000000e+000
 2.465000e+002  5.006076e-001  0.000000e+000
 2.467500e+002  5.926656e-001  0.000000e+000
 2.470000e+002  4.999780e-001  0.000000e+000
 2.472500e+002  4.905358e-001  0.000000e+000
 2.475000e+002  6.717888e-001  0.000000e+000
 2.477500e+002  4.103303e-001  0.000000e+000
 2.480000e+002  3.250909e-001  0.000000e+000
 2.482500e+002  6.500124e-001  0.000000e+000
 2.485000e+002  3.166724e-001  0.000000e+000
 2.487500e+002  2.102914e-001  0.000000e+000
 2.490000e+002  1.544784e-001  0.000000e+000
 2.492500e+002  1.566225e-001  0.000000e+000
 2.495000e+002  3.987029e-002  0.000000e+000
 2.497500e+002  2.786881e-002  0.000000e+000
 2.500000e+002  3.227932e-003  0.000000e+000
 2.502500e+002  1.429050e-001  0.000000e+000
 2.505000e+002  7.058621e-002  0.000000e+000
 2.507500e+002  1.689354e-001  0.000000e+000
 2.510000e+002  1.447571e-002  0.000000e+000
 2.512500e+002  7.107485e-002  0.000000e+000
 2.515000e+002  9.108156e-002  0.000000e+000
 2.517500e+002  2.955292e-002  0.000000e+000
 2.520000e+002  1.805509e-001  0.000000e+000
 2.522500e+002  2.492628e-001  0.000000e+000
 2.525000e+002  1.555669e-001  0.000000e+000
 2.527500e+002  2.071051e-002  0.000000e+000
 2.530000e+002  7.588764e-002  0.000000e+000
 2.532500e+002  1.628345e-002  0.000000e+000
 2.535000e+002  3.820290e-002  0.000000e+000
 2.537500e+002  8.021536e-002  0.000000e+000
 2.540000e+002  1.001641e-001  0.000000e+000
 2.542500e+002  3.449515e-002  0.000000e+000
 2.545000e+002  3.029826e-002  0.000000e+000
 2.547500e+002  9.355330e-002  0.000000e+000
 2.550000e+002  6.323265e-002  0.000000e+000
 2.552500e+002  1.133668e-001  0.000000e+000
 2.555000e+002  4.730054e-002  0.000000e+000
 2.557500e+002  2.463817e-003  0.000000e+000
 2.560000e+002  5.727747e-002  0.000000e+000
