 0.000000e+000  9.988058e-001  0.000000e+000
 2.500000e-001  2.399416e-001  0.000000e+000
 5.000000e-001  8.332992e-001  0.000000e+000
 7.500000e-001  9.286225e-001  0.000000e+000
 1.000000e+000  8.659199e-001  0.000000e+000
 1.250000e+000  8.760234e-001  0.000000e+000
 1.500000e+000  8.460675e-001  0.000000e+000
 1.750000e+000  8.078288e-001  0.000000e+000
 2.000000e+000  7.718464e-001  0.000000e+000
 2.250000e+000  6.820644e-001  0.000000e+000
 2.500000e+000  7.396296e-001  0.000000e+000
 2.750000e+000  3.953010e-001  0.000000e+000
 3.000000e+000  3.059567e-001  0.000000e+000
 3.250000e+000  7.495363e-002  0.000000e+000
 3.500000e+000  3.889230e-001  0.000000e+000
 3.750000e+000  5.026140e-001  0.000000e+000
 4.000000e+000  6.498710e-001  0.000000e+000
 4.250000e+000  7.629797e-001  0.000000e+000
 4.500000e+000  8.337608e-001  0.000000e+000
 4.750000e+000  7.225152e-001  0.000000e+000
 5.000000e+000  6.914766e-001  0.000000e+000
 5.250000e+000  4.789992e-001  0.000000e+000
 5.500000e+000  3.268829e-001  0.000000e+000
 5.750000e+000  8.022279e-002  0.000000e+000
 6.000000e+000  1.176459e-002  0.000000e+000
 6.250000e+000  3.981324e-001  0.000000e+000
 6.500000e+000  4.554224e-001  0.000000e+000
 6.750000e+000  5.079510e-001  0.000000e+000
 7.000000e+000  6.425071e-001  0.000000e+000
 7.250000e+000  8.151810e-001  0.000000e+000
 7.500000e+000  8.321081e-001  0.000000e+000
 7.750000e+000  8.609202e-001  0.000000e+000
 8.000000e+000  8.842950e-001  0.000000e+000
 8.250000e+000  8.784106e-001  0.000000e+000
 8.500000e+000  9.334823e-001  0.000000e+000
 8.750000e+000  9.322054e-001  0.000000e+000
 9.000000e+000  9.349614e-001  0.000000e+000
 9.250000e+000  9.481961e-001  0.000000e+000
 9.500000e+000  9.537094e-001  0.000000e+000
 9.750000e+000  9.699411e-001  0.000000e+000
 1.000000e+001  9.521328e-001  0.000000e+000
 1.025000e+001  9.587322e-001  0.000000e+000
 1.050000e+001  9.695678e-001  0.000000e+000
 1.075000e+001  9.671684e-001  0.000000e+000
 1.100000e+001  9.742357e-001  0.000000e+000
 1.125000e+001  9.697435e-001  0.000000e+000
 1.150000e+001  9.863352e-001  0.000000e+000
 1.175000e+001  9.803745e-001  0.000000e+000
 1.200000e+001  9.748123e-001  0.000000e+000
 1.225000e+001  9.836491e-001  0.000000e+000
 1.250000e+001  9.768751e-001  0.000000e+000
 1.275000e+001  9.817222e-001  0.000000e+000
 1.300000e+001  9.863771e-001  0.000000e+000
 1.325000e+001  9.816192e-001  0.000000e+000
 1.350000e+001  9.811318e-001  0.000000e+000
 1.375000e+001  9.796901e-001  0.000000e+000
 1.400000e+001  9.872714e-001  0.000000e+000
 1.425000e+001  9.840652e-001  0.000000e+000
 1.450000e+001  9.845116e-001  0.000000e+000
 1.475000e+001  9.932081e-001  0.000000e+000
 1.500000e+001  9.829037e-001  0.000000e+000
 1.525000e+001  9.941203e-001  0.000000e+000
 1.550000e+001  9.871559e-001  0.000000e+000
 1.575000e+001  9.917003e-001  0.000000e+000
 1.600000e+001  9.874671e-001  0.000000e+000
 1.625000e+001  9.890776e-001  0.000000e+000
 1.650000e+001  9.916788e-001  0.000000e+000
 1.675000e+001  9.879472e-001  0.000000e+000
 1.700000e+001  9.892286e-001  0.000000e+000
 1.725000e+001  9.894086e-001  0.000000e+000
 1.750000e+001  9.855705e-001  0.000000e+000
 1.775000e+001  9.879642e-001  0.000000e+000
 1.800000e+001  9.934297e-001  0.000000e+000
 1.825000e+001  9.924362e-001  0.000000e+000
 1.850000e+001  9.928989e-001  0.000000e+000
 1.875000e+001  9.879563e-001  0.000000e+000
 1.900000e+001  9.891944e-001  0.000000e+000
 1.925000e+001  9.912907e-001  0.000000e+000
 1.950000e+001  9.941550e-001  0.000000e+000
 1.975000e+001  9.904363e-001  0.000000e+000
 2.000000e+001  9.867526e-001  0.000000e+000
 2.025000e+001  9.937587e-001  0.000000e+000
 2.050000e+001  9.929891e-001  0.000000e+000
 2.075000e+001  9.933556e-001  0.000000e+000
 2.100000e+001  9.877363e-001  0.000000e+000
 2.125000e+001  9.942151e-001  0.000000e+000
 2.150000e+001  9.935367e-001  0.000000e+000
 2.175000e+001  9.935566e-001  0.000000e+000
 2.200000e+001  9.892642e-001  0.000000e+000
 2.225000e+001  9.882516e-001  0.000000e+000
 2.250000e+001  9.764637e-001  0.000000e+000
 2.275000e+001  9.861637e-001  0.000000e+000
 2.300000e+001  9.879094e-001  0.000000e+000
 2.325000e+001  9.915991e-001  0.000000e+000
 2.350000e+001  9.922640e-001  0.000000e+000
 2.375000e+001  9.911186e-001  0.000000e+000
 2.400000e+001  9.944366e-001  0.000000e+000
 2.425000e+001  9.928150e-001  0.000000e+000
 2.450000e+001  9.849128e-001  0.000000e+000
 2.475000e+001  9.897885e-001  0.000000e+000
 2.500000e+001  9.926317e-001  0.000000e+000
 2.525000e+001  9.898465e-001  0.000000e+000
 2.550000e+001  9.867778e-001  0.000000e+000
 2.575000e+001  9.929386e-001  0.000000e+000
 2.600000e+001  9.930531e-001  0.000000e+000
 2.625000e+001  9.937775e-001  0.000000e+000
 2.650000e+001  9.914266e-001  0.000000e+000
 2.675000e+001  9.942536e-001  0.000000e+000
 2.700000e+001  9.850452e-001  0.000000e+000
 2.725000e+001  9.924071e-001  0.000000e+000
 2.750000e+001  9.917999e-001  0.000000e+000
 2.775000e+001  9.917442e-001  0.000000e+000
 2.800000e+001  9.923759e-001  0.000000e+000
 2.825000e+001  9.905932e-001  0.000000e+000
 2.850000e+001  9.888118e-001  0.000000e+000
 2.875000e+001  9.924370e-001  0.000000e+000
 2.900000e+001  9.887620e-001  0.000000e+000
 2.925000e+001  9.900795e-001  0.000000e+000
 2.950000e+001  9.901063e-001  0.000000e+000
 2.975000e+001  9.868729e-001  0.000000e+000
 3.000000e+001  9.901898e-001  0.000000e+000
 3.025000e+001  9.925100e-001  0.000000e+000
 3.050000e+001  9.932855e-001  0.000000e+000
 3.075000e+001  9.889553e-001  0.000000e+000
 3.100000e+001  9.875783e-001  0.000000e+000
 3.125000e+001  9.927468e-001  0.000000e+000
 3.150000e+001  9.920158e-001  0.000000e+000
 3.175000e+001  9.920021e-001  0.000000e+000
 3.200000e+001  9.949886e-001  0.000000e+000
 3.225000e+001  9.918751e-001  0.000000e+000
 3.250000e+001  9.923152e-001  0.000000e+000
 3.275000e+001  9.866065e-001  0.000000e+000
 3.300000e+001  9.903235e-001  0.000000e+000
 3.325000e+001  9.864414e-001  0.000000e+000
 3.350000e+001  9.912640e-001  0.000000e+000
 3.375000e+001  9.899325e-001  0.000000e+000
 3.400000e+001  9.930295e-001  0.000000e+000
 3.425000e+001  9.895055e-001  0.000000e+000
 3.450000e+001  9.890963e-001  0.000000e+000
 3.475000e+001  9.929205e-001  0.000000e+000
 3.500000e+001  9.910897e-001  0.000000e+000
 3.525000e+001  9.911201e-001  0.000000e+000
 3.550000e+001  9.875011e-001  0.000000e+000
 3.575000e+001  9.875175e-001  0.000000e+000
 3.600000e+001  9.929455e-001  0.000000e+000
 3.625000e+001  9.901478e-001  0.000000e+000
 3.650000e+001  9.902827e-001  0.000000e+000
 3.675000e+001  9.906627e-001  0.000000e+000
 3.700000e+001  9.839841e-001  0.000000e+000
 3.725000e+001  9.896370e-001  0.000000e+000
 3.750000e+001  9.943801e-001  0.000000e+000
 3.775000e+001  9.892946e-001  0.000000e+000
 3.800000e+001  9.879926e-001  0.000000e+000
 3.825000e+001  9.931939e-001  0.000000e+000
 3.850000e+001  9.873511e-001  0.000000e+000
 3.875000e+001  9.912109e-001  0.000000e+000
 3.900000e+001  9.923196e-001  0.000000e+000
 3.925000e+001  9.913513e-001  0.000000e+000
 3.950000e+001  9.900845e-001  0.000000e+000
 3.975000e+001  9.877474e-001  0.000000e+000
 4.000000e+001  9.891937e-001  0.000000e+000
 4.025000e+001  9.921734e-001  0.000000e+000
 4.050000e+001  9.875661e-001  0.000000e+000
 4.075000e+001  9.886791e-001  0.000000e+000
 4.100000e+001  9.890178e-001  0.000000e+000
 4.125000e+001  9.905775e-001  0.000000e+000
 4.150000e+001  9.910198e-001  0.000000e+000
 4.175000e+001  9.832096e-001  0.000000e+000
 4.200000e+001  9.917429e-001  0.000000e+000
 4.225000e+001  9.892117e-001  0.000000e+000
 4.250000e+001  9.874331e-001  0.000000e+000
 4.275000e+001  9.904497e-001  0.000000e+000
 4.300000e+001  9.872420e-001  0.000000e+000
 4.325000e+001  9.895769e-001  0.000000e+000
 4.350000e+001  9.916245e-001  0.000000e+000
 4.375000e+001  9.892154e-001  0.000000e+000
 4.400000e+001  9.911462e-001  0.000000e+000
 4.425000e+001  9.893348e-001  0.000000e+000
 4.450000e+001  9.916938e-001  0.000000e+000
 4.475000e+001  9.923745e-001  0.000000e+000
 4.500000e+001  9.840775e-001  0.000000e+000
 4.525000e+001  9.864084e-001  0.000000e+000
 4.550000e+001  9.845128e-001  0.000000e+000
 4.575000e+001  9.882631e-001  0.000000e+000
 4.600000e+001  9.837715e-001  0.000000e+000
 4.625000e+001  9.895378e-001  0.000000e+000
 4.650000e+001  9.947407e-001  0.000000e+000
 4.675000e+001  9.874985e-001  0.000000e+000
 4.700000e+001  9.859801e-001  0.000000e+000
 4.725000e+001  9.893298e-001  0.000000e+000
 4.750000e+001  9.918637e-001  0.000000e+000
 4.775000e+001  9.914391e-001  0.000000e+000
 4.800000e+001  9.885513e-001  0.000000e+000
 4.825000e+001  9.878107e-001  0.000000e+000
 4.850000e+001  9.854828e-001  0.000000e+000
 4.875000e+001  9.858785e-001  0.000000e+000
 4.900000e+001  9.870921e-001  0.000000e+000
 4.925000e+001  9.898190e-001  0.000000e+000
 4.950000e+001  9.895939e-001  0.000000e+000
 4.975000e+001  9.915696e-001  0.000000e+000
 5.000000e+001  9.840262e-001  0.000000e+000
 5.025000e+001  9.855072e-001  0.000000e+000
 5.050000e+001  9.883214e-001  0.000000e+000
 5.075000e+001  9.898878e-001  0.000000e+000
 5.100000e+001  9.890153e-001  0.000000e+000
 5.125000e+001  9.925328e-001  0.000000e+000
 5.150000e+001  9.858903e-001  0.000000e+000
 5.175000e+001  9.919459e-001  0.000000e+000
 5.200000e+001  9.847042e-001  0.000000e+000
 5.225000e+001  9.893370e-001  0.000000e+000
 5.250000e+001  9.863932e-001  0.000000e+000
 5.275000e+001  9.855967e-001  0.000000e+000
 5.300000e+001  9.865542e-001  0.000000e+000
 5.325000e+001  9.903126e-001  0.000000e+000
 5.350000e+001  9.895639e-001  0.000000e+000
 5.375000e+001  9.900479e-001  0.000000e+000
 5.400000e+001  9.829505e-001  0.000000e+000
 5.425000e+001  9.874653e-001  0.000000e+000
 5.450000e+001  9.906823e-001  0.000000e+000
 5.475000e+001  9.933470e-001  0.000000e+000
 5.500000e+001  9.840489e-001  0.000000e+000
 5.525000e+001  9.917724e-001  0.000000e+000
 5.550000e+001  9.948300e-001  0.000000e+000
 5.575000e+001  9.893983e-001  0.000000e+000
 5.600000e+001  9.890296e-001  0.000000e+000
 5.625000e+001  9.886472e-001  0.000000e+000
 5.650000e+001  9.923326e-001  0.000000e+000
 5.675000e+001  9.888128e-001  0.000000e+000
 5.700000e+001  9.886804e-001  0.000000e+000
 5.725000e+001  9.863185e-001  0.000000e+000
 5.750000e+001  9.849641e-001  0.000000e+000
 5.775000e+001  9.849742e-001  0.000000e+000
 5.800000e+001  9.934282e-001  0.000000e+000
 5.825000e+001  9.909074e-001  0.000000e+000
 5.850000e+001  9.882553e-001  0.000000e+000
 5.875000e+001  9.886045e-001  0.000000e+000
 5.900000e+001  9.895701e-001  0.000000e+000
 5.925000e+001  9.885255e-001  0.000000e+000
 5.950000e+001  9.906720e-001  0.000000e+000
 5.975000e+001  9.866925e-001  0.000000e+000
 6.000000e+001  9.937766e-001  0.000000e+000
 6.025000e+001  9.932246e-001  0.000000e+000
 6.050000e+001  9.922956e-001  0.000000e+000
 6.075000e+001  9.886036e-001  0.000000e+000
 6.100000e+001  9.941708e-001  0.000000e+000
 6.125000e+001  9.915785e-001  0.000000e+000
 6.150000e+001  9.875016e-001  0.000000e+000
 6.175000e+001  9.915512e-001  0.000000e+000
 6.200000e+001  9.909801e-001  0.000000e+000
 6.225000e+001  9.866375e-001  0.000000e+000
 6.250000e+001  9.913684e-001  0.000000e+000
 6.275000e+001  9.925580e-001  0.000000e+000
 6.300000e+001  9.946055e-001  0.000000e+000
 6.325000e+001  9.942266e-001  0.000000e+000
 6.350000e+001  9.937406e-001  0.000000e+000
 6.375000e+001  9.939713e-001  0.000000e+000
 6.400000e+001  9.917830e-001  0.000000e+000
 6.425000e+001  9.899060e-001  0.000000e+000
 6.450000e+001  9.923962e-001  0.000000e+000
 6.475000e+001  9.914089e-001  0.000000e+000
 6.500000e+001  9.967818e-001  0.000000e+000
 6.525000e+001  9.961048e-001  0.000000e+000
 6.550000e+001  9.921293e-001  0.000000e+000
 6.575000e+001  9.934578e-001  0.000000e+000
 6.600000e+001  9.960047e-001  0.000000e+000
 6.625000e+001  9.970972e-001  0.000000e+000
 6.650000e+001  9.958617e-001  0.000000e+000
 6.675000e+001  9.940848e-001  0.000000e+000
 6.700000e+001  9.929353e-001  0.000000e+000
 6.725000e+001  9.936966e-001  0.000000e+000
 6.750000e+001  9.946213e-001  0.000000e+000
 6.775000e+001  9.943506e-001  0.000000e+000
 6.800000e+001  9.950551e-001  0.000000e+000
 6.825000e+001  9.964610e-001  0.000000e+000
 6.850000e+001  9.945621e-001  0.000000e+000
 6.875000e+001  9.973204e-001  0.000000e+000
 6.900000e+001  9.965671e-001  0.000000e+000
 6.925000e+001  9.980627e-001  0.000000e+000
 6.950000e+001  9.956065e-001  0.000000e+000
 6.975000e+001  9.966530e-001  0.000000e+000
 7.000000e+001  9.943738e-001  0.000000e+000
 7.025000e+001  9.975915e-001  0.000000e+000
 7.050000e+001  9.965050e-001  0.000000e+000
 7.075000e+001  9.964917e-001  0.000000e+000
 7.100000e+001  9.973813e-001  0.000000e+000
 7.125000e+001  9.968956e-001  0.000000e+000
 7.150000e+001  9.970999e-001  0.000000e+000
 7.175000e+001  9.947273e-001  0.000000e+000
 7.200000e+001  9.966850e-001  0.000000e+000
 7.225000e+001  9.952952e-001  0.000000e+000
 7.250000e+001  9.964705e-001  0.000000e+000
 7.275000e+001  9.955871e-001  0.000000e+000
 7.300000e+001  9.962164e-001  0.000000e+000
 7.325000e+001  9.888045e-001  0.000000e+000
 7.350000e+001  9.880231e-001  0.000000e+000
 7.375000e+001  9.895161e-001  0.000000e+000
 7.400000e+001  9.840295e-001  0.000000e+000
 7.425000e+001  9.807985e-001  0.000000e+000
 7.450000e+001  9.721335e-001  0.000000e+000
 7.475000e+001  9.639422e-001  0.000000e+000
 7.500000e+001  9.752464e-001  0.000000e+000
 7.525000e+001  9.819137e-001  0.000000e+000
 7.550000e+001  9.936790e-001  0.000000e+000
 7.575000e+001  9.903475e-001  0.000000e+000
 7.600000e+001  9.935015e-001  0.000000e+000
 7.625000e+001  9.932637e-001  0.000000e+000
 7.650000e+001  9.975097e-001  0.000000e+000
 7.675000e+001  9.952344e-001  0.000000e+000
 7.700000e+001  9.956990e-001  0.000000e+000
 7.725000e+001  9.925833e-001  0.000000e+000
 7.750000e+001  9.966300e-001  0.000000e+000
 7.775000e+001  9.929212e-001  0.000000e+000
 7.800000e+001  9.959009e-001  0.000000e+000
 7.825000e+001  9.828449e-001  0.000000e+000
 7.850000e+001  9.955552e-001  0.000000e+000
 7.875000e+001  9.964468e-001  0.000000e+000
 7.900000e+001  9.923737e-001  0.000000e+000
 7.925000e+001  9.922582e-001  0.000000e+000
 7.950000e+001  9.922918e-001  0.000000e+000
 7.975000e+001  9.950602e-001  0.000000e+000
 8.000000e+001  9.884631e-001  0.000000e+000
 8.025000e+001  9.903862e-001  0.000000e+000
 8.050000e+001  9.879904e-001  0.000000e+000
 8.075000e+001  9.891666e-001  0.000000e+000
 8.100000e+001  9.890411e-001  0.000000e+000
 8.125000e+001  9.928553e-001  0.000000e+000
 8.150000e+001  9.903906e-001  0.000000e+000
 8.175000e+001  9.811855e-001  0.000000e+000
 8.200000e+001  9.848958e-001  0.000000e+000
 8.225000e+001  9.835351e-001  0.000000e+000
 8.250000e+001  9.721283e-001  0.000000e+000
 8.275000e+001  9.822036e-001  0.000000e+000
 8.300000e+001  9.872148e-001  0.000000e+000
 8.325000e+001  9.813905e-001  0.000000e+000
 8.350000e+001  9.851974e-001  0.000000e+000
 8.375000e+001  9.731929e-001  0.000000e+000
 8.400000e+001  9.827063e-001  0.000000e+000
 8.425000e+001  9.838939e-001  0.000000e+000
 8.450000e+001  9.756128e-001  0.000000e+000
 8.475000e+001  9.693868e-001  0.000000e+000
 8.500000e+001  9.556933e-001  0.000000e+000
 8.525000e+001  9.668210e-001  0.000000e+000
 8.550000e+001  9.721587e-001  0.000000e+000
 8.575000e+001  9.665769e-001  0.000000e+000
 8.600000e+001  9.710329e-001  0.000000e+000
 8.625000e+001  9.469630e-001  0.000000e+000
 8.650000e+001  9.701737e-001  0.000000e+000
 8.675000e+001  9.569346e-001  0.000000e+000
 8.700000e+001  9.862047e-001  0.000000e+000
 8.725000e+001  9.291165e-001  0.000000e+000
 8.750000e+001  9.303322e-001  0.000000e+000
 8.775000e+001  9.433264e-001  0.000000e+000
 8.800000e+001  9.430077e-001  0.000000e+000
 8.825000e+001  9.213482e-001  0.000000e+000
 8.850000e+001  9.333115e-001  0.000000e+000
 8.875000e+001  9.061041e-001  0.000000e+000
 8.900000e+001  8.885830e-001  0.000000e+000
 8.925000e+001  9.315273e-001  0.000000e+000
 8.950000e+001  8.545299e-001  0.000000e+000
 8.975000e+001  8.431867e-001  0.000000e+000
 9.000000e+001  8.910760e-001  0.000000e+000
 9.025000e+001  8.534634e-001  0.000000e+000
 9.050000e+001  7.476642e-001  0.000000e+000
 9.075000e+001  8.985405e-001  0.000000e+000
 9.100000e+001  8.666378e-001  0.000000e+000
 9.125000e+001  9.514770e-001  0.000000e+000
 9.150000e+001  9.567464e-001  0.000000e+000
 9.175000e+001  9.771034e-001  0.000000e+000
 9.200000e+001  9.783419e-001  0.000000e+000
 9.225000e+001  9.730599e-001  0.000000e+000
 9.250000e+001  9.768941e-001  0.000000e+000
 9.275000e+001  9.767962e-001  0.000000e+000
 9.300000e+001  9.781873e-001  0.000000e+000
 9.325000e+001  9.880778e-001  0.000000e+000
 9.350000e+001  9.928777e-001  0.000000e+000
 9.375000e+001  9.835262e-001  0.000000e+000
 9.400000e+001  9.887416e-001  0.000000e+000
 9.425000e+001  9.931759e-001  0.000000e+000
 9.450000e+001  9.891658e-001  0.000000e+000
 9.475000e+001  9.773616e-001  0.000000e+000
 9.500000e+001  9.828094e-001  0.000000e+000
 9.525000e+001  9.714603e-001  0.000000e+000
 9.550000e+001  9.808415e-001  0.000000e+000
 9.575000e+001  9.754562e-001  0.000000e+000
 9.600000e+001  9.706483e-001  0.000000e+000
 9.625000e+001  9.723620e-001  0.000000e+000
 9.650000e+001  9.592994e-001  0.000000e+000
 9.675000e+001  9.868426e-001  0.000000e+000
 9.700000e+001  9.721423e-001  0.000000e+000
 9.725000e+001  9.674907e-001  0.000000e+000
 9.750000e+001  9.564487e-001  0.000000e+000
 9.775000e+001  9.719751e-001  0.000000e+000
 9.800000e+001  9.779038e-001  0.000000e+000
 9.825000e+001  9.602202e-001  0.000000e+000
 9.850000e+001  9.518101e-001  0.000000e+000
 9.875000e+001  9.734595e-001  0.000000e+000
 9.900000e+001  9.769536e-001  0.000000e+000
 9.925000e+001  9.568714e-001  0.000000e+000
 9.950000e+001  9.589076e-001  0.000000e+000
 9.975000e+001  9.633213e-001  0.000000e+000
 1.000000e+002  9.573554e-001  0.000000e+000
 1.002500e+002  9.299806e-001  0.000000e+000
 1.005000e+002  9.422858e-001  0.000000e+000
 1.007500e+002  9.150028e-001  0.000000e+000
 1.010000e+002  9.684804e-001  0.000000e+000
 1.012500e+002  9.293523e-001  0.000000e+000
 1.015000e+002  9.538366e-001  0.000000e+000
 1.017500e+002  9.250424e-001  0.000000e+000
 1.020000e+002  9.535850e-001  0.000000e+000
 1.022500e+002  9.345275e-001  0.000000e+000
 1.025000e+002  9.337405e-001  0.000000e+000
 1.027500e+002  9.207813e-001  0.000000e+000
 1.030000e+002  9.422326e-001  0.000000e+000
 1.032500e+002  9.014088e-001  0.000000e+000
 1.035000e+002  9.373341e-001  0.000000e+000
 1.037500e+002  9.553383e-001  0.000000e+000
 1.040000e+002  9.025823e-001  0.000000e+000
 1.042500e+002  9.370022e-001  0.000000e+000
 1.045000e+002  9.172504e-001  0.000000e+000
 1.047500e+002  8.914925e-001  0.000000e+000
 1.050000e+002  9.072929e-001  0.000000e+000
 1.052500e+002  9.336146e-001  0.000000e+000
 1.055000e+002  9.123228e-001  0.000000e+000
 1.057500e+002  8.480339e-001  0.000000e+000
 1.060000e+002  9.097655e-001  0.000000e+000
 1.062500e+002  9.455368e-001  0.000000e+000
 1.065000e+002  8.757726e-001  0.000000e+000
 1.067500e+002  9.094405e-001  0.000000e+000
 1.070000e+002  9.417511e-001  0.000000e+000
 1.072500e+002  8.658774e-001  0.000000e+000
 1.075000e+002  8.649321e-001  0.000000e+000
 1.077500e+002  9.088120e-001  0.000000e+000
 1.080000e+002  8.828327e-001  0.000000e+000
 1.082500e+002  8.788604e-001  0.000000e+000
 1.085000e+002  8.577448e-001  0.000000e+000
 1.087500e+002  8.460055e-001  0.000000e+000
 1.090000e+002  8.747148e-001  0.000000e+000
 1.092500e+002  9.147310e-001  0.000000e+000
 1.095000e+002  8.921918e-001  0.000000e+000
 1.097500e+002  8.508214e-001  0.000000e+000
 1.100000e+002  9.259396e-001  0.000000e+000
 1.102500e+002  8.459694e-001  0.000000e+000
 1.105000e+002  8.804085e-001  0.000000e+000
 1.107500e+002  9.112540e-001  0.000000e+000
 1.110000e+002  9.079080e-001  0.000000e+000
 1.112500e+002  9.116582e-001  0.000000e+000
 1.115000e+002  8.759212e-001  0.000000e+000
 1.117500e+002  9.361345e-001  0.000000e+000
 1.120000e+002  8.977026e-001  0.000000e+000
 1.122500e+002  8.497741e-001  0.000000e+000
 1.125000e+002  9.018797e-001  0.000000e+000
 1.127500e+002  9.056960e-001  0.000000e+000
 1.130000e+002  9.172238e-001  0.000000e+000
 1.132500e+002  8.839750e-001  0.000000e+000
 1.135000e+002  8.700212e-001  0.000000e+000
 1.137500e+002  8.436503e-001  0.000000e+000
 1.140000e+002  8.438990e-001  0.000000e+000
 1.142500e+002  9.044944e-001  0.000000e+000
 1.145000e+002  8.768597e-001  0.000000e+000
 1.147500e+002  7.915450e-001  0.000000e+000
 1.150000e+002  8.714111e-001  0.000000e+000
 1.152500e+002  8.186313e-001  0.000000e+000
 1.155000e+002  8.721297e-001  0.000000e+000
 1.157500e+002  8.777409e-001  0.000000e+000
 1.160000e+002  7.940122e-001  0.000000e+000
 1.162500e+002  9.269297e-001  0.000000e+000
 1.165000e+002  8.668094e-001  0.000000e+000
 1.167500e+002  7.901312e-001  0.000000e+000
 1.170000e+002  7.331750e-001  0.000000e+000
 1.172500e+002  8.774316e-001  0.000000e+000
 1.175000e+002  7.476608e-001  0.000000e+000
 1.177500e+002  7.729549e-001  0.000000e+000
 1.180000e+002  8.511803e-001  0.000000e+000
 1.182500e+002  8.852404e-001  0.000000e+000
 1.185000e+002  7.359514e-001  0.000000e+000
 1.187500e+002  8.028354e-001  0.000000e+000
 1.190000e+002  7.635446e-001  0.000000e+000
 1.192500e+002  8.306442e-001  0.000000e+000
 1.195000e+002  7.757849e-001  0.000000e+000
 1.197500e+002  8.538659e-001  0.000000e+000
 1.200000e+002  8.115114e-001  0.000000e+000
 1.202500e+002  8.445048e-001  0.000000e+000
 1.205000e+002  7.630681e-001  0.000000e+000
 1.207500e+002  6.621214e-001  0.000000e+000
 1.210000e+002  7.595556e-001  0.000000e+000
 1.212500e+002  8.366334e-001  0.000000e+000
 1.215000e+002  7.267112e-001  0.000000e+000
 1.217500e+002  7.508622e-001  0.000000e+000
 1.220000e+002  8.594044e-001  0.000000e+000
 1.222500e+002  7.021026e-001  0.000000e+000
 1.225000e+002  7.365302e-001  0.000000e+000
 1.227500e+002  7.429115e-001  0.000000e+000
 1.230000e+002  7.051432e-001  0.000000e+000
 1.232500e+002  5.838714e-001  0.000000e+000
 1.235000e+002  8.468486e-001  0.000000e+000
 1.237500e+002  7.186263e-001  0.000000e+000
 1.240000e+002  7.172792e-001  0.000000e+000
 1.242500e+002  6.858552e-001  0.000000e+000
 1.245000e+002  6.361062e-001  0.000000e+000
 1.247500e+002  7.560230e-001  0.000000e+000
 1.250000e+002  7.501045e-001  0.000000e+000
 1.252500e+002  7.429290e-001  0.000000e+000
 1.255000e+002  7.575018e-001  0.000000e+000
 1.257500e+002  5.955736e-001  0.000000e+000
 1.260000e+002  7.093738e-001  0.000000e+000
 1.262500e+002  7.824804e-001  0.000000e+000
 1.265000e+002  6.635354e-001  0.000000e+000
 1.267500e+002  5.606065e-001  0.000000e+000
 1.270000e+002  6.447647e-001  0.000000e+000
 1.272500e+002  7.648315e-001  0.000000e+000
 1.275000e+002  7.885805e-001  0.000000e+000
 1.277500e+002  5.493573e-001  0.000000e+000
 1.280000e+002  5.057607e-001  0.000000e+000
 1.282500e+002  7.984737e-001  0.000000e+000
 1.285000e+002  7.738927e-001  0.000000e+000
 1.287500e+002  6.659321e-001  0.000000e+000
 1.290000e+002  6.734036e-001  0.000000e+000
 1.292500e+002  5.998616e-001  0.000000e+000
 1.295000e+002  5.766032e-001  0.000000e+000
 1.297500e+002  7.476847e-001  0.000000e+000
 1.300000e+002  6.599607e-001  0.000000e+000
 1.302500e+002  5.381443e-001  0.000000e+000
 1.305000e+002  5.373256e-001  0.000000e+000
 1.307500e+002  5.411972e-001  0.000000e+000
 1.310000e+002  6.612909e-001  0.000000e+000
 1.312500e+002  5.208427e-001  0.000000e+000
 1.315000e+002  5.064332e-001  0.000000e+000
 1.317500e+002  7.394115e-001  0.000000e+000
 1.320000e+002  6.492423e-001  0.000000e+000
 1.322500e+002  6.438832e-001  0.000000e+000
 1.325000e+002  6.773126e-001  0.000000e+000
 1.327500e+002  6.410180e-001  0.000000e+000
 1.330000e+002  6.462693e-001  0.000000e+000
 1.332500e+002  5.581248e-001  0.000000e+000
 1.335000e+002  5.106428e-001  0.000000e+000
 1.337500e+002  5.095433e-001  0.000000e+000
 1.340000e+002  6.439963e-001  0.000000e+000
 1.342500e+002  5.804587e-001  0.000000e+000
 1.345000e+002  6.824114e-001  0.000000e+000
 1.347500e+002  6.829092e-001  0.000000e+000
 1.350000e+002  5.516451e-001  0.000000e+000
 1.352500e+002  2.772467e-001  0.000000e+000
 1.355000e+002  5.693324e-001  0.000000e+000
 1.357500e+002  4.616111e-001  0.000000e+000
 1.360000e+002  4.613864e-001  0.000000e+000
 1.362500e+002  6.072831e-001  0.000000e+000
 1.365000e+002  4.738396e-001  0.000000e+000
 1.367500e+002  5.828504e-001  0.000000e+000
 1.370000e+002  5.573964e-001  0.000000e+000
 1.372500e+002  3.935795e-001  0.000000e+000
 1.375000e+002  3.865509e-001  0.000000e+000
 1.377500e+002  5.358737e-001  0.000000e+000
 1.380000e+002  5.048679e-001  0.000000e+000
 1.382500e+002  5.925813e-001  0.000000e+000
 1.385000e+002  3.127320e-001  0.000000e+000
 1.387500e+002  5.319195e-001  0.000000e+000
 1.390000e+002  5.061204e-001  0.000000e+000
 1.392500e+002  4.964308e-001  0.000000e+000
 1.395000e+002  6.304733e-001  0.000000e+000
 1.397500e+002  3.967006e-001  0.000000e+000
 1.400000e+002  4.840994e-001  0.000000e+000
 1.402500e+002  3.839309e-001  0.000000e+000
 1.405000e+002  4.320430e-001  0.000000e+000
 1.407500e+002  3.998215e-001  0.000000e+000
 1.410000e+002  4.884093e-001  0.000000e+000
 1.412500e+002  6.332989e-001  0.000000e+000
 1.415000e+002  6.462309e-001  0.000000e+000
 1.417500e+002  3.621917e-001  0.000000e+000
 1.420000e+002  1.230994e-001  0.000000e+000
 1.422500e+002  4.287055e-001  0.000000e+000
 1.425000e+002  3.872125e-001  0.000000e+000
 1.427500e+002  3.119274e-001  0.000000e+000
 1.430000e+002  3.795553e-001  0.000000e+000
 1.432500e+002  4.239314e-001  0.000000e+000
 1.435000e+002  1.207907e-001  0.000000e+000
 1.437500e+002  4.749855e-001  0.000000e+000
 1.440000e+002  2.525089e-001  0.000000e+000
 1.442500e+002  2.056119e-001  0.000000e+000
 1.445000e+002  4.780434e-001  0.000000e+000
 1.447500e+002  2.016280e-001  0.000000e+000
 1.450000e+002  1.483389e-001  0.000000e+000
 1.452500e+002  1.755152e-001  0.000000e+000
 1.455000e+002  2.617242e-001  0.000000e+000
 1.457500e+002  2.175491e-001  0.000000e+000
 1.460000e+002  6.673262e-001  0.000000e+000
 1.462500e+002  8.797337e-002  0.000000e+000
 1.465000e+002  1.483221e-001  0.000000e+000
 1.467500e+002  2.443367e-001  0.000000e+000
 1.470000e+002  6.278908e-002  0.000000e+000
 1.472500e+002  1.158354e-001  0.000000e+000
 1.475000e+002  3.329280e-001  0.000000e+000
 1.477500e+002  2.937266e-001  0.000000e+000
 1.480000e+002  2.680660e-001  0.000000e+000
 1.482500e+002  2.959307e-001  0.000000e+000
 1.485000e+002  1.689137e-001  0.000000e+000
 1.487500e+002  8.171307e-002  0.000000e+000
 1.490000e+002  2.671827e-001  0.000000e+000
 1.492500e+002  2.438304e-001  0.000000e+000
 1.495000e+002  4.183734e-001  0.000000e+000
 1.497500e+002  6.726352e-002  0.000000e+000
 1.500000e+002  1.954236e-001  0.000000e+000
 1.502500e+002  1.107791e-001  0.000000e+000
 1.505000e+002  1.569265e-001  0.000000e+000
 1.507500e+002  6.666131e-002  0.000000e+000
 1.510000e+002  1.267116e-001  0.000000e+000
 1.512500e+002  2.782039e-001  0.000000e+000
 1.515000e+002  5.981528e-002  0.000000e+000
 1.517500e+002  4.592510e-002  0.000000e+000
 1.520000e+002  1.569584e-001  0.000000e+000
 1.522500e+002  2.211470e-001  0.000000e+000
 1.525000e+002  1.299454e-001  0.000000e+000
 1.527500e+002  1.357517e-001  0.000000e+000
 1.530000e+002  4.470210e-002  0.000000e+000
 1.532500e+002  4.056514e-002  0.000000e+000
 1.535000e+002  1.019969e-001  0.000000e+000
 1.537500e+002  1.623252e-001  0.000000e+000
 1.540000e+002  1.124183e-001  0.000000e+000
 1.542500e+002  2.904023e-001  0.000000e+000
 1.545000e+002  9.003192e-003  0.000000e+000
 1.547500e+002  6.654609e-002  0.000000e+000
 1.550000e+002  3.225432e-002  0.000000e+000
 1.552500e+002  1.868489e-001  0.000000e+000
 1.555000e+002  2.246140e-001  0.000000e+000
 1.557500e+002  5.461653e-002  0.000000e+000
 1.560000e+002  1.701484e-001  0.000000e+000
 1.562500e+002  3.186903e-002  0.000000e+000
 1.565000e+002  6.094875e-002  0.000000e+000
 1.567500e+002  1.088321e-001  0.000000e+000
 1.570000e+002  8.691312e-002  0.000000e+000
 1.572500e+002  2.168798e-002  0.000000e+000
 1.575000e+002  1.411595e-001  0.000000e+000
 1.577500e+002  9.600855e-002  0.000000e+000
 1.580000e+002  1.914587e-002  0.000000e+000
 1.582500e+002  1.870861e-001  0.000000e+000
 1.585000e+002  2.549993e-002  0.000000e+000
 1.587500e+002  2.953581e-001  0.000000e+000
 1.590000e+002  1.306992e-001  0.000000e+000
 1.592500e+002  4.145421e-002  0.000000e+000
 1.595000e+002  2.627747e-002  0.000000e+000
 1.597500e+002  9.359392e-002  0.000000e+000
 1.600000e+002  8.457512e-002  0.000000e+000
 1.602500e+002  4.203523e-002  0.000000e+000
 1.605000e+002  1.578938e-001  0.000000e+000
 1.607500e+002  5.010114e-002  0.000000e+000
 1.610000e+002  8.668257e-002  0.000000e+000
 1.612500e+002  7.066614e-002  0.000000e+000
 1.615000e+002  1.556969e-002  0.000000e+000
 1.617500e+002  1.432918e-001  0.000000e+000
 1.620000e+002  7.418041e-002  0.000000e+000
 1.622500e+002  5.913402e-002  0.000000e+000
 1.625000e+002  1.684998e-002  0.000000e+000
 1.627500e+002  1.042352e-001  0.000000e+000
 1.630000e+002  1.662023e-001  0.000000e+000
 1.632500e+002  5.860044e-003  0.000000e+000
 1.635000e+002  3.061715e-001  0.000000e+000
 1.637500e+002  1.960729e-003  0.000000e+000
 1.640000e+002  1.646380e-001  0.000000e+000
 1.642500e+002  4.782822e-002  0.000000e+000
 1.645000e+002  1.078726e-001  0.000000e+000
 1.647500e+002  2.058015e-001  0.000000e+000
 1.650000e+002  1.842339e-001  0.000000e+000
 1.652500e+002  3.212389e-002  0.000000e+000
 1.655000e+002  1.707688e-001  0.000000e+000
 1.657500e+002  1.107366e-001  0.000000e+000
 1.660000e+002  7.662001e-002  0.000000e+000
 1.662500e+002  2.439263e-001  0.000000e+000
 1.665000e+002  2.781562e-002  0.000000e+000
 1.667500e+002  1.892252e-001  0.000000e+000
 1.670000e+002  2.830432e-002  0.000000e+000
 1.672500e+002  2.093432e-001  0.000000e+000
 1.675000e+002  5.388142e-002  0.000000e+000
 1.677500e+002  3.673176e-001  0.000000e+000
 1.680000e+002  4.105045e-001  0.000000e+000
 1.682500e+002  2.226416e-001  0.000000e+000
 1.685000e+002  3.393331e-001  0.000000e+000
 1.687500e+002  7.035652e-002  0.000000e+000
 1.690000e+002  2.747055e-002  0.000000e+000
 1.692500e+002  1.809214e-001  0.000000e+000
 1.695000e+002  3.164835e-001  0.000000e+000
 1.697500e+002  3.584830e-001  0.000000e+000
 1.700000e+002  6.581180e-002  0.000000e+000
 1.702500e+002  7.568683e-002  0.000000e+000
 1.705000e+002  1.506678e-001  0.000000e+000
 1.707500e+002  2.384075e-002  0.000000e+000
 1.710000e+002  1.094113e-001  0.000000e+000
 1.712500e+002  6.557030e-002  0.000000e+000
 1.715000e+002  3.921682e-001  0.000000e+000
 1.717500e+002  1.110482e-001  0.000000e+000
 1.720000e+002  1.314584e-001  0.000000e+000
 1.722500e+002  2.857315e-001  0.000000e+000
 1.725000e+002  3.368902e-001  0.000000e+000
 1.727500e+002  1.617064e-001  0.000000e+000
 1.730000e+002  1.349523e-001  0.000000e+000
 1.732500e+002  1.399040e-001  0.000000e+000
 1.735000e+002  1.053314e-001  0.000000e+000
 1.737500e+002  3.137074e-001  0.000000e+000
 1.740000e+002  1.872038e-001  0.000000e+000
 1.742500e+002  6.723765e-002  0.000000e+000
 1.745000e+002  8.675665e-002  0.000000e+000
 1.747500e+002  8.811617e-002  0.000000e+000
 1.750000e+002  2.851054e-001  0.000000e+000
 1.752500e+002  3.088008e-001  0.000000e+000
 1.755000e+002  4.363494e-002  0.000000e+000
 1.757500e+002  1.337540e-001  0.000000e+000
 1.760000e+002  2.461076e-001  0.000000e+000
 1.762500e+002  2.922610e-001  0.000000e+000
 1.765000e+002  2.196281e-001  0.000000e+000
 1.767500e+002  2.535018e-001  0.000000e+000
 1.770000e+002  3.197711e-001  0.000000e+000
 1.772500e+002  1.339867e-001  0.000000e+000
 1.775000e+002  1.401210e-001  0.000000e+000
 1.777500e+002  2.334258e-001  0.000000e+000
 1.780000e+002  3.426110e-001  0.000000e+000
 1.782500e+002  1.102629e-001  0.000000e+000
 1.785000e+002  2.453629e-001  0.000000e+000
 1.787500e+002  4.050404e-001  0.000000e+000
 1.790000e+002  8.264829e-002  0.000000e+000
 1.792500e+002  3.222997e-001  0.000000e+000
 1.795000e+002  4.775546e-001  0.000000e+000
 1.797500e+002  2.971487e-001  0.000000e+000
 1.800000e+002  4.067024e-001  0.000000e+000
 1.802500e+002  2.877474e-001  0.000000e+000
 1.805000e+002  3.529384e-001  0.000000e+000
 1.807500e+002  4.103672e-001  0.000000e+000
 1.810000e+002  2.124708e-001  0.000000e+000
 1.812500e+002  3.035809e-001  0.000000e+000
 1.815000e+002  3.934641e-002  0.000000e+000
 1.817500e+002  3.311401e-001  0.000000e+000
 1.820000e+002  4.202878e-001  0.000000e+000
 1.822500e+002  2.574486e-001  0.000000e+000
 1.825000e+002  4.199523e-001  0.000000e+000
 1.827500e+002  3.542070e-001  0.000000e+000
 1.830000e+002  5.575764e-001  0.000000e+000
 1.832500e+002  2.769060e-001  0.000000e+000
 1.835000e+002  2.123235e-001  0.000000e+000
 1.837500e+002  2.362579e-001  0.000000e+000
 1.840000e+002  2.564078e-001  0.000000e+000
 1.842500e+002  5.814902e-002  0.000000e+000
 1.845000e+002  4.860456e-001  0.000000e+000
 1.847500e+002  2.264174e-001  0.000000e+000
 1.850000e+002  4.704139e-002  0.000000e+000
 1.852500e+002  3.814063e-001  0.000000e+000
 1.855000e+002  1.826776e-001  0.000000e+000
 1.857500e+002  2.567736e-001  0.000000e+000
 1.860000e+002  3.353361e-001  0.000000e+000
 1.862500e+002  5.167659e-001  0.000000e+000
 1.865000e+002  2.154491e-001  0.000000e+000
 1.867500e+002  2.699635e-001  0.000000e+000
 1.870000e+002  3.795588e-001  0.000000e+000
 1.872500e+002  4.309264e-001  0.000000e+000
 1.875000e+002  3.310376e-001  0.000000e+000
 1.877500e+002  3.184132e-001  0.000000e+000
 1.880000e+002  5.812313e-001  0.000000e+000
 1.882500e+002  3.546450e-001  0.000000e+000
 1.885000e+002  2.548808e-001  0.000000e+000
 1.887500e+002  1.241019e-001  0.000000e+000
 1.890000e+002  3.328924e-001  0.000000e+000
 1.892500e+002  4.237550e-001  0.000000e+000
 1.895000e+002  5.293707e-001  0.000000e+000
 1.897500e+002  2.886447e-001  0.000000e+000
 1.900000e+002  1.658764e-001  0.000000e+000
 1.902500e+002  2.306528e-001  0.000000e+000
 1.905000e+002  3.495848e-001  0.000000e+000
 1.907500e+002  4.990405e-001  0.000000e+000
 1.910000e+002  4.183052e-001  0.000000e+000
 1.912500e+002  2.980847e-001  0.000000e+000
 1.915000e+002  2.901886e-001  0.000000e+000
 1.917500e+002  1.669835e-001  0.000000e+000
 1.920000e+002  2.144338e-001  0.000000e+000
 1.922500e+002  3.531523e-001  0.000000e+000
 1.925000e+002  2.540561e-001  0.000000e+000
 1.927500e+002  3.661640e-001  0.000000e+000
 1.930000e+002  3.086801e-001  0.000000e+000
 1.932500e+002  3.434247e-001  0.000000e+000
 1.935000e+002  5.556428e-001  0.000000e+000
 1.937500e+002  2.300518e-001  0.000000e+000
 1.940000e+002  6.069226e-001  0.000000e+000
 1.942500e+002  4.451267e-001  0.000000e+000
 1.945000e+002  3.528797e-001  0.000000e+000
 1.947500e+002  4.071021e-001  0.000000e+000
 1.950000e+002  4.374160e-001  0.000000e+000
 1.952500e+002  4.367968e-001  0.000000e+000
 1.955000e+002  4.417765e-001  0.000000e+000
 1.957500e+002  4.445335e-001  0.000000e+000
 1.960000e+002  3.777483e-001  0.000000e+000
 1.962500e+002  3.002586e-001  0.000000e+000
 1.965000e+002  2.071782e-001  0.000000e+000
 1.967500e+002  5.736626e-001  0.000000e+000
 1.970000e+002  2.542366e-001  0.000000e+000
 1.972500e+002  2.976755e-001  0.000000e+000
 1.975000e+002  3.056894e-001  0.000000e+000
 1.977500e+002  4.121028e-001  0.000000e+000
 1.980000e+002  3.725903e-001  0.000000e+000
 1.982500e+002  2.558309e-001  0.000000e+000
 1.985000e+002  4.179286e-001  0.000000e+000
 1.987500e+002  2.330676e-001  0.000000e+000
 1.990000e+002  4.324318e-001  0.000000e+000
 1.992500e+002  3.122370e-001  0.000000e+000
 1.995000e+002  5.166390e-001  0.000000e+000
 1.997500e+002  3.874941e-001  0.000000e+000
 2.000000e+002  6.431315e-001  0.000000e+000
 2.002500e+002  3.214319e-001  0.000000e+000
 2.005000e+002  2.662360e-001  0.000000e+000
 2.007500e+002  3.472435e-001  0.000000e+000
 2.010000e+002  4.594048e-001  0.000000e+000
 2.012500e+002  4.071098e-001  0.000000e+000
 2.015000e+002  4.505521e-001  0.000000e+000
 2.017500e+002  3.558136e-001  0.000000e+000
 2.020000e+002  3.629197e-001  0.000000e+000
 2.022500e+002  2.563440e-001  0.000000e+000
 2.025000e+002  4.317913e-001  0.000000e+000
 2.027500e+002  2.963904e-001  0.000000e+000
 2.030000e+002  3.731762e-001  0.000000e+000
 2.032500e+002  2.386418e-001  0.000000e+000
 2.035000e+002  5.030670e-001  0.000000e+000
 2.037500e+002  3.156921e-001  0.000000e+000
 2.040000e+002  4.198006e-001  0.000000e+000
 2.042500e+002  1.685914e-001  0.000000e+000
 2.045000e+002  1.513086e-001  0.000000e+000
 2.047500e+002  4.557041e-001  0.000000e+000
 2.050000e+002  3.684966e-001  0.000000e+000
 2.052500e+002  1.646015e-001  0.000000e+000
 2.055000e+002  4.383804e-001  0.000000e+000
 2.057500e+002  2.813772e-001  0.000000e+000
 2.060000e+002  5.707948e-001  0.000000e+000
 2.062500e+002  3.977866e-001  0.000000e+000
 2.065000e+002  2.322143e-001  0.000000e+000
 2.067500e+002  4.320907e-001  0.000000e+000
 2.070000e+002  6.722529e-001  0.000000e+000
 2.072500e+002  2.625291e-001  0.000000e+000
 2.075000e+002  3.027836e-001  0.000000e+000
 2.077500e+002  2.145134e-001  0.000000e+000
 2.080000e+002  1.899641e-001  0.000000e+000
 2.082500e+002  3.197643e-001  0.000000e+000
 2.085000e+002  2.582686e-001  0.000000e+000
 2.087500e+002  2.175879e-001  0.000000e+000
 2.090000e+002  4.055353e-001  0.000000e+000
 2.092500e+002  3.293747e-001  0.000000e+000
 2.095000e+002  1.205670e-001  0.000000e+000
 2.097500e+002  4.459427e-001  0.000000e+000
 2.100000e+002  5.290973e-001  0.000000e+000
 2.102500e+002  3.637191e-001  0.000000e+000
 2.105000e+002  3.378822e-001  0.000000e+000
 2.107500e+002  5.570400e-001  0.000000e+000
 2.110000e+002  2.227853e-001  0.000000e+000
 2.112500e+002  3.952013e-001  0.000000e+000
 2.115000e+002  2.871511e-001  0.000000e+000
 2.117500e+002  4.375971e-001  0.000000e+000
 2.120000e+002  2.315550e-001  0.000000e+000
 2.122500e+002  2.486562e-001  0.000000e+000
 2.125000e+002  2.116312e-001  0.000000e+000
 2.127500e+002  4.219998e-001  0.000000e+000
 2.130000e+002  1.044425e-001  0.000000e+000
 2.132500e+002  4.655980e-001  0.000000e+000
 2.135000e+002  1.596549e-001  0.000000e+000
 2.137500e+002  3.532088e-001  0.000000e+000
 2.140000e+002  3.388108e-001  0.000000e+000
 2.142500e+002  2.631092e-001  0.000000e+000
 2.145000e+002  4.150271e-001  0.000000e+000
 2.147500e+002  4.592042e-001  0.000000e+000
 2.150000e+002  3.052880e-001  0.000000e+000
 2.152500e+002  3.171484e-001  0.000000e+000
 2.155000e+002  3.641945e-001  0.000000e+000
 2.157500e+002  1.095464e-001  0.000000e+000
 2.160000e+002  2.894949e-001  0.000000e+000
 2.162500e+002  4.271132e-001  0.000000e+000
 2.165000e+002  3.305660e-001  0.000000e+000
 2.167500e+002  3.023487e-001  0.000000e+000
 2.170000e+002  3.808446e-001  0.000000e+000
 2.172500e+002  3.089326e-001  0.000000e+000
 2.175000e+002  2.651323e-001  0.000000e+000
 2.177500e+002  9.953510e-002  0.000000e+000
 2.180000e+002  1.014187e-001  0.000000e+000
 2.182500e+002  1.809574e-001  0.000000e+000
 2.185000e+002  4.252934e-001  0.000000e+000
 2.187500e+002  1.466741e-001  0.000000e+000
 2.190000e+002  2.500792e-001  0.000000e+000
 2.192500e+002  1.940445e-001  0.000000e+000
 2.195000e+002  1.781029e-001  0.000000e+000
 2.197500e+002  2.827361e-001  0.000000e+000
 2.200000e+002  1.914922e-001  0.000000e+000
 2.202500e+002  3.904880e-001  0.000000e+000
 2.205000e+002  2.119575e-001  0.000000e+000
 2.207500e+002  3.366388e-001  0.000000e+000
 2.210000e+002  2.564142e-001  0.000000e+000
 2.212500e+002  3.645283e-001  0.000000e+000
 2.215000e+002  1.762959e-001  0.000000e+000
 2.217500e+002  2.814348e-001  0.000000e+000
 2.220000e+002  1.218621e-001  0.000000e+000
 2.222500e+002  3.734420e-001  0.000000e+000
 2.225000e+002  1.454822e-001  0.000000e+000
 2.227500e+002  1.464678e-001  0.000000e+000
 2.230000e+002  1.130724e-001  0.000000e+000
 2.232500e+002  1.451561e-001  0.000000e+000
 2.235000e+002  1.850361e-001  0.000000e+000
 2.237500e+002  9.566354e-002  0.000000e+000
 2.240000e+002  2.032346e-001  0.000000e+000
 2.242500e+002  3.137297e-001  0.000000e+000
 2.245000e+002  1.731662e-001  0.000000e+000
 2.247500e+002  1.680232e-001  0.000000e+000
 2.250000e+002  1.623279e-001  0.000000e+000
 2.252500e+002  2.434429e-001  0.000000e+000
 2.255000e+002  1.601513e-001  0.000000e+000
 2.257500e+002  2.553205e-001  0.000000e+000
 2.260000e+002  3.253535e-001  0.000000e+000
 2.262500e+002  1.929516e-001  0.000000e+000
 2.265000e+002  1.663948e-001  0.000000e+000
 2.267500e+002  3.397236e-001  0.000000e+000
 2.270000e+002  2.064159e-001  0.000000e+000
 2.272500e+002  2.788286e-001  0.000000e+000
 2.275000e+002  3.020876e-001  0.000000e+000
 2.277500e+002  1.641746e-001  0.000000e+000
 2.280000e+002  1.762550e-001  0.000000e+000
 2.282500e+002  1.026774e-001  0.000000e+000
 2.285000e+002  6.817318e-002  0.000000e+000
 2.287500e+002  2.726337e-002  0.000000e+000
 2.290000e+002  8.626146e-002  0.000000e+000
 2.292500e+002  4.499169e-002  0.000000e+000
 2.295000e+002  2.023525e-001  0.000000e+000
 2.297500e+002  2.010756e-001  0.000000e+000
 2.300000e+002  2.971727e-001  0.000000e+000
 2.302500e+002  3.626877e-001  0.000000e+000
 2.305000e+002  4.556366e-001  0.000000e+000
 2.307500e+002  7.528276e-002  0.000000e+000
 2.310000e+002  9.927271e-002  0.000000e+000
 2.312500e+002  1.269239e-001  0.000000e+000
 2.315000e+002  1.447805e-001  0.000000e+000
 2.317500e+002  6.288427e-002  0.000000e+000
 2.320000e+002  5.534951e-002  0.000000e+000
 2.322500e+002  2.446450e-001  0.000000e+000
 2.325000e+002  1.072760e-001  0.000000e+000
 2.327500e+002  1.091789e-001  0.000000e+000
 2.330000e+002  9.647483e-002  0.000000e+000
 2.332500e+002  1.662365e-001  0.000000e+000
 2.335000e+002  2.407997e-002  0.000000e+000
 2.337500e+002  1.549757e-002  0.000000e+000
 2.340000e+002  9.336061e-002  0.000000e+000
 2.342500e+002  5.294107e-002  0.000000e+000
 2.345000e+002  3.482276e-001  0.000000e+000
 2.347500e+002  2.264525e-001  0.000000e+000
 2.350000e+002  1.483005e-001  0.000000e+000
 2.352500e+002  4.013992e-002  0.000000e+000
 2.355000e+002  1.389649e-001  0.000000e+000
 2.357500e+002  1.931280e-001  0.000000e+000
 2.360000e+002  2.302773e-001  0.000000e+000
 2.362500e+002  2.003225e-001  0.000000e+000
 2.365000e+002  7.754007e-002  0.000000e+000
 2.367500e+002  2.951030e-001  0.000000e+000
 2.370000e+002  7.705156e-002  0.000000e+000
 2.372500e+002  1.275671e-001  0.000000e+000
 2.375000e+002  8.145926e-002  0.000000e+000
 2.377500e+002  8.552215e-002  0.000000e+000
 2.380000e+002  9.625880e-002  0.000000e+000
 2.382500e+002  1.218047e-001  0.000000e+000
 2.385000e+002  1.632436e-001  0.000000e+000
 2.387500e+002  7.750798e-002  0.000000e+000
 2.390000e+002  3.389196e-001  0.000000e+000
 2.392500e+002  7.675549e-002  0.000000e+000
 2.395000e+002  1.285347e-001  0.000000e+000
 2.397500e+002  1.854513e-001  0.000000e+000
 2.400000e+002  2.230857e-002  0.000000e+000
 2.402500e+002  1.128676e-002  0.000000e+000
 2.405000e+002  1.521878e-001  0.000000e+000
 2.407500e+002  6.553140e-002  0.000000e+000
 2.410000e+002  1.349777e-001  0.000000e+000
 2.412500e+002  1.757303e-001  0.000000e+000
 2.415000e+002  6.141394e-002  0.000000e+000
 2.417500e+002  8.860919e-002  0.000000e+000
 2.420000e+002  1.475916e-001  0.000000e+000
 2.422500e+002  1.108534e-001  0.000000e+000
 2.425000e+002  1.699849e-001  0.000000e+000
 2.427500e+002  2.963136e-002  0.000000e+000
 2.430000e+002  4.177659e-002  0.000000e+000
 2.432500e+002  1.091886e-001  0.000000e+000
 2.435000e+002  1.379045e-001  0.000000e+000
 2.437500e+002  6.707539e-002  0.000000e+000
 2.440000e+002  2.331354e-002  0.000000e+000
 2.442500e+002  1.890688e-001  0.000000e+000
 2.445000e+002  5.881825e-002  0.000000e+000
 2.447500e+002  3.845968e-002  0.000000e+000
 2.450000e+002  1.802393e-001  0.000000e+000
 2.452500e+002  2.652699e-001  0.000000e+000
 2.455000e+002  1.677623e-001  0.000000e+000
 2.457500e+002  2.372178e-001  0.000000e+000
 2.460000e+002  9.498975e-002  0.000000e+000
 2.462500e+002  3.465996e-001  0.000000e+000
 2.465000e+002  3.145075e-001  0.000000e+000
 2.467500e+002  2.723086e-001  0.000000e+000
 2.470000e+002  2.983481e-001  0.000000e+000
 2.472500e+002  1.815349e-003  0.000000e+000
 2.475000e+002  2.149095e-001  0.000000e+000
 2.477500e+002  1.225826e-001  0.000000e+000
 2.480000e+002  5.128830e-002  0.000000e+000
 2.482500e+002  1.567321e-002  0.000000e+000
 2.485000e+002  1.108639e-001  0.000000e+000
 2.487500e+002  3.459334e-002  0.000000e+000
 2.490000e+002  5.099152e-002  0.000000e+000
 2.492500e+002  7.998379e-002  0.000000e+000
 2.495000e+002  2.303362e-002  0.000000e+000
 2.497500e+002  2.147635e-002  0.000000e+000
 2.500000e+002  9.970145e-002  0.000000e+000
 2.502500e+002  1.152576e-001  0.000000e+000
 2.505000e+002  7.819683e-002  0.000000e+000
 2.507500e+002  7.173420e-002  0.000000e+000
 2.510000e+002  1.346082e-001  0.000000e+000
 2.512500e+002  8.914193e-002  0.000000e+000
 2.515000e+002  7.101809e-002  0.000000e+000
 2.517500e+002  2.232109e-001  0.000000e+000
 2.520000e+002  1.745557e-001  0.000000e+000
 2.522500e+002  2.428319e-001  0.000000e+000
 2.525000e+002  1.373966e-001  0.000000e+000
 2.527500e+002  1.210210e-001  0.000000e+000
 2.530000e+002  2.945193e-001  0.000000e+000
 2.532500e+002  1.953395e-001  0.000000e+000
 2.535000e+002  2.798553e-001  0.000000e+000
 2.537500e+002  1.945130e-001  0.000000e+000
 2.540000e+002  1.841956e-001  0.000000e+000
 2.542500e+002  2.731480e-001  0.000000e+000
 2.545000e+002  1.585585e-001  0.000000e+000
 2.547500e+002  8.303197e-002  0.000000e+000
 2.550000e+002  2.003167e-001  0.000000e+000
 2.552500e+002  1.053935e-001  0.000000e+000
 2.555000e+002  1.331134e-001  0.000000e+000
 2.557500e+002  1.475395e-001  0.000000e+000
 2.560000e+002  2.073238e-001  0.000000e+000
