 0.000000e+000  9.997799e-001  0.000000e+000
 1.250000e-001  8.846483e-001  0.000000e+000
 2.500000e-001  9.694421e-001  0.000000e+000
 3.750000e-001  9.904295e-001  0.000000e+000
 5.000000e-001  9.912636e-001  0.000000e+000
 6.250000e-001  9.944611e-001  0.000000e+000
 7.500000e-001  9.955267e-001  0.000000e+000
 8.750000e-001  9.969498e-001  0.000000e+000
 1.000000e+000  9.966920e-001  0.000000e+000
 1.125000e+000  9.978278e-001  0.000000e+000
 1.250000e+000  9.972779e-001  0.000000e+000
 1.375000e+000  9.970462e-001  0.000000e+000
 1.500000e+000  9.960304e-001  0.000000e+000
 1.625000e+000  9.974939e-001  0.000000e+000
 1.750000e+000  9.979864e-001  0.000000e+000
 1.875000e+000  9.983529e-001  0.000000e+000
 2.000000e+000  9.982815e-001  0.000000e+000
 2.125000e+000  9.969740e-001  0.000000e+000
 2.250000e+000  9.977123e-001  0.000000e+000
 2.375000e+000  9.977635e-001  0.000000e+000
 2.500000e+000  9.983382e-001  0.000000e+000
 2.625000e+000  9.971931e-001  0.000000e+000
 2.750000e+000  9.976664e-001  0.000000e+000
 2.875000e+000  9.978554e-001  0.000000e+000
 3.000000e+000  9.939376e-001  0.000000e+000
 3.125000e+000  9.114327e-001  0.000000e+000
 3.250000e+000  9.763758e-001  0.000000e+000
 3.375000e+000  9.883003e-001  0.000000e+000
 3.500000e+000  9.876322e-001  0.000000e+000
 3.625000e+000  9.876476e-001  0.000000e+000
 3.750000e+000  9.820087e-001  0.000000e+000
 3.875000e+000  9.680639e-001  0.000000e+000
 4.000000e+000  8.544015e-001  0.000000e+000
 4.125000e+000  4.709623e-001  0.000000e+000
 4.250000e+000  9.065912e-001  0.000000e+000
 4.375000e+000  9.867740e-001  0.000000e+000
 4.500000e+000  9.797099e-001  0.000000e+000
 4.625000e+000  9.918740e-001  0.000000e+000
 4.750000e+000  9.918332e-001  0.000000e+000
 4.875000e+000  9.933046e-001  0.000000e+000
 5.000000e+000  9.950458e-001  0.000000e+000
 5.125000e+000  9.941053e-001  0.000000e+000
 5.250000e+000  9.955922e-001  0.000000e+000
 5.375000e+000  9.962087e-001  0.000000e+000
 5.500000e+000  9.966057e-001  0.000000e+000
 5.625000e+000  9.965702e-001  0.000000e+000
 5.750000e+000  9.959993e-001  0.000000e+000
 5.875000e+000  9.959109e-001  0.000000e+000
 6.000000e+000  9.966784e-001  0.000000e+000
 6.125000e+000  9.963672e-001  0.000000e+000
 6.250000e+000  9.968672e-001  0.000000e+000
 6.375000e+000  9.971133e-001  0.000000e+000
 6.500000e+000  9.972790e-001  0.000000e+000
 6.625000e+000  9.968258e-001  0.000000e+000
 6.750000e+000  9.974252e-001  0.000000e+000
 6.875000e+000  9.980891e-001  0.000000e+000
 7.000000e+000  9.969143e-001  0.000000e+000
 7.125000e+000  9.976981e-001  0.000000e+000
 7.250000e+000  9.974907e-001  0.000000e+000
 7.375000e+000  9.969983e-001  0.000000e+000
 7.500000e+000  9.978164e-001  0.000000e+000
 7.625000e+000  9.973388e-001  0.000000e+000
 7.750000e+000  9.976476e-001  0.000000e+000
 7.875000e+000  9.979700e-001  0.000000e+000
 8.000000e+000  9.974028e-001  0.000000e+000
 8.125000e+000  9.979106e-001  0.000000e+000
 8.250000e+000  9.964335e-001  0.000000e+000
 8.375000e+000  9.982134e-001  0.000000e+000
 8.500000e+000  9.967439e-001  0.000000e+000
 8.625000e+000  9.969637e-001  0.000000e+000
 8.750000e+000  9.973809e-001  0.000000e+000
 8.875000e+000  9.977340e-001  0.000000e+000
 9.000000e+000  9.968412e-001  0.000000e+000
 9.125000e+000  9.970973e-001  0.000000e+000
 9.250000e+000  9.975655e-001  0.000000e+000
 9.375000e+000  9.978135e-001  0.000000e+000
 9.500000e+000  9.977607e-001  0.000000e+000
 9.625000e+000  9.970744e-001  0.000000e+000
 9.750000e+000  9.978461e-001  0.000000e+000
 9.875000e+000  9.976730e-001  0.000000e+000
 1.000000e+001  9.974800e-001  0.000000e+000
 1.012500e+001  9.978507e-001  0.000000e+000
 1.025000e+001  9.979867e-001  0.000000e+000
 1.037500e+001  9.964727e-001  0.000000e+000
 1.050000e+001  9.978648e-001  0.000000e+000
 1.062500e+001  9.979290e-001  0.000000e+000
 1.075000e+001  9.976485e-001  0.000000e+000
 1.087500e+001  9.967304e-001  0.000000e+000
 1.100000e+001  9.972004e-001  0.000000e+000
 1.112500e+001  9.972970e-001  0.000000e+000
 1.125000e+001  9.971821e-001  0.000000e+000
 1.137500e+001  9.974410e-001  0.000000e+000
 1.150000e+001  9.973868e-001  0.000000e+000
 1.162500e+001  9.977057e-001  0.000000e+000
 1.175000e+001  9.968349e-001  0.000000e+000
 1.187500e+001  9.974812e-001  0.000000e+000
 1.200000e+001  9.976519e-001  0.000000e+000
 1.212500e+001  9.972117e-001  0.000000e+000
 1.225000e+001  9.976451e-001  0.000000e+000
 1.237500e+001  9.980604e-001  0.000000e+000
 1.250000e+001  9.974053e-001  0.000000e+000
 1.262500e+001  9.975914e-001  0.000000e+000
 1.275000e+001  9.973540e-001  0.000000e+000
 1.287500e+001  9.980108e-001  0.000000e+000
 1.300000e+001  9.973490e-001  0.000000e+000
 1.312500e+001  9.978122e-001  0.000000e+000
 1.325000e+001  9.970170e-001  0.000000e+000
 1.337500e+001  9.969704e-001  0.000000e+000
 1.350000e+001  9.975219e-001  0.000000e+000
 1.362500e+001  9.976881e-001  0.000000e+000
 1.375000e+001  9.972916e-001  0.000000e+000
 1.387500e+001  9.977570e-001  0.000000e+000
 1.400000e+001  9.975919e-001  0.000000e+000
 1.412500e+001  9.977711e-001  0.000000e+000
 1.425000e+001  9.967570e-001  0.000000e+000
 1.437500e+001  9.973367e-001  0.000000e+000
 1.450000e+001  9.975938e-001  0.000000e+000
 1.462500e+001  9.976553e-001  0.000000e+000
 1.475000e+001  9.976035e-001  0.000000e+000
 1.487500e+001  9.976678e-001  0.000000e+000
 1.500000e+001  9.972372e-001  0.000000e+000
 1.512500e+001  9.978718e-001  0.000000e+000
 1.525000e+001  9.975199e-001  0.000000e+000
 1.537500e+001  9.972547e-001  0.000000e+000
 1.550000e+001  9.977936e-001  0.000000e+000
 1.562500e+001  9.971966e-001  0.000000e+000
 1.575000e+001  9.977224e-001  0.000000e+000
 1.587500e+001  9.972963e-001  0.000000e+000
 1.600000e+001  9.973286e-001  0.000000e+000
 1.612500e+001  9.975819e-001  0.000000e+000
 1.625000e+001  9.973512e-001  0.000000e+000
 1.637500e+001  9.974288e-001  0.000000e+000
 1.650000e+001  9.970732e-001  0.000000e+000
 1.662500e+001  9.973987e-001  0.000000e+000
 1.675000e+001  9.976397e-001  0.000000e+000
 1.687500e+001  9.977981e-001  0.000000e+000
 1.700000e+001  9.980592e-001  0.000000e+000
 1.712500e+001  9.974036e-001  0.000000e+000
 1.725000e+001  9.969620e-001  0.000000e+000
 1.737500e+001  9.972250e-001  0.000000e+000
 1.750000e+001  9.974782e-001  0.000000e+000
 1.762500e+001  9.970520e-001  0.000000e+000
 1.775000e+001  9.972548e-001  0.000000e+000
 1.787500e+001  9.973060e-001  0.000000e+000
 1.800000e+001  9.972166e-001  0.000000e+000
 1.812500e+001  9.970793e-001  0.000000e+000
 1.825000e+001  9.973403e-001  0.000000e+000
 1.837500e+001  9.968538e-001  0.000000e+000
 1.850000e+001  9.969473e-001  0.000000e+000
 1.862500e+001  9.975902e-001  0.000000e+000
 1.875000e+001  9.974100e-001  0.000000e+000
 1.887500e+001  9.970428e-001  0.000000e+000
 1.900000e+001  9.971774e-001  0.000000e+000
 1.912500e+001  9.972245e-001  0.000000e+000
 1.925000e+001  9.971765e-001  0.000000e+000
 1.937500e+001  9.972656e-001  0.000000e+000
 1.950000e+001  9.972682e-001  0.000000e+000
 1.962500e+001  9.974558e-001  0.000000e+000
 1.975000e+001  9.975183e-001  0.000000e+000
 1.987500e+001  9.973159e-001  0.000000e+000
 2.000000e+001  9.972874e-001  0.000000e+000
 2.012500e+001  9.977068e-001  0.000000e+000
 2.025000e+001  9.970695e-001  0.000000e+000
 2.037500e+001  9.973680e-001  0.000000e+000
 2.050000e+001  9.973732e-001  0.000000e+000
 2.062500e+001  9.971898e-001  0.000000e+000
 2.075000e+001  9.971327e-001  0.000000e+000
 2.087500e+001  9.972400e-001  0.000000e+000
 2.100000e+001  9.968550e-001  0.000000e+000
 2.112500e+001  9.972495e-001  0.000000e+000
 2.125000e+001  9.974095e-001  0.000000e+000
 2.137500e+001  9.972087e-001  0.000000e+000
 2.150000e+001  9.972562e-001  0.000000e+000
 2.162500e+001  9.970543e-001  0.000000e+000
 2.175000e+001  9.970359e-001  0.000000e+000
 2.187500e+001  9.974475e-001  0.000000e+000
 2.200000e+001  9.974736e-001  0.000000e+000
 2.212500e+001  9.972327e-001  0.000000e+000
 2.225000e+001  9.971973e-001  0.000000e+000
 2.237500e+001  9.966052e-001  0.000000e+000
 2.250000e+001  9.944504e-001  0.000000e+000
 2.262500e+001  9.867493e-001  0.000000e+000
 2.275000e+001  9.653023e-001  0.000000e+000
 2.287500e+001  9.898818e-001  0.000000e+000
 2.300000e+001  9.942833e-001  0.000000e+000
 2.312500e+001  9.955097e-001  0.000000e+000
 2.325000e+001  9.957199e-001  0.000000e+000
 2.337500e+001  9.956304e-001  0.000000e+000
 2.350000e+001  9.958179e-001  0.000000e+000
 2.362500e+001  9.958575e-001  0.000000e+000
 2.375000e+001  9.958073e-001  0.000000e+000
 2.387500e+001  9.960957e-001  0.000000e+000
 2.400000e+001  9.959491e-001  0.000000e+000
 2.412500e+001  9.963241e-001  0.000000e+000
 2.425000e+001  9.964228e-001  0.000000e+000
 2.437500e+001  9.961398e-001  0.000000e+000
 2.450000e+001  9.956039e-001  0.000000e+000
 2.462500e+001  9.963577e-001  0.000000e+000
 2.475000e+001  9.962330e-001  0.000000e+000
 2.487500e+001  9.957396e-001  0.000000e+000
 2.500000e+001  9.963893e-001  0.000000e+000
 2.512500e+001  9.957875e-001  0.000000e+000
 2.525000e+001  9.960188e-001  0.000000e+000
 2.537500e+001  9.962499e-001  0.000000e+000
 2.550000e+001  9.960874e-001  0.000000e+000
 2.562500e+001  9.957513e-001  0.000000e+000
 2.575000e+001  9.961203e-001  0.000000e+000
 2.587500e+001  9.959263e-001  0.000000e+000
 2.600000e+001  9.960223e-001  0.000000e+000
 2.612500e+001  9.956433e-001  0.000000e+000
 2.625000e+001  9.956312e-001  0.000000e+000
 2.637500e+001  9.960719e-001  0.000000e+000
 2.650000e+001  9.952294e-001  0.000000e+000
 2.662500e+001  9.959385e-001  0.000000e+000
 2.675000e+001  9.958773e-001  0.000000e+000
 2.687500e+001  9.960045e-001  0.000000e+000
 2.700000e+001  9.956243e-001  0.000000e+000
 2.712500e+001  9.955155e-001  0.000000e+000
 2.725000e+001  9.954814e-001  0.000000e+000
 2.737500e+001  9.956882e-001  0.000000e+000
 2.750000e+001  9.961573e-001  0.000000e+000
 2.762500e+001  9.951478e-001  0.000000e+000
 2.775000e+001  9.954477e-001  0.000000e+000
 2.787500e+001  9.953474e-001  0.000000e+000
 2.800000e+001  9.955139e-001  0.000000e+000
 2.812500e+001  9.952112e-001  0.000000e+000
 2.825000e+001  9.958045e-001  0.000000e+000
 2.837500e+001  9.956101e-001  0.000000e+000
 2.850000e+001  9.955478e-001  0.000000e+000
 2.862500e+001  9.948666e-001  0.000000e+000
 2.875000e+001  9.950979e-001  0.000000e+000
 2.887500e+001  9.951993e-001  0.000000e+000
 2.900000e+001  9.944744e-001  0.000000e+000
 2.912500e+001  9.941365e-001  0.000000e+000
 2.925000e+001  9.941479e-001  0.000000e+000
 2.937500e+001  9.951565e-001  0.000000e+000
 2.950000e+001  9.941265e-001  0.000000e+000
 2.962500e+001  9.943193e-001  0.000000e+000
 2.975000e+001  9.947371e-001  0.000000e+000
 2.987500e+001  9.953118e-001  0.000000e+000
 3.000000e+001  9.945432e-001  0.000000e+000
 3.012500e+001  9.941172e-001  0.000000e+000
 3.025000e+001  9.941917e-001  0.000000e+000
 3.037500e+001  9.924515e-001  0.000000e+000
 3.050000e+001  9.941298e-001  0.000000e+000
 3.062500e+001  9.931263e-001  0.000000e+000
 3.075000e+001  9.934288e-001  0.000000e+000
 3.087500e+001  9.937188e-001  0.000000e+000
 3.100000e+001  9.936733e-001  0.000000e+000
 3.112500e+001  9.928780e-001  0.000000e+000
 3.125000e+001  9.916676e-001  0.000000e+000
 3.137500e+001  9.935091e-001  0.000000e+000
 3.150000e+001  9.927394e-001  0.000000e+000
 3.162500e+001  9.924543e-001  0.000000e+000
 3.175000e+001  9.929978e-001  0.000000e+000
 3.187500e+001  9.930601e-001  0.000000e+000
 3.200000e+001  9.925138e-001  0.000000e+000
 3.212500e+001  9.917557e-001  0.000000e+000
 3.225000e+001  9.922235e-001  0.000000e+000
 3.237500e+001  9.943522e-001  0.000000e+000
 3.250000e+001  9.934108e-001  0.000000e+000
 3.262500e+001  9.924984e-001  0.000000e+000
 3.275000e+001  9.912259e-001  0.000000e+000
 3.287500e+001  9.934427e-001  0.000000e+000
 3.300000e+001  9.923454e-001  0.000000e+000
 3.312500e+001  9.899221e-001  0.000000e+000
 3.325000e+001  9.923142e-001  0.000000e+000
 3.337500e+001  9.897172e-001  0.000000e+000
 3.350000e+001  9.890233e-001  0.000000e+000
 3.362500e+001  9.893118e-001  0.000000e+000
 3.375000e+001  9.861926e-001  0.000000e+000
 3.387500e+001  9.921070e-001  0.000000e+000
 3.400000e+001  9.889073e-001  0.000000e+000
 3.412500e+001  9.874513e-001  0.000000e+000
 3.425000e+001  9.905213e-001  0.000000e+000
 3.437500e+001  9.852781e-001  0.000000e+000
 3.450000e+001  9.910666e-001  0.000000e+000
 3.462500e+001  9.871527e-001  0.000000e+000
 3.475000e+001  9.901568e-001  0.000000e+000
 3.487500e+001  9.864559e-001  0.000000e+000
 3.500000e+001  9.832303e-001  0.000000e+000
 3.512500e+001  9.890825e-001  0.000000e+000
 3.525000e+001  9.845464e-001  0.000000e+000
 3.537500e+001  9.873740e-001  0.000000e+000
 3.550000e+001  9.831842e-001  0.000000e+000
 3.562500e+001  9.880152e-001  0.000000e+000
 3.575000e+001  9.835408e-001  0.000000e+000
 3.587500e+001  9.890104e-001  0.000000e+000
 3.600000e+001  9.908659e-001  0.000000e+000
 3.612500e+001  9.868945e-001  0.000000e+000
 3.625000e+001  9.878874e-001  0.000000e+000
 3.637500e+001  9.859869e-001  0.000000e+000
 3.650000e+001  9.847625e-001  0.000000e+000
 3.662500e+001  9.875288e-001  0.000000e+000
 3.675000e+001  9.801204e-001  0.000000e+000
 3.687500e+001  9.804056e-001  0.000000e+000
 3.700000e+001  9.795542e-001  0.000000e+000
 3.712500e+001  9.769009e-001  0.000000e+000
 3.725000e+001  9.799144e-001  0.000000e+000
 3.737500e+001  9.763752e-001  0.000000e+000
 3.750000e+001  9.798162e-001  0.000000e+000
 3.762500e+001  9.686295e-001  0.000000e+000
 3.775000e+001  9.745159e-001  0.000000e+000
 3.787500e+001  9.829339e-001  0.000000e+000
 3.800000e+001  9.719102e-001  0.000000e+000
 3.812500e+001  9.702797e-001  0.000000e+000
 3.825000e+001  9.752954e-001  0.000000e+000
 3.837500e+001  9.705960e-001  0.000000e+000
 3.850000e+001  9.847488e-001  0.000000e+000
 3.862500e+001  9.688450e-001  0.000000e+000
 3.875000e+001  9.771250e-001  0.000000e+000
 3.887500e+001  9.787341e-001  0.000000e+000
 3.900000e+001  9.741130e-001  0.000000e+000
 3.912500e+001  9.745505e-001  0.000000e+000
 3.925000e+001  9.716026e-001  0.000000e+000
 3.937500e+001  9.708064e-001  0.000000e+000
 3.950000e+001  9.703468e-001  0.000000e+000
 3.962500e+001  9.622378e-001  0.000000e+000
 3.975000e+001  9.565673e-001  0.000000e+000
 3.987500e+001  9.724326e-001  0.000000e+000
 4.000000e+001  9.747732e-001  0.000000e+000
 4.012500e+001  9.739804e-001  0.000000e+000
 4.025000e+001  9.689722e-001  0.000000e+000
 4.037500e+001  9.789833e-001  0.000000e+000
 4.050000e+001  9.490445e-001  0.000000e+000
 4.062500e+001  9.532717e-001  0.000000e+000
 4.075000e+001  9.490728e-001  0.000000e+000
 4.087500e+001  9.542510e-001  0.000000e+000
 4.100000e+001  9.402381e-001  0.000000e+000
 4.112500e+001  9.493395e-001  0.000000e+000
 4.125000e+001  9.424719e-001  0.000000e+000
 4.137500e+001  9.668085e-001  0.000000e+000
 4.150000e+001  9.270163e-001  0.000000e+000
 4.162500e+001  9.428375e-001  0.000000e+000
 4.175000e+001  9.550651e-001  0.000000e+000
 4.187500e+001  9.358827e-001  0.000000e+000
 4.200000e+001  9.396174e-001  0.000000e+000
 4.212500e+001  9.264104e-001  0.000000e+000
 4.225000e+001  9.326884e-001  0.000000e+000
 4.237500e+001  8.901416e-001  0.000000e+000
 4.250000e+001  9.223984e-001  0.000000e+000
 4.262500e+001  8.923863e-001  0.000000e+000
 4.275000e+001  9.077430e-001  0.000000e+000
 4.287500e+001  9.210272e-001  0.000000e+000
 4.300000e+001  8.568604e-001  0.000000e+000
 4.312500e+001  9.236023e-001  0.000000e+000
 4.325000e+001  8.902689e-001  0.000000e+000
 4.337500e+001  9.032204e-001  0.000000e+000
 4.350000e+001  8.860098e-001  0.000000e+000
 4.362500e+001  8.261908e-001  0.000000e+000
 4.375000e+001  8.816665e-001  0.000000e+000
 4.387500e+001  8.365006e-001  0.000000e+000
 4.400000e+001  8.640801e-001  0.000000e+000
 4.412500e+001  8.632153e-001  0.000000e+000
 4.425000e+001  8.741578e-001  0.000000e+000
 4.437500e+001  7.654161e-001  0.000000e+000
 4.450000e+001  8.402123e-001  0.000000e+000
 4.462500e+001  8.580922e-001  0.000000e+000
 4.475000e+001  7.526923e-001  0.000000e+000
 4.487500e+001  7.883639e-001  0.000000e+000
 4.500000e+001  7.870533e-001  0.000000e+000
 4.512500e+001  7.220485e-001  0.000000e+000
 4.525000e+001  7.384003e-001  0.000000e+000
 4.537500e+001  7.191929e-001  0.000000e+000
 4.550000e+001  7.256898e-001  0.000000e+000
 4.562500e+001  6.771762e-001  0.000000e+000
 4.575000e+001  5.779116e-001  0.000000e+000
 4.587500e+001  7.022426e-001  0.000000e+000
 4.600000e+001  7.967400e-001  0.000000e+000
 4.612500e+001  7.416337e-001  0.000000e+000
 4.625000e+001  4.895626e-001  0.000000e+000
 4.637500e+001  5.143234e-001  0.000000e+000
 4.650000e+001  3.960736e-001  0.000000e+000
 4.662500e+001  5.178949e-001  0.000000e+000
 4.675000e+001  4.197650e-001  0.000000e+000
 4.687500e+001  3.897460e-001  0.000000e+000
 4.700000e+001  4.011941e-001  0.000000e+000
 4.712500e+001  1.923737e-001  0.000000e+000
 4.725000e+001  3.564327e-001  0.000000e+000
 4.737500e+001  4.186501e-001  0.000000e+000
 4.750000e+001  4.653238e-001  0.000000e+000
 4.762500e+001  2.587737e-001  0.000000e+000
 4.775000e+001  4.815931e-001  0.000000e+000
 4.787500e+001  2.476465e-001  0.000000e+000
 4.800000e+001  2.245547e-001  0.000000e+000
 4.812500e+001  4.220112e-001  0.000000e+000
 4.825000e+001  4.702838e-001  0.000000e+000
 4.837500e+001  3.498418e-001  0.000000e+000
 4.850000e+001  4.214309e-001  0.000000e+000
 4.862500e+001  4.670159e-001  0.000000e+000
 4.875000e+001  5.662411e-001  0.000000e+000
 4.887500e+001  5.253173e-001  0.000000e+000
 4.900000e+001  5.663354e-001  0.000000e+000
 4.912500e+001  5.357966e-001  0.000000e+000
 4.925000e+001  4.530806e-001  0.000000e+000
 4.937500e+001  4.885820e-001  0.000000e+000
 4.950000e+001  5.733470e-001  0.000000e+000
 4.962500e+001  5.157703e-001  0.000000e+000
 4.975000e+001  6.397890e-001  0.000000e+000
 4.987500e+001  6.968308e-001  0.000000e+000
 5.000000e+001  7.473919e-001  0.000000e+000
 5.012500e+001  7.078130e-001  0.000000e+000
 5.025000e+001  7.862867e-001  0.000000e+000
 5.037500e+001  7.074716e-001  0.000000e+000
 5.050000e+001  7.379264e-001  0.000000e+000
 5.062500e+001  7.866907e-001  0.000000e+000
 5.075000e+001  8.182436e-001  0.000000e+000
 5.087500e+001  7.750363e-001  0.000000e+000
 5.100000e+001  8.572384e-001  0.000000e+000
 5.112500e+001  7.247443e-001  0.000000e+000
 5.125000e+001  7.287537e-001  0.000000e+000
 5.137500e+001  8.342549e-001  0.000000e+000
 5.150000e+001  8.017097e-001  0.000000e+000
 5.162500e+001  8.361260e-001  0.000000e+000
 5.175000e+001  8.419449e-001  0.000000e+000
 5.187500e+001  7.999889e-001  0.000000e+000
 5.200000e+001  8.226001e-001  0.000000e+000
 5.212500e+001  8.721423e-001  0.000000e+000
 5.225000e+001  8.483035e-001  0.000000e+000
 5.237500e+001  8.730494e-001  0.000000e+000
 5.250000e+001  9.297619e-001  0.000000e+000
 5.262500e+001  8.522006e-001  0.000000e+000
 5.275000e+001  8.838255e-001  0.000000e+000
 5.287500e+001  9.313036e-001  0.000000e+000
 5.300000e+001  8.764471e-001  0.000000e+000
 5.312500e+001  8.636566e-001  0.000000e+000
 5.325000e+001  8.871073e-001  0.000000e+000
 5.337500e+001  8.669524e-001  0.000000e+000
 5.350000e+001  8.920690e-001  0.000000e+000
 5.362500e+001  8.818917e-001  0.000000e+000
 5.375000e+001  9.125288e-001  0.000000e+000
 5.387500e+001  8.864123e-001  0.000000e+000
 5.400000e+001  9.193785e-001  0.000000e+000
 5.412500e+001  9.004462e-001  0.000000e+000
 5.425000e+001  9.276730e-001  0.000000e+000
 5.437500e+001  9.214779e-001  0.000000e+000
 5.450000e+001  9.387097e-001  0.000000e+000
 5.462500e+001  9.005550e-001  0.000000e+000
 5.475000e+001  9.363925e-001  0.000000e+000
 5.487500e+001  9.300600e-001  0.000000e+000
 5.500000e+001  9.420422e-001  0.000000e+000
 5.512500e+001  9.385855e-001  0.000000e+000
 5.525000e+001  9.043160e-001  0.000000e+000
 5.537500e+001  9.494314e-001  0.000000e+000
 5.550000e+001  9.447401e-001  0.000000e+000
 5.562500e+001  9.412743e-001  0.000000e+000
 5.575000e+001  9.297526e-001  0.000000e+000
 5.587500e+001  9.357824e-001  0.000000e+000
 5.600000e+001  9.612798e-001  0.000000e+000
 5.612500e+001  9.430957e-001  0.000000e+000
 5.625000e+001  9.651683e-001  0.000000e+000
 5.637500e+001  9.331282e-001  0.000000e+000
 5.650000e+001  9.283088e-001  0.000000e+000
 5.662500e+001  9.420959e-001  0.000000e+000
 5.675000e+001  9.117197e-001  0.000000e+000
 5.687500e+001  9.145071e-001  0.000000e+000
 5.700000e+001  8.220349e-001  0.000000e+000
 5.712500e+001  9.499830e-001  0.000000e+000
 5.725000e+001  9.410223e-001  0.000000e+000
 5.737500e+001  9.668586e-001  0.000000e+000
 5.750000e+001  9.514161e-001  0.000000e+000
 5.762500e+001  9.685649e-001  0.000000e+000
 5.775000e+001  9.720963e-001  0.000000e+000
 5.787500e+001  9.681486e-001  0.000000e+000
 5.800000e+001  9.621663e-001  0.000000e+000
 5.812500e+001  9.593393e-001  0.000000e+000
 5.825000e+001  9.627904e-001  0.000000e+000
 5.837500e+001  9.617483e-001  0.000000e+000
 5.850000e+001  9.525778e-001  0.000000e+000
 5.862500e+001  9.626609e-001  0.000000e+000
 5.875000e+001  9.641399e-001  0.000000e+000
 5.887500e+001  9.610814e-001  0.000000e+000
 5.900000e+001  9.599963e-001  0.000000e+000
 5.912500e+001  9.694800e-001  0.000000e+000
 5.925000e+001  9.489912e-001  0.000000e+000
 5.937500e+001  9.718149e-001  0.000000e+000
 5.950000e+001  9.665430e-001  0.000000e+000
 5.962500e+001  9.763384e-001  0.000000e+000
 5.975000e+001  9.745604e-001  0.000000e+000
 5.987500e+001  9.738876e-001  0.000000e+000
 6.000000e+001  9.146665e-001  0.000000e+000
 6.012500e+001  9.634915e-001  0.000000e+000
 6.025000e+001  9.712800e-001  0.000000e+000
 6.037500e+001  9.704784e-001  0.000000e+000
 6.050000e+001  9.810723e-001  0.000000e+000
 6.062500e+001  9.698659e-001  0.000000e+000
 6.075000e+001  9.774713e-001  0.000000e+000
 6.087500e+001  9.791737e-001  0.000000e+000
 6.100000e+001  9.760880e-001  0.000000e+000
 6.112500e+001  9.737060e-001  0.000000e+000
 6.125000e+001  9.730946e-001  0.000000e+000
 6.137500e+001  9.664840e-001  0.000000e+000
 6.150000e+001  9.697753e-001  0.000000e+000
 6.162500e+001  9.715278e-001  0.000000e+000
 6.175000e+001  9.816980e-001  0.000000e+000
 6.187500e+001  9.826970e-001  0.000000e+000
 6.200000e+001  9.725657e-001  0.000000e+000
 6.212500e+001  9.737127e-001  0.000000e+000
 6.225000e+001  9.837117e-001  0.000000e+000
 6.237500e+001  9.777190e-001  0.000000e+000
 6.250000e+001  9.769018e-001  0.000000e+000
 6.262500e+001  9.692590e-001  0.000000e+000
 6.275000e+001  9.855391e-001  0.000000e+000
 6.287500e+001  9.787584e-001  0.000000e+000
 6.300000e+001  9.778407e-001  0.000000e+000
 6.312500e+001  9.794006e-001  0.000000e+000
 6.325000e+001  9.796360e-001  0.000000e+000
 6.337500e+001  9.780050e-001  0.000000e+000
 6.350000e+001  9.890208e-001  0.000000e+000
 6.362500e+001  9.849715e-001  0.000000e+000
 6.375000e+001  9.743114e-001  0.000000e+000
 6.387500e+001  9.813834e-001  0.000000e+000
 6.400000e+001  9.733697e-001  0.000000e+000
 6.412500e+001  9.756998e-001  0.000000e+000
 6.425000e+001  9.848358e-001  0.000000e+000
 6.437500e+001  9.779630e-001  0.000000e+000
 6.450000e+001  9.812608e-001  0.000000e+000
 6.462500e+001  9.801964e-001  0.000000e+000
 6.475000e+001  9.795568e-001  0.000000e+000
 6.487500e+001  9.839733e-001  0.000000e+000
 6.500000e+001  9.767339e-001  0.000000e+000
 6.512500e+001  9.819345e-001  0.000000e+000
 6.525000e+001  9.882583e-001  0.000000e+000
 6.537500e+001  9.861286e-001  0.000000e+000
 6.550000e+001  9.863332e-001  0.000000e+000
 6.562500e+001  9.794673e-001  0.000000e+000
 6.575000e+001  9.820207e-001  0.000000e+000
 6.587500e+001  9.844931e-001  0.000000e+000
 6.600000e+001  9.792994e-001  0.000000e+000
 6.612500e+001  9.863928e-001  0.000000e+000
 6.625000e+001  9.841983e-001  0.000000e+000
 6.637500e+001  9.772898e-001  0.000000e+000
 6.650000e+001  9.855708e-001  0.000000e+000
 6.662500e+001  9.859865e-001  0.000000e+000
 6.675000e+001  9.800612e-001  0.000000e+000
 6.687500e+001  9.866297e-001  0.000000e+000
 6.700000e+001  9.816782e-001  0.000000e+000
 6.712500e+001  9.853169e-001  0.000000e+000
 6.725000e+001  9.833010e-001  0.000000e+000
 6.737500e+001  9.848456e-001  0.000000e+000
 6.750000e+001  9.800361e-001  0.000000e+000
 6.762500e+001  9.796709e-001  0.000000e+000
 6.775000e+001  9.891519e-001  0.000000e+000
 6.787500e+001  9.829808e-001  0.000000e+000
 6.800000e+001  9.829029e-001  0.000000e+000
 6.812500e+001  9.841782e-001  0.000000e+000
 6.825000e+001  9.869854e-001  0.000000e+000
 6.837500e+001  9.864016e-001  0.000000e+000
 6.850000e+001  9.872853e-001  0.000000e+000
 6.862500e+001  9.859264e-001  0.000000e+000
 6.875000e+001  9.854965e-001  0.000000e+000
 6.887500e+001  9.854959e-001  0.000000e+000
 6.900000e+001  9.827400e-001  0.000000e+000
 6.912500e+001  9.869767e-001  0.000000e+000
 6.925000e+001  9.858109e-001  0.000000e+000
 6.937500e+001  9.832894e-001  0.000000e+000
 6.950000e+001  9.863838e-001  0.000000e+000
 6.962500e+001  9.825287e-001  0.000000e+000
 6.975000e+001  9.854730e-001  0.000000e+000
 6.987500e+001  9.856271e-001  0.000000e+000
 7.000000e+001  9.833505e-001  0.000000e+000
 7.012500e+001  9.848202e-001  0.000000e+000
 7.025000e+001  9.860316e-001  0.000000e+000
 7.037500e+001  9.878805e-001  0.000000e+000
 7.050000e+001  9.852792e-001  0.000000e+000
 7.062500e+001  9.866346e-001  0.000000e+000
 7.075000e+001  9.844906e-001  0.000000e+000
 7.087500e+001  9.833887e-001  0.000000e+000
 7.100000e+001  9.867583e-001  0.000000e+000
 7.112500e+001  9.882326e-001  0.000000e+000
 7.125000e+001  9.882998e-001  0.000000e+000
 7.137500e+001  9.858604e-001  0.000000e+000
 7.150000e+001  9.885274e-001  0.000000e+000
 7.162500e+001  9.874542e-001  0.000000e+000
 7.175000e+001  9.872295e-001  0.000000e+000
 7.187500e+001  9.873572e-001  0.000000e+000
 7.200000e+001  9.863147e-001  0.000000e+000
 7.212500e+001  9.885316e-001  0.000000e+000
 7.225000e+001  9.869461e-001  0.000000e+000
 7.237500e+001  9.888601e-001  0.000000e+000
 7.250000e+001  9.852469e-001  0.000000e+000
 7.262500e+001  9.822771e-001  0.000000e+000
 7.275000e+001  9.815512e-001  0.000000e+000
 7.287500e+001  9.846795e-001  0.000000e+000
 7.300000e+001  9.842759e-001  0.000000e+000
 7.312500e+001  9.819266e-001  0.000000e+000
 7.325000e+001  9.867433e-001  0.000000e+000
 7.337500e+001  9.837412e-001  0.000000e+000
 7.350000e+001  9.883434e-001  0.000000e+000
 7.362500e+001  9.882751e-001  0.000000e+000
 7.375000e+001  9.852354e-001  0.000000e+000
 7.387500e+001  9.877019e-001  0.000000e+000
 7.400000e+001  9.860968e-001  0.000000e+000
 7.412500e+001  9.866331e-001  0.000000e+000
 7.425000e+001  9.881243e-001  0.000000e+000
 7.437500e+001  9.889776e-001  0.000000e+000
 7.450000e+001  9.874969e-001  0.000000e+000
 7.462500e+001  9.868504e-001  0.000000e+000
 7.475000e+001  9.867398e-001  0.000000e+000
 7.487500e+001  9.883037e-001  0.000000e+000
 7.500000e+001  9.863633e-001  0.000000e+000
 7.512500e+001  9.888636e-001  0.000000e+000
 7.525000e+001  9.887488e-001  0.000000e+000
 7.537500e+001  9.871945e-001  0.000000e+000
 7.550000e+001  9.878565e-001  0.000000e+000
 7.562500e+001  9.871822e-001  0.000000e+000
 7.575000e+001  9.859525e-001  0.000000e+000
 7.587500e+001  9.851541e-001  0.000000e+000
 7.600000e+001  9.883116e-001  0.000000e+000
 7.612500e+001  9.867491e-001  0.000000e+000
 7.625000e+001  9.863260e-001  0.000000e+000
 7.637500e+001  9.851979e-001  0.000000e+000
 7.650000e+001  9.852360e-001  0.000000e+000
 7.662500e+001  9.858197e-001  0.000000e+000
 7.675000e+001  9.851786e-001  0.000000e+000
 7.687500e+001  9.867432e-001  0.000000e+000
 7.700000e+001  9.853770e-001  0.000000e+000
 7.712500e+001  9.855965e-001  0.000000e+000
 7.725000e+001  9.853740e-001  0.000000e+000
 7.737500e+001  9.866413e-001  0.000000e+000
 7.750000e+001  9.851804e-001  0.000000e+000
 7.762500e+001  9.863376e-001  0.000000e+000
 7.775000e+001  9.847940e-001  0.000000e+000
 7.787500e+001  9.853051e-001  0.000000e+000
 7.800000e+001  9.869252e-001  0.000000e+000
 7.812500e+001  9.848068e-001  0.000000e+000
 7.825000e+001  9.867725e-001  0.000000e+000
 7.837500e+001  9.846424e-001  0.000000e+000
 7.850000e+001  9.859126e-001  0.000000e+000
 7.862500e+001  9.852702e-001  0.000000e+000
 7.875000e+001  9.857556e-001  0.000000e+000
 7.887500e+001  9.852408e-001  0.000000e+000
 7.900000e+001  9.852061e-001  0.000000e+000
 7.912500e+001  9.846129e-001  0.000000e+000
 7.925000e+001  9.844531e-001  0.000000e+000
 7.937500e+001  9.852797e-001  0.000000e+000
 7.950000e+001  9.836267e-001  0.000000e+000
 7.962500e+001  9.772428e-001  0.000000e+000
 7.975000e+001  9.690671e-001  0.000000e+000
 7.987500e+001  9.781114e-001  0.000000e+000
 8.000000e+001  9.807472e-001  0.000000e+000
 8.012500e+001  9.810112e-001  0.000000e+000
 8.025000e+001  9.808981e-001  0.000000e+000
 8.037500e+001  9.815229e-001  0.000000e+000
 8.050000e+001  9.817870e-001  0.000000e+000
 8.062500e+001  9.818687e-001  0.000000e+000
 8.075000e+001  9.822818e-001  0.000000e+000
 8.087500e+001  9.814174e-001  0.000000e+000
 8.100000e+001  9.815194e-001  0.000000e+000
 8.112500e+001  9.822123e-001  0.000000e+000
 8.125000e+001  9.799712e-001  0.000000e+000
 8.137500e+001  9.822096e-001  0.000000e+000
 8.150000e+001  9.814555e-001  0.000000e+000
 8.162500e+001  9.814057e-001  0.000000e+000
 8.175000e+001  9.808869e-001  0.000000e+000
 8.187500e+001  9.804314e-001  0.000000e+000
 8.200000e+001  9.798607e-001  0.000000e+000
 8.212500e+001  9.802486e-001  0.000000e+000
 8.225000e+001  9.801851e-001  0.000000e+000
 8.237500e+001  9.786743e-001  0.000000e+000
 8.250000e+001  9.792122e-001  0.000000e+000
 8.262500e+001  9.795042e-001  0.000000e+000
 8.275000e+001  9.802996e-001  0.000000e+000
 8.287500e+001  9.768535e-001  0.000000e+000
 8.300000e+001  9.775334e-001  0.000000e+000
 8.312500e+001  9.779246e-001  0.000000e+000
 8.325000e+001  9.803696e-001  0.000000e+000
 8.337500e+001  9.774686e-001  0.000000e+000
 8.350000e+001  9.791484e-001  0.000000e+000
 8.362500e+001  9.745958e-001  0.000000e+000
 8.375000e+001  9.751375e-001  0.000000e+000
 8.387500e+001  9.778346e-001  0.000000e+000
 8.400000e+001  9.771672e-001  0.000000e+000
 8.412500e+001  9.769101e-001  0.000000e+000
 8.425000e+001  9.774949e-001  0.000000e+000
 8.437500e+001  9.753155e-001  0.000000e+000
 8.450000e+001  9.750408e-001  0.000000e+000
 8.462500e+001  9.729723e-001  0.000000e+000
 8.475000e+001  9.764822e-001  0.000000e+000
 8.487500e+001  9.747113e-001  0.000000e+000
 8.500000e+001  9.758987e-001  0.000000e+000
 8.512500e+001  9.749898e-001  0.000000e+000
 8.525000e+001  9.703036e-001  0.000000e+000
 8.537500e+001  9.743298e-001  0.000000e+000
 8.550000e+001  9.752078e-001  0.000000e+000
 8.562500e+001  9.742821e-001  0.000000e+000
 8.575000e+001  9.722605e-001  0.000000e+000
 8.587500e+001  9.698202e-001  0.000000e+000
 8.600000e+001  9.699695e-001  0.000000e+000
 8.612500e+001  9.722856e-001  0.000000e+000
 8.625000e+001  9.723777e-001  0.000000e+000
 8.637500e+001  9.687191e-001  0.000000e+000
 8.650000e+001  9.676481e-001  0.000000e+000
 8.662500e+001  9.673085e-001  0.000000e+000
 8.675000e+001  9.722857e-001  0.000000e+000
 8.687500e+001  9.679390e-001  0.000000e+000
 8.700000e+001  9.692150e-001  0.000000e+000
 8.712500e+001  9.689128e-001  0.000000e+000
 8.725000e+001  9.683467e-001  0.000000e+000
 8.737500e+001  9.711913e-001  0.000000e+000
 8.750000e+001  9.680816e-001  0.000000e+000
 8.762500e+001  9.710113e-001  0.000000e+000
 8.775000e+001  9.657089e-001  0.000000e+000
 8.787500e+001  9.726496e-001  0.000000e+000
 8.800000e+001  9.658862e-001  0.000000e+000
 8.812500e+001  9.626952e-001  0.000000e+000
 8.825000e+001  9.638231e-001  0.000000e+000
 8.837500e+001  9.611533e-001  0.000000e+000
 8.850000e+001  9.689862e-001  0.000000e+000
 8.862500e+001  9.670820e-001  0.000000e+000
 8.875000e+001  9.617122e-001  0.000000e+000
 8.887500e+001  9.658422e-001  0.000000e+000
 8.900000e+001  9.598687e-001  0.000000e+000
 8.912500e+001  9.642737e-001  0.000000e+000
 8.925000e+001  9.616747e-001  0.000000e+000
 8.937500e+001  9.609222e-001  0.000000e+000
 8.950000e+001  9.608333e-001  0.000000e+000
 8.962500e+001  9.600338e-001  0.000000e+000
 8.975000e+001  9.578467e-001  0.000000e+000
 8.987500e+001  9.521273e-001  0.000000e+000
 9.000000e+001  9.599358e-001  0.000000e+000
 9.012500e+001  9.593449e-001  0.000000e+000
 9.025000e+001  9.614182e-001  0.000000e+000
 9.037500e+001  9.600126e-001  0.000000e+000
 9.050000e+001  9.640928e-001  0.000000e+000
 9.062500e+001  9.583331e-001  0.000000e+000
 9.075000e+001  9.582902e-001  0.000000e+000
 9.087500e+001  9.570520e-001  0.000000e+000
 9.100000e+001  9.506612e-001  0.000000e+000
 9.112500e+001  9.561989e-001  0.000000e+000
 9.125000e+001  9.591097e-001  0.000000e+000
 9.137500e+001  9.597815e-001  0.000000e+000
 9.150000e+001  9.490057e-001  0.000000e+000
 9.162500e+001  9.546493e-001  0.000000e+000
 9.175000e+001  9.524124e-001  0.000000e+000
 9.187500e+001  9.557946e-001  0.000000e+000
 9.200000e+001  9.530644e-001  0.000000e+000
 9.212500e+001  9.446665e-001  0.000000e+000
 9.225000e+001  9.493451e-001  0.000000e+000
 9.237500e+001  9.534556e-001  0.000000e+000
 9.250000e+001  9.522088e-001  0.000000e+000
 9.262500e+001  9.503387e-001  0.000000e+000
 9.275000e+001  9.477004e-001  0.000000e+000
 9.287500e+001  9.407444e-001  0.000000e+000
 9.300000e+001  9.418039e-001  0.000000e+000
 9.312500e+001  9.481527e-001  0.000000e+000
 9.325000e+001  9.461949e-001  0.000000e+000
 9.337500e+001  9.501625e-001  0.000000e+000
 9.350000e+001  9.421023e-001  0.000000e+000
 9.362500e+001  9.476801e-001  0.000000e+000
 9.375000e+001  9.464008e-001  0.000000e+000
 9.387500e+001  9.439375e-001  0.000000e+000
 9.400000e+001  9.441757e-001  0.000000e+000
 9.412500e+001  9.491910e-001  0.000000e+000
 9.425000e+001  9.420834e-001  0.000000e+000
 9.437500e+001  9.441361e-001  0.000000e+000
 9.450000e+001  9.408621e-001  0.000000e+000
 9.462500e+001  9.398516e-001  0.000000e+000
 9.475000e+001  9.461699e-001  0.000000e+000
 9.487500e+001  9.460762e-001  0.000000e+000
 9.500000e+001  9.500350e-001  0.000000e+000
 9.512500e+001  9.385482e-001  0.000000e+000
 9.525000e+001  9.342827e-001  0.000000e+000
 9.537500e+001  9.348253e-001  0.000000e+000
 9.550000e+001  9.444106e-001  0.000000e+000
 9.562500e+001  9.269708e-001  0.000000e+000
 9.575000e+001  9.395422e-001  0.000000e+000
 9.587500e+001  9.319274e-001  0.000000e+000
 9.600000e+001  9.342908e-001  0.000000e+000
 9.612500e+001  9.378165e-001  0.000000e+000
 9.625000e+001  9.331758e-001  0.000000e+000
 9.637500e+001  9.297863e-001  0.000000e+000
 9.650000e+001  9.353776e-001  0.000000e+000
 9.662500e+001  9.329819e-001  0.000000e+000
 9.675000e+001  9.268681e-001  0.000000e+000
 9.687500e+001  9.327894e-001  0.000000e+000
 9.700000e+001  9.390233e-001  0.000000e+000
 9.712500e+001  9.365832e-001  0.000000e+000
 9.725000e+001  9.446713e-001  0.000000e+000
 9.737500e+001  9.362881e-001  0.000000e+000
 9.750000e+001  9.328676e-001  0.000000e+000
 9.762500e+001  9.298368e-001  0.000000e+000
 9.775000e+001  9.328267e-001  0.000000e+000
 9.787500e+001  9.320791e-001  0.000000e+000
 9.800000e+001  9.133389e-001  0.000000e+000
 9.812500e+001  9.284820e-001  0.000000e+000
 9.825000e+001  9.325072e-001  0.000000e+000
 9.837500e+001  9.329052e-001  0.000000e+000
 9.850000e+001  9.130226e-001  0.000000e+000
 9.862500e+001  9.102068e-001  0.000000e+000
 9.875000e+001  9.218466e-001  0.000000e+000
 9.887500e+001  9.140676e-001  0.000000e+000
 9.900000e+001  9.166778e-001  0.000000e+000
 9.912500e+001  9.154512e-001  0.000000e+000
 9.925000e+001  9.258376e-001  0.000000e+000
 9.937500e+001  9.293712e-001  0.000000e+000
 9.950000e+001  9.132900e-001  0.000000e+000
 9.962500e+001  9.188139e-001  0.000000e+000
 9.975000e+001  9.129596e-001  0.000000e+000
 9.987500e+001  9.061341e-001  0.000000e+000
 1.000000e+002  9.222747e-001  0.000000e+000
 1.001250e+002  9.132031e-001  0.000000e+000
 1.002500e+002  9.177834e-001  0.000000e+000
 1.003750e+002  9.256111e-001  0.000000e+000
 1.005000e+002  9.141246e-001  0.000000e+000
 1.006250e+002  9.056839e-001  0.000000e+000
 1.007500e+002  9.083694e-001  0.000000e+000
 1.008750e+002  9.123629e-001  0.000000e+000
 1.010000e+002  9.034215e-001  0.000000e+000
 1.011250e+002  8.955017e-001  0.000000e+000
 1.012500e+002  9.145455e-001  0.000000e+000
 1.013750e+002  9.006456e-001  0.000000e+000
 1.015000e+002  9.023365e-001  0.000000e+000
 1.016250e+002  9.141197e-001  0.000000e+000
 1.017500e+002  9.056537e-001  0.000000e+000
 1.018750e+002  9.115660e-001  0.000000e+000
 1.020000e+002  9.205922e-001  0.000000e+000
 1.021250e+002  9.026027e-001  0.000000e+000
 1.022500e+002  9.241060e-001  0.000000e+000
 1.023750e+002  9.229348e-001  0.000000e+000
 1.025000e+002  8.974186e-001  0.000000e+000
 1.026250e+002  9.109578e-001  0.000000e+000
 1.027500e+002  9.035075e-001  0.000000e+000
 1.028750e+002  8.974138e-001  0.000000e+000
 1.030000e+002  8.939248e-001  0.000000e+000
 1.031250e+002  9.013993e-001  0.000000e+000
 1.032500e+002  9.015709e-001  0.000000e+000
 1.033750e+002  8.899153e-001  0.000000e+000
 1.035000e+002  8.998013e-001  0.000000e+000
 1.036250e+002  9.019268e-001  0.000000e+000
 1.037500e+002  8.992263e-001  0.000000e+000
 1.038750e+002  8.986155e-001  0.000000e+000
 1.040000e+002  8.904032e-001  0.000000e+000
 1.041250e+002  9.050019e-001  0.000000e+000
 1.042500e+002  8.978539e-001  0.000000e+000
 1.043750e+002  8.846852e-001  0.000000e+000
 1.045000e+002  8.976764e-001  0.000000e+000
 1.046250e+002  8.869502e-001  0.000000e+000
 1.047500e+002  8.980191e-001  0.000000e+000
 1.048750e+002  9.017640e-001  0.000000e+000
 1.050000e+002  8.877233e-001  0.000000e+000
 1.051250e+002  9.023287e-001  0.000000e+000
 1.052500e+002  9.016547e-001  0.000000e+000
 1.053750e+002  8.763208e-001  0.000000e+000
 1.055000e+002  9.068089e-001  0.000000e+000
 1.056250e+002  8.733351e-001  0.000000e+000
 1.057500e+002  9.011413e-001  0.000000e+000
 1.058750e+002  9.030350e-001  0.000000e+000
 1.060000e+002  8.806541e-001  0.000000e+000
 1.061250e+002  9.017565e-001  0.000000e+000
 1.062500e+002  8.967096e-001  0.000000e+000
 1.063750e+002  8.676388e-001  0.000000e+000
 1.065000e+002  8.533481e-001  0.000000e+000
 1.066250e+002  8.678825e-001  0.000000e+000
 1.067500e+002  8.840522e-001  0.000000e+000
 1.068750e+002  8.665050e-001  0.000000e+000
 1.070000e+002  8.863062e-001  0.000000e+000
 1.071250e+002  8.758248e-001  0.000000e+000
 1.072500e+002  8.555575e-001  0.000000e+000
 1.073750e+002  8.942944e-001  0.000000e+000
 1.075000e+002  8.709105e-001  0.000000e+000
 1.076250e+002  8.513035e-001  0.000000e+000
 1.077500e+002  8.845773e-001  0.000000e+000
 1.078750e+002  8.452697e-001  0.000000e+000
 1.080000e+002  8.838882e-001  0.000000e+000
 1.081250e+002  8.702352e-001  0.000000e+000
 1.082500e+002  8.691148e-001  0.000000e+000
 1.083750e+002  8.687097e-001  0.000000e+000
 1.085000e+002  8.632667e-001  0.000000e+000
 1.086250e+002  8.561583e-001  0.000000e+000
 1.087500e+002  8.552305e-001  0.000000e+000
 1.088750e+002  8.885113e-001  0.000000e+000
 1.090000e+002  8.377407e-001  0.000000e+000
 1.091250e+002  8.709186e-001  0.000000e+000
 1.092500e+002  8.647560e-001  0.000000e+000
 1.093750e+002  8.410529e-001  0.000000e+000
 1.095000e+002  8.633525e-001  0.000000e+000
 1.096250e+002  8.369282e-001  0.000000e+000
 1.097500e+002  8.225994e-001  0.000000e+000
 1.098750e+002  8.593417e-001  0.000000e+000
 1.100000e+002  8.478375e-001  0.000000e+000
 1.101250e+002  8.388471e-001  0.000000e+000
 1.102500e+002  8.567465e-001  0.000000e+000
 1.103750e+002  8.267385e-001  0.000000e+000
 1.105000e+002  8.564222e-001  0.000000e+000
 1.106250e+002  8.396689e-001  0.000000e+000
 1.107500e+002  8.370346e-001  0.000000e+000
 1.108750e+002  8.688052e-001  0.000000e+000
 1.110000e+002  8.189538e-001  0.000000e+000
 1.111250e+002  7.977042e-001  0.000000e+000
 1.112500e+002  8.279376e-001  0.000000e+000
 1.113750e+002  8.067873e-001  0.000000e+000
 1.115000e+002  8.264205e-001  0.000000e+000
 1.116250e+002  8.130947e-001  0.000000e+000
 1.117500e+002  8.048163e-001  0.000000e+000
 1.118750e+002  7.971314e-001  0.000000e+000
 1.120000e+002  8.003957e-001  0.000000e+000
 1.121250e+002  8.244140e-001  0.000000e+000
 1.122500e+002  8.268432e-001  0.000000e+000
 1.123750e+002  7.878479e-001  0.000000e+000
 1.125000e+002  7.951503e-001  0.000000e+000
 1.126250e+002  7.875065e-001  0.000000e+000
 1.127500e+002  7.791711e-001  0.000000e+000
 1.128750e+002  7.744426e-001  0.000000e+000
 1.130000e+002  7.647540e-001  0.000000e+000
 1.131250e+002  7.771521e-001  0.000000e+000
 1.132500e+002  7.336407e-001  0.000000e+000
 1.133750e+002  7.129487e-001  0.000000e+000
 1.135000e+002  7.078382e-001  0.000000e+000
 1.136250e+002  6.413715e-001  0.000000e+000
 1.137500e+002  6.946967e-001  0.000000e+000
 1.138750e+002  6.637745e-001  0.000000e+000
 1.140000e+002  6.317341e-001  0.000000e+000
 1.141250e+002  6.963286e-001  0.000000e+000
 1.142500e+002  6.209862e-001  0.000000e+000
 1.143750e+002  6.645262e-001  0.000000e+000
 1.145000e+002  6.226728e-001  0.000000e+000
 1.146250e+002  6.567978e-001  0.000000e+000
 1.147500e+002  7.014528e-001  0.000000e+000
 1.148750e+002  6.766261e-001  0.000000e+000
 1.150000e+002  6.771514e-001  0.000000e+000
 1.151250e+002  6.121168e-001  0.000000e+000
 1.152500e+002  6.396913e-001  0.000000e+000
 1.153750e+002  7.241917e-001  0.000000e+000
 1.155000e+002  6.526256e-001  0.000000e+000
 1.156250e+002  6.864573e-001  0.000000e+000
 1.157500e+002  6.721883e-001  0.000000e+000
 1.158750e+002  6.171060e-001  0.000000e+000
 1.160000e+002  7.389584e-001  0.000000e+000
 1.161250e+002  6.845592e-001  0.000000e+000
 1.162500e+002  6.605426e-001  0.000000e+000
 1.163750e+002  6.348376e-001  0.000000e+000
 1.165000e+002  6.679412e-001  0.000000e+000
 1.166250e+002  6.196260e-001  0.000000e+000
 1.167500e+002  7.090888e-001  0.000000e+000
 1.168750e+002  6.504806e-001  0.000000e+000
 1.170000e+002  6.314031e-001  0.000000e+000
 1.171250e+002  7.125272e-001  0.000000e+000
 1.172500e+002  7.165189e-001  0.000000e+000
 1.173750e+002  6.339859e-001  0.000000e+000
 1.175000e+002  6.701482e-001  0.000000e+000
 1.176250e+002  6.217338e-001  0.000000e+000
 1.177500e+002  6.883240e-001  0.000000e+000
 1.178750e+002  6.261305e-001  0.000000e+000
 1.180000e+002  6.382210e-001  0.000000e+000
 1.181250e+002  6.360464e-001  0.000000e+000
 1.182500e+002  6.550009e-001  0.000000e+000
 1.183750e+002  6.547484e-001  0.000000e+000
 1.185000e+002  6.186097e-001  0.000000e+000
 1.186250e+002  6.492710e-001  0.000000e+000
 1.187500e+002  6.018245e-001  0.000000e+000
 1.188750e+002  6.179181e-001  0.000000e+000
 1.190000e+002  6.647488e-001  0.000000e+000
 1.191250e+002  6.368020e-001  0.000000e+000
 1.192500e+002  6.364186e-001  0.000000e+000
 1.193750e+002  5.556647e-001  0.000000e+000
 1.195000e+002  5.995697e-001  0.000000e+000
 1.196250e+002  6.060759e-001  0.000000e+000
 1.197500e+002  5.319643e-001  0.000000e+000
 1.198750e+002  6.386662e-001  0.000000e+000
 1.200000e+002  6.060049e-001  0.000000e+000
 1.201250e+002  4.995885e-001  0.000000e+000
 1.202500e+002  6.480162e-001  0.000000e+000
 1.203750e+002  5.853507e-001  0.000000e+000
 1.205000e+002  5.604352e-001  0.000000e+000
 1.206250e+002  5.929207e-001  0.000000e+000
 1.207500e+002  5.613403e-001  0.000000e+000
 1.208750e+002  5.536020e-001  0.000000e+000
 1.210000e+002  5.779160e-001  0.000000e+000
 1.211250e+002  6.127422e-001  0.000000e+000
 1.212500e+002  5.713461e-001  0.000000e+000
 1.213750e+002  5.794201e-001  0.000000e+000
 1.215000e+002  6.063887e-001  0.000000e+000
 1.216250e+002  6.412387e-001  0.000000e+000
 1.217500e+002  6.157760e-001  0.000000e+000
 1.218750e+002  5.569489e-001  0.000000e+000
 1.220000e+002  5.119516e-001  0.000000e+000
 1.221250e+002  5.620331e-001  0.000000e+000
 1.222500e+002  5.796529e-001  0.000000e+000
 1.223750e+002  4.983741e-001  0.000000e+000
 1.225000e+002  5.655831e-001  0.000000e+000
 1.226250e+002  5.202866e-001  0.000000e+000
 1.227500e+002  5.819362e-001  0.000000e+000
 1.228750e+002  5.578135e-001  0.000000e+000
 1.230000e+002  5.429313e-001  0.000000e+000
 1.231250e+002  5.727733e-001  0.000000e+000
 1.232500e+002  5.537902e-001  0.000000e+000
 1.233750e+002  5.996037e-001  0.000000e+000
 1.235000e+002  4.999435e-001  0.000000e+000
 1.236250e+002  5.541748e-001  0.000000e+000
 1.237500e+002  5.796946e-001  0.000000e+000
 1.238750e+002  5.680741e-001  0.000000e+000
 1.240000e+002  5.788100e-001  0.000000e+000
 1.241250e+002  5.365061e-001  0.000000e+000
 1.242500e+002  5.418335e-001  0.000000e+000
 1.243750e+002  6.196045e-001  0.000000e+000
 1.245000e+002  5.659954e-001  0.000000e+000
 1.246250e+002  5.413502e-001  0.000000e+000
 1.247500e+002  5.308482e-001  0.000000e+000
 1.248750e+002  4.897904e-001  0.000000e+000
 1.250000e+002  5.908806e-001  0.000000e+000
 1.251250e+002  5.918475e-001  0.000000e+000
 1.252500e+002  5.358456e-001  0.000000e+000
 1.253750e+002  5.910527e-001  0.000000e+000
 1.255000e+002  5.097101e-001  0.000000e+000
 1.256250e+002  5.597580e-001  0.000000e+000
 1.257500e+002  5.071797e-001  0.000000e+000
 1.258750e+002  5.637328e-001  0.000000e+000
 1.260000e+002  4.800850e-001  0.000000e+000
 1.261250e+002  5.605308e-001  0.000000e+000
 1.262500e+002  5.591767e-001  0.000000e+000
 1.263750e+002  5.275173e-001  0.000000e+000
 1.265000e+002  5.864972e-001  0.000000e+000
 1.266250e+002  5.859664e-001  0.000000e+000
 1.267500e+002  6.762125e-001  0.000000e+000
 1.268750e+002  5.658014e-001  0.000000e+000
 1.270000e+002  5.589243e-001  0.000000e+000
 1.271250e+002  5.972605e-001  0.000000e+000
 1.272500e+002  6.238389e-001  0.000000e+000
 1.273750e+002  5.524012e-001  0.000000e+000
 1.275000e+002  6.267600e-001  0.000000e+000
 1.276250e+002  5.875739e-001  0.000000e+000
 1.277500e+002  5.646718e-001  0.000000e+000
 1.278750e+002  6.035187e-001  0.000000e+000
 1.280000e+002  5.839301e-001  0.000000e+000
