 0.000000e+000  9.996813e-001  0.000000e+000
 1.250000e-001  8.001710e-001  0.000000e+000
 2.500000e-001  9.694472e-001  0.000000e+000
 3.750000e-001  9.896260e-001  0.000000e+000
 5.000000e-001  9.937711e-001  0.000000e+000
 6.250000e-001  9.940541e-001  0.000000e+000
 7.500000e-001  9.953718e-001  0.000000e+000
 8.750000e-001  9.963341e-001  0.000000e+000
 1.000000e+000  9.963014e-001  0.000000e+000
 1.125000e+000  9.979649e-001  0.000000e+000
 1.250000e+000  9.968235e-001  0.000000e+000
 1.375000e+000  9.981045e-001  0.000000e+000
 1.500000e+000  9.976638e-001  0.000000e+000
 1.625000e+000  9.981738e-001  0.000000e+000
 1.750000e+000  9.976045e-001  0.000000e+000
 1.875000e+000  9.975116e-001  0.000000e+000
 2.000000e+000  9.978706e-001  0.000000e+000
 2.125000e+000  9.978549e-001  0.000000e+000
 2.250000e+000  9.977903e-001  0.000000e+000
 2.375000e+000  9.976470e-001  0.000000e+000
 2.500000e+000  9.976510e-001  0.000000e+000
 2.625000e+000  9.972204e-001  0.000000e+000
 2.750000e+000  9.975154e-001  0.000000e+000
 2.875000e+000  9.968939e-001  0.000000e+000
 3.000000e+000  9.890307e-001  0.000000e+000
 3.125000e+000  8.173496e-001  0.000000e+000
 3.250000e+000  9.570019e-001  0.000000e+000
 3.375000e+000  9.827506e-001  0.000000e+000
 3.500000e+000  9.849766e-001  0.000000e+000
 3.625000e+000  9.843915e-001  0.000000e+000
 3.750000e+000  9.748718e-001  0.000000e+000
 3.875000e+000  9.491369e-001  0.000000e+000
 4.000000e+000  8.128020e-001  0.000000e+000
 4.125000e+000  3.924738e-001  0.000000e+000
 4.250000e+000  8.598412e-001  0.000000e+000
 4.375000e+000  9.790366e-001  0.000000e+000
 4.500000e+000  9.725630e-001  0.000000e+000
 4.625000e+000  9.898277e-001  0.000000e+000
 4.750000e+000  9.897731e-001  0.000000e+000
 4.875000e+000  9.911766e-001  0.000000e+000
 5.000000e+000  9.935564e-001  0.000000e+000
 5.125000e+000  9.946538e-001  0.000000e+000
 5.250000e+000  9.955914e-001  0.000000e+000
 5.375000e+000  9.955252e-001  0.000000e+000
 5.500000e+000  9.957573e-001  0.000000e+000
 5.625000e+000  9.970335e-001  0.000000e+000
 5.750000e+000  9.949825e-001  0.000000e+000
 5.875000e+000  9.941361e-001  0.000000e+000
 6.000000e+000  9.932458e-001  0.000000e+000
 6.125000e+000  9.942542e-001  0.000000e+000
 6.250000e+000  9.962226e-001  0.000000e+000
 6.375000e+000  9.956828e-001  0.000000e+000
 6.500000e+000  9.972404e-001  0.000000e+000
 6.625000e+000  9.972311e-001  0.000000e+000
 6.750000e+000  9.976597e-001  0.000000e+000
 6.875000e+000  9.973849e-001  0.000000e+000
 7.000000e+000  9.967044e-001  0.000000e+000
 7.125000e+000  9.970247e-001  0.000000e+000
 7.250000e+000  9.971937e-001  0.000000e+000
 7.375000e+000  9.968015e-001  0.000000e+000
 7.500000e+000  9.978650e-001  0.000000e+000
 7.625000e+000  9.972590e-001  0.000000e+000
 7.750000e+000  9.974225e-001  0.000000e+000
 7.875000e+000  9.976010e-001  0.000000e+000
 8.000000e+000  9.978720e-001  0.000000e+000
 8.125000e+000  9.974123e-001  0.000000e+000
 8.250000e+000  9.968607e-001  0.000000e+000
 8.375000e+000  9.974374e-001  0.000000e+000
 8.500000e+000  9.969320e-001  0.000000e+000
 8.625000e+000  9.974284e-001  0.000000e+000
 8.750000e+000  9.971022e-001  0.000000e+000
 8.875000e+000  9.971055e-001  0.000000e+000
 9.000000e+000  9.967980e-001  0.000000e+000
 9.125000e+000  9.976436e-001  0.000000e+000
 9.250000e+000  9.974375e-001  0.000000e+000
 9.375000e+000  9.974639e-001  0.000000e+000
 9.500000e+000  9.974363e-001  0.000000e+000
 9.625000e+000  9.972414e-001  0.000000e+000
 9.750000e+000  9.979883e-001  0.000000e+000
 9.875000e+000  9.977329e-001  0.000000e+000
 1.000000e+001  9.977288e-001  0.000000e+000
 1.012500e+001  9.977922e-001  0.000000e+000
 1.025000e+001  9.973038e-001  0.000000e+000
 1.037500e+001  9.973677e-001  0.000000e+000
 1.050000e+001  9.971806e-001  0.000000e+000
 1.062500e+001  9.968597e-001  0.000000e+000
 1.075000e+001  9.977478e-001  0.000000e+000
 1.087500e+001  9.971268e-001  0.000000e+000
 1.100000e+001  9.975854e-001  0.000000e+000
 1.112500e+001  9.973742e-001  0.000000e+000
 1.125000e+001  9.973955e-001  0.000000e+000
 1.137500e+001  9.979016e-001  0.000000e+000
 1.150000e+001  9.973379e-001  0.000000e+000
 1.162500e+001  9.974841e-001  0.000000e+000
 1.175000e+001  9.970790e-001  0.000000e+000
 1.187500e+001  9.977429e-001  0.000000e+000
 1.200000e+001  9.974867e-001  0.000000e+000
 1.212500e+001  9.967380e-001  0.000000e+000
 1.225000e+001  9.978274e-001  0.000000e+000
 1.237500e+001  9.978376e-001  0.000000e+000
 1.250000e+001  9.977045e-001  0.000000e+000
 1.262500e+001  9.969185e-001  0.000000e+000
 1.275000e+001  9.970752e-001  0.000000e+000
 1.287500e+001  9.975689e-001  0.000000e+000
 1.300000e+001  9.972222e-001  0.000000e+000
 1.312500e+001  9.974528e-001  0.000000e+000
 1.325000e+001  9.975714e-001  0.000000e+000
 1.337500e+001  9.971687e-001  0.000000e+000
 1.350000e+001  9.976864e-001  0.000000e+000
 1.362500e+001  9.974991e-001  0.000000e+000
 1.375000e+001  9.972129e-001  0.000000e+000
 1.387500e+001  9.972667e-001  0.000000e+000
 1.400000e+001  9.975551e-001  0.000000e+000
 1.412500e+001  9.974167e-001  0.000000e+000
 1.425000e+001  9.973438e-001  0.000000e+000
 1.437500e+001  9.973881e-001  0.000000e+000
 1.450000e+001  9.972109e-001  0.000000e+000
 1.462500e+001  9.973513e-001  0.000000e+000
 1.475000e+001  9.971946e-001  0.000000e+000
 1.487500e+001  9.976116e-001  0.000000e+000
 1.500000e+001  9.974568e-001  0.000000e+000
 1.512500e+001  9.971806e-001  0.000000e+000
 1.525000e+001  9.975368e-001  0.000000e+000
 1.537500e+001  9.976205e-001  0.000000e+000
 1.550000e+001  9.973982e-001  0.000000e+000
 1.562500e+001  9.978117e-001  0.000000e+000
 1.575000e+001  9.970575e-001  0.000000e+000
 1.587500e+001  9.974179e-001  0.000000e+000
 1.600000e+001  9.969695e-001  0.000000e+000
 1.612500e+001  9.974199e-001  0.000000e+000
 1.625000e+001  9.971417e-001  0.000000e+000
 1.637500e+001  9.973397e-001  0.000000e+000
 1.650000e+001  9.970620e-001  0.000000e+000
 1.662500e+001  9.971468e-001  0.000000e+000
 1.675000e+001  9.970630e-001  0.000000e+000
 1.687500e+001  9.970016e-001  0.000000e+000
 1.700000e+001  9.973261e-001  0.000000e+000
 1.712500e+001  9.969971e-001  0.000000e+000
 1.725000e+001  9.972053e-001  0.000000e+000
 1.737500e+001  9.974319e-001  0.000000e+000
 1.750000e+001  9.972895e-001  0.000000e+000
 1.762500e+001  9.973373e-001  0.000000e+000
 1.775000e+001  9.970357e-001  0.000000e+000
 1.787500e+001  9.971545e-001  0.000000e+000
 1.800000e+001  9.970353e-001  0.000000e+000
 1.812500e+001  9.970586e-001  0.000000e+000
 1.825000e+001  9.971401e-001  0.000000e+000
 1.837500e+001  9.970301e-001  0.000000e+000
 1.850000e+001  9.966782e-001  0.000000e+000
 1.862500e+001  9.972699e-001  0.000000e+000
 1.875000e+001  9.971219e-001  0.000000e+000
 1.887500e+001  9.973616e-001  0.000000e+000
 1.900000e+001  9.971507e-001  0.000000e+000
 1.912500e+001  9.972222e-001  0.000000e+000
 1.925000e+001  9.969678e-001  0.000000e+000
 1.937500e+001  9.970978e-001  0.000000e+000
 1.950000e+001  9.972441e-001  0.000000e+000
 1.962500e+001  9.973472e-001  0.000000e+000
 1.975000e+001  9.974710e-001  0.000000e+000
 1.987500e+001  9.972340e-001  0.000000e+000
 2.000000e+001  9.972648e-001  0.000000e+000
 2.012500e+001  9.975757e-001  0.000000e+000
 2.025000e+001  9.968441e-001  0.000000e+000
 2.037500e+001  9.971465e-001  0.000000e+000
 2.050000e+001  9.973254e-001  0.000000e+000
 2.062500e+001  9.969631e-001  0.000000e+000
 2.075000e+001  9.969505e-001  0.000000e+000
 2.087500e+001  9.972146e-001  0.000000e+000
 2.100000e+001  9.969683e-001  0.000000e+000
 2.112500e+001  9.971346e-001  0.000000e+000
 2.125000e+001  9.973156e-001  0.000000e+000
 2.137500e+001  9.971464e-001  0.000000e+000
 2.150000e+001  9.972394e-001  0.000000e+000
 2.162500e+001  9.970048e-001  0.000000e+000
 2.175000e+001  9.970274e-001  0.000000e+000
 2.187500e+001  9.974126e-001  0.000000e+000
 2.200000e+001  9.974197e-001  0.000000e+000
 2.212500e+001  9.972019e-001  0.000000e+000
 2.225000e+001  9.972098e-001  0.000000e+000
 2.237500e+001  9.965405e-001  0.000000e+000
 2.250000e+001  9.944633e-001  0.000000e+000
 2.262500e+001  9.867750e-001  0.000000e+000
 2.275000e+001  9.656073e-001  0.000000e+000
 2.287500e+001  9.900487e-001  0.000000e+000
 2.300000e+001  9.943805e-001  0.000000e+000
 2.312500e+001  9.956090e-001  0.000000e+000
 2.325000e+001  9.957793e-001  0.000000e+000
 2.337500e+001  9.957697e-001  0.000000e+000
 2.350000e+001  9.960548e-001  0.000000e+000
 2.362500e+001  9.960112e-001  0.000000e+000
 2.375000e+001  9.959464e-001  0.000000e+000
 2.387500e+001  9.962727e-001  0.000000e+000
 2.400000e+001  9.960720e-001  0.000000e+000
 2.412500e+001  9.963025e-001  0.000000e+000
 2.425000e+001  9.966968e-001  0.000000e+000
 2.437500e+001  9.963539e-001  0.000000e+000
 2.450000e+001  9.960943e-001  0.000000e+000
 2.462500e+001  9.964693e-001  0.000000e+000
 2.475000e+001  9.964373e-001  0.000000e+000
 2.487500e+001  9.962246e-001  0.000000e+000
 2.500000e+001  9.965176e-001  0.000000e+000
 2.512500e+001  9.959872e-001  0.000000e+000
 2.525000e+001  9.962229e-001  0.000000e+000
 2.537500e+001  9.964876e-001  0.000000e+000
 2.550000e+001  9.963289e-001  0.000000e+000
 2.562500e+001  9.962566e-001  0.000000e+000
 2.575000e+001  9.964430e-001  0.000000e+000
 2.587500e+001  9.961552e-001  0.000000e+000
 2.600000e+001  9.963174e-001  0.000000e+000
 2.612500e+001  9.963218e-001  0.000000e+000
 2.625000e+001  9.960882e-001  0.000000e+000
 2.637500e+001  9.965916e-001  0.000000e+000
 2.650000e+001  9.958552e-001  0.000000e+000
 2.662500e+001  9.963549e-001  0.000000e+000
 2.675000e+001  9.962702e-001  0.000000e+000
 2.687500e+001  9.968246e-001  0.000000e+000
 2.700000e+001  9.963003e-001  0.000000e+000
 2.712500e+001  9.960487e-001  0.000000e+000
 2.725000e+001  9.962830e-001  0.000000e+000
 2.737500e+001  9.962062e-001  0.000000e+000
 2.750000e+001  9.964021e-001  0.000000e+000
 2.762500e+001  9.962538e-001  0.000000e+000
 2.775000e+001  9.965000e-001  0.000000e+000
 2.787500e+001  9.962045e-001  0.000000e+000
 2.800000e+001  9.964168e-001  0.000000e+000
 2.812500e+001  9.965993e-001  0.000000e+000
 2.825000e+001  9.962312e-001  0.000000e+000
 2.837500e+001  9.963208e-001  0.000000e+000
 2.850000e+001  9.964563e-001  0.000000e+000
 2.862500e+001  9.959019e-001  0.000000e+000
 2.875000e+001  9.964055e-001  0.000000e+000
 2.887500e+001  9.960840e-001  0.000000e+000
 2.900000e+001  9.960939e-001  0.000000e+000
 2.912500e+001  9.960000e-001  0.000000e+000
 2.925000e+001  9.962867e-001  0.000000e+000
 2.937500e+001  9.958759e-001  0.000000e+000
 2.950000e+001  9.959281e-001  0.000000e+000
 2.962500e+001  9.960337e-001  0.000000e+000
 2.975000e+001  9.960886e-001  0.000000e+000
 2.987500e+001  9.960740e-001  0.000000e+000
 3.000000e+001  9.958923e-001  0.000000e+000
 3.012500e+001  9.959107e-001  0.000000e+000
 3.025000e+001  9.962525e-001  0.000000e+000
 3.037500e+001  9.958258e-001  0.000000e+000
 3.050000e+001  9.954584e-001  0.000000e+000
 3.062500e+001  9.958308e-001  0.000000e+000
 3.075000e+001  9.961657e-001  0.000000e+000
 3.087500e+001  9.954891e-001  0.000000e+000
 3.100000e+001  9.959178e-001  0.000000e+000
 3.112500e+001  9.955519e-001  0.000000e+000
 3.125000e+001  9.955908e-001  0.000000e+000
 3.137500e+001  9.957014e-001  0.000000e+000
 3.150000e+001  9.957999e-001  0.000000e+000
 3.162500e+001  9.954453e-001  0.000000e+000
 3.175000e+001  9.953525e-001  0.000000e+000
 3.187500e+001  9.956368e-001  0.000000e+000
 3.200000e+001  9.959426e-001  0.000000e+000
 3.212500e+001  9.958056e-001  0.000000e+000
 3.225000e+001  9.964457e-001  0.000000e+000
 3.237500e+001  9.959101e-001  0.000000e+000
 3.250000e+001  9.962868e-001  0.000000e+000
 3.262500e+001  9.959899e-001  0.000000e+000
 3.275000e+001  9.962158e-001  0.000000e+000
 3.287500e+001  9.959853e-001  0.000000e+000
 3.300000e+001  9.957841e-001  0.000000e+000
 3.312500e+001  9.960901e-001  0.000000e+000
 3.325000e+001  9.959743e-001  0.000000e+000
 3.337500e+001  9.959169e-001  0.000000e+000
 3.350000e+001  9.955850e-001  0.000000e+000
 3.362500e+001  9.951578e-001  0.000000e+000
 3.375000e+001  9.955924e-001  0.000000e+000
 3.387500e+001  9.949079e-001  0.000000e+000
 3.400000e+001  9.960552e-001  0.000000e+000
 3.412500e+001  9.949607e-001  0.000000e+000
 3.425000e+001  9.957969e-001  0.000000e+000
 3.437500e+001  9.946467e-001  0.000000e+000
 3.450000e+001  9.957511e-001  0.000000e+000
 3.462500e+001  9.957821e-001  0.000000e+000
 3.475000e+001  9.955025e-001  0.000000e+000
 3.487500e+001  9.953169e-001  0.000000e+000
 3.500000e+001  9.953325e-001  0.000000e+000
 3.512500e+001  9.951001e-001  0.000000e+000
 3.525000e+001  9.942373e-001  0.000000e+000
 3.537500e+001  9.957054e-001  0.000000e+000
 3.550000e+001  9.946877e-001  0.000000e+000
 3.562500e+001  9.954808e-001  0.000000e+000
 3.575000e+001  9.955308e-001  0.000000e+000
 3.587500e+001  9.954475e-001  0.000000e+000
 3.600000e+001  9.952713e-001  0.000000e+000
 3.612500e+001  9.952643e-001  0.000000e+000
 3.625000e+001  9.956078e-001  0.000000e+000
 3.637500e+001  9.947503e-001  0.000000e+000
 3.650000e+001  9.945467e-001  0.000000e+000
 3.662500e+001  9.959641e-001  0.000000e+000
 3.675000e+001  9.948301e-001  0.000000e+000
 3.687500e+001  9.958304e-001  0.000000e+000
 3.700000e+001  9.944443e-001  0.000000e+000
 3.712500e+001  9.940003e-001  0.000000e+000
 3.725000e+001  9.940790e-001  0.000000e+000
 3.737500e+001  9.949200e-001  0.000000e+000
 3.750000e+001  9.945208e-001  0.000000e+000
 3.762500e+001  9.951788e-001  0.000000e+000
 3.775000e+001  9.947699e-001  0.000000e+000
 3.787500e+001  9.950690e-001  0.000000e+000
 3.800000e+001  9.948184e-001  0.000000e+000
 3.812500e+001  9.932951e-001  0.000000e+000
 3.825000e+001  9.947787e-001  0.000000e+000
 3.837500e+001  9.952472e-001  0.000000e+000
 3.850000e+001  9.953036e-001  0.000000e+000
 3.862500e+001  9.943411e-001  0.000000e+000
 3.875000e+001  9.955139e-001  0.000000e+000
 3.887500e+001  9.943062e-001  0.000000e+000
 3.900000e+001  9.943749e-001  0.000000e+000
 3.912500e+001  9.945862e-001  0.000000e+000
 3.925000e+001  9.950548e-001  0.000000e+000
 3.937500e+001  9.943427e-001  0.000000e+000
 3.950000e+001  9.955997e-001  0.000000e+000
 3.962500e+001  9.940936e-001  0.000000e+000
 3.975000e+001  9.937533e-001  0.000000e+000
 3.987500e+001  9.935728e-001  0.000000e+000
 4.000000e+001  9.942973e-001  0.000000e+000
 4.012500e+001  9.947636e-001  0.000000e+000
 4.025000e+001  9.954341e-001  0.000000e+000
 4.037500e+001  9.952774e-001  0.000000e+000
 4.050000e+001  9.942502e-001  0.000000e+000
 4.062500e+001  9.942958e-001  0.000000e+000
 4.075000e+001  9.940521e-001  0.000000e+000
 4.087500e+001  9.945990e-001  0.000000e+000
 4.100000e+001  9.938451e-001  0.000000e+000
 4.112500e+001  9.945517e-001  0.000000e+000
 4.125000e+001  9.953141e-001  0.000000e+000
 4.137500e+001  9.955110e-001  0.000000e+000
 4.150000e+001  9.919111e-001  0.000000e+000
 4.162500e+001  9.940844e-001  0.000000e+000
 4.175000e+001  9.954541e-001  0.000000e+000
 4.187500e+001  9.944972e-001  0.000000e+000
 4.200000e+001  9.928048e-001  0.000000e+000
 4.212500e+001  9.932820e-001  0.000000e+000
 4.225000e+001  9.919884e-001  0.000000e+000
 4.237500e+001  9.942588e-001  0.000000e+000
 4.250000e+001  9.942626e-001  0.000000e+000
 4.262500e+001  9.930099e-001  0.000000e+000
 4.275000e+001  9.936525e-001  0.000000e+000
 4.287500e+001  9.946199e-001  0.000000e+000
 4.300000e+001  9.940306e-001  0.000000e+000
 4.312500e+001  9.942613e-001  0.000000e+000
 4.325000e+001  9.924544e-001  0.000000e+000
 4.337500e+001  9.947756e-001  0.000000e+000
 4.350000e+001  9.947668e-001  0.000000e+000
 4.362500e+001  9.930959e-001  0.000000e+000
 4.375000e+001  9.934874e-001  0.000000e+000
 4.387500e+001  9.931271e-001  0.000000e+000
 4.400000e+001  9.933005e-001  0.000000e+000
 4.412500e+001  9.929227e-001  0.000000e+000
 4.425000e+001  9.935566e-001  0.000000e+000
 4.437500e+001  9.934521e-001  0.000000e+000
 4.450000e+001  9.921870e-001  0.000000e+000
 4.462500e+001  9.941571e-001  0.000000e+000
 4.475000e+001  9.947188e-001  0.000000e+000
 4.487500e+001  9.927565e-001  0.000000e+000
 4.500000e+001  9.935334e-001  0.000000e+000
 4.512500e+001  9.949997e-001  0.000000e+000
 4.525000e+001  9.929388e-001  0.000000e+000
 4.537500e+001  9.932677e-001  0.000000e+000
 4.550000e+001  9.929671e-001  0.000000e+000
 4.562500e+001  9.915864e-001  0.000000e+000
 4.575000e+001  9.914377e-001  0.000000e+000
 4.587500e+001  9.926043e-001  0.000000e+000
 4.600000e+001  9.927970e-001  0.000000e+000
 4.612500e+001  9.938300e-001  0.000000e+000
 4.625000e+001  9.921686e-001  0.000000e+000
 4.637500e+001  9.954252e-001  0.000000e+000
 4.650000e+001  9.940044e-001  0.000000e+000
 4.662500e+001  9.950572e-001  0.000000e+000
 4.675000e+001  9.916411e-001  0.000000e+000
 4.687500e+001  9.937877e-001  0.000000e+000
 4.700000e+001  9.936869e-001  0.000000e+000
 4.712500e+001  9.934158e-001  0.000000e+000
 4.725000e+001  9.934459e-001  0.000000e+000
 4.737500e+001  9.925527e-001  0.000000e+000
 4.750000e+001  9.934128e-001  0.000000e+000
 4.762500e+001  9.937284e-001  0.000000e+000
 4.775000e+001  9.945273e-001  0.000000e+000
 4.787500e+001  9.918774e-001  0.000000e+000
 4.800000e+001  9.929662e-001  0.000000e+000
 4.812500e+001  9.932461e-001  0.000000e+000
 4.825000e+001  9.937423e-001  0.000000e+000
 4.837500e+001  9.935568e-001  0.000000e+000
 4.850000e+001  9.935008e-001  0.000000e+000
 4.862500e+001  9.944410e-001  0.000000e+000
 4.875000e+001  9.933105e-001  0.000000e+000
 4.887500e+001  9.940175e-001  0.000000e+000
 4.900000e+001  9.934857e-001  0.000000e+000
 4.912500e+001  9.921285e-001  0.000000e+000
 4.925000e+001  9.915750e-001  0.000000e+000
 4.937500e+001  9.906433e-001  0.000000e+000
 4.950000e+001  9.933192e-001  0.000000e+000
 4.962500e+001  9.921944e-001  0.000000e+000
 4.975000e+001  9.948533e-001  0.000000e+000
 4.987500e+001  9.933639e-001  0.000000e+000
 5.000000e+001  9.931806e-001  0.000000e+000
 5.012500e+001  9.949736e-001  0.000000e+000
 5.025000e+001  9.932722e-001  0.000000e+000
 5.037500e+001  9.931304e-001  0.000000e+000
 5.050000e+001  9.941931e-001  0.000000e+000
 5.062500e+001  9.936872e-001  0.000000e+000
 5.075000e+001  9.933089e-001  0.000000e+000
 5.087500e+001  9.945028e-001  0.000000e+000
 5.100000e+001  9.934999e-001  0.000000e+000
 5.112500e+001  9.941036e-001  0.000000e+000
 5.125000e+001  9.938086e-001  0.000000e+000
 5.137500e+001  9.908076e-001  0.000000e+000
 5.150000e+001  9.927282e-001  0.000000e+000
 5.162500e+001  9.928676e-001  0.000000e+000
 5.175000e+001  9.926853e-001  0.000000e+000
 5.187500e+001  9.930834e-001  0.000000e+000
 5.200000e+001  9.931047e-001  0.000000e+000
 5.212500e+001  9.905556e-001  0.000000e+000
 5.225000e+001  9.930532e-001  0.000000e+000
 5.237500e+001  9.942027e-001  0.000000e+000
 5.250000e+001  9.929243e-001  0.000000e+000
 5.262500e+001  9.921860e-001  0.000000e+000
 5.275000e+001  9.928808e-001  0.000000e+000
 5.287500e+001  9.910856e-001  0.000000e+000
 5.300000e+001  9.937458e-001  0.000000e+000
 5.312500e+001  9.938040e-001  0.000000e+000
 5.325000e+001  9.928645e-001  0.000000e+000
 5.337500e+001  9.930669e-001  0.000000e+000
 5.350000e+001  9.930258e-001  0.000000e+000
 5.362500e+001  9.931833e-001  0.000000e+000
 5.375000e+001  9.920804e-001  0.000000e+000
 5.387500e+001  9.936967e-001  0.000000e+000
 5.400000e+001  9.924357e-001  0.000000e+000
 5.412500e+001  9.930179e-001  0.000000e+000
 5.425000e+001  9.926603e-001  0.000000e+000
 5.437500e+001  9.930827e-001  0.000000e+000
 5.450000e+001  9.930153e-001  0.000000e+000
 5.462500e+001  9.932685e-001  0.000000e+000
 5.475000e+001  9.928202e-001  0.000000e+000
 5.487500e+001  9.930603e-001  0.000000e+000
 5.500000e+001  9.929814e-001  0.000000e+000
 5.512500e+001  9.940615e-001  0.000000e+000
 5.525000e+001  9.940964e-001  0.000000e+000
 5.537500e+001  9.936482e-001  0.000000e+000
 5.550000e+001  9.929576e-001  0.000000e+000
 5.562500e+001  9.937948e-001  0.000000e+000
 5.575000e+001  9.938763e-001  0.000000e+000
 5.587500e+001  9.937571e-001  0.000000e+000
 5.600000e+001  9.929756e-001  0.000000e+000
 5.612500e+001  9.943537e-001  0.000000e+000
 5.625000e+001  9.926934e-001  0.000000e+000
 5.637500e+001  9.917952e-001  0.000000e+000
 5.650000e+001  9.943810e-001  0.000000e+000
 5.662500e+001  9.916996e-001  0.000000e+000
 5.675000e+001  9.948971e-001  0.000000e+000
 5.687500e+001  9.904549e-001  0.000000e+000
 5.700000e+001  9.923390e-001  0.000000e+000
 5.712500e+001  9.930980e-001  0.000000e+000
 5.725000e+001  9.949887e-001  0.000000e+000
 5.737500e+001  9.940090e-001  0.000000e+000
 5.750000e+001  9.944922e-001  0.000000e+000
 5.762500e+001  9.911264e-001  0.000000e+000
 5.775000e+001  9.949180e-001  0.000000e+000
 5.787500e+001  9.940627e-001  0.000000e+000
 5.800000e+001  9.930907e-001  0.000000e+000
 5.812500e+001  9.937571e-001  0.000000e+000
 5.825000e+001  9.925174e-001  0.000000e+000
 5.837500e+001  9.940947e-001  0.000000e+000
 5.850000e+001  9.935905e-001  0.000000e+000
 5.862500e+001  9.947203e-001  0.000000e+000
 5.875000e+001  9.931392e-001  0.000000e+000
 5.887500e+001  9.942641e-001  0.000000e+000
 5.900000e+001  9.921723e-001  0.000000e+000
 5.912500e+001  9.948858e-001  0.000000e+000
 5.925000e+001  9.919143e-001  0.000000e+000
 5.937500e+001  9.929911e-001  0.000000e+000
 5.950000e+001  9.927897e-001  0.000000e+000
 5.962500e+001  9.950628e-001  0.000000e+000
 5.975000e+001  9.909123e-001  0.000000e+000
 5.987500e+001  9.931049e-001  0.000000e+000
 6.000000e+001  9.888641e-001  0.000000e+000
 6.012500e+001  9.939935e-001  0.000000e+000
 6.025000e+001  9.924151e-001  0.000000e+000
 6.037500e+001  9.945462e-001  0.000000e+000
 6.050000e+001  9.942861e-001  0.000000e+000
 6.062500e+001  9.933482e-001  0.000000e+000
 6.075000e+001  9.944900e-001  0.000000e+000
 6.087500e+001  9.932509e-001  0.000000e+000
 6.100000e+001  9.912794e-001  0.000000e+000
 6.112500e+001  9.917467e-001  0.000000e+000
 6.125000e+001  9.940052e-001  0.000000e+000
 6.137500e+001  9.930632e-001  0.000000e+000
 6.150000e+001  9.928579e-001  0.000000e+000
 6.162500e+001  9.937733e-001  0.000000e+000
 6.175000e+001  9.923878e-001  0.000000e+000
 6.187500e+001  9.931134e-001  0.000000e+000
 6.200000e+001  9.934821e-001  0.000000e+000
 6.212500e+001  9.942970e-001  0.000000e+000
 6.225000e+001  9.922770e-001  0.000000e+000
 6.237500e+001  9.927756e-001  0.000000e+000
 6.250000e+001  9.934925e-001  0.000000e+000
 6.262500e+001  9.941874e-001  0.000000e+000
 6.275000e+001  9.934590e-001  0.000000e+000
 6.287500e+001  9.926321e-001  0.000000e+000
 6.300000e+001  9.956673e-001  0.000000e+000
 6.312500e+001  9.913522e-001  0.000000e+000
 6.325000e+001  9.931046e-001  0.000000e+000
 6.337500e+001  9.934113e-001  0.000000e+000
 6.350000e+001  9.929862e-001  0.000000e+000
 6.362500e+001  9.921700e-001  0.000000e+000
 6.375000e+001  9.939111e-001  0.000000e+000
 6.387500e+001  9.931068e-001  0.000000e+000
 6.400000e+001  9.954435e-001  0.000000e+000
 6.412500e+001  9.946666e-001  0.000000e+000
 6.425000e+001  9.924166e-001  0.000000e+000
 6.437500e+001  9.930145e-001  0.000000e+000
 6.450000e+001  9.930971e-001  0.000000e+000
 6.462500e+001  9.921910e-001  0.000000e+000
 6.475000e+001  9.957319e-001  0.000000e+000
 6.487500e+001  9.935012e-001  0.000000e+000
 6.500000e+001  9.933642e-001  0.000000e+000
 6.512500e+001  9.927929e-001  0.000000e+000
 6.525000e+001  9.929950e-001  0.000000e+000
 6.537500e+001  9.926549e-001  0.000000e+000
 6.550000e+001  9.948541e-001  0.000000e+000
 6.562500e+001  9.925372e-001  0.000000e+000
 6.575000e+001  9.943630e-001  0.000000e+000
 6.587500e+001  9.924038e-001  0.000000e+000
 6.600000e+001  9.937022e-001  0.000000e+000
 6.612500e+001  9.943793e-001  0.000000e+000
 6.625000e+001  9.934051e-001  0.000000e+000
 6.637500e+001  9.916625e-001  0.000000e+000
 6.650000e+001  9.933490e-001  0.000000e+000
 6.662500e+001  9.920513e-001  0.000000e+000
 6.675000e+001  9.926097e-001  0.000000e+000
 6.687500e+001  9.926541e-001  0.000000e+000
 6.700000e+001  9.912017e-001  0.000000e+000
 6.712500e+001  9.925156e-001  0.000000e+000
 6.725000e+001  9.943262e-001  0.000000e+000
 6.737500e+001  9.919370e-001  0.000000e+000
 6.750000e+001  9.935580e-001  0.000000e+000
 6.762500e+001  9.934144e-001  0.000000e+000
 6.775000e+001  9.912733e-001  0.000000e+000
 6.787500e+001  9.915676e-001  0.000000e+000
 6.800000e+001  9.929969e-001  0.000000e+000
 6.812500e+001  9.925632e-001  0.000000e+000
 6.825000e+001  9.912463e-001  0.000000e+000
 6.837500e+001  9.932013e-001  0.000000e+000
 6.850000e+001  9.925122e-001  0.000000e+000
 6.862500e+001  9.923066e-001  0.000000e+000
 6.875000e+001  9.926097e-001  0.000000e+000
 6.887500e+001  9.916902e-001  0.000000e+000
 6.900000e+001  9.917158e-001  0.000000e+000
 6.912500e+001  9.914142e-001  0.000000e+000
 6.925000e+001  9.911892e-001  0.000000e+000
 6.937500e+001  9.921907e-001  0.000000e+000
 6.950000e+001  9.930470e-001  0.000000e+000
 6.962500e+001  9.910077e-001  0.000000e+000
 6.975000e+001  9.920097e-001  0.000000e+000
 6.987500e+001  9.917117e-001  0.000000e+000
 7.000000e+001  9.906059e-001  0.000000e+000
 7.012500e+001  9.912608e-001  0.000000e+000
 7.025000e+001  9.914759e-001  0.000000e+000
 7.037500e+001  9.915133e-001  0.000000e+000
 7.050000e+001  9.902431e-001  0.000000e+000
 7.062500e+001  9.915492e-001  0.000000e+000
 7.075000e+001  9.918857e-001  0.000000e+000
 7.087500e+001  9.904438e-001  0.000000e+000
 7.100000e+001  9.925950e-001  0.000000e+000
 7.112500e+001  9.902522e-001  0.000000e+000
 7.125000e+001  9.906296e-001  0.000000e+000
 7.137500e+001  9.911225e-001  0.000000e+000
 7.150000e+001  9.918437e-001  0.000000e+000
 7.162500e+001  9.911863e-001  0.000000e+000
 7.175000e+001  9.901775e-001  0.000000e+000
 7.187500e+001  9.906154e-001  0.000000e+000
 7.200000e+001  9.888569e-001  0.000000e+000
 7.212500e+001  9.894958e-001  0.000000e+000
 7.225000e+001  9.900280e-001  0.000000e+000
 7.237500e+001  9.891700e-001  0.000000e+000
 7.250000e+001  9.881889e-001  0.000000e+000
 7.262500e+001  9.885239e-001  0.000000e+000
 7.275000e+001  9.887239e-001  0.000000e+000
 7.287500e+001  9.878834e-001  0.000000e+000
 7.300000e+001  9.891501e-001  0.000000e+000
 7.312500e+001  9.902066e-001  0.000000e+000
 7.325000e+001  9.891261e-001  0.000000e+000
 7.337500e+001  9.870931e-001  0.000000e+000
 7.350000e+001  9.879871e-001  0.000000e+000
 7.362500e+001  9.888129e-001  0.000000e+000
 7.375000e+001  9.894254e-001  0.000000e+000
 7.387500e+001  9.892365e-001  0.000000e+000
 7.400000e+001  9.884456e-001  0.000000e+000
 7.412500e+001  9.895598e-001  0.000000e+000
 7.425000e+001  9.900876e-001  0.000000e+000
 7.437500e+001  9.892361e-001  0.000000e+000
 7.450000e+001  9.875686e-001  0.000000e+000
 7.462500e+001  9.890517e-001  0.000000e+000
 7.475000e+001  9.871435e-001  0.000000e+000
 7.487500e+001  9.881439e-001  0.000000e+000
 7.500000e+001  9.886075e-001  0.000000e+000
 7.512500e+001  9.879225e-001  0.000000e+000
 7.525000e+001  9.879147e-001  0.000000e+000
 7.537500e+001  9.872460e-001  0.000000e+000
 7.550000e+001  9.882907e-001  0.000000e+000
 7.562500e+001  9.873008e-001  0.000000e+000
 7.575000e+001  9.873985e-001  0.000000e+000
 7.587500e+001  9.877165e-001  0.000000e+000
 7.600000e+001  9.879633e-001  0.000000e+000
 7.612500e+001  9.871455e-001  0.000000e+000
 7.625000e+001  9.880693e-001  0.000000e+000
 7.637500e+001  9.860586e-001  0.000000e+000
 7.650000e+001  9.866201e-001  0.000000e+000
 7.662500e+001  9.862970e-001  0.000000e+000
 7.675000e+001  9.858749e-001  0.000000e+000
 7.687500e+001  9.874243e-001  0.000000e+000
 7.700000e+001  9.864933e-001  0.000000e+000
 7.712500e+001  9.859582e-001  0.000000e+000
 7.725000e+001  9.860672e-001  0.000000e+000
 7.737500e+001  9.858034e-001  0.000000e+000
 7.750000e+001  9.847996e-001  0.000000e+000
 7.762500e+001  9.864953e-001  0.000000e+000
 7.775000e+001  9.849738e-001  0.000000e+000
 7.787500e+001  9.854860e-001  0.000000e+000
 7.800000e+001  9.864461e-001  0.000000e+000
 7.812500e+001  9.849467e-001  0.000000e+000
 7.825000e+001  9.866210e-001  0.000000e+000
 7.837500e+001  9.848572e-001  0.000000e+000
 7.850000e+001  9.857461e-001  0.000000e+000
 7.862500e+001  9.844579e-001  0.000000e+000
 7.875000e+001  9.858309e-001  0.000000e+000
 7.887500e+001  9.851478e-001  0.000000e+000
 7.900000e+001  9.851777e-001  0.000000e+000
 7.912500e+001  9.841921e-001  0.000000e+000
 7.925000e+001  9.842656e-001  0.000000e+000
 7.937500e+001  9.850714e-001  0.000000e+000
 7.950000e+001  9.835228e-001  0.000000e+000
 7.962500e+001  9.771234e-001  0.000000e+000
 7.975000e+001  9.689116e-001  0.000000e+000
 7.987500e+001  9.782097e-001  0.000000e+000
 8.000000e+001  9.807991e-001  0.000000e+000
 8.012500e+001  9.808527e-001  0.000000e+000
 8.025000e+001  9.808639e-001  0.000000e+000
 8.037500e+001  9.812520e-001  0.000000e+000
 8.050000e+001  9.820645e-001  0.000000e+000
 8.062500e+001  9.821203e-001  0.000000e+000
 8.075000e+001  9.825037e-001  0.000000e+000
 8.087500e+001  9.814107e-001  0.000000e+000
 8.100000e+001  9.818540e-001  0.000000e+000
 8.112500e+001  9.823220e-001  0.000000e+000
 8.125000e+001  9.804932e-001  0.000000e+000
 8.137500e+001  9.828547e-001  0.000000e+000
 8.150000e+001  9.823322e-001  0.000000e+000
 8.162500e+001  9.818969e-001  0.000000e+000
 8.175000e+001  9.820313e-001  0.000000e+000
 8.187500e+001  9.805343e-001  0.000000e+000
 8.200000e+001  9.809907e-001  0.000000e+000
 8.212500e+001  9.811087e-001  0.000000e+000
 8.225000e+001  9.801470e-001  0.000000e+000
 8.237500e+001  9.801235e-001  0.000000e+000
 8.250000e+001  9.813061e-001  0.000000e+000
 8.262500e+001  9.806165e-001  0.000000e+000
 8.275000e+001  9.807140e-001  0.000000e+000
 8.287500e+001  9.785128e-001  0.000000e+000
 8.300000e+001  9.806557e-001  0.000000e+000
 8.312500e+001  9.802476e-001  0.000000e+000
 8.325000e+001  9.810470e-001  0.000000e+000
 8.337500e+001  9.801216e-001  0.000000e+000
 8.350000e+001  9.801715e-001  0.000000e+000
 8.362500e+001  9.782410e-001  0.000000e+000
 8.375000e+001  9.788320e-001  0.000000e+000
 8.387500e+001  9.808115e-001  0.000000e+000
 8.400000e+001  9.781892e-001  0.000000e+000
 8.412500e+001  9.776133e-001  0.000000e+000
 8.425000e+001  9.793226e-001  0.000000e+000
 8.437500e+001  9.780251e-001  0.000000e+000
 8.450000e+001  9.784407e-001  0.000000e+000
 8.462500e+001  9.780465e-001  0.000000e+000
 8.475000e+001  9.793093e-001  0.000000e+000
 8.487500e+001  9.789401e-001  0.000000e+000
 8.500000e+001  9.781148e-001  0.000000e+000
 8.512500e+001  9.791352e-001  0.000000e+000
 8.525000e+001  9.767094e-001  0.000000e+000
 8.537500e+001  9.776588e-001  0.000000e+000
 8.550000e+001  9.783344e-001  0.000000e+000
 8.562500e+001  9.767437e-001  0.000000e+000
 8.575000e+001  9.774762e-001  0.000000e+000
 8.587500e+001  9.769956e-001  0.000000e+000
 8.600000e+001  9.753523e-001  0.000000e+000
 8.612500e+001  9.770830e-001  0.000000e+000
 8.625000e+001  9.726501e-001  0.000000e+000
 8.637500e+001  9.779372e-001  0.000000e+000
 8.650000e+001  9.791571e-001  0.000000e+000
 8.662500e+001  9.753392e-001  0.000000e+000
 8.675000e+001  9.766818e-001  0.000000e+000
 8.687500e+001  9.768323e-001  0.000000e+000
 8.700000e+001  9.737638e-001  0.000000e+000
 8.712500e+001  9.782400e-001  0.000000e+000
 8.725000e+001  9.745362e-001  0.000000e+000
 8.737500e+001  9.755291e-001  0.000000e+000
 8.750000e+001  9.765173e-001  0.000000e+000
 8.762500e+001  9.763408e-001  0.000000e+000
 8.775000e+001  9.742162e-001  0.000000e+000
 8.787500e+001  9.726136e-001  0.000000e+000
 8.800000e+001  9.745889e-001  0.000000e+000
 8.812500e+001  9.740661e-001  0.000000e+000
 8.825000e+001  9.754751e-001  0.000000e+000
 8.837500e+001  9.719617e-001  0.000000e+000
 8.850000e+001  9.709980e-001  0.000000e+000
 8.862500e+001  9.722064e-001  0.000000e+000
 8.875000e+001  9.777215e-001  0.000000e+000
 8.887500e+001  9.739212e-001  0.000000e+000
 8.900000e+001  9.765477e-001  0.000000e+000
 8.912500e+001  9.767084e-001  0.000000e+000
 8.925000e+001  9.713277e-001  0.000000e+000
 8.937500e+001  9.754572e-001  0.000000e+000
 8.950000e+001  9.762875e-001  0.000000e+000
 8.962500e+001  9.749187e-001  0.000000e+000
 8.975000e+001  9.724168e-001  0.000000e+000
 8.987500e+001  9.668310e-001  0.000000e+000
 9.000000e+001  9.696341e-001  0.000000e+000
 9.012500e+001  9.694992e-001  0.000000e+000
 9.025000e+001  9.659015e-001  0.000000e+000
 9.037500e+001  9.687746e-001  0.000000e+000
 9.050000e+001  9.682156e-001  0.000000e+000
 9.062500e+001  9.742064e-001  0.000000e+000
 9.075000e+001  9.638060e-001  0.000000e+000
 9.087500e+001  9.620422e-001  0.000000e+000
 9.100000e+001  9.677655e-001  0.000000e+000
 9.112500e+001  9.739887e-001  0.000000e+000
 9.125000e+001  9.648994e-001  0.000000e+000
 9.137500e+001  9.663457e-001  0.000000e+000
 9.150000e+001  9.706246e-001  0.000000e+000
 9.162500e+001  9.689927e-001  0.000000e+000
 9.175000e+001  9.700745e-001  0.000000e+000
 9.187500e+001  9.724264e-001  0.000000e+000
 9.200000e+001  9.609451e-001  0.000000e+000
 9.212500e+001  9.636524e-001  0.000000e+000
 9.225000e+001  9.620835e-001  0.000000e+000
 9.237500e+001  9.648497e-001  0.000000e+000
 9.250000e+001  9.628308e-001  0.000000e+000
 9.262500e+001  9.634311e-001  0.000000e+000
 9.275000e+001  9.536483e-001  0.000000e+000
 9.287500e+001  9.528661e-001  0.000000e+000
 9.300000e+001  9.652989e-001  0.000000e+000
 9.312500e+001  9.581291e-001  0.000000e+000
 9.325000e+001  9.558198e-001  0.000000e+000
 9.337500e+001  9.556408e-001  0.000000e+000
 9.350000e+001  9.654648e-001  0.000000e+000
 9.362500e+001  9.640191e-001  0.000000e+000
 9.375000e+001  9.616861e-001  0.000000e+000
 9.387500e+001  9.572276e-001  0.000000e+000
 9.400000e+001  9.686685e-001  0.000000e+000
 9.412500e+001  9.553598e-001  0.000000e+000
 9.425000e+001  9.499050e-001  0.000000e+000
 9.437500e+001  9.555842e-001  0.000000e+000
 9.450000e+001  9.596093e-001  0.000000e+000
 9.462500e+001  9.613202e-001  0.000000e+000
 9.475000e+001  9.563600e-001  0.000000e+000
 9.487500e+001  9.585451e-001  0.000000e+000
 9.500000e+001  9.502618e-001  0.000000e+000
 9.512500e+001  9.554546e-001  0.000000e+000
 9.525000e+001  9.553866e-001  0.000000e+000
 9.537500e+001  9.554542e-001  0.000000e+000
 9.550000e+001  9.499589e-001  0.000000e+000
 9.562500e+001  9.512891e-001  0.000000e+000
 9.575000e+001  9.532167e-001  0.000000e+000
 9.587500e+001  9.514967e-001  0.000000e+000
 9.600000e+001  9.442273e-001  0.000000e+000
 9.612500e+001  9.362220e-001  0.000000e+000
 9.625000e+001  9.334303e-001  0.000000e+000
 9.637500e+001  9.419991e-001  0.000000e+000
 9.650000e+001  9.324141e-001  0.000000e+000
 9.662500e+001  9.317000e-001  0.000000e+000
 9.675000e+001  9.401154e-001  0.000000e+000
 9.687500e+001  9.436888e-001  0.000000e+000
 9.700000e+001  9.382640e-001  0.000000e+000
 9.712500e+001  9.446091e-001  0.000000e+000
 9.725000e+001  9.150007e-001  0.000000e+000
 9.737500e+001  9.364928e-001  0.000000e+000
 9.750000e+001  9.390242e-001  0.000000e+000
 9.762500e+001  9.454096e-001  0.000000e+000
 9.775000e+001  9.339788e-001  0.000000e+000
 9.787500e+001  9.350847e-001  0.000000e+000
 9.800000e+001  9.291483e-001  0.000000e+000
 9.812500e+001  9.330606e-001  0.000000e+000
 9.825000e+001  9.224877e-001  0.000000e+000
 9.837500e+001  9.019820e-001  0.000000e+000
 9.850000e+001  9.220745e-001  0.000000e+000
 9.862500e+001  9.305012e-001  0.000000e+000
 9.875000e+001  9.316440e-001  0.000000e+000
 9.887500e+001  9.214010e-001  0.000000e+000
 9.900000e+001  9.107468e-001  0.000000e+000
 9.912500e+001  9.160240e-001  0.000000e+000
 9.925000e+001  9.017333e-001  0.000000e+000
 9.937500e+001  9.036189e-001  0.000000e+000
 9.950000e+001  9.134797e-001  0.000000e+000
 9.962500e+001  8.971244e-001  0.000000e+000
 9.975000e+001  9.011174e-001  0.000000e+000
 9.987500e+001  8.962193e-001  0.000000e+000
 1.000000e+002  8.762410e-001  0.000000e+000
 1.001250e+002  8.981676e-001  0.000000e+000
 1.002500e+002  8.952666e-001  0.000000e+000
 1.003750e+002  8.987018e-001  0.000000e+000
 1.005000e+002  8.991857e-001  0.000000e+000
 1.006250e+002  9.098177e-001  0.000000e+000
 1.007500e+002  8.884255e-001  0.000000e+000
 1.008750e+002  8.969897e-001  0.000000e+000
 1.010000e+002  8.957711e-001  0.000000e+000
 1.011250e+002  8.892404e-001  0.000000e+000
 1.012500e+002  8.999456e-001  0.000000e+000
 1.013750e+002  9.086173e-001  0.000000e+000
 1.015000e+002  8.909080e-001  0.000000e+000
 1.016250e+002  8.647861e-001  0.000000e+000
 1.017500e+002  8.926351e-001  0.000000e+000
 1.018750e+002  8.871430e-001  0.000000e+000
 1.020000e+002  8.753015e-001  0.000000e+000
 1.021250e+002  8.538461e-001  0.000000e+000
 1.022500e+002  8.591011e-001  0.000000e+000
 1.023750e+002  8.678391e-001  0.000000e+000
 1.025000e+002  8.674051e-001  0.000000e+000
 1.026250e+002  8.699380e-001  0.000000e+000
 1.027500e+002  8.619452e-001  0.000000e+000
 1.028750e+002  8.778871e-001  0.000000e+000
 1.030000e+002  8.564656e-001  0.000000e+000
 1.031250e+002  8.543512e-001  0.000000e+000
 1.032500e+002  8.376659e-001  0.000000e+000
 1.033750e+002  8.357292e-001  0.000000e+000
 1.035000e+002  8.717458e-001  0.000000e+000
 1.036250e+002  8.690764e-001  0.000000e+000
 1.037500e+002  8.356345e-001  0.000000e+000
 1.038750e+002  8.495466e-001  0.000000e+000
 1.040000e+002  8.295049e-001  0.000000e+000
 1.041250e+002  8.524389e-001  0.000000e+000
 1.042500e+002  8.518668e-001  0.000000e+000
 1.043750e+002  8.649748e-001  0.000000e+000
 1.045000e+002  8.467442e-001  0.000000e+000
 1.046250e+002  8.491440e-001  0.000000e+000
 1.047500e+002  8.360859e-001  0.000000e+000
 1.048750e+002  8.368533e-001  0.000000e+000
 1.050000e+002  8.412505e-001  0.000000e+000
 1.051250e+002  8.185008e-001  0.000000e+000
 1.052500e+002  8.431232e-001  0.000000e+000
 1.053750e+002  8.517850e-001  0.000000e+000
 1.055000e+002  8.054147e-001  0.000000e+000
 1.056250e+002  8.287295e-001  0.000000e+000
 1.057500e+002  8.243963e-001  0.000000e+000
 1.058750e+002  7.937394e-001  0.000000e+000
 1.060000e+002  8.351223e-001  0.000000e+000
 1.061250e+002  8.109800e-001  0.000000e+000
 1.062500e+002  8.003355e-001  0.000000e+000
 1.063750e+002  7.717679e-001  0.000000e+000
 1.065000e+002  7.985600e-001  0.000000e+000
 1.066250e+002  8.058024e-001  0.000000e+000
 1.067500e+002  8.210499e-001  0.000000e+000
 1.068750e+002  8.030828e-001  0.000000e+000
 1.070000e+002  7.665678e-001  0.000000e+000
 1.071250e+002  7.612684e-001  0.000000e+000
 1.072500e+002  7.689230e-001  0.000000e+000
 1.073750e+002  8.001471e-001  0.000000e+000
 1.075000e+002  7.914640e-001  0.000000e+000
 1.076250e+002  7.939395e-001  0.000000e+000
 1.077500e+002  7.286740e-001  0.000000e+000
 1.078750e+002  7.559910e-001  0.000000e+000
 1.080000e+002  7.420961e-001  0.000000e+000
 1.081250e+002  7.863584e-001  0.000000e+000
 1.082500e+002  7.420163e-001  0.000000e+000
 1.083750e+002  7.457674e-001  0.000000e+000
 1.085000e+002  7.837797e-001  0.000000e+000
 1.086250e+002  7.728892e-001  0.000000e+000
 1.087500e+002  7.605389e-001  0.000000e+000
 1.088750e+002  7.387177e-001  0.000000e+000
 1.090000e+002  7.399962e-001  0.000000e+000
 1.091250e+002  7.573345e-001  0.000000e+000
 1.092500e+002  7.547714e-001  0.000000e+000
 1.093750e+002  7.264063e-001  0.000000e+000
 1.095000e+002  7.357166e-001  0.000000e+000
 1.096250e+002  7.506073e-001  0.000000e+000
 1.097500e+002  7.566023e-001  0.000000e+000
 1.098750e+002  7.572622e-001  0.000000e+000
 1.100000e+002  7.380020e-001  0.000000e+000
 1.101250e+002  7.515090e-001  0.000000e+000
 1.102500e+002  6.951690e-001  0.000000e+000
 1.103750e+002  7.175056e-001  0.000000e+000
 1.105000e+002  6.794420e-001  0.000000e+000
 1.106250e+002  7.108471e-001  0.000000e+000
 1.107500e+002  6.506505e-001  0.000000e+000
 1.108750e+002  6.702504e-001  0.000000e+000
 1.110000e+002  7.225155e-001  0.000000e+000
 1.111250e+002  7.063774e-001  0.000000e+000
 1.112500e+002  6.363300e-001  0.000000e+000
 1.113750e+002  6.832734e-001  0.000000e+000
 1.115000e+002  7.000680e-001  0.000000e+000
 1.116250e+002  6.691090e-001  0.000000e+000
 1.117500e+002  6.119974e-001  0.000000e+000
 1.118750e+002  6.401293e-001  0.000000e+000
 1.120000e+002  6.281413e-001  0.000000e+000
 1.121250e+002  7.164373e-001  0.000000e+000
 1.122500e+002  6.737444e-001  0.000000e+000
 1.123750e+002  6.849742e-001  0.000000e+000
 1.125000e+002  6.970019e-001  0.000000e+000
 1.126250e+002  7.353492e-001  0.000000e+000
 1.127500e+002  6.978804e-001  0.000000e+000
 1.128750e+002  7.248250e-001  0.000000e+000
 1.130000e+002  7.479680e-001  0.000000e+000
 1.131250e+002  7.448123e-001  0.000000e+000
 1.132500e+002  7.351552e-001  0.000000e+000
 1.133750e+002  7.499748e-001  0.000000e+000
 1.135000e+002  7.070015e-001  0.000000e+000
 1.136250e+002  7.314880e-001  0.000000e+000
 1.137500e+002  7.110465e-001  0.000000e+000
 1.138750e+002  7.266625e-001  0.000000e+000
 1.140000e+002  7.142641e-001  0.000000e+000
 1.141250e+002  6.847636e-001  0.000000e+000
 1.142500e+002  7.560396e-001  0.000000e+000
 1.143750e+002  6.844802e-001  0.000000e+000
 1.145000e+002  7.088793e-001  0.000000e+000
 1.146250e+002  7.184315e-001  0.000000e+000
 1.147500e+002  6.918217e-001  0.000000e+000
 1.148750e+002  7.347566e-001  0.000000e+000
 1.150000e+002  6.972106e-001  0.000000e+000
 1.151250e+002  6.802683e-001  0.000000e+000
 1.152500e+002  7.176977e-001  0.000000e+000
 1.153750e+002  6.679421e-001  0.000000e+000
 1.155000e+002  7.239488e-001  0.000000e+000
 1.156250e+002  7.141476e-001  0.000000e+000
 1.157500e+002  6.567556e-001  0.000000e+000
 1.158750e+002  6.724983e-001  0.000000e+000
 1.160000e+002  6.613172e-001  0.000000e+000
 1.161250e+002  6.939568e-001  0.000000e+000
 1.162500e+002  6.461138e-001  0.000000e+000
 1.163750e+002  7.099240e-001  0.000000e+000
 1.165000e+002  7.042803e-001  0.000000e+000
 1.166250e+002  6.680676e-001  0.000000e+000
 1.167500e+002  6.419690e-001  0.000000e+000
 1.168750e+002  6.849702e-001  0.000000e+000
 1.170000e+002  6.146784e-001  0.000000e+000
 1.171250e+002  6.278086e-001  0.000000e+000
 1.172500e+002  6.748936e-001  0.000000e+000
 1.173750e+002  6.479715e-001  0.000000e+000
 1.175000e+002  6.941236e-001  0.000000e+000
 1.176250e+002  7.185429e-001  0.000000e+000
 1.177500e+002  6.808543e-001  0.000000e+000
 1.178750e+002  6.926556e-001  0.000000e+000
 1.180000e+002  7.126511e-001  0.000000e+000
 1.181250e+002  6.549069e-001  0.000000e+000
 1.182500e+002  6.964784e-001  0.000000e+000
 1.183750e+002  6.329822e-001  0.000000e+000
 1.185000e+002  6.855180e-001  0.000000e+000
 1.186250e+002  7.053026e-001  0.000000e+000
 1.187500e+002  6.974904e-001  0.000000e+000
 1.188750e+002  7.374128e-001  0.000000e+000
 1.190000e+002  6.346267e-001  0.000000e+000
 1.191250e+002  6.890725e-001  0.000000e+000
 1.192500e+002  7.625456e-001  0.000000e+000
 1.193750e+002  6.504768e-001  0.000000e+000
 1.195000e+002  7.255653e-001  0.000000e+000
 1.196250e+002  7.001409e-001  0.000000e+000
 1.197500e+002  7.324115e-001  0.000000e+000
 1.198750e+002  6.449305e-001  0.000000e+000
 1.200000e+002  5.630447e-001  0.000000e+000
 1.201250e+002  7.675973e-001  0.000000e+000
 1.202500e+002  7.749093e-001  0.000000e+000
 1.203750e+002  7.189600e-001  0.000000e+000
 1.205000e+002  7.254554e-001  0.000000e+000
 1.206250e+002  7.891487e-001  0.000000e+000
 1.207500e+002  7.562799e-001  0.000000e+000
 1.208750e+002  7.456262e-001  0.000000e+000
 1.210000e+002  7.064533e-001  0.000000e+000
 1.211250e+002  7.818178e-001  0.000000e+000
 1.212500e+002  7.821133e-001  0.000000e+000
 1.213750e+002  7.127122e-001  0.000000e+000
 1.215000e+002  8.576924e-001  0.000000e+000
 1.216250e+002  7.376353e-001  0.000000e+000
 1.217500e+002  7.560142e-001  0.000000e+000
 1.218750e+002  7.719223e-001  0.000000e+000
 1.220000e+002  6.997052e-001  0.000000e+000
 1.221250e+002  7.932178e-001  0.000000e+000
 1.222500e+002  7.863997e-001  0.000000e+000
 1.223750e+002  8.015944e-001  0.000000e+000
 1.225000e+002  8.016958e-001  0.000000e+000
 1.226250e+002  8.358015e-001  0.000000e+000
 1.227500e+002  7.621448e-001  0.000000e+000
 1.228750e+002  7.681890e-001  0.000000e+000
 1.230000e+002  8.234646e-001  0.000000e+000
 1.231250e+002  7.386934e-001  0.000000e+000
 1.232500e+002  8.128188e-001  0.000000e+000
 1.233750e+002  7.462140e-001  0.000000e+000
 1.235000e+002  7.990226e-001  0.000000e+000
 1.236250e+002  8.158574e-001  0.000000e+000
 1.237500e+002  7.428941e-001  0.000000e+000
 1.238750e+002  8.147116e-001  0.000000e+000
 1.240000e+002  7.375857e-001  0.000000e+000
 1.241250e+002  8.323271e-001  0.000000e+000
 1.242500e+002  7.051447e-001  0.000000e+000
 1.243750e+002  8.300461e-001  0.000000e+000
 1.245000e+002  7.566207e-001  0.000000e+000
 1.246250e+002  7.425820e-001  0.000000e+000
 1.247500e+002  7.585742e-001  0.000000e+000
 1.248750e+002  7.890705e-001  0.000000e+000
 1.250000e+002  7.109210e-001  0.000000e+000
 1.251250e+002  6.415845e-001  0.000000e+000
 1.252500e+002  6.953166e-001  0.000000e+000
 1.253750e+002  6.351836e-001  0.000000e+000
 1.255000e+002  7.150700e-001  0.000000e+000
 1.256250e+002  6.999894e-001  0.000000e+000
 1.257500e+002  7.022443e-001  0.000000e+000
 1.258750e+002  7.497967e-001  0.000000e+000
 1.260000e+002  6.959903e-001  0.000000e+000
 1.261250e+002  5.402023e-001  0.000000e+000
 1.262500e+002  6.168366e-001  0.000000e+000
 1.263750e+002  6.833172e-001  0.000000e+000
 1.265000e+002  6.955418e-001  0.000000e+000
 1.266250e+002  7.436418e-001  0.000000e+000
 1.267500e+002  6.197506e-001  0.000000e+000
 1.268750e+002  6.327403e-001  0.000000e+000
 1.270000e+002  6.954921e-001  0.000000e+000
 1.271250e+002  7.131857e-001  0.000000e+000
 1.272500e+002  7.409953e-001  0.000000e+000
 1.273750e+002  7.372880e-001  0.000000e+000
 1.275000e+002  6.965795e-001  0.000000e+000
 1.276250e+002  6.300247e-001  0.000000e+000
 1.277500e+002  6.973674e-001  0.000000e+000
 1.278750e+002  6.422139e-001  0.000000e+000
 1.280000e+002  7.337081e-001  0.000000e+000
