 0.000000e+000  6.303716e-007  0.000000e+000
 1.250000e-001  1.473306e-007 -5.140872e-007
 2.500000e-001 -1.419190e-007 -1.083987e-006
 3.750000e-001 -6.261770e-007 -1.435927e-006
 5.000000e-001 -1.097647e-006 -1.487292e-006
 6.250000e-001 -1.402009e-006 -1.506473e-006
 7.500000e-001 -1.735006e-006 -1.408804e-006
 8.750000e-001 -1.891026e-006 -1.305463e-006
 1.000000e+000 -2.018593e-006 -1.199092e-006
 1.125000e+000 -2.103047e-006 -1.139405e-006
 1.250000e+000 -2.205188e-006 -1.066423e-006
 1.375000e+000 -2.273818e-006 -9.785633e-007
 1.500000e+000 -2.338387e-006 -9.156015e-007
 1.625000e+000 -2.371680e-006 -8.548967e-007
 1.750000e+000 -2.412499e-006 -8.219604e-007
 1.875000e+000 -2.446351e-006 -7.749173e-007
 2.000000e+000 -2.464683e-006 -7.131222e-007
 2.125000e+000 -2.463417e-006 -6.858346e-007
 2.250000e+000 -2.517542e-006 -6.529813e-007
 2.375000e+000 -2.521188e-006 -6.472893e-007
 2.500000e+000 -2.543147e-006 -5.984586e-007
 2.625000e+000 -2.557938e-006 -5.754112e-007
 2.750000e+000 -2.583853e-006 -5.519922e-007
 2.875000e+000 -2.573287e-006 -5.324369e-007
 3.000000e+000 -2.562126e-006 -4.849019e-007
 3.125000e+000 -2.327481e-006 -5.028098e-007
 3.250000e+000 -2.809252e-006 -6.235852e-007
 3.375000e+000 -2.769692e-006 -5.766760e-007
 3.500000e+000 -2.772469e-006 -5.350696e-007
 3.625000e+000 -2.822131e-006 -5.270243e-007
 3.750000e+000 -2.921560e-006 -5.651766e-007
 3.875000e+000 -3.070888e-006 -6.456872e-007
 4.000000e+000 -3.704162e-006 -8.731158e-007
 4.125000e+000 -1.622641e-006  1.626115e-006
 4.250000e+000 -2.186255e-006  4.279712e-008
 4.375000e+000 -2.474776e-006 -1.790828e-007
 4.500000e+000 -2.499739e-006 -1.833867e-007
 4.625000e+000 -2.624761e-006 -2.850401e-007
 4.750000e+000 -2.601754e-006 -2.302842e-007
 4.875000e+000 -2.616723e-006 -2.467157e-007
 5.000000e+000 -2.643063e-006 -2.620051e-007
 5.125000e+000 -2.679973e-006 -2.457313e-007
 5.250000e+000 -2.692480e-006 -2.640257e-007
 5.375000e+000 -2.718429e-006 -2.423889e-007
 5.500000e+000 -2.731081e-006 -2.257454e-007
 5.625000e+000 -2.765569e-006 -2.672752e-007
 5.750000e+000 -2.786399e-006 -2.553550e-007
 5.875000e+000 -2.770431e-006 -2.589726e-007
 6.000000e+000 -2.782704e-006 -2.602426e-007
 6.125000e+000 -2.807171e-006 -2.280328e-007
 6.250000e+000 -2.814851e-006 -2.498774e-007
 6.375000e+000 -2.831712e-006 -2.437610e-007
 6.500000e+000 -2.849508e-006 -2.269429e-007
 6.625000e+000 -2.875230e-006 -2.357164e-007
 6.750000e+000 -2.898245e-006 -2.336070e-007
 6.875000e+000 -2.921220e-006 -2.386867e-007
 7.000000e+000 -2.924725e-006 -2.538819e-007
 7.125000e+000 -2.953727e-006 -2.486660e-007
 7.250000e+000 -2.954050e-006 -2.321484e-007
 7.375000e+000 -2.983166e-006 -2.016102e-007
 7.500000e+000 -3.009356e-006 -2.237727e-007
 7.625000e+000 -3.014239e-006 -2.321870e-007
 7.750000e+000 -3.041726e-006 -2.331951e-007
 7.875000e+000 -3.043194e-006 -2.211284e-007
 8.000000e+000 -3.067519e-006 -2.208540e-007
 8.125000e+000 -3.074631e-006 -2.101650e-007
 8.250000e+000 -3.103503e-006 -2.397108e-007
 8.375000e+000 -3.107915e-006 -2.330997e-007
 8.500000e+000 -3.152487e-006 -2.319422e-007
 8.625000e+000 -3.178402e-006 -2.273982e-007
 8.750000e+000 -3.216187e-006 -2.398362e-007
 8.875000e+000 -3.189566e-006 -2.229064e-007
 9.000000e+000 -3.237957e-006 -2.243268e-007
 9.125000e+000 -3.224793e-006 -2.245671e-007
 9.250000e+000 -3.274707e-006 -2.524501e-007
 9.375000e+000 -3.330713e-006 -2.312724e-007
 9.500000e+000 -3.315674e-006 -2.266500e-007
 9.625000e+000 -3.373640e-006 -2.417962e-007
 9.750000e+000 -3.387795e-006 -2.461373e-007
 9.875000e+000 -3.407929e-006 -2.317458e-007
 1.000000e+001 -3.416522e-006 -2.345010e-007
 1.012500e+001 -3.469623e-006 -2.575617e-007
 1.025000e+001 -3.488636e-006 -2.270830e-007
 1.037500e+001 -3.523902e-006 -2.450303e-007
 1.050000e+001 -3.539292e-006 -2.368557e-007
 1.062500e+001 -3.565745e-006 -2.454280e-007
 1.075000e+001 -3.601272e-006 -2.863606e-007
 1.087500e+001 -3.690761e-006 -2.644360e-007
 1.100000e+001 -3.652893e-006 -2.275727e-007
 1.112500e+001 -3.745705e-006 -2.756207e-007
 1.125000e+001 -3.752809e-006 -2.505368e-007
 1.137500e+001 -3.788403e-006 -2.785417e-007
 1.150000e+001 -3.843249e-006 -2.531816e-007
 1.162500e+001 -3.852530e-006 -2.742432e-007
 1.175000e+001 -3.886641e-006 -2.572963e-007
 1.187500e+001 -3.927591e-006 -2.659725e-007
 1.200000e+001 -3.965908e-006 -2.756936e-007
 1.212500e+001 -3.981314e-006 -2.822316e-007
 1.225000e+001 -4.045702e-006 -2.825743e-007
 1.237500e+001 -4.096471e-006 -2.779812e-007
 1.250000e+001 -4.122904e-006 -3.133986e-007
 1.262500e+001 -4.187257e-006 -2.907562e-007
 1.275000e+001 -4.202425e-006 -3.148175e-007
 1.287500e+001 -4.260699e-006 -2.982857e-007
 1.300000e+001 -4.316698e-006 -2.990446e-007
 1.312500e+001 -4.354089e-006 -3.394353e-007
 1.325000e+001 -4.417466e-006 -3.230062e-007
 1.337500e+001 -4.481716e-006 -3.372022e-007
 1.350000e+001 -4.512625e-006 -3.498717e-007
 1.362500e+001 -4.579279e-006 -3.550030e-007
 1.375000e+001 -4.641710e-006 -3.768074e-007
 1.387500e+001 -4.680613e-006 -3.737061e-007
 1.400000e+001 -4.742329e-006 -3.875753e-007
 1.412500e+001 -4.830284e-006 -3.773950e-007
 1.425000e+001 -4.893495e-006 -3.763662e-007
 1.437500e+001 -4.963579e-006 -3.911978e-007
 1.450000e+001 -5.027312e-006 -4.143976e-007
 1.462500e+001 -5.104228e-006 -4.215305e-007
 1.475000e+001 -5.181160e-006 -4.431982e-007
 1.487500e+001 -5.257337e-006 -4.454551e-007
 1.500000e+001 -5.367581e-006 -4.495191e-007
 1.512500e+001 -5.441690e-006 -4.584842e-007
 1.525000e+001 -5.511589e-006 -4.886327e-007
 1.537500e+001 -5.626219e-006 -4.895242e-007
 1.550000e+001 -5.679360e-006 -4.801954e-007
 1.562500e+001 -5.797214e-006 -5.024855e-007
 1.575000e+001 -5.889155e-006 -5.075593e-007
 1.587500e+001 -5.987622e-006 -5.323596e-007
 1.600000e+001 -6.124789e-006 -5.680464e-007
 1.612500e+001 -6.253302e-006 -5.670432e-007
 1.625000e+001 -6.317114e-006 -5.701287e-007
 1.637500e+001 -6.440764e-006 -5.809240e-007
 1.650000e+001 -6.573463e-006 -6.222565e-007
 1.662500e+001 -6.715324e-006 -6.443187e-007
 1.675000e+001 -6.836924e-006 -6.765910e-007
 1.687500e+001 -6.975974e-006 -6.558567e-007
 1.700000e+001 -7.122066e-006 -6.938989e-007
 1.712500e+001 -7.248553e-006 -7.004115e-007
 1.725000e+001 -7.445139e-006 -7.383133e-007
 1.737500e+001 -7.603591e-006 -7.426494e-007
 1.750000e+001 -7.783054e-006 -7.831174e-007
 1.762500e+001 -7.953230e-006 -8.461388e-007
 1.775000e+001 -8.161250e-006 -8.811632e-007
 1.787500e+001 -8.394589e-006 -8.845044e-007
 1.800000e+001 -8.601770e-006 -9.274058e-007
 1.812500e+001 -8.832081e-006 -9.501759e-007
 1.825000e+001 -9.081175e-006 -9.624574e-007
 1.837500e+001 -9.335440e-006 -1.009586e-006
 1.850000e+001 -9.619785e-006 -1.050329e-006
 1.862500e+001 -9.870798e-006 -1.120162e-006
 1.875000e+001 -1.018894e-005 -1.142283e-006
 1.887500e+001 -1.056903e-005 -1.192757e-006
 1.900000e+001 -1.093727e-005 -1.246503e-006
 1.912500e+001 -1.129723e-005 -1.282489e-006
 1.925000e+001 -1.170579e-005 -1.363324e-006
 1.937500e+001 -1.215574e-005 -1.402876e-006
 1.950000e+001 -1.267022e-005 -1.488875e-006
 1.962500e+001 -1.316556e-005 -1.562253e-006
 1.975000e+001 -1.369013e-005 -1.575301e-006
 1.987500e+001 -1.435541e-005 -1.730001e-006
 2.000000e+001 -1.507920e-005 -1.746572e-006
 2.012500e+001 -1.577973e-005 -1.938834e-006
 2.025000e+001 -1.657284e-005 -1.968308e-006
 2.037500e+001 -1.746762e-005 -2.125263e-006
 2.050000e+001 -1.851459e-005 -2.231443e-006
 2.062500e+001 -1.965097e-005 -2.391563e-006
 2.075000e+001 -2.103048e-005 -2.519383e-006
 2.087500e+001 -2.247403e-005 -2.746901e-006
 2.100000e+001 -2.424369e-005 -2.928146e-006
 2.112500e+001 -2.627577e-005 -3.128085e-006
 2.125000e+001 -2.858664e-005 -3.405147e-006
 2.137500e+001 -3.142591e-005 -3.834819e-006
 2.150000e+001 -3.507391e-005 -4.083107e-006
 2.162500e+001 -3.940564e-005 -4.410774e-006
 2.175000e+001 -4.524507e-005 -5.015382e-006
 2.187500e+001 -5.300103e-005 -5.392297e-006
 2.200000e+001 -6.366519e-005 -5.505013e-006
 2.212500e+001 -8.019676e-005 -5.809593e-006
 2.225000e+001 -1.074113e-004 -5.048418e-006
 2.237500e+001 -1.693868e-004  9.676212e-006
 2.250000e+001 -2.912691e-004  1.061368e-004
 2.262500e+001 -1.980212e-004  5.596437e-004
 2.275000e+001  3.610542e-004  5.067314e-005
 2.287500e+001  1.542111e-004  4.752356e-005
 2.300000e+001  1.006365e-004  2.705711e-005
 2.312500e+001  7.547461e-005  1.846729e-005
 2.325000e+001  6.068398e-005  1.417055e-005
 2.337500e+001  5.052315e-005  1.146069e-005
 2.350000e+001  4.329996e-005  9.470058e-006
 2.362500e+001  3.806514e-005  8.359811e-006
 2.375000e+001  3.381134e-005  7.287042e-006
 2.387500e+001  3.053703e-005  6.473161e-006
 2.400000e+001  2.778171e-005  5.807788e-006
 2.412500e+001  2.538151e-005  5.323971e-006
 2.425000e+001  2.353246e-005  4.950479e-006
 2.437500e+001  2.183602e-005  4.545909e-006
 2.450000e+001  2.035189e-005  4.272558e-006
 2.462500e+001  1.908625e-005  3.989536e-006
 2.475000e+001  1.796985e-005  3.750887e-006
 2.487500e+001  1.698773e-005  3.574777e-006
 2.500000e+001  1.608057e-005  3.361608e-006
 2.512500e+001  1.526837e-005  3.213913e-006
 2.525000e+001  1.455373e-005  3.091416e-006
 2.537500e+001  1.384406e-005  2.942609e-006
 2.550000e+001  1.323372e-005  2.797304e-006
 2.562500e+001  1.267852e-005  2.728391e-006
 2.575000e+001  1.219102e-005  2.632920e-006
 2.587500e+001  1.172482e-005  2.511032e-006
 2.600000e+001  1.130960e-005  2.474287e-006
 2.612500e+001  1.091128e-005  2.370617e-006
 2.625000e+001  1.052613e-005  2.311421e-006
 2.637500e+001  1.017374e-005  2.254889e-006
 2.650000e+001  9.839374e-006  2.185962e-006
 2.662500e+001  9.561071e-006  2.149355e-006
 2.675000e+001  9.271894e-006  2.072723e-006
 2.687500e+001  8.948845e-006  2.013425e-006
 2.700000e+001  8.682669e-006  1.970940e-006
 2.712500e+001  8.452616e-006  1.931052e-006
 2.725000e+001  8.204549e-006  1.891453e-006
 2.737500e+001  7.973714e-006  1.887727e-006
 2.750000e+001  7.787670e-006  1.809997e-006
 2.762500e+001  7.598618e-006  1.796275e-006
 2.775000e+001  7.383911e-006  1.728218e-006
 2.787500e+001  7.245208e-006  1.733144e-006
 2.800000e+001  7.055890e-006  1.675557e-006
 2.812500e+001  6.895451e-006  1.640876e-006
 2.825000e+001  6.732131e-006  1.639451e-006
 2.837500e+001  6.583303e-006  1.590901e-006
 2.850000e+001  6.471417e-006  1.583871e-006
 2.862500e+001  6.320167e-006  1.534619e-006
 2.875000e+001  6.188376e-006  1.530422e-006
 2.887500e+001  6.059367e-006  1.509424e-006
 2.900000e+001  5.939976e-006  1.474664e-006
 2.912500e+001  5.827199e-006  1.451775e-006
 2.925000e+001  5.718050e-006  1.465770e-006
 2.937500e+001  5.597172e-006  1.434456e-006
 2.950000e+001  5.504502e-006  1.406552e-006
 2.962500e+001  5.425968e-006  1.405802e-006
 2.975000e+001  5.287511e-006  1.402988e-006
 2.987500e+001  5.219804e-006  1.355711e-006
 3.000000e+001  5.096447e-006  1.352241e-006
 3.012500e+001  5.033421e-006  1.322056e-006
 3.025000e+001  4.972832e-006  1.328754e-006
 3.037500e+001  4.849741e-006  1.302459e-006
 3.050000e+001  4.789746e-006  1.276373e-006
 3.062500e+001  4.742937e-006  1.257182e-006
 3.075000e+001  4.647688e-006  1.267389e-006
 3.087500e+001  4.582447e-006  1.234780e-006
 3.100000e+001  4.522136e-006  1.238825e-006
 3.112500e+001  4.427202e-006  1.229986e-006
 3.125000e+001  4.361145e-006  1.228806e-006
 3.137500e+001  4.319495e-006  1.206140e-006
 3.150000e+001  4.258301e-006  1.179822e-006
 3.162500e+001  4.183219e-006  1.178777e-006
 3.175000e+001  4.142547e-006  1.171440e-006
 3.187500e+001  4.069347e-006  1.169849e-006
 3.200000e+001  4.021526e-006  1.157347e-006
 3.212500e+001  3.993562e-006  1.163086e-006
 3.225000e+001  3.935327e-006  1.148918e-006
 3.237500e+001  3.885398e-006  1.138338e-006
 3.250000e+001  3.853501e-006  1.140819e-006
 3.262500e+001  3.797963e-006  1.116910e-006
 3.275000e+001  3.736894e-006  1.122334e-006
 3.287500e+001  3.693564e-006  1.090964e-006
 3.300000e+001  3.648729e-006  1.070280e-006
 3.312500e+001  3.606690e-006  1.088764e-006
 3.325000e+001  3.562084e-006  1.066910e-006
 3.337500e+001  3.526939e-006  1.060275e-006
 3.350000e+001  3.472168e-006  1.055831e-006
 3.362500e+001  3.442342e-006  1.054220e-006
 3.375000e+001  3.403878e-006  1.051135e-006
 3.387500e+001  3.360740e-006  1.042622e-006
 3.400000e+001  3.351579e-006  1.032714e-006
 3.412500e+001  3.307755e-006  1.027285e-006
 3.425000e+001  3.291337e-006  1.046193e-006
 3.437500e+001  3.326579e-006  9.651323e-007
 3.450000e+001  3.256710e-006  9.078799e-007
 3.462500e+001  3.149995e-006  9.194702e-007
 3.475000e+001  3.096952e-006  9.252838e-007
 3.487500e+001  3.069781e-006  9.307894e-007
 3.500000e+001  3.048528e-006  9.450503e-007
 3.512500e+001  2.995755e-006  9.525806e-007
 3.525000e+001  2.988344e-006  9.334367e-007
 3.537500e+001  2.989810e-006  9.418702e-007
 3.550000e+001  2.930389e-006  9.288128e-007
 3.562500e+001  2.896605e-006  8.919579e-007
 3.575000e+001  2.880962e-006  8.940742e-007
 3.587500e+001  2.841750e-006  9.147540e-007
 3.600000e+001  2.813545e-006  8.929354e-007
 3.612500e+001  2.798382e-006  9.019712e-007
 3.625000e+001  2.769284e-006  9.121304e-007
 3.637500e+001  2.750458e-006  8.935353e-007
 3.650000e+001  2.738477e-006  8.780799e-007
 3.662500e+001  2.693590e-006  8.833581e-007
 3.675000e+001  2.696013e-006  8.809011e-007
 3.687500e+001  2.675593e-006  8.966409e-007
 3.700000e+001  2.634325e-006  8.583855e-007
 3.712500e+001  2.616206e-006  8.567131e-007
 3.725000e+001  2.577503e-006  8.608700e-007
 3.737500e+001  2.578820e-006  8.603418e-007
 3.750000e+001  2.560136e-006  8.498551e-007
 3.762500e+001  2.536379e-006  8.565714e-007
 3.775000e+001  2.521474e-006  8.419305e-007
 3.787500e+001  2.510596e-006  8.224771e-007
 3.800000e+001  2.452633e-006  8.488497e-007
 3.812500e+001  2.463757e-006  8.429091e-007
 3.825000e+001  2.448914e-006  8.142458e-007
 3.837500e+001  2.431691e-006  8.330258e-007
 3.850000e+001  2.428206e-006  8.242335e-007
 3.862500e+001  2.395155e-006  7.855697e-007
 3.875000e+001  2.373417e-006  8.311365e-007
 3.887500e+001  2.352434e-006  8.114126e-007
 3.900000e+001  2.357905e-006  7.921917e-007
 3.912500e+001  2.338959e-006  7.732367e-007
 3.925000e+001  2.305805e-006  7.823473e-007
 3.937500e+001  2.300461e-006  7.876794e-007
 3.950000e+001  2.264516e-006  7.717383e-007
 3.962500e+001  2.281990e-006  7.689731e-007
 3.975000e+001  2.264876e-006  7.875324e-007
 3.987500e+001  2.249950e-006  7.894550e-007
 4.000000e+001  2.224126e-006  7.697172e-007
 4.012500e+001  2.211586e-006  7.552845e-007
 4.025000e+001  2.218100e-006  7.556470e-007
 4.037500e+001  2.185470e-006  7.429426e-007
 4.050000e+001  2.172222e-006  7.545783e-007
 4.062500e+001  2.143541e-006  7.374492e-007
 4.075000e+001  2.147219e-006  7.236931e-007
 4.087500e+001  2.123524e-006  7.466170e-007
 4.100000e+001  2.130609e-006  7.208464e-007
 4.112500e+001  2.101174e-006  7.589617e-007
 4.125000e+001  2.084885e-006  7.272015e-007
 4.137500e+001  2.075236e-006  7.236410e-007
 4.150000e+001  2.049711e-006  7.235256e-007
 4.162500e+001  2.071647e-006  7.089667e-007
 4.175000e+001  2.053067e-006  7.238396e-007
 4.187500e+001  2.032179e-006  7.107764e-007
 4.200000e+001  2.023161e-006  7.101802e-007
 4.212500e+001  2.009199e-006  7.034467e-007
 4.225000e+001  2.001790e-006  7.091561e-007
 4.237500e+001  2.012749e-006  6.738828e-007
 4.250000e+001  1.994221e-006  7.033945e-007
 4.262500e+001  2.004639e-006  6.901584e-007
 4.275000e+001  1.978753e-006  6.860118e-007
 4.287500e+001  1.941102e-006  6.824624e-007
 4.300000e+001  1.971506e-006  6.990571e-007
 4.312500e+001  1.950333e-006  7.039574e-007
 4.325000e+001  1.933797e-006  6.738425e-007
 4.337500e+001  1.916971e-006  6.716794e-007
 4.350000e+001  1.934343e-006  6.747586e-007
 4.362500e+001  1.897715e-006  6.769880e-007
 4.375000e+001  1.912724e-006  6.665430e-007
 4.387500e+001  1.890793e-006  6.560665e-007
 4.400000e+001  1.889691e-006  6.669427e-007
 4.412500e+001  1.895637e-006  6.696639e-007
 4.425000e+001  1.878003e-006  6.683165e-007
 4.437500e+001  1.893984e-006  6.490518e-007
 4.450000e+001  1.859415e-006  6.627802e-007
 4.462500e+001  1.868321e-006  6.506279e-007
 4.475000e+001  1.858304e-006  6.503219e-007
 4.487500e+001  1.846844e-006  6.470988e-007
 4.500000e+001  1.852377e-006  6.080757e-007
 4.512500e+001  1.827153e-006  6.128461e-007
 4.525000e+001  1.826658e-006  6.225621e-007
 4.537500e+001  1.779766e-006  6.585322e-007
 4.550000e+001  1.826517e-006  6.374155e-007
 4.562500e+001  1.784618e-006  6.261718e-007
 4.575000e+001  1.783278e-006  6.378836e-007
 4.587500e+001  1.797763e-006  6.176939e-007
 4.600000e+001  1.790816e-006  6.352960e-007
 4.612500e+001  1.797841e-006  6.194081e-007
 4.625000e+001  1.763303e-006  6.145651e-007
 4.637500e+001  1.796378e-006  6.037178e-007
 4.650000e+001  1.782230e-006  5.985156e-007
 4.662500e+001  1.760874e-006  5.972436e-007
 4.675000e+001  1.751213e-006  6.087158e-007
 4.687500e+001  1.735403e-006  6.056416e-007
 4.700000e+001  1.733819e-006  6.051847e-007
 4.712500e+001  1.780607e-006  5.804148e-007
 4.725000e+001  1.724085e-006  5.927071e-007
 4.737500e+001  1.731017e-006  5.688868e-007
 4.750000e+001  1.745174e-006  5.761994e-007
 4.762500e+001  1.725491e-006  5.999820e-007
 4.775000e+001  1.743807e-006  5.915489e-007
 4.787500e+001  1.722597e-006  5.825463e-007
 4.800000e+001  1.732948e-006  5.886775e-007
 4.812500e+001  1.733792e-006  5.728379e-007
 4.825000e+001  1.718787e-006  5.677296e-007
 4.837500e+001  1.716971e-006  5.709558e-007
 4.850000e+001  1.734631e-006  6.000889e-007
 4.862500e+001  1.692987e-006  5.739358e-007
 4.875000e+001  1.717108e-006  5.704940e-007
 4.887500e+001  1.704885e-006  5.492171e-007
 4.900000e+001  1.703549e-006  5.566015e-007
 4.912500e+001  1.709527e-006  5.660072e-007
 4.925000e+001  1.692909e-006  5.659760e-007
 4.937500e+001  1.694855e-006  5.795918e-007
 4.950000e+001  1.713856e-006  5.421021e-007
 4.962500e+001  1.726385e-006  5.540579e-007
 4.975000e+001  1.678359e-006  5.528890e-007
 4.987500e+001  1.717254e-006  5.634501e-007
 5.000000e+001  1.699328e-006  5.559503e-007
 5.012500e+001  1.689719e-006  5.422860e-007
 5.025000e+001  1.684210e-006  5.613266e-007
 5.037500e+001  1.708406e-006  5.615559e-007
 5.050000e+001  1.674941e-006  5.406177e-007
 5.062500e+001  1.698539e-006  5.321369e-007
 5.075000e+001  1.720029e-006  5.292723e-007
 5.087500e+001  1.689824e-006  5.260448e-007
 5.100000e+001  1.683616e-006  5.173487e-007
 5.112500e+001  1.703747e-006  5.285052e-007
 5.125000e+001  1.693073e-006  5.442744e-007
 5.137500e+001  1.680431e-006  5.548146e-007
 5.150000e+001  1.661732e-006  5.313230e-007
 5.162500e+001  1.662699e-006  5.198156e-007
 5.175000e+001  1.663605e-006  5.283783e-007
 5.187500e+001  1.692718e-006  5.290772e-007
 5.200000e+001  1.702480e-006  5.027388e-007
 5.212500e+001  1.691108e-006  5.157283e-007
 5.225000e+001  1.687902e-006  5.339478e-007
 5.237500e+001  1.695899e-006  5.269620e-007
 5.250000e+001  1.667330e-006  5.100405e-007
 5.262500e+001  1.704107e-006  4.990980e-007
 5.275000e+001  1.692090e-006  5.193803e-007
 5.287500e+001  1.705142e-006  5.215182e-007
 5.300000e+001  1.710739e-006  4.953980e-007
 5.312500e+001  1.691108e-006  5.178107e-007
 5.325000e+001  1.708963e-006  5.020333e-007
 5.337500e+001  1.697114e-006  4.811551e-007
 5.350000e+001  1.676403e-006  5.023740e-007
 5.362500e+001  1.715671e-006  4.865886e-007
 5.375000e+001  1.698544e-006  4.780585e-007
 5.387500e+001  1.704541e-006  4.999649e-007
 5.400000e+001  1.688092e-006  4.941757e-007
 5.412500e+001  1.724955e-006  5.139502e-007
 5.425000e+001  1.702101e-006  4.841604e-007
 5.437500e+001  1.731153e-006  5.227903e-007
 5.450000e+001  1.715740e-006  5.022189e-007
 5.462500e+001  1.744583e-006  4.919955e-007
 5.475000e+001  1.722146e-006  4.588236e-007
 5.487500e+001  1.740344e-006  4.572676e-007
 5.500000e+001  1.737488e-006  4.577317e-007
 5.512500e+001  1.756195e-006  4.714712e-007
 5.525000e+001  1.751435e-006  4.558508e-007
 5.537500e+001  1.752944e-006  4.515133e-007
 5.550000e+001  1.733803e-006  4.819959e-007
 5.562500e+001  1.766810e-006  4.577061e-007
 5.575000e+001  1.790840e-006  4.586291e-007
 5.587500e+001  1.769039e-006  4.608455e-007
 5.600000e+001  1.765915e-006  4.344269e-007
 5.612500e+001  1.774639e-006  4.354547e-007
 5.625000e+001  1.777985e-006  4.229508e-007
 5.637500e+001  1.779804e-006  4.195081e-007
 5.650000e+001  1.783562e-006  4.055817e-007
 5.662500e+001  1.757141e-006  3.848092e-007
 5.675000e+001  1.711066e-006  3.179744e-007
 5.687500e+001  1.616174e-006  2.978509e-007
 5.700000e+001  1.473705e-006  3.929777e-007
 5.712500e+001  1.546463e-006  6.082623e-007
 5.725000e+001  1.702657e-006  6.092762e-007
 5.737500e+001  1.771015e-006  5.895215e-007
 5.750000e+001  1.775116e-006  5.582558e-007
 5.762500e+001  1.784339e-006  5.523214e-007
 5.775000e+001  1.826892e-006  5.458273e-007
 5.787500e+001  1.800321e-006  5.436284e-007
 5.800000e+001  1.826003e-006  5.499132e-007
 5.812500e+001  1.825793e-006  5.006617e-007
 5.825000e+001  1.845220e-006  5.124258e-007
 5.837500e+001  1.867872e-006  5.330256e-007
 5.850000e+001  1.854516e-006  5.188415e-007
 5.862500e+001  1.869155e-006  5.111400e-007
 5.875000e+001  1.872280e-006  4.821403e-007
 5.887500e+001  1.895598e-006  5.131377e-007
 5.900000e+001  1.876310e-006  4.871432e-007
 5.912500e+001  1.885608e-006  5.111851e-007
 5.925000e+001  1.896485e-006  4.922506e-007
 5.937500e+001  1.923290e-006  5.030314e-007
 5.950000e+001  1.904928e-006  5.187424e-007
 5.962500e+001  1.915918e-006  5.141034e-007
 5.975000e+001  1.956242e-006  5.065935e-007
 5.987500e+001  1.974548e-006  5.162749e-007
 6.000000e+001  1.984488e-006  5.935287e-007
 6.012500e+001  1.933915e-006  5.019994e-007
 6.025000e+001  1.958935e-006  4.926340e-007
 6.037500e+001  1.968180e-006  5.097636e-007
 6.050000e+001  1.995170e-006  4.917787e-007
 6.062500e+001  2.033466e-006  5.063634e-007
 6.075000e+001  2.021667e-006  5.056854e-007
 6.087500e+001  2.014652e-006  5.100368e-007
 6.100000e+001  2.031762e-006  4.932245e-007
 6.112500e+001  2.019896e-006  4.992372e-007
 6.125000e+001  2.033584e-006  4.877723e-007
 6.137500e+001  2.047551e-006  5.018190e-007
 6.150000e+001  2.069921e-006  4.824987e-007
 6.162500e+001  2.070783e-006  5.026224e-007
 6.175000e+001  2.064642e-006  5.262681e-007
 6.187500e+001  2.081337e-006  5.172613e-007
 6.200000e+001  2.093230e-006  5.143829e-007
 6.212500e+001  2.124647e-006  5.248775e-007
 6.225000e+001  2.112117e-006  5.036315e-007
 6.237500e+001  2.157582e-006  5.224059e-007
 6.250000e+001  2.140806e-006  4.964625e-007
 6.262500e+001  2.170909e-006  5.088670e-007
 6.275000e+001  2.191503e-006  5.062914e-007
 6.287500e+001  2.195506e-006  5.269148e-007
 6.300000e+001  2.216065e-006  5.366524e-007
 6.312500e+001  2.208705e-006  5.112228e-007
 6.325000e+001  2.248348e-006  5.459396e-007
 6.337500e+001  2.256362e-006  5.644513e-007
 6.350000e+001  2.277542e-006  5.370837e-007
 6.362500e+001  2.261316e-006  5.396174e-007
 6.375000e+001  2.283872e-006  5.306717e-007
 6.387500e+001  2.344797e-006  5.611859e-007
 6.400000e+001  2.347957e-006  5.294646e-007
 6.412500e+001  2.329729e-006  5.416979e-007
 6.425000e+001  2.367857e-006  5.375669e-007
 6.437500e+001  2.386512e-006  5.537127e-007
 6.450000e+001  2.397031e-006  5.298175e-007
 6.462500e+001  2.429338e-006  6.139242e-007
 6.475000e+001  2.438614e-006  5.433925e-007
 6.487500e+001  2.450008e-006  5.465978e-007
 6.500000e+001  2.480289e-006  5.719632e-007
 6.512500e+001  2.480707e-006  5.617864e-007
 6.525000e+001  2.474806e-006  5.459533e-007
 6.537500e+001  2.515276e-006  5.424346e-007
 6.550000e+001  2.574286e-006  5.839207e-007
 6.562500e+001  2.558869e-006  5.501170e-007
 6.575000e+001  2.585659e-006  5.674643e-007
 6.587500e+001  2.591633e-006  5.729160e-007
 6.600000e+001  2.637398e-006  5.550053e-007
 6.612500e+001  2.644899e-006  5.578850e-007
 6.625000e+001  2.661405e-006  5.481783e-007
 6.637500e+001  2.690922e-006  5.552486e-007
 6.650000e+001  2.721266e-006  5.469622e-007
 6.662500e+001  2.719233e-006  5.749328e-007
 6.675000e+001  2.760635e-006  5.627532e-007
 6.687500e+001  2.760686e-006  5.451983e-007
 6.700000e+001  2.831458e-006  5.738498e-007
 6.712500e+001  2.826517e-006  5.468895e-007
 6.725000e+001  2.843924e-006  5.809248e-007
 6.737500e+001  2.888425e-006  5.733375e-007
 6.750000e+001  2.953130e-006  5.856287e-007
 6.762500e+001  3.028799e-006  5.501849e-007
 6.775000e+001  2.996860e-006  5.153578e-007
 6.787500e+001  2.935437e-006  5.397876e-007
 6.800000e+001  2.983894e-006  6.149419e-007
 6.812500e+001  2.999244e-006  5.515143e-007
 6.825000e+001  3.034521e-006  6.072471e-007
 6.837500e+001  3.112591e-006  6.050103e-007
 6.850000e+001  3.140247e-006  5.944651e-007
 6.862500e+001  3.151298e-006  6.360547e-007
 6.875000e+001  3.211726e-006  6.448264e-007
 6.887500e+001  3.208179e-006  6.265707e-007
 6.900000e+001  3.297060e-006  6.428049e-007
 6.912500e+001  3.313986e-006  6.467709e-007
 6.925000e+001  3.357000e-006  6.386415e-007
 6.937500e+001  3.364072e-006  6.442620e-007
 6.950000e+001  3.421988e-006  6.528438e-007
 6.962500e+001  3.449911e-006  6.854185e-007
 6.975000e+001  3.509494e-006  6.503971e-007
 6.987500e+001  3.538674e-006  6.778404e-007
 7.000000e+001  3.577835e-006  6.702937e-007
 7.012500e+001  3.632892e-006  6.913412e-007
 7.025000e+001  3.657956e-006  6.637355e-007
 7.037500e+001  3.701726e-006  6.844157e-007
 7.050000e+001  3.774275e-006  7.339472e-007
 7.062500e+001  3.755197e-006  7.250054e-007
 7.075000e+001  3.867237e-006  7.095205e-007
 7.087500e+001  3.912995e-006  7.512709e-007
 7.100000e+001  3.966898e-006  7.455827e-007
 7.112500e+001  4.035286e-006  7.332242e-007
 7.125000e+001  4.084868e-006  7.272766e-007
 7.137500e+001  4.128850e-006  7.440950e-007
 7.150000e+001  4.174967e-006  7.507848e-007
 7.162500e+001  4.236374e-006  7.485159e-007
 7.175000e+001  4.317224e-006  7.583713e-007
 7.187500e+001  4.349036e-006  7.523651e-007
 7.200000e+001  4.469011e-006  7.837118e-007
 7.212500e+001  4.483202e-006  8.195227e-007
 7.225000e+001  4.558611e-006  8.103523e-007
 7.237500e+001  4.593712e-006  8.100408e-007
 7.250000e+001  4.651351e-006  8.240091e-007
 7.262500e+001  4.727972e-006  8.644285e-007
 7.275000e+001  4.784709e-006  9.157899e-007
 7.287500e+001  4.867077e-006  1.020261e-006
 7.300000e+001  5.072969e-006  1.111655e-006
 7.312500e+001  5.302565e-006  1.109260e-006
 7.325000e+001  5.425957e-006  1.033575e-006
 7.337500e+001  5.536241e-006  9.728396e-007
 7.350000e+001  5.626871e-006  9.156134e-007
 7.362500e+001  5.704849e-006  9.563864e-007
 7.375000e+001  5.844385e-006  9.492942e-007
 7.387500e+001  5.939116e-006  9.703970e-007
 7.400000e+001  6.041117e-006  9.375677e-007
 7.412500e+001  6.162721e-006  9.879921e-007
 7.425000e+001  6.303277e-006  9.872492e-007
 7.437500e+001  6.452771e-006  9.729868e-007
 7.450000e+001  6.552587e-006  1.021396e-006
 7.462500e+001  6.761707e-006  1.023143e-006
 7.475000e+001  6.901606e-006  1.055361e-006
 7.487500e+001  7.097790e-006  1.054267e-006
 7.500000e+001  7.325021e-006  1.028911e-006
 7.512500e+001  7.503979e-006  1.091511e-006
 7.525000e+001  7.728207e-006  1.144760e-006
 7.537500e+001  7.882828e-006  1.161530e-006
 7.550000e+001  8.140754e-006  1.146998e-006
 7.562500e+001  8.383262e-006  1.160134e-006
 7.575000e+001  8.618641e-006  1.195443e-006
 7.587500e+001  8.989795e-006  1.150341e-006
 7.600000e+001  9.173503e-006  1.178680e-006
 7.612500e+001  9.528840e-006  1.236500e-006
 7.625000e+001  9.896927e-006  1.240904e-006
 7.637500e+001  1.027090e-005  1.297283e-006
 7.650000e+001  1.066544e-005  1.346217e-006
 7.662500e+001  1.108601e-005  1.332328e-006
 7.675000e+001  1.162125e-005  1.386609e-006
 7.687500e+001  1.210712e-005  1.370768e-006
 7.700000e+001  1.268579e-005  1.367020e-006
 7.712500e+001  1.331872e-005  1.362553e-006
 7.725000e+001  1.395994e-005  1.464906e-006
 7.737500e+001  1.479248e-005  1.490878e-006
 7.750000e+001  1.562780e-005  1.497552e-006
 7.762500e+001  1.657361e-005  1.482058e-006
 7.775000e+001  1.773906e-005  1.465147e-006
 7.787500e+001  1.900009e-005  1.425133e-006
 7.800000e+001  2.044769e-005  1.451368e-006
 7.812500e+001  2.221965e-005  1.465052e-006
 7.825000e+001  2.419843e-005  1.289711e-006
 7.837500e+001  2.658002e-005  1.173890e-006
 7.850000e+001  2.957912e-005  9.811928e-007
 7.862500e+001  3.327393e-005  2.936019e-007
 7.875000e+001  3.798543e-005 -2.799279e-007
 7.887500e+001  4.425946e-005 -1.554820e-006
 7.900000e+001  5.264561e-005 -3.692993e-006
 7.912500e+001  6.525886e-005 -8.042893e-006
 7.925000e+001  8.327480e-005 -1.874676e-005
 7.937500e+001  1.109793e-004 -4.480588e-005
 7.950000e+001  1.373729e-004 -1.168199e-004
 7.962500e+001  4.980183e-005 -2.560049e-004
 7.975000e+001 -1.458554e-004 -1.455507e-004
 7.987500e+001 -9.871551e-005 -5.477550e-005
 8.000000e+001 -7.301740e-005 -3.075060e-005
 8.012500e+001 -5.750942e-005 -2.003300e-005
 8.025000e+001 -4.741054e-005 -1.437788e-005
 8.037500e+001 -4.023987e-005 -1.084109e-005
 8.050000e+001 -3.488571e-005 -8.713646e-006
 8.062500e+001 -3.087196e-005 -7.210142e-006
 8.075000e+001 -2.748152e-005 -5.969728e-006
 8.087500e+001 -2.484310e-005 -5.170881e-006
 8.100000e+001 -2.271462e-005 -4.443388e-006
 8.112500e+001 -2.090594e-005 -3.884015e-006
 8.125000e+001 -1.919144e-005 -3.427271e-006
 8.137500e+001 -1.785281e-005 -2.960318e-006
 8.150000e+001 -1.680502e-005 -2.697053e-006
 8.162500e+001 -1.566989e-005 -2.458136e-006
 8.175000e+001 -1.479479e-005 -2.214408e-006
 8.187500e+001 -1.396364e-005 -2.026282e-006
 8.200000e+001 -1.324561e-005 -1.812319e-006
 8.212500e+001 -1.254557e-005 -1.754151e-006
 8.225000e+001 -1.205240e-005 -1.584489e-006
 8.237500e+001 -1.149792e-005 -1.432211e-006
 8.250000e+001 -1.099459e-005 -1.353381e-006
 8.262500e+001 -1.049548e-005 -1.290701e-006
 8.275000e+001 -1.008247e-005 -1.158891e-006
 8.287500e+001 -9.705044e-006 -1.113789e-006
 8.300000e+001 -9.341279e-006 -9.724643e-007
 8.312500e+001 -9.009850e-006 -9.061582e-007
 8.325000e+001 -8.717633e-006 -8.895125e-007
 8.337500e+001 -8.333960e-006 -7.830233e-007
 8.350000e+001 -8.096806e-006 -7.071812e-007
 8.362500e+001 -7.784339e-006 -6.728929e-007
 8.375000e+001 -7.611144e-006 -6.726942e-007
 8.387500e+001 -7.339767e-006 -6.085531e-007
 8.400000e+001 -7.151747e-006 -5.563715e-007
 8.412500e+001 -6.952052e-006 -4.977970e-007
 8.425000e+001 -6.787844e-006 -4.879836e-007
 8.437500e+001 -6.583934e-006 -4.291233e-007
 8.450000e+001 -6.401989e-006 -3.853082e-007
 8.462500e+001 -6.271019e-006 -4.077630e-007
 8.475000e+001 -6.101557e-006 -3.544520e-007
 8.487500e+001 -5.996481e-006 -3.250977e-007
 8.500000e+001 -5.751229e-006 -2.836196e-007
 8.512500e+001 -5.694344e-006 -2.796974e-007
 8.525000e+001 -5.587707e-006 -1.891606e-007
 8.537500e+001 -5.402525e-006 -2.045804e-007
 8.550000e+001 -5.320772e-006 -2.091605e-007
 8.562500e+001 -5.181372e-006 -2.138927e-007
 8.575000e+001 -5.115845e-006 -1.733555e-007
 8.587500e+001 -4.993564e-006 -1.194820e-007
 8.600000e+001 -4.861258e-006 -1.244129e-007
 8.612500e+001 -4.787336e-006 -7.404643e-008
 8.625000e+001 -4.682806e-006 -6.402645e-008
 8.637500e+001 -4.590286e-006 -8.446475e-008
 8.650000e+001 -4.514346e-006 -2.662039e-008
 8.662500e+001 -4.426386e-006  3.237683e-009
 8.675000e+001 -4.376914e-006 -3.353423e-008
 8.687500e+001 -4.258677e-006  3.541331e-008
 8.700000e+001 -4.223957e-006  2.998048e-008
 8.712500e+001 -4.157414e-006  2.767899e-009
 8.725000e+001 -4.047601e-006  1.733685e-008
 8.737500e+001 -3.956191e-006  5.995191e-008
 8.750000e+001 -3.890320e-006  1.004357e-007
 8.762500e+001 -3.889427e-006  1.122291e-007
 8.775000e+001 -3.826218e-006  1.175232e-007
 8.787500e+001 -3.726138e-006  1.043050e-007
 8.800000e+001 -3.673552e-006  1.231968e-007
 8.812500e+001 -3.637322e-006  1.843056e-007
 8.825000e+001 -3.586855e-006  1.584761e-007
 8.837500e+001 -3.548395e-006  1.679330e-007
 8.850000e+001 -3.521557e-006  2.119804e-007
 8.862500e+001 -3.443604e-006  1.982803e-007
 8.875000e+001 -3.386425e-006  2.305252e-007
 8.887500e+001 -3.361257e-006  2.624639e-007
 8.900000e+001 -3.301387e-006  2.866558e-007
 8.912500e+001 -3.234906e-006  2.421737e-007
 8.925000e+001 -3.180331e-006  2.436874e-007
 8.937500e+001 -3.162429e-006  2.569665e-007
 8.950000e+001 -3.119445e-006  3.401531e-007
 8.962500e+001 -3.105313e-006  3.229102e-007
 8.975000e+001 -3.064530e-006  3.310568e-007
 8.987500e+001 -3.000704e-006  3.442886e-007
 9.000000e+001 -2.946406e-006  3.941015e-007
 9.012500e+001 -2.917206e-006  3.702568e-007
 9.025000e+001 -2.878086e-006  4.512293e-007
 9.037500e+001 -2.821257e-006  5.237566e-007
 9.050000e+001 -2.828533e-006  5.055868e-007
 9.062500e+001 -2.744402e-006  4.642170e-007
 9.075000e+001 -2.578509e-006  5.178927e-007
 9.087500e+001 -2.568340e-006  4.120168e-007
 9.100000e+001 -2.517044e-006  3.830814e-007
 9.112500e+001 -2.564759e-006  3.780822e-007
 9.125000e+001 -2.522667e-006  3.694052e-007
 9.137500e+001 -2.501921e-006  3.967916e-007
 9.150000e+001 -2.467694e-006  4.254480e-007
 9.162500e+001 -2.479902e-006  4.098164e-007
 9.175000e+001 -2.462952e-006  4.437923e-007
 9.187500e+001 -2.414587e-006  4.273889e-007
 9.200000e+001 -2.381361e-006  4.345251e-007
 9.212500e+001 -2.370848e-006  4.472455e-007
 9.225000e+001 -2.366866e-006  4.496934e-007
 9.237500e+001 -2.311196e-006  4.297936e-007
 9.250000e+001 -2.318707e-006  4.887917e-007
 9.262500e+001 -2.280212e-006  4.629503e-007
 9.275000e+001 -2.229610e-006  4.930611e-007
 9.287500e+001 -2.237947e-006  4.567052e-007
 9.300000e+001 -2.208990e-006  4.944419e-007
 9.312500e+001 -2.166698e-006  5.307126e-007
 9.325000e+001 -2.131931e-006  4.874680e-007
 9.337500e+001 -2.203445e-006  5.112988e-007
 9.350000e+001 -2.186134e-006  5.488607e-007
 9.362500e+001 -2.124798e-006  5.600948e-007
 9.375000e+001 -2.156739e-006  5.279702e-007
 9.387500e+001 -2.089482e-006  5.298771e-007
 9.400000e+001 -2.072494e-006  5.481896e-007
 9.412500e+001 -1.966686e-006  5.504574e-007
 9.425000e+001 -1.968897e-006  5.573178e-007
 9.437500e+001 -2.022305e-006  5.489485e-007
 9.450000e+001 -1.905850e-006  5.687203e-007
 9.462500e+001 -1.926280e-006  5.482736e-007
 9.475000e+001 -1.929355e-006  5.773847e-007
 9.487500e+001 -1.927583e-006  6.118281e-007
 9.500000e+001 -1.872270e-006  5.927930e-007
 9.512500e+001 -1.866676e-006  6.034910e-007
 9.525000e+001 -1.842060e-006  5.786320e-007
 9.537500e+001 -1.843562e-006  6.627695e-007
 9.550000e+001 -1.792033e-006  6.144272e-007
 9.562500e+001 -1.783492e-006  5.934616e-007
 9.575000e+001 -1.855165e-006  6.310287e-007
 9.587500e+001 -1.779627e-006  6.208344e-007
 9.600000e+001 -1.735050e-006  5.833390e-007
 9.612500e+001 -1.732214e-006  6.172876e-007
 9.625000e+001 -1.703362e-006  5.890049e-007
 9.637500e+001 -1.686166e-006  6.244577e-007
 9.650000e+001 -1.688503e-006  6.293726e-007
 9.662500e+001 -1.635473e-006  6.622284e-007
 9.675000e+001 -1.674258e-006  6.787248e-007
 9.687500e+001 -1.716758e-006  6.651242e-007
 9.700000e+001 -1.646588e-006  6.512012e-007
 9.712500e+001 -1.583188e-006  7.119109e-007
 9.725000e+001 -1.529267e-006  6.172134e-007
 9.737500e+001 -1.598492e-006  6.299178e-007
 9.750000e+001 -1.602121e-006  7.259065e-007
 9.762500e+001 -1.577828e-006  6.663273e-007
 9.775000e+001 -1.567382e-006  6.376511e-007
 9.787500e+001 -1.560825e-006  7.164940e-007
 9.800000e+001 -1.538461e-006  6.830308e-007
 9.812500e+001 -1.522024e-006  7.050090e-007
 9.825000e+001 -1.527015e-006  7.596084e-007
 9.837500e+001 -1.414927e-006  6.909017e-007
 9.850000e+001 -1.428731e-006  7.200919e-007
 9.862500e+001 -1.430873e-006  7.373400e-007
 9.875000e+001 -1.435486e-006  7.250183e-007
 9.887500e+001 -1.373514e-006  7.782049e-007
 9.900000e+001 -1.399757e-006  7.347736e-007
 9.912500e+001 -1.368402e-006  7.382116e-007
 9.925000e+001 -1.433864e-006  6.954040e-007
 9.937500e+001 -1.401187e-006  7.078422e-007
 9.950000e+001 -1.374681e-006  7.538581e-007
 9.962500e+001 -1.341609e-006  7.583448e-007
 9.975000e+001 -1.347634e-006  7.457695e-007
 9.987500e+001 -1.331177e-006  7.920704e-007
 1.000000e+002 -1.272457e-006  7.703907e-007
 1.001250e+002 -1.243773e-006  7.783538e-007
 1.002500e+002 -1.303945e-006  7.496813e-007
 1.003750e+002 -1.261375e-006  7.856511e-007
 1.005000e+002 -1.245333e-006  7.777327e-007
 1.006250e+002 -1.327606e-006  8.443504e-007
 1.007500e+002 -1.182920e-006  7.843166e-007
 1.008750e+002 -1.219993e-006  7.846518e-007
 1.010000e+002 -1.236614e-006  8.069936e-007
 1.011250e+002 -1.225277e-006  8.141532e-007
 1.012500e+002 -1.177997e-006  8.068924e-007
 1.013750e+002 -1.183033e-006  8.308873e-007
 1.015000e+002 -1.212706e-006  8.652665e-007
 1.016250e+002 -1.109648e-006  7.970464e-007
 1.017500e+002 -1.087602e-006  9.052631e-007
 1.018750e+002 -1.066804e-006  8.849891e-007
 1.020000e+002 -1.002668e-006  8.506517e-007
 1.021250e+002 -9.225426e-007  8.464516e-007
 1.022500e+002 -9.067366e-007  6.691005e-007
 1.023750e+002 -1.035951e-006  5.512890e-007
 1.025000e+002 -1.101183e-006  6.627903e-007
 1.026250e+002 -1.101147e-006  7.188470e-007
 1.027500e+002 -1.093281e-006  7.660531e-007
 1.028750e+002 -1.083519e-006  7.535482e-007
 1.030000e+002 -1.060082e-006  7.888189e-007
 1.031250e+002 -1.055714e-006  8.044489e-007
 1.032500e+002 -9.999564e-007  7.534989e-007
 1.033750e+002 -1.000244e-006  7.263634e-007
 1.035000e+002 -1.044098e-006  7.702190e-007
 1.036250e+002 -9.889062e-007  8.179568e-007
 1.037500e+002 -9.560300e-007  7.808262e-007
 1.038750e+002 -9.508249e-007  7.786019e-007
 1.040000e+002 -9.400819e-007  7.928573e-007
 1.041250e+002 -9.884694e-007  7.458541e-007
 1.042500e+002 -9.720116e-007  8.101583e-007
 1.043750e+002 -9.330371e-007  7.837047e-007
 1.045000e+002 -9.221381e-007  8.020765e-007
 1.046250e+002 -9.018561e-007  8.044623e-007
 1.047500e+002 -8.886493e-007  7.895623e-007
 1.048750e+002 -8.907619e-007  8.052627e-007
 1.050000e+002 -9.036829e-007  7.357603e-007
 1.051250e+002 -8.634996e-007  7.485086e-007
 1.052500e+002 -8.845048e-007  8.101417e-007
 1.053750e+002 -8.776111e-007  7.970785e-007
 1.055000e+002 -8.165867e-007  7.277487e-007
 1.056250e+002 -7.953090e-007  7.888977e-007
 1.057500e+002 -8.366182e-007  7.514521e-007
 1.058750e+002 -7.790408e-007  8.408293e-007
 1.060000e+002 -7.965060e-007  8.124698e-007
 1.061250e+002 -8.018646e-007  8.061848e-007
 1.062500e+002 -7.547779e-007  7.789854e-007
 1.063750e+002 -7.701931e-007  8.219652e-007
 1.065000e+002 -7.774126e-007  7.384387e-007
 1.066250e+002 -7.450408e-007  7.920142e-007
 1.067500e+002 -7.384912e-007  7.854075e-007
 1.068750e+002 -7.287881e-007  7.229382e-007
 1.070000e+002 -7.272830e-007  8.118548e-007
 1.071250e+002 -6.798509e-007  7.495313e-007
 1.072500e+002 -6.645689e-007  6.944987e-007
 1.073750e+002 -6.739075e-007  7.785915e-007
 1.075000e+002 -6.463567e-007  7.800982e-007
 1.076250e+002 -6.385980e-007  7.581017e-007
 1.077500e+002 -5.606045e-007  7.600324e-007
 1.078750e+002 -6.260884e-007  7.448927e-007
 1.080000e+002 -5.963359e-007  6.955367e-007
 1.081250e+002 -6.135835e-007  7.089357e-007
 1.082500e+002 -5.837488e-007  6.985225e-007
 1.083750e+002 -5.811047e-007  7.120959e-007
 1.085000e+002 -6.163668e-007  7.926955e-007
 1.086250e+002 -5.337086e-007  7.079893e-007
 1.087500e+002 -5.732026e-007  6.880494e-007
 1.088750e+002 -5.811294e-007  6.706251e-007
 1.090000e+002 -5.320232e-007  6.062613e-007
 1.091250e+002 -5.447545e-007  6.237265e-007
 1.092500e+002 -5.489492e-007  6.355322e-007
 1.093750e+002 -4.982232e-007  6.486358e-007
 1.095000e+002 -5.151675e-007  6.768752e-007
 1.096250e+002 -5.285148e-007  6.320691e-007
 1.097500e+002 -4.957444e-007  7.226339e-007
 1.098750e+002 -5.521822e-007  6.499007e-007
 1.100000e+002 -5.442626e-007  5.950775e-007
 1.101250e+002 -5.364818e-007  6.639380e-007
 1.102500e+002 -4.075675e-007  6.346879e-007
 1.103750e+002 -5.186267e-007  5.759835e-007
 1.105000e+002 -4.795884e-007  5.908865e-007
 1.106250e+002 -4.286780e-007  5.396462e-007
 1.107500e+002 -3.914311e-007  5.688098e-007
 1.108750e+002 -4.442309e-007  4.982375e-007
 1.110000e+002 -4.395901e-007  5.193774e-007
 1.111250e+002 -4.488677e-007  5.023802e-007
 1.112500e+002 -4.176449e-007  4.326752e-007
 1.113750e+002 -5.054241e-007  4.951789e-007
 1.115000e+002 -4.427303e-007  4.200756e-007
 1.116250e+002 -4.277638e-007  3.655055e-007
 1.117500e+002 -4.553294e-007  3.709869e-007
 1.118750e+002 -5.150282e-007  3.472185e-007
 1.120000e+002 -5.529787e-007  3.566846e-007
 1.121250e+002 -6.493177e-007  3.208858e-007
 1.122500e+002 -6.716256e-007  2.824920e-007
 1.123750e+002 -7.499877e-007  3.353604e-007
 1.125000e+002 -8.029478e-007  3.703933e-007
 1.126250e+002 -1.005899e-006  3.710574e-007
 1.127500e+002 -1.009918e-006  4.168083e-007
 1.128750e+002 -1.083884e-006  5.938540e-007
 1.130000e+002 -1.045579e-006  7.308159e-007
 1.131250e+002 -9.885071e-007  9.185772e-007
 1.132500e+002 -9.088350e-007  1.031756e-006
 1.133750e+002 -7.647245e-007  9.999403e-007
 1.135000e+002 -6.625111e-007  9.922877e-007
 1.136250e+002 -5.885476e-007  1.063079e-006
 1.137500e+002 -5.247727e-007  9.844422e-007
 1.138750e+002 -4.700254e-007  1.022902e-006
 1.140000e+002 -4.417884e-007  9.844147e-007
 1.141250e+002 -4.041975e-007  9.775951e-007
 1.142500e+002 -3.681331e-007  9.859271e-007
 1.143750e+002 -3.088463e-007  9.390418e-007
 1.145000e+002 -2.769069e-007  8.866484e-007
 1.146250e+002 -2.587538e-007  8.940569e-007
 1.147500e+002 -2.301895e-007  9.087600e-007
 1.148750e+002 -1.968625e-007  8.859543e-007
 1.150000e+002 -1.664003e-007  8.049256e-007
 1.151250e+002 -1.368227e-007  7.956264e-007
 1.152500e+002 -1.757650e-007  8.478501e-007
 1.153750e+002 -7.268066e-008  8.063506e-007
 1.155000e+002 -1.340260e-007  7.782906e-007
 1.156250e+002 -1.013827e-007  7.695807e-007
 1.157500e+002 -1.138335e-007  7.451078e-007
 1.158750e+002 -3.500558e-008  7.271891e-007
 1.160000e+002 -4.825460e-008  7.387949e-007
 1.161250e+002 -1.626925e-008  6.849450e-007
 1.162500e+002 -7.592917e-008  6.927409e-007
 1.163750e+002 -7.585720e-008  6.905010e-007
 1.165000e+002 -2.855616e-008  6.805448e-007
 1.166250e+002 -1.401537e-008  6.431423e-007
 1.167500e+002 -3.990248e-008  6.076241e-007
 1.168750e+002  7.465179e-009  6.417172e-007
 1.170000e+002 -2.446502e-009  5.962260e-007
 1.171250e+002  2.491701e-008  5.499522e-007
 1.172500e+002  2.811444e-008  5.501897e-007
 1.173750e+002  3.094076e-008  5.623271e-007
 1.175000e+002  6.164023e-008  5.819737e-007
 1.176250e+002  7.095541e-008  6.449127e-007
 1.177500e+002  3.476125e-008  5.502564e-007
 1.178750e+002  5.396298e-008  5.455718e-007
 1.180000e+002  7.495451e-008  5.267340e-007
 1.181250e+002  9.719709e-008  4.782184e-007
 1.182500e+002  7.544328e-008  5.352789e-007
 1.183750e+002  6.368015e-008  4.929737e-007
 1.185000e+002  6.330605e-008  4.562929e-007
 1.186250e+002  8.840585e-008  4.715388e-007
 1.187500e+002  1.028284e-007  4.784871e-007
 1.188750e+002  1.081057e-007  4.567141e-007
 1.190000e+002  9.219678e-008  4.197059e-007
 1.191250e+002  9.954849e-008  4.027641e-007
 1.192500e+002  1.503153e-007  4.641383e-007
 1.193750e+002  1.483091e-007  4.076021e-007
 1.195000e+002  1.393643e-007  3.822346e-007
 1.196250e+002  1.727699e-007  3.691373e-007
 1.197500e+002  1.776035e-007  3.959157e-007
 1.198750e+002  1.541949e-007  3.621844e-007
 1.200000e+002  1.419293e-007  3.063977e-007
 1.201250e+002  1.438175e-007  4.648385e-007
 1.202500e+002  1.674103e-007  3.603927e-007
 1.203750e+002  1.837808e-007  3.792021e-007
 1.205000e+002  1.138851e-007  3.305899e-007
 1.206250e+002  1.766699e-007  3.626597e-007
 1.207500e+002  2.184256e-007  3.499166e-007
 1.208750e+002  1.799194e-007  3.407357e-007
 1.210000e+002  1.828599e-007  3.021716e-007
 1.211250e+002  1.934820e-007  3.076719e-007
 1.212500e+002  2.020267e-007  3.160442e-007
 1.213750e+002  1.973080e-007  3.112375e-007
 1.215000e+002  1.995782e-007  3.427943e-007
 1.216250e+002  1.986825e-007  2.507692e-007
 1.217500e+002  2.133399e-007  2.697771e-007
 1.218750e+002  2.080427e-007  2.696897e-007
 1.220000e+002  1.790871e-007  2.550696e-007
 1.221250e+002  1.943310e-007  2.723587e-007
 1.222500e+002  2.169274e-007  3.039980e-007
 1.223750e+002  2.661213e-007  2.537755e-007
 1.225000e+002  2.350779e-007  2.270993e-007
 1.226250e+002  2.355480e-007  2.371951e-007
 1.227500e+002  2.193532e-007  2.560058e-007
 1.228750e+002  2.259776e-007  2.421918e-007
 1.230000e+002  2.050657e-007  2.254596e-007
 1.231250e+002  1.905734e-007  2.143091e-007
 1.232500e+002  2.441802e-007  2.318615e-007
 1.233750e+002  2.164831e-007  2.147415e-007
 1.235000e+002  2.406089e-007  1.660641e-007
 1.236250e+002  2.473279e-007  1.822670e-007
 1.237500e+002  2.095332e-007  1.642969e-007
 1.238750e+002  2.302527e-007  1.700406e-007
 1.240000e+002  2.354623e-007  1.401732e-007
 1.241250e+002  2.334927e-007  1.294210e-007
 1.242500e+002  2.329666e-007  1.317166e-007
 1.243750e+002  2.519325e-007  1.489073e-007
 1.245000e+002  2.108989e-007  1.699999e-007
 1.246250e+002  2.442794e-007  1.163686e-007
 1.247500e+002  2.777110e-007  1.189565e-007
 1.248750e+002  2.726304e-007  1.126053e-007
 1.250000e+002  2.355157e-007  1.157654e-007
 1.251250e+002  2.297698e-007  7.583384e-008
 1.252500e+002  2.481085e-007  7.940736e-008
 1.253750e+002  2.197008e-007  9.066027e-008
 1.255000e+002  2.533438e-007  4.563848e-008
 1.256250e+002  2.533110e-007  9.059314e-008
 1.257500e+002  2.439530e-007  1.001513e-007
 1.258750e+002  2.559590e-007  8.792694e-008
 1.260000e+002  2.643358e-007  8.259521e-008
 1.261250e+002  2.174867e-007  4.597735e-008
 1.262500e+002  2.465620e-007  6.985574e-008
 1.263750e+002  2.275425e-007  2.990207e-008
 1.265000e+002  2.319929e-007  3.853054e-008
 1.266250e+002  2.556771e-007  2.926682e-008
 1.267500e+002  2.252038e-007  4.151271e-008
 1.268750e+002  2.484315e-007 -1.062282e-009
 1.270000e+002  2.609331e-007  3.412903e-008
 1.271250e+002  2.861119e-007  3.003279e-008
 1.272500e+002  2.772122e-007  6.930875e-008
 1.273750e+002  2.800953e-007  4.405983e-008
 1.275000e+002  2.615219e-007  2.066886e-009
 1.276250e+002  2.209998e-007  3.140083e-008
 1.277500e+002  2.625421e-007 -1.551125e-008
 1.278750e+002  2.462635e-007  9.244761e-009
 1.280000e+002  2.376154e-007  9.882950e-011
