 0.000000e+000  9.980398e-001  0.000000e+000
 2.500000e-001  9.266985e-001  0.000000e+000
 5.000000e-001  9.742255e-001  0.000000e+000
 7.500000e-001  9.821231e-001  0.000000e+000
 1.000000e+000  9.822417e-001  0.000000e+000
 1.250000e+000  9.843168e-001  0.000000e+000
 1.500000e+000  9.879353e-001  0.000000e+000
 1.750000e+000  9.876872e-001  0.000000e+000
 2.000000e+000  9.898936e-001  0.000000e+000
 2.250000e+000  9.874155e-001  0.000000e+000
 2.500000e+000  9.883277e-001  0.000000e+000
 2.750000e+000  9.842600e-001  0.000000e+000
 3.000000e+000  9.834889e-001  0.000000e+000
 3.250000e+000  9.121990e-001  0.000000e+000
 3.500000e+000  9.764259e-001  0.000000e+000
 3.750000e+000  9.817827e-001  0.000000e+000
 4.000000e+000  9.847289e-001  0.000000e+000
 4.250000e+000  9.840947e-001  0.000000e+000
 4.500000e+000  9.825861e-001  0.000000e+000
 4.750000e+000  9.869428e-001  0.000000e+000
 5.000000e+000  9.867921e-001  0.000000e+000
 5.250000e+000  9.832340e-001  0.000000e+000
 5.500000e+000  9.872598e-001  0.000000e+000
 5.750000e+000  9.903585e-001  0.000000e+000
 6.000000e+000  9.682090e-001  0.000000e+000
 6.250000e+000  9.867085e-001  0.000000e+000
 6.500000e+000  9.875337e-001  0.000000e+000
 6.750000e+000  9.878314e-001  0.000000e+000
 7.000000e+000  9.871102e-001  0.000000e+000
 7.250000e+000  9.866602e-001  0.000000e+000
 7.500000e+000  9.884570e-001  0.000000e+000
 7.750000e+000  9.897606e-001  0.000000e+000
 8.000000e+000  9.881861e-001  0.000000e+000
 8.250000e+000  9.890696e-001  0.000000e+000
 8.500000e+000  9.885773e-001  0.000000e+000
 8.750000e+000  9.886111e-001  0.000000e+000
 9.000000e+000  9.894149e-001  0.000000e+000
 9.250000e+000  9.877827e-001  0.000000e+000
 9.500000e+000  9.898812e-001  0.000000e+000
 9.750000e+000  9.887555e-001  0.000000e+000
 1.000000e+001  9.877782e-001  0.000000e+000
 1.025000e+001  9.878823e-001  0.000000e+000
 1.050000e+001  9.885174e-001  0.000000e+000
 1.075000e+001  9.861332e-001  0.000000e+000
 1.100000e+001  9.888629e-001  0.000000e+000
 1.125000e+001  9.854137e-001  0.000000e+000
 1.150000e+001  9.883626e-001  0.000000e+000
 1.175000e+001  9.889313e-001  0.000000e+000
 1.200000e+001  9.846297e-001  0.000000e+000
 1.225000e+001  9.880752e-001  0.000000e+000
 1.250000e+001  9.860880e-001  0.000000e+000
 1.275000e+001  9.861280e-001  0.000000e+000
 1.300000e+001  9.840571e-001  0.000000e+000
 1.325000e+001  9.836301e-001  0.000000e+000
 1.350000e+001  9.847478e-001  0.000000e+000
 1.375000e+001  9.827631e-001  0.000000e+000
 1.400000e+001  9.856033e-001  0.000000e+000
 1.425000e+001  9.818026e-001  0.000000e+000
 1.450000e+001  9.828697e-001  0.000000e+000
 1.475000e+001  9.834177e-001  0.000000e+000
 1.500000e+001  9.818317e-001  0.000000e+000
 1.525000e+001  9.828897e-001  0.000000e+000
 1.550000e+001  9.749542e-001  0.000000e+000
 1.575000e+001  9.776984e-001  0.000000e+000
 1.600000e+001  9.792003e-001  0.000000e+000
 1.625000e+001  9.739604e-001  0.000000e+000
 1.650000e+001  9.773843e-001  0.000000e+000
 1.675000e+001  9.742880e-001  0.000000e+000
 1.700000e+001  9.745352e-001  0.000000e+000
 1.725000e+001  9.728902e-001  0.000000e+000
 1.750000e+001  9.749824e-001  0.000000e+000
 1.775000e+001  9.754753e-001  0.000000e+000
 1.800000e+001  9.746984e-001  0.000000e+000
 1.825000e+001  9.753248e-001  0.000000e+000
 1.850000e+001  9.743616e-001  0.000000e+000
 1.875000e+001  9.749790e-001  0.000000e+000
 1.900000e+001  9.729482e-001  0.000000e+000
 1.925000e+001  9.694723e-001  0.000000e+000
 1.950000e+001  9.713839e-001  0.000000e+000
 1.975000e+001  9.732152e-001  0.000000e+000
 2.000000e+001  9.732158e-001  0.000000e+000
 2.025000e+001  9.734822e-001  0.000000e+000
 2.050000e+001  9.721671e-001  0.000000e+000
 2.075000e+001  9.750134e-001  0.000000e+000
 2.100000e+001  9.717329e-001  0.000000e+000
 2.125000e+001  9.720839e-001  0.000000e+000
 2.150000e+001  9.749062e-001  0.000000e+000
 2.175000e+001  9.731581e-001  0.000000e+000
 2.200000e+001  9.667318e-001  0.000000e+000
 2.225000e+001  9.735718e-001  0.000000e+000
 2.250000e+001  9.684924e-001  0.000000e+000
 2.275000e+001  9.669278e-001  0.000000e+000
 2.300000e+001  9.698610e-001  0.000000e+000
 2.325000e+001  9.707137e-001  0.000000e+000
 2.350000e+001  9.679192e-001  0.000000e+000
 2.375000e+001  9.647664e-001  0.000000e+000
 2.400000e+001  9.593014e-001  0.000000e+000
 2.425000e+001  9.610996e-001  0.000000e+000
 2.450000e+001  9.558178e-001  0.000000e+000
 2.475000e+001  9.545220e-001  0.000000e+000
 2.500000e+001  9.530394e-001  0.000000e+000
 2.525000e+001  9.515082e-001  0.000000e+000
 2.550000e+001  9.454209e-001  0.000000e+000
 2.575000e+001  9.403843e-001  0.000000e+000
 2.600000e+001  9.358352e-001  0.000000e+000
 2.625000e+001  9.347638e-001  0.000000e+000
 2.650000e+001  9.303732e-001  0.000000e+000
 2.675000e+001  9.257079e-001  0.000000e+000
 2.700000e+001  9.149863e-001  0.000000e+000
 2.725000e+001  9.119496e-001  0.000000e+000
 2.750000e+001  9.027522e-001  0.000000e+000
 2.775000e+001  8.970222e-001  0.000000e+000
 2.800000e+001  8.869500e-001  0.000000e+000
 2.825000e+001  8.746490e-001  0.000000e+000
 2.850000e+001  8.633004e-001  0.000000e+000
 2.875000e+001  8.681872e-001  0.000000e+000
 2.900000e+001  8.578069e-001  0.000000e+000
 2.925000e+001  8.538334e-001  0.000000e+000
 2.950000e+001  8.414680e-001  0.000000e+000
 2.975000e+001  8.305914e-001  0.000000e+000
 3.000000e+001  8.168438e-001  0.000000e+000
 3.025000e+001  8.170915e-001  0.000000e+000
 3.050000e+001  8.083414e-001  0.000000e+000
 3.075000e+001  7.905617e-001  0.000000e+000
 3.100000e+001  7.857403e-001  0.000000e+000
 3.125000e+001  7.709597e-001  0.000000e+000
 3.150000e+001  7.820143e-001  0.000000e+000
 3.175000e+001  7.706245e-001  0.000000e+000
 3.200000e+001  7.606834e-001  0.000000e+000
 3.225000e+001  7.437367e-001  0.000000e+000
 3.250000e+001  7.163085e-001  0.000000e+000
 3.275000e+001  7.298077e-001  0.000000e+000
 3.300000e+001  7.003895e-001  0.000000e+000
 3.325000e+001  6.813058e-001  0.000000e+000
 3.350000e+001  6.676018e-001  0.000000e+000
 3.375000e+001  6.386174e-001  0.000000e+000
 3.400000e+001  6.223889e-001  0.000000e+000
 3.425000e+001  5.841950e-001  0.000000e+000
 3.450000e+001  5.780667e-001  0.000000e+000
 3.475000e+001  5.133604e-001  0.000000e+000
 3.500000e+001  4.951510e-001  0.000000e+000
 3.525000e+001  4.283713e-001  0.000000e+000
 3.550000e+001  4.116209e-001  0.000000e+000
 3.575000e+001  3.484670e-001  0.000000e+000
 3.600000e+001  2.719627e-001  0.000000e+000
 3.625000e+001  1.890398e-001  0.000000e+000
 3.650000e+001  1.439894e-001  0.000000e+000
 3.675000e+001  1.075472e-001  0.000000e+000
 3.700000e+001  7.216633e-002  0.000000e+000
 3.725000e+001  6.742639e-002  0.000000e+000
 3.750000e+001  5.013717e-002  0.000000e+000
 3.775000e+001  5.620821e-002  0.000000e+000
 3.800000e+001  7.483028e-002  0.000000e+000
 3.825000e+001  8.999408e-002  0.000000e+000
 3.850000e+001  1.139159e-001  0.000000e+000
 3.875000e+001  1.182732e-001  0.000000e+000
 3.900000e+001  2.094839e-001  0.000000e+000
 3.925000e+001  2.091227e-001  0.000000e+000
 3.950000e+001  3.302143e-001  0.000000e+000
 3.975000e+001  3.129861e-001  0.000000e+000
 4.000000e+001  3.893026e-001  0.000000e+000
 4.025000e+001  3.868467e-001  0.000000e+000
 4.050000e+001  4.488538e-001  0.000000e+000
 4.075000e+001  4.129814e-001  0.000000e+000
 4.100000e+001  4.761847e-001  0.000000e+000
 4.125000e+001  5.569094e-001  0.000000e+000
 4.150000e+001  5.365731e-001  0.000000e+000
 4.175000e+001  5.864666e-001  0.000000e+000
 4.200000e+001  5.904151e-001  0.000000e+000
 4.225000e+001  5.788941e-001  0.000000e+000
 4.250000e+001  6.525858e-001  0.000000e+000
 4.275000e+001  6.492653e-001  0.000000e+000
 4.300000e+001  6.840280e-001  0.000000e+000
 4.325000e+001  7.209209e-001  0.000000e+000
 4.350000e+001  7.220641e-001  0.000000e+000
 4.375000e+001  7.518638e-001  0.000000e+000
 4.400000e+001  7.456486e-001  0.000000e+000
 4.425000e+001  7.055335e-001  0.000000e+000
 4.450000e+001  8.176420e-001  0.000000e+000
 4.475000e+001  8.068863e-001  0.000000e+000
 4.500000e+001  7.813006e-001  0.000000e+000
 4.525000e+001  8.451067e-001  0.000000e+000
 4.550000e+001  8.573005e-001  0.000000e+000
 4.575000e+001  8.616924e-001  0.000000e+000
 4.600000e+001  8.827514e-001  0.000000e+000
 4.625000e+001  8.782046e-001  0.000000e+000
 4.650000e+001  8.929914e-001  0.000000e+000
 4.675000e+001  8.837112e-001  0.000000e+000
 4.700000e+001  9.123688e-001  0.000000e+000
 4.725000e+001  9.184430e-001  0.000000e+000
 4.750000e+001  9.226242e-001  0.000000e+000
 4.775000e+001  8.936639e-001  0.000000e+000
 4.800000e+001  9.285836e-001  0.000000e+000
 4.825000e+001  9.206142e-001  0.000000e+000
 4.850000e+001  9.421803e-001  0.000000e+000
 4.875000e+001  9.222427e-001  0.000000e+000
 4.900000e+001  9.249355e-001  0.000000e+000
 4.925000e+001  9.435447e-001  0.000000e+000
 4.950000e+001  9.343885e-001  0.000000e+000
 4.975000e+001  9.506834e-001  0.000000e+000
 5.000000e+001  9.454322e-001  0.000000e+000
 5.025000e+001  9.583614e-001  0.000000e+000
 5.050000e+001  9.581339e-001  0.000000e+000
 5.075000e+001  9.580486e-001  0.000000e+000
 5.100000e+001  9.502035e-001  0.000000e+000
 5.125000e+001  9.472135e-001  0.000000e+000
 5.150000e+001  9.562655e-001  0.000000e+000
 5.175000e+001  9.413652e-001  0.000000e+000
 5.200000e+001  9.347633e-001  0.000000e+000
 5.225000e+001  9.477279e-001  0.000000e+000
 5.250000e+001  9.480533e-001  0.000000e+000
 5.275000e+001  9.415612e-001  0.000000e+000
 5.300000e+001  9.512337e-001  0.000000e+000
 5.325000e+001  9.412304e-001  0.000000e+000
 5.350000e+001  9.501973e-001  0.000000e+000
 5.375000e+001  9.462373e-001  0.000000e+000
 5.400000e+001  9.520996e-001  0.000000e+000
 5.425000e+001  9.439141e-001  0.000000e+000
 5.450000e+001  9.513028e-001  0.000000e+000
 5.475000e+001  9.510910e-001  0.000000e+000
 5.500000e+001  9.596323e-001  0.000000e+000
 5.525000e+001  9.606367e-001  0.000000e+000
 5.550000e+001  9.637469e-001  0.000000e+000
 5.575000e+001  9.655036e-001  0.000000e+000
 5.600000e+001  9.788965e-001  0.000000e+000
 5.625000e+001  9.660663e-001  0.000000e+000
 5.650000e+001  9.694225e-001  0.000000e+000
 5.675000e+001  9.660851e-001  0.000000e+000
 5.700000e+001  9.743235e-001  0.000000e+000
 5.725000e+001  9.742998e-001  0.000000e+000
 5.750000e+001  9.769706e-001  0.000000e+000
 5.775000e+001  9.629357e-001  0.000000e+000
 5.800000e+001  9.764608e-001  0.000000e+000
 5.825000e+001  9.791387e-001  0.000000e+000
 5.850000e+001  9.798152e-001  0.000000e+000
 5.875000e+001  9.798098e-001  0.000000e+000
 5.900000e+001  9.780409e-001  0.000000e+000
 5.925000e+001  9.797642e-001  0.000000e+000
 5.950000e+001  9.806805e-001  0.000000e+000
 5.975000e+001  9.839635e-001  0.000000e+000
 6.000000e+001  9.728082e-001  0.000000e+000
 6.025000e+001  9.788743e-001  0.000000e+000
 6.050000e+001  9.782354e-001  0.000000e+000
 6.075000e+001  9.828290e-001  0.000000e+000
 6.100000e+001  9.831282e-001  0.000000e+000
 6.125000e+001  9.869697e-001  0.000000e+000
 6.150000e+001  9.834177e-001  0.000000e+000
 6.175000e+001  9.818397e-001  0.000000e+000
 6.200000e+001  9.844578e-001  0.000000e+000
 6.225000e+001  9.872831e-001  0.000000e+000
 6.250000e+001  9.859459e-001  0.000000e+000
 6.275000e+001  9.826622e-001  0.000000e+000
 6.300000e+001  9.865245e-001  0.000000e+000
 6.325000e+001  9.856315e-001  0.000000e+000
 6.350000e+001  9.858087e-001  0.000000e+000
 6.375000e+001  9.875498e-001  0.000000e+000
 6.400000e+001  9.868575e-001  0.000000e+000
 6.425000e+001  9.862306e-001  0.000000e+000
 6.450000e+001  9.864804e-001  0.000000e+000
 6.475000e+001  9.852333e-001  0.000000e+000
 6.500000e+001  9.870081e-001  0.000000e+000
 6.525000e+001  9.898859e-001  0.000000e+000
 6.550000e+001  9.914197e-001  0.000000e+000
 6.575000e+001  9.884419e-001  0.000000e+000
 6.600000e+001  9.884946e-001  0.000000e+000
 6.625000e+001  9.901151e-001  0.000000e+000
 6.650000e+001  9.909162e-001  0.000000e+000
 6.675000e+001  9.880360e-001  0.000000e+000
 6.700000e+001  9.881350e-001  0.000000e+000
 6.725000e+001  9.893878e-001  0.000000e+000
 6.750000e+001  9.918984e-001  0.000000e+000
 6.775000e+001  9.902479e-001  0.000000e+000
 6.800000e+001  9.905263e-001  0.000000e+000
 6.825000e+001  9.886280e-001  0.000000e+000
 6.850000e+001  9.882956e-001  0.000000e+000
 6.875000e+001  9.907983e-001  0.000000e+000
 6.900000e+001  9.893279e-001  0.000000e+000
 6.925000e+001  9.913372e-001  0.000000e+000
 6.950000e+001  9.907511e-001  0.000000e+000
 6.975000e+001  9.900173e-001  0.000000e+000
 7.000000e+001  9.883131e-001  0.000000e+000
 7.025000e+001  9.890532e-001  0.000000e+000
 7.050000e+001  9.895144e-001  0.000000e+000
 7.075000e+001  9.905789e-001  0.000000e+000
 7.100000e+001  9.912718e-001  0.000000e+000
 7.125000e+001  9.882288e-001  0.000000e+000
 7.150000e+001  9.893701e-001  0.000000e+000
 7.175000e+001  9.896817e-001  0.000000e+000
 7.200000e+001  9.870576e-001  0.000000e+000
 7.225000e+001  9.898823e-001  0.000000e+000
 7.250000e+001  9.895490e-001  0.000000e+000
 7.275000e+001  9.888697e-001  0.000000e+000
 7.300000e+001  9.899818e-001  0.000000e+000
 7.325000e+001  9.840859e-001  0.000000e+000
 7.350000e+001  9.864888e-001  0.000000e+000
 7.375000e+001  9.862904e-001  0.000000e+000
 7.400000e+001  9.883724e-001  0.000000e+000
 7.425000e+001  9.868791e-001  0.000000e+000
 7.450000e+001  9.877578e-001  0.000000e+000
 7.475000e+001  9.860010e-001  0.000000e+000
 7.500000e+001  9.859061e-001  0.000000e+000
 7.525000e+001  9.861987e-001  0.000000e+000
 7.550000e+001  9.886631e-001  0.000000e+000
 7.575000e+001  9.866961e-001  0.000000e+000
 7.600000e+001  9.871997e-001  0.000000e+000
 7.625000e+001  9.873593e-001  0.000000e+000
 7.650000e+001  9.880219e-001  0.000000e+000
 7.675000e+001  9.870608e-001  0.000000e+000
 7.700000e+001  9.868591e-001  0.000000e+000
 7.725000e+001  9.887061e-001  0.000000e+000
 7.750000e+001  9.864774e-001  0.000000e+000
 7.775000e+001  9.865956e-001  0.000000e+000
 7.800000e+001  9.875041e-001  0.000000e+000
 7.825000e+001  9.874400e-001  0.000000e+000
 7.850000e+001  9.877955e-001  0.000000e+000
 7.875000e+001  9.890135e-001  0.000000e+000
 7.900000e+001  9.871213e-001  0.000000e+000
 7.925000e+001  9.858809e-001  0.000000e+000
 7.950000e+001  9.849733e-001  0.000000e+000
 7.975000e+001  9.851972e-001  0.000000e+000
 8.000000e+001  9.913439e-001  0.000000e+000
 8.025000e+001  9.915816e-001  0.000000e+000
 8.050000e+001  9.903840e-001  0.000000e+000
 8.075000e+001  9.921656e-001  0.000000e+000
 8.100000e+001  9.926386e-001  0.000000e+000
 8.125000e+001  9.907160e-001  0.000000e+000
 8.150000e+001  9.909064e-001  0.000000e+000
 8.175000e+001  9.913737e-001  0.000000e+000
 8.200000e+001  9.920363e-001  0.000000e+000
 8.225000e+001  9.916370e-001  0.000000e+000
 8.250000e+001  9.943379e-001  0.000000e+000
 8.275000e+001  9.928628e-001  0.000000e+000
 8.300000e+001  9.927698e-001  0.000000e+000
 8.325000e+001  9.934016e-001  0.000000e+000
 8.350000e+001  9.932374e-001  0.000000e+000
 8.375000e+001  9.942245e-001  0.000000e+000
 8.400000e+001  9.936870e-001  0.000000e+000
 8.425000e+001  9.938982e-001  0.000000e+000
 8.450000e+001  9.929374e-001  0.000000e+000
 8.475000e+001  9.945211e-001  0.000000e+000
 8.500000e+001  9.949396e-001  0.000000e+000
 8.525000e+001  9.925712e-001  0.000000e+000
 8.550000e+001  9.943498e-001  0.000000e+000
 8.575000e+001  9.940796e-001  0.000000e+000
 8.600000e+001  9.941455e-001  0.000000e+000
 8.625000e+001  9.938887e-001  0.000000e+000
 8.650000e+001  9.915311e-001  0.000000e+000
 8.675000e+001  9.926105e-001  0.000000e+000
 8.700000e+001  9.923460e-001  0.000000e+000
 8.725000e+001  9.912638e-001  0.000000e+000
 8.750000e+001  9.895871e-001  0.000000e+000
 8.775000e+001  9.901343e-001  0.000000e+000
 8.800000e+001  9.896306e-001  0.000000e+000
 8.825000e+001  9.899775e-001  0.000000e+000
 8.850000e+001  9.888771e-001  0.000000e+000
 8.875000e+001  9.881900e-001  0.000000e+000
 8.900000e+001  9.866567e-001  0.000000e+000
 8.925000e+001  9.862573e-001  0.000000e+000
 8.950000e+001  9.814176e-001  0.000000e+000
 8.975000e+001  9.762359e-001  0.000000e+000
 9.000000e+001  9.801395e-001  0.000000e+000
 9.025000e+001  9.860140e-001  0.000000e+000
 9.050000e+001  9.909493e-001  0.000000e+000
 9.075000e+001  9.939188e-001  0.000000e+000
 9.100000e+001  9.953626e-001  0.000000e+000
 9.125000e+001  9.959862e-001  0.000000e+000
 9.150000e+001  9.937574e-001  0.000000e+000
 9.175000e+001  9.957772e-001  0.000000e+000
 9.200000e+001  9.957961e-001  0.000000e+000
 9.225000e+001  9.947870e-001  0.000000e+000
 9.250000e+001  9.940429e-001  0.000000e+000
 9.275000e+001  9.946970e-001  0.000000e+000
 9.300000e+001  9.917269e-001  0.000000e+000
 9.325000e+001  9.936476e-001  0.000000e+000
 9.350000e+001  9.937498e-001  0.000000e+000
 9.375000e+001  9.932575e-001  0.000000e+000
 9.400000e+001  9.938956e-001  0.000000e+000
 9.425000e+001  9.919654e-001  0.000000e+000
 9.450000e+001  9.933465e-001  0.000000e+000
 9.475000e+001  9.923395e-001  0.000000e+000
 9.500000e+001  9.912245e-001  0.000000e+000
 9.525000e+001  9.914395e-001  0.000000e+000
 9.550000e+001  9.903436e-001  0.000000e+000
 9.575000e+001  9.898484e-001  0.000000e+000
 9.600000e+001  9.925951e-001  0.000000e+000
 9.625000e+001  9.867346e-001  0.000000e+000
 9.650000e+001  9.892477e-001  0.000000e+000
 9.675000e+001  9.875410e-001  0.000000e+000
 9.700000e+001  9.869720e-001  0.000000e+000
 9.725000e+001  9.860095e-001  0.000000e+000
 9.750000e+001  9.879147e-001  0.000000e+000
 9.775000e+001  9.844077e-001  0.000000e+000
 9.800000e+001  9.848667e-001  0.000000e+000
 9.825000e+001  9.848747e-001  0.000000e+000
 9.850000e+001  9.826235e-001  0.000000e+000
 9.875000e+001  9.819341e-001  0.000000e+000
 9.900000e+001  9.838512e-001  0.000000e+000
 9.925000e+001  9.848927e-001  0.000000e+000
 9.950000e+001  9.822652e-001  0.000000e+000
 9.975000e+001  9.823973e-001  0.000000e+000
 1.000000e+002  9.829922e-001  0.000000e+000
 1.002500e+002  9.832088e-001  0.000000e+000
 1.005000e+002  9.843602e-001  0.000000e+000
 1.007500e+002  9.801282e-001  0.000000e+000
 1.010000e+002  9.830798e-001  0.000000e+000
 1.012500e+002  9.811471e-001  0.000000e+000
 1.015000e+002  9.773378e-001  0.000000e+000
 1.017500e+002  9.813653e-001  0.000000e+000
 1.020000e+002  9.812964e-001  0.000000e+000
 1.022500e+002  9.825460e-001  0.000000e+000
 1.025000e+002  9.815953e-001  0.000000e+000
 1.027500e+002  9.813691e-001  0.000000e+000
 1.030000e+002  9.810401e-001  0.000000e+000
 1.032500e+002  9.832832e-001  0.000000e+000
 1.035000e+002  9.830619e-001  0.000000e+000
 1.037500e+002  9.811791e-001  0.000000e+000
 1.040000e+002  9.832499e-001  0.000000e+000
 1.042500e+002  9.790077e-001  0.000000e+000
 1.045000e+002  9.850651e-001  0.000000e+000
 1.047500e+002  9.786071e-001  0.000000e+000
 1.050000e+002  9.848657e-001  0.000000e+000
 1.052500e+002  9.817585e-001  0.000000e+000
 1.055000e+002  9.832880e-001  0.000000e+000
 1.057500e+002  9.826312e-001  0.000000e+000
 1.060000e+002  9.842022e-001  0.000000e+000
 1.062500e+002  9.751509e-001  0.000000e+000
 1.065000e+002  9.820121e-001  0.000000e+000
 1.067500e+002  9.812238e-001  0.000000e+000
 1.070000e+002  9.782506e-001  0.000000e+000
 1.072500e+002  9.822125e-001  0.000000e+000
 1.075000e+002  9.807789e-001  0.000000e+000
 1.077500e+002  9.809614e-001  0.000000e+000
 1.080000e+002  9.728884e-001  0.000000e+000
 1.082500e+002  9.782570e-001  0.000000e+000
 1.085000e+002  9.753797e-001  0.000000e+000
 1.087500e+002  9.733349e-001  0.000000e+000
 1.090000e+002  9.745457e-001  0.000000e+000
 1.092500e+002  9.751126e-001  0.000000e+000
 1.095000e+002  9.736617e-001  0.000000e+000
 1.097500e+002  9.781127e-001  0.000000e+000
 1.100000e+002  9.766296e-001  0.000000e+000
 1.102500e+002  9.710928e-001  0.000000e+000
 1.105000e+002  9.738157e-001  0.000000e+000
 1.107500e+002  9.741246e-001  0.000000e+000
 1.110000e+002  9.693245e-001  0.000000e+000
 1.112500e+002  9.726036e-001  0.000000e+000
 1.115000e+002  9.702618e-001  0.000000e+000
 1.117500e+002  9.672002e-001  0.000000e+000
 1.120000e+002  9.713567e-001  0.000000e+000
 1.122500e+002  9.679041e-001  0.000000e+000
 1.125000e+002  9.696698e-001  0.000000e+000
 1.127500e+002  9.650837e-001  0.000000e+000
 1.130000e+002  9.761856e-001  0.000000e+000
 1.132500e+002  9.662479e-001  0.000000e+000
 1.135000e+002  9.660217e-001  0.000000e+000
 1.137500e+002  9.638181e-001  0.000000e+000
 1.140000e+002  9.669752e-001  0.000000e+000
 1.142500e+002  9.632639e-001  0.000000e+000
 1.145000e+002  9.747923e-001  0.000000e+000
 1.147500e+002  9.714131e-001  0.000000e+000
 1.150000e+002  9.774412e-001  0.000000e+000
 1.152500e+002  9.754897e-001  0.000000e+000
 1.155000e+002  9.739680e-001  0.000000e+000
 1.157500e+002  9.698105e-001  0.000000e+000
 1.160000e+002  9.680961e-001  0.000000e+000
 1.162500e+002  9.794400e-001  0.000000e+000
 1.165000e+002  9.702347e-001  0.000000e+000
 1.167500e+002  9.723737e-001  0.000000e+000
 1.170000e+002  9.769594e-001  0.000000e+000
 1.172500e+002  9.738696e-001  0.000000e+000
 1.175000e+002  9.813377e-001  0.000000e+000
 1.177500e+002  9.748031e-001  0.000000e+000
 1.180000e+002  9.737693e-001  0.000000e+000
 1.182500e+002  9.793722e-001  0.000000e+000
 1.185000e+002  9.691619e-001  0.000000e+000
 1.187500e+002  9.651152e-001  0.000000e+000
 1.190000e+002  9.683990e-001  0.000000e+000
 1.192500e+002  9.618220e-001  0.000000e+000
 1.195000e+002  9.705070e-001  0.000000e+000
 1.197500e+002  9.681678e-001  0.000000e+000
 1.200000e+002  9.572451e-001  0.000000e+000
 1.202500e+002  9.589262e-001  0.000000e+000
 1.205000e+002  9.623630e-001  0.000000e+000
 1.207500e+002  9.620405e-001  0.000000e+000
 1.210000e+002  9.586888e-001  0.000000e+000
 1.212500e+002  9.627963e-001  0.000000e+000
 1.215000e+002  9.518699e-001  0.000000e+000
 1.217500e+002  9.475397e-001  0.000000e+000
 1.220000e+002  9.597012e-001  0.000000e+000
 1.222500e+002  9.458213e-001  0.000000e+000
 1.225000e+002  9.475548e-001  0.000000e+000
 1.227500e+002  9.425656e-001  0.000000e+000
 1.230000e+002  9.642115e-001  0.000000e+000
 1.232500e+002  9.416504e-001  0.000000e+000
 1.235000e+002  9.388230e-001  0.000000e+000
 1.237500e+002  9.433339e-001  0.000000e+000
 1.240000e+002  9.387890e-001  0.000000e+000
 1.242500e+002  9.439173e-001  0.000000e+000
 1.245000e+002  9.425246e-001  0.000000e+000
 1.247500e+002  9.450632e-001  0.000000e+000
 1.250000e+002  9.403007e-001  0.000000e+000
 1.252500e+002  9.433140e-001  0.000000e+000
 1.255000e+002  9.283881e-001  0.000000e+000
 1.257500e+002  9.225304e-001  0.000000e+000
 1.260000e+002  9.477935e-001  0.000000e+000
 1.262500e+002  9.411733e-001  0.000000e+000
 1.265000e+002  9.406376e-001  0.000000e+000
 1.267500e+002  9.493041e-001  0.000000e+000
 1.270000e+002  9.541820e-001  0.000000e+000
 1.272500e+002  9.305176e-001  0.000000e+000
 1.275000e+002  9.403965e-001  0.000000e+000
 1.277500e+002  9.418312e-001  0.000000e+000
 1.280000e+002  9.402180e-001  0.000000e+000
 1.282500e+002  9.359888e-001  0.000000e+000
 1.285000e+002  9.396699e-001  0.000000e+000
 1.287500e+002  9.448947e-001  0.000000e+000
 1.290000e+002  9.383628e-001  0.000000e+000
 1.292500e+002  9.117152e-001  0.000000e+000
 1.295000e+002  9.161406e-001  0.000000e+000
 1.297500e+002  9.222571e-001  0.000000e+000
 1.300000e+002  9.249653e-001  0.000000e+000
 1.302500e+002  9.347628e-001  0.000000e+000
 1.305000e+002  9.392860e-001  0.000000e+000
 1.307500e+002  9.125144e-001  0.000000e+000
 1.310000e+002  9.056386e-001  0.000000e+000
 1.312500e+002  9.347257e-001  0.000000e+000
 1.315000e+002  9.331945e-001  0.000000e+000
 1.317500e+002  9.209192e-001  0.000000e+000
 1.320000e+002  9.008945e-001  0.000000e+000
 1.322500e+002  8.970551e-001  0.000000e+000
 1.325000e+002  9.115206e-001  0.000000e+000
 1.327500e+002  8.842584e-001  0.000000e+000
 1.330000e+002  8.924981e-001  0.000000e+000
 1.332500e+002  8.939842e-001  0.000000e+000
 1.335000e+002  9.160370e-001  0.000000e+000
 1.337500e+002  8.890027e-001  0.000000e+000
 1.340000e+002  9.030350e-001  0.000000e+000
 1.342500e+002  8.921596e-001  0.000000e+000
 1.345000e+002  8.445999e-001  0.000000e+000
 1.347500e+002  8.720711e-001  0.000000e+000
 1.350000e+002  8.531841e-001  0.000000e+000
 1.352500e+002  8.359016e-001  0.000000e+000
 1.355000e+002  8.827093e-001  0.000000e+000
 1.357500e+002  8.951522e-001  0.000000e+000
 1.360000e+002  8.534159e-001  0.000000e+000
 1.362500e+002  8.660743e-001  0.000000e+000
 1.365000e+002  8.665162e-001  0.000000e+000
 1.367500e+002  8.398116e-001  0.000000e+000
 1.370000e+002  8.569056e-001  0.000000e+000
 1.372500e+002  8.901170e-001  0.000000e+000
 1.375000e+002  8.631662e-001  0.000000e+000
 1.377500e+002  9.134989e-001  0.000000e+000
 1.380000e+002  8.577423e-001  0.000000e+000
 1.382500e+002  8.488182e-001  0.000000e+000
 1.385000e+002  8.568687e-001  0.000000e+000
 1.387500e+002  8.436137e-001  0.000000e+000
 1.390000e+002  8.520589e-001  0.000000e+000
 1.392500e+002  8.784897e-001  0.000000e+000
 1.395000e+002  8.724177e-001  0.000000e+000
 1.397500e+002  8.798829e-001  0.000000e+000
 1.400000e+002  8.476160e-001  0.000000e+000
 1.402500e+002  9.014421e-001  0.000000e+000
 1.405000e+002  8.584206e-001  0.000000e+000
 1.407500e+002  8.406022e-001  0.000000e+000
 1.410000e+002  7.947785e-001  0.000000e+000
 1.412500e+002  8.467606e-001  0.000000e+000
 1.415000e+002  8.066474e-001  0.000000e+000
 1.417500e+002  8.561119e-001  0.000000e+000
 1.420000e+002  8.213897e-001  0.000000e+000
 1.422500e+002  7.865855e-001  0.000000e+000
 1.425000e+002  8.304237e-001  0.000000e+000
 1.427500e+002  7.871305e-001  0.000000e+000
 1.430000e+002  8.216518e-001  0.000000e+000
 1.432500e+002  7.691355e-001  0.000000e+000
 1.435000e+002  8.088838e-001  0.000000e+000
 1.437500e+002  7.487952e-001  0.000000e+000
 1.440000e+002  7.607356e-001  0.000000e+000
 1.442500e+002  7.723533e-001  0.000000e+000
 1.445000e+002  7.246661e-001  0.000000e+000
 1.447500e+002  6.520450e-001  0.000000e+000
 1.450000e+002  7.163471e-001  0.000000e+000
 1.452500e+002  7.463303e-001  0.000000e+000
 1.455000e+002  6.850294e-001  0.000000e+000
 1.457500e+002  6.416496e-001  0.000000e+000
 1.460000e+002  5.283226e-001  0.000000e+000
 1.462500e+002  6.485099e-001  0.000000e+000
 1.465000e+002  6.163790e-001  0.000000e+000
 1.467500e+002  7.034214e-001  0.000000e+000
 1.470000e+002  6.319278e-001  0.000000e+000
 1.472500e+002  6.839063e-001  0.000000e+000
 1.475000e+002  6.153721e-001  0.000000e+000
 1.477500e+002  6.414379e-001  0.000000e+000
 1.480000e+002  5.674012e-001  0.000000e+000
 1.482500e+002  5.966209e-001  0.000000e+000
 1.485000e+002  6.232869e-001  0.000000e+000
 1.487500e+002  5.963607e-001  0.000000e+000
 1.490000e+002  6.132430e-001  0.000000e+000
 1.492500e+002  5.532159e-001  0.000000e+000
 1.495000e+002  5.282457e-001  0.000000e+000
 1.497500e+002  5.960279e-001  0.000000e+000
 1.500000e+002  5.023336e-001  0.000000e+000
 1.502500e+002  4.129999e-001  0.000000e+000
 1.505000e+002  5.499392e-001  0.000000e+000
 1.507500e+002  5.602347e-001  0.000000e+000
 1.510000e+002  4.891682e-001  0.000000e+000
 1.512500e+002  5.238140e-001  0.000000e+000
 1.515000e+002  4.708275e-001  0.000000e+000
 1.517500e+002  4.249314e-001  0.000000e+000
 1.520000e+002  4.348751e-001  0.000000e+000
 1.522500e+002  3.211674e-001  0.000000e+000
 1.525000e+002  4.475076e-001  0.000000e+000
 1.527500e+002  3.893164e-001  0.000000e+000
 1.530000e+002  4.609603e-001  0.000000e+000
 1.532500e+002  3.983451e-001  0.000000e+000
 1.535000e+002  4.488328e-001  0.000000e+000
 1.537500e+002  3.141637e-001  0.000000e+000
 1.540000e+002  2.546920e-001  0.000000e+000
 1.542500e+002  4.023902e-001  0.000000e+000
 1.545000e+002  3.598849e-001  0.000000e+000
 1.547500e+002  2.658812e-001  0.000000e+000
 1.550000e+002  2.136554e-001  0.000000e+000
 1.552500e+002  3.215222e-001  0.000000e+000
 1.555000e+002  1.885051e-001  0.000000e+000
 1.557500e+002  3.074943e-001  0.000000e+000
 1.560000e+002  2.458353e-001  0.000000e+000
 1.562500e+002  3.208433e-001  0.000000e+000
 1.565000e+002  2.866632e-001  0.000000e+000
 1.567500e+002  2.370345e-001  0.000000e+000
 1.570000e+002  1.647051e-001  0.000000e+000
 1.572500e+002  2.109887e-001  0.000000e+000
 1.575000e+002  1.818537e-001  0.000000e+000
 1.577500e+002  2.903937e-001  0.000000e+000
 1.580000e+002  2.142207e-001  0.000000e+000
 1.582500e+002  1.910467e-001  0.000000e+000
 1.585000e+002  2.172089e-001  0.000000e+000
 1.587500e+002  2.449109e-001  0.000000e+000
 1.590000e+002  2.331123e-001  0.000000e+000
 1.592500e+002  1.601060e-001  0.000000e+000
 1.595000e+002  1.924477e-001  0.000000e+000
 1.597500e+002  1.391252e-001  0.000000e+000
 1.600000e+002  2.642429e-001  0.000000e+000
 1.602500e+002  2.603378e-001  0.000000e+000
 1.605000e+002  2.649594e-001  0.000000e+000
 1.607500e+002  3.152871e-001  0.000000e+000
 1.610000e+002  3.079591e-001  0.000000e+000
 1.612500e+002  3.910835e-001  0.000000e+000
 1.615000e+002  3.678737e-001  0.000000e+000
 1.617500e+002  3.187737e-001  0.000000e+000
 1.620000e+002  4.738666e-001  0.000000e+000
 1.622500e+002  3.488626e-001  0.000000e+000
 1.625000e+002  4.138032e-001  0.000000e+000
 1.627500e+002  4.741741e-001  0.000000e+000
 1.630000e+002  5.630216e-001  0.000000e+000
 1.632500e+002  4.640729e-001  0.000000e+000
 1.635000e+002  4.940508e-001  0.000000e+000
 1.637500e+002  4.007992e-001  0.000000e+000
 1.640000e+002  2.457520e-001  0.000000e+000
 1.642500e+002  1.794560e-001  0.000000e+000
 1.645000e+002  1.638110e-001  0.000000e+000
 1.647500e+002  1.568543e-001  0.000000e+000
 1.650000e+002  1.174836e-001  0.000000e+000
 1.652500e+002  1.312896e-001  0.000000e+000
 1.655000e+002  1.325633e-001  0.000000e+000
 1.657500e+002  2.508189e-001  0.000000e+000
 1.660000e+002  1.235645e-001  0.000000e+000
 1.662500e+002  1.414812e-001  0.000000e+000
 1.665000e+002  2.301507e-001  0.000000e+000
 1.667500e+002  3.200067e-001  0.000000e+000
 1.670000e+002  2.014433e-001  0.000000e+000
 1.672500e+002  1.248282e-001  0.000000e+000
 1.675000e+002  3.202962e-001  0.000000e+000
 1.677500e+002  2.603110e-001  0.000000e+000
 1.680000e+002  2.238874e-001  0.000000e+000
 1.682500e+002  1.551480e-001  0.000000e+000
 1.685000e+002  4.378733e-001  0.000000e+000
 1.687500e+002  2.969391e-001  0.000000e+000
 1.690000e+002  2.066482e-001  0.000000e+000
 1.692500e+002  3.025505e-001  0.000000e+000
 1.695000e+002  2.480921e-001  0.000000e+000
 1.697500e+002  1.572390e-001  0.000000e+000
 1.700000e+002  2.920404e-001  0.000000e+000
 1.702500e+002  2.232456e-001  0.000000e+000
 1.705000e+002  2.996656e-001  0.000000e+000
 1.707500e+002  3.245246e-001  0.000000e+000
 1.710000e+002  2.756649e-001  0.000000e+000
 1.712500e+002  4.745495e-001  0.000000e+000
 1.715000e+002  4.223185e-001  0.000000e+000
 1.717500e+002  4.720815e-001  0.000000e+000
 1.720000e+002  5.622928e-001  0.000000e+000
 1.722500e+002  5.209447e-001  0.000000e+000
 1.725000e+002  5.575206e-001  0.000000e+000
 1.727500e+002  5.665876e-001  0.000000e+000
 1.730000e+002  6.541677e-001  0.000000e+000
 1.732500e+002  6.199474e-001  0.000000e+000
 1.735000e+002  7.101012e-001  0.000000e+000
 1.737500e+002  6.323144e-001  0.000000e+000
 1.740000e+002  6.793897e-001  0.000000e+000
 1.742500e+002  6.844617e-001  0.000000e+000
 1.745000e+002  6.333207e-001  0.000000e+000
 1.747500e+002  6.340052e-001  0.000000e+000
 1.750000e+002  8.124644e-001  0.000000e+000
 1.752500e+002  7.639846e-001  0.000000e+000
 1.755000e+002  8.078003e-001  0.000000e+000
 1.757500e+002  7.380617e-001  0.000000e+000
 1.760000e+002  7.678348e-001  0.000000e+000
 1.762500e+002  7.244650e-001  0.000000e+000
 1.765000e+002  7.244651e-001  0.000000e+000
 1.767500e+002  7.638088e-001  0.000000e+000
 1.770000e+002  8.116879e-001  0.000000e+000
 1.772500e+002  8.127036e-001  0.000000e+000
 1.775000e+002  7.774562e-001  0.000000e+000
 1.777500e+002  8.453517e-001  0.000000e+000
 1.780000e+002  8.347881e-001  0.000000e+000
 1.782500e+002  8.077314e-001  0.000000e+000
 1.785000e+002  8.352569e-001  0.000000e+000
 1.787500e+002  8.612151e-001  0.000000e+000
 1.790000e+002  8.597133e-001  0.000000e+000
 1.792500e+002  8.480396e-001  0.000000e+000
 1.795000e+002  8.062648e-001  0.000000e+000
 1.797500e+002  8.494344e-001  0.000000e+000
 1.800000e+002  8.209604e-001  0.000000e+000
 1.802500e+002  8.641272e-001  0.000000e+000
 1.805000e+002  8.268830e-001  0.000000e+000
 1.807500e+002  8.367764e-001  0.000000e+000
 1.810000e+002  8.505551e-001  0.000000e+000
 1.812500e+002  8.394579e-001  0.000000e+000
 1.815000e+002  8.479374e-001  0.000000e+000
 1.817500e+002  8.370447e-001  0.000000e+000
 1.820000e+002  8.321800e-001  0.000000e+000
 1.822500e+002  8.348254e-001  0.000000e+000
 1.825000e+002  8.518937e-001  0.000000e+000
 1.827500e+002  8.224126e-001  0.000000e+000
 1.830000e+002  8.622140e-001  0.000000e+000
 1.832500e+002  8.250647e-001  0.000000e+000
 1.835000e+002  8.378559e-001  0.000000e+000
 1.837500e+002  7.984298e-001  0.000000e+000
 1.840000e+002  8.188252e-001  0.000000e+000
 1.842500e+002  8.069186e-001  0.000000e+000
 1.845000e+002  8.258185e-001  0.000000e+000
 1.847500e+002  8.396702e-001  0.000000e+000
 1.850000e+002  8.338635e-001  0.000000e+000
 1.852500e+002  8.645677e-001  0.000000e+000
 1.855000e+002  8.098906e-001  0.000000e+000
 1.857500e+002  8.265352e-001  0.000000e+000
 1.860000e+002  8.071334e-001  0.000000e+000
 1.862500e+002  7.921921e-001  0.000000e+000
 1.865000e+002  8.171570e-001  0.000000e+000
 1.867500e+002  8.066318e-001  0.000000e+000
 1.870000e+002  8.103931e-001  0.000000e+000
 1.872500e+002  8.308969e-001  0.000000e+000
 1.875000e+002  8.804629e-001  0.000000e+000
 1.877500e+002  8.728576e-001  0.000000e+000
 1.880000e+002  8.282458e-001  0.000000e+000
 1.882500e+002  8.593221e-001  0.000000e+000
 1.885000e+002  8.494007e-001  0.000000e+000
 1.887500e+002  8.773391e-001  0.000000e+000
 1.890000e+002  8.761488e-001  0.000000e+000
 1.892500e+002  8.638049e-001  0.000000e+000
 1.895000e+002  8.669789e-001  0.000000e+000
 1.897500e+002  8.534023e-001  0.000000e+000
 1.900000e+002  8.731799e-001  0.000000e+000
 1.902500e+002  8.706653e-001  0.000000e+000
 1.905000e+002  8.629347e-001  0.000000e+000
 1.907500e+002  8.881058e-001  0.000000e+000
 1.910000e+002  8.389912e-001  0.000000e+000
 1.912500e+002  8.859103e-001  0.000000e+000
 1.915000e+002  8.339388e-001  0.000000e+000
 1.917500e+002  8.536075e-001  0.000000e+000
 1.920000e+002  8.830928e-001  0.000000e+000
 1.922500e+002  8.542107e-001  0.000000e+000
 1.925000e+002  8.798111e-001  0.000000e+000
 1.927500e+002  8.475384e-001  0.000000e+000
 1.930000e+002  8.624777e-001  0.000000e+000
 1.932500e+002  8.437715e-001  0.000000e+000
 1.935000e+002  8.343228e-001  0.000000e+000
 1.937500e+002  8.421953e-001  0.000000e+000
 1.940000e+002  8.993281e-001  0.000000e+000
 1.942500e+002  8.854641e-001  0.000000e+000
 1.945000e+002  8.216005e-001  0.000000e+000
 1.947500e+002  8.617496e-001  0.000000e+000
 1.950000e+002  8.697548e-001  0.000000e+000
 1.952500e+002  8.324622e-001  0.000000e+000
 1.955000e+002  8.722179e-001  0.000000e+000
 1.957500e+002  8.565088e-001  0.000000e+000
 1.960000e+002  8.370672e-001  0.000000e+000
 1.962500e+002  8.464165e-001  0.000000e+000
 1.965000e+002  8.637487e-001  0.000000e+000
 1.967500e+002  8.789714e-001  0.000000e+000
 1.970000e+002  8.252720e-001  0.000000e+000
 1.972500e+002  8.697096e-001  0.000000e+000
 1.975000e+002  8.639259e-001  0.000000e+000
 1.977500e+002  8.487466e-001  0.000000e+000
 1.980000e+002  8.577626e-001  0.000000e+000
 1.982500e+002  8.365140e-001  0.000000e+000
 1.985000e+002  8.845451e-001  0.000000e+000
 1.987500e+002  8.345985e-001  0.000000e+000
 1.990000e+002  8.750105e-001  0.000000e+000
 1.992500e+002  8.600031e-001  0.000000e+000
 1.995000e+002  8.564455e-001  0.000000e+000
 1.997500e+002  8.724845e-001  0.000000e+000
 2.000000e+002  8.233069e-001  0.000000e+000
 2.002500e+002  8.210353e-001  0.000000e+000
 2.005000e+002  8.856555e-001  0.000000e+000
 2.007500e+002  8.574429e-001  0.000000e+000
 2.010000e+002  8.563371e-001  0.000000e+000
 2.012500e+002  8.250335e-001  0.000000e+000
 2.015000e+002  8.462277e-001  0.000000e+000
 2.017500e+002  8.891815e-001  0.000000e+000
 2.020000e+002  8.608246e-001  0.000000e+000
 2.022500e+002  8.380749e-001  0.000000e+000
 2.025000e+002  8.589323e-001  0.000000e+000
 2.027500e+002  8.726705e-001  0.000000e+000
 2.030000e+002  8.622674e-001  0.000000e+000
 2.032500e+002  8.472944e-001  0.000000e+000
 2.035000e+002  8.126373e-001  0.000000e+000
 2.037500e+002  8.886786e-001  0.000000e+000
 2.040000e+002  8.439510e-001  0.000000e+000
 2.042500e+002  8.236604e-001  0.000000e+000
 2.045000e+002  8.606427e-001  0.000000e+000
 2.047500e+002  8.418925e-001  0.000000e+000
 2.050000e+002  8.815038e-001  0.000000e+000
 2.052500e+002  8.473641e-001  0.000000e+000
 2.055000e+002  8.670295e-001  0.000000e+000
 2.057500e+002  8.148862e-001  0.000000e+000
 2.060000e+002  8.479454e-001  0.000000e+000
 2.062500e+002  8.187121e-001  0.000000e+000
 2.065000e+002  8.069279e-001  0.000000e+000
 2.067500e+002  8.597375e-001  0.000000e+000
 2.070000e+002  8.177064e-001  0.000000e+000
 2.072500e+002  7.912409e-001  0.000000e+000
 2.075000e+002  8.275663e-001  0.000000e+000
 2.077500e+002  8.087518e-001  0.000000e+000
 2.080000e+002  8.066644e-001  0.000000e+000
 2.082500e+002  8.018389e-001  0.000000e+000
 2.085000e+002  8.206282e-001  0.000000e+000
 2.087500e+002  7.810181e-001  0.000000e+000
 2.090000e+002  8.122702e-001  0.000000e+000
 2.092500e+002  8.016450e-001  0.000000e+000
 2.095000e+002  8.346325e-001  0.000000e+000
 2.097500e+002  8.082631e-001  0.000000e+000
 2.100000e+002  7.745546e-001  0.000000e+000
 2.102500e+002  8.247370e-001  0.000000e+000
 2.105000e+002  8.085110e-001  0.000000e+000
 2.107500e+002  8.250324e-001  0.000000e+000
 2.110000e+002  7.883075e-001  0.000000e+000
 2.112500e+002  7.948805e-001  0.000000e+000
 2.115000e+002  8.436536e-001  0.000000e+000
 2.117500e+002  7.987762e-001  0.000000e+000
 2.120000e+002  8.040940e-001  0.000000e+000
 2.122500e+002  8.456629e-001  0.000000e+000
 2.125000e+002  8.054540e-001  0.000000e+000
 2.127500e+002  8.185140e-001  0.000000e+000
 2.130000e+002  8.055082e-001  0.000000e+000
 2.132500e+002  7.962462e-001  0.000000e+000
 2.135000e+002  8.156901e-001  0.000000e+000
 2.137500e+002  8.017819e-001  0.000000e+000
 2.140000e+002  8.232301e-001  0.000000e+000
 2.142500e+002  7.729190e-001  0.000000e+000
 2.145000e+002  8.045709e-001  0.000000e+000
 2.147500e+002  7.956687e-001  0.000000e+000
 2.150000e+002  7.834269e-001  0.000000e+000
 2.152500e+002  6.955053e-001  0.000000e+000
 2.155000e+002  7.304362e-001  0.000000e+000
 2.157500e+002  6.732451e-001  0.000000e+000
 2.160000e+002  7.410061e-001  0.000000e+000
 2.162500e+002  7.632530e-001  0.000000e+000
 2.165000e+002  7.417374e-001  0.000000e+000
 2.167500e+002  7.834195e-001  0.000000e+000
 2.170000e+002  7.885187e-001  0.000000e+000
 2.172500e+002  7.431119e-001  0.000000e+000
 2.175000e+002  7.131638e-001  0.000000e+000
 2.177500e+002  7.096474e-001  0.000000e+000
 2.180000e+002  7.222460e-001  0.000000e+000
 2.182500e+002  7.027079e-001  0.000000e+000
 2.185000e+002  7.280493e-001  0.000000e+000
 2.187500e+002  6.869001e-001  0.000000e+000
 2.190000e+002  6.370919e-001  0.000000e+000
 2.192500e+002  6.836432e-001  0.000000e+000
 2.195000e+002  6.481646e-001  0.000000e+000
 2.197500e+002  6.857306e-001  0.000000e+000
 2.200000e+002  7.421755e-001  0.000000e+000
 2.202500e+002  6.610987e-001  0.000000e+000
 2.205000e+002  6.429718e-001  0.000000e+000
 2.207500e+002  6.855013e-001  0.000000e+000
 2.210000e+002  6.323322e-001  0.000000e+000
 2.212500e+002  6.845612e-001  0.000000e+000
 2.215000e+002  6.684390e-001  0.000000e+000
 2.217500e+002  6.565360e-001  0.000000e+000
 2.220000e+002  6.659988e-001  0.000000e+000
 2.222500e+002  5.985327e-001  0.000000e+000
 2.225000e+002  5.842548e-001  0.000000e+000
 2.227500e+002  5.665731e-001  0.000000e+000
 2.230000e+002  5.030464e-001  0.000000e+000
 2.232500e+002  5.890308e-001  0.000000e+000
 2.235000e+002  5.726264e-001  0.000000e+000
 2.237500e+002  5.795741e-001  0.000000e+000
 2.240000e+002  6.126466e-001  0.000000e+000
 2.242500e+002  5.756650e-001  0.000000e+000
 2.245000e+002  5.071580e-001  0.000000e+000
 2.247500e+002  5.586755e-001  0.000000e+000
 2.250000e+002  4.318620e-001  0.000000e+000
 2.252500e+002  4.505728e-001  0.000000e+000
 2.255000e+002  5.690785e-001  0.000000e+000
 2.257500e+002  4.720001e-001  0.000000e+000
 2.260000e+002  5.687478e-001  0.000000e+000
 2.262500e+002  3.998193e-001  0.000000e+000
 2.265000e+002  4.438804e-001  0.000000e+000
 2.267500e+002  3.688067e-001  0.000000e+000
 2.270000e+002  3.932740e-001  0.000000e+000
 2.272500e+002  4.267664e-001  0.000000e+000
 2.275000e+002  2.517083e-001  0.000000e+000
 2.277500e+002  3.481656e-001  0.000000e+000
 2.280000e+002  2.337723e-001  0.000000e+000
 2.282500e+002  2.911906e-001  0.000000e+000
 2.285000e+002  2.368434e-001  0.000000e+000
 2.287500e+002  3.008522e-001  0.000000e+000
 2.290000e+002  2.622386e-001  0.000000e+000
 2.292500e+002  2.979623e-001  0.000000e+000
 2.295000e+002  2.011678e-001  0.000000e+000
 2.297500e+002  2.045572e-001  0.000000e+000
 2.300000e+002  1.503525e-001  0.000000e+000
 2.302500e+002  1.401216e-001  0.000000e+000
 2.305000e+002  9.017294e-002  0.000000e+000
 2.307500e+002  3.865207e-002  0.000000e+000
 2.310000e+002  6.872521e-002  0.000000e+000
 2.312500e+002  2.555541e-002  0.000000e+000
 2.315000e+002  1.748797e-002  0.000000e+000
 2.317500e+002  7.773157e-002  0.000000e+000
 2.320000e+002  5.157901e-002  0.000000e+000
 2.322500e+002  8.429558e-003  0.000000e+000
 2.325000e+002  2.612405e-002  0.000000e+000
 2.327500e+002  1.859890e-002  0.000000e+000
 2.330000e+002  8.791710e-003  0.000000e+000
 2.332500e+002  2.112730e-002  0.000000e+000
 2.335000e+002  2.872180e-003  0.000000e+000
 2.337500e+002  1.029857e-003  0.000000e+000
 2.340000e+002  1.153814e-002  0.000000e+000
 2.342500e+002  2.484525e-003  0.000000e+000
 2.345000e+002  6.890425e-003  0.000000e+000
 2.347500e+002  1.162898e-002  0.000000e+000
 2.350000e+002  2.151819e-002  0.000000e+000
 2.352500e+002  4.261374e-002  0.000000e+000
 2.355000e+002  2.456987e-002  0.000000e+000
 2.357500e+002  3.653064e-002  0.000000e+000
 2.360000e+002  3.482791e-002  0.000000e+000
 2.362500e+002  1.036894e-001  0.000000e+000
 2.365000e+002  2.250784e-001  0.000000e+000
 2.367500e+002  1.358460e-001  0.000000e+000
 2.370000e+002  1.534478e-001  0.000000e+000
 2.372500e+002  1.332415e-001  0.000000e+000
 2.375000e+002  8.452924e-002  0.000000e+000
 2.377500e+002  1.519193e-001  0.000000e+000
 2.380000e+002  1.324630e-001  0.000000e+000
 2.382500e+002  2.054475e-001  0.000000e+000
 2.385000e+002  1.760986e-001  0.000000e+000
 2.387500e+002  1.852893e-001  0.000000e+000
 2.390000e+002  2.892902e-001  0.000000e+000
 2.392500e+002  1.568394e-001  0.000000e+000
 2.395000e+002  3.263773e-001  0.000000e+000
 2.397500e+002  3.322473e-001  0.000000e+000
 2.400000e+002  2.959675e-001  0.000000e+000
 2.402500e+002  2.294153e-001  0.000000e+000
 2.405000e+002  3.198293e-001  0.000000e+000
 2.407500e+002  3.253987e-001  0.000000e+000
 2.410000e+002  3.289136e-001  0.000000e+000
 2.412500e+002  2.707899e-001  0.000000e+000
 2.415000e+002  3.207820e-001  0.000000e+000
 2.417500e+002  4.412581e-001  0.000000e+000
 2.420000e+002  3.900449e-001  0.000000e+000
 2.422500e+002  3.896188e-001  0.000000e+000
 2.425000e+002  3.966085e-001  0.000000e+000
 2.427500e+002  4.447168e-001  0.000000e+000
 2.430000e+002  4.891114e-001  0.000000e+000
 2.432500e+002  3.975051e-001  0.000000e+000
 2.435000e+002  4.395823e-001  0.000000e+000
 2.437500e+002  4.351162e-001  0.000000e+000
 2.440000e+002  4.450898e-001  0.000000e+000
 2.442500e+002  4.266764e-001  0.000000e+000
 2.445000e+002  5.334975e-001  0.000000e+000
 2.447500e+002  4.586913e-001  0.000000e+000
 2.450000e+002  5.328194e-001  0.000000e+000
 2.452500e+002  5.288643e-001  0.000000e+000
 2.455000e+002  6.103064e-001  0.000000e+000
 2.457500e+002  5.903255e-001  0.000000e+000
 2.460000e+002  6.107703e-001  0.000000e+000
 2.462500e+002  5.920844e-001  0.000000e+000
 2.465000e+002  5.791212e-001  0.000000e+000
 2.467500e+002  6.438276e-001  0.000000e+000
 2.470000e+002  5.953875e-001  0.000000e+000
 2.472500e+002  5.758870e-001  0.000000e+000
 2.475000e+002  5.511468e-001  0.000000e+000
 2.477500e+002  5.431286e-001  0.000000e+000
 2.480000e+002  4.898401e-001  0.000000e+000
 2.482500e+002  4.737673e-001  0.000000e+000
 2.485000e+002  4.229829e-001  0.000000e+000
 2.487500e+002  3.280268e-001  0.000000e+000
 2.490000e+002  3.591182e-001  0.000000e+000
 2.492500e+002  3.450273e-001  0.000000e+000
 2.495000e+002  3.440175e-001  0.000000e+000
 2.497500e+002  3.666731e-001  0.000000e+000
 2.500000e+002  3.400289e-001  0.000000e+000
 2.502500e+002  3.394289e-001  0.000000e+000
 2.505000e+002  4.015551e-001  0.000000e+000
 2.507500e+002  2.852922e-001  0.000000e+000
 2.510000e+002  3.456890e-001  0.000000e+000
 2.512500e+002  3.878966e-001  0.000000e+000
 2.515000e+002  3.655220e-001  0.000000e+000
 2.517500e+002  3.558177e-001  0.000000e+000
 2.520000e+002  4.210080e-001  0.000000e+000
 2.522500e+002  3.813682e-001  0.000000e+000
 2.525000e+002  4.043802e-001  0.000000e+000
 2.527500e+002  3.632080e-001  0.000000e+000
 2.530000e+002  3.438747e-001  0.000000e+000
 2.532500e+002  3.507377e-001  0.000000e+000
 2.535000e+002  3.472046e-001  0.000000e+000
 2.537500e+002  3.548122e-001  0.000000e+000
 2.540000e+002  3.755739e-001  0.000000e+000
 2.542500e+002  3.695489e-001  0.000000e+000
 2.545000e+002  4.188471e-001  0.000000e+000
 2.547500e+002  3.485490e-001  0.000000e+000
 2.550000e+002  3.262890e-001  0.000000e+000
 2.552500e+002  3.598018e-001  0.000000e+000
 2.555000e+002  3.921925e-001  0.000000e+000
 2.557500e+002  3.896019e-001  0.000000e+000
 2.560000e+002  5.089598e-001  0.000000e+000
