 0.000000e+000  2.606836e-007  0.000000e+000
 1.000000e+000 -8.451134e-007 -1.045743e-006
 2.000000e+000 -9.982370e-007 -4.929043e-007
 3.000000e+000 -1.131014e-006 -9.839890e-009
 4.000000e+000 -1.029103e-006 -1.216911e-007
 5.000000e+000 -9.356606e-007 -6.854158e-007
 6.000000e+000 -1.109535e-006  3.471775e-007
 7.000000e+000 -9.851827e-007 -7.878512e-008
 8.000000e+000 -1.058095e-006 -1.692556e-007
 9.000000e+000 -8.961006e-006 -5.839035e-006
 1.000000e+001 -1.445166e-006 -1.211690e-007
 1.100000e+001 -1.578251e-006  1.953794e-008
 1.200000e+001 -1.485370e-006 -3.472641e-008
 1.300000e+001 -1.532544e-006  1.657402e-007
 1.400000e+001 -1.715259e-006  2.028038e-007
 1.500000e+001 -1.926903e-006  3.952795e-007
 1.600000e+001 -1.965243e-006  5.379899e-007
 1.700000e+001 -1.945136e-006  4.889336e-007
 1.800000e+001 -6.946373e-007 -1.048124e-005
 1.900000e+001 -2.356097e-006 -5.411635e-007
 2.000000e+001 -3.394413e-006 -3.498114e-008
 2.100000e+001 -6.266726e-006  8.199993e-007
 2.200000e+001  1.038544e-005  1.505270e-004
 2.300000e+001  6.435995e-006 -1.521525e-006
 2.400000e+001  2.471623e-006 -1.218155e-006
 2.500000e+001  1.231383e-006 -7.428178e-007
 2.600000e+001  7.177200e-007 -1.569503e-006
 2.700000e+001  5.582122e-007  5.712128e-006
 2.800000e+001  2.530474e-007 -2.079273e-007
 2.900000e+001  7.367948e-008 -1.942781e-007
 3.000000e+001 -5.945343e-009 -2.644292e-007
 3.100000e+001 -3.558177e-008 -2.317458e-007
 3.200000e+001 -1.478181e-008 -3.729709e-007
 3.300000e+001 -2.015070e-007 -3.437537e-007
 3.400000e+001 -2.577088e-007 -3.211920e-007
 3.500000e+001 -2.843108e-007 -3.422468e-007
 3.600000e+001 -1.105099e-006 -4.046770e-007
 3.700000e+001 -4.295213e-007 -2.375209e-007
 3.800000e+001 -4.998685e-007 -1.680890e-007
 3.900000e+001 -6.133913e-008 -7.611599e-007
 4.000000e+001 -4.832315e-007  2.917805e-008
 4.100000e+001 -5.574426e-007 -1.852262e-007
 4.200000e+001 -6.256891e-007 -2.803204e-007
 4.300000e+001 -6.002552e-007 -1.336167e-007
 4.400000e+001 -6.743905e-007 -2.170091e-007
 4.500000e+001 -9.305008e-007 -6.419224e-007
 4.600000e+001 -7.425478e-007 -2.729328e-007
 4.700000e+001 -7.999411e-007 -2.440144e-007
 4.800000e+001 -8.665422e-007 -2.448649e-007
 4.900000e+001 -7.881101e-007 -2.392963e-007
 5.000000e+001 -9.904743e-007 -2.363885e-007
 5.100000e+001 -8.413905e-007 -9.187349e-008
 5.200000e+001 -1.051338e-006 -2.102457e-007
 5.300000e+001 -1.142019e-006 -3.180194e-007
 5.400000e+001 -5.488906e-007 -5.237982e-007
 5.500000e+001 -1.195133e-006 -1.183084e-007
 5.600000e+001 -1.281209e-006 -4.622502e-008
 5.700000e+001 -1.584524e-006 -8.909505e-008
 5.800000e+001 -1.399472e-006  1.081065e-007
 5.900000e+001 -1.573446e-006  1.023686e-007
 6.000000e+001 -2.160363e-006  2.952194e-007
 6.100000e+001 -1.718030e-006  2.982733e-007
 6.200000e+001 -1.871588e-006  3.188655e-007
 6.300000e+001 -2.050358e-006 -2.554535e-007
 6.400000e+001 -2.254636e-006  4.550222e-008
 6.500000e+001 -2.469320e-006  1.871644e-007
 6.600000e+001 -2.739092e-006  2.041644e-007
 6.700000e+001 -3.006932e-006  3.882965e-007
 6.800000e+001 -3.860307e-006  4.842418e-007
 6.900000e+001 -4.615345e-006  6.137363e-007
 7.000000e+001 -6.136334e-006  8.044462e-007
 7.100000e+001 -1.027838e-005  2.012234e-006
 7.200000e+001 -2.014348e-005  9.301399e-006
 7.300000e+001  1.755611e-005  1.671705e-005
 7.400000e+001  8.421592e-006  4.333789e-006
 7.500000e+001  5.962545e-006  2.457960e-006
 7.600000e+001  4.358914e-006  1.535015e-006
 7.700000e+001  3.571871e-006  1.444591e-006
 7.800000e+001  3.206915e-006  8.967469e-007
 7.900000e+001  2.650292e-006  5.020352e-007
 8.000000e+001  2.582410e-006  7.260303e-007
 8.100000e+001  3.220527e-006  2.939651e-007
 8.200000e+001  2.098817e-006  6.946694e-007
 8.300000e+001  1.927823e-006  5.335170e-007
 8.400000e+001  1.816845e-006  4.129468e-007
 8.500000e+001  1.739392e-006  3.803516e-007
 8.600000e+001  1.491610e-006  2.630199e-007
 8.700000e+001  1.353421e-006  2.199896e-007
 8.800000e+001  1.135505e-006  2.993033e-007
 8.900000e+001  5.668890e-007  5.340158e-007
 9.000000e+001  3.402554e-006 -4.471857e-007
 9.100000e+001  1.927664e-006 -3.437331e-007
 9.200000e+001  1.631531e-006 -4.423499e-007
 9.300000e+001  1.059810e-007  2.835309e-007
 9.400000e+001  1.152661e-006 -3.857377e-007
 9.500000e+001  1.040153e-006 -3.976101e-007
 9.600000e+001  8.285893e-007 -3.470165e-007
 9.700000e+001  8.745642e-007 -3.721765e-007
 9.800000e+001  5.920935e-007 -3.270868e-007
 9.900000e+001  1.287686e-006 -5.384965e-008
 1.000000e+002  7.216145e-007 -3.100034e-007
 1.010000e+002  7.508016e-007 -2.257020e-007
 1.020000e+002  6.043875e-007 -2.135786e-007
 1.030000e+002  6.007970e-007 -2.915172e-007
 1.040000e+002  5.073733e-007 -2.756464e-007
 1.050000e+002  5.728405e-007 -1.736800e-007
 1.060000e+002  4.860935e-007 -2.201714e-007
 1.070000e+002  3.461484e-007 -8.274095e-008
 1.080000e+002  7.582387e-007 -7.949034e-008
 1.090000e+002  5.774262e-007 -1.592874e-007
 1.100000e+002  5.384031e-007 -1.132150e-007
 1.110000e+002  6.751807e-007 -1.582775e-007
 1.120000e+002  5.257320e-007 -1.072445e-007
 1.130000e+002  4.609801e-007 -9.742741e-008
 1.140000e+002  4.899247e-007 -1.487247e-007
 1.150000e+002  5.132586e-007 -2.279659e-007
 1.160000e+002  5.004340e-007 -5.157053e-007
 1.170000e+002 -1.937925e-008  3.532652e-007
 1.180000e+002  4.279612e-007  9.920101e-008
 1.190000e+002  4.640524e-007  3.528790e-009
 1.200000e+002  3.331822e-007 -3.176570e-008
 1.210000e+002  4.155294e-007 -3.322634e-008
 1.220000e+002  4.193521e-007  8.983364e-009
 1.230000e+002  3.494582e-007 -7.334624e-008
 1.240000e+002  3.340294e-007  7.968853e-009
 1.250000e+002  1.207167e-007  1.355825e-007
 1.260000e+002  6.161513e-007 -3.705344e-007
 1.270000e+002  4.684548e-007 -1.658725e-007
 1.280000e+002  4.373158e-007 -1.569044e-007
 1.290000e+002  6.269474e-007 -2.009240e-007
 1.300000e+002  4.068326e-007 -1.150366e-007
 1.310000e+002  4.295785e-007 -7.164074e-008
 1.320000e+002  3.982156e-007 -2.964108e-008
 1.330000e+002  4.718544e-007 -3.087265e-008
 1.340000e+002  6.921119e-007  2.108470e-007
 1.350000e+002  3.384592e-008 -3.054778e-007
 1.360000e+002  2.308741e-007 -1.452275e-007
 1.370000e+002  3.028917e-007 -1.512221e-007
 1.380000e+002  2.665657e-007 -1.618451e-007
 1.390000e+002  2.795594e-007 -7.815608e-008
 1.400000e+002  2.610538e-007 -9.377221e-008
 1.410000e+002  2.180664e-007 -5.374670e-008
 1.420000e+002  3.168501e-007  2.414511e-009
 1.430000e+002  2.447759e-007  1.199681e-008
 1.440000e+002  3.251335e-007 -2.468550e-007
 1.450000e+002  2.374818e-007 -1.023532e-007
 1.460000e+002  2.665829e-007 -1.380958e-007
 1.470000e+002  8.295069e-007 -3.603069e-007
 1.480000e+002  3.708951e-007 -7.282487e-008
 1.490000e+002  3.069505e-007 -7.695411e-008
 1.500000e+002  3.060726e-007 -6.942501e-008
 1.510000e+002  3.237863e-007 -1.033199e-007
 1.520000e+002  1.920714e-007 -9.594144e-008
 1.530000e+002  9.997094e-008 -5.444055e-008
 1.540000e+002  2.507534e-007 -9.667037e-008
 1.550000e+002  2.450390e-007 -5.063806e-008
 1.560000e+002  2.259626e-007 -8.876859e-008
 1.570000e+002  2.582510e-007 -6.697613e-008
 1.580000e+002  2.135471e-007 -1.085578e-007
 1.590000e+002  5.412996e-007  2.765848e-007
 1.600000e+002  2.879443e-007 -1.018026e-007
 1.610000e+002  2.396462e-007  1.306635e-007
 1.620000e+002  1.789545e-007  4.713238e-008
 1.630000e+002  1.931041e-007 -4.196013e-008
 1.640000e+002  2.178177e-007 -2.270323e-008
 1.650000e+002  1.120800e-007  5.534711e-008
 1.660000e+002  2.580469e-007 -8.986922e-009
 1.670000e+002  2.210724e-007  5.445803e-008
 1.680000e+002  1.936118e-007  6.466828e-008
 1.690000e+002  1.968293e-007  1.367283e-007
 1.700000e+002  2.530865e-007  1.010909e-007
 1.710000e+002  2.085911e-007 -7.463274e-008
 1.720000e+002  2.001504e-007  1.344243e-008
 1.730000e+002  2.501865e-007  3.944466e-008
 1.740000e+002  2.681784e-007 -7.573485e-008
 1.750000e+002  2.689370e-007 -5.107264e-009
 1.760000e+002  2.911314e-007  4.034377e-008
 1.770000e+002  2.740349e-007  1.387412e-007
 1.780000e+002  2.607469e-007 -8.415467e-009
 1.790000e+002  3.449333e-007  1.789400e-008
 1.800000e+002  1.442336e-007 -1.658083e-007
 1.810000e+002  1.698392e-007 -3.934312e-008
 1.820000e+002  2.375659e-007 -1.450252e-008
 1.830000e+002  4.001487e-007 -6.758205e-008
 1.840000e+002  1.939267e-007 -1.036137e-008
 1.850000e+002  2.416602e-007 -1.077273e-009
 1.860000e+002  2.069928e-007  7.740086e-009
 1.870000e+002  1.970173e-007  2.909494e-008
 1.880000e+002  8.150462e-008 -1.558951e-007
 1.890000e+002  8.883751e-007  4.933874e-007
 1.900000e+002  2.486349e-007  3.033126e-009
 1.910000e+002  2.219667e-007 -3.629286e-008
 1.920000e+002  2.234637e-007 -9.762995e-009
 1.930000e+002  2.476327e-007 -3.396217e-008
 1.940000e+002  2.365355e-007  9.098665e-009
 1.950000e+002  1.558982e-007  3.216832e-008
 1.960000e+002  2.101419e-007 -1.584876e-008
 1.970000e+002  2.237412e-007  2.727646e-008
 1.980000e+002  1.996042e-007  3.105367e-008
 1.990000e+002  1.919047e-007 -1.280535e-008
 2.000000e+002  2.396392e-007 -3.691390e-008
 2.010000e+002 -7.204459e-008  3.539384e-007
 2.020000e+002  1.871981e-007  1.274173e-008
 2.030000e+002  1.783397e-007  5.765460e-008
 2.040000e+002  2.297320e-007  6.935814e-008
 2.050000e+002  1.899272e-007  3.831941e-008
 2.060000e+002  1.543080e-007  1.683112e-008
 2.070000e+002  1.477411e-007  3.736301e-008
 2.080000e+002  1.427877e-007  7.858841e-008
 2.090000e+002  1.241789e-007  1.742939e-008
 2.100000e+002  1.626321e-007  2.190222e-008
 2.110000e+002  1.963150e-007  6.051396e-008
 2.120000e+002  2.323153e-007 -1.736792e-008
 2.130000e+002 -2.758537e-008  6.027844e-007
 2.140000e+002  1.789150e-007  1.194130e-007
 2.150000e+002  1.676842e-007  8.819682e-008
 2.160000e+002  1.952353e-007  8.544746e-008
 2.170000e+002  2.191733e-007  3.879975e-008
 2.180000e+002  1.525626e-007  5.089023e-008
 2.190000e+002  1.489466e-007  8.739433e-008
 2.200000e+002  1.649001e-007  8.751101e-008
 2.210000e+002  2.278581e-007  6.761825e-008
 2.220000e+002  1.759126e-007  4.128096e-008
 2.230000e+002  1.309929e-007  2.426143e-008
 2.240000e+002  1.812520e-007  3.284367e-008
 2.250000e+002  7.517034e-008 -5.163798e-008
 2.260000e+002  1.305755e-007  8.297585e-009
 2.270000e+002  1.627621e-007  3.260937e-008
 2.280000e+002  7.741340e-008  1.293363e-007
 2.290000e+002  1.361161e-007 -9.700044e-009
 2.300000e+002  1.291321e-007  3.605087e-008
 2.310000e+002  3.497581e-007  2.898539e-007
 2.320000e+002  1.388345e-007 -1.182358e-009
 2.330000e+002  1.078867e-007  1.276478e-008
 2.340000e+002  1.094341e-007  3.501661e-008
 2.350000e+002  1.545110e-007  1.515968e-008
 2.360000e+002  9.514251e-008  7.510389e-008
 2.370000e+002  6.615292e-008 -2.213251e-007
 2.380000e+002  7.685993e-008  3.421850e-008
 2.390000e+002  1.116116e-007 -4.639011e-008
 2.400000e+002  1.806281e-007  3.554524e-007
 2.410000e+002  9.062577e-008 -2.181399e-008
 2.420000e+002 -3.930857e-008  3.197610e-008
 2.430000e+002  3.104183e-007  7.707702e-008
 2.440000e+002  5.899998e-008  1.082298e-007
 2.450000e+002  1.193590e-008  1.152400e-007
 2.460000e+002  1.122151e-008  2.001888e-007
 2.470000e+002  1.110701e-007  3.642530e-007
 2.480000e+002  2.509028e-007  7.730782e-008
 2.490000e+002  2.482273e-007  7.403203e-008
 2.500000e+002  2.268535e-007 -3.463959e-008
 2.510000e+002  2.013355e-007 -6.894056e-008
 2.520000e+002  1.218672e-007 -7.003550e-008
 2.530000e+002  8.974289e-008 -2.933416e-008
 2.540000e+002  1.056871e-007 -5.359173e-008
 2.550000e+002  3.637273e-007  2.540390e-007
 2.560000e+002  1.347398e-007 -6.884744e-008
 2.570000e+002  6.457484e-008  6.201683e-009
 2.580000e+002  1.574022e-007  6.860790e-009
 2.590000e+002  4.458433e-008  8.394328e-008
 2.600000e+002  1.247897e-007  6.559869e-008
 2.610000e+002  6.570522e-010  7.652779e-009
 2.620000e+002  7.464134e-008  5.288400e-008
 2.630000e+002  1.140914e-007 -6.299025e-010
 2.640000e+002  3.761021e-008  3.120182e-009
 2.650000e+002  5.976765e-008  2.240614e-008
 2.660000e+002  7.684497e-009  3.121186e-008
 2.670000e+002  4.099747e-007  5.825933e-007
 2.680000e+002  7.484160e-008  1.024757e-007
 2.690000e+002  9.008830e-008  7.734129e-008
 2.700000e+002 -3.419178e-009  2.154045e-007
 2.710000e+002  6.615284e-008  8.395823e-008
 2.720000e+002  1.238286e-007  9.205242e-008
 2.730000e+002  1.197659e-007 -1.881199e-008
 2.740000e+002  8.776507e-008  7.837298e-008
 2.750000e+002  4.348170e-008 -4.466806e-009
 2.760000e+002  5.390502e-008 -2.274392e-009
 2.770000e+002  9.002852e-008  1.245413e-007
 2.780000e+002  8.580456e-008  1.823060e-008
 2.790000e+002  1.598193e-007  4.572099e-008
 2.800000e+002  7.882728e-008  9.585389e-008
 2.810000e+002  7.717047e-008 -3.187220e-008
 2.820000e+002  1.532637e-007  1.305749e-009
 2.830000e+002  1.477453e-007  2.559610e-008
 2.840000e+002  5.278668e-008 -1.507319e-008
 2.850000e+002  2.164178e-007  2.065735e-007
 2.860000e+002  8.987230e-008  5.308220e-009
 2.870000e+002  8.300183e-008  7.829570e-008
 2.880000e+002  8.949632e-008  2.911763e-008
 2.890000e+002  9.395241e-008  3.348281e-008
 2.900000e+002  9.152691e-008  3.109015e-008
 2.910000e+002  3.243491e-008  9.835228e-009
 2.920000e+002  8.173885e-008  7.725491e-009
 2.930000e+002  1.260853e-007 -5.773586e-008
 2.940000e+002  1.214482e-007  6.389151e-008
 2.950000e+002  1.078919e-007  6.542332e-008
 2.960000e+002  1.627877e-007  4.933726e-008
 2.970000e+002 -3.067024e-007 -4.019295e-007
 2.980000e+002  1.272344e-008 -2.751745e-008
 2.990000e+002  7.596165e-008 -7.959513e-009
 3.000000e+002  2.780744e-008  5.451800e-009
 3.010000e+002  6.077674e-008 -9.383325e-009
 3.020000e+002  4.229570e-008 -1.802482e-008
 3.030000e+002 -3.690878e-008 -3.519940e-008
 3.040000e+002 -1.692385e-008 -8.791438e-008
 3.050000e+002  9.029048e-008 -7.142758e-008
 3.060000e+002  5.797768e-008 -1.654277e-008
 3.070000e+002  6.603156e-008  2.304996e-008
 3.080000e+002  5.973245e-008 -3.022331e-009
 3.090000e+002 -3.084342e-007  2.529371e-007
 3.100000e+002  2.617981e-008  1.037824e-007
 3.110000e+002  2.488930e-008 -1.698071e-008
 3.120000e+002 -2.362283e-008  3.835886e-009
 3.130000e+002  4.341773e-008 -9.424969e-009
 3.140000e+002  7.148649e-008 -8.768262e-008
 3.150000e+002  1.570020e-007  4.821563e-008
 3.160000e+002  1.040805e-007 -4.866376e-008
 3.170000e+002  4.592299e-008 -5.407034e-008
 3.180000e+002  5.097921e-008 -1.082398e-007
 3.190000e+002  3.363671e-008 -3.546823e-008
 3.200000e+002  8.724069e-008 -9.797751e-008
 3.210000e+002 -1.715612e-007 -1.566782e-007
 3.220000e+002 -8.371921e-009 -1.378754e-007
 3.230000e+002 -1.792721e-009 -1.979739e-007
 3.240000e+002 -4.214234e-008 -1.663035e-007
 3.250000e+002 -8.511020e-008 -1.068216e-007
 3.260000e+002 -6.740878e-008 -3.147846e-008
 3.270000e+002 -8.482751e-008 -9.605973e-008
 3.280000e+002 -2.054467e-008 -1.032441e-008
 3.290000e+002  3.286992e-008  2.290703e-008
 3.300000e+002 -3.858973e-008  4.887062e-008
 3.310000e+002  1.048804e-008  2.281223e-008
 3.320000e+002 -4.516879e-008  1.446927e-008
 3.330000e+002  2.543900e-007 -5.193425e-007
 3.340000e+002  1.697158e-008 -1.186665e-007
 3.350000e+002  2.374828e-008 -1.660060e-007
 3.360000e+002 -3.991605e-008 -1.492998e-007
 3.370000e+002 -7.127695e-008 -1.147937e-007
 3.380000e+002 -7.495851e-008 -6.769768e-008
 3.390000e+002  6.489356e-008 -1.587717e-007
 3.400000e+002  4.199806e-009 -3.964599e-008
 3.410000e+002 -6.597382e-008 -1.019150e-007
 3.420000e+002 -8.880701e-008 -6.220002e-008
 3.430000e+002 -1.576526e-008 -3.698608e-008
 3.440000e+002 -7.253609e-009 -2.844635e-008
 3.450000e+002 -9.225119e-008 -9.570910e-008
 3.460000e+002  2.443835e-008 -4.893636e-008
 3.470000e+002  1.563381e-008 -8.922490e-008
 3.480000e+002 -3.654564e-008 -1.908375e-008
 3.490000e+002  2.736973e-008 -8.452187e-008
 3.500000e+002  1.760267e-008 -5.786716e-008
 3.510000e+002 -1.425384e-007  1.389348e-007
 3.520000e+002  5.216718e-009 -6.838276e-009
 3.530000e+002  2.986000e-008 -6.059894e-008
 3.540000e+002 -4.785462e-008 -1.796392e-008
 3.550000e+002  4.851624e-008 -3.956934e-008
 3.560000e+002  1.572593e-008 -9.531956e-008
 3.570000e+002  6.992609e-008 -4.786298e-008
 3.580000e+002 -2.986802e-008 -2.430109e-008
 3.590000e+002  3.296780e-008 -2.061680e-008
 3.600000e+002 -1.135794e-007 -1.104191e-007
 3.610000e+002  1.361429e-008 -7.251803e-008
 3.620000e+002  1.633688e-008 -2.830517e-008
 3.630000e+002 -1.554917e-007  4.706646e-008
 3.640000e+002  2.451710e-008 -4.170322e-008
 3.650000e+002 -5.732030e-008 -1.093116e-007
 3.660000e+002  7.587611e-008  1.568469e-008
 3.670000e+002  1.605330e-009 -8.556862e-008
 3.680000e+002 -6.342846e-011 -7.751583e-008
 3.690000e+002 -1.763131e-007  4.970645e-008
 3.700000e+002  1.443493e-008 -5.613204e-008
 3.710000e+002  3.165563e-009  2.969743e-008
 3.720000e+002 -3.927794e-008 -6.874458e-008
 3.730000e+002  3.448967e-008 -2.873630e-008
 3.740000e+002 -1.009339e-008 -7.744984e-008
 3.750000e+002  1.061695e-007  1.890459e-007
 3.760000e+002  7.065969e-008  1.994090e-008
 3.770000e+002 -7.618241e-008  1.128464e-008
 3.780000e+002  2.935015e-007 -1.345578e-007
 3.790000e+002  9.180063e-008 -1.044963e-007
 3.800000e+002  4.874807e-008  1.511558e-009
 3.810000e+002 -3.824565e-008 -4.533776e-008
 3.820000e+002  9.386698e-009 -1.024132e-007
 3.830000e+002  7.058772e-008  3.288053e-008
 3.840000e+002 -1.680043e-008 -2.081348e-008
 3.850000e+002 -2.771992e-008 -3.459026e-008
 3.860000e+002 -6.146668e-008  3.440844e-008
 3.870000e+002  5.788829e-007 -5.384313e-007
 3.880000e+002  1.556181e-007 -1.030164e-007
 3.890000e+002 -2.274007e-008 -1.201729e-007
 3.900000e+002  6.765216e-008 -1.969102e-009
 3.910000e+002  2.955950e-008 -4.233261e-008
 3.920000e+002  5.105917e-008 -8.587238e-008
 3.930000e+002  8.252341e-008 -5.312213e-008
 3.940000e+002 -1.366511e-008 -1.465798e-007
 3.950000e+002  1.131466e-008 -1.665936e-008
 3.960000e+002  4.536597e-008 -5.285078e-008
 3.970000e+002  3.200179e-008 -5.136495e-008
 3.980000e+002  5.128395e-008 -2.939243e-008
 3.990000e+002  4.281444e-008  1.055532e-007
 4.000000e+002  2.713214e-008 -1.028894e-007
 4.010000e+002  4.695179e-008 -7.944595e-008
 4.020000e+002  4.307124e-008  1.664174e-007
 4.030000e+002  1.085218e-007  4.224507e-008
 4.040000e+002  2.320416e-008 -5.516655e-009
 4.050000e+002  1.529657e-007  1.493642e-007
 4.060000e+002  5.865266e-008 -2.985295e-008
 4.070000e+002  1.022788e-007 -5.653632e-008
 4.080000e+002  4.132146e-008  2.119297e-008
 4.090000e+002  2.241140e-008 -1.129607e-008
 4.100000e+002  7.471083e-008 -3.146166e-008
 4.110000e+002 -1.877476e-008 -8.562518e-008
 4.120000e+002 -4.573616e-009  4.722280e-008
 4.130000e+002  9.300750e-009 -3.169328e-008
 4.140000e+002  4.289318e-008 -1.746603e-008
 4.150000e+002  1.023911e-008 -7.380801e-008
 4.160000e+002  6.182795e-008 -8.106041e-008
 4.170000e+002 -1.350481e-007  7.907928e-007
 4.180000e+002  2.734117e-008  9.821986e-008
 4.190000e+002 -5.687238e-009  6.286329e-008
 4.200000e+002 -5.663979e-008 -1.233902e-007
 4.210000e+002  5.243793e-008  6.238792e-008
 4.220000e+002  1.812389e-008 -4.718221e-008
 4.230000e+002  1.450732e-007  9.769013e-008
 4.240000e+002  1.099122e-007  6.100244e-009
 4.250000e+002  5.161603e-008  1.951753e-008
 4.260000e+002  1.155887e-007 -3.211821e-009
 4.270000e+002  1.275015e-007  2.221458e-008
 4.280000e+002  9.883511e-008  2.962435e-008
 4.290000e+002 -6.819504e-009  4.291511e-008
 4.300000e+002  7.873676e-008  3.452794e-009
 4.310000e+002 -7.178390e-008  2.008787e-008
 4.320000e+002  2.407244e-007  1.551640e-008
 4.330000e+002  8.100855e-008 -2.671561e-009
 4.340000e+002 -2.822284e-008  9.754263e-010
 4.350000e+002  1.335211e-007  3.628161e-008
 4.360000e+002  1.950265e-007  8.432795e-008
 4.370000e+002 -9.143813e-008  4.242538e-008
 4.380000e+002  4.643830e-008  3.454030e-008
 4.390000e+002  7.516436e-008  3.245700e-008
 4.400000e+002  4.231678e-008  4.998270e-008
 4.410000e+002  6.757998e-008  2.030070e-008
 4.420000e+002  3.951388e-008 -2.090746e-008
 4.430000e+002 -8.652107e-008  1.105564e-007
 4.440000e+002  8.174289e-008  3.781432e-008
 4.450000e+002 -6.765089e-008  1.087590e-007
 4.460000e+002 -8.269969e-008  1.209277e-008
 4.470000e+002  6.259418e-008  6.688340e-008
 4.480000e+002 -1.846055e-008  8.720656e-008
 4.490000e+002 -6.925327e-008  1.310455e-007
 4.500000e+002  5.018299e-008 -1.521283e-008
 4.510000e+002  6.523702e-008  3.436079e-008
 4.520000e+002 -5.369206e-008 -1.009361e-007
 4.530000e+002 -5.688360e-008  4.470885e-007
 4.540000e+002 -3.581821e-008  1.128089e-007
 4.550000e+002 -6.323765e-008 -3.082707e-008
 4.560000e+002  2.384542e-008  6.978170e-008
 4.570000e+002  1.186442e-007  3.138494e-008
 4.580000e+002 -6.388877e-008  7.352474e-008
 4.590000e+002  4.219319e-008 -3.057516e-007
 4.600000e+002 -1.573823e-009 -3.236166e-008
 4.610000e+002 -2.184715e-008  4.418961e-008
 4.620000e+002  1.158865e-007 -1.034241e-007
 4.630000e+002  2.499085e-008  5.364067e-008
 4.640000e+002  1.353638e-008  1.705498e-008
 4.650000e+002 -8.493116e-008  7.654190e-008
 4.660000e+002 -7.325719e-008  1.937869e-008
 4.670000e+002  8.812686e-008 -1.778341e-008
 4.680000e+002  5.045865e-008  8.796153e-008
 4.690000e+002  3.015876e-008 -1.038971e-007
 4.700000e+002  2.833552e-008 -1.474401e-009
 4.710000e+002 -2.846797e-007  1.680132e-007
 4.720000e+002 -6.437810e-008 -2.415178e-008
 4.730000e+002 -9.113677e-008  1.224405e-007
 4.740000e+002  2.939453e-009 -1.115046e-007
 4.750000e+002 -9.866537e-008 -7.818287e-008
 4.760000e+002 -4.493449e-008 -5.191490e-008
 4.770000e+002 -1.571939e-007  7.117969e-008
 4.780000e+002 -9.193061e-008  2.169854e-008
 4.790000e+002 -7.117160e-008  2.088828e-008
 4.800000e+002  1.530227e-008 -1.330944e-008
 4.810000e+002 -4.666865e-008  8.649689e-008
 4.820000e+002 -3.433129e-008  3.330163e-009
 4.830000e+002 -1.864404e-008 -6.216074e-008
 4.840000e+002  2.267284e-008 -1.462007e-009
 4.850000e+002  7.432461e-008 -4.020930e-010
 4.860000e+002 -5.367497e-008 -3.477682e-008
 4.870000e+002 -1.147924e-008 -1.188702e-008
 4.880000e+002  2.498040e-008 -2.981448e-008
 4.890000e+002 -1.273702e-007  7.702453e-008
 4.900000e+002  2.896270e-009  8.628955e-008
 4.910000e+002 -1.525685e-008  4.137710e-008
 4.920000e+002  7.321995e-008  2.125195e-008
 4.930000e+002  1.722195e-008  1.061689e-008
 4.940000e+002 -9.382647e-009  5.020133e-008
 4.950000e+002 -1.113384e-007 -5.116408e-008
 4.960000e+002 -1.451147e-008 -6.015326e-008
 4.970000e+002 -7.493262e-008  5.028098e-009
 4.980000e+002 -5.353440e-008  2.805221e-008
 4.990000e+002 -1.247996e-007  1.216021e-007
 5.000000e+002 -4.192969e-008 -2.098393e-008
 5.010000e+002 -1.164979e-007 -4.227854e-008
 5.020000e+002 -7.599952e-008 -8.167519e-008
 5.030000e+002 -4.004401e-008  1.012587e-008
 5.040000e+002 -1.880129e-008 -4.316371e-008
 5.050000e+002 -9.642633e-009  3.946823e-008
 5.060000e+002 -5.654188e-009 -4.956225e-008
 5.070000e+002  1.073790e-007 -6.289283e-008
 5.080000e+002 -3.106476e-008 -4.992967e-008
 5.090000e+002  1.300566e-008  1.322703e-011
 5.100000e+002 -2.026759e-008 -6.172793e-008
 5.110000e+002 -1.357761e-007 -3.712587e-008
 5.120000e+002 -4.677331e-008 -4.779867e-011
