 0.000000e+000  9.991230e-001  0.000000e+000
 1.000000e+000  2.979518e-001  0.000000e+000
 2.000000e+000  1.535451e-001  0.000000e+000
 3.000000e+000  5.253034e-002  0.000000e+000
 4.000000e+000  7.507290e-002  0.000000e+000
 5.000000e+000  6.404015e-002  0.000000e+000
 6.000000e+000  1.545307e-001  0.000000e+000
 7.000000e+000  3.767174e-002  0.000000e+000
 8.000000e+000  7.050115e-003  0.000000e+000
 9.000000e+000  1.268250e-002  0.000000e+000
 1.000000e+001  1.556084e-002  0.000000e+000
 1.100000e+001  8.347218e-002  0.000000e+000
 1.200000e+001  1.217195e-001  0.000000e+000
 1.300000e+001  9.307778e-002  0.000000e+000
 1.400000e+001  8.385331e-002  0.000000e+000
 1.500000e+001  1.112071e-001  0.000000e+000
 1.600000e+001  9.633228e-002  0.000000e+000
 1.700000e+001  1.017476e-002  0.000000e+000
 1.800000e+001  4.919808e-002  0.000000e+000
 1.900000e+001  2.861326e-001  0.000000e+000
 2.000000e+001  5.096756e-001  0.000000e+000
 2.100000e+001  7.231517e-001  0.000000e+000
 2.200000e+001  7.935366e-001  0.000000e+000
 2.300000e+001  7.462655e-001  0.000000e+000
 2.400000e+001  6.126914e-001  0.000000e+000
 2.500000e+001  4.812928e-001  0.000000e+000
 2.600000e+001  3.396042e-001  0.000000e+000
 2.700000e+001  1.180533e-002  0.000000e+000
 2.800000e+001  4.606465e-001  0.000000e+000
 2.900000e+001  5.004804e-001  0.000000e+000
 3.000000e+001  5.850172e-001  0.000000e+000
 3.100000e+001  5.979815e-001  0.000000e+000
 3.200000e+001  6.786052e-001  0.000000e+000
 3.300000e+001  6.567708e-001  0.000000e+000
 3.400000e+001  5.167016e-001  0.000000e+000
 3.500000e+001  3.249691e-001  0.000000e+000
 3.600000e+001  4.563405e-002  0.000000e+000
 3.700000e+001  2.884061e-001  0.000000e+000
 3.800000e+001  4.897912e-001  0.000000e+000
 3.900000e+001  1.748962e-001  0.000000e+000
 4.000000e+001  3.501151e-001  0.000000e+000
 4.100000e+001  6.171033e-001  0.000000e+000
 4.200000e+001  6.260083e-001  0.000000e+000
 4.300000e+001  5.971752e-001  0.000000e+000
 4.400000e+001  4.141853e-001  0.000000e+000
 4.500000e+001  3.716454e-002  0.000000e+000
 4.600000e+001  4.443770e-001  0.000000e+000
 4.700000e+001  6.472412e-001  0.000000e+000
 4.800000e+001  6.486909e-001  0.000000e+000
 4.900000e+001  7.004958e-001  0.000000e+000
 5.000000e+001  6.585329e-001  0.000000e+000
 5.100000e+001  6.343246e-001  0.000000e+000
 5.200000e+001  6.255769e-001  0.000000e+000
 5.300000e+001  4.692797e-001  0.000000e+000
 5.400000e+001  2.042022e-002  0.000000e+000
 5.500000e+001  5.657955e-001  0.000000e+000
 5.600000e+001  8.025520e-001  0.000000e+000
 5.700000e+001  4.114680e-001  0.000000e+000
 5.800000e+001  8.322362e-001  0.000000e+000
 5.900000e+001  8.303629e-001  0.000000e+000
 6.000000e+001  4.220935e-001  0.000000e+000
 6.100000e+001  7.757514e-001  0.000000e+000
 6.200000e+001  7.443201e-001  0.000000e+000
 6.300000e+001  2.957090e-001  0.000000e+000
 6.400000e+001  8.760797e-001  0.000000e+000
 6.500000e+001  9.176036e-001  0.000000e+000
 6.600000e+001  9.501246e-001  0.000000e+000
 6.700000e+001  9.520074e-001  0.000000e+000
 6.800000e+001  9.604350e-001  0.000000e+000
 6.900000e+001  8.120808e-001  0.000000e+000
 7.000000e+001  9.316297e-001  0.000000e+000
 7.100000e+001  9.347140e-001  0.000000e+000
 7.200000e+001  9.227234e-001  0.000000e+000
 7.300000e+001  9.393743e-001  0.000000e+000
 7.400000e+001  9.317829e-001  0.000000e+000
 7.500000e+001  9.248062e-001  0.000000e+000
 7.600000e+001  8.993911e-001  0.000000e+000
 7.700000e+001  9.191878e-001  0.000000e+000
 7.800000e+001  8.962482e-001  0.000000e+000
 7.900000e+001  7.658294e-001  0.000000e+000
 8.000000e+001  3.734960e-001  0.000000e+000
 8.100000e+001  2.408362e-002  0.000000e+000
 8.200000e+001  4.529131e-001  0.000000e+000
 8.300000e+001  6.998065e-001  0.000000e+000
 8.400000e+001  6.205755e-001  0.000000e+000
 8.500000e+001  6.265016e-001  0.000000e+000
 8.600000e+001  6.859360e-001  0.000000e+000
 8.700000e+001  4.735966e-001  0.000000e+000
 8.800000e+001  4.861842e-001  0.000000e+000
 8.900000e+001  5.086979e-001  0.000000e+000
 9.000000e+001  6.650618e-001  0.000000e+000
 9.100000e+001  8.555216e-001  0.000000e+000
 9.200000e+001  8.932489e-001  0.000000e+000
 9.300000e+001  2.902212e-001  0.000000e+000
 9.400000e+001  8.756629e-001  0.000000e+000
 9.500000e+001  8.940125e-001  0.000000e+000
 9.600000e+001  8.724295e-001  0.000000e+000
 9.700000e+001  7.510046e-001  0.000000e+000
 9.800000e+001  3.402597e-001  0.000000e+000
 9.900000e+001  3.634297e-002  0.000000e+000
 1.000000e+002  6.481657e-001  0.000000e+000
 1.010000e+002  7.100247e-001  0.000000e+000
 1.020000e+002  7.524667e-001  0.000000e+000
 1.030000e+002  6.723271e-001  0.000000e+000
 1.040000e+002  6.817909e-001  0.000000e+000
 1.050000e+002  1.650229e-001  0.000000e+000
 1.060000e+002  2.850803e-001  0.000000e+000
 1.070000e+002  6.221002e-002  0.000000e+000
 1.080000e+002  6.189170e-002  0.000000e+000
 1.090000e+002  2.217159e-001  0.000000e+000
 1.100000e+002  4.060108e-001  0.000000e+000
 1.110000e+002  9.592684e-002  0.000000e+000
 1.120000e+002  4.036855e-001  0.000000e+000
 1.130000e+002  5.526288e-001  0.000000e+000
 1.140000e+002  4.927676e-001  0.000000e+000
 1.150000e+002  3.504422e-001  0.000000e+000
 1.160000e+002  1.389642e-001  0.000000e+000
 1.170000e+002  9.162876e-002  0.000000e+000
 1.180000e+002  1.884759e-001  0.000000e+000
 1.190000e+002  3.702239e-001  0.000000e+000
 1.200000e+002  9.505000e-002  0.000000e+000
 1.210000e+002  3.965513e-001  0.000000e+000
 1.220000e+002  3.611909e-001  0.000000e+000
 1.230000e+002  4.915683e-002  0.000000e+000
 1.240000e+002  2.243844e-001  0.000000e+000
 1.250000e+002  1.064442e-001  0.000000e+000
 1.260000e+002  6.070070e-002  0.000000e+000
 1.270000e+002  1.944745e-001  0.000000e+000
 1.280000e+002  3.272980e-001  0.000000e+000
 1.290000e+002  6.817185e-002  0.000000e+000
 1.300000e+002  2.820177e-001  0.000000e+000
 1.310000e+002  3.327392e-001  0.000000e+000
 1.320000e+002  5.128767e-001  0.000000e+000
 1.330000e+002  3.504738e-001  0.000000e+000
 1.340000e+002  2.146818e-001  0.000000e+000
 1.350000e+002  7.133410e-003  0.000000e+000
 1.360000e+002  5.104789e-002  0.000000e+000
 1.370000e+002  1.162786e-001  0.000000e+000
 1.380000e+002  2.951044e-001  0.000000e+000
 1.390000e+002  1.248705e-001  0.000000e+000
 1.400000e+002  2.635985e-001  0.000000e+000
 1.410000e+002  1.098685e-001  0.000000e+000
 1.420000e+002  9.706038e-002  0.000000e+000
 1.430000e+002  3.735268e-002  0.000000e+000
 1.440000e+002  2.624787e-002  0.000000e+000
 1.450000e+002  6.333040e-002  0.000000e+000
 1.460000e+002  8.229822e-002  0.000000e+000
 1.470000e+002  1.768010e-002  0.000000e+000
 1.480000e+002  6.314076e-002  0.000000e+000
 1.490000e+002  9.080305e-002  0.000000e+000
 1.500000e+002  1.168060e-002  0.000000e+000
 1.510000e+002  2.185592e-002  0.000000e+000
 1.520000e+002  6.115977e-004  0.000000e+000
 1.530000e+002  5.783346e-002  0.000000e+000
 1.540000e+002  1.281203e-001  0.000000e+000
 1.550000e+002  1.628631e-001  0.000000e+000
 1.560000e+002  1.172121e-001  0.000000e+000
 1.570000e+002  1.411929e-001  0.000000e+000
 1.580000e+002  2.513405e-001  0.000000e+000
 1.590000e+002  6.176987e-002  0.000000e+000
 1.600000e+002  2.459275e-001  0.000000e+000
 1.610000e+002  2.615744e-002  0.000000e+000
 1.620000e+002  2.854567e-002  0.000000e+000
 1.630000e+002  5.916549e-002  0.000000e+000
 1.640000e+002  1.526684e-001  0.000000e+000
 1.650000e+002  3.529912e-002  0.000000e+000
 1.660000e+002  2.751980e-001  0.000000e+000
 1.670000e+002  2.310657e-001  0.000000e+000
 1.680000e+002  7.714856e-002  0.000000e+000
 1.690000e+002  1.752615e-001  0.000000e+000
 1.700000e+002  8.765979e-002  0.000000e+000
 1.710000e+002  6.256656e-002  0.000000e+000
 1.720000e+002  7.402155e-002  0.000000e+000
 1.730000e+002  6.773696e-002  0.000000e+000
 1.740000e+002  1.414616e-001  0.000000e+000
 1.750000e+002  3.673812e-002  0.000000e+000
 1.760000e+002  9.921311e-002  0.000000e+000
 1.770000e+002  6.632921e-004  0.000000e+000
 1.780000e+002  2.113974e-001  0.000000e+000
 1.790000e+002  5.739987e-002  0.000000e+000
 1.800000e+002  6.219876e-002  0.000000e+000
 1.810000e+002  4.988482e-002  0.000000e+000
 1.820000e+002  1.479422e-002  0.000000e+000
 1.830000e+002  8.299577e-002  0.000000e+000
 1.840000e+002  4.243002e-003  0.000000e+000
 1.850000e+002  2.386734e-002  0.000000e+000
 1.860000e+002  5.017882e-002  0.000000e+000
 1.870000e+002  1.229269e-002  0.000000e+000
 1.880000e+002  3.863840e-002  0.000000e+000
 1.890000e+002  1.585393e-001  0.000000e+000
 1.900000e+002  6.874865e-002  0.000000e+000
 1.910000e+002  2.310079e-001  0.000000e+000
 1.920000e+002  1.413574e-001  0.000000e+000
 1.930000e+002  5.937955e-002  0.000000e+000
 1.940000e+002  1.683758e-001  0.000000e+000
 1.950000e+002  3.348689e-004  0.000000e+000
 1.960000e+002  1.407116e-002  0.000000e+000
 1.970000e+002  2.953144e-002  0.000000e+000
 1.980000e+002  2.348267e-002  0.000000e+000
 1.990000e+002  7.952794e-002  0.000000e+000
 2.000000e+002  6.765079e-002  0.000000e+000
 2.010000e+002  1.252986e-002  0.000000e+000
 2.020000e+002  8.060540e-002  0.000000e+000
 2.030000e+002  2.289810e-002  0.000000e+000
 2.040000e+002  9.706175e-002  0.000000e+000
 2.050000e+002  2.265203e-002  0.000000e+000
 2.060000e+002  5.152598e-002  0.000000e+000
 2.070000e+002  1.365568e-002  0.000000e+000
 2.080000e+002  7.591758e-002  0.000000e+000
 2.090000e+002  2.062931e-002  0.000000e+000
 2.100000e+002  8.733020e-002  0.000000e+000
 2.110000e+002  5.366158e-002  0.000000e+000
 2.120000e+002  3.978363e-002  0.000000e+000
 2.130000e+002  6.316619e-002  0.000000e+000
 2.140000e+002  5.535156e-002  0.000000e+000
 2.150000e+002  4.778763e-002  0.000000e+000
 2.160000e+002  1.106706e-002  0.000000e+000
 2.170000e+002  2.163027e-001  0.000000e+000
 2.180000e+002  7.969137e-002  0.000000e+000
 2.190000e+002  1.646915e-002  0.000000e+000
 2.200000e+002  4.836858e-001  0.000000e+000
 2.210000e+002  3.612436e-002  0.000000e+000
 2.220000e+002  3.886430e-002  0.000000e+000
 2.230000e+002  2.060070e-002  0.000000e+000
 2.240000e+002  2.047552e-002  0.000000e+000
 2.250000e+002  2.843517e-002  0.000000e+000
 2.260000e+002  1.171794e-001  0.000000e+000
 2.270000e+002  8.810312e-002  0.000000e+000
 2.280000e+002  1.154913e-001  0.000000e+000
 2.290000e+002  7.143915e-002  0.000000e+000
 2.300000e+002  1.544212e-001  0.000000e+000
 2.310000e+002  1.026924e-001  0.000000e+000
 2.320000e+002  1.162600e-001  0.000000e+000
 2.330000e+002  1.671054e-001  0.000000e+000
 2.340000e+002  5.381224e-002  0.000000e+000
 2.350000e+002  2.342308e-002  0.000000e+000
 2.360000e+002  1.865241e-001  0.000000e+000
 2.370000e+002  9.884523e-002  0.000000e+000
 2.380000e+002  7.688988e-002  0.000000e+000
 2.390000e+002  1.540699e-002  0.000000e+000
 2.400000e+002  5.533329e-002  0.000000e+000
 2.410000e+002  7.902119e-005  0.000000e+000
 2.420000e+002  1.290654e-001  0.000000e+000
 2.430000e+002  1.943611e-002  0.000000e+000
 2.440000e+002  2.713279e-001  0.000000e+000
 2.450000e+002  4.320914e-001  0.000000e+000
 2.460000e+002  3.620139e-001  0.000000e+000
 2.470000e+002  4.016478e-001  0.000000e+000
 2.480000e+002  1.208162e-001  0.000000e+000
 2.490000e+002  1.864413e-003  0.000000e+000
 2.500000e+002  8.945258e-003  0.000000e+000
 2.510000e+002  1.018555e-002  0.000000e+000
 2.520000e+002  1.221259e-001  0.000000e+000
 2.530000e+002  5.150000e-002  0.000000e+000
 2.540000e+002  2.658104e-002  0.000000e+000
 2.550000e+002  3.887104e-002  0.000000e+000
 2.560000e+002  5.806841e-003  0.000000e+000
 2.570000e+002  1.529466e-001  0.000000e+000
 2.580000e+002  1.847848e-001  0.000000e+000
 2.590000e+002  5.312560e-001  0.000000e+000
 2.600000e+002  1.901666e-001  0.000000e+000
 2.610000e+002  2.245324e-002  0.000000e+000
 2.620000e+002  7.838754e-002  0.000000e+000
 2.630000e+002  1.668504e-001  0.000000e+000
 2.640000e+002  4.748430e-001  0.000000e+000
 2.650000e+002  9.737561e-002  0.000000e+000
 2.660000e+002  4.432797e-002  0.000000e+000
 2.670000e+002  5.306020e-002  0.000000e+000
 2.680000e+002  2.338573e-001  0.000000e+000
 2.690000e+002  4.050162e-001  0.000000e+000
 2.700000e+002  3.642166e-001  0.000000e+000
 2.710000e+002  4.597285e-001  0.000000e+000
 2.720000e+002  1.824929e-001  0.000000e+000
 2.730000e+002  5.354312e-003  0.000000e+000
 2.740000e+002  9.222361e-002  0.000000e+000
 2.750000e+002  3.319815e-001  0.000000e+000
 2.760000e+002  2.303410e-001  0.000000e+000
 2.770000e+002  3.807765e-001  0.000000e+000
 2.780000e+002  9.383893e-002  0.000000e+000
 2.790000e+002  3.413060e-002  0.000000e+000
 2.800000e+002  2.154374e-001  0.000000e+000
 2.810000e+002  1.459589e-001  0.000000e+000
 2.820000e+002  1.489668e-001  0.000000e+000
 2.830000e+002  3.028902e-001  0.000000e+000
 2.840000e+002  5.291573e-002  0.000000e+000
 2.850000e+002  1.255889e-001  0.000000e+000
 2.860000e+002  2.557239e-001  0.000000e+000
 2.870000e+002  1.665828e-001  0.000000e+000
 2.880000e+002  2.932837e-001  0.000000e+000
 2.890000e+002  1.529580e-001  0.000000e+000
 2.900000e+002  1.122128e-002  0.000000e+000
 2.910000e+002  3.596975e-001  0.000000e+000
 2.920000e+002  2.774116e-002  0.000000e+000
 2.930000e+002  9.494267e-003  0.000000e+000
 2.940000e+002  4.977084e-003  0.000000e+000
 2.950000e+002  1.628827e-001  0.000000e+000
 2.960000e+002  1.777205e-002  0.000000e+000
 2.970000e+002  9.857412e-002  0.000000e+000
 2.980000e+002  4.197646e-003  0.000000e+000
 2.990000e+002  3.223286e-002  0.000000e+000
 3.000000e+002  1.815934e-002  0.000000e+000
 3.010000e+002  3.863785e-002  0.000000e+000
 3.020000e+002  2.753521e-001  0.000000e+000
 3.030000e+002  8.078949e-002  0.000000e+000
 3.040000e+002  9.232020e-002  0.000000e+000
 3.050000e+002  2.833883e-002  0.000000e+000
 3.060000e+002  2.213898e-001  0.000000e+000
 3.070000e+002  2.182539e-001  0.000000e+000
 3.080000e+002  3.199738e-001  0.000000e+000
 3.090000e+002  1.965758e-001  0.000000e+000
 3.100000e+002  2.985774e-001  0.000000e+000
 3.110000e+002  6.992126e-002  0.000000e+000
 3.120000e+002  2.207537e-001  0.000000e+000
 3.130000e+002  2.531239e-001  0.000000e+000
 3.140000e+002  1.634636e-001  0.000000e+000
 3.150000e+002  6.492016e-002  0.000000e+000
 3.160000e+002  1.663888e-002  0.000000e+000
 3.170000e+002  5.378005e-002  0.000000e+000
 3.180000e+002  1.681661e-001  0.000000e+000
 3.190000e+002  1.251239e-001  0.000000e+000
 3.200000e+002  6.969699e-002  0.000000e+000
 3.210000e+002  2.188822e-002  0.000000e+000
 3.220000e+002  1.576898e-002  0.000000e+000
 3.230000e+002  8.840428e-002  0.000000e+000
 3.240000e+002  2.976421e-002  0.000000e+000
 3.250000e+002  6.222077e-002  0.000000e+000
 3.260000e+002  1.380901e-001  0.000000e+000
 3.270000e+002  1.960930e-001  0.000000e+000
 3.280000e+002  4.183827e-001  0.000000e+000
 3.290000e+002  8.998591e-002  0.000000e+000
 3.300000e+002  6.637597e-002  0.000000e+000
 3.310000e+002  8.610834e-002  0.000000e+000
 3.320000e+002  3.330633e-001  0.000000e+000
 3.330000e+002  5.317190e-002  0.000000e+000
 3.340000e+002  2.548845e-001  0.000000e+000
 3.350000e+002  3.003110e-001  0.000000e+000
 3.360000e+002  2.711111e-001  0.000000e+000
 3.370000e+002  3.891459e-001  0.000000e+000
 3.380000e+002  1.613365e-001  0.000000e+000
 3.390000e+002  3.566978e-001  0.000000e+000
 3.400000e+002  1.367818e-001  0.000000e+000
 3.410000e+002  1.526497e-002  0.000000e+000
 3.420000e+002  9.185410e-002  0.000000e+000
 3.430000e+002  1.717424e-001  0.000000e+000
 3.440000e+002  2.017080e-002  0.000000e+000
 3.450000e+002  1.084727e-001  0.000000e+000
 3.460000e+002  2.522445e-001  0.000000e+000
 3.470000e+002  1.209251e-001  0.000000e+000
 3.480000e+002  4.681585e-002  0.000000e+000
 3.490000e+002  7.563274e-002  0.000000e+000
 3.500000e+002  2.481729e-002  0.000000e+000
 3.510000e+002  1.674998e-002  0.000000e+000
 3.520000e+002  5.487275e-003  0.000000e+000
 3.530000e+002  1.168083e-004  0.000000e+000
 3.540000e+002  6.347500e-003  0.000000e+000
 3.550000e+002  5.348327e-002  0.000000e+000
 3.560000e+002  3.444721e-002  0.000000e+000
 3.570000e+002  3.099917e-002  0.000000e+000
 3.580000e+002  1.113809e-002  0.000000e+000
 3.590000e+002  2.033615e-002  0.000000e+000
 3.600000e+002  5.105877e-002  0.000000e+000
 3.610000e+002  4.276425e-002  0.000000e+000
 3.620000e+002  1.022704e-002  0.000000e+000
 3.630000e+002  1.180643e-002  0.000000e+000
 3.640000e+002  4.391417e-002  0.000000e+000
 3.650000e+002  1.479734e-001  0.000000e+000
 3.660000e+002  3.090294e-002  0.000000e+000
 3.670000e+002  6.416465e-002  0.000000e+000
 3.680000e+002  6.138971e-002  0.000000e+000
 3.690000e+002  2.444736e-002  0.000000e+000
 3.700000e+002  7.346871e-002  0.000000e+000
 3.710000e+002  3.963756e-002  0.000000e+000
 3.720000e+002  1.417957e-001  0.000000e+000
 3.730000e+002  9.446674e-003  0.000000e+000
 3.740000e+002  5.274589e-002  0.000000e+000
 3.750000e+002  6.071854e-002  0.000000e+000
 3.760000e+002  2.167846e-002  0.000000e+000
 3.770000e+002  1.091111e-002  0.000000e+000
 3.780000e+002  1.616891e-001  0.000000e+000
 3.790000e+002  2.186887e-001  0.000000e+000
 3.800000e+002  8.980621e-002  0.000000e+000
 3.810000e+002  3.536766e-002  0.000000e+000
 3.820000e+002  1.798077e-001  0.000000e+000
 3.830000e+002  5.623041e-002  0.000000e+000
 3.840000e+002  3.511662e-002  0.000000e+000
 3.850000e+002  3.577990e-002  0.000000e+000
 3.860000e+002  4.214432e-002  0.000000e+000
 3.870000e+002  1.921195e-001  0.000000e+000
 3.880000e+002  2.156095e-001  0.000000e+000
 3.890000e+002  4.372871e-002  0.000000e+000
 3.900000e+002  2.226123e-001  0.000000e+000
 3.910000e+002  1.262576e-001  0.000000e+000
 3.920000e+002  5.937449e-002  0.000000e+000
 3.930000e+002  9.103437e-003  0.000000e+000
 3.940000e+002  1.712571e-001  0.000000e+000
 3.950000e+002  6.220861e-002  0.000000e+000
 3.960000e+002  1.262767e-001  0.000000e+000
 3.970000e+002  1.479935e-001  0.000000e+000
 3.980000e+002  2.407832e-001  0.000000e+000
 3.990000e+002  4.122110e-002  0.000000e+000
 4.000000e+002  7.101307e-002  0.000000e+000
 4.010000e+002  6.659696e-002  0.000000e+000
 4.020000e+002  2.121835e-001  0.000000e+000
 4.030000e+002  3.607723e-002  0.000000e+000
 4.040000e+002  1.105059e-001  0.000000e+000
 4.050000e+002  9.411132e-002  0.000000e+000
 4.060000e+002  1.116978e-001  0.000000e+000
 4.070000e+002  5.040234e-002  0.000000e+000
 4.080000e+002  1.835730e-001  0.000000e+000
 4.090000e+002  5.374976e-002  0.000000e+000
 4.100000e+002  5.511911e-002  0.000000e+000
 4.110000e+002  7.798808e-002  0.000000e+000
 4.120000e+002  5.045266e-002  0.000000e+000
 4.130000e+002  2.688756e-001  0.000000e+000
 4.140000e+002  8.644607e-002  0.000000e+000
 4.150000e+002  1.695726e-001  0.000000e+000
 4.160000e+002  7.005002e-002  0.000000e+000
 4.170000e+002  1.657160e-001  0.000000e+000
 4.180000e+002  9.313940e-002  0.000000e+000
 4.190000e+002  1.108914e-001  0.000000e+000
 4.200000e+002  8.748072e-002  0.000000e+000
 4.210000e+002  1.827241e-001  0.000000e+000
 4.220000e+002  2.072213e-001  0.000000e+000
 4.230000e+002  3.670882e-002  0.000000e+000
 4.240000e+002  8.132335e-002  0.000000e+000
 4.250000e+002  2.185001e-001  0.000000e+000
 4.260000e+002  4.966272e-002  0.000000e+000
 4.270000e+002  1.951047e-001  0.000000e+000
 4.280000e+002  2.328717e-003  0.000000e+000
 4.290000e+002  9.162414e-004  0.000000e+000
 4.300000e+002  4.182146e-002  0.000000e+000
 4.310000e+002  1.227994e-002  0.000000e+000
 4.320000e+002  3.807645e-002  0.000000e+000
 4.330000e+002  2.646561e-002  0.000000e+000
 4.340000e+002  6.156763e-002  0.000000e+000
 4.350000e+002  6.589068e-002  0.000000e+000
 4.360000e+002  7.273982e-002  0.000000e+000
 4.370000e+002  1.009824e-001  0.000000e+000
 4.380000e+002  2.631340e-002  0.000000e+000
 4.390000e+002  1.732298e-002  0.000000e+000
 4.400000e+002  4.392026e-002  0.000000e+000
 4.410000e+002  3.704621e-002  0.000000e+000
 4.420000e+002  8.111836e-002  0.000000e+000
 4.430000e+002  1.657674e-002  0.000000e+000
 4.440000e+002  9.199850e-002  0.000000e+000
 4.450000e+002  5.899096e-003  0.000000e+000
 4.460000e+002  5.362593e-002  0.000000e+000
 4.470000e+002  1.860153e-001  0.000000e+000
 4.480000e+002  7.937623e-002  0.000000e+000
 4.490000e+002  7.493618e-002  0.000000e+000
 4.500000e+002  3.718828e-002  0.000000e+000
 4.510000e+002  2.495580e-002  0.000000e+000
 4.520000e+002  2.035389e-002  0.000000e+000
 4.530000e+002  1.031544e-001  0.000000e+000
 4.540000e+002  3.236016e-002  0.000000e+000
 4.550000e+002  1.998686e-002  0.000000e+000
 4.560000e+002  1.006032e-001  0.000000e+000
 4.570000e+002  1.909160e-001  0.000000e+000
 4.580000e+002  1.597391e-001  0.000000e+000
 4.590000e+002  5.352424e-002  0.000000e+000
 4.600000e+002  5.426611e-002  0.000000e+000
 4.610000e+002  1.365403e-001  0.000000e+000
 4.620000e+002  5.738323e-002  0.000000e+000
 4.630000e+002  1.565303e-001  0.000000e+000
 4.640000e+002  1.544966e-002  0.000000e+000
 4.650000e+002  6.346276e-002  0.000000e+000
 4.660000e+002  1.111277e-001  0.000000e+000
 4.670000e+002  8.764680e-002  0.000000e+000
 4.680000e+002  8.801830e-002  0.000000e+000
 4.690000e+002  3.507398e-002  0.000000e+000
 4.700000e+002  1.159706e-002  0.000000e+000
 4.710000e+002  1.250495e-002  0.000000e+000
 4.720000e+002  2.007611e-002  0.000000e+000
 4.730000e+002  7.856394e-002  0.000000e+000
 4.740000e+002  4.950043e-003  0.000000e+000
 4.750000e+002  1.126481e-001  0.000000e+000
 4.760000e+002  1.163622e-001  0.000000e+000
 4.770000e+002  8.998496e-002  0.000000e+000
 4.780000e+002  3.307521e-002  0.000000e+000
 4.790000e+002  6.689487e-002  0.000000e+000
 4.800000e+002  9.547292e-002  0.000000e+000
 4.810000e+002  4.398163e-002  0.000000e+000
 4.820000e+002  5.445542e-003  0.000000e+000
 4.830000e+002  4.195417e-003  0.000000e+000
 4.840000e+002  3.546071e-002  0.000000e+000
 4.850000e+002  3.673799e-002  0.000000e+000
 4.860000e+002  2.002969e-002  0.000000e+000
 4.870000e+002  3.100350e-002  0.000000e+000
 4.880000e+002  4.131015e-002  0.000000e+000
 4.890000e+002  1.325686e-001  0.000000e+000
 4.900000e+002  7.449935e-002  0.000000e+000
 4.910000e+002  1.033478e-001  0.000000e+000
 4.920000e+002  1.332202e-002  0.000000e+000
 4.930000e+002  4.096401e-002  0.000000e+000
 4.940000e+002  3.307018e-002  0.000000e+000
 4.950000e+002  1.364498e-001  0.000000e+000
 4.960000e+002  6.518559e-002  0.000000e+000
 4.970000e+002  1.783391e-001  0.000000e+000
 4.980000e+002  2.046420e-001  0.000000e+000
 4.990000e+002  1.774856e-001  0.000000e+000
 5.000000e+002  5.191017e-002  0.000000e+000
 5.010000e+002  8.384852e-002  0.000000e+000
 5.020000e+002  6.964356e-002  0.000000e+000
 5.030000e+002  1.514290e-001  0.000000e+000
 5.040000e+002  1.480511e-001  0.000000e+000
 5.050000e+002  3.503809e-002  0.000000e+000
 5.060000e+002  3.805160e-002  0.000000e+000
 5.070000e+002  2.598993e-002  0.000000e+000
 5.080000e+002  6.472429e-002  0.000000e+000
 5.090000e+002  4.933408e-002  0.000000e+000
 5.100000e+002  2.283224e-001  0.000000e+000
 5.110000e+002  3.768160e-002  0.000000e+000
 5.120000e+002  2.243827e-002  0.000000e+000
