 0.000000e+000  9.986690e-001  0.000000e+000
 1.000000e+000  6.245993e-001  0.000000e+000
 2.000000e+000  2.873639e-001  0.000000e+000
 3.000000e+000  1.597329e-001  0.000000e+000
 4.000000e+000  6.057286e-002  0.000000e+000
 5.000000e+000  3.721276e-002  0.000000e+000
 6.000000e+000  3.665392e-002  0.000000e+000
 7.000000e+000  2.843130e-002  0.000000e+000
 8.000000e+000  1.518038e-001  0.000000e+000
 9.000000e+000  1.311301e-001  0.000000e+000
 1.000000e+001  2.092642e-001  0.000000e+000
 1.100000e+001  2.086942e-001  0.000000e+000
 1.200000e+001  3.236011e-002  0.000000e+000
 1.300000e+001  8.027374e-002  0.000000e+000
 1.400000e+001  2.738972e-001  0.000000e+000
 1.500000e+001  5.035332e-001  0.000000e+000
 1.600000e+001  5.109990e-001  0.000000e+000
 1.700000e+001  3.354969e-001  0.000000e+000
 1.800000e+001  1.349399e-002  0.000000e+000
 1.900000e+001  5.526828e-001  0.000000e+000
 2.000000e+001  7.790022e-001  0.000000e+000
 2.100000e+001  8.300382e-001  0.000000e+000
 2.200000e+001  8.044174e-001  0.000000e+000
 2.300000e+001  6.539612e-001  0.000000e+000
 2.400000e+001  7.301500e-001  0.000000e+000
 2.500000e+001  8.728814e-001  0.000000e+000
 2.600000e+001  8.576094e-001  0.000000e+000
 2.700000e+001  8.473226e-001  0.000000e+000
 2.800000e+001  8.539004e-001  0.000000e+000
 2.900000e+001  7.974524e-001  0.000000e+000
 3.000000e+001  2.922010e-001  0.000000e+000
 3.100000e+001  8.362782e-001  0.000000e+000
 3.200000e+001  8.394514e-001  0.000000e+000
 3.300000e+001  8.924422e-001  0.000000e+000
 3.400000e+001  5.496092e-001  0.000000e+000
 3.500000e+001  8.592309e-001  0.000000e+000
 3.600000e+001  1.390060e-001  0.000000e+000
 3.700000e+001  8.580401e-001  0.000000e+000
 3.800000e+001  8.502733e-001  0.000000e+000
 3.900000e+001  8.125199e-001  0.000000e+000
 4.000000e+001  6.547149e-001  0.000000e+000
 4.100000e+001  6.223374e-001  0.000000e+000
 4.200000e+001  1.848965e-001  0.000000e+000
 4.300000e+001  7.631301e-001  0.000000e+000
 4.400000e+001  7.825235e-001  0.000000e+000
 4.500000e+001  8.020700e-001  0.000000e+000
 4.600000e+001  6.669008e-001  0.000000e+000
 4.700000e+001  5.640789e-001  0.000000e+000
 4.800000e+001  3.303021e-003  0.000000e+000
 4.900000e+001  6.088772e-001  0.000000e+000
 5.000000e+001  8.070570e-001  0.000000e+000
 5.100000e+001  8.625810e-001  0.000000e+000
 5.200000e+001  6.956383e-001  0.000000e+000
 5.300000e+001  4.728174e-001  0.000000e+000
 5.400000e+001  9.599958e-002  0.000000e+000
 5.500000e+001  8.071986e-001  0.000000e+000
 5.600000e+001  8.348038e-001  0.000000e+000
 5.700000e+001  8.505750e-001  0.000000e+000
 5.800000e+001  7.361519e-001  0.000000e+000
 5.900000e+001  5.120763e-001  0.000000e+000
 6.000000e+001  1.622430e-001  0.000000e+000
 6.100000e+001  7.220158e-001  0.000000e+000
 6.200000e+001  8.849248e-001  0.000000e+000
 6.300000e+001  9.082328e-001  0.000000e+000
 6.400000e+001  9.103004e-001  0.000000e+000
 6.500000e+001  8.170988e-001  0.000000e+000
 6.600000e+001  1.420189e-001  0.000000e+000
 6.700000e+001  9.064370e-001  0.000000e+000
 6.800000e+001  9.277289e-001  0.000000e+000
 6.900000e+001  9.593799e-001  0.000000e+000
 7.000000e+001  9.160304e-001  0.000000e+000
 7.100000e+001  9.114887e-001  0.000000e+000
 7.200000e+001  9.334636e-001  0.000000e+000
 7.300000e+001  9.721079e-001  0.000000e+000
 7.400000e+001  9.509507e-001  0.000000e+000
 7.500000e+001  9.644260e-001  0.000000e+000
 7.600000e+001  9.438652e-001  0.000000e+000
 7.700000e+001  8.761925e-001  0.000000e+000
 7.800000e+001  4.736326e-001  0.000000e+000
 7.900000e+001  8.708416e-001  0.000000e+000
 8.000000e+001  9.308128e-001  0.000000e+000
 8.100000e+001  9.402089e-001  0.000000e+000
 8.200000e+001  9.426866e-001  0.000000e+000
 8.300000e+001  7.244608e-001  0.000000e+000
 8.400000e+001  4.999453e-001  0.000000e+000
 8.500000e+001  8.775312e-001  0.000000e+000
 8.600000e+001  9.419363e-001  0.000000e+000
 8.700000e+001  9.186548e-001  0.000000e+000
 8.800000e+001  8.733185e-001  0.000000e+000
 8.900000e+001  6.705533e-001  0.000000e+000
 9.000000e+001  1.862702e-001  0.000000e+000
 9.100000e+001  7.732513e-001  0.000000e+000
 9.200000e+001  8.302841e-001  0.000000e+000
 9.300000e+001  8.376144e-001  0.000000e+000
 9.400000e+001  8.089345e-001  0.000000e+000
 9.500000e+001  5.162923e-001  0.000000e+000
 9.600000e+001  1.942202e-001  0.000000e+000
 9.700000e+001  6.434021e-001  0.000000e+000
 9.800000e+001  7.344666e-001  0.000000e+000
 9.900000e+001  7.088749e-001  0.000000e+000
 1.000000e+002  7.562249e-001  0.000000e+000
 1.010000e+002  6.352494e-001  0.000000e+000
 1.020000e+002  6.095932e-002  0.000000e+000
 1.030000e+002  4.288734e-001  0.000000e+000
 1.040000e+002  4.669462e-001  0.000000e+000
 1.050000e+002  6.004310e-001  0.000000e+000
 1.060000e+002  4.576403e-001  0.000000e+000
 1.070000e+002  3.047953e-001  0.000000e+000
 1.080000e+002  2.553981e-002  0.000000e+000
 1.090000e+002  4.174713e-001  0.000000e+000
 1.100000e+002  5.599859e-001  0.000000e+000
 1.110000e+002  5.007240e-001  0.000000e+000
 1.120000e+002  5.702825e-001  0.000000e+000
 1.130000e+002  3.227925e-001  0.000000e+000
 1.140000e+002  6.137749e-003  0.000000e+000
 1.150000e+002  3.420570e-001  0.000000e+000
 1.160000e+002  5.191963e-001  0.000000e+000
 1.170000e+002  6.089213e-001  0.000000e+000
 1.180000e+002  5.924719e-001  0.000000e+000
 1.190000e+002  2.783534e-001  0.000000e+000
 1.200000e+002  4.402462e-002  0.000000e+000
 1.210000e+002  2.900614e-001  0.000000e+000
 1.220000e+002  3.136527e-001  0.000000e+000
 1.230000e+002  5.033692e-001  0.000000e+000
 1.240000e+002  2.975497e-001  0.000000e+000
 1.250000e+002  2.564262e-001  0.000000e+000
 1.260000e+002  1.372344e-001  0.000000e+000
 1.270000e+002  1.417380e-002  0.000000e+000
 1.280000e+002  8.724789e-002  0.000000e+000
 1.290000e+002  6.194552e-002  0.000000e+000
 1.300000e+002  1.417815e-001  0.000000e+000
 1.310000e+002  1.535860e-001  0.000000e+000
 1.320000e+002  8.403149e-002  0.000000e+000
 1.330000e+002  9.846953e-002  0.000000e+000
 1.340000e+002  1.510496e-001  0.000000e+000
 1.350000e+002  2.296387e-001  0.000000e+000
 1.360000e+002  1.728793e-001  0.000000e+000
 1.370000e+002  2.606458e-001  0.000000e+000
 1.380000e+002  1.106173e-002  0.000000e+000
 1.390000e+002  9.287245e-002  0.000000e+000
 1.400000e+002  5.807772e-002  0.000000e+000
 1.410000e+002  2.964961e-001  0.000000e+000
 1.420000e+002  1.957302e-001  0.000000e+000
 1.430000e+002  6.837910e-002  0.000000e+000
 1.440000e+002  1.090788e-003  0.000000e+000
 1.450000e+002  2.306379e-001  0.000000e+000
 1.460000e+002  1.650546e-001  0.000000e+000
 1.470000e+002  2.641049e-001  0.000000e+000
 1.480000e+002  2.263990e-001  0.000000e+000
 1.490000e+002  1.833008e-001  0.000000e+000
 1.500000e+002  1.021105e-001  0.000000e+000
 1.510000e+002  7.106996e-002  0.000000e+000
 1.520000e+002  5.647980e-002  0.000000e+000
 1.530000e+002  6.748748e-002  0.000000e+000
 1.540000e+002  9.421878e-002  0.000000e+000
 1.550000e+002  9.865206e-003  0.000000e+000
 1.560000e+002  9.666269e-002  0.000000e+000
 1.570000e+002  2.729171e-002  0.000000e+000
 1.580000e+002  4.628589e-002  0.000000e+000
 1.590000e+002  2.962766e-003  0.000000e+000
 1.600000e+002  2.054100e-002  0.000000e+000
 1.610000e+002  1.673322e-003  0.000000e+000
 1.620000e+002  5.653232e-003  0.000000e+000
 1.630000e+002  3.167057e-002  0.000000e+000
 1.640000e+002  2.696308e-002  0.000000e+000
 1.650000e+002  5.005130e-002  0.000000e+000
 1.660000e+002  1.146046e-001  0.000000e+000
 1.670000e+002  7.167061e-002  0.000000e+000
 1.680000e+002  8.162884e-002  0.000000e+000
 1.690000e+002  4.742524e-002  0.000000e+000
 1.700000e+002  6.523605e-002  0.000000e+000
 1.710000e+002  1.616520e-001  0.000000e+000
 1.720000e+002  7.182962e-002  0.000000e+000
 1.730000e+002  2.779028e-002  0.000000e+000
 1.740000e+002  4.513947e-002  0.000000e+000
 1.750000e+002  1.166416e-003  0.000000e+000
 1.760000e+002  4.236052e-003  0.000000e+000
 1.770000e+002  6.831498e-002  0.000000e+000
 1.780000e+002  1.724668e-001  0.000000e+000
 1.790000e+002  2.713918e-002  0.000000e+000
 1.800000e+002  6.745746e-003  0.000000e+000
 1.810000e+002  1.414988e-001  0.000000e+000
 1.820000e+002  4.777375e-002  0.000000e+000
 1.830000e+002  1.541494e-002  0.000000e+000
 1.840000e+002  1.212002e-001  0.000000e+000
 1.850000e+002  5.513933e-002  0.000000e+000
 1.860000e+002  2.831547e-002  0.000000e+000
 1.870000e+002  1.155780e-002  0.000000e+000
 1.880000e+002  2.473109e-002  0.000000e+000
 1.890000e+002  5.167803e-002  0.000000e+000
 1.900000e+002  6.286055e-002  0.000000e+000
 1.910000e+002  4.989415e-004  0.000000e+000
 1.920000e+002  9.235881e-002  0.000000e+000
 1.930000e+002  2.519794e-003  0.000000e+000
 1.940000e+002  1.748360e-001  0.000000e+000
 1.950000e+002  4.190812e-002  0.000000e+000
 1.960000e+002  2.453934e-003  0.000000e+000
 1.970000e+002  4.674901e-002  0.000000e+000
 1.980000e+002  2.550188e-002  0.000000e+000
 1.990000e+002  3.682393e-002  0.000000e+000
 2.000000e+002  1.116198e-001  0.000000e+000
 2.010000e+002  2.200124e-002  0.000000e+000
 2.020000e+002  8.083981e-002  0.000000e+000
 2.030000e+002  2.718646e-002  0.000000e+000
 2.040000e+002  5.929020e-002  0.000000e+000
 2.050000e+002  1.200378e-001  0.000000e+000
 2.060000e+002  6.838033e-002  0.000000e+000
 2.070000e+002  7.877539e-002  0.000000e+000
 2.080000e+002  2.681338e-002  0.000000e+000
 2.090000e+002  2.957283e-002  0.000000e+000
 2.100000e+002  7.123187e-002  0.000000e+000
 2.110000e+002  4.063988e-002  0.000000e+000
 2.120000e+002  6.281900e-002  0.000000e+000
 2.130000e+002  2.541331e-002  0.000000e+000
 2.140000e+002  7.536175e-002  0.000000e+000
 2.150000e+002  1.139952e-001  0.000000e+000
 2.160000e+002  4.018636e-002  0.000000e+000
 2.170000e+002  1.502241e-002  0.000000e+000
 2.180000e+002  4.666586e-002  0.000000e+000
 2.190000e+002  1.260328e-001  0.000000e+000
 2.200000e+002  1.698720e-001  0.000000e+000
 2.210000e+002  1.462112e-001  0.000000e+000
 2.220000e+002  5.480012e-002  0.000000e+000
 2.230000e+002  9.698191e-002  0.000000e+000
 2.240000e+002  1.012446e-001  0.000000e+000
 2.250000e+002  4.226123e-002  0.000000e+000
 2.260000e+002  5.701749e-002  0.000000e+000
 2.270000e+002  8.618043e-002  0.000000e+000
 2.280000e+002  4.423634e-002  0.000000e+000
 2.290000e+002  1.627595e-001  0.000000e+000
 2.300000e+002  1.667117e-001  0.000000e+000
 2.310000e+002  1.381203e-001  0.000000e+000
 2.320000e+002  7.423288e-002  0.000000e+000
 2.330000e+002  1.175465e-001  0.000000e+000
 2.340000e+002  2.107091e-002  0.000000e+000
 2.350000e+002  4.152666e-002  0.000000e+000
 2.360000e+002  1.944134e-002  0.000000e+000
 2.370000e+002  2.228372e-002  0.000000e+000
 2.380000e+002  1.100420e-002  0.000000e+000
 2.390000e+002  3.841880e-003  0.000000e+000
 2.400000e+002  1.225414e-002  0.000000e+000
 2.410000e+002  6.602305e-003  0.000000e+000
 2.420000e+002  7.679636e-002  0.000000e+000
 2.430000e+002  5.769382e-002  0.000000e+000
 2.440000e+002  1.277935e-001  0.000000e+000
 2.450000e+002  1.429860e-001  0.000000e+000
 2.460000e+002  1.299349e-002  0.000000e+000
 2.470000e+002  4.208243e-002  0.000000e+000
 2.480000e+002  4.687585e-002  0.000000e+000
 2.490000e+002  4.910957e-002  0.000000e+000
 2.500000e+002  2.195168e-001  0.000000e+000
 2.510000e+002  1.675667e-001  0.000000e+000
 2.520000e+002  4.775567e-002  0.000000e+000
 2.530000e+002  1.049163e-002  0.000000e+000
 2.540000e+002  8.042067e-002  0.000000e+000
 2.550000e+002  1.135262e-001  0.000000e+000
 2.560000e+002  6.293865e-002  0.000000e+000
 2.570000e+002  9.595015e-002  0.000000e+000
 2.580000e+002  1.788011e-003  0.000000e+000
 2.590000e+002  1.573017e-001  0.000000e+000
 2.600000e+002  1.335285e-001  0.000000e+000
 2.610000e+002  2.312174e-002  0.000000e+000
 2.620000e+002  1.216435e-001  0.000000e+000
 2.630000e+002  6.258261e-002  0.000000e+000
 2.640000e+002  2.524029e-002  0.000000e+000
 2.650000e+002  1.689162e-001  0.000000e+000
 2.660000e+002  9.256763e-002  0.000000e+000
 2.670000e+002  1.382903e-001  0.000000e+000
 2.680000e+002  2.338386e-001  0.000000e+000
 2.690000e+002  6.341580e-002  0.000000e+000
 2.700000e+002  3.892686e-002  0.000000e+000
 2.710000e+002  3.298222e-002  0.000000e+000
 2.720000e+002  2.232205e-001  0.000000e+000
 2.730000e+002  7.300129e-002  0.000000e+000
 2.740000e+002  8.913048e-002  0.000000e+000
 2.750000e+002  1.965461e-001  0.000000e+000
 2.760000e+002  1.639083e-001  0.000000e+000
 2.770000e+002  8.884391e-002  0.000000e+000
 2.780000e+002  3.629146e-001  0.000000e+000
 2.790000e+002  3.298530e-002  0.000000e+000
 2.800000e+002  1.170553e-001  0.000000e+000
 2.810000e+002  8.722042e-002  0.000000e+000
 2.820000e+002  5.877795e-002  0.000000e+000
 2.830000e+002  5.503145e-002  0.000000e+000
 2.840000e+002  3.419632e-002  0.000000e+000
 2.850000e+002  1.764702e-001  0.000000e+000
 2.860000e+002  2.370746e-002  0.000000e+000
 2.870000e+002  9.100928e-002  0.000000e+000
 2.880000e+002  1.895516e-002  0.000000e+000
 2.890000e+002  9.617046e-003  0.000000e+000
 2.900000e+002  6.948589e-002  0.000000e+000
 2.910000e+002  1.511638e-001  0.000000e+000
 2.920000e+002  2.872531e-002  0.000000e+000
 2.930000e+002  2.175530e-001  0.000000e+000
 2.940000e+002  6.348549e-003  0.000000e+000
 2.950000e+002  1.949318e-002  0.000000e+000
 2.960000e+002  1.832753e-001  0.000000e+000
 2.970000e+002  5.807749e-002  0.000000e+000
 2.980000e+002  1.323433e-001  0.000000e+000
 2.990000e+002  1.675590e-001  0.000000e+000
 3.000000e+002  1.830468e-002  0.000000e+000
 3.010000e+002  1.279896e-001  0.000000e+000
 3.020000e+002  7.317033e-002  0.000000e+000
 3.030000e+002  8.323514e-002  0.000000e+000
 3.040000e+002  2.541445e-001  0.000000e+000
 3.050000e+002  4.394022e-002  0.000000e+000
 3.060000e+002  8.144961e-002  0.000000e+000
 3.070000e+002  1.511098e-001  0.000000e+000
 3.080000e+002  2.663243e-001  0.000000e+000
 3.090000e+002  2.508900e-001  0.000000e+000
 3.100000e+002  6.283570e-002  0.000000e+000
 3.110000e+002  2.680426e-001  0.000000e+000
 3.120000e+002  6.979574e-003  0.000000e+000
 3.130000e+002  3.581698e-001  0.000000e+000
 3.140000e+002  4.032348e-001  0.000000e+000
 3.150000e+002  2.259138e-001  0.000000e+000
 3.160000e+002  9.029579e-002  0.000000e+000
 3.170000e+002  7.608163e-002  0.000000e+000
 3.180000e+002  6.105622e-002  0.000000e+000
 3.190000e+002  1.207506e-001  0.000000e+000
 3.200000e+002  2.894215e-001  0.000000e+000
 3.210000e+002  2.791153e-001  0.000000e+000
 3.220000e+002  2.052286e-001  0.000000e+000
 3.230000e+002  1.237846e-001  0.000000e+000
 3.240000e+002  4.840438e-003  0.000000e+000
 3.250000e+002  4.671694e-002  0.000000e+000
 3.260000e+002  3.812586e-002  0.000000e+000
 3.270000e+002  1.761399e-001  0.000000e+000
 3.280000e+002  7.895126e-004  0.000000e+000
 3.290000e+002  4.542354e-002  0.000000e+000
 3.300000e+002  1.037441e-001  0.000000e+000
 3.310000e+002  9.903828e-002  0.000000e+000
 3.320000e+002  2.137399e-001  0.000000e+000
 3.330000e+002  1.158717e-001  0.000000e+000
 3.340000e+002  1.961943e-001  0.000000e+000
 3.350000e+002  7.364037e-004  0.000000e+000
 3.360000e+002  1.146259e-002  0.000000e+000
 3.370000e+002  1.648029e-001  0.000000e+000
 3.380000e+002  4.036976e-002  0.000000e+000
 3.390000e+002  4.312593e-002  0.000000e+000
 3.400000e+002  1.092886e-001  0.000000e+000
 3.410000e+002  4.806102e-002  0.000000e+000
 3.420000e+002  1.397930e-001  0.000000e+000
 3.430000e+002  3.950270e-002  0.000000e+000
 3.440000e+002  1.376572e-002  0.000000e+000
 3.450000e+002  1.257837e-003  0.000000e+000
 3.460000e+002  9.205048e-003  0.000000e+000
 3.470000e+002  9.382159e-003  0.000000e+000
 3.480000e+002  1.289453e-003  0.000000e+000
 3.490000e+002  1.145578e-002  0.000000e+000
 3.500000e+002  1.715393e-002  0.000000e+000
 3.510000e+002  3.948814e-003  0.000000e+000
 3.520000e+002  1.812982e-001  0.000000e+000
 3.530000e+002  5.834620e-003  0.000000e+000
 3.540000e+002  4.237254e-002  0.000000e+000
 3.550000e+002  7.370409e-002  0.000000e+000
 3.560000e+002  1.375602e-001  0.000000e+000
 3.570000e+002  1.518268e-001  0.000000e+000
 3.580000e+002  4.016080e-002  0.000000e+000
 3.590000e+002  1.070910e-001  0.000000e+000
 3.600000e+002  6.463107e-002  0.000000e+000
 3.610000e+002  8.726829e-002  0.000000e+000
 3.620000e+002  5.895244e-002  0.000000e+000
 3.630000e+002  6.106612e-002  0.000000e+000
 3.640000e+002  4.063097e-002  0.000000e+000
 3.650000e+002  2.396176e-001  0.000000e+000
 3.660000e+002  6.193892e-002  0.000000e+000
 3.670000e+002  9.119431e-002  0.000000e+000
 3.680000e+002  2.912338e-002  0.000000e+000
 3.690000e+002  1.571780e-002  0.000000e+000
 3.700000e+002  4.423080e-002  0.000000e+000
 3.710000e+002  1.496265e-001  0.000000e+000
 3.720000e+002  7.254771e-002  0.000000e+000
 3.730000e+002  8.196249e-003  0.000000e+000
 3.740000e+002  2.188994e-001  0.000000e+000
 3.750000e+002  5.057388e-002  0.000000e+000
 3.760000e+002  2.754107e-003  0.000000e+000
 3.770000e+002  2.032023e-002  0.000000e+000
 3.780000e+002  2.571544e-002  0.000000e+000
 3.790000e+002  1.014706e-003  0.000000e+000
 3.800000e+002  5.048132e-002  0.000000e+000
 3.810000e+002  6.031553e-002  0.000000e+000
 3.820000e+002  3.951888e-003  0.000000e+000
 3.830000e+002  8.273577e-002  0.000000e+000
 3.840000e+002  4.051251e-003  0.000000e+000
 3.850000e+002  2.563597e-002  0.000000e+000
 3.860000e+002  1.832818e-002  0.000000e+000
 3.870000e+002  1.035277e-001  0.000000e+000
 3.880000e+002  2.033648e-003  0.000000e+000
 3.890000e+002  1.599768e-001  0.000000e+000
 3.900000e+002  2.292669e-002  0.000000e+000
 3.910000e+002  4.543567e-002  0.000000e+000
 3.920000e+002  2.458361e-003  0.000000e+000
 3.930000e+002  1.383330e-002  0.000000e+000
 3.940000e+002  1.898397e-002  0.000000e+000
 3.950000e+002  1.178241e-002  0.000000e+000
 3.960000e+002  9.917876e-003  0.000000e+000
 3.970000e+002  1.322072e-002  0.000000e+000
 3.980000e+002  2.169334e-002  0.000000e+000
 3.990000e+002  9.601233e-003  0.000000e+000
 4.000000e+002  1.343706e-002  0.000000e+000
 4.010000e+002  8.561325e-003  0.000000e+000
 4.020000e+002  8.084367e-002  0.000000e+000
 4.030000e+002  7.381463e-002  0.000000e+000
 4.040000e+002  6.068290e-002  0.000000e+000
 4.050000e+002  2.640613e-002  0.000000e+000
 4.060000e+002  3.652490e-001  0.000000e+000
 4.070000e+002  1.224214e-002  0.000000e+000
 4.080000e+002  3.647764e-002  0.000000e+000
 4.090000e+002  2.705051e-002  0.000000e+000
 4.100000e+002  1.945312e-001  0.000000e+000
 4.110000e+002  1.070568e-001  0.000000e+000
 4.120000e+002  4.661328e-002  0.000000e+000
 4.130000e+002  1.502289e-001  0.000000e+000
 4.140000e+002  8.851607e-002  0.000000e+000
 4.150000e+002  8.004545e-002  0.000000e+000
 4.160000e+002  2.420359e-001  0.000000e+000
 4.170000e+002  2.454747e-001  0.000000e+000
 4.180000e+002  3.097598e-002  0.000000e+000
 4.190000e+002  1.653629e-001  0.000000e+000
 4.200000e+002  6.034136e-002  0.000000e+000
 4.210000e+002  5.519553e-002  0.000000e+000
 4.220000e+002  2.508325e-001  0.000000e+000
 4.230000e+002  1.447137e-001  0.000000e+000
 4.240000e+002  1.557160e-002  0.000000e+000
 4.250000e+002  8.278538e-002  0.000000e+000
 4.260000e+002  2.454322e-002  0.000000e+000
 4.270000e+002  6.133597e-002  0.000000e+000
 4.280000e+002  1.713701e-001  0.000000e+000
 4.290000e+002  8.597371e-002  0.000000e+000
 4.300000e+002  2.131855e-001  0.000000e+000
 4.310000e+002  2.643290e-001  0.000000e+000
 4.320000e+002  1.895469e-001  0.000000e+000
 4.330000e+002  1.261415e-001  0.000000e+000
 4.340000e+002  6.803528e-002  0.000000e+000
 4.350000e+002  6.791567e-002  0.000000e+000
 4.360000e+002  1.134663e-001  0.000000e+000
 4.370000e+002  3.218624e-002  0.000000e+000
 4.380000e+002  8.501162e-002  0.000000e+000
 4.390000e+002  3.362810e-002  0.000000e+000
 4.400000e+002  2.473357e-002  0.000000e+000
 4.410000e+002  4.033379e-003  0.000000e+000
 4.420000e+002  1.009430e-002  0.000000e+000
 4.430000e+002  1.185025e-002  0.000000e+000
 4.440000e+002  2.059406e-002  0.000000e+000
 4.450000e+002  5.431233e-003  0.000000e+000
 4.460000e+002  7.306740e-002  0.000000e+000
 4.470000e+002  1.782231e-002  0.000000e+000
 4.480000e+002  1.017293e-002  0.000000e+000
 4.490000e+002  4.301204e-004  0.000000e+000
 4.500000e+002  4.522806e-002  0.000000e+000
 4.510000e+002  3.152346e-002  0.000000e+000
 4.520000e+002  1.215452e-002  0.000000e+000
 4.530000e+002  2.996456e-002  0.000000e+000
 4.540000e+002  6.515131e-003  0.000000e+000
 4.550000e+002  4.104570e-003  0.000000e+000
 4.560000e+002  2.115267e-002  0.000000e+000
 4.570000e+002  5.452013e-002  0.000000e+000
 4.580000e+002  1.754663e-002  0.000000e+000
 4.590000e+002  9.022666e-002  0.000000e+000
 4.600000e+002  2.181545e-003  0.000000e+000
 4.610000e+002  4.771340e-002  0.000000e+000
 4.620000e+002  5.823490e-003  0.000000e+000
 4.630000e+002  3.324331e-002  0.000000e+000
 4.640000e+002  1.509882e-002  0.000000e+000
 4.650000e+002  1.649777e-002  0.000000e+000
 4.660000e+002  5.478435e-003  0.000000e+000
 4.670000e+002  6.528190e-002  0.000000e+000
 4.680000e+002  1.386304e-002  0.000000e+000
 4.690000e+002  2.990880e-002  0.000000e+000
 4.700000e+002  7.622684e-003  0.000000e+000
 4.710000e+002  4.409337e-002  0.000000e+000
 4.720000e+002  7.845956e-002  0.000000e+000
 4.730000e+002  1.074125e-002  0.000000e+000
 4.740000e+002  1.587840e-002  0.000000e+000
 4.750000e+002  7.981871e-002  0.000000e+000
 4.760000e+002  2.769006e-002  0.000000e+000
 4.770000e+002  4.618235e-002  0.000000e+000
 4.780000e+002  3.925601e-004  0.000000e+000
 4.790000e+002  2.896104e-002  0.000000e+000
 4.800000e+002  7.795009e-004  0.000000e+000
 4.810000e+002  1.228347e-001  0.000000e+000
 4.820000e+002  3.621152e-002  0.000000e+000
 4.830000e+002  5.301993e-002  0.000000e+000
 4.840000e+002  3.676568e-002  0.000000e+000
 4.850000e+002  2.196957e-003  0.000000e+000
 4.860000e+002  5.948892e-003  0.000000e+000
 4.870000e+002  1.598037e-002  0.000000e+000
 4.880000e+002  5.125898e-002  0.000000e+000
 4.890000e+002  1.162466e-002  0.000000e+000
 4.900000e+002  2.639757e-004  0.000000e+000
 4.910000e+002  4.684161e-003  0.000000e+000
 4.920000e+002  1.535247e-001  0.000000e+000
 4.930000e+002  7.776924e-002  0.000000e+000
 4.940000e+002  1.197635e-002  0.000000e+000
 4.950000e+002  8.785386e-003  0.000000e+000
 4.960000e+002  2.741067e-002  0.000000e+000
 4.970000e+002  9.135482e-002  0.000000e+000
 4.980000e+002  2.215144e-002  0.000000e+000
 4.990000e+002  1.002880e-003  0.000000e+000
 5.000000e+002  4.356233e-002  0.000000e+000
 5.010000e+002  4.067125e-002  0.000000e+000
 5.020000e+002  6.887490e-003  0.000000e+000
 5.030000e+002  5.787832e-002  0.000000e+000
 5.040000e+002  1.337762e-001  0.000000e+000
 5.050000e+002  1.020443e-001  0.000000e+000
 5.060000e+002  3.354162e-002  0.000000e+000
 5.070000e+002  3.306925e-002  0.000000e+000
 5.080000e+002  8.991624e-002  0.000000e+000
 5.090000e+002  5.688206e-002  0.000000e+000
 5.100000e+002  9.794288e-002  0.000000e+000
 5.110000e+002  7.951180e-003  0.000000e+000
 5.120000e+002  7.169524e-002  0.000000e+000
