 0.000000e+000  9.992027e-001  0.000000e+000
 1.000000e+000  2.224452e-001  0.000000e+000
 2.000000e+000  6.193779e-001  0.000000e+000
 3.000000e+000  4.689283e-001  0.000000e+000
 4.000000e+000  5.953753e-001  0.000000e+000
 5.000000e+000  3.201197e-001  0.000000e+000
 6.000000e+000  3.689736e-002  0.000000e+000
 7.000000e+000  3.668926e-001  0.000000e+000
 8.000000e+000  4.552430e-001  0.000000e+000
 9.000000e+000  4.814044e-001  0.000000e+000
 1.000000e+001  5.102290e-001  0.000000e+000
 1.100000e+001  2.474341e-001  0.000000e+000
 1.200000e+001  4.506158e-002  0.000000e+000
 1.300000e+001  4.852784e-001  0.000000e+000
 1.400000e+001  6.639621e-001  0.000000e+000
 1.500000e+001  7.564390e-001  0.000000e+000
 1.600000e+001  7.736012e-001  0.000000e+000
 1.700000e+001  4.098659e-001  0.000000e+000
 1.800000e+001  1.999871e-002  0.000000e+000
 1.900000e+001  6.881093e-001  0.000000e+000
 2.000000e+001  8.482928e-001  0.000000e+000
 2.100000e+001  8.503450e-001  0.000000e+000
 2.200000e+001  8.053957e-001  0.000000e+000
 2.300000e+001  6.650773e-001  0.000000e+000
 2.400000e+001  1.288140e-001  0.000000e+000
 2.500000e+001  7.408733e-001  0.000000e+000
 2.600000e+001  7.474142e-001  0.000000e+000
 2.700000e+001  7.719157e-001  0.000000e+000
 2.800000e+001  7.772815e-001  0.000000e+000
 2.900000e+001  6.355513e-001  0.000000e+000
 3.000000e+001  6.349503e-003  0.000000e+000
 3.100000e+001  4.987900e-001  0.000000e+000
 3.200000e+001  5.307853e-001  0.000000e+000
 3.300000e+001  6.735899e-001  0.000000e+000
 3.400000e+001  3.699957e-001  0.000000e+000
 3.500000e+001  4.043352e-001  0.000000e+000
 3.600000e+001  1.587495e-001  0.000000e+000
 3.700000e+001  4.419354e-001  0.000000e+000
 3.800000e+001  5.778606e-001  0.000000e+000
 3.900000e+001  4.976159e-001  0.000000e+000
 4.000000e+001  5.200893e-001  0.000000e+000
 4.100000e+001  5.569362e-001  0.000000e+000
 4.200000e+001  1.519221e-002  0.000000e+000
 4.300000e+001  4.427077e-001  0.000000e+000
 4.400000e+001  5.790370e-001  0.000000e+000
 4.500000e+001  6.847211e-001  0.000000e+000
 4.600000e+001  6.320652e-001  0.000000e+000
 4.700000e+001  4.592557e-001  0.000000e+000
 4.800000e+001  1.147131e-002  0.000000e+000
 4.900000e+001  4.276429e-001  0.000000e+000
 5.000000e+001  5.634705e-001  0.000000e+000
 5.100000e+001  6.224562e-001  0.000000e+000
 5.200000e+001  5.713391e-001  0.000000e+000
 5.300000e+001  3.625509e-001  0.000000e+000
 5.400000e+001  1.002080e-001  0.000000e+000
 5.500000e+001  8.737040e-003  0.000000e+000
 5.600000e+001  2.309493e-001  0.000000e+000
 5.700000e+001  4.800515e-001  0.000000e+000
 5.800000e+001  4.357402e-001  0.000000e+000
 5.900000e+001  2.150021e-001  0.000000e+000
 6.000000e+001  2.057225e-001  0.000000e+000
 6.100000e+001  6.459848e-001  0.000000e+000
 6.200000e+001  8.110136e-001  0.000000e+000
 6.300000e+001  8.521793e-001  0.000000e+000
 6.400000e+001  8.040625e-001  0.000000e+000
 6.500000e+001  5.760092e-001  0.000000e+000
 6.600000e+001  1.760437e-001  0.000000e+000
 6.700000e+001  8.209896e-001  0.000000e+000
 6.800000e+001  8.721822e-001  0.000000e+000
 6.900000e+001  9.146835e-001  0.000000e+000
 7.000000e+001  8.916667e-001  0.000000e+000
 7.100000e+001  8.389701e-001  0.000000e+000
 7.200000e+001  7.238414e-001  0.000000e+000
 7.300000e+001  9.617539e-001  0.000000e+000
 7.400000e+001  9.245458e-001  0.000000e+000
 7.500000e+001  9.159880e-001  0.000000e+000
 7.600000e+001  8.282880e-001  0.000000e+000
 7.700000e+001  6.540506e-001  0.000000e+000
 7.800000e+001  9.765468e-002  0.000000e+000
 7.900000e+001  6.996530e-001  0.000000e+000
 8.000000e+001  8.320515e-001  0.000000e+000
 8.100000e+001  7.685942e-001  0.000000e+000
 8.200000e+001  7.071557e-001  0.000000e+000
 8.300000e+001  3.699926e-001  0.000000e+000
 8.400000e+001  1.370692e-002  0.000000e+000
 8.500000e+001  3.653576e-001  0.000000e+000
 8.600000e+001  4.824960e-001  0.000000e+000
 8.700000e+001  2.408892e-001  0.000000e+000
 8.800000e+001  4.610640e-001  0.000000e+000
 8.900000e+001  6.608266e-001  0.000000e+000
 9.000000e+001  5.580952e-001  0.000000e+000
 9.100000e+001  8.844275e-001  0.000000e+000
 9.200000e+001  9.361722e-001  0.000000e+000
 9.300000e+001  9.416276e-001  0.000000e+000
 9.400000e+001  9.058477e-001  0.000000e+000
 9.500000e+001  7.778376e-001  0.000000e+000
 9.600000e+001  4.454650e-001  0.000000e+000
 9.700000e+001  8.693159e-001  0.000000e+000
 9.800000e+001  8.725615e-001  0.000000e+000
 9.900000e+001  8.302685e-001  0.000000e+000
 1.000000e+002  8.037992e-001  0.000000e+000
 1.010000e+002  4.654227e-001  0.000000e+000
 1.020000e+002  3.539999e-003  0.000000e+000
 1.030000e+002  6.519168e-001  0.000000e+000
 1.040000e+002  8.126575e-001  0.000000e+000
 1.050000e+002  8.698925e-001  0.000000e+000
 1.060000e+002  8.465571e-001  0.000000e+000
 1.070000e+002  7.749174e-001  0.000000e+000
 1.080000e+002  3.546241e-001  0.000000e+000
 1.090000e+002  6.696374e-001  0.000000e+000
 1.100000e+002  8.148375e-001  0.000000e+000
 1.110000e+002  7.827894e-001  0.000000e+000
 1.120000e+002  7.131205e-001  0.000000e+000
 1.130000e+002  4.146104e-001  0.000000e+000
 1.140000e+002  1.321008e-001  0.000000e+000
 1.150000e+002  4.977326e-001  0.000000e+000
 1.160000e+002  5.495073e-001  0.000000e+000
 1.170000e+002  7.688536e-001  0.000000e+000
 1.180000e+002  6.132952e-001  0.000000e+000
 1.190000e+002  5.447254e-001  0.000000e+000
 1.200000e+002  2.261708e-001  0.000000e+000
 1.210000e+002  6.499237e-001  0.000000e+000
 1.220000e+002  6.518016e-001  0.000000e+000
 1.230000e+002  6.146262e-001  0.000000e+000
 1.240000e+002  5.683668e-001  0.000000e+000
 1.250000e+002  3.701159e-001  0.000000e+000
 1.260000e+002  7.492814e-002  0.000000e+000
 1.270000e+002  3.924076e-001  0.000000e+000
 1.280000e+002  6.790652e-001  0.000000e+000
 1.290000e+002  7.118363e-001  0.000000e+000
 1.300000e+002  5.997893e-001  0.000000e+000
 1.310000e+002  4.868830e-001  0.000000e+000
 1.320000e+002  4.184698e-001  0.000000e+000
 1.330000e+002  6.806969e-001  0.000000e+000
 1.340000e+002  6.270207e-001  0.000000e+000
 1.350000e+002  7.089505e-001  0.000000e+000
 1.360000e+002  6.660712e-001  0.000000e+000
 1.370000e+002  4.855153e-001  0.000000e+000
 1.380000e+002  2.758781e-002  0.000000e+000
 1.390000e+002  4.212594e-001  0.000000e+000
 1.400000e+002  6.721230e-001  0.000000e+000
 1.410000e+002  5.905055e-001  0.000000e+000
 1.420000e+002  7.138107e-001  0.000000e+000
 1.430000e+002  7.640672e-001  0.000000e+000
 1.440000e+002  2.388647e-001  0.000000e+000
 1.450000e+002  5.303137e-001  0.000000e+000
 1.460000e+002  4.847818e-001  0.000000e+000
 1.470000e+002  4.459788e-001  0.000000e+000
 1.480000e+002  5.473412e-001  0.000000e+000
 1.490000e+002  2.565427e-001  0.000000e+000
 1.500000e+002  1.391457e-001  0.000000e+000
 1.510000e+002  4.339138e-001  0.000000e+000
 1.520000e+002  4.916118e-001  0.000000e+000
 1.530000e+002  5.117252e-001  0.000000e+000
 1.540000e+002  5.483940e-001  0.000000e+000
 1.550000e+002  6.682009e-001  0.000000e+000
 1.560000e+002  2.267327e-001  0.000000e+000
 1.570000e+002  4.765904e-001  0.000000e+000
 1.580000e+002  5.324389e-001  0.000000e+000
 1.590000e+002  3.958135e-001  0.000000e+000
 1.600000e+002  3.395488e-001  0.000000e+000
 1.610000e+002  8.827786e-002  0.000000e+000
 1.620000e+002  1.013807e-003  0.000000e+000
 1.630000e+002  1.326704e-001  0.000000e+000
 1.640000e+002  3.718885e-001  0.000000e+000
 1.650000e+002  4.161987e-001  0.000000e+000
 1.660000e+002  5.988703e-001  0.000000e+000
 1.670000e+002  4.486579e-001  0.000000e+000
 1.680000e+002  3.804064e-001  0.000000e+000
 1.690000e+002  2.222050e-001  0.000000e+000
 1.700000e+002  5.443104e-001  0.000000e+000
 1.710000e+002  4.321375e-001  0.000000e+000
 1.720000e+002  6.467333e-001  0.000000e+000
 1.730000e+002  3.800121e-001  0.000000e+000
 1.740000e+002  6.893726e-002  0.000000e+000
 1.750000e+002  2.450095e-001  0.000000e+000
 1.760000e+002  2.416761e-001  0.000000e+000
 1.770000e+002  6.793575e-001  0.000000e+000
 1.780000e+002  4.490877e-001  0.000000e+000
 1.790000e+002  5.200801e-001  0.000000e+000
 1.800000e+002  7.452367e-002  0.000000e+000
 1.810000e+002  1.755742e-001  0.000000e+000
 1.820000e+002  4.410090e-001  0.000000e+000
 1.830000e+002  3.810230e-001  0.000000e+000
 1.840000e+002  4.313221e-001  0.000000e+000
 1.850000e+002  3.262970e-001  0.000000e+000
 1.860000e+002  2.730167e-002  0.000000e+000
 1.870000e+002  4.971369e-001  0.000000e+000
 1.880000e+002  3.810474e-001  0.000000e+000
 1.890000e+002  4.637928e-001  0.000000e+000
 1.900000e+002  2.978278e-001  0.000000e+000
 1.910000e+002  4.026133e-001  0.000000e+000
 1.920000e+002  3.139503e-001  0.000000e+000
 1.930000e+002  3.058139e-001  0.000000e+000
 1.940000e+002  5.160595e-001  0.000000e+000
 1.950000e+002  2.361221e-001  0.000000e+000
 1.960000e+002  9.924702e-002  0.000000e+000
 1.970000e+002  3.154905e-002  0.000000e+000
 1.980000e+002  1.210114e-002  0.000000e+000
 1.990000e+002  1.320097e-001  0.000000e+000
 2.000000e+002  2.922466e-001  0.000000e+000
 2.010000e+002  4.477947e-001  0.000000e+000
 2.020000e+002  4.061676e-001  0.000000e+000
 2.030000e+002  4.702948e-001  0.000000e+000
 2.040000e+002  3.370204e-001  0.000000e+000
 2.050000e+002  4.485332e-001  0.000000e+000
 2.060000e+002  5.158511e-001  0.000000e+000
 2.070000e+002  4.043941e-001  0.000000e+000
 2.080000e+002  4.328451e-001  0.000000e+000
 2.090000e+002  3.469805e-001  0.000000e+000
 2.100000e+002  1.010018e-001  0.000000e+000
 2.110000e+002  2.848880e-001  0.000000e+000
 2.120000e+002  2.666315e-001  0.000000e+000
 2.130000e+002  4.293281e-001  0.000000e+000
 2.140000e+002  3.362597e-001  0.000000e+000
 2.150000e+002  5.237622e-001  0.000000e+000
 2.160000e+002  1.158649e-001  0.000000e+000
 2.170000e+002  2.707696e-001  0.000000e+000
 2.180000e+002  3.004007e-001  0.000000e+000
 2.190000e+002  1.763714e-001  0.000000e+000
 2.200000e+002  2.011792e-001  0.000000e+000
 2.210000e+002  2.204585e-001  0.000000e+000
 2.220000e+002  6.945417e-002  0.000000e+000
 2.230000e+002  3.486034e-001  0.000000e+000
 2.240000e+002  2.581542e-001  0.000000e+000
 2.250000e+002  3.156146e-001  0.000000e+000
 2.260000e+002  2.687946e-001  0.000000e+000
 2.270000e+002  3.491418e-001  0.000000e+000
 2.280000e+002  9.650764e-002  0.000000e+000
 2.290000e+002  3.670459e-001  0.000000e+000
 2.300000e+002  3.544658e-001  0.000000e+000
 2.310000e+002  2.121571e-001  0.000000e+000
 2.320000e+002  2.512219e-001  0.000000e+000
 2.330000e+002  1.416257e-001  0.000000e+000
 2.340000e+002  1.319656e-002  0.000000e+000
 2.350000e+002  4.509380e-002  0.000000e+000
 2.360000e+002  1.754927e-002  0.000000e+000
 2.370000e+002  1.379215e-001  0.000000e+000
 2.380000e+002  2.900216e-002  0.000000e+000
 2.390000e+002  9.994099e-002  0.000000e+000
 2.400000e+002  2.803018e-004  0.000000e+000
 2.410000e+002  1.266890e-001  0.000000e+000
 2.420000e+002  2.345946e-001  0.000000e+000
 2.430000e+002  1.571991e-001  0.000000e+000
 2.440000e+002  2.476188e-001  0.000000e+000
 2.450000e+002  1.709390e-001  0.000000e+000
 2.460000e+002  2.144086e-002  0.000000e+000
 2.470000e+002  1.130743e-001  0.000000e+000
 2.480000e+002  2.250350e-001  0.000000e+000
 2.490000e+002  3.199014e-002  0.000000e+000
 2.500000e+002  4.494194e-002  0.000000e+000
 2.510000e+002  8.062602e-002  0.000000e+000
 2.520000e+002  4.458592e-003  0.000000e+000
 2.530000e+002  6.640019e-002  0.000000e+000
 2.540000e+002  2.039186e-001  0.000000e+000
 2.550000e+002  2.149058e-001  0.000000e+000
 2.560000e+002  1.963254e-001  0.000000e+000
 2.570000e+002  3.516621e-001  0.000000e+000
 2.580000e+002  2.574891e-003  0.000000e+000
 2.590000e+002  7.021426e-002  0.000000e+000
 2.600000e+002  1.824186e-001  0.000000e+000
 2.610000e+002  1.296831e-001  0.000000e+000
 2.620000e+002  5.916480e-002  0.000000e+000
 2.630000e+002  1.086776e-001  0.000000e+000
 2.640000e+002  4.747370e-002  0.000000e+000
 2.650000e+002  4.601701e-002  0.000000e+000
 2.660000e+002  3.522237e-001  0.000000e+000
 2.670000e+002  2.319093e-001  0.000000e+000
 2.680000e+002  1.747403e-001  0.000000e+000
 2.690000e+002  7.480051e-002  0.000000e+000
 2.700000e+002  7.655125e-002  0.000000e+000
 2.710000e+002  3.525356e-002  0.000000e+000
 2.720000e+002  8.166470e-002  0.000000e+000
 2.730000e+002  1.293398e-001  0.000000e+000
 2.740000e+002  2.689708e-001  0.000000e+000
 2.750000e+002  1.332049e-002  0.000000e+000
 2.760000e+002  1.283935e-001  0.000000e+000
 2.770000e+002  2.407255e-002  0.000000e+000
 2.780000e+002  1.455297e-001  0.000000e+000
 2.790000e+002  4.841505e-002  0.000000e+000
 2.800000e+002  8.782540e-002  0.000000e+000
 2.810000e+002  5.708295e-002  0.000000e+000
 2.820000e+002  2.962646e-002  0.000000e+000
 2.830000e+002  1.746414e-001  0.000000e+000
 2.840000e+002  1.372316e-001  0.000000e+000
 2.850000e+002  9.455401e-002  0.000000e+000
 2.860000e+002  4.308677e-002  0.000000e+000
 2.870000e+002  1.022147e-001  0.000000e+000
 2.880000e+002  2.741262e-002  0.000000e+000
 2.890000e+002  5.863130e-002  0.000000e+000
 2.900000e+002  1.064918e-001  0.000000e+000
 2.910000e+002  8.338396e-002  0.000000e+000
 2.920000e+002  4.639528e-002  0.000000e+000
 2.930000e+002  7.026163e-002  0.000000e+000
 2.940000e+002  4.030337e-002  0.000000e+000
 2.950000e+002  4.594441e-002  0.000000e+000
 2.960000e+002  5.172484e-002  0.000000e+000
 2.970000e+002  5.345794e-002  0.000000e+000
 2.980000e+002  8.808367e-003  0.000000e+000
 2.990000e+002  6.686752e-002  0.000000e+000
 3.000000e+002  3.404101e-003  0.000000e+000
 3.010000e+002  6.232610e-002  0.000000e+000
 3.020000e+002  2.231105e-002  0.000000e+000
 3.030000e+002  5.432599e-002  0.000000e+000
 3.040000e+002  1.048895e-001  0.000000e+000
 3.050000e+002  1.106079e-001  0.000000e+000
 3.060000e+002  1.011874e-001  0.000000e+000
 3.070000e+002  2.373289e-002  0.000000e+000
 3.080000e+002  5.482029e-003  0.000000e+000
 3.090000e+002  6.524752e-003  0.000000e+000
 3.100000e+002  6.250622e-002  0.000000e+000
 3.110000e+002  1.455357e-002  0.000000e+000
 3.120000e+002  1.782384e-001  0.000000e+000
 3.130000e+002  2.692733e-001  0.000000e+000
 3.140000e+002  5.357752e-002  0.000000e+000
 3.150000e+002  9.129008e-002  0.000000e+000
 3.160000e+002  3.086678e-002  0.000000e+000
 3.170000e+002  5.481941e-002  0.000000e+000
 3.180000e+002  1.942790e-001  0.000000e+000
 3.190000e+002  5.427225e-004  0.000000e+000
 3.200000e+002  6.472529e-002  0.000000e+000
 3.210000e+002  8.583152e-002  0.000000e+000
 3.220000e+002  1.510171e-001  0.000000e+000
 3.230000e+002  7.736571e-002  0.000000e+000
 3.240000e+002  2.798162e-003  0.000000e+000
 3.250000e+002  5.850939e-002  0.000000e+000
 3.260000e+002  2.862293e-001  0.000000e+000
 3.270000e+002  7.908464e-003  0.000000e+000
 3.280000e+002  1.128914e-001  0.000000e+000
 3.290000e+002  1.006189e-001  0.000000e+000
 3.300000e+002  2.952273e-002  0.000000e+000
 3.310000e+002  2.244412e-002  0.000000e+000
 3.320000e+002  1.251017e-002  0.000000e+000
 3.330000e+002  1.316168e-001  0.000000e+000
 3.340000e+002  3.869373e-002  0.000000e+000
 3.350000e+002  2.264435e-002  0.000000e+000
 3.360000e+002  6.219249e-003  0.000000e+000
 3.370000e+002  2.811263e-003  0.000000e+000
 3.380000e+002  1.590314e-001  0.000000e+000
 3.390000e+002  1.556614e-001  0.000000e+000
 3.400000e+002  6.866769e-002  0.000000e+000
 3.410000e+002  1.408293e-001  0.000000e+000
 3.420000e+002  7.743850e-002  0.000000e+000
 3.430000e+002  2.283032e-002  0.000000e+000
 3.440000e+002  5.656644e-002  0.000000e+000
 3.450000e+002  1.277384e-001  0.000000e+000
 3.460000e+002  4.720327e-002  0.000000e+000
 3.470000e+002  8.090062e-002  0.000000e+000
 3.480000e+002  9.660762e-002  0.000000e+000
 3.490000e+002  1.267789e-002  0.000000e+000
 3.500000e+002  5.212612e-002  0.000000e+000
 3.510000e+002  2.004297e-001  0.000000e+000
 3.520000e+002  2.677495e-001  0.000000e+000
 3.530000e+002  2.110096e-002  0.000000e+000
 3.540000e+002  5.531527e-002  0.000000e+000
 3.550000e+002  1.047895e-001  0.000000e+000
 3.560000e+002  1.910038e-001  0.000000e+000
 3.570000e+002  1.155037e-001  0.000000e+000
 3.580000e+002  3.098281e-001  0.000000e+000
 3.590000e+002  2.646980e-001  0.000000e+000
 3.600000e+002  1.347843e-002  0.000000e+000
 3.610000e+002  6.653952e-002  0.000000e+000
 3.620000e+002  1.423135e-002  0.000000e+000
 3.630000e+002  2.300390e-002  0.000000e+000
 3.640000e+002  3.035501e-002  0.000000e+000
 3.650000e+002  1.518528e-002  0.000000e+000
 3.660000e+002  1.698037e-002  0.000000e+000
 3.670000e+002  4.412404e-002  0.000000e+000
 3.680000e+002  2.135648e-001  0.000000e+000
 3.690000e+002  8.183124e-002  0.000000e+000
 3.700000e+002  1.008523e-001  0.000000e+000
 3.710000e+002  6.067387e-002  0.000000e+000
 3.720000e+002  6.009936e-002  0.000000e+000
 3.730000e+002  1.686691e-001  0.000000e+000
 3.740000e+002  3.568297e-002  0.000000e+000
 3.750000e+002  2.179143e-001  0.000000e+000
 3.760000e+002  4.313578e-002  0.000000e+000
 3.770000e+002  6.570778e-002  0.000000e+000
 3.780000e+002  1.868107e-002  0.000000e+000
 3.790000e+002  6.637385e-002  0.000000e+000
 3.800000e+002  8.431154e-002  0.000000e+000
 3.810000e+002  1.188228e-002  0.000000e+000
 3.820000e+002  3.344114e-002  0.000000e+000
 3.830000e+002  1.142543e-001  0.000000e+000
 3.840000e+002  2.530619e-001  0.000000e+000
 3.850000e+002  1.573562e-001  0.000000e+000
 3.860000e+002  9.525460e-002  0.000000e+000
 3.870000e+002  2.638642e-001  0.000000e+000
 3.880000e+002  4.281992e-002  0.000000e+000
 3.890000e+002  3.308780e-001  0.000000e+000
 3.900000e+002  2.738129e-002  0.000000e+000
 3.910000e+002  3.196200e-002  0.000000e+000
 3.920000e+002  1.335936e-001  0.000000e+000
 3.930000e+002  6.263900e-002  0.000000e+000
 3.940000e+002  1.301554e-001  0.000000e+000
 3.950000e+002  1.204580e-001  0.000000e+000
 3.960000e+002  1.634172e-002  0.000000e+000
 3.970000e+002  3.755995e-004  0.000000e+000
 3.980000e+002  6.412650e-002  0.000000e+000
 3.990000e+002  4.213233e-002  0.000000e+000
 4.000000e+002  5.687483e-002  0.000000e+000
 4.010000e+002  1.567388e-001  0.000000e+000
 4.020000e+002  1.189283e-001  0.000000e+000
 4.030000e+002  2.104405e-003  0.000000e+000
 4.040000e+002  2.599410e-002  0.000000e+000
 4.050000e+002  9.632551e-003  0.000000e+000
 4.060000e+002  2.808433e-002  0.000000e+000
 4.070000e+002  2.964637e-003  0.000000e+000
 4.080000e+002  5.922328e-002  0.000000e+000
 4.090000e+002  9.216614e-003  0.000000e+000
 4.100000e+002  1.941748e-001  0.000000e+000
 4.110000e+002  5.750889e-002  0.000000e+000
 4.120000e+002  1.252159e-001  0.000000e+000
 4.130000e+002  3.421844e-001  0.000000e+000
 4.140000e+002  2.125137e-001  0.000000e+000
 4.150000e+002  2.364122e-002  0.000000e+000
 4.160000e+002  4.323186e-002  0.000000e+000
 4.170000e+002  2.715987e-002  0.000000e+000
 4.180000e+002  1.385192e-001  0.000000e+000
 4.190000e+002  5.514675e-002  0.000000e+000
 4.200000e+002  7.014136e-003  0.000000e+000
 4.210000e+002  8.388553e-002  0.000000e+000
 4.220000e+002  6.650366e-002  0.000000e+000
 4.230000e+002  3.008076e-002  0.000000e+000
 4.240000e+002  5.136233e-002  0.000000e+000
 4.250000e+002  1.249053e-002  0.000000e+000
 4.260000e+002  2.626798e-002  0.000000e+000
 4.270000e+002  1.657148e-002  0.000000e+000
 4.280000e+002  3.124875e-002  0.000000e+000
 4.290000e+002  5.725383e-002  0.000000e+000
 4.300000e+002  2.219165e-002  0.000000e+000
 4.310000e+002  6.149930e-002  0.000000e+000
 4.320000e+002  1.367485e-001  0.000000e+000
 4.330000e+002  1.322383e-001  0.000000e+000
 4.340000e+002  1.536704e-001  0.000000e+000
 4.350000e+002  1.356117e-001  0.000000e+000
 4.360000e+002  1.660912e-002  0.000000e+000
 4.370000e+002  6.479489e-002  0.000000e+000
 4.380000e+002  2.701193e-002  0.000000e+000
 4.390000e+002  8.028563e-002  0.000000e+000
 4.400000e+002  1.324653e-001  0.000000e+000
 4.410000e+002  2.013650e-002  0.000000e+000
 4.420000e+002  2.371586e-002  0.000000e+000
 4.430000e+002  5.326805e-002  0.000000e+000
 4.440000e+002  1.628380e-002  0.000000e+000
 4.450000e+002  3.273904e-002  0.000000e+000
 4.460000e+002  1.332650e-002  0.000000e+000
 4.470000e+002  7.485082e-002  0.000000e+000
 4.480000e+002  4.061349e-002  0.000000e+000
 4.490000e+002  1.378339e-002  0.000000e+000
 4.500000e+002  3.360792e-002  0.000000e+000
 4.510000e+002  3.256888e-002  0.000000e+000
 4.520000e+002  6.302711e-003  0.000000e+000
 4.530000e+002  1.251398e-001  0.000000e+000
 4.540000e+002  7.758269e-003  0.000000e+000
 4.550000e+002  1.122230e-001  0.000000e+000
 4.560000e+002  1.280026e-001  0.000000e+000
 4.570000e+002  1.399818e-003  0.000000e+000
 4.580000e+002  1.544260e-002  0.000000e+000
 4.590000e+002  7.982033e-002  0.000000e+000
 4.600000e+002  7.667226e-002  0.000000e+000
 4.610000e+002  1.548498e-002  0.000000e+000
 4.620000e+002  1.130231e-002  0.000000e+000
 4.630000e+002  1.066861e-001  0.000000e+000
 4.640000e+002  1.082634e-001  0.000000e+000
 4.650000e+002  1.584583e-003  0.000000e+000
 4.660000e+002  6.372321e-003  0.000000e+000
 4.670000e+002  6.335866e-002  0.000000e+000
 4.680000e+002  5.182304e-002  0.000000e+000
 4.690000e+002  2.509321e-002  0.000000e+000
 4.700000e+002  1.099665e-002  0.000000e+000
 4.710000e+002  1.587533e-002  0.000000e+000
 4.720000e+002  6.561087e-003  0.000000e+000
 4.730000e+002  1.664082e-002  0.000000e+000
 4.740000e+002  3.731470e-003  0.000000e+000
 4.750000e+002  1.284516e-001  0.000000e+000
 4.760000e+002  7.124032e-004  0.000000e+000
 4.770000e+002  1.220780e-002  0.000000e+000
 4.780000e+002  2.328626e-003  0.000000e+000
 4.790000e+002  2.401602e-002  0.000000e+000
 4.800000e+002  7.967212e-003  0.000000e+000
 4.810000e+002  8.633978e-002  0.000000e+000
 4.820000e+002  5.383076e-002  0.000000e+000
 4.830000e+002  1.180411e-001  0.000000e+000
 4.840000e+002  6.283990e-002  0.000000e+000
 4.850000e+002  9.539720e-002  0.000000e+000
 4.860000e+002  2.325199e-003  0.000000e+000
 4.870000e+002  2.374569e-002  0.000000e+000
 4.880000e+002  4.408892e-002  0.000000e+000
 4.890000e+002  6.244918e-002  0.000000e+000
 4.900000e+002  3.646705e-002  0.000000e+000
 4.910000e+002  3.395188e-002  0.000000e+000
 4.920000e+002  2.540023e-004  0.000000e+000
 4.930000e+002  2.179404e-002  0.000000e+000
 4.940000e+002  6.060106e-002  0.000000e+000
 4.950000e+002  1.008800e-001  0.000000e+000
 4.960000e+002  3.722680e-002  0.000000e+000
 4.970000e+002  5.809168e-002  0.000000e+000
 4.980000e+002  8.303983e-002  0.000000e+000
 4.990000e+002  9.548187e-002  0.000000e+000
 5.000000e+002  3.032262e-002  0.000000e+000
 5.010000e+002  3.118406e-002  0.000000e+000
 5.020000e+002  2.613375e-002  0.000000e+000
 5.030000e+002  9.547880e-002  0.000000e+000
 5.040000e+002  1.593777e-001  0.000000e+000
 5.050000e+002  4.382813e-002  0.000000e+000
 5.060000e+002  1.657613e-002  0.000000e+000
 5.070000e+002  1.085054e-002  0.000000e+000
 5.080000e+002  3.404813e-002  0.000000e+000
 5.090000e+002  1.442411e-001  0.000000e+000
 5.100000e+002  3.251377e-002  0.000000e+000
 5.110000e+002  7.636752e-003  0.000000e+000
 5.120000e+002  9.267768e-002  0.000000e+000
