 0.000000e+000  2.752418e-007  0.000000e+000
 1.000000e+000  1.110428e-007 -8.040641e-007
 2.000000e+000 -1.749575e-007 -4.602656e-007
 3.000000e+000 -2.874649e-007  2.064842e-007
 4.000000e+000  1.599512e-008 -2.625926e-007
 5.000000e+000 -4.551647e-007  1.545397e-007
 6.000000e+000 -3.355921e-006 -1.018289e-005
 7.000000e+000 -2.360459e-007 -1.099312e-007
 8.000000e+000 -3.765659e-007  8.310529e-008
 9.000000e+000 -3.257836e-007  1.563325e-007
 1.000000e+001 -7.586985e-007  4.065659e-007
 1.100000e+001 -9.782297e-007  5.897980e-007
 1.200000e+001  4.755522e-006 -6.583558e-006
 1.300000e+001 -5.293013e-007  1.027784e-008
 1.400000e+001 -6.528428e-007  3.690249e-007
 1.500000e+001 -7.846210e-007  4.133865e-007
 1.600000e+001 -9.949573e-007  4.760123e-007
 1.700000e+001 -1.438967e-006  3.060773e-007
 1.800000e+001  4.571142e-006  2.038706e-008
 1.900000e+001 -2.101674e-006  1.257106e-006
 2.000000e+001 -3.384735e-006  2.630160e-006
 2.100000e+001 -6.489858e-006  5.356491e-006
 2.200000e+001 -6.606213e-007  1.966038e-004
 2.300000e+001  7.796870e-006 -3.678306e-006
 2.400000e+001  4.348032e-006 -2.763889e-006
 2.500000e+001  3.138008e-006 -2.008833e-006
 2.600000e+001  2.366537e-006 -1.502272e-006
 2.700000e+001  1.863374e-006 -1.340871e-006
 2.800000e+001  1.675643e-006 -1.008802e-006
 2.900000e+001  1.481970e-006 -9.404041e-007
 3.000000e+001  1.497059e-006 -6.858626e-007
 3.100000e+001  1.270322e-006 -8.815424e-007
 3.200000e+001  1.271052e-006 -8.164735e-007
 3.300000e+001  1.120301e-006 -7.646632e-007
 3.400000e+001  9.819408e-007 -5.136575e-007
 3.500000e+001  1.065829e-006 -6.122713e-007
 3.600000e+001  4.057507e-007 -7.388290e-007
 3.700000e+001  9.838729e-007 -5.553670e-007
 3.800000e+001  9.085478e-007 -4.902563e-007
 3.900000e+001  8.490644e-007 -5.904277e-007
 4.000000e+001  6.365792e-007 -5.444808e-007
 4.100000e+001  6.621409e-007 -5.283418e-007
 4.200000e+001  2.243100e-006  5.143158e-007
 4.300000e+001  1.198150e-006 -2.593305e-007
 4.400000e+001  1.231574e-006 -3.230391e-007
 4.500000e+001  1.042408e-006 -3.595176e-007
 4.600000e+001  1.061495e-006 -3.822518e-007
 4.700000e+001  1.241213e-006 -4.004267e-007
 4.800000e+001  2.996865e-007  3.412221e-008
 4.900000e+001  8.568656e-007 -2.248936e-007
 5.000000e+001  1.011693e-006 -1.583182e-007
 5.100000e+001  1.017230e-006 -3.050428e-007
 5.200000e+001  9.938488e-007 -4.430856e-007
 5.300000e+001  8.311902e-007 -2.731420e-007
 5.400000e+001  3.144266e-007 -3.480094e-006
 5.500000e+001  1.634841e-006 -1.108959e-007
 5.600000e+001  1.376472e-006 -1.340874e-007
 5.700000e+001  1.484868e-006 -1.916219e-007
 5.800000e+001  1.379122e-006 -2.618543e-007
 5.900000e+001  1.345161e-006 -4.567456e-008
 6.000000e+001  2.019287e-006 -1.219438e-006
 6.100000e+001  1.763108e-006 -5.107805e-007
 6.200000e+001  1.928526e-006 -5.513543e-007
 6.300000e+001  1.906849e-006 -4.884857e-007
 6.400000e+001  2.076956e-006 -8.487295e-007
 6.500000e+001  2.070658e-006 -6.672964e-007
 6.600000e+001  1.924504e-006 -2.575614e-007
 6.700000e+001  2.853565e-006 -2.814848e-007
 6.800000e+001  3.378991e-006 -9.033545e-007
 6.900000e+001  3.969710e-006 -6.794544e-007
 7.000000e+001  5.434187e-006 -1.093237e-006
 7.100000e+001  7.611986e-006 -1.559861e-006
 7.200000e+001  1.856652e-005 -7.710085e-006
 7.300000e+001 -1.761794e-005 -1.774236e-005
 7.400000e+001 -7.427998e-006 -4.308755e-006
 7.500000e+001 -5.070753e-006 -2.176090e-006
 7.600000e+001 -3.315474e-006 -1.716640e-006
 7.700000e+001 -2.822007e-006 -1.466631e-006
 7.800000e+001 -2.361082e-006 -1.485042e-006
 7.900000e+001 -2.063858e-006 -1.185595e-006
 8.000000e+001 -1.748749e-006 -1.077491e-006
 8.100000e+001 -1.599452e-006 -1.022498e-006
 8.200000e+001 -1.521036e-006 -8.936625e-007
 8.300000e+001 -1.162791e-006 -8.083757e-007
 8.400000e+001 -1.991582e-006 -7.103232e-007
 8.500000e+001 -1.355870e-006 -6.387073e-007
 8.600000e+001 -1.211201e-006 -6.644619e-007
 8.700000e+001 -1.141787e-006 -5.658643e-007
 8.800000e+001 -1.073108e-006 -5.549265e-007
 8.900000e+001 -1.028221e-006 -6.273131e-007
 9.000000e+001 -5.301076e-007 -7.853189e-007
 9.100000e+001 -1.025821e-006 -2.089320e-007
 9.200000e+001 -9.042814e-007 -1.837287e-007
 9.300000e+001 -8.121314e-007 -1.280657e-007
 9.400000e+001 -7.288451e-007 -9.953304e-008
 9.500000e+001 -6.739826e-007 -1.028677e-007
 9.600000e+001 -6.316908e-007  3.194376e-008
 9.700000e+001 -5.301931e-007 -5.004341e-008
 9.800000e+001 -4.841141e-007 -5.441606e-008
 9.900000e+001 -4.309633e-007 -4.056074e-008
 1.000000e+002 -3.376910e-007 -1.469501e-007
 1.010000e+002 -3.869286e-007 -2.148190e-007
 1.020000e+002 -6.088176e-007  8.041041e-007
 1.030000e+002 -2.367072e-007 -1.407256e-007
 1.040000e+002 -2.341268e-007 -1.085037e-007
 1.050000e+002 -2.207850e-007 -1.714173e-007
 1.060000e+002 -1.869619e-007 -1.823188e-007
 1.070000e+002 -1.992072e-007 -1.599200e-007
 1.080000e+002  2.283563e-007 -1.212253e-007
 1.090000e+002 -2.559076e-007 -1.245048e-007
 1.100000e+002 -2.355730e-007 -1.534712e-007
 1.110000e+002 -2.425197e-007 -7.793144e-008
 1.120000e+002 -2.192452e-007 -1.600964e-007
 1.130000e+002 -2.448560e-007 -1.490769e-007
 1.140000e+002 -4.012624e-008 -1.169208e-007
 1.150000e+002 -1.976893e-007 -2.232752e-007
 1.160000e+002 -2.065372e-007 -1.768631e-007
 1.170000e+002 -1.846141e-007 -1.738136e-007
 1.180000e+002 -1.939796e-007 -2.038161e-007
 1.190000e+002 -2.111027e-007 -1.323532e-007
 1.200000e+002  7.123918e-008 -2.530000e-007
 1.210000e+002 -1.047645e-007 -1.440502e-007
 1.220000e+002 -1.259665e-007 -1.221879e-007
 1.230000e+002 -1.364764e-007 -1.639766e-007
 1.240000e+002 -1.303181e-007 -9.270279e-008
 1.250000e+002 -7.900147e-008 -2.352506e-007
 1.260000e+002 -2.978761e-007 -6.883340e-007
 1.270000e+002 -4.526344e-008  1.394968e-008
 1.280000e+002 -3.860043e-008 -5.541313e-008
 1.290000e+002 -5.064667e-008 -4.497175e-008
 1.300000e+002 -4.684395e-008 -8.947746e-008
 1.310000e+002 -7.260361e-008 -1.011013e-007
 1.320000e+002 -4.488259e-008 -1.166428e-007
 1.330000e+002 -2.442527e-008 -6.691141e-008
 1.340000e+002 -2.092802e-008 -8.393221e-008
 1.350000e+002 -8.504542e-010 -1.057197e-007
 1.360000e+002 -2.010918e-008 -9.188150e-008
 1.370000e+002 -7.643899e-008 -9.659085e-008
 1.380000e+002  3.231528e-007 -3.407432e-007
 1.390000e+002 -4.014313e-008 -6.037788e-008
 1.400000e+002  1.686496e-009 -4.727816e-008
 1.410000e+002 -5.960416e-008 -1.072338e-007
 1.420000e+002 -3.451256e-008 -8.255651e-008
 1.430000e+002 -6.372302e-009 -5.334557e-008
 1.440000e+002 -1.464911e-008  1.200649e-008
 1.450000e+002 -1.561005e-009 -1.168456e-007
 1.460000e+002 -5.027208e-009 -7.798265e-008
 1.470000e+002 -1.058687e-007 -3.452809e-008
 1.480000e+002 -5.198245e-008 -9.809751e-008
 1.490000e+002 -1.164384e-007 -4.580483e-008
 1.500000e+002  6.236263e-008 -4.796888e-007
 1.510000e+002  5.199005e-008 -8.413366e-008
 1.520000e+002  5.679824e-008 -2.551374e-008
 1.530000e+002 -1.281720e-008 -5.887772e-008
 1.540000e+002  1.925185e-008 -6.227005e-008
 1.550000e+002  2.957562e-009 -2.063185e-008
 1.560000e+002 -4.949776e-008 -1.100254e-007
 1.570000e+002 -1.316123e-008 -3.717253e-008
 1.580000e+002  3.119785e-008 -4.086212e-008
 1.590000e+002 -7.804563e-009 -1.200131e-008
 1.600000e+002 -4.038791e-008  3.260237e-008
 1.610000e+002 -1.477167e-008  9.913047e-009
 1.620000e+002 -1.044352e-007  1.791172e-007
 1.630000e+002  2.224361e-008 -1.119338e-007
 1.640000e+002  3.938578e-008 -4.314802e-008
 1.650000e+002  4.742459e-008  1.738793e-008
 1.660000e+002  1.077137e-008 -8.479635e-008
 1.670000e+002  5.868374e-008 -3.575082e-008
 1.680000e+002  1.307558e-008 -1.318210e-007
 1.690000e+002  5.522560e-008  1.908692e-008
 1.700000e+002  2.474517e-008 -3.769216e-008
 1.710000e+002  7.583515e-008 -6.313411e-008
 1.720000e+002  5.752397e-008  1.200058e-009
 1.730000e+002  3.847279e-008 -2.116885e-008
 1.740000e+002  6.188341e-007  4.166051e-007
 1.750000e+002 -4.561332e-009 -9.765633e-009
 1.760000e+002 -1.156527e-008 -5.713245e-009
 1.770000e+002  3.245657e-008 -3.718228e-008
 1.780000e+002  5.719828e-008 -6.187578e-008
 1.790000e+002 -1.023883e-008 -2.640316e-008
 1.800000e+002 -3.686392e-008 -4.874879e-008
 1.810000e+002 -7.084829e-008  2.456392e-008
 1.820000e+002 -3.679495e-008  1.322916e-008
 1.830000e+002  1.479581e-008  1.105033e-008
 1.840000e+002  5.347310e-008 -3.449658e-008
 1.850000e+002  5.526104e-008 -3.024997e-008
 1.860000e+002  1.327587e-007  2.182648e-007
 1.870000e+002  1.697041e-008 -2.383138e-008
 1.880000e+002  3.243936e-008 -1.376283e-008
 1.890000e+002 -2.294514e-008  4.493352e-008
 1.900000e+002  4.549132e-008 -2.105160e-008
 1.910000e+002  4.315884e-009  5.529287e-010
 1.920000e+002 -7.539361e-008  1.212271e-007
 1.930000e+002 -1.111050e-008 -1.718708e-009
 1.940000e+002  8.975401e-008  1.392636e-008
 1.950000e+002  7.054647e-009  4.256813e-008
 1.960000e+002 -3.824242e-009 -1.448648e-008
 1.970000e+002 -6.528537e-008 -4.923375e-008
 1.980000e+002 -2.468563e-007 -2.439356e-007
 1.990000e+002  8.933774e-008  8.124527e-008
 2.000000e+002  7.026417e-008  8.243678e-008
 2.010000e+002  3.563935e-008  1.576087e-008
 2.020000e+002  7.060217e-008  2.607440e-008
 2.030000e+002  3.914244e-008  2.021165e-008
 2.040000e+002  8.239278e-008 -2.246597e-008
 2.050000e+002  4.315230e-008  6.510389e-008
 2.060000e+002  2.388429e-008  5.621835e-008
 2.070000e+002  2.603828e-008  5.279761e-008
 2.080000e+002  1.765013e-008  2.454091e-008
 2.090000e+002  3.456011e-008  1.570736e-008
 2.100000e+002  4.021864e-007  2.889539e-007
 2.110000e+002  6.352914e-008 -1.259632e-008
 2.120000e+002 -9.281637e-009  5.748038e-008
 2.130000e+002  3.735869e-008  1.179405e-008
 2.140000e+002 -1.195335e-009  5.956635e-008
 2.150000e+002  1.448929e-008  9.328619e-008
 2.160000e+002  1.311686e-007  1.550742e-007
 2.170000e+002 -3.527886e-008  1.409072e-008
 2.180000e+002 -2.564547e-008  3.747480e-008
 2.190000e+002  1.790418e-008  8.789931e-008
 2.200000e+002 -1.828923e-008  9.132243e-008
 2.210000e+002 -3.560073e-008  8.401015e-008
 2.220000e+002  5.752003e-007 -1.258478e-007
 2.230000e+002  9.004021e-008  4.679223e-008
 2.240000e+002  1.345583e-008  1.010167e-007
 2.250000e+002  1.811319e-008  5.636493e-008
 2.260000e+002  3.935157e-008  5.328793e-008
 2.270000e+002  2.681301e-008  7.156207e-008
 2.280000e+002  3.021987e-008  8.076284e-008
 2.290000e+002  5.244211e-008  1.210241e-007
 2.300000e+002  9.447002e-008  1.176480e-007
 2.310000e+002  9.923248e-009  1.767783e-007
 2.320000e+002  8.863924e-008  1.243364e-007
 2.330000e+002  1.456646e-007  3.113120e-007
 2.340000e+002  3.748619e-007  6.369871e-007
 2.350000e+002 -1.286138e-007 -2.671817e-007
 2.360000e+002 -7.187989e-008 -5.587966e-008
 2.370000e+002 -4.818132e-009 -6.329658e-008
 2.380000e+002 -3.050774e-008  1.544477e-008
 2.390000e+002  2.294667e-008  5.092724e-009
 2.400000e+002 -1.746312e-007  2.126550e-008
 2.410000e+002 -1.166877e-008  2.021294e-008
 2.420000e+002 -7.282265e-008 -3.197430e-008
 2.430000e+002 -5.912269e-008  4.339858e-008
 2.440000e+002 -3.822412e-008  1.065192e-007
 2.450000e+002  3.792041e-008  1.294613e-007
 2.460000e+002  9.295748e-008  1.698216e-007
 2.470000e+002  8.234803e-008 -4.032952e-008
 2.480000e+002 -1.738331e-008 -9.461421e-008
 2.490000e+002 -1.083035e-007 -1.400533e-007
 2.500000e+002 -2.439579e-007  9.248205e-008
 2.510000e+002 -1.627612e-007  5.087067e-008
 2.520000e+002 -2.712166e-007  1.149727e-007
 2.530000e+002  3.023703e-009  4.959892e-008
 2.540000e+002 -3.906317e-008  7.938489e-008
 2.550000e+002  4.367389e-009  1.081760e-007
 2.560000e+002 -7.113149e-008  3.275653e-008
 2.570000e+002  2.129555e-008  9.714997e-008
 2.580000e+002 -6.843765e-008 -1.208327e-007
 2.590000e+002 -9.785618e-008  1.243625e-007
 2.600000e+002 -4.516057e-008  1.134312e-007
 2.610000e+002 -3.151052e-008 -2.760560e-008
 2.620000e+002 -7.843029e-008  7.548868e-008
 2.630000e+002 -5.170643e-008  4.508529e-008
 2.640000e+002 -8.034320e-008 -5.280619e-010
 2.650000e+002 -7.879092e-008  5.497920e-008
 2.660000e+002 -2.036677e-008  6.533772e-008
 2.670000e+002 -1.252537e-008  1.039687e-007
 2.680000e+002  1.742743e-009  1.400028e-007
 2.690000e+002 -6.626213e-008  5.518364e-008
 2.700000e+002  1.118858e-007  1.745033e-007
 2.710000e+002 -8.568718e-008  1.405372e-008
 2.720000e+002 -1.275006e-007 -2.602554e-008
 2.730000e+002 -5.795392e-008  4.256806e-008
 2.740000e+002 -4.766555e-008  5.404819e-008
 2.750000e+002 -7.728487e-008  8.747735e-008
 2.760000e+002 -1.057026e-007  7.596825e-008
 2.770000e+002 -5.980972e-008  2.464007e-008
 2.780000e+002 -1.390044e-007  6.536003e-008
 2.790000e+002 -2.349504e-008  3.936739e-008
 2.800000e+002 -6.568801e-008  6.984326e-008
 2.810000e+002 -6.481436e-008  7.340612e-008
 2.820000e+002  2.402180e-008  4.665265e-007
 2.830000e+002 -1.014532e-007 -7.171871e-008
 2.840000e+002 -6.336410e-008  1.691453e-008
 2.850000e+002 -1.078166e-007  7.112557e-008
 2.860000e+002 -5.855114e-008 -1.000722e-009
 2.870000e+002 -1.388739e-007 -1.387036e-008
 2.880000e+002 -2.061998e-007  5.314024e-008
 2.890000e+002  4.030196e-008  4.538473e-008
 2.900000e+002 -4.665653e-008  5.728817e-008
 2.910000e+002 -9.441315e-008  4.027042e-008
 2.920000e+002 -4.421172e-008  6.174719e-009
 2.930000e+002 -1.184625e-007 -2.038215e-008
 2.940000e+002 -6.226585e-008 -1.147914e-007
 2.950000e+002 -2.028709e-008  4.596700e-008
 2.960000e+002 -7.005838e-008  6.775164e-008
 2.970000e+002 -3.505514e-008  4.042471e-008
 2.980000e+002 -8.133910e-008  6.229079e-008
 2.990000e+002 -6.730238e-008  5.757961e-008
 3.000000e+002 -8.940620e-008  4.193978e-008
 3.010000e+002 -5.319984e-008  6.001640e-008
 3.020000e+002 -4.080314e-008  4.971851e-008
 3.030000e+002 -5.153869e-008  5.421600e-008
 3.040000e+002 -5.562900e-008  1.158647e-007
 3.050000e+002  2.526618e-008  8.997824e-008
 3.060000e+002  2.886847e-007  2.205410e-007
 3.070000e+002 -2.386383e-007 -1.573247e-008
 3.080000e+002 -1.748657e-007  2.910377e-008
 3.090000e+002 -1.205027e-007  2.798115e-008
 3.100000e+002 -6.638124e-008 -2.381857e-008
 3.110000e+002 -1.282027e-007  3.045067e-008
 3.120000e+002  1.764800e-008 -1.862929e-008
 3.130000e+002 -1.777852e-007  2.804395e-008
 3.140000e+002 -1.275999e-007  5.857163e-008
 3.150000e+002 -1.081890e-007  6.242845e-008
 3.160000e+002 -8.473116e-008  2.326673e-008
 3.170000e+002 -8.301389e-008 -1.250224e-009
 3.180000e+002 -2.621099e-007 -1.216461e-007
 3.190000e+002 -7.632716e-008  1.550670e-007
 3.200000e+002 -7.322980e-008  1.525678e-007
 3.210000e+002 -8.724431e-008  1.386365e-007
 3.220000e+002 -1.166232e-007  1.235146e-007
 3.230000e+002 -4.715599e-008  1.349976e-007
 3.240000e+002 -7.823349e-008 -5.815673e-008
 3.250000e+002  1.006469e-007  1.252647e-007
 3.260000e+002  6.349470e-008  6.107426e-010
 3.270000e+002 -1.023158e-008 -1.020764e-007
 3.280000e+002 -5.607924e-009 -2.934778e-009
 3.290000e+002 -6.345041e-008 -1.807050e-008
 3.300000e+002 -3.787604e-007 -2.249728e-007
 3.310000e+002  7.391589e-008  1.079044e-007
 3.320000e+002  4.479725e-008  9.428845e-008
 3.330000e+002  7.496002e-009  7.134305e-008
 3.340000e+002 -1.113566e-007  1.184957e-008
 3.350000e+002  4.128027e-009  3.602346e-009
 3.360000e+002  1.778748e-009 -2.857827e-008
 3.370000e+002  6.708786e-009  7.594751e-008
 3.380000e+002 -7.784676e-009  4.273559e-008
 3.390000e+002 -1.049381e-008 -4.357982e-008
 3.400000e+002 -4.612176e-008  5.050404e-008
 3.410000e+002 -7.292598e-008  4.080116e-008
 3.420000e+002  3.825842e-007 -3.984290e-007
 3.430000e+002  2.277961e-008  9.920297e-008
 3.440000e+002  2.705909e-008 -1.661539e-008
 3.450000e+002  6.616987e-009 -1.144942e-009
 3.460000e+002  1.819379e-008  8.215204e-009
 3.470000e+002 -1.678268e-008  2.612652e-010
 3.480000e+002  3.227236e-009  9.121378e-009
 3.490000e+002 -1.966334e-008  1.252657e-008
 3.500000e+002  1.813874e-008 -1.162284e-008
 3.510000e+002 -5.963769e-009 -1.087840e-008
 3.520000e+002  8.661579e-008 -2.093164e-009
 3.530000e+002  1.646608e-008  1.172961e-008
 3.540000e+002 -1.200230e-007  2.485706e-007
 3.550000e+002  2.910940e-009 -1.264292e-007
 3.560000e+002 -2.543445e-009 -1.266975e-007
 3.570000e+002  4.837223e-008 -1.049370e-007
 3.580000e+002  3.262070e-008 -6.625805e-008
 3.590000e+002  1.023253e-007 -1.199422e-007
 3.600000e+002  2.765569e-007 -3.082034e-007
 3.610000e+002 -2.819970e-007  1.287047e-007
 3.620000e+002 -1.031771e-007  2.673590e-008
 3.630000e+002 -7.475016e-008 -5.211935e-010
 3.640000e+002 -4.454902e-008  3.647295e-008
 3.650000e+002 -1.232005e-007  2.429312e-008
 3.660000e+002 -9.251372e-008  2.067077e-007
 3.670000e+002 -8.270062e-008 -1.162008e-008
 3.680000e+002 -1.782474e-008 -3.041270e-008
 3.690000e+002 -2.535284e-008  3.650681e-009
 3.700000e+002  5.943111e-009 -4.779130e-008
 3.710000e+002 -6.987537e-008 -9.276338e-009
 3.720000e+002 -5.227820e-008  2.479456e-008
 3.730000e+002  1.766287e-008  1.014989e-008
 3.740000e+002 -9.691660e-008 -8.636620e-011
 3.750000e+002  4.483917e-008 -5.285745e-009
 3.760000e+002  7.109296e-009 -8.447958e-009
 3.770000e+002 -3.088531e-008 -2.646073e-008
 3.780000e+002  2.733961e-008  2.868900e-007
 3.790000e+002  9.899453e-009  6.876291e-009
 3.800000e+002 -2.913597e-008 -4.334183e-008
 3.810000e+002 -2.352972e-008 -3.449555e-008
 3.820000e+002 -1.527805e-008  6.499767e-009
 3.830000e+002 -2.344522e-008  4.651830e-008
 3.840000e+002  5.818621e-009 -2.116112e-008
 3.850000e+002  6.085193e-009 -3.645915e-008
 3.860000e+002 -1.026035e-009  2.835492e-008
 3.870000e+002 -9.263021e-009 -6.665050e-008
 3.880000e+002 -1.570004e-009  1.038176e-008
 3.890000e+002  7.902180e-009 -9.324454e-008
 3.900000e+002 -3.351741e-008 -1.039678e-007
 3.910000e+002  1.027392e-008  6.871439e-008
 3.920000e+002  5.238115e-009 -1.366751e-008
 3.930000e+002  2.857721e-008 -2.277859e-008
 3.940000e+002  4.363048e-008 -3.624754e-008
 3.950000e+002  4.732518e-008 -3.267077e-008
 3.960000e+002  1.532455e-007 -9.374397e-008
 3.970000e+002 -1.282301e-007  7.352773e-008
 3.980000e+002  1.221514e-008  8.084939e-008
 3.990000e+002 -4.496127e-008  6.044854e-009
 4.000000e+002 -2.921495e-008  2.245408e-008
 4.010000e+002 -2.184244e-008 -2.808772e-008
 4.020000e+002  2.709764e-007 -8.455051e-009
 4.030000e+002 -1.045049e-008  9.415011e-008
 4.040000e+002 -2.284993e-008  5.969656e-008
 4.050000e+002  1.213976e-008  3.752419e-008
 4.060000e+002  5.320830e-008  1.269631e-007
 4.070000e+002 -2.817595e-008  1.038132e-009
 4.080000e+002  4.839604e-008  5.166706e-008
 4.090000e+002 -2.322869e-008  3.058764e-008
 4.100000e+002  1.085628e-007  2.452881e-008
 4.110000e+002 -1.522138e-008  5.764589e-008
 4.120000e+002  1.967641e-009  5.172933e-008
 4.130000e+002  1.121390e-007 -2.720138e-008
 4.140000e+002  1.532571e-007 -9.380550e-008
 4.150000e+002  7.108383e-008  8.814550e-008
 4.160000e+002  8.862222e-008  1.132500e-007
 4.170000e+002  8.311087e-008  1.301250e-007
 4.180000e+002  3.044121e-008 -3.183013e-008
 4.190000e+002  5.383337e-008  9.264107e-008
 4.200000e+002 -1.262421e-008  1.363579e-007
 4.210000e+002  4.851782e-008  2.682670e-008
 4.220000e+002  7.415373e-008  1.015998e-007
 4.230000e+002  4.854565e-008  8.532569e-008
 4.240000e+002  2.859928e-008  1.537276e-008
 4.250000e+002  5.725005e-008  4.938506e-008
 4.260000e+002  5.864990e-008  7.341768e-008
 4.270000e+002  1.039556e-007  3.901659e-008
 4.280000e+002  1.306470e-007  4.802849e-008
 4.290000e+002  7.417757e-008  5.764778e-008
 4.300000e+002  1.075916e-007  1.457879e-007
 4.310000e+002  2.162130e-007  1.808605e-007
 4.320000e+002  4.735353e-007  4.123288e-007
 4.330000e+002 -2.523586e-007 -3.036312e-007
 4.340000e+002 -8.645341e-008 -6.448579e-008
 4.350000e+002 -1.396360e-008 -8.026370e-008
 4.360000e+002 -2.172565e-009 -1.088621e-007
 4.370000e+002  1.783298e-008 -5.061561e-008
 4.380000e+002  2.148803e-007  1.576958e-008
 4.390000e+002 -4.524521e-008 -1.603052e-008
 4.400000e+002 -4.664816e-008  2.591028e-008
 4.410000e+002 -7.851705e-009  1.380105e-008
 4.420000e+002  2.995450e-008  1.109882e-008
 4.430000e+002  2.695491e-008  1.929479e-009
 4.440000e+002  4.409934e-008 -9.523196e-009
 4.450000e+002 -7.751979e-010 -1.917501e-008
 4.460000e+002  4.862072e-008 -3.253119e-008
 4.470000e+002  2.782838e-008  1.002471e-008
 4.480000e+002 -1.973561e-008 -2.137569e-008
 4.490000e+002 -7.929711e-009  2.959031e-010
 4.500000e+002  1.370569e-007 -2.080426e-007
 4.510000e+002 -6.133390e-008  1.375996e-007
 4.520000e+002 -1.935442e-009  3.496273e-008
 4.530000e+002 -4.080059e-009  4.648439e-008
 4.540000e+002 -3.039850e-009  2.355805e-008
 4.550000e+002 -1.235590e-008  9.338617e-009
 4.560000e+002  3.248089e-008  9.536852e-009
 4.570000e+002  1.859172e-008  6.642407e-008
 4.580000e+002 -3.435850e-008  1.218811e-008
 4.590000e+002  4.625308e-008 -6.785974e-008
 4.600000e+002 -9.126200e-009  7.529574e-009
 4.610000e+002 -2.582708e-008  5.944581e-008
 4.620000e+002 -4.254293e-008  8.803985e-008
 4.630000e+002  4.434076e-008 -1.930447e-008
 4.640000e+002  2.680494e-008  1.260335e-008
 4.650000e+002  2.933897e-009  3.760505e-008
 4.660000e+002 -2.534185e-008 -1.208341e-008
 4.670000e+002 -6.985056e-008 -5.596304e-008
 4.680000e+002 -1.209546e-007  3.201611e-009
 4.690000e+002  1.101308e-007  1.223758e-007
 4.700000e+002  3.403090e-008  3.817938e-009
 4.710000e+002 -1.421349e-008  5.630681e-008
 4.720000e+002 -5.898821e-008  3.381880e-008
 4.730000e+002 -1.143207e-008  2.339536e-008
 4.740000e+002  6.773957e-008 -7.505048e-008
 4.750000e+002  5.342967e-008  1.240593e-007
 4.760000e+002  4.310371e-009  4.924711e-008
 4.770000e+002 -5.897282e-008  2.130172e-009
 4.780000e+002  2.800358e-009 -3.483402e-009
 4.790000e+002  8.702062e-010  4.180860e-008
 4.800000e+002  5.314151e-009 -7.551777e-009
 4.810000e+002 -3.940128e-008  8.387021e-008
 4.820000e+002 -3.100370e-008  3.165072e-008
 4.830000e+002 -7.372213e-008  2.279128e-008
 4.840000e+002 -4.906877e-008  3.173334e-008
 4.850000e+002 -9.950852e-009  8.915076e-009
 4.860000e+002 -2.513567e-008  6.259076e-008
 4.870000e+002  3.602779e-008  8.499435e-008
 4.880000e+002  6.429105e-008  3.724425e-008
 4.890000e+002  2.785359e-008  5.539629e-009
 4.900000e+002 -4.328824e-009 -3.838875e-009
 4.910000e+002 -1.118818e-008  1.273218e-008
 4.920000e+002 -7.750352e-008  7.656482e-008
 4.930000e+002  7.386852e-008  5.804924e-008
 4.940000e+002 -2.471657e-008  9.416007e-009
 4.950000e+002 -1.848135e-008  3.582625e-011
 4.960000e+002 -4.401747e-008 -2.464920e-009
 4.970000e+002 -7.793319e-008 -8.390745e-009
 4.980000e+002 -9.832681e-008 -7.799026e-008
 4.990000e+002  1.909259e-009 -1.052739e-008
 5.000000e+002  5.593104e-009  4.634294e-008
 5.010000e+002 -6.732597e-008 -2.676337e-008
 5.020000e+002  1.919381e-008 -3.028277e-008
 5.030000e+002  3.444960e-008 -5.485247e-008
 5.040000e+002  1.483564e-007 -1.563990e-007
 5.050000e+002 -2.194941e-007  4.756517e-008
 5.060000e+002 -5.144830e-008  2.042206e-008
 5.070000e+002 -4.557564e-008 -2.299747e-008
 5.080000e+002 -9.091216e-008  1.922492e-009
 5.090000e+002 -7.841881e-008 -3.043344e-008
 5.100000e+002 -1.504855e-007 -1.057503e-007
 5.110000e+002 -3.591664e-008  6.538416e-009
 5.120000e+002 -4.912466e-008 -5.020431e-011
