 0.000000e+000 -2.986734e-007  0.000000e+000
 5.000000e-001 -3.951919e-006 -1.889630e-006
 1.000000e+000 -4.834261e-006 -1.407243e-006
 1.500000e+000 -5.471018e-006 -1.488237e-006
 2.000000e+000 -5.281378e-006 -9.846587e-007
 2.500000e+000 -5.651600e-006 -5.572035e-007
 3.000000e+000 -5.660426e-006 -1.018276e-006
 3.500000e+000 -5.492302e-006 -4.563360e-007
 4.000000e+000 -6.284891e-006 -1.678999e-007
 4.500000e+000 -5.629619e-006 -8.305179e-007
 5.000000e+000 -5.257554e-006 -2.847529e-007
 5.500000e+000 -5.724611e-006 -4.179279e-007
 6.000000e+000 -2.298072e-005 -1.189511e-006
 6.500000e+000 -6.420536e-006 -4.428849e-007
 7.000000e+000 -6.385083e-006 -9.781833e-007
 7.500000e+000 -6.448057e-006 -8.643599e-007
 8.000000e+000 -6.748034e-006 -6.375560e-007
 8.500000e+000 -6.476090e-006 -7.584742e-007
 9.000000e+000 -6.465368e-006 -7.543424e-007
 9.500000e+000 -7.008037e-006 -9.009070e-007
 1.000000e+001 -6.840648e-006 -5.411016e-007
 1.050000e+001 -7.853843e-006 -1.772337e-006
 1.100000e+001 -8.100958e-006 -1.908364e-006
 1.150000e+001 -8.559537e-006 -2.793266e-006
 1.200000e+001  9.680741e-006  3.353444e-005
 1.250000e+001 -7.198968e-006  6.441372e-007
 1.300000e+001 -7.034324e-006 -1.143373e-008
 1.350000e+001 -7.995987e-006 -3.798975e-007
 1.400000e+001 -8.229278e-006 -8.587234e-007
 1.450000e+001 -8.741062e-006 -9.001324e-007
 1.500000e+001 -9.345601e-006 -8.516337e-007
 1.550000e+001 -9.891149e-006 -7.886372e-007
 1.600000e+001 -1.042423e-005 -1.427301e-006
 1.650000e+001 -1.124106e-005 -1.194320e-006
 1.700000e+001 -1.221073e-005 -1.416839e-006
 1.750000e+001 -1.344945e-005 -1.991140e-006
 1.800000e+001 -4.679002e-005 -1.511511e-006
 1.850000e+001 -1.475632e-005 -1.898925e-006
 1.900000e+001 -1.723853e-005 -2.205565e-006
 1.950000e+001 -2.070133e-005 -2.796672e-006
 2.000000e+001 -2.473700e-005 -3.275416e-006
 2.050000e+001 -3.078935e-005 -4.017028e-006
 2.100000e+001 -4.229409e-005 -4.558622e-006
 2.150000e+001 -6.728513e-005 -5.881783e-006
 2.200000e+001 -1.752165e-004  1.229426e-005
 2.250000e+001  2.206786e-004  1.279646e-004
 2.300000e+001  7.173984e-005  2.191855e-005
 2.350000e+001  4.087804e-005  1.149561e-005
 2.400000e+001  2.933871e-005  7.647481e-006
 2.450000e+001  2.205806e-005  5.621766e-006
 2.500000e+001  1.759217e-005  3.972719e-006
 2.550000e+001  1.436688e-005  3.728521e-006
 2.600000e+001  1.224730e-005  3.215233e-006
 2.650000e+001  1.070745e-005  2.828076e-006
 2.700000e+001  9.512795e-006  2.498117e-006
 2.750000e+001  8.361248e-006  2.194491e-006
 2.800000e+001  7.593026e-006  1.921928e-006
 2.850000e+001  6.745301e-006  1.964156e-006
 2.900000e+001  6.265649e-006  1.850529e-006
 2.950000e+001  5.739886e-006  1.726971e-006
 3.000000e+001  5.568974e-006  8.316672e-007
 3.050000e+001  4.400171e-006  1.404568e-006
 3.100000e+001  4.247526e-006  1.183520e-006
 3.150000e+001  4.032741e-006  1.344020e-006
 3.200000e+001  3.635737e-006  1.151056e-006
 3.250000e+001  3.448325e-006  1.183908e-006
 3.300000e+001  3.184482e-006  1.036292e-006
 3.350000e+001  3.084620e-006  9.178551e-007
 3.400000e+001  2.836952e-006  9.486007e-007
 3.450000e+001  2.813883e-006  7.983356e-007
 3.500000e+001  2.737966e-006  6.710458e-007
 3.550000e+001  2.712496e-006  2.910087e-007
 3.600000e+001  1.810010e-006  3.347992e-006
 3.650000e+001  1.711599e-006  1.162908e-006
 3.700000e+001  1.860423e-006  1.024309e-006
 3.750000e+001  1.817806e-006  9.071331e-007
 3.800000e+001  1.640992e-006  9.260894e-007
 3.850000e+001  1.573993e-006  9.197049e-007
 3.900000e+001  1.451003e-006  7.948578e-007
 3.950000e+001  1.323842e-006  8.383059e-007
 4.000000e+001  1.269203e-006  7.508419e-007
 4.050000e+001  1.288454e-006  7.321114e-007
 4.100000e+001  1.098727e-006  7.683799e-007
 4.150000e+001  8.799571e-007  9.075361e-007
 4.200000e+001  2.238472e-006 -2.567959e-007
 4.250000e+001  1.183517e-006  4.528487e-007
 4.300000e+001  1.143850e-006  5.536635e-007
 4.350000e+001  9.780359e-007  5.759228e-007
 4.400000e+001  8.520933e-007  6.331136e-007
 4.450000e+001  9.234767e-007  6.021540e-007
 4.500000e+001  7.997655e-007  4.931608e-007
 4.550000e+001  7.142629e-007  5.767855e-007
 4.600000e+001  7.127437e-007  5.786953e-007
 4.650000e+001  6.139349e-007  4.578110e-007
 4.700000e+001  5.901494e-007  4.672129e-007
 4.750000e+001  6.311896e-007  4.637064e-007
 4.800000e+001  8.701606e-007  4.690120e-007
 4.850000e+001  4.763076e-007  4.500222e-007
 4.900000e+001  5.339367e-007  4.122245e-007
 4.950000e+001  4.088392e-007  3.190866e-007
 5.000000e+001  4.337976e-007  3.553322e-007
 5.050000e+001  5.055303e-007  4.460271e-007
 5.100000e+001  3.659906e-007  2.682314e-007
 5.150000e+001  3.444413e-007  3.743273e-007
 5.200000e+001  4.238053e-007  3.234329e-007
 5.250000e+001  4.435699e-007  3.371161e-007
 5.300000e+001  5.562606e-007  1.479034e-007
 5.350000e+001  1.049112e-006  2.100930e-007
 5.400000e+001  2.718648e-006 -3.069221e-006
 5.450000e+001 -6.615047e-007  6.944539e-007
 5.500000e+001 -3.035840e-007  6.119726e-007
 5.550000e+001 -1.907172e-007  5.232174e-007
 5.600000e+001 -2.144038e-007  4.264523e-007
 5.650000e+001 -2.209139e-007  4.230033e-007
 5.700000e+001 -1.184338e-007  5.012749e-007
 5.750000e+001 -1.189453e-007  4.349522e-007
 5.800000e+001 -1.659663e-007  2.971623e-007
 5.850000e+001 -6.190491e-008  3.822180e-007
 5.900000e+001 -4.835288e-008  4.333689e-007
 5.950000e+001  6.340606e-007  7.579482e-007
 6.000000e+001 -2.528813e-006 -8.576045e-007
 6.050000e+001 -9.013496e-007  2.314571e-007
 6.100000e+001 -6.846662e-007  2.106905e-007
 6.150000e+001 -6.964458e-007  2.847689e-007
 6.200000e+001 -6.334986e-007  2.836131e-007
 6.250000e+001 -5.911591e-007  2.842834e-007
 6.300000e+001 -6.252459e-007  3.276590e-007
 6.350000e+001 -6.759192e-007  2.110709e-007
 6.400000e+001 -6.990494e-007  3.185690e-007
 6.450000e+001 -7.195343e-007  4.344409e-007
 6.500000e+001 -8.531615e-007  3.932815e-007
 6.550000e+001 -9.725728e-007  1.084762e-006
 6.600000e+001 -1.340033e-006  5.240314e-007
 6.650000e+001 -9.705855e-007  3.871064e-008
 6.700000e+001 -9.133025e-007 -2.301514e-008
 6.750000e+001 -1.235261e-006 -3.589773e-007
 6.800000e+001 -1.220445e-006  1.544428e-007
 6.850000e+001 -1.203544e-006 -8.781792e-010
 6.900000e+001 -1.549946e-006  1.153667e-007
 6.950000e+001 -1.589177e-006  5.178644e-008
 7.000000e+001 -1.716151e-006  2.767756e-007
 7.050000e+001 -1.824447e-006  3.254467e-007
 7.100000e+001 -2.012115e-006  4.081361e-007
 7.150000e+001 -1.399350e-006 -1.897269e-007
 7.200000e+001 -1.524781e-006  4.119771e-007
 7.250000e+001 -2.518982e-006  1.160594e-006
 7.300000e+001 -2.223767e-006  8.898578e-007
 7.350000e+001 -2.186182e-006  7.351155e-007
 7.400000e+001 -2.495508e-006  5.623814e-007
 7.450000e+001 -2.719738e-006  4.869789e-007
 7.500000e+001 -3.095695e-006  6.843930e-007
 7.550000e+001 -3.571538e-006  5.441632e-007
 7.600000e+001 -4.328935e-006  5.416211e-007
 7.650000e+001 -5.140639e-006  1.041236e-006
 7.700000e+001 -5.836975e-006  1.108606e-006
 7.750000e+001 -8.189297e-006  1.755275e-006
 7.800000e+001 -1.082897e-005  4.076493e-006
 7.850000e+001 -1.754756e-005  1.111545e-005
 7.900000e+001 -1.590005e-005  3.799690e-005
 7.950000e+001  2.498722e-005  1.636694e-005
 8.000000e+001  1.450901e-005  2.990837e-006
 8.050000e+001  9.275886e-006  1.244876e-006
 8.100000e+001  6.909396e-006  4.959337e-007
 8.150000e+001  5.343333e-006  3.793711e-007
 8.200000e+001  4.545375e-006  4.716230e-007
 8.250000e+001  3.792296e-006  3.511656e-007
 8.300000e+001  2.889767e-006 -4.001502e-008
 8.350000e+001  2.675573e-006  8.798103e-007
 8.400000e+001  3.112161e-006 -5.278372e-008
 8.450000e+001  2.773961e-006  1.965426e-007
 8.500000e+001  2.481558e-006  1.750287e-008
 8.550000e+001  2.121799e-006  1.019226e-007
 8.600000e+001  2.156388e-006  8.314149e-008
 8.650000e+001  2.023684e-006  5.926217e-008
 8.700000e+001  1.912580e-006  1.426704e-007
 8.750000e+001  1.565380e-006  7.000029e-008
 8.800000e+001  1.609948e-006 -4.637948e-008
 8.850000e+001  1.574639e-006  2.877797e-007
 8.900000e+001  1.507987e-006  1.585820e-007
 8.950000e+001  1.921056e-006  5.564333e-007
 9.000000e+001  1.002635e-006  1.285579e-007
 9.050000e+001  9.744910e-007 -2.342299e-007
 9.100000e+001  1.053485e-006  1.230136e-009
 9.150000e+001  1.087911e-006  4.008984e-008
 9.200000e+001  9.946445e-007  7.820369e-008
 9.250000e+001  9.793755e-007  1.019071e-008
 9.300000e+001  1.022319e-006  4.835045e-008
 9.350000e+001  9.428056e-007  2.765130e-008
 9.400000e+001  8.232852e-007  2.038817e-008
 9.450000e+001  7.619092e-007  1.780727e-007
 9.500000e+001  6.113065e-007  1.040394e-007
 9.550000e+001  3.517556e-007  6.135382e-007
 9.600000e+001  8.231093e-007 -5.964418e-007
 9.650000e+001  7.460214e-007 -2.881425e-007
 9.700000e+001  7.991023e-007 -7.068080e-009
 9.750000e+001  6.574153e-007 -1.383220e-007
 9.800000e+001  6.585725e-007 -1.081041e-007
 9.850000e+001  6.766451e-007 -1.580696e-007
 9.900000e+001  4.786192e-007 -1.347321e-007
 9.950000e+001  6.486984e-007  1.891272e-010
 1.000000e+002  4.651077e-007 -9.108178e-008
 1.005000e+002  6.047616e-007  3.191593e-008
 1.010000e+002  6.698532e-007  1.202538e-007
 1.015000e+002  1.265947e-006  6.570938e-008
 1.020000e+002  1.491166e-007 -2.968164e-007
 1.025000e+002  4.952537e-007  2.153541e-008
 1.030000e+002  3.948972e-007 -4.094090e-008
 1.035000e+002  3.826487e-007  1.204915e-007
 1.040000e+002  4.382641e-007  2.382904e-007
 1.045000e+002  4.869120e-007  1.261301e-007
 1.050000e+002  5.620982e-007  6.782621e-008
 1.055000e+002  6.316426e-007  1.907255e-007
 1.060000e+002  5.361108e-007  1.173740e-007
 1.065000e+002  5.210625e-007  9.702281e-008
 1.070000e+002  4.118718e-007  9.953239e-008
 1.075000e+002  4.362895e-007  5.842806e-008
 1.080000e+002  6.885755e-008 -4.651565e-007
 1.085000e+002  6.898173e-007  1.431398e-007
 1.090000e+002  5.689104e-007  5.624303e-008
 1.095000e+002  6.870775e-007  6.767652e-008
 1.100000e+002  5.362867e-007  7.138101e-008
 1.105000e+002  5.703190e-007 -8.836664e-008
 1.110000e+002  5.623293e-007 -1.458303e-007
 1.115000e+002  3.818641e-007 -7.447972e-008
 1.120000e+002  3.995585e-007 -8.165730e-008
 1.125000e+002  3.964108e-007 -1.340318e-007
 1.130000e+002  5.433236e-007 -1.258051e-008
 1.135000e+002  1.086783e-007 -3.917622e-008
 1.140000e+002  7.938048e-008  2.590207e-007
 1.145000e+002  1.033488e-006 -2.247895e-007
 1.150000e+002  4.602273e-007 -7.037467e-008
 1.155000e+002  5.855613e-007  5.847740e-009
 1.160000e+002  4.568098e-007  1.029817e-007
 1.165000e+002  3.972560e-007 -2.841506e-008
 1.170000e+002  3.568566e-007 -1.574610e-008
 1.175000e+002  5.612879e-007  3.650307e-008
 1.180000e+002  4.846135e-007  8.076368e-008
 1.185000e+002  5.108625e-007 -1.389914e-007
 1.190000e+002  3.962982e-007  1.490530e-008
 1.195000e+002  4.199482e-007  1.083981e-007
 1.200000e+002  4.070710e-007  2.226244e-007
 1.205000e+002  4.450121e-007  7.290613e-009
 1.210000e+002  2.909872e-007  6.014454e-008
 1.215000e+002  3.324106e-007 -1.586204e-008
 1.220000e+002  3.902292e-007 -1.564583e-008
 1.225000e+002  4.343650e-007  1.746204e-008
 1.230000e+002  3.545034e-007  1.639227e-009
 1.235000e+002  4.488805e-007 -1.234346e-007
 1.240000e+002  3.150330e-007 -1.810498e-008
 1.245000e+002  3.507512e-007 -1.047878e-007
 1.250000e+002  2.240711e-007  1.932578e-007
 1.255000e+002  5.099199e-007 -9.485320e-008
 1.260000e+002  2.795338e-007  1.146962e-006
 1.265000e+002  4.279649e-007 -3.107282e-007
 1.270000e+002  4.336704e-007 -8.765346e-008
 1.275000e+002  2.723636e-007  1.415867e-008
 1.280000e+002  3.410186e-007 -1.757009e-007
 1.285000e+002  3.167452e-007  1.025879e-008
 1.290000e+002  2.752921e-007 -1.600249e-007
 1.295000e+002  3.993219e-007 -3.095603e-008
 1.300000e+002  2.912274e-007  3.411785e-008
 1.305000e+002  3.545797e-007 -8.951812e-008
 1.310000e+002  5.167126e-007  3.607088e-009
 1.315000e+002  5.366447e-007 -6.059302e-008
 1.320000e+002  1.725115e-007  1.437976e-007
 1.325000e+002  2.180231e-007 -9.557272e-008
 1.330000e+002  3.536838e-007 -1.039730e-007
 1.335000e+002  1.857857e-007 -1.698517e-007
 1.340000e+002  3.195778e-007 -1.456329e-007
 1.345000e+002  3.018232e-007 -1.063997e-007
 1.350000e+002  1.722402e-007 -7.006127e-008
 1.355000e+002  1.003919e-007 -9.450624e-008
 1.360000e+002  2.566533e-007 -2.536516e-008
 1.365000e+002  3.618486e-007 -9.465172e-008
 1.370000e+002  1.147378e-007  8.627070e-008
 1.375000e+002  3.503682e-007 -2.492998e-007
 1.380000e+002  4.950536e-008 -3.013164e-007
 1.385000e+002  3.431256e-007  6.616727e-008
 1.390000e+002  3.750072e-007 -1.511388e-007
 1.395000e+002  4.046320e-007 -1.959455e-008
 1.400000e+002  3.136132e-007 -1.633698e-007
 1.405000e+002  3.951310e-007 -4.694103e-008
 1.410000e+002  2.510743e-007 -1.505554e-007
 1.415000e+002  3.778935e-007 -6.929085e-008
 1.420000e+002  3.816003e-007 -1.369846e-007
 1.425000e+002  3.932072e-007 -1.376402e-007
 1.430000e+002  2.885894e-007  8.961893e-010
 1.435000e+002  1.997132e-007 -1.324428e-007
 1.440000e+002  1.601457e-007  2.512363e-007
 1.445000e+002  4.081439e-007 -1.513867e-007
 1.450000e+002  2.309148e-007 -8.329669e-008
 1.455000e+002  2.667393e-007 -1.202348e-007
 1.460000e+002  1.831695e-007  1.404501e-008
 1.465000e+002  3.444900e-007 -1.444180e-007
 1.470000e+002  3.110838e-007 -7.016906e-008
 1.475000e+002  4.028649e-007 -6.250827e-008
 1.480000e+002  2.795181e-007 -1.074028e-007
 1.485000e+002  3.586560e-007 -1.141634e-007
 1.490000e+002  3.376042e-007 -6.717169e-008
 1.495000e+002  3.857311e-007 -2.944017e-007
 1.500000e+002 -1.947996e-007 -5.155027e-007
 1.505000e+002 -5.334537e-008  3.602565e-008
 1.510000e+002  4.235293e-008  1.310242e-007
 1.515000e+002  3.524956e-007 -6.649640e-008
 1.520000e+002  1.427438e-007 -4.547264e-008
 1.525000e+002  9.159278e-008  3.658056e-008
 1.530000e+002  3.144657e-007  1.399750e-007
 1.535000e+002  2.911755e-007 -8.683439e-008
 1.540000e+002  2.097601e-007 -8.434697e-009
 1.545000e+002  1.044502e-007 -4.464269e-008
 1.550000e+002  1.488155e-007 -3.016883e-008
 1.555000e+002  1.348313e-007  4.111406e-008
 1.560000e+002  2.000586e-007  7.836209e-009
 1.565000e+002  1.255948e-007 -5.795646e-008
 1.570000e+002  4.719720e-008 -2.195884e-007
 1.575000e+002  3.520423e-007 -4.557054e-008
 1.580000e+002  1.106738e-007  8.488337e-008
 1.585000e+002  3.027460e-007 -1.402076e-007
 1.590000e+002  3.332700e-007 -4.452764e-008
 1.595000e+002  1.510050e-007 -5.229860e-008
 1.600000e+002  2.278647e-007 -3.621860e-008
 1.605000e+002  1.593597e-007  2.595036e-008
 1.610000e+002  9.093702e-008  1.044002e-008
 1.615000e+002 -1.022629e-008 -1.291242e-009
 1.620000e+002 -6.170205e-007  4.578060e-007
 1.625000e+002  8.063520e-007 -2.595323e-007
 1.630000e+002  3.589371e-007 -2.950961e-007
 1.635000e+002  5.430546e-007 -1.936314e-007
 1.640000e+002  1.350380e-007 -2.745630e-007
 1.645000e+002  3.758464e-007 -7.883698e-008
 1.650000e+002  2.336606e-007 -8.632860e-008
 1.655000e+002  2.611676e-007 -8.376336e-008
 1.660000e+002  3.182271e-007  2.054555e-008
 1.665000e+002  4.325160e-007 -8.417114e-008
 1.670000e+002  2.980912e-007  1.841786e-007
 1.675000e+002  3.650186e-007 -1.055209e-007
 1.680000e+002  1.159299e-007 -1.767662e-007
 1.685000e+002  2.781192e-007 -7.526708e-008
 1.690000e+002  3.638366e-007 -1.536554e-007
 1.695000e+002  4.555507e-007 -7.123353e-008
 1.700000e+002  2.433848e-007 -1.114660e-007
 1.705000e+002  1.488748e-007 -2.099199e-007
 1.710000e+002  2.556352e-007 -2.094407e-007
 1.715000e+002  1.289714e-007 -4.617420e-008
 1.720000e+002  2.363637e-007  1.024539e-007
 1.725000e+002  2.876107e-007  4.211465e-008
 1.730000e+002  2.025802e-007  5.575789e-008
 1.735000e+002  4.891266e-007 -6.930549e-008
 1.740000e+002  2.815968e-007  7.627129e-007
 1.745000e+002  3.828688e-007 -1.171834e-007
 1.750000e+002  3.629442e-007 -7.921733e-008
 1.755000e+002  1.619555e-007  3.400568e-008
 1.760000e+002  2.634154e-007 -1.958251e-007
 1.765000e+002  5.986978e-008 -1.098216e-007
 1.770000e+002  1.650333e-007 -1.840312e-007
 1.775000e+002  3.897211e-007 -1.527414e-007
 1.780000e+002  1.936725e-007 -2.709965e-008
 1.785000e+002  3.159359e-007 -5.680361e-008
 1.790000e+002  6.731854e-008 -1.762928e-008
 1.795000e+002  3.799920e-007 -1.478790e-007
 1.800000e+002  3.897820e-007 -1.063433e-007
 1.805000e+002  5.428877e-008  1.705117e-009
 1.810000e+002 -3.939905e-009  6.689717e-009
 1.815000e+002  2.286525e-007 -5.210930e-008
 1.820000e+002  2.868079e-007 -1.789770e-007
 1.825000e+002  1.252555e-007  2.145883e-008
 1.830000e+002  3.397090e-007 -5.598004e-008
 1.835000e+002  1.303137e-007 -2.627998e-007
 1.840000e+002  1.981812e-007  1.021422e-007
 1.845000e+002  3.665627e-007 -2.282096e-008
 1.850000e+002  2.401315e-007 -2.819628e-008
 1.855000e+002  1.258094e-007 -2.369010e-007
 1.860000e+002 -2.987245e-011 -6.756014e-008
 1.865000e+002  3.183798e-007 -9.679291e-008
 1.870000e+002  2.159383e-007 -1.145656e-007
 1.875000e+002  3.828632e-007 -6.263620e-008
 1.880000e+002  2.501935e-007 -1.373946e-008
 1.885000e+002  2.486215e-007 -1.797909e-007
 1.890000e+002  1.424576e-007  9.396834e-008
 1.895000e+002  7.568143e-008 -9.454402e-008
 1.900000e+002  2.283731e-007 -1.140938e-007
 1.905000e+002  3.810833e-007  7.677883e-008
 1.910000e+002  3.501027e-007 -4.504813e-008
 1.915000e+002  3.016984e-007  1.740924e-007
 1.920000e+002  9.486464e-008 -7.532500e-008
 1.925000e+002  2.478796e-007 -9.440207e-008
 1.930000e+002  3.881051e-007  1.136181e-007
 1.935000e+002  3.414535e-007  2.603941e-008
 1.940000e+002  3.540323e-007 -4.036987e-008
 1.945000e+002  3.843189e-007 -9.128591e-009
 1.950000e+002  2.988393e-007  5.663219e-009
 1.955000e+002  2.834909e-007  5.355751e-008
 1.960000e+002  3.224621e-007  1.600390e-007
 1.965000e+002  3.933170e-007  2.716642e-007
 1.970000e+002  4.867142e-007  8.837852e-008
 1.975000e+002  7.880676e-007  2.787956e-007
 1.980000e+002  2.028149e-006  1.103099e-006
 1.985000e+002 -1.299681e-006 -8.815495e-007
 1.990000e+002 -4.491228e-007 -4.994335e-007
 1.995000e+002 -7.638593e-008 -2.380717e-007
 2.000000e+002  1.052991e-008 -1.753536e-007
 2.005000e+002 -7.141285e-008 -2.177029e-007
 2.010000e+002 -1.723301e-008  2.068394e-009
 2.015000e+002 -1.462856e-008 -9.304862e-008
 2.020000e+002  9.066334e-008 -1.621540e-009
 2.025000e+002 -1.652805e-007 -8.059828e-008
 2.030000e+002  6.861833e-008 -4.622123e-008
 2.035000e+002  2.027549e-007  6.162328e-008
 2.040000e+002  3.365504e-007  2.552911e-008
 2.045000e+002 -7.254298e-008 -2.777215e-007
 2.050000e+002  2.110640e-007 -7.828283e-008
 2.055000e+002  2.150244e-007  5.017321e-008
 2.060000e+002  2.479302e-007  2.788275e-008
 2.065000e+002  2.661039e-007 -8.290671e-008
 2.070000e+002  2.895104e-008 -1.498027e-007
 2.075000e+002  7.523817e-008 -5.361143e-009
 2.080000e+002  1.117502e-007 -1.384194e-008
 2.085000e+002 -3.385134e-008 -4.261312e-008
 2.090000e+002  2.260028e-007 -2.139527e-007
 2.095000e+002  2.911273e-008 -1.574978e-007
 2.100000e+002 -3.766731e-007  3.675551e-007
 2.105000e+002  1.078162e-007 -9.641334e-008
 2.110000e+002 -4.670119e-008  1.699170e-008
 2.115000e+002  2.520697e-007 -7.057749e-008
 2.120000e+002 -2.525721e-008  4.618112e-008
 2.125000e+002  2.095037e-007  1.446450e-008
 2.130000e+002  2.337387e-007 -1.484287e-007
 2.135000e+002  2.006910e-007 -7.602626e-008
 2.140000e+002  9.935684e-008 -9.830180e-008
 2.145000e+002  8.481564e-008 -1.669138e-007
 2.150000e+002  3.910653e-008  7.980330e-008
 2.155000e+002  1.591575e-007  5.710142e-008
 2.160000e+002  1.490659e-007  6.679190e-008
 2.165000e+002  2.048866e-007  1.609015e-007
 2.170000e+002  2.179751e-007 -1.087522e-008
 2.175000e+002  1.172809e-007  1.176283e-007
 2.180000e+002  1.516560e-007  7.057893e-008
 2.185000e+002  1.611471e-007 -1.238924e-007
 2.190000e+002 -3.113251e-008  1.682935e-008
 2.195000e+002  1.788097e-007  2.773392e-008
 2.200000e+002  1.057142e-007 -1.284169e-007
 2.205000e+002  1.783037e-007 -1.424146e-007
 2.210000e+002  3.564847e-008  1.026654e-008
 2.215000e+002  1.080541e-008 -2.961147e-007
 2.220000e+002  6.103388e-008 -2.333744e-007
 2.225000e+002  1.574466e-007 -3.154145e-008
 2.230000e+002 -3.914234e-008  1.467404e-008
 2.235000e+002  7.849864e-008  5.352537e-008
 2.240000e+002  1.134271e-007 -2.741466e-008
 2.245000e+002  8.458599e-008  9.456513e-008
 2.250000e+002  2.617816e-007 -3.629052e-008
 2.255000e+002  2.413491e-007  9.822578e-008
 2.260000e+002  1.819325e-007  1.648877e-007
 2.265000e+002  2.947462e-007  1.076123e-007
 2.270000e+002  3.065562e-008  5.353331e-008
 2.275000e+002  2.130016e-007  6.048109e-008
 2.280000e+002  2.185679e-007 -1.595336e-008
 2.285000e+002  7.474458e-008  4.415099e-008
 2.290000e+002 -3.586834e-008  1.267960e-007
 2.295000e+002  1.548823e-007 -6.151690e-008
 2.300000e+002  1.575751e-008  9.864676e-008
 2.305000e+002  8.190263e-008  7.811750e-008
 2.310000e+002  1.408467e-007  1.587586e-007
 2.315000e+002 -6.597688e-008 -1.563060e-007
 2.320000e+002  1.463660e-007  9.673395e-008
 2.325000e+002  7.001868e-008  1.938785e-007
 2.330000e+002  2.196515e-007  7.523415e-008
 2.335000e+002  8.549684e-008  1.879897e-007
 2.340000e+002  3.350522e-008  2.856957e-007
 2.345000e+002  1.930832e-007 -1.896625e-007
 2.350000e+002  2.217731e-008 -1.755801e-007
 2.355000e+002 -6.400629e-009 -6.779994e-008
 2.360000e+002 -1.870822e-007 -1.301904e-007
 2.365000e+002  1.615166e-008 -3.264349e-008
 2.370000e+002  5.182155e-008 -1.272211e-007
 2.375000e+002  2.196845e-008 -3.071062e-008
 2.380000e+002  6.676979e-009  1.398785e-007
 2.385000e+002  6.164822e-008  5.353919e-008
 2.390000e+002 -3.628512e-008  2.806419e-007
 2.395000e+002 -4.890868e-009  2.300722e-007
 2.400000e+002 -2.075000e-007  5.034321e-007
 2.405000e+002 -9.945506e-010  2.033238e-007
 2.410000e+002  2.115678e-008  3.796827e-007
 2.415000e+002  2.354317e-007  3.433397e-007
 2.420000e+002  3.265430e-007  2.819633e-007
 2.425000e+002  4.679040e-007  2.484580e-007
 2.430000e+002  4.323885e-007 -1.807986e-008
 2.435000e+002  5.158197e-007  8.308114e-008
 2.440000e+002  3.597659e-007  8.280650e-008
 2.445000e+002  1.506874e-007  2.669938e-008
 2.450000e+002  2.740844e-007  5.523247e-008
 2.455000e+002  5.460942e-007  7.980574e-008
 2.460000e+002  5.902530e-007  1.299463e-007
 2.465000e+002  1.500141e-007 -2.393053e-007
 2.470000e+002  1.952760e-008 -1.156504e-007
 2.475000e+002  5.268929e-008 -1.928856e-007
 2.480000e+002  1.424831e-007 -3.868765e-008
 2.485000e+002  3.283331e-007  1.405992e-008
 2.490000e+002  2.566218e-007 -2.488525e-007
 2.495000e+002  3.351188e-007 -8.869365e-008
 2.500000e+002  1.911636e-007 -1.053682e-007
 2.505000e+002  2.650164e-007 -3.851503e-009
 2.510000e+002  2.391091e-007 -6.989279e-008
 2.515000e+002  2.231439e-007 -1.100973e-007
 2.520000e+002  2.217770e-007 -2.930308e-007
 2.525000e+002  2.827147e-007  4.297751e-007
 2.530000e+002  3.197336e-007  1.734957e-007
 2.535000e+002  2.023465e-007  1.249181e-007
 2.540000e+002  1.364585e-007 -1.919358e-008
 2.545000e+002  1.613666e-007  1.431594e-007
 2.550000e+002  5.096273e-008 -5.206841e-008
 2.555000e+002  1.018676e-007 -1.057365e-007
 2.560000e+002  1.804029e-007 -3.867157e-008
 2.565000e+002  2.321944e-007  1.375439e-007
 2.570000e+002  8.981964e-008  1.161894e-008
 2.575000e+002  3.190728e-009 -7.588242e-008
 2.580000e+002  1.256922e-007  1.141525e-007
 2.585000e+002  5.252532e-007 -2.870486e-007
 2.590000e+002  3.017016e-007 -1.973562e-007
 2.595000e+002  1.857178e-007  7.923202e-008
 2.600000e+002  1.364305e-007 -8.929085e-008
 2.605000e+002  2.574064e-007  5.348935e-008
 2.610000e+002  1.583564e-007  1.267615e-007
 2.615000e+002  1.812503e-007 -6.614421e-009
 2.620000e+002  1.326786e-007 -1.139661e-007
 2.625000e+002  2.682044e-007 -2.975299e-007
 2.630000e+002  9.196389e-008 -6.075966e-008
 2.635000e+002  1.069755e-007 -6.475532e-008
 2.640000e+002  1.188222e-007 -6.150002e-008
 2.645000e+002  2.807559e-007  7.444852e-008
 2.650000e+002  1.509708e-007  3.833163e-008
 2.655000e+002  3.357311e-007 -1.182459e-008
 2.660000e+002  1.369666e-007  1.219614e-007
 2.665000e+002  2.523569e-007 -4.614375e-008
 2.670000e+002  2.812963e-007  5.661931e-008
 2.675000e+002  1.704950e-007  3.299696e-008
 2.680000e+002  2.667062e-007  4.535915e-008
 2.685000e+002  3.741962e-007  2.187634e-007
 2.690000e+002  3.907580e-007 -2.591204e-008
 2.695000e+002  5.825426e-007 -3.351868e-008
 2.700000e+002  1.227054e-006  2.269400e-007
 2.705000e+002 -1.514604e-006 -5.449598e-007
 2.710000e+002 -3.492667e-007  1.237451e-008
 2.715000e+002 -1.263447e-007 -6.319623e-008
 2.720000e+002  7.307663e-010  2.398423e-009
 2.725000e+002 -1.205567e-007 -2.941542e-008
 2.730000e+002 -8.347943e-008  5.424369e-008
 2.735000e+002  1.709387e-007  1.366749e-010
 2.740000e+002 -2.627347e-008 -2.205953e-007
 2.745000e+002  1.835701e-008 -7.317840e-008
 2.750000e+002  4.857237e-008 -1.091016e-007
 2.755000e+002 -1.336044e-008 -1.206605e-007
 2.760000e+002  1.235434e-008 -3.257434e-010
 2.765000e+002  1.379038e-007  7.600218e-008
 2.770000e+002 -3.281633e-009  3.689496e-008
 2.775000e+002  2.458432e-007 -4.401019e-008
 2.780000e+002  1.642663e-007  4.479244e-008
 2.785000e+002  2.304458e-007  9.300256e-008
 2.790000e+002 -4.207659e-008  6.757426e-008
 2.795000e+002  9.365240e-008 -1.106676e-008
 2.800000e+002  3.385205e-008 -4.385285e-008
 2.805000e+002 -5.459667e-008 -3.141794e-008
 2.810000e+002 -6.212360e-008 -1.153973e-007
 2.815000e+002 -2.914937e-007 -1.307404e-007
 2.820000e+002 -9.530626e-007 -4.516575e-007
 2.825000e+002  8.470381e-007  3.006529e-007
 2.830000e+002  3.199835e-007  8.893564e-008
 2.835000e+002  2.794073e-007 -2.527039e-008
 2.840000e+002  1.083122e-007  2.247775e-008
 2.845000e+002  9.622307e-008 -1.525083e-007
 2.850000e+002 -4.421748e-009  1.052829e-007
 2.855000e+002  1.335178e-007 -1.012323e-007
 2.860000e+002  2.170737e-007  1.305704e-007
 2.865000e+002  1.197593e-007 -5.580434e-009
 2.870000e+002  1.346928e-007  1.529279e-008
 2.875000e+002  4.205776e-007  4.674025e-007
 2.880000e+002  3.333522e-007  2.311868e-007
 2.885000e+002  3.075306e-007 -2.663503e-007
 2.890000e+002  9.017106e-008 -4.812102e-008
 2.895000e+002  4.300835e-008 -1.591232e-008
 2.900000e+002  2.098827e-007 -8.526384e-008
 2.905000e+002  1.121219e-008 -6.093911e-008
 2.910000e+002  1.623969e-007  3.328317e-008
 2.915000e+002  7.809827e-008  4.104674e-008
 2.920000e+002  1.206249e-007  9.907101e-009
 2.925000e+002  1.071578e-007  1.807289e-007
 2.930000e+002  2.317742e-007 -1.508318e-007
 2.935000e+002 -5.784954e-010 -2.121490e-008
 2.940000e+002  1.000678e-006  1.586558e-007
 2.945000e+002  6.903543e-008 -4.052428e-007
 2.950000e+002  2.070756e-007 -1.478397e-007
 2.955000e+002  5.895558e-008  1.438506e-007
 2.960000e+002  2.057603e-007 -1.343407e-007
 2.965000e+002  1.742118e-007 -2.573353e-008
 2.970000e+002 -2.799277e-007 -4.044679e-007
 2.975000e+002  3.170578e-007  1.968233e-008
 2.980000e+002  1.924894e-007  7.756162e-008
 2.985000e+002  1.291842e-007  1.186258e-007
 2.990000e+002  7.350495e-008 -1.791672e-007
 2.995000e+002 -2.051576e-007  2.500616e-008
 3.000000e+002  5.076665e-008 -2.440197e-007
 3.005000e+002 -1.187581e-007 -1.703394e-008
 3.010000e+002  2.329390e-007 -9.777289e-008
 3.015000e+002  1.561550e-007  4.674032e-009
 3.020000e+002  2.955768e-007 -7.848455e-008
 3.025000e+002 -7.689913e-008 -4.168552e-008
 3.030000e+002 -4.104674e-008 -1.513163e-007
 3.035000e+002  1.104299e-007  2.544522e-008
 3.040000e+002  5.198875e-008 -1.272742e-007
 3.045000e+002  5.039055e-008 -3.635092e-008
 3.050000e+002  7.897493e-008 -9.207118e-008
 3.055000e+002  2.575380e-008 -8.364846e-008
 3.060000e+002 -7.106141e-008 -2.233859e-008
 3.065000e+002  2.643772e-007  5.329210e-008
 3.070000e+002  1.327431e-007 -5.323789e-008
 3.075000e+002  1.346958e-007 -2.190300e-009
 3.080000e+002  1.211635e-007 -1.024741e-007
 3.085000e+002 -1.406715e-008 -1.440153e-007
 3.090000e+002  1.609435e-007 -1.568195e-007
 3.095000e+002  1.048742e-007 -8.174337e-008
 3.100000e+002  2.169204e-007 -3.181129e-009
 3.105000e+002  2.131886e-007 -9.237544e-008
 3.110000e+002  1.427484e-007 -6.187086e-008
 3.115000e+002  1.215741e-007 -9.990764e-008
 3.120000e+002  1.390317e-007 -7.792836e-008
 3.125000e+002  1.467503e-007 -3.700445e-009
 3.130000e+002  4.754832e-008 -1.596435e-007
 3.135000e+002  1.011819e-007 -3.986314e-008
 3.140000e+002  1.193990e-007 -1.984546e-007
 3.145000e+002  4.329526e-008 -1.011195e-007
 3.150000e+002  6.619824e-008  1.055300e-007
 3.155000e+002  1.473005e-007 -1.005307e-007
 3.160000e+002  1.785198e-007 -9.180326e-008
 3.165000e+002  2.763233e-008 -1.008859e-007
 3.170000e+002  1.700491e-007 -1.539715e-008
 3.175000e+002  2.131695e-007 -1.576204e-007
 3.180000e+002  3.761473e-007  5.427839e-008
 3.185000e+002 -2.697199e-007 -2.405264e-007
 3.190000e+002  6.516931e-008  1.247908e-008
 3.195000e+002  1.198463e-007 -1.746246e-007
 3.200000e+002  6.606170e-008 -6.012611e-008
 3.205000e+002 -1.816542e-008  7.574266e-008
 3.210000e+002  1.871425e-007  6.755489e-009
 3.215000e+002  3.237568e-008  7.468841e-008
 3.220000e+002  5.386103e-009  1.627660e-008
 3.225000e+002  3.145387e-008 -1.832415e-007
 3.230000e+002  3.078910e-007 -9.182130e-008
 3.235000e+002  2.543784e-007  2.291879e-007
 3.240000e+002 -6.229294e-008 -4.888825e-007
 3.245000e+002  2.816383e-007  8.921168e-007
 3.250000e+002  2.947612e-007  2.682880e-007
 3.255000e+002  4.781125e-008  1.766481e-007
 3.260000e+002  1.996924e-007 -1.087672e-007
 3.265000e+002  4.554299e-008 -1.086948e-007
 3.270000e+002  3.312290e-007 -7.731210e-008
 3.275000e+002  2.719027e-007 -3.423022e-007
 3.280000e+002  2.531278e-007  1.423737e-007
 3.285000e+002 -4.700324e-009 -2.442830e-007
 3.290000e+002  5.386075e-007  1.340417e-008
 3.295000e+002  3.612903e-007 -3.279175e-007
 3.300000e+002 -4.069964e-007 -3.725528e-007
 3.305000e+002 -1.142486e-006 -2.441769e-007
 3.310000e+002 -8.096121e-008 -4.577483e-008
 3.315000e+002  2.613889e-007 -7.962124e-008
 3.320000e+002  1.177612e-007 -1.554624e-008
 3.325000e+002  4.701057e-008 -1.456883e-007
 3.330000e+002  7.479860e-008 -7.062021e-008
 3.335000e+002 -3.185405e-008 -1.198026e-007
 3.340000e+002 -3.151378e-009 -1.839446e-007
 3.345000e+002  3.893297e-007 -3.503299e-007
 3.350000e+002 -2.175861e-007 -1.343877e-007
 3.355000e+002 -7.030936e-008  3.335898e-007
 3.360000e+002 -1.576291e-007 -3.509939e-007
 3.365000e+002 -1.343894e-007 -2.051540e-007
 3.370000e+002  5.085627e-008 -2.454873e-007
 3.375000e+002 -5.742157e-008 -5.673239e-008
 3.380000e+002 -1.963090e-008 -1.286398e-007
 3.385000e+002 -1.274808e-007 -2.749576e-008
 3.390000e+002 -8.935895e-009 -3.364248e-007
 3.395000e+002  5.950330e-008 -5.197844e-008
 3.400000e+002  4.619773e-008 -2.120559e-007
 3.405000e+002 -4.965545e-008 -1.903123e-007
 3.410000e+002 -2.292416e-008 -1.469577e-007
 3.415000e+002  2.420395e-007  5.838359e-008
 3.420000e+002  1.312492e-007  4.812553e-007
 3.425000e+002 -1.006187e-006 -1.007725e-006
 3.430000e+002 -4.713652e-007 -2.670143e-007
 3.435000e+002 -1.360674e-007 -3.680830e-007
 3.440000e+002 -1.797290e-007 -3.067440e-007
 3.445000e+002 -2.155730e-007  9.841788e-009
 3.450000e+002 -1.210213e-007 -1.778276e-007
 3.455000e+002 -2.004374e-007 -1.209058e-007
 3.460000e+002 -1.418618e-007 -1.726282e-007
 3.465000e+002 -9.025426e-008 -8.176668e-008
 3.470000e+002 -1.075341e-007 -4.798984e-008
 3.475000e+002 -1.131859e-007 -1.004543e-007
 3.480000e+002 -1.588636e-007 -6.956327e-008
 3.485000e+002 -1.817299e-007 -9.293063e-008
 3.490000e+002 -2.510967e-007 -2.610714e-008
 3.495000e+002 -1.543077e-007 -1.118781e-007
 3.500000e+002 -1.096260e-007 -1.137578e-007
 3.505000e+002 -2.901118e-007 -8.635929e-008
 3.510000e+002  1.193146e-007 -3.682629e-008
 3.515000e+002  8.300239e-008 -9.056279e-008
 3.520000e+002 -4.333131e-008  5.613836e-008
 3.525000e+002 -1.676632e-007 -3.323195e-008
 3.530000e+002 -1.079738e-007 -4.485205e-008
 3.535000e+002 -4.233804e-008 -2.151826e-007
 3.540000e+002 -6.024076e-008 -1.553197e-007
 3.545000e+002  1.830594e-007  2.084453e-008
 3.550000e+002 -1.234486e-007  4.087590e-008
 3.555000e+002 -1.645587e-007  1.529616e-008
 3.560000e+002 -4.851088e-008 -4.129734e-008
 3.565000e+002 -8.282867e-008 -8.245807e-008
 3.570000e+002 -1.588215e-007  1.032018e-007
 3.575000e+002 -2.590826e-007 -7.681012e-008
 3.580000e+002 -3.008558e-007  6.258514e-009
 3.585000e+002 -2.869415e-007  5.155704e-008
 3.590000e+002 -1.152109e-007  8.266965e-009
 3.595000e+002 -2.994030e-007 -6.070976e-008
 3.600000e+002 -6.855763e-007 -1.637679e-007
 3.605000e+002  1.264877e-006 -2.384923e-007
 3.610000e+002  2.116489e-007  9.573263e-010
 3.615000e+002  7.845092e-008 -4.359407e-008
 3.620000e+002  4.136984e-008 -1.198846e-007
 3.625000e+002  1.193014e-007 -4.972414e-008
 3.630000e+002  6.565599e-008 -6.397237e-008
 3.635000e+002  3.416797e-008 -6.540461e-008
 3.640000e+002  1.873472e-007 -2.392191e-007
 3.645000e+002 -2.824308e-009 -2.026176e-008
 3.650000e+002  6.445649e-008 -5.375436e-008
 3.655000e+002  1.609132e-007 -1.387855e-007
 3.660000e+002  4.894524e-007  3.905346e-008
 3.665000e+002 -9.874387e-009  8.529615e-008
 3.670000e+002  1.491435e-007 -1.113422e-007
 3.675000e+002  8.322430e-008  4.788730e-008
 3.680000e+002 -9.201619e-008 -1.425154e-007
 3.685000e+002  3.686856e-008  1.329518e-008
 3.690000e+002 -1.324652e-007  1.968133e-008
 3.695000e+002  2.964143e-009 -1.124601e-007
 3.700000e+002  4.525368e-008  2.379822e-008
 3.705000e+002  1.109861e-007 -3.571410e-008
 3.710000e+002  5.874432e-010 -9.930097e-008
 3.715000e+002 -2.959112e-008  1.553009e-008
 3.720000e+002  5.247894e-008 -1.508456e-007
 3.725000e+002  1.594627e-007 -1.623040e-007
 3.730000e+002 -1.442566e-007 -3.843875e-007
 3.735000e+002 -1.406218e-009 -1.527036e-007
 3.740000e+002 -8.181118e-008 -2.543752e-008
 3.745000e+002  2.835876e-008  6.271894e-008
 3.750000e+002  1.210761e-007 -2.506419e-008
 3.755000e+002  1.390849e-007 -1.115053e-008
 3.760000e+002  4.174262e-008 -9.643193e-008
 3.765000e+002 -1.476086e-007 -2.606218e-008
 3.770000e+002  2.636755e-008 -1.291027e-007
 3.775000e+002  2.502090e-008 -2.239107e-007
 3.780000e+002 -4.473006e-007 -2.252581e-007
 3.785000e+002  2.431062e-008  3.838887e-007
 3.790000e+002 -7.318874e-009  8.393362e-008
 3.795000e+002  9.233427e-008  3.861479e-008
 3.800000e+002  4.361101e-008  1.589261e-007
 3.805000e+002 -1.775679e-008  7.203810e-009
 3.810000e+002 -5.980817e-008 -5.062015e-009
 3.815000e+002 -1.057551e-007  3.229324e-009
 3.820000e+002 -2.257914e-009  7.059626e-008
 3.825000e+002  6.519945e-008 -6.400929e-008
 3.830000e+002 -2.082990e-007 -6.623318e-008
 3.835000e+002 -6.614777e-008  1.193491e-007
 3.840000e+002  8.070373e-008 -1.599147e-007
 3.845000e+002 -7.478455e-008  7.104481e-008
 3.850000e+002 -1.552608e-008 -5.991926e-008
 3.855000e+002  6.501663e-008 -5.974611e-008
 3.860000e+002  2.353179e-007 -1.210675e-008
 3.865000e+002  1.031096e-007 -1.108466e-007
 3.870000e+002 -5.168880e-008  8.710379e-008
 3.875000e+002  1.776637e-008 -7.310363e-008
 3.880000e+002  3.999222e-008 -2.019721e-007
 3.885000e+002 -6.161056e-008  6.190679e-009
 3.890000e+002 -3.007143e-008 -1.023132e-007
 3.895000e+002  1.166036e-007 -2.779449e-007
 3.900000e+002  5.246533e-008 -7.769659e-008
 3.905000e+002  1.056383e-007  1.527692e-007
 3.910000e+002  1.303107e-007  1.428160e-007
 3.915000e+002  1.008743e-007 -9.703882e-008
 3.920000e+002  4.787356e-008 -6.489208e-008
 3.925000e+002 -5.932880e-008 -5.896698e-008
 3.930000e+002  1.426918e-007  3.284883e-008
 3.935000e+002  1.004915e-007  4.559662e-008
 3.940000e+002  5.632681e-008 -3.463445e-008
 3.945000e+002  5.699072e-008 -1.147260e-007
 3.950000e+002  1.564595e-007  5.674694e-008
 3.955000e+002  9.974918e-008  1.316930e-007
 3.960000e+002  1.149500e-007 -1.079569e-007
 3.965000e+002 -4.037583e-007  2.683731e-008
 3.970000e+002  3.919560e-008 -5.153069e-008
 3.975000e+002  2.560137e-008 -1.182339e-007
 3.980000e+002 -7.536180e-009 -1.264677e-007
 3.985000e+002 -1.955706e-008  4.303837e-008
 3.990000e+002 -7.519135e-008 -7.572637e-008
 3.995000e+002  1.756668e-007  2.050011e-008
 4.000000e+002  7.721455e-009 -4.513834e-008
 4.005000e+002 -3.147994e-009 -6.387015e-008
 4.010000e+002 -4.677717e-008 -6.687503e-008
 4.015000e+002 -1.021295e-008 -1.204541e-007
 4.020000e+002  1.607981e-008  1.015641e-007
 4.025000e+002  1.941951e-007  1.504848e-007
 4.030000e+002 -9.734781e-008  1.031772e-007
 4.035000e+002  6.661935e-008 -3.200736e-008
 4.040000e+002  1.687360e-007 -1.363002e-008
 4.045000e+002 -2.969284e-008 -6.423575e-008
 4.050000e+002  2.326755e-007 -1.432537e-007
 4.055000e+002  7.290286e-008 -2.118546e-007
 4.060000e+002  6.517281e-009  2.328564e-008
 4.065000e+002  8.775905e-008 -1.356168e-007
 4.070000e+002 -8.199247e-008  7.390459e-008
 4.075000e+002 -4.272949e-008 -1.207402e-007
 4.080000e+002  3.998339e-008  1.394196e-007
 4.085000e+002  3.139824e-008 -1.169995e-007
 4.090000e+002  1.905958e-007  1.523612e-007
 4.095000e+002  1.429377e-007 -2.405662e-008
 4.100000e+002  1.479137e-007  1.063339e-007
 4.105000e+002  1.865214e-007 -7.010722e-008
 4.110000e+002 -2.805749e-008  7.689276e-008
 4.115000e+002  1.468477e-007 -5.653949e-008
 4.120000e+002  6.991603e-008  5.050611e-008
 4.125000e+002  3.477206e-007 -2.648074e-008
 4.130000e+002  3.677058e-007 -2.203813e-007
 4.135000e+002  8.675158e-008  2.005009e-007
 4.140000e+002  9.974441e-008 -5.902356e-008
 4.145000e+002  1.049598e-008  1.798654e-008
 4.150000e+002  1.477831e-007 -5.337488e-008
 4.155000e+002  8.110029e-008  2.921292e-008
 4.160000e+002 -2.369392e-009 -4.383464e-008
 4.165000e+002 -7.954502e-008  1.079596e-007
 4.170000e+002  3.269856e-008 -1.269367e-007
 4.175000e+002  1.931176e-007  1.340355e-007
 4.180000e+002  1.640990e-008 -4.317739e-008
 4.185000e+002  1.599238e-007 -6.926452e-009
 4.190000e+002 -3.066635e-008  3.212981e-008
 4.195000e+002  1.290198e-007 -6.415309e-008
 4.200000e+002 -1.169792e-007  7.349151e-008
 4.205000e+002 -8.383902e-008 -2.173203e-007
 4.210000e+002 -8.448690e-008  6.068331e-011
 4.215000e+002 -1.021007e-007  7.523085e-008
 4.220000e+002  7.309922e-009  2.570329e-008
 4.225000e+002  8.310567e-008  1.245394e-007
 4.230000e+002  1.298976e-007  1.602355e-007
 4.235000e+002  1.858482e-007 -9.505839e-008
 4.240000e+002  1.035330e-007 -1.644848e-007
 4.245000e+002  9.937377e-008  2.356653e-007
 4.250000e+002 -4.293778e-008 -6.031342e-009
 4.255000e+002  2.948786e-007 -3.240846e-009
 4.260000e+002  6.550771e-009 -2.791947e-008
 4.265000e+002  2.006430e-007  1.793821e-007
 4.270000e+002 -1.387498e-007 -1.664910e-007
 4.275000e+002 -7.397197e-008  1.639809e-007
 4.280000e+002  6.779200e-008 -8.573406e-008
 4.285000e+002 -4.492492e-008  1.145265e-007
 4.290000e+002  2.139807e-007  5.465010e-008
 4.295000e+002  2.353615e-008 -1.958928e-007
 4.300000e+002  8.099546e-008 -7.488014e-008
 4.305000e+002 -1.669259e-008 -1.162855e-007
 4.310000e+002  7.778432e-008  2.068841e-008
 4.315000e+002 -4.758352e-008 -1.122810e-007
 4.320000e+002 -5.365753e-008  1.179381e-008
 4.325000e+002  3.227939e-007 -2.816110e-007
 4.330000e+002 -2.950508e-008 -4.550298e-008
 4.335000e+002 -7.105150e-009 -4.195816e-008
 4.340000e+002 -3.791869e-008  6.286264e-009
 4.345000e+002 -1.857724e-007  1.645408e-007
 4.350000e+002 -2.464420e-008  4.565661e-008
 4.355000e+002 -1.374299e-008  1.806053e-007
 4.360000e+002  2.994935e-007  1.393117e-007
 4.365000e+002  1.857809e-007 -8.120064e-008
 4.370000e+002 -1.535784e-007  3.514200e-008
 4.375000e+002 -1.825946e-008  1.402580e-007
 4.380000e+002 -2.034074e-007  1.801656e-007
 4.385000e+002 -7.075320e-008 -4.023719e-008
 4.390000e+002  1.071023e-007 -3.506542e-008
 4.395000e+002  4.216978e-008 -2.471215e-007
 4.400000e+002 -5.469513e-008 -1.340637e-007
 4.405000e+002  5.575023e-008  2.650212e-009
 4.410000e+002  2.182432e-007 -1.724282e-007
 4.415000e+002 -1.302049e-007 -2.847797e-007
 4.420000e+002  1.603353e-008 -3.002152e-007
 4.425000e+002 -7.486217e-008  1.327363e-007
 4.430000e+002  1.550115e-007  1.283079e-008
 4.435000e+002  2.205571e-007 -2.865661e-009
 4.440000e+002 -2.331216e-008 -5.185583e-008
 4.445000e+002 -9.517436e-008  4.036012e-008
 4.450000e+002  9.895404e-008 -3.497140e-007
 4.455000e+002 -1.420573e-008 -7.236558e-008
 4.460000e+002 -3.236311e-009  1.884000e-008
 4.465000e+002 -6.239033e-008  5.086244e-008
 4.470000e+002  1.311997e-007  2.415870e-007
 4.475000e+002 -1.452624e-007  3.886209e-007
 4.480000e+002 -1.900784e-007 -1.654965e-007
 4.485000e+002  3.269664e-008 -2.336519e-007
 4.490000e+002 -1.291553e-008 -3.148202e-008
 4.495000e+002  7.083824e-008 -1.817071e-007
 4.500000e+002 -1.421837e-007 -5.108773e-008
 4.505000e+002 -4.434290e-007  1.698093e-007
 4.510000e+002 -2.443505e-007 -1.313991e-007
 4.515000e+002  1.443984e-007  1.359550e-007
 4.520000e+002 -1.511589e-008 -5.960708e-008
 4.525000e+002  7.201827e-008 -9.529468e-008
 4.530000e+002 -9.702423e-008 -1.073847e-007
 4.535000e+002  3.470431e-008  1.148248e-007
 4.540000e+002  1.279937e-007  2.081702e-007
 4.545000e+002  5.768886e-008 -8.952166e-008
 4.550000e+002 -3.123087e-007  7.519099e-008
 4.555000e+002  1.672708e-008 -4.906872e-008
 4.560000e+002 -1.964429e-007  3.680454e-007
 4.565000e+002 -1.224570e-007  2.455163e-007
 4.570000e+002 -3.033220e-007 -2.020104e-007
 4.575000e+002 -1.546539e-008  2.359147e-007
 4.580000e+002 -1.611569e-007 -7.535884e-008
 4.585000e+002 -1.935284e-007  3.803811e-008
 4.590000e+002  1.545465e-007 -1.200695e-007
 4.595000e+002  1.022908e-009 -1.652267e-007
 4.600000e+002 -1.884207e-007  7.186873e-008
 4.605000e+002  1.546079e-007 -2.450969e-007
 4.610000e+002 -2.588005e-007 -8.431162e-008
 4.615000e+002 -1.882790e-007  2.231944e-007
 4.620000e+002 -5.409146e-007 -1.586624e-007
 4.625000e+002  4.990005e-007 -2.097469e-007
 4.630000e+002  1.121661e-007 -2.183579e-007
 4.635000e+002  2.740116e-007 -1.626285e-007
 4.640000e+002 -1.573543e-007 -3.792329e-007
 4.645000e+002  8.130415e-008 -3.205311e-007
 4.650000e+002 -1.584890e-007 -2.726700e-007
 4.655000e+002  9.862785e-008  4.061739e-008
 4.660000e+002 -1.298843e-007 -8.170513e-009
 4.665000e+002 -1.919320e-008 -3.960055e-007
 4.670000e+002 -2.626041e-007  2.989125e-008
 4.675000e+002 -3.674004e-007 -6.342416e-008
 4.680000e+002 -1.496349e-007  3.147599e-007
 4.685000e+002 -1.422670e-007 -7.175881e-007
 4.690000e+002 -5.325363e-008  1.926309e-007
 4.695000e+002  1.310923e-007  1.008964e-007
 4.700000e+002 -2.757411e-008  3.166571e-007
 4.705000e+002  2.706577e-007  4.653518e-007
 4.710000e+002  3.071716e-007 -1.506730e-007
 4.715000e+002  2.733732e-007 -1.132184e-007
 4.720000e+002  8.423115e-008 -7.869247e-008
 4.725000e+002 -9.410670e-008 -3.381716e-007
 4.730000e+002 -1.104945e-007 -1.248710e-007
 4.735000e+002  3.986718e-007 -1.228638e-007
 4.740000e+002 -2.563914e-007  4.252465e-007
 4.745000e+002 -2.798723e-007 -1.496314e-007
 4.750000e+002  1.180432e-007 -2.273967e-007
 4.755000e+002  8.308684e-008  4.029169e-009
 4.760000e+002  6.260531e-008 -3.895514e-008
 4.765000e+002  9.549375e-008  2.111648e-007
 4.770000e+002 -2.084062e-008  1.282256e-007
 4.775000e+002 -5.433904e-007  1.645044e-007
 4.780000e+002 -7.779709e-008 -3.467517e-007
 4.785000e+002 -3.838616e-007 -9.428438e-009
 4.790000e+002  3.298964e-007 -1.198686e-007
 4.795000e+002 -1.445137e-007 -1.942425e-007
 4.800000e+002  1.152412e-007  2.116321e-007
 4.805000e+002  1.669942e-007  2.067217e-007
 4.810000e+002 -1.902875e-007  2.218296e-007
 4.815000e+002 -2.145348e-007 -6.855252e-008
 4.820000e+002 -1.401427e-007  1.182489e-007
 4.825000e+002 -1.747471e-007  2.788987e-007
 4.830000e+002  2.879169e-007  2.850679e-007
 4.835000e+002 -2.014528e-007  4.648052e-008
 4.840000e+002 -1.431569e-008 -2.390912e-007
 4.845000e+002 -2.128857e-007 -8.113044e-008
 4.850000e+002 -1.817589e-007  3.622520e-007
 4.855000e+002 -2.674235e-007 -1.693895e-007
 4.860000e+002  2.941178e-008 -7.904045e-008
 4.865000e+002  2.888971e-008  2.604155e-008
 4.870000e+002  9.319587e-009  2.226154e-008
 4.875000e+002 -1.012970e-007  2.614182e-007
 4.880000e+002 -6.316750e-008 -1.164180e-007
 4.885000e+002 -8.550569e-008 -2.886383e-008
 4.890000e+002  1.675842e-008  1.685650e-007
 4.895000e+002 -4.766236e-007 -1.606022e-007
 4.900000e+002  1.204977e-007 -2.719401e-007
 4.905000e+002 -4.612499e-007  3.177204e-007
 4.910000e+002 -2.681504e-007 -1.139541e-007
 4.915000e+002 -9.051491e-008  1.424232e-008
 4.920000e+002 -3.089689e-008  1.855775e-008
 4.925000e+002  8.687523e-008  2.588711e-007
 4.930000e+002 -2.415632e-008  1.440826e-007
 4.935000e+002  1.267183e-007 -1.427825e-007
 4.940000e+002 -3.693648e-008 -1.257078e-007
 4.945000e+002  6.107417e-008  2.948335e-007
 4.950000e+002 -2.002936e-007  1.237003e-007
 4.955000e+002 -9.761821e-008  6.762234e-008
 4.960000e+002 -2.559091e-007 -1.026942e-007
 4.965000e+002 -2.940356e-007 -1.304146e-007
 4.970000e+002 -4.982978e-008 -1.990700e-007
 4.975000e+002  2.294668e-007  2.477536e-007
 4.980000e+002  3.675598e-007 -8.943574e-008
 4.985000e+002 -4.316769e-007 -4.782778e-007
 4.990000e+002  2.306734e-007  1.609645e-008
 4.995000e+002 -3.543210e-007 -2.223529e-007
 5.000000e+002 -1.393654e-008  2.212447e-008
 5.005000e+002 -3.278255e-007  2.810108e-008
 5.010000e+002 -3.280003e-007 -3.766551e-007
 5.015000e+002 -4.760973e-007  8.845735e-009
 5.020000e+002 -2.426992e-007  1.136520e-007
 5.025000e+002 -1.931852e-007 -1.342470e-007
 5.030000e+002 -8.608202e-008  1.001353e-007
 5.035000e+002 -8.123809e-008 -2.110070e-007
 5.040000e+002  9.156277e-008 -1.209258e-007
 5.045000e+002 -1.846816e-007 -2.178812e-008
 5.050000e+002  1.000663e-007 -2.654668e-007
 5.055000e+002  2.401668e-007 -6.423889e-008
 5.060000e+002  8.678406e-009 -3.511271e-008
 5.065000e+002  2.141904e-007 -2.055424e-007
 5.070000e+002 -3.027191e-007 -2.865981e-007
 5.075000e+002 -8.060628e-008 -1.669924e-007
 5.080000e+002 -3.814996e-008 -4.948113e-008
 5.085000e+002 -1.404401e-007 -1.481606e-007
 5.090000e+002 -4.045552e-008  6.787355e-008
 5.095000e+002  6.591594e-008 -1.854484e-007
 5.100000e+002  2.800713e-008 -1.369551e-007
 5.105000e+002  3.571094e-007  5.282935e-008
 5.110000e+002  6.175322e-008 -1.939824e-007
 5.115000e+002  1.571635e-007 -2.799794e-007
 5.120000e+002 -1.009332e-007 -1.486807e-010
