 0.000000e+000  9.989519e-001  0.000000e+000
 5.000000e-001  9.006338e-001  0.000000e+000
 1.000000e+000  9.004773e-001  0.000000e+000
 1.500000e+000  9.269763e-001  0.000000e+000
 2.000000e+000  9.498818e-001  0.000000e+000
 2.500000e+000  8.509476e-001  0.000000e+000
 3.000000e+000  9.306912e-001  0.000000e+000
 3.500000e+000  9.247173e-001  0.000000e+000
 4.000000e+000  9.429792e-001  0.000000e+000
 4.500000e+000  9.462655e-001  0.000000e+000
 5.000000e+000  7.762175e-001  0.000000e+000
 5.500000e+000  7.182981e-001  0.000000e+000
 6.000000e+000  6.458710e-002  0.000000e+000
 6.500000e+000  7.997649e-001  0.000000e+000
 7.000000e+000  9.349426e-001  0.000000e+000
 7.500000e+000  9.212592e-001  0.000000e+000
 8.000000e+000  9.356663e-001  0.000000e+000
 8.500000e+000  9.396541e-001  0.000000e+000
 9.000000e+000  9.357054e-001  0.000000e+000
 9.500000e+000  8.926130e-001  0.000000e+000
 1.000000e+001  8.952183e-001  0.000000e+000
 1.050000e+001  8.424572e-001  0.000000e+000
 1.100000e+001  7.292318e-001  0.000000e+000
 1.150000e+001  5.366818e-001  0.000000e+000
 1.200000e+001  9.547028e-002  0.000000e+000
 1.250000e+001  5.127621e-001  0.000000e+000
 1.300000e+001  7.288041e-001  0.000000e+000
 1.350000e+001  8.970358e-001  0.000000e+000
 1.400000e+001  9.323260e-001  0.000000e+000
 1.450000e+001  9.346973e-001  0.000000e+000
 1.500000e+001  9.724410e-001  0.000000e+000
 1.550000e+001  9.664764e-001  0.000000e+000
 1.600000e+001  9.719117e-001  0.000000e+000
 1.650000e+001  9.670038e-001  0.000000e+000
 1.700000e+001  9.575009e-001  0.000000e+000
 1.750000e+001  9.361362e-001  0.000000e+000
 1.800000e+001  2.833845e-001  0.000000e+000
 1.850000e+001  9.502752e-001  0.000000e+000
 1.900000e+001  9.797719e-001  0.000000e+000
 1.950000e+001  9.885349e-001  0.000000e+000
 2.000000e+001  9.871815e-001  0.000000e+000
 2.050000e+001  9.866537e-001  0.000000e+000
 2.100000e+001  9.872522e-001  0.000000e+000
 2.150000e+001  9.876637e-001  0.000000e+000
 2.200000e+001  9.915308e-001  0.000000e+000
 2.250000e+001  9.900567e-001  0.000000e+000
 2.300000e+001  9.646285e-001  0.000000e+000
 2.350000e+001  9.855232e-001  0.000000e+000
 2.400000e+001  9.719309e-001  0.000000e+000
 2.450000e+001  9.879567e-001  0.000000e+000
 2.500000e+001  9.856399e-001  0.000000e+000
 2.550000e+001  9.858941e-001  0.000000e+000
 2.600000e+001  9.866194e-001  0.000000e+000
 2.650000e+001  9.844713e-001  0.000000e+000
 2.700000e+001  9.840950e-001  0.000000e+000
 2.750000e+001  9.834985e-001  0.000000e+000
 2.800000e+001  9.877012e-001  0.000000e+000
 2.850000e+001  9.822109e-001  0.000000e+000
 2.900000e+001  9.776369e-001  0.000000e+000
 2.950000e+001  9.652548e-001  0.000000e+000
 3.000000e+001  5.296931e-001  0.000000e+000
 3.050000e+001  9.527447e-001  0.000000e+000
 3.100000e+001  9.693304e-001  0.000000e+000
 3.150000e+001  9.693447e-001  0.000000e+000
 3.200000e+001  9.725862e-001  0.000000e+000
 3.250000e+001  9.649067e-001  0.000000e+000
 3.300000e+001  9.529698e-001  0.000000e+000
 3.350000e+001  9.615605e-001  0.000000e+000
 3.400000e+001  9.378174e-001  0.000000e+000
 3.450000e+001  9.115532e-001  0.000000e+000
 3.500000e+001  8.537255e-001  0.000000e+000
 3.550000e+001  5.098107e-001  0.000000e+000
 3.600000e+001  1.246108e-001  0.000000e+000
 3.650000e+001  5.300450e-001  0.000000e+000
 3.700000e+001  7.718743e-001  0.000000e+000
 3.750000e+001  8.449766e-001  0.000000e+000
 3.800000e+001  8.609363e-001  0.000000e+000
 3.850000e+001  8.738310e-001  0.000000e+000
 3.900000e+001  8.459086e-001  0.000000e+000
 3.950000e+001  8.624479e-001  0.000000e+000
 4.000000e+001  8.470825e-001  0.000000e+000
 4.050000e+001  8.417059e-001  0.000000e+000
 4.100000e+001  7.614993e-001  0.000000e+000
 4.150000e+001  3.751273e-001  0.000000e+000
 4.200000e+001  7.462831e-002  0.000000e+000
 4.250000e+001  3.914781e-001  0.000000e+000
 4.300000e+001  6.255533e-001  0.000000e+000
 4.350000e+001  6.587785e-001  0.000000e+000
 4.400000e+001  6.885089e-001  0.000000e+000
 4.450000e+001  6.896461e-001  0.000000e+000
 4.500000e+001  6.177315e-001  0.000000e+000
 4.550000e+001  5.813170e-001  0.000000e+000
 4.600000e+001  5.505149e-001  0.000000e+000
 4.650000e+001  4.556286e-001  0.000000e+000
 4.700000e+001  3.305570e-001  0.000000e+000
 4.750000e+001  1.011532e-001  0.000000e+000
 4.800000e+001  3.263041e-002  0.000000e+000
 4.850000e+001  2.120551e-001  0.000000e+000
 4.900000e+001  3.753538e-001  0.000000e+000
 4.950000e+001  2.860551e-001  0.000000e+000
 5.000000e+001  2.955405e-001  0.000000e+000
 5.050000e+001  3.088792e-001  0.000000e+000
 5.100000e+001  1.707800e-001  0.000000e+000
 5.150000e+001  1.674966e-001  0.000000e+000
 5.200000e+001  1.134668e-001  0.000000e+000
 5.250000e+001  7.705602e-002  0.000000e+000
 5.300000e+001  3.592070e-002  0.000000e+000
 5.350000e+001  2.759804e-002  0.000000e+000
 5.400000e+001  1.550791e-002  0.000000e+000
 5.450000e+001  3.159777e-002  0.000000e+000
 5.500000e+001  5.847008e-002  0.000000e+000
 5.550000e+001  8.083459e-002  0.000000e+000
 5.600000e+001  9.405991e-002  0.000000e+000
 5.650000e+001  1.110057e-001  0.000000e+000
 5.700000e+001  1.827073e-001  0.000000e+000
 5.750000e+001  1.625202e-001  0.000000e+000
 5.800000e+001  9.178302e-002  0.000000e+000
 5.850000e+001  7.076606e-002  0.000000e+000
 5.900000e+001  5.524097e-002  0.000000e+000
 5.950000e+001  4.416554e-002  0.000000e+000
 6.000000e+001  8.829498e-002  0.000000e+000
 6.050000e+001  1.615650e-001  0.000000e+000
 6.100000e+001  2.348969e-001  0.000000e+000
 6.150000e+001  3.980730e-001  0.000000e+000
 6.200000e+001  4.223624e-001  0.000000e+000
 6.250000e+001  3.556424e-001  0.000000e+000
 6.300000e+001  4.223332e-001  0.000000e+000
 6.350000e+001  4.848830e-001  0.000000e+000
 6.400000e+001  4.643675e-001  0.000000e+000
 6.450000e+001  3.910610e-001  0.000000e+000
 6.500000e+001  3.201885e-001  0.000000e+000
 6.550000e+001  1.648216e-001  0.000000e+000
 6.600000e+001  4.344062e-002  0.000000e+000
 6.650000e+001  2.784064e-001  0.000000e+000
 6.700000e+001  3.290480e-001  0.000000e+000
 6.750000e+001  5.173221e-001  0.000000e+000
 6.800000e+001  6.015231e-001  0.000000e+000
 6.850000e+001  6.508643e-001  0.000000e+000
 6.900000e+001  6.645451e-001  0.000000e+000
 6.950000e+001  6.509338e-001  0.000000e+000
 7.000000e+001  5.528539e-001  0.000000e+000
 7.050000e+001  5.122569e-001  0.000000e+000
 7.100000e+001  2.900599e-001  0.000000e+000
 7.150000e+001  2.766538e-002  0.000000e+000
 7.200000e+001  1.699417e-002  0.000000e+000
 7.250000e+001  4.107975e-001  0.000000e+000
 7.300000e+001  5.218792e-001  0.000000e+000
 7.350000e+001  5.276777e-001  0.000000e+000
 7.400000e+001  7.592746e-001  0.000000e+000
 7.450000e+001  8.420354e-001  0.000000e+000
 7.500000e+001  8.926622e-001  0.000000e+000
 7.550000e+001  8.815119e-001  0.000000e+000
 7.600000e+001  9.104986e-001  0.000000e+000
 7.650000e+001  9.207231e-001  0.000000e+000
 7.700000e+001  8.718004e-001  0.000000e+000
 7.750000e+001  7.070674e-001  0.000000e+000
 7.800000e+001  8.055997e-001  0.000000e+000
 7.850000e+001  9.803000e-001  0.000000e+000
 7.900000e+001  9.889645e-001  0.000000e+000
 7.950000e+001  9.304238e-001  0.000000e+000
 8.000000e+001  9.832994e-001  0.000000e+000
 8.050000e+001  9.667144e-001  0.000000e+000
 8.100000e+001  9.689549e-001  0.000000e+000
 8.150000e+001  9.664332e-001  0.000000e+000
 8.200000e+001  9.335061e-001  0.000000e+000
 8.250000e+001  8.853029e-001  0.000000e+000
 8.300000e+001  5.498328e-001  0.000000e+000
 8.350000e+001  4.091651e-001  0.000000e+000
 8.400000e+001  3.728080e-001  0.000000e+000
 8.450000e+001  8.053847e-001  0.000000e+000
 8.500000e+001  8.286064e-001  0.000000e+000
 8.550000e+001  8.722386e-001  0.000000e+000
 8.600000e+001  8.900282e-001  0.000000e+000
 8.650000e+001  8.821810e-001  0.000000e+000
 8.700000e+001  8.892573e-001  0.000000e+000
 8.750000e+001  8.439828e-001  0.000000e+000
 8.800000e+001  7.913399e-001  0.000000e+000
 8.850000e+001  8.128572e-001  0.000000e+000
 8.900000e+001  6.407335e-001  0.000000e+000
 8.950000e+001  2.996642e-001  0.000000e+000
 9.000000e+001  2.411673e-002  0.000000e+000
 9.050000e+001  2.289238e-001  0.000000e+000
 9.100000e+001  6.118505e-001  0.000000e+000
 9.150000e+001  7.091724e-001  0.000000e+000
 9.200000e+001  7.252644e-001  0.000000e+000
 9.250000e+001  7.580429e-001  0.000000e+000
 9.300000e+001  8.271655e-001  0.000000e+000
 9.350000e+001  7.829211e-001  0.000000e+000
 9.400000e+001  6.710759e-001  0.000000e+000
 9.450000e+001  6.556662e-001  0.000000e+000
 9.500000e+001  3.837216e-001  0.000000e+000
 9.550000e+001  1.032051e-001  0.000000e+000
 9.600000e+001  2.056806e-001  0.000000e+000
 9.650000e+001  4.793917e-001  0.000000e+000
 9.700000e+001  5.536399e-001  0.000000e+000
 9.750000e+001  5.791594e-001  0.000000e+000
 9.800000e+001  5.860854e-001  0.000000e+000
 9.850000e+001  6.704729e-001  0.000000e+000
 9.900000e+001  4.468886e-001  0.000000e+000
 9.950000e+001  5.072289e-001  0.000000e+000
 1.000000e+002  3.051796e-001  0.000000e+000
 1.005000e+002  3.739017e-001  0.000000e+000
 1.010000e+002  2.290109e-001  0.000000e+000
 1.015000e+002  6.718712e-002  0.000000e+000
 1.020000e+002  6.705827e-003  0.000000e+000
 1.025000e+002  1.297330e-001  0.000000e+000
 1.030000e+002  1.743640e-001  0.000000e+000
 1.035000e+002  2.293291e-001  0.000000e+000
 1.040000e+002  4.336905e-001  0.000000e+000
 1.045000e+002  3.839304e-001  0.000000e+000
 1.050000e+002  4.611315e-001  0.000000e+000
 1.055000e+002  5.531936e-001  0.000000e+000
 1.060000e+002  4.089865e-001  0.000000e+000
 1.065000e+002  3.987017e-001  0.000000e+000
 1.070000e+002  1.234213e-001  0.000000e+000
 1.075000e+002  1.909926e-001  0.000000e+000
 1.080000e+002  2.621192e-002  0.000000e+000
 1.085000e+002  3.084776e-001  0.000000e+000
 1.090000e+002  3.489141e-001  0.000000e+000
 1.095000e+002  5.413119e-001  0.000000e+000
 1.100000e+002  4.762353e-001  0.000000e+000
 1.105000e+002  6.582051e-001  0.000000e+000
 1.110000e+002  5.692471e-001  0.000000e+000
 1.115000e+002  4.073400e-001  0.000000e+000
 1.120000e+002  3.066771e-001  0.000000e+000
 1.125000e+002  3.629098e-001  0.000000e+000
 1.130000e+002  4.895220e-001  0.000000e+000
 1.135000e+002  4.826340e-003  0.000000e+000
 1.140000e+002  1.615135e-002  0.000000e+000
 1.145000e+002  4.100564e-001  0.000000e+000
 1.150000e+002  3.242504e-001  0.000000e+000
 1.155000e+002  5.993708e-001  0.000000e+000
 1.160000e+002  3.940395e-001  0.000000e+000
 1.165000e+002  3.370138e-001  0.000000e+000
 1.170000e+002  3.003598e-001  0.000000e+000
 1.175000e+002  5.137119e-001  0.000000e+000
 1.180000e+002  4.333761e-001  0.000000e+000
 1.185000e+002  4.058551e-001  0.000000e+000
 1.190000e+002  2.127246e-001  0.000000e+000
 1.195000e+002  1.629718e-001  0.000000e+000
 1.200000e+002  1.539138e-001  0.000000e+000
 1.205000e+002  2.973741e-001  0.000000e+000
 1.210000e+002  2.053791e-001  0.000000e+000
 1.215000e+002  3.684794e-001  0.000000e+000
 1.220000e+002  3.871683e-001  0.000000e+000
 1.225000e+002  3.674102e-001  0.000000e+000
 1.230000e+002  3.521669e-001  0.000000e+000
 1.235000e+002  4.688910e-001  0.000000e+000
 1.240000e+002  2.178314e-001  0.000000e+000
 1.245000e+002  2.380618e-001  0.000000e+000
 1.250000e+002  1.027539e-001  0.000000e+000
 1.255000e+002  1.161041e-001  0.000000e+000
 1.260000e+002  4.305330e-002  0.000000e+000
 1.265000e+002  5.924588e-002  0.000000e+000
 1.270000e+002  1.585452e-001  0.000000e+000
 1.275000e+002  1.258149e-001  0.000000e+000
 1.280000e+002  3.305873e-001  0.000000e+000
 1.285000e+002  2.251297e-001  0.000000e+000
 1.290000e+002  2.168613e-001  0.000000e+000
 1.295000e+002  3.744206e-001  0.000000e+000
 1.300000e+002  1.921093e-001  0.000000e+000
 1.305000e+002  3.136508e-001  0.000000e+000
 1.310000e+002  4.818277e-001  0.000000e+000
 1.315000e+002  3.799915e-001  0.000000e+000
 1.320000e+002  1.214185e-001  0.000000e+000
 1.325000e+002  1.708445e-001  0.000000e+000
 1.330000e+002  2.887235e-001  0.000000e+000
 1.335000e+002  2.362314e-001  0.000000e+000
 1.340000e+002  3.886402e-001  0.000000e+000
 1.345000e+002  2.055262e-001  0.000000e+000
 1.350000e+002  1.945970e-001  0.000000e+000
 1.355000e+002  9.619646e-002  0.000000e+000
 1.360000e+002  1.650047e-001  0.000000e+000
 1.365000e+002  2.398271e-001  0.000000e+000
 1.370000e+002  4.836796e-002  0.000000e+000
 1.375000e+002  1.406828e-001  0.000000e+000
 1.380000e+002  1.411625e-002  0.000000e+000
 1.385000e+002  1.164855e-001  0.000000e+000
 1.390000e+002  2.109328e-001  0.000000e+000
 1.395000e+002  3.204591e-001  0.000000e+000
 1.400000e+002  3.463918e-001  0.000000e+000
 1.405000e+002  2.619360e-001  0.000000e+000
 1.410000e+002  2.131180e-001  0.000000e+000
 1.415000e+002  2.783682e-001  0.000000e+000
 1.420000e+002  3.826629e-001  0.000000e+000
 1.425000e+002  3.926869e-001  0.000000e+000
 1.430000e+002  2.180572e-001  0.000000e+000
 1.435000e+002  8.042753e-002  0.000000e+000
 1.440000e+002  3.646985e-002  0.000000e+000
 1.445000e+002  2.073294e-001  0.000000e+000
 1.450000e+002  1.271216e-001  0.000000e+000
 1.455000e+002  2.268179e-001  0.000000e+000
 1.460000e+002  6.656946e-002  0.000000e+000
 1.465000e+002  4.527070e-001  0.000000e+000
 1.470000e+002  2.367187e-001  0.000000e+000
 1.475000e+002  4.720328e-001  0.000000e+000
 1.480000e+002  2.187587e-001  0.000000e+000
 1.485000e+002  3.030656e-001  0.000000e+000
 1.490000e+002  2.228844e-001  0.000000e+000
 1.495000e+002  2.569713e-001  0.000000e+000
 1.500000e+002  4.808189e-002  0.000000e+000
 1.505000e+002  3.068524e-003  0.000000e+000
 1.510000e+002  6.746443e-002  0.000000e+000
 1.515000e+002  2.970392e-001  0.000000e+000
 1.520000e+002  6.507584e-002  0.000000e+000
 1.525000e+002  2.225487e-002  0.000000e+000
 1.530000e+002  2.188452e-001  0.000000e+000
 1.535000e+002  2.984918e-001  0.000000e+000
 1.540000e+002  1.259062e-001  0.000000e+000
 1.545000e+002  2.566445e-002  0.000000e+000
 1.550000e+002  8.710632e-002  0.000000e+000
 1.555000e+002  3.493176e-002  0.000000e+000
 1.560000e+002  6.755801e-002  0.000000e+000
 1.565000e+002  5.352737e-002  0.000000e+000
 1.570000e+002  1.545887e-001  0.000000e+000
 1.575000e+002  2.850019e-001  0.000000e+000
 1.580000e+002  4.703443e-002  0.000000e+000
 1.585000e+002  2.031223e-001  0.000000e+000
 1.590000e+002  2.384744e-001  0.000000e+000
 1.595000e+002  5.913271e-002  0.000000e+000
 1.600000e+002  1.051090e-001  0.000000e+000
 1.605000e+002  4.332734e-002  0.000000e+000
 1.610000e+002  6.853204e-003  0.000000e+000
 1.615000e+002  4.547003e-005  0.000000e+000
 1.620000e+002  1.542023e-002  0.000000e+000
 1.625000e+002  7.389583e-002  0.000000e+000
 1.630000e+002  1.137944e-001  0.000000e+000
 1.635000e+002  2.995768e-001  0.000000e+000
 1.640000e+002  1.230525e-001  0.000000e+000
 1.645000e+002  2.038252e-001  0.000000e+000
 1.650000e+002  1.147249e-001  0.000000e+000
 1.655000e+002  1.206849e-001  0.000000e+000
 1.660000e+002  1.862612e-001  0.000000e+000
 1.665000e+002  4.455084e-001  0.000000e+000
 1.670000e+002  2.312159e-001  0.000000e+000
 1.675000e+002  3.786967e-001  0.000000e+000
 1.680000e+002  9.640385e-002  0.000000e+000
 1.685000e+002  1.788536e-001  0.000000e+000
 1.690000e+002  3.971440e-001  0.000000e+000
 1.695000e+002  3.906955e-001  0.000000e+000
 1.700000e+002  1.747860e-001  0.000000e+000
 1.705000e+002  2.109817e-001  0.000000e+000
 1.710000e+002  2.273410e-001  0.000000e+000
 1.715000e+002  9.510420e-002  0.000000e+000
 1.720000e+002  2.046864e-001  0.000000e+000
 1.725000e+002  2.467961e-001  0.000000e+000
 1.730000e+002  7.571712e-002  0.000000e+000
 1.735000e+002  2.656009e-001  0.000000e+000
 1.740000e+002  3.582010e-002  0.000000e+000
 1.745000e+002  9.912702e-002  0.000000e+000
 1.750000e+002  2.362545e-001  0.000000e+000
 1.755000e+002  8.640694e-002  0.000000e+000
 1.760000e+002  1.886546e-001  0.000000e+000
 1.765000e+002  4.189835e-002  0.000000e+000
 1.770000e+002  1.796409e-001  0.000000e+000
 1.775000e+002  2.890840e-001  0.000000e+000
 1.780000e+002  1.499688e-001  0.000000e+000
 1.785000e+002  2.407114e-001  0.000000e+000
 1.790000e+002  1.165795e-002  0.000000e+000
 1.795000e+002  3.237879e-001  0.000000e+000
 1.800000e+002  1.251125e-001  0.000000e+000
 1.805000e+002  5.541974e-003  0.000000e+000
 1.810000e+002  1.834814e-004  0.000000e+000
 1.815000e+002  1.568131e-001  0.000000e+000
 1.820000e+002  2.424914e-001  0.000000e+000
 1.825000e+002  4.823609e-002  0.000000e+000
 1.830000e+002  2.364858e-001  0.000000e+000
 1.835000e+002  1.925635e-001  0.000000e+000
 1.840000e+002  1.558516e-001  0.000000e+000
 1.845000e+002  2.669709e-001  0.000000e+000
 1.850000e+002  8.721428e-002  0.000000e+000
 1.855000e+002  1.063848e-001  0.000000e+000
 1.860000e+002  1.036924e-003  0.000000e+000
 1.865000e+002  9.812386e-002  0.000000e+000
 1.870000e+002  1.179840e-001  0.000000e+000
 1.875000e+002  3.425649e-001  0.000000e+000
 1.880000e+002  1.683550e-001  0.000000e+000
 1.885000e+002  2.611674e-001  0.000000e+000
 1.890000e+002  1.070750e-001  0.000000e+000
 1.895000e+002  4.209376e-002  0.000000e+000
 1.900000e+002  2.129254e-001  0.000000e+000
 1.905000e+002  3.985094e-001  0.000000e+000
 1.910000e+002  3.083142e-001  0.000000e+000
 1.915000e+002  2.348929e-001  0.000000e+000
 1.920000e+002  2.842732e-002  0.000000e+000
 1.925000e+002  1.456643e-001  0.000000e+000
 1.930000e+002  2.465331e-001  0.000000e+000
 1.935000e+002  2.335167e-001  0.000000e+000
 1.940000e+002  2.615688e-001  0.000000e+000
 1.945000e+002  2.686972e-001  0.000000e+000
 1.950000e+002  2.484548e-001  0.000000e+000
 1.955000e+002  1.741665e-001  0.000000e+000
 1.960000e+002  1.997126e-001  0.000000e+000
 1.965000e+002  3.136777e-001  0.000000e+000
 1.970000e+002  2.064326e-001  0.000000e+000
 1.975000e+002  2.671030e-001  0.000000e+000
 1.980000e+002  2.462866e-001  0.000000e+000
 1.985000e+002  1.952971e-001  0.000000e+000
 1.990000e+002  1.606550e-001  0.000000e+000
 1.995000e+002  5.319569e-002  0.000000e+000
 2.000000e+002  3.815410e-002  0.000000e+000
 2.005000e+002  7.935907e-002  0.000000e+000
 2.010000e+002  8.752396e-004  0.000000e+000
 2.015000e+002  1.601698e-002  0.000000e+000
 2.020000e+002  2.836761e-002  0.000000e+000
 2.025000e+002  9.206834e-002  0.000000e+000
 2.030000e+002  1.287883e-002  0.000000e+000
 2.035000e+002  1.318705e-001  0.000000e+000
 2.040000e+002  2.359222e-001  0.000000e+000
 2.045000e+002  2.060444e-001  0.000000e+000
 2.050000e+002  1.484982e-001  0.000000e+000
 2.055000e+002  1.163162e-001  0.000000e+000
 2.060000e+002  1.689582e-001  0.000000e+000
 2.065000e+002  2.005292e-001  0.000000e+000
 2.070000e+002  6.410272e-002  0.000000e+000
 2.075000e+002  1.815401e-002  0.000000e+000
 2.080000e+002  3.002541e-002  0.000000e+000
 2.085000e+002  6.938451e-003  0.000000e+000
 2.090000e+002  1.913714e-001  0.000000e+000
 2.095000e+002  2.659005e-002  0.000000e+000
 2.100000e+002  1.857677e-002  0.000000e+000
 2.105000e+002  8.978698e-003  0.000000e+000
 2.110000e+002  2.828887e-003  0.000000e+000
 2.115000e+002  1.504309e-001  0.000000e+000
 2.120000e+002  7.664149e-003  0.000000e+000
 2.125000e+002  1.738907e-001  0.000000e+000
 2.130000e+002  2.536618e-001  0.000000e+000
 2.135000e+002  1.185495e-001  0.000000e+000
 2.140000e+002  5.590829e-002  0.000000e+000
 2.145000e+002  7.761066e-002  0.000000e+000
 2.150000e+002  1.461418e-002  0.000000e+000
 2.155000e+002  8.811635e-002  0.000000e+000
 2.160000e+002  1.074890e-002  0.000000e+000
 2.165000e+002  5.177441e-002  0.000000e+000
 2.170000e+002  9.518943e-002  0.000000e+000
 2.175000e+002  8.491690e-002  0.000000e+000
 2.180000e+002  6.017514e-002  0.000000e+000
 2.185000e+002  1.011570e-001  0.000000e+000
 2.190000e+002  2.010532e-003  0.000000e+000
 2.195000e+002  1.086816e-001  0.000000e+000
 2.200000e+002  9.008192e-002  0.000000e+000
 2.205000e+002  1.815802e-001  0.000000e+000
 2.210000e+002  2.718220e-003  0.000000e+000
 2.215000e+002  2.378261e-001  0.000000e+000
 2.220000e+002  2.697353e-002  0.000000e+000
 2.225000e+002  2.319596e-002  0.000000e+000
 2.230000e+002  4.518548e-003  0.000000e+000
 2.235000e+002  2.027634e-002  0.000000e+000
 2.240000e+002  5.441081e-002  0.000000e+000
 2.245000e+002  4.697752e-002  0.000000e+000
 2.250000e+002  1.930089e-001  0.000000e+000
 2.255000e+002  1.627980e-001  0.000000e+000
 2.260000e+002  1.668958e-001  0.000000e+000
 2.265000e+002  2.980357e-001  0.000000e+000
 2.270000e+002  9.924095e-003  0.000000e+000
 2.275000e+002  9.432622e-002  0.000000e+000
 2.280000e+002  5.103570e-002  0.000000e+000
 2.285000e+002  1.719060e-002  0.000000e+000
 2.290000e+002  3.785646e-002  0.000000e+000
 2.295000e+002  5.480172e-002  0.000000e+000
 2.300000e+002  2.441074e-002  0.000000e+000
 2.305000e+002  2.374186e-002  0.000000e+000
 2.310000e+002  7.920729e-002  0.000000e+000
 2.315000e+002  3.272805e-002  0.000000e+000
 2.320000e+002  2.885152e-002  0.000000e+000
 2.325000e+002  3.817081e-002  0.000000e+000
 2.330000e+002  1.957092e-002  0.000000e+000
 2.335000e+002  6.486084e-003  0.000000e+000
 2.340000e+002  1.592411e-003  0.000000e+000
 2.345000e+002  1.543410e-003  0.000000e+000
 2.350000e+002  5.588077e-003  0.000000e+000
 2.355000e+002  1.786026e-003  0.000000e+000
 2.360000e+002  4.156374e-002  0.000000e+000
 2.365000e+002  1.618438e-003  0.000000e+000
 2.370000e+002  2.121966e-002  0.000000e+000
 2.375000e+002  3.209193e-003  0.000000e+000
 2.380000e+002  3.311518e-002  0.000000e+000
 2.385000e+002  1.070063e-002  0.000000e+000
 2.390000e+002  9.929385e-002  0.000000e+000
 2.395000e+002  6.975381e-002  0.000000e+000
 2.400000e+002  9.153907e-002  0.000000e+000
 2.405000e+002  6.244980e-002  0.000000e+000
 2.410000e+002  2.723789e-001  0.000000e+000
 2.415000e+002  2.655388e-001  0.000000e+000
 2.420000e+002  2.525769e-001  0.000000e+000
 2.425000e+002  3.645034e-001  0.000000e+000
 2.430000e+002  3.732958e-001  0.000000e+000
 2.435000e+002  3.725915e-001  0.000000e+000
 2.440000e+002  2.369706e-001  0.000000e+000
 2.445000e+002  5.095039e-002  0.000000e+000
 2.450000e+002  2.427405e-001  0.000000e+000
 2.455000e+002  3.557311e-001  0.000000e+000
 2.460000e+002  7.762378e-002  0.000000e+000
 2.465000e+002  4.603142e-002  0.000000e+000
 2.470000e+002  3.465169e-002  0.000000e+000
 2.475000e+002  1.014775e-001  0.000000e+000
 2.480000e+002  7.898344e-002  0.000000e+000
 2.485000e+002  2.112745e-001  0.000000e+000
 2.490000e+002  2.936008e-001  0.000000e+000
 2.495000e+002  1.762896e-001  0.000000e+000
 2.500000e+002  1.105349e-001  0.000000e+000
 2.505000e+002  1.317819e-001  0.000000e+000
 2.510000e+002  1.489248e-001  0.000000e+000
 2.515000e+002  1.148187e-001  0.000000e+000
 2.520000e+002  6.911922e-002  0.000000e+000
 2.525000e+002  1.007405e-001  0.000000e+000
 2.530000e+002  2.181316e-001  0.000000e+000
 2.535000e+002  1.042321e-001  0.000000e+000
 2.540000e+002  6.235105e-002  0.000000e+000
 2.545000e+002  1.143725e-001  0.000000e+000
 2.550000e+002  1.649501e-002  0.000000e+000
 2.555000e+002  7.167892e-002  0.000000e+000
 2.560000e+002  1.230525e-001  0.000000e+000
 2.565000e+002  1.631255e-001  0.000000e+000
 2.570000e+002  1.860065e-002  0.000000e+000
 2.575000e+002  1.078010e-002  0.000000e+000
 2.580000e+002  9.424977e-003  0.000000e+000
 2.585000e+002  1.087180e-001  0.000000e+000
 2.590000e+002  2.715138e-001  0.000000e+000
 2.595000e+002  7.217998e-002  0.000000e+000
 2.600000e+002  9.048101e-002  0.000000e+000
 2.605000e+002  1.593336e-001  0.000000e+000
 2.610000e+002  8.534987e-002  0.000000e+000
 2.615000e+002  1.035254e-001  0.000000e+000
 2.620000e+002  8.197925e-002  0.000000e+000
 2.625000e+002  3.721290e-001  0.000000e+000
 2.630000e+002  3.996969e-002  0.000000e+000
 2.635000e+002  4.611249e-002  0.000000e+000
 2.640000e+002  4.265265e-002  0.000000e+000
 2.645000e+002  2.633664e-001  0.000000e+000
 2.650000e+002  7.491882e-002  0.000000e+000
 2.655000e+002  1.887344e-001  0.000000e+000
 2.660000e+002  1.215683e-001  0.000000e+000
 2.665000e+002  1.781337e-001  0.000000e+000
 2.670000e+002  1.957391e-001  0.000000e+000
 2.675000e+002  4.579810e-002  0.000000e+000
 2.680000e+002  1.559267e-001  0.000000e+000
 2.685000e+002  2.488830e-001  0.000000e+000
 2.690000e+002  2.059637e-001  0.000000e+000
 2.695000e+002  1.704950e-001  0.000000e+000
 2.700000e+002  1.302530e-001  0.000000e+000
 2.705000e+002  1.587573e-001  0.000000e+000
 2.710000e+002  6.531785e-002  0.000000e+000
 2.715000e+002  3.551549e-002  0.000000e+000
 2.720000e+002  1.382610e-005  0.000000e+000
 2.725000e+002  3.310394e-002  0.000000e+000
 2.730000e+002  3.676821e-002  0.000000e+000
 2.735000e+002  8.972584e-002  0.000000e+000
 2.740000e+002  1.092029e-001  0.000000e+000
 2.745000e+002  1.597092e-002  0.000000e+000
 2.750000e+002  2.966529e-002  0.000000e+000
 2.755000e+002  4.148000e-002  0.000000e+000
 2.760000e+002  6.552205e-004  0.000000e+000
 2.765000e+002  6.505483e-002  0.000000e+000
 2.770000e+002  4.004505e-003  0.000000e+000
 2.775000e+002  1.979032e-001  0.000000e+000
 2.780000e+002  9.928936e-002  0.000000e+000
 2.785000e+002  1.796858e-001  0.000000e+000
 2.790000e+002  1.575223e-002  0.000000e+000
 2.795000e+002  3.213865e-002  0.000000e+000
 2.800000e+002  8.359402e-003  0.000000e+000
 2.805000e+002  7.837113e-003  0.000000e+000
 2.810000e+002  3.471578e-002  0.000000e+000
 2.815000e+002  1.076071e-001  0.000000e+000
 2.820000e+002  1.223959e-001  0.000000e+000
 2.825000e+002  1.450516e-001  0.000000e+000
 2.830000e+002  1.327134e-001  0.000000e+000
 2.835000e+002  1.115225e-001  0.000000e+000
 2.840000e+002  2.891076e-002  0.000000e+000
 2.845000e+002  8.891912e-002  0.000000e+000
 2.850000e+002  2.308227e-002  0.000000e+000
 2.855000e+002  5.352091e-002  0.000000e+000
 2.860000e+002  1.326280e-001  0.000000e+000
 2.865000e+002  2.830454e-002  0.000000e+000
 2.870000e+002  1.738265e-002  0.000000e+000
 2.875000e+002  2.205535e-001  0.000000e+000
 2.880000e+002  6.340364e-002  0.000000e+000
 2.885000e+002  3.168084e-002  0.000000e+000
 2.890000e+002  1.377260e-002  0.000000e+000
 2.895000e+002  4.363823e-003  0.000000e+000
 2.900000e+002  1.056539e-001  0.000000e+000
 2.905000e+002  5.921592e-003  0.000000e+000
 2.910000e+002  6.011782e-002  0.000000e+000
 2.915000e+002  1.487958e-002  0.000000e+000
 2.920000e+002  2.345944e-002  0.000000e+000
 2.925000e+002  3.716966e-002  0.000000e+000
 2.930000e+002  9.014118e-002  0.000000e+000
 2.935000e+002  1.061733e-003  0.000000e+000
 2.940000e+002  1.808898e-001  0.000000e+000
 2.945000e+002  5.211366e-002  0.000000e+000
 2.950000e+002  8.762448e-002  0.000000e+000
 2.955000e+002  2.912677e-002  0.000000e+000
 2.960000e+002  6.362867e-002  0.000000e+000
 2.965000e+002  4.456905e-002  0.000000e+000
 2.970000e+002  1.764652e-001  0.000000e+000
 2.975000e+002  1.135438e-001  0.000000e+000
 2.980000e+002  5.181629e-002  0.000000e+000
 2.985000e+002  4.319692e-002  0.000000e+000
 2.990000e+002  4.226182e-002  0.000000e+000
 2.995000e+002  2.371342e-002  0.000000e+000
 3.000000e+002  4.747368e-002  0.000000e+000
 3.005000e+002  1.519124e-002  0.000000e+000
 3.010000e+002  1.414322e-001  0.000000e+000
 3.015000e+002  4.073707e-002  0.000000e+000
 3.020000e+002  1.608706e-001  0.000000e+000
 3.025000e+002  1.174418e-002  0.000000e+000
 3.030000e+002  6.338909e-002  0.000000e+000
 3.035000e+002  2.989055e-002  0.000000e+000
 3.040000e+002  8.218607e-002  0.000000e+000
 3.045000e+002  1.136693e-002  0.000000e+000
 3.050000e+002  4.794829e-002  0.000000e+000
 3.055000e+002  1.382128e-002  0.000000e+000
 3.060000e+002  2.966134e-003  0.000000e+000
 3.065000e+002  2.293006e-002  0.000000e+000
 3.070000e+002  5.421925e-002  0.000000e+000
 3.075000e+002  5.355261e-002  0.000000e+000
 3.080000e+002  1.202571e-001  0.000000e+000
 3.085000e+002  7.855039e-002  0.000000e+000
 3.090000e+002  1.446511e-001  0.000000e+000
 3.095000e+002  5.594570e-002  0.000000e+000
 3.100000e+002  2.193770e-001  0.000000e+000
 3.105000e+002  2.428902e-001  0.000000e+000
 3.110000e+002  8.012798e-002  0.000000e+000
 3.115000e+002  6.832626e-002  0.000000e+000
 3.120000e+002  9.858740e-002  0.000000e+000
 3.125000e+002  6.437621e-002  0.000000e+000
 3.130000e+002  1.622030e-001  0.000000e+000
 3.135000e+002  5.386258e-002  0.000000e+000
 3.140000e+002  2.675668e-001  0.000000e+000
 3.145000e+002  6.225069e-002  0.000000e+000
 3.150000e+002  5.124381e-002  0.000000e+000
 3.155000e+002  1.005696e-001  0.000000e+000
 3.160000e+002  1.423694e-001  0.000000e+000
 3.165000e+002  5.167037e-002  0.000000e+000
 3.170000e+002  1.081892e-001  0.000000e+000
 3.175000e+002  1.227865e-001  0.000000e+000
 3.180000e+002  5.525244e-002  0.000000e+000
 3.185000e+002  5.056057e-002  0.000000e+000
 3.190000e+002  9.471082e-003  0.000000e+000
 3.195000e+002  1.161549e-001  0.000000e+000
 3.200000e+002  2.865261e-002  0.000000e+000
 3.205000e+002  1.435049e-002  0.000000e+000
 3.210000e+002  8.407906e-002  0.000000e+000
 3.215000e+002  9.442033e-003  0.000000e+000
 3.220000e+002  4.881108e-004  0.000000e+000
 3.225000e+002  3.460497e-002  0.000000e+000
 3.230000e+002  5.774951e-002  0.000000e+000
 3.235000e+002  4.123525e-002  0.000000e+000
 3.240000e+002  1.088959e-001  0.000000e+000
 3.245000e+002  1.071400e-001  0.000000e+000
 3.250000e+002  1.650187e-001  0.000000e+000
 3.255000e+002  4.394064e-002  0.000000e+000
 3.260000e+002  7.157791e-002  0.000000e+000
 3.265000e+002  1.476382e-002  0.000000e+000
 3.270000e+002  2.091399e-001  0.000000e+000
 3.275000e+002  2.584808e-001  0.000000e+000
 3.280000e+002  2.015768e-001  0.000000e+000
 3.285000e+002  7.279649e-002  0.000000e+000
 3.290000e+002  2.267058e-001  0.000000e+000
 3.295000e+002  5.579598e-002  0.000000e+000
 3.300000e+002  2.013494e-002  0.000000e+000
 3.305000e+002  6.345765e-002  0.000000e+000
 3.310000e+002  8.646906e-003  0.000000e+000
 3.315000e+002  7.542875e-002  0.000000e+000
 3.320000e+002  1.318336e-002  0.000000e+000
 3.325000e+002  1.508692e-002  0.000000e+000
 3.330000e+002  9.196092e-003  0.000000e+000
 3.335000e+002  1.333025e-002  0.000000e+000
 3.340000e+002  2.656727e-002  0.000000e+000
 3.345000e+002  2.489650e-001  0.000000e+000
 3.350000e+002  3.772875e-002  0.000000e+000
 3.355000e+002  4.374590e-002  0.000000e+000
 3.360000e+002  1.268903e-001  0.000000e+000
 3.365000e+002  5.958500e-002  0.000000e+000
 3.370000e+002  8.017976e-002  0.000000e+000
 3.375000e+002  7.608718e-003  0.000000e+000
 3.380000e+002  4.611731e-002  0.000000e+000
 3.385000e+002  3.614924e-002  0.000000e+000
 3.390000e+002  2.479792e-001  0.000000e+000
 3.395000e+002  1.545314e-002  0.000000e+000
 3.400000e+002  1.557488e-001  0.000000e+000
 3.405000e+002  1.250652e-001  0.000000e+000
 3.410000e+002  5.174075e-002  0.000000e+000
 3.415000e+002  7.659610e-002  0.000000e+000
 3.420000e+002  5.515483e-002  0.000000e+000
 3.425000e+002  2.678914e-001  0.000000e+000
 3.430000e+002  3.055490e-001  0.000000e+000
 3.435000e+002  2.543043e-001  0.000000e+000
 3.440000e+002  3.200989e-001  0.000000e+000
 3.445000e+002  1.306444e-001  0.000000e+000
 3.450000e+002  2.358308e-001  0.000000e+000
 3.455000e+002  1.271281e-001  0.000000e+000
 3.460000e+002  1.158393e-001  0.000000e+000
 3.465000e+002  5.626393e-002  0.000000e+000
 3.470000e+002  6.306331e-002  0.000000e+000
 3.475000e+002  8.690594e-002  0.000000e+000
 3.480000e+002  7.970797e-002  0.000000e+000
 3.485000e+002  1.297657e-001  0.000000e+000
 3.490000e+002  1.473872e-001  0.000000e+000
 3.495000e+002  1.292353e-001  0.000000e+000
 3.500000e+002  8.708046e-002  0.000000e+000
 3.505000e+002  2.331332e-001  0.000000e+000
 3.510000e+002  5.590058e-002  0.000000e+000
 3.515000e+002  5.282977e-002  0.000000e+000
 3.520000e+002  1.932264e-002  0.000000e+000
 3.525000e+002  1.122152e-001  0.000000e+000
 3.530000e+002  4.330300e-002  0.000000e+000
 3.535000e+002  9.755127e-002  0.000000e+000
 3.540000e+002  1.649818e-002  0.000000e+000
 3.545000e+002  1.448082e-002  0.000000e+000
 3.550000e+002  3.422969e-002  0.000000e+000
 3.555000e+002  6.646508e-002  0.000000e+000
 3.560000e+002  2.141301e-002  0.000000e+000
 3.565000e+002  4.401904e-002  0.000000e+000
 3.570000e+002  1.106619e-001  0.000000e+000
 3.575000e+002  1.843827e-001  0.000000e+000
 3.580000e+002  2.174408e-001  0.000000e+000
 3.585000e+002  2.373534e-001  0.000000e+000
 3.590000e+002  4.992104e-002  0.000000e+000
 3.595000e+002  1.632956e-001  0.000000e+000
 3.600000e+002  2.867817e-001  0.000000e+000
 3.605000e+002  1.543503e-001  0.000000e+000
 3.610000e+002  6.185060e-002  0.000000e+000
 3.615000e+002  2.096017e-002  0.000000e+000
 3.620000e+002  6.908506e-002  0.000000e+000
 3.625000e+002  6.042180e-002  0.000000e+000
 3.630000e+002  4.671885e-002  0.000000e+000
 3.635000e+002  2.343195e-002  0.000000e+000
 3.640000e+002  3.056250e-001  0.000000e+000
 3.645000e+002  1.997467e-003  0.000000e+000
 3.650000e+002  2.365252e-002  0.000000e+000
 3.655000e+002  8.320849e-002  0.000000e+000
 3.660000e+002  1.339272e-001  0.000000e+000
 3.665000e+002  4.150271e-003  0.000000e+000
 3.670000e+002  8.273762e-002  0.000000e+000
 3.675000e+002  3.544832e-002  0.000000e+000
 3.680000e+002  1.390118e-001  0.000000e+000
 3.685000e+002  5.549147e-003  0.000000e+000
 3.690000e+002  4.207608e-002  0.000000e+000
 3.695000e+002  3.931913e-002  0.000000e+000
 3.700000e+002  1.183897e-002  0.000000e+000
 3.705000e+002  5.568379e-002  0.000000e+000
 3.710000e+002  3.701213e-002  0.000000e+000
 3.715000e+002  3.630606e-003  0.000000e+000
 3.720000e+002  6.879786e-002  0.000000e+000
 3.725000e+002  1.186803e-001  0.000000e+000
 3.730000e+002  3.039015e-001  0.000000e+000
 3.735000e+002  8.212039e-002  0.000000e+000
 3.740000e+002  5.087477e-002  0.000000e+000
 3.745000e+002  2.175064e-002  0.000000e+000
 3.750000e+002  6.821474e-002  0.000000e+000
 3.755000e+002  4.217356e-002  0.000000e+000
 3.760000e+002  2.961466e-002  0.000000e+000
 3.765000e+002  1.017655e-001  0.000000e+000
 3.770000e+002  3.583180e-002  0.000000e+000
 3.775000e+002  1.144140e-001  0.000000e+000
 3.780000e+002  5.166148e-002  0.000000e+000
 3.785000e+002  4.092387e-002  0.000000e+000
 3.790000e+002  1.070660e-002  0.000000e+000
 3.795000e+002  2.944923e-002  0.000000e+000
 3.800000e+002  8.207919e-002  0.000000e+000
 3.805000e+002  1.014096e-003  0.000000e+000
 3.810000e+002  1.620525e-002  0.000000e+000
 3.815000e+002  2.933230e-002  0.000000e+000
 3.820000e+002  2.248807e-002  0.000000e+000
 3.825000e+002  3.555831e-002  0.000000e+000
 3.830000e+002  1.062378e-001  0.000000e+000
 3.835000e+002  5.784219e-002  0.000000e+000
 3.840000e+002  8.897024e-002  0.000000e+000
 3.845000e+002  2.352513e-002  0.000000e+000
 3.850000e+002  9.729404e-003  0.000000e+000
 3.855000e+002  2.104220e-002  0.000000e+000
 3.860000e+002  1.383637e-001  0.000000e+000
 3.865000e+002  5.778945e-002  0.000000e+000
 3.870000e+002  2.367121e-002  0.000000e+000
 3.875000e+002  1.920978e-002  0.000000e+000
 3.880000e+002  1.192058e-001  0.000000e+000
 3.885000e+002  1.793474e-002  0.000000e+000
 3.890000e+002  2.907430e-002  0.000000e+000
 3.895000e+002  1.178108e-001  0.000000e+000
 3.900000e+002  7.278860e-003  0.000000e+000
 3.905000e+002  2.185502e-002  0.000000e+000
 3.910000e+002  1.249686e-001  0.000000e+000
 3.915000e+002  5.546229e-002  0.000000e+000
 3.920000e+002  3.425027e-002  0.000000e+000
 3.925000e+002  2.474688e-002  0.000000e+000
 3.930000e+002  6.381680e-002  0.000000e+000
 3.935000e+002  3.812500e-002  0.000000e+000
 3.940000e+002  1.093158e-002  0.000000e+000
 3.945000e+002  4.818536e-002  0.000000e+000
 3.950000e+002  8.428144e-002  0.000000e+000
 3.955000e+002  6.762449e-002  0.000000e+000
 3.960000e+002  3.542062e-002  0.000000e+000
 3.965000e+002  1.141591e-002  0.000000e+000
 3.970000e+002  7.684928e-003  0.000000e+000
 3.975000e+002  3.384664e-002  0.000000e+000
 3.980000e+002  4.581703e-002  0.000000e+000
 3.985000e+002  4.230598e-003  0.000000e+000
 3.990000e+002  3.056255e-002  0.000000e+000
 3.995000e+002  6.216615e-002  0.000000e+000
 4.000000e+002  9.836589e-003  0.000000e+000
 4.005000e+002  1.281269e-002  0.000000e+000
 4.010000e+002  1.310076e-002  0.000000e+000
 4.015000e+002  4.396293e-002  0.000000e+000
 4.020000e+002  4.602840e-003  0.000000e+000
 4.025000e+002  5.483496e-002  0.000000e+000
 4.030000e+002  4.268328e-002  0.000000e+000
 4.035000e+002  1.274811e-002  0.000000e+000
 4.040000e+002  8.206369e-002  0.000000e+000
 4.045000e+002  1.121326e-002  0.000000e+000
 4.050000e+002  1.246502e-001  0.000000e+000
 4.055000e+002  6.296442e-002  0.000000e+000
 4.060000e+002  1.814675e-003  0.000000e+000
 4.065000e+002  7.425138e-002  0.000000e+000
 4.070000e+002  2.587986e-002  0.000000e+000
 4.075000e+002  2.695976e-002  0.000000e+000
 4.080000e+002  4.540349e-002  0.000000e+000
 4.085000e+002  3.184197e-002  0.000000e+000
 4.090000e+002  1.185196e-001  0.000000e+000
 4.095000e+002  3.933836e-002  0.000000e+000
 4.100000e+002  1.004270e-001  0.000000e+000
 4.105000e+002  6.515827e-002  0.000000e+000
 4.110000e+002  1.512108e-002  0.000000e+000
 4.115000e+002  5.270562e-002  0.000000e+000
 4.120000e+002  3.611545e-002  0.000000e+000
 4.125000e+002  2.797944e-001  0.000000e+000
 4.130000e+002  3.218008e-001  0.000000e+000
 4.135000e+002  8.979417e-002  0.000000e+000
 4.140000e+002  1.204668e-002  0.000000e+000
 4.145000e+002  1.724405e-004  0.000000e+000
 4.150000e+002  4.641359e-002  0.000000e+000
 4.155000e+002  1.279054e-002  0.000000e+000
 4.160000e+002  4.608966e-003  0.000000e+000
 4.165000e+002  5.769761e-002  0.000000e+000
 4.170000e+002  4.095898e-002  0.000000e+000
 4.175000e+002  9.339837e-002  0.000000e+000
 4.180000e+002  3.967391e-003  0.000000e+000
 4.185000e+002  5.237794e-002  0.000000e+000
 4.190000e+002  5.868897e-003  0.000000e+000
 4.195000e+002  3.025912e-002  0.000000e+000
 4.200000e+002  2.430754e-002  0.000000e+000
 4.205000e+002  7.336649e-002  0.000000e+000
 4.210000e+002  1.097793e-002  0.000000e+000
 4.215000e+002  3.332010e-002  0.000000e+000
 4.220000e+002  1.657396e-003  0.000000e+000
 4.225000e+002  5.570559e-002  0.000000e+000
 4.230000e+002  8.066291e-002  0.000000e+000
 4.235000e+002  7.216477e-002  0.000000e+000
 4.240000e+002  7.822817e-002  0.000000e+000
 4.245000e+002  9.973212e-002  0.000000e+000
 4.250000e+002  2.992062e-003  0.000000e+000
 4.255000e+002  6.508005e-002  0.000000e+000
 4.260000e+002  6.480202e-004  0.000000e+000
 4.265000e+002  3.857818e-002  0.000000e+000
 4.270000e+002  8.689049e-002  0.000000e+000
 4.275000e+002  7.936601e-002  0.000000e+000
 4.280000e+002  2.600827e-002  0.000000e+000
 4.285000e+002  3.537874e-002  0.000000e+000
 4.290000e+002  7.035889e-002  0.000000e+000
 4.295000e+002  6.039164e-002  0.000000e+000
 4.300000e+002  2.014438e-002  0.000000e+000
 4.305000e+002  3.027500e-002  0.000000e+000
 4.310000e+002  1.615035e-002  0.000000e+000
 4.315000e+002  2.958333e-002  0.000000e+000
 4.320000e+002  4.088931e-003  0.000000e+000
 4.325000e+002  3.277160e-002  0.000000e+000
 4.330000e+002  3.502777e-003  0.000000e+000
 4.335000e+002  3.107527e-003  0.000000e+000
 4.340000e+002  3.520156e-003  0.000000e+000
 4.345000e+002  7.199696e-002  0.000000e+000
 4.350000e+002  5.189868e-003  0.000000e+000
 4.355000e+002  4.789761e-002  0.000000e+000
 4.360000e+002  1.386059e-001  0.000000e+000
 4.365000e+002  8.199506e-002  0.000000e+000
 4.370000e+002  4.811789e-002  0.000000e+000
 4.375000e+002  2.771698e-002  0.000000e+000
 4.380000e+002  7.034658e-002  0.000000e+000
 4.385000e+002  7.061211e-003  0.000000e+000
 4.390000e+002  3.085718e-002  0.000000e+000
 4.395000e+002  9.340952e-002  0.000000e+000
 4.400000e+002  2.877668e-002  0.000000e+000
 4.405000e+002  3.120911e-003  0.000000e+000
 4.410000e+002  9.860004e-002  0.000000e+000
 4.415000e+002  9.612310e-002  0.000000e+000
 4.420000e+002  1.257300e-001  0.000000e+000
 4.425000e+002  3.206519e-002  0.000000e+000
 4.430000e+002  2.700327e-002  0.000000e+000
 4.435000e+002  4.112938e-002  0.000000e+000
 4.440000e+002  6.378978e-003  0.000000e+000
 4.445000e+002  1.207951e-002  0.000000e+000
 4.450000e+002  1.066456e-001  0.000000e+000
 4.455000e+002  5.343552e-003  0.000000e+000
 4.460000e+002  5.341831e-004  0.000000e+000
 4.465000e+002  1.226861e-002  0.000000e+000
 4.470000e+002  5.944943e-002  0.000000e+000
 4.475000e+002  1.520377e-001  0.000000e+000
 4.480000e+002  9.804202e-002  0.000000e+000
 4.485000e+002  5.029524e-002  0.000000e+000
 4.490000e+002  1.343549e-003  0.000000e+000
 4.495000e+002  2.803741e-002  0.000000e+000
 4.500000e+002  1.658965e-002  0.000000e+000
 4.505000e+002  3.669226e-002  0.000000e+000
 4.510000e+002  6.102344e-002  0.000000e+000
 4.515000e+002  3.672141e-002  0.000000e+000
 4.520000e+002  5.008505e-003  0.000000e+000
 4.525000e+002  2.576037e-002  0.000000e+000
 4.530000e+002  2.615325e-002  0.000000e+000
 4.535000e+002  1.717200e-002  0.000000e+000
 4.540000e+002  5.696369e-002  0.000000e+000
 4.545000e+002  2.019725e-002  0.000000e+000
 4.550000e+002  8.566573e-002  0.000000e+000
 4.555000e+002  3.198603e-003  0.000000e+000
 4.560000e+002  1.343549e-001  0.000000e+000
 4.565000e+002  7.962208e-002  0.000000e+000
 4.570000e+002  7.666011e-002  0.000000e+000
 4.575000e+002  5.553383e-002  0.000000e+000
 4.580000e+002  2.072260e-002  0.000000e+000
 4.585000e+002  7.340573e-002  0.000000e+000
 4.590000e+002  3.276823e-002  0.000000e+000
 4.595000e+002  2.490981e-002  0.000000e+000
 4.600000e+002  3.812736e-002  0.000000e+000
 4.605000e+002  6.603505e-002  0.000000e+000
 4.610000e+002  5.501197e-002  0.000000e+000
 4.615000e+002  2.766665e-002  0.000000e+000
 4.620000e+002  7.540274e-002  0.000000e+000
 4.625000e+002  1.156512e-001  0.000000e+000
 4.630000e+002  5.780248e-002  0.000000e+000
 4.635000e+002  1.059089e-001  0.000000e+000
 4.640000e+002  1.497022e-001  0.000000e+000
 4.645000e+002  8.747314e-002  0.000000e+000
 4.650000e+002  5.792259e-002  0.000000e+000
 4.655000e+002  1.016903e-002  0.000000e+000
 4.660000e+002  1.997114e-002  0.000000e+000
 4.665000e+002  1.030245e-001  0.000000e+000
 4.670000e+002  5.007290e-002  0.000000e+000
 4.675000e+002  8.441138e-002  0.000000e+000
 4.680000e+002  6.433535e-002  0.000000e+000
 4.685000e+002  1.511248e-001  0.000000e+000
 4.690000e+002  3.061774e-002  0.000000e+000
 4.695000e+002  1.288363e-002  0.000000e+000
 4.700000e+002  7.449368e-002  0.000000e+000
 4.705000e+002  1.374670e-001  0.000000e+000
 4.710000e+002  1.201788e-001  0.000000e+000
 4.715000e+002  6.870206e-002  0.000000e+000
 4.720000e+002  1.141304e-002  0.000000e+000
 4.725000e+002  1.021958e-001  0.000000e+000
 4.730000e+002  2.461422e-002  0.000000e+000
 4.735000e+002  1.028834e-001  0.000000e+000
 4.740000e+002  1.652860e-001  0.000000e+000
 4.745000e+002  3.297129e-002  0.000000e+000
 4.750000e+002  3.908692e-002  0.000000e+000
 4.755000e+002  5.231340e-003  0.000000e+000
 4.760000e+002  5.321985e-003  0.000000e+000
 4.765000e+002  4.209405e-002  0.000000e+000
 4.770000e+002  1.048834e-002  0.000000e+000
 4.775000e+002  1.652877e-001  0.000000e+000
 4.780000e+002  1.107756e-001  0.000000e+000
 4.785000e+002  7.240431e-002  0.000000e+000
 4.790000e+002  8.052406e-002  0.000000e+000
 4.795000e+002  3.511387e-002  0.000000e+000
 4.800000e+002  3.537944e-002  0.000000e+000
 4.805000e+002  3.800299e-002  0.000000e+000
 4.810000e+002  4.970214e-002  0.000000e+000
 4.815000e+002  4.448589e-002  0.000000e+000
 4.820000e+002  3.739916e-002  0.000000e+000
 4.825000e+002  8.487085e-002  0.000000e+000
 4.830000e+002  1.731303e-001  0.000000e+000
 4.835000e+002  5.969964e-002  0.000000e+000
 4.840000e+002  5.392581e-002  0.000000e+000
 4.845000e+002  3.340714e-002  0.000000e+000
 4.850000e+002  8.271202e-002  0.000000e+000
 4.855000e+002  4.750421e-002  0.000000e+000
 4.860000e+002  6.610288e-003  0.000000e+000
 4.865000e+002  2.592542e-004  0.000000e+000
 4.870000e+002  3.105795e-004  0.000000e+000
 4.875000e+002  6.018058e-002  0.000000e+000
 4.880000e+002  1.209114e-002  0.000000e+000
 4.885000e+002  5.403486e-003  0.000000e+000
 4.890000e+002  1.630929e-002  0.000000e+000
 4.895000e+002  1.035999e-001  0.000000e+000
 4.900000e+002  6.005975e-002  0.000000e+000
 4.905000e+002  2.122167e-001  0.000000e+000
 4.910000e+002  3.891923e-002  0.000000e+000
 4.915000e+002  7.111986e-003  0.000000e+000
 4.920000e+002  1.416089e-003  0.000000e+000
 4.925000e+002  6.557503e-002  0.000000e+000
 4.930000e+002  1.333315e-002  0.000000e+000
 4.935000e+002  2.887781e-002  0.000000e+000
 4.940000e+002  1.009897e-002  0.000000e+000
 4.945000e+002  5.651034e-002  0.000000e+000
 4.950000e+002  2.802501e-002  0.000000e+000
 4.955000e+002  1.213207e-002  0.000000e+000
 4.960000e+002  5.420037e-002  0.000000e+000
 4.965000e+002  4.997661e-002  0.000000e+000
 4.970000e+002  1.717161e-002  0.000000e+000
 4.975000e+002  5.561287e-002  0.000000e+000
 4.980000e+002  5.506197e-002  0.000000e+000
 4.985000e+002  9.319884e-002  0.000000e+000
 4.990000e+002  2.738651e-002  0.000000e+000
 4.995000e+002  1.241064e-001  0.000000e+000
 5.000000e+002  3.399841e-004  0.000000e+000
 5.005000e+002  5.844931e-002  0.000000e+000
 5.010000e+002  1.286108e-001  0.000000e+000
 5.015000e+002  7.540927e-002  0.000000e+000
 5.020000e+002  3.410656e-002  0.000000e+000
 5.025000e+002  2.622987e-002  0.000000e+000
 5.030000e+002  1.013081e-002  0.000000e+000
 5.035000e+002  2.161258e-002  0.000000e+000
 5.040000e+002  1.601099e-002  0.000000e+000
 5.045000e+002  9.780863e-003  0.000000e+000
 5.050000e+002  3.878659e-002  0.000000e+000
 5.055000e+002  4.080287e-002  0.000000e+000
 5.060000e+002  9.844732e-004  0.000000e+000
 5.065000e+002  4.204443e-002  0.000000e+000
 5.070000e+002  9.158495e-002  0.000000e+000
 5.075000e+002  2.137547e-002  0.000000e+000
 5.080000e+002  2.107612e-003  0.000000e+000
 5.085000e+002  2.400173e-002  0.000000e+000
 5.090000e+002  3.290033e-003  0.000000e+000
 5.095000e+002  1.924876e-002  0.000000e+000
 5.100000e+002  1.229143e-002  0.000000e+000
 5.105000e+002  2.784727e-002  0.000000e+000
 5.110000e+002  2.264945e-002  0.000000e+000
 5.115000e+002  4.107571e-002  0.000000e+000
 5.120000e+002  5.607473e-003  0.000000e+000
