 0.000000e+000 -4.816283e-007  0.000000e+000
 5.000000e-001 -2.955754e-006 -1.328624e-006
 1.000000e+000 -3.590961e-006 -8.372275e-007
 1.500000e+000 -3.456000e-006 -1.049108e-006
 2.000000e+000 -3.792187e-006 -8.039897e-007
 2.500000e+000 -3.933100e-006 -3.997668e-007
 3.000000e+000 -3.957098e-006 -8.602708e-007
 3.500000e+000 -4.129969e-006 -5.042682e-007
 4.000000e+000 -4.407128e-006 -2.383808e-007
 4.500000e+000 -4.002083e-006 -6.288532e-007
 5.000000e+000 -3.602162e-006 -6.034832e-007
 5.500000e+000 -4.451894e-006 -9.679970e-007
 6.000000e+000  2.044559e-006  1.791987e-005
 6.500000e+000 -4.150095e-006  4.304588e-007
 7.000000e+000 -4.146927e-006 -2.422477e-007
 7.500000e+000 -4.252349e-006 -3.958166e-007
 8.000000e+000 -4.343773e-006 -3.306158e-007
 8.500000e+000 -4.392790e-006 -4.319579e-007
 9.000000e+000 -4.223657e-006 -2.634302e-007
 9.500000e+000 -4.593365e-006 -5.119380e-007
 1.000000e+001 -4.473542e-006 -3.038166e-007
 1.050000e+001 -4.934982e-006 -1.033477e-006
 1.100000e+001 -4.852046e-006 -9.099966e-007
 1.150000e+001 -4.517930e-006 -1.537055e-006
 1.200000e+001 -1.937203e-005  8.766597e-006
 1.250000e+001 -6.474469e-006 -2.423187e-007
 1.300000e+001 -5.949390e-006 -4.042174e-007
 1.350000e+001 -6.310574e-006 -6.633405e-007
 1.400000e+001 -6.368213e-006 -8.976180e-007
 1.450000e+001 -6.837455e-006 -8.389312e-007
 1.500000e+001 -7.262111e-006 -8.490276e-007
 1.550000e+001 -7.538708e-006 -8.403153e-007
 1.600000e+001 -7.992191e-006 -1.260608e-006
 1.650000e+001 -8.541995e-006 -1.064050e-006
 1.700000e+001 -9.254735e-006 -1.354178e-006
 1.750000e+001 -9.547552e-006 -1.600159e-006
 1.800000e+001 -5.140075e-005 -1.591824e-006
 1.850000e+001 -1.268069e-005 -1.753955e-006
 1.900000e+001 -1.433800e-005 -2.065359e-006
 1.950000e+001 -1.701405e-005 -2.535056e-006
 2.000000e+001 -2.035501e-005 -2.971730e-006
 2.050000e+001 -2.530250e-005 -3.640861e-006
 2.100000e+001 -3.488769e-005 -4.191010e-006
 2.150000e+001 -5.574735e-005 -5.208419e-006
 2.200000e+001 -1.440905e-004  9.302527e-006
 2.250000e+001  1.841881e-004  1.089123e-004
 2.300000e+001  6.036435e-005  1.885060e-005
 2.350000e+001  3.445422e-005  9.861782e-006
 2.400000e+001  2.700906e-005  7.597019e-006
 2.450000e+001  1.930195e-005  4.888905e-006
 2.500000e+001  1.529677e-005  3.470222e-006
 2.550000e+001  1.269633e-005  3.196671e-006
 2.600000e+001  1.090427e-005  2.833141e-006
 2.650000e+001  9.571812e-006  2.500525e-006
 2.700000e+001  8.620405e-006  2.229278e-006
 2.750000e+001  7.702545e-006  1.846011e-006
 2.800000e+001  6.976665e-006  1.606815e-006
 2.850000e+001  6.270282e-006  1.805104e-006
 2.900000e+001  5.769430e-006  1.746908e-006
 2.950000e+001  5.244344e-006  1.615182e-006
 3.000000e+001  5.836839e-006 -7.842985e-008
 3.050000e+001  4.412263e-006  1.123797e-006
 3.100000e+001  4.246034e-006  1.045269e-006
 3.150000e+001  4.050466e-006  1.244982e-006
 3.200000e+001  3.732067e-006  9.389717e-007
 3.250000e+001  3.542682e-006  1.028263e-006
 3.300000e+001  3.287089e-006  9.335423e-007
 3.350000e+001  3.186229e-006  8.991130e-007
 3.400000e+001  3.027401e-006  9.329456e-007
 3.450000e+001  3.057491e-006  9.410357e-007
 3.500000e+001  2.805437e-006  8.536613e-007
 3.550000e+001  2.446030e-006  7.187468e-007
 3.600000e+001  3.979885e-006  6.650210e-007
 3.650000e+001  2.710688e-006  6.678759e-007
 3.700000e+001  2.531651e-006  6.965713e-007
 3.750000e+001  2.435857e-006  6.307955e-007
 3.800000e+001  2.358260e-006  7.140299e-007
 3.850000e+001  2.198756e-006  6.153510e-007
 3.900000e+001  2.153592e-006  6.317576e-007
 3.950000e+001  2.013765e-006  7.040436e-007
 4.000000e+001  1.992325e-006  7.171581e-007
 4.050000e+001  2.030288e-006  5.897767e-007
 4.100000e+001  1.880362e-006  6.045824e-007
 4.150000e+001  1.800943e-006  8.023394e-007
 4.200000e+001  2.674517e-006 -4.828933e-007
 4.250000e+001  1.891536e-006  1.486420e-007
 4.300000e+001  1.871431e-006  3.405248e-007
 4.350000e+001  1.677105e-006  4.789045e-007
 4.400000e+001  1.648360e-006  3.969090e-007
 4.450000e+001  1.725200e-006  4.254075e-007
 4.500000e+001  1.594944e-006  3.698030e-007
 4.550000e+001  1.581490e-006  3.602720e-007
 4.600000e+001  1.655000e-006  3.803714e-007
 4.650000e+001  1.557921e-006  3.712775e-007
 4.700000e+001  1.558689e-006  4.094553e-007
 4.750000e+001  1.544215e-006  3.298082e-007
 4.800000e+001  1.025075e-006  1.248117e-006
 4.850000e+001  1.434125e-006  4.210150e-007
 4.900000e+001  1.419661e-006  4.082570e-007
 4.950000e+001  1.298837e-006  2.856881e-007
 5.000000e+001  1.370397e-006  3.408307e-007
 5.050000e+001  1.446798e-006  3.411075e-007
 5.100000e+001  1.421738e-006  2.323779e-007
 5.150000e+001  1.409411e-006  3.547382e-007
 5.200000e+001  1.404772e-006  2.659731e-007
 5.250000e+001  1.629600e-006  2.920842e-007
 5.300000e+001  1.418184e-006  1.946067e-007
 5.350000e+001  1.837201e-006  2.279652e-007
 5.400000e+001  2.913781e-006 -1.466307e-006
 5.450000e+001  7.729159e-007  4.641712e-007
 5.500000e+001  9.065197e-007  5.212764e-007
 5.550000e+001  1.071336e-006  4.154408e-007
 5.600000e+001  1.088641e-006  3.777089e-007
 5.650000e+001  1.113332e-006  2.811934e-007
 5.700000e+001  1.048549e-006  4.242984e-007
 5.750000e+001  1.045056e-006  3.794167e-007
 5.800000e+001  1.209475e-006  4.268523e-007
 5.850000e+001  1.013532e-006  3.958709e-007
 5.900000e+001  9.431334e-007  7.400292e-007
 5.950000e+001  3.935029e-007  1.188411e-006
 6.000000e+001  2.319615e-006 -1.288217e-006
 6.050000e+001  1.606074e-006 -2.228989e-008
 6.100000e+001  1.542818e-006  2.476654e-008
 6.150000e+001  1.458710e-006  2.403006e-007
 6.200000e+001  1.550756e-006  1.568852e-007
 6.250000e+001  1.542391e-006  4.028779e-008
 6.300000e+001  1.453429e-006  1.582020e-007
 6.350000e+001  1.465615e-006  2.026723e-007
 6.400000e+001  1.522322e-006  1.277870e-007
 6.450000e+001  1.493789e-006  1.695512e-007
 6.500000e+001  1.333229e-006  8.385154e-008
 6.550000e+001  6.761354e-007  2.427962e-007
 6.600000e+001  3.517114e-006 -1.982169e-006
 6.650000e+001  1.888779e-006 -5.237517e-007
 6.700000e+001  1.678728e-006 -5.633773e-008
 6.750000e+001  2.094618e-006  6.195165e-007
 6.800000e+001  2.359186e-006  3.374277e-008
 6.850000e+001  2.097723e-006  2.329060e-007
 6.900000e+001  2.667142e-006  1.351896e-007
 6.950000e+001  2.870717e-006  1.393102e-007
 7.000000e+001  3.026026e-006 -2.898043e-007
 7.050000e+001  3.319025e-006 -4.308964e-007
 7.100000e+001  3.260350e-006 -6.211174e-007
 7.150000e+001  3.389643e-006 -7.564475e-007
 7.200000e+001  3.863745e-006 -6.918300e-007
 7.250000e+001  2.547888e-006 -1.553168e-006
 7.300000e+001  2.490502e-006 -1.102921e-006
 7.350000e+001  2.575047e-006 -9.602199e-007
 7.400000e+001  2.780913e-006 -4.803661e-007
 7.450000e+001  3.350298e-006 -6.034915e-007
 7.500000e+001  3.799149e-006 -7.395907e-007
 7.550000e+001  4.163909e-006 -6.586950e-007
 7.600000e+001  5.009578e-006 -5.641324e-007
 7.650000e+001  5.873717e-006 -1.269477e-006
 7.700000e+001  6.969616e-006 -1.367582e-006
 7.750000e+001  9.764386e-006 -2.522132e-006
 7.800000e+001  1.273738e-005 -4.932775e-006
 7.850000e+001  1.991744e-005 -1.232202e-005
 7.900000e+001  1.762872e-005 -4.317108e-005
 7.950000e+001 -2.888634e-005 -1.795544e-005
 8.000000e+001 -1.663003e-005 -2.974850e-006
 8.050000e+001 -1.054996e-005 -1.065722e-006
 8.100000e+001 -7.730344e-006 -2.593077e-007
 8.150000e+001 -6.264287e-006 -6.511902e-008
 8.200000e+001 -5.341018e-006 -1.457765e-007
 8.250000e+001 -4.465021e-006 -8.291200e-008
 8.300000e+001 -3.674905e-006  4.213112e-007
 8.350000e+001 -3.791095e-006  4.471274e-007
 8.400000e+001 -3.244269e-006 -5.278062e-007
 8.450000e+001 -2.868329e-006 -1.144889e-007
 8.500000e+001 -2.608240e-006  7.933596e-009
 8.550000e+001 -2.303787e-006  6.425315e-009
 8.600000e+001 -2.214490e-006 -2.482922e-008
 8.650000e+001 -2.204452e-006  8.846793e-008
 8.700000e+001 -1.887810e-006  7.177560e-008
 8.750000e+001 -1.912143e-006 -3.687871e-008
 8.800000e+001 -1.809234e-006 -1.672302e-008
 8.850000e+001 -1.663978e-006 -2.054785e-008
 8.900000e+001 -1.708422e-006 -5.117340e-008
 8.950000e+001 -2.082536e-006 -3.010814e-007
 9.000000e+001 -9.524974e-007  3.611077e-007
 9.050000e+001 -1.168791e-006  8.733248e-008
 9.100000e+001 -1.184339e-006  1.597509e-008
 9.150000e+001 -1.201887e-006  9.620570e-008
 9.200000e+001 -1.150465e-006  9.376332e-008
 9.250000e+001 -1.137555e-006  9.019769e-008
 9.300000e+001 -1.011434e-006  5.187068e-008
 9.350000e+001 -1.053005e-006  3.858570e-008
 9.400000e+001 -1.089734e-006 -1.697009e-007
 9.450000e+001 -9.885930e-007 -7.810306e-008
 9.500000e+001 -1.078045e-006 -1.488595e-007
 9.550000e+001 -8.943988e-007 -6.895793e-007
 9.600000e+001 -7.564254e-007  5.828409e-007
 9.650000e+001 -7.413813e-007  1.661539e-007
 9.700000e+001 -8.159461e-007  2.302136e-007
 9.750000e+001 -8.924271e-007  5.861852e-008
 9.800000e+001 -8.451009e-007  1.190646e-007
 9.850000e+001 -8.808633e-007  2.036254e-008
 9.900000e+001 -9.186736e-007  7.847658e-008
 9.950000e+001 -7.695994e-007  1.741664e-007
 1.000000e+002 -8.577466e-007  1.717041e-007
 1.005000e+002 -7.692831e-007  1.584036e-007
 1.010000e+002 -7.843147e-007  2.559327e-007
 1.015000e+002 -8.376340e-007  1.049151e-007
 1.020000e+002 -2.272323e-006 -3.066317e-006
 1.025000e+002 -7.843145e-007  1.654060e-007
 1.030000e+002 -8.652621e-007  1.743958e-007
 1.035000e+002 -8.681768e-007  2.534754e-007
 1.040000e+002 -7.270474e-007  3.239887e-007
 1.045000e+002 -7.052807e-007  3.993906e-007
 1.050000e+002 -6.904672e-007  3.989329e-007
 1.055000e+002 -6.157768e-007  5.697851e-007
 1.060000e+002 -6.292035e-007  4.375908e-007
 1.065000e+002 -4.391812e-007  3.072814e-007
 1.070000e+002 -4.089818e-007  2.788283e-007
 1.075000e+002 -3.701574e-007  4.959797e-007
 1.080000e+002 -6.253473e-007 -2.851762e-007
 1.085000e+002 -3.286682e-007  2.386374e-007
 1.090000e+002 -2.855281e-007  2.822145e-007
 1.095000e+002 -3.282491e-007  1.720879e-007
 1.100000e+002 -2.677520e-007  1.800537e-007
 1.105000e+002 -2.765615e-007  6.071269e-008
 1.110000e+002 -2.634634e-007  1.107764e-007
 1.115000e+002 -4.058390e-007  1.196665e-008
 1.120000e+002 -3.822747e-007  9.903492e-008
 1.125000e+002 -2.871278e-007 -4.717331e-008
 1.130000e+002 -3.033466e-007  2.784778e-008
 1.135000e+002 -4.624336e-007  8.316146e-008
 1.140000e+002 -5.858687e-007  1.191430e-007
 1.145000e+002  3.947686e-007 -3.546954e-008
 1.150000e+002 -1.166982e-007  3.955887e-008
 1.155000e+002 -5.795879e-008  1.526971e-007
 1.160000e+002 -2.230739e-007  9.669818e-008
 1.165000e+002 -1.672175e-007  7.193639e-008
 1.170000e+002 -2.057288e-007  1.366839e-007
 1.175000e+002 -1.315640e-007  1.321458e-007
 1.180000e+002 -1.805848e-007  1.691048e-007
 1.185000e+002 -1.279121e-007  1.071117e-007
 1.190000e+002  7.620454e-008  2.363465e-007
 1.195000e+002 -2.228207e-007  2.495028e-007
 1.200000e+002  6.073645e-007 -1.809202e-007
 1.205000e+002 -1.672582e-007  6.609054e-008
 1.210000e+002 -1.175471e-007  2.414453e-007
 1.215000e+002 -1.372201e-007  1.341512e-007
 1.220000e+002  2.745809e-008  3.177945e-008
 1.225000e+002 -2.804841e-008 -5.206608e-008
 1.230000e+002  5.109125e-009  2.698610e-008
 1.235000e+002 -9.944837e-008 -1.012962e-007
 1.240000e+002 -7.561664e-008  6.629865e-008
 1.245000e+002 -5.927279e-008  5.140205e-009
 1.250000e+002 -1.969811e-007  9.529588e-008
 1.255000e+002 -1.465199e-007 -4.762790e-008
 1.260000e+002  6.573455e-008  1.233654e-006
 1.265000e+002 -5.065150e-008 -1.836605e-007
 1.270000e+002 -7.013080e-008 -1.125098e-007
 1.275000e+002 -8.931179e-008 -1.121443e-007
 1.280000e+002 -9.864488e-008 -5.302861e-008
 1.285000e+002 -7.039992e-008 -1.278738e-007
 1.290000e+002 -2.057820e-007 -1.801757e-007
 1.295000e+002 -8.454988e-008 -5.335805e-008
 1.300000e+002 -1.190271e-007 -2.046152e-008
 1.305000e+002 -2.006645e-007 -6.458913e-008
 1.310000e+002 -4.770190e-008 -1.251867e-007
 1.315000e+002 -4.408721e-008 -4.953558e-008
 1.320000e+002 -1.023914e-007  1.666681e-007
 1.325000e+002 -2.145549e-007 -6.787846e-008
 1.330000e+002 -1.093909e-007  3.892479e-008
 1.335000e+002 -1.991614e-007 -6.691411e-008
 1.340000e+002 -7.122017e-008 -3.546935e-008
 1.345000e+002 -6.901444e-008 -6.622436e-008
 1.350000e+002 -1.069487e-007 -5.426914e-008
 1.355000e+002 -2.096940e-007 -5.199894e-009
 1.360000e+002 -1.188405e-007 -4.302419e-008
 1.365000e+002 -4.108580e-008 -5.666555e-008
 1.370000e+002 -1.920281e-007 -9.073876e-009
 1.375000e+002 -4.642843e-009  1.328398e-007
 1.380000e+002 -2.003598e-006 -1.985287e-007
 1.385000e+002 -1.650313e-007 -8.871275e-008
 1.390000e+002 -1.572176e-007 -6.324461e-008
 1.395000e+002 -1.153045e-007  4.930447e-009
 1.400000e+002 -1.178594e-007 -3.420043e-008
 1.405000e+002 -3.436883e-008 -5.340468e-008
 1.410000e+002 -1.391138e-007 -8.700492e-008
 1.415000e+002 -3.638859e-008 -1.682231e-008
 1.420000e+002 -6.544581e-008 -6.304722e-008
 1.425000e+002 -1.860426e-007 -1.241639e-007
 1.430000e+002 -1.107994e-007 -5.038305e-008
 1.435000e+002 -1.746332e-007  4.249723e-008
 1.440000e+002 -3.858769e-007  1.225384e-007
 1.445000e+002 -3.887101e-008 -9.037113e-008
 1.450000e+002 -1.064331e-007 -9.567500e-008
 1.455000e+002 -1.241022e-007 -9.184226e-008
 1.460000e+002 -1.414829e-007 -1.310867e-007
 1.465000e+002 -1.550862e-007 -6.145258e-008
 1.470000e+002 -6.338972e-008 -7.953550e-008
 1.475000e+002 -4.609433e-008 -7.095293e-008
 1.480000e+002 -1.085760e-007 -1.147339e-008
 1.485000e+002 -4.861005e-008 -8.013954e-008
 1.490000e+002  8.089843e-009 -6.924978e-008
 1.495000e+002  1.081562e-007 -1.416599e-007
 1.500000e+002 -6.686614e-007 -5.221992e-007
 1.505000e+002 -3.852214e-007  2.365671e-007
 1.510000e+002 -1.457873e-007  4.011086e-008
 1.515000e+002 -1.809080e-007 -6.419480e-008
 1.520000e+002 -1.176656e-007 -2.513600e-008
 1.525000e+002 -9.671647e-008 -8.359749e-008
 1.530000e+002 -1.477125e-007 -4.423416e-008
 1.535000e+002 -9.657073e-008 -7.266305e-008
 1.540000e+002 -1.590919e-008  3.909255e-008
 1.545000e+002 -8.569337e-008 -8.712682e-008
 1.550000e+002 -1.156565e-007  4.240812e-008
 1.555000e+002 -8.632541e-008 -6.193315e-008
 1.560000e+002 -6.378520e-008 -1.683098e-007
 1.565000e+002 -5.370851e-008 -8.547564e-009
 1.570000e+002 -1.719732e-007 -6.838218e-008
 1.575000e+002  6.901452e-008 -2.172188e-008
 1.580000e+002 -4.099086e-008  2.358614e-008
 1.585000e+002 -1.202354e-007 -2.070368e-009
 1.590000e+002 -6.300013e-008  8.536178e-009
 1.595000e+002 -1.159294e-007 -3.402574e-008
 1.600000e+002 -8.741343e-008 -4.336543e-008
 1.605000e+002 -1.801333e-007  7.819683e-008
 1.610000e+002 -1.654191e-007  1.000880e-007
 1.615000e+002 -2.307906e-007  1.045637e-007
 1.620000e+002 -6.133757e-007  5.739040e-007
 1.625000e+002  2.631091e-007 -4.453281e-007
 1.630000e+002  6.639766e-008 -1.357416e-007
 1.635000e+002  1.921421e-008 -1.460622e-007
 1.640000e+002 -7.702822e-008 -1.779768e-007
 1.645000e+002 -2.209591e-008 -1.675627e-007
 1.650000e+002  5.298970e-008 -3.501208e-008
 1.655000e+002 -4.209399e-008 -7.700085e-008
 1.660000e+002 -5.030883e-008  1.785115e-008
 1.665000e+002  3.977462e-008 -7.686427e-008
 1.670000e+002 -1.137567e-007 -5.051828e-008
 1.675000e+002  7.320086e-009 -1.260621e-007
 1.680000e+002 -2.434994e-007  3.371706e-008
 1.685000e+002  1.513848e-007 -2.069870e-008
 1.690000e+002 -3.024396e-008  1.646499e-008
 1.695000e+002  2.306652e-008  2.079434e-008
 1.700000e+002  1.967451e-008 -4.883250e-008
 1.705000e+002  3.338003e-008 -7.743515e-008
 1.710000e+002 -8.201204e-009 -1.493336e-007
 1.715000e+002  4.118605e-008 -8.118378e-008
 1.720000e+002 -1.160175e-008 -2.208859e-008
 1.725000e+002 -2.285442e-009  8.196054e-008
 1.730000e+002  1.469681e-008  3.701334e-008
 1.735000e+002  4.272190e-008  1.294093e-007
 1.740000e+002 -3.043539e-007  1.800108e-006
 1.745000e+002  6.232872e-008 -3.499164e-007
 1.750000e+002  2.843597e-008 -1.032446e-007
 1.755000e+002 -5.699578e-008 -7.595275e-008
 1.760000e+002 -4.747385e-008 -1.087938e-007
 1.765000e+002 -1.023950e-007  3.311628e-009
 1.770000e+002 -4.161756e-008 -8.419643e-008
 1.775000e+002  3.107756e-008 -1.154542e-007
 1.780000e+002 -4.663732e-008 -9.536664e-008
 1.785000e+002 -7.947443e-008 -1.241084e-007
 1.790000e+002 -1.412282e-007 -1.345712e-007
 1.795000e+002 -3.918816e-008 -1.910432e-007
 1.800000e+002 -2.335430e-008 -4.540535e-007
 1.805000e+002 -1.115187e-007  1.658169e-007
 1.810000e+002 -8.516684e-008  5.365991e-008
 1.815000e+002 -7.735258e-008  1.191782e-008
 1.820000e+002 -4.950035e-008 -3.645058e-008
 1.825000e+002 -2.999057e-008 -4.517503e-008
 1.830000e+002 -1.735579e-008 -1.538440e-007
 1.835000e+002 -2.969883e-008 -7.122962e-008
 1.840000e+002 -1.724200e-008  5.656398e-008
 1.845000e+002  5.678937e-009  2.802654e-008
 1.850000e+002  2.879176e-008  4.197723e-008
 1.855000e+002 -1.682439e-007 -1.056799e-007
 1.860000e+002 -3.837035e-007 -1.712297e-007
 1.865000e+002  6.861704e-008 -4.723383e-008
 1.870000e+002 -5.284919e-009 -1.090749e-008
 1.875000e+002  1.328865e-008  1.015778e-008
 1.880000e+002 -1.035958e-008  2.760325e-008
 1.885000e+002 -3.506776e-008 -3.508644e-008
 1.890000e+002  2.312118e-008  9.283633e-008
 1.895000e+002 -3.473486e-008  5.973458e-009
 1.900000e+002 -1.171456e-008 -6.610067e-008
 1.905000e+002 -2.197093e-008  8.982839e-008
 1.910000e+002  2.992162e-008 -1.507501e-008
 1.915000e+002 -3.253610e-008  1.033588e-007
 1.920000e+002 -1.998818e-007  2.679661e-007
 1.925000e+002  5.940049e-008 -6.924870e-008
 1.930000e+002 -2.409242e-009  1.981028e-008
 1.935000e+002 -2.487166e-008 -1.013778e-008
 1.940000e+002  2.872580e-008 -4.071920e-008
 1.945000e+002  7.735057e-008  4.990340e-009
 1.950000e+002  1.442446e-007  3.153574e-008
 1.955000e+002  8.299438e-008  4.860885e-008
 1.960000e+002  3.494137e-008  1.302449e-007
 1.965000e+002  1.081592e-007  1.608227e-007
 1.970000e+002  2.302212e-007  1.454107e-007
 1.975000e+002  3.046275e-007  1.246477e-007
 1.980000e+002  1.095222e-006  9.650995e-007
 1.985000e+002 -8.113247e-007 -6.390048e-007
 1.990000e+002 -2.877498e-007 -3.809263e-007
 1.995000e+002 -7.483389e-008 -1.989911e-007
 2.000000e+002 -1.521794e-007 -1.240757e-007
 2.005000e+002 -2.127262e-007 -4.957312e-008
 2.010000e+002 -1.109468e-007 -1.258397e-007
 2.015000e+002 -1.070948e-007 -1.589479e-007
 2.020000e+002 -3.889278e-008 -1.114275e-007
 2.025000e+002 -8.582158e-008 -6.606850e-008
 2.030000e+002 -1.682474e-007 -1.177199e-007
 2.035000e+002  5.051683e-010 -2.367196e-008
 2.040000e+002 -1.630218e-008  1.039566e-007
 2.045000e+002 -7.830310e-008 -2.546639e-007
 2.050000e+002  4.503046e-008 -1.040041e-007
 2.055000e+002 -7.308903e-008 -4.494942e-008
 2.060000e+002 -6.908881e-008 -1.241646e-007
 2.065000e+002  3.109733e-008 -5.310961e-008
 2.070000e+002 -1.177168e-008 -8.357318e-008
 2.075000e+002 -1.409732e-009  3.212436e-008
 2.080000e+002  1.579346e-008  6.333531e-008
 2.085000e+002 -3.247506e-008 -7.654676e-008
 2.090000e+002  5.617404e-009 -9.043597e-008
 2.095000e+002 -5.102254e-008 -2.757670e-008
 2.100000e+002 -4.513846e-007  1.633698e-007
 2.105000e+002 -7.434181e-008 -1.661873e-007
 2.110000e+002 -6.036451e-008 -1.045108e-007
 2.115000e+002 -9.725370e-009 -3.407735e-008
 2.120000e+002 -1.425422e-007  4.195115e-008
 2.125000e+002 -2.053962e-008  5.543039e-008
 2.130000e+002 -7.473006e-008 -3.939547e-008
 2.135000e+002 -6.168378e-008 -9.043440e-008
 2.140000e+002 -7.127800e-008 -2.278619e-008
 2.145000e+002 -9.825583e-008 -8.637873e-008
 2.150000e+002 -4.514838e-008 -7.846200e-008
 2.155000e+002 -8.208146e-008 -1.494223e-008
 2.160000e+002 -1.589294e-007 -2.953369e-008
 2.165000e+002  3.195334e-008  1.377739e-008
 2.170000e+002  7.084747e-008  1.995959e-008
 2.175000e+002  2.519782e-008 -2.995518e-008
 2.180000e+002 -7.365314e-008  1.742237e-008
 2.185000e+002 -3.315576e-008 -6.162055e-008
 2.190000e+002 -2.681527e-008 -3.698790e-008
 2.195000e+002 -1.786032e-008 -3.674184e-008
 2.200000e+002 -1.342636e-008 -5.917770e-008
 2.205000e+002  2.558106e-008 -1.254772e-007
 2.210000e+002 -9.901845e-008  3.286243e-008
 2.215000e+002 -7.131201e-008 -1.718077e-007
 2.220000e+002 -1.043801e-006 -7.003342e-007
 2.225000e+002  1.566778e-007  1.243477e-007
 2.230000e+002 -3.615616e-008  2.802967e-008
 2.235000e+002  5.328994e-008  1.138171e-007
 2.240000e+002 -4.729219e-008  3.872139e-008
 2.245000e+002  6.501639e-009  9.425477e-008
 2.250000e+002  4.424079e-008 -1.758134e-008
 2.255000e+002 -7.495243e-010  5.004593e-008
 2.260000e+002  1.194034e-007  8.405112e-008
 2.265000e+002  3.955966e-008 -1.617247e-008
 2.270000e+002 -6.981633e-008  5.371963e-008
 2.275000e+002  6.160227e-008  1.029623e-007
 2.280000e+002  1.619775e-007 -4.961163e-008
 2.285000e+002 -6.908990e-008  5.926342e-008
 2.290000e+002 -6.620066e-008  1.618570e-007
 2.295000e+002 -8.559846e-008  8.260994e-009
 2.300000e+002 -7.817801e-008  3.992195e-008
 2.305000e+002 -4.228562e-008 -6.690794e-009
 2.310000e+002  6.101612e-008  1.405932e-007
 2.315000e+002 -3.059066e-008  1.539893e-009
 2.320000e+002 -1.682647e-008  1.899885e-007
 2.325000e+002 -1.009069e-007  8.948137e-008
 2.330000e+002  8.795679e-008  1.504309e-007
 2.335000e+002 -6.492666e-008  1.347276e-007
 2.340000e+002 -1.478246e-007 -5.500872e-008
 2.345000e+002 -6.559813e-008 -1.989863e-007
 2.350000e+002 -2.038031e-007 -3.173364e-008
 2.355000e+002 -1.195741e-007 -5.967410e-008
 2.360000e+002 -1.997311e-007 -5.458103e-008
 2.365000e+002 -4.187623e-008  2.864030e-008
 2.370000e+002 -1.377962e-007 -5.660470e-008
 2.375000e+002 -1.091954e-007  5.618847e-008
 2.380000e+002 -1.442458e-007  1.319564e-007
 2.385000e+002 -1.533322e-007  1.140524e-007
 2.390000e+002 -9.535347e-008  1.254158e-007
 2.395000e+002 -1.555918e-007  1.981602e-007
 2.400000e+002 -7.227534e-007  7.886034e-007
 2.405000e+002 -3.458256e-008  1.813458e-007
 2.410000e+002 -6.562790e-008  3.291165e-007
 2.415000e+002  8.619512e-008  2.909369e-007
 2.420000e+002  2.306827e-007  2.321582e-007
 2.425000e+002  1.895866e-007  1.513802e-007
 2.430000e+002  2.802716e-007  2.327187e-009
 2.435000e+002  2.583595e-007  1.190870e-007
 2.440000e+002  1.124104e-007  7.942112e-008
 2.445000e+002  1.869421e-007  4.514719e-008
 2.450000e+002  8.585184e-008  7.685100e-008
 2.455000e+002  1.790525e-007  1.769853e-008
 2.460000e+002  3.343082e-007  4.215555e-007
 2.465000e+002  5.814004e-008 -9.635348e-008
 2.470000e+002  2.165999e-008 -9.174488e-008
 2.475000e+002 -1.293802e-008 -1.212102e-007
 2.480000e+002  2.878084e-008 -8.920927e-009
 2.485000e+002  1.068693e-007  3.267729e-008
 2.490000e+002  1.463020e-007 -9.801048e-008
 2.495000e+002  7.280882e-008 -8.681962e-008
 2.500000e+002 -2.079240e-009 -6.670173e-008
 2.505000e+002  4.762739e-008 -9.011974e-008
 2.510000e+002  8.666811e-008 -1.828827e-007
 2.515000e+002  2.920839e-008 -2.078548e-007
 2.520000e+002  2.193263e-007 -5.277698e-007
 2.525000e+002 -1.359455e-007  4.754193e-007
 2.530000e+002 -2.692983e-008  1.523686e-007
 2.535000e+002  2.833378e-008  3.580737e-008
 2.540000e+002  3.561734e-008  6.182241e-008
 2.545000e+002  2.736505e-008 -2.146047e-008
 2.550000e+002 -3.884095e-008 -1.722146e-008
 2.555000e+002 -8.498820e-011 -4.680656e-009
 2.560000e+002  2.410905e-008  8.074348e-009
 2.565000e+002  9.467685e-008  1.403599e-008
 2.570000e+002 -8.342955e-008 -3.033379e-008
 2.575000e+002 -5.694898e-009 -2.512919e-007
 2.580000e+002  1.584993e-006 -1.025834e-006
 2.585000e+002  5.345649e-008  7.135833e-008
 2.590000e+002 -9.641813e-008  4.191596e-008
 2.595000e+002 -7.146465e-008  9.766401e-008
 2.600000e+002  2.122897e-008  5.986661e-008
 2.605000e+002  1.420749e-008  6.005832e-008
 2.610000e+002 -7.897613e-008  5.139518e-009
 2.615000e+002  8.009897e-008  8.380969e-009
 2.620000e+002 -1.424324e-007  5.583936e-008
 2.625000e+002 -4.679108e-008 -9.862515e-008
 2.630000e+002 -5.107146e-008 -2.274942e-008
 2.635000e+002 -1.449409e-007 -3.231066e-009
 2.640000e+002 -3.301503e-007  4.560628e-008
 2.645000e+002  6.069111e-008  5.516290e-008
 2.650000e+002  4.248545e-008  8.322712e-008
 2.655000e+002  7.561847e-008  9.319931e-008
 2.660000e+002 -3.406593e-009  1.545659e-007
 2.665000e+002  6.056699e-008  1.948763e-008
 2.670000e+002 -6.209093e-008  2.879887e-008
 2.675000e+002 -8.561205e-008 -1.050585e-007
 2.680000e+002 -6.865643e-009  5.549278e-008
 2.685000e+002 -3.299614e-008  7.195538e-008
 2.690000e+002  4.113672e-008  4.041260e-008
 2.695000e+002  5.995874e-008 -3.932491e-008
 2.700000e+002  2.305254e-007 -8.264652e-008
 2.705000e+002 -4.091341e-007  9.856369e-008
 2.710000e+002 -6.175151e-008  1.206937e-007
 2.715000e+002 -9.555795e-008 -2.041949e-008
 2.720000e+002 -9.599046e-009  7.654627e-008
 2.725000e+002 -1.236092e-007  1.409633e-008
 2.730000e+002 -6.685370e-008  2.384038e-008
 2.735000e+002 -1.248927e-007  1.881654e-008
 2.740000e+002 -1.181803e-007  1.630720e-007
 2.745000e+002 -8.701290e-008  4.049098e-008
 2.750000e+002 -1.517242e-007  2.892814e-008
 2.755000e+002 -1.365068e-007  1.809473e-008
 2.760000e+002 -1.813662e-008  4.864006e-008
 2.765000e+002 -5.151036e-008  1.522606e-007
 2.770000e+002 -1.292629e-007  4.786457e-008
 2.775000e+002 -5.532770e-008  4.268333e-008
 2.780000e+002 -3.047139e-008  1.190260e-007
 2.785000e+002 -7.285699e-008  1.492676e-007
 2.790000e+002 -1.743552e-007  3.564779e-008
 2.795000e+002 -9.175396e-008  3.392449e-008
 2.800000e+002 -7.067362e-008  3.827526e-008
 2.805000e+002 -1.763903e-007 -3.612962e-008
 2.810000e+002 -2.686657e-007 -1.087844e-008
 2.815000e+002 -3.671000e-007 -4.214240e-008
 2.820000e+002 -1.651580e-006 -4.109117e-007
 2.825000e+002  7.349702e-007  3.146410e-007
 2.830000e+002  2.392385e-007  1.287064e-007
 2.835000e+002  1.841133e-007  1.011384e-007
 2.840000e+002  5.364284e-008  8.993570e-008
 2.845000e+002  8.140094e-008  1.240979e-007
 2.850000e+002 -4.135615e-008  9.660692e-008
 2.855000e+002  4.639547e-008  7.081037e-008
 2.860000e+002 -1.094157e-007  1.909783e-007
 2.865000e+002 -1.839434e-008 -1.519058e-008
 2.870000e+002 -7.606205e-008  1.051711e-007
 2.875000e+002 -7.190197e-009  1.088116e-007
 2.880000e+002 -3.329302e-008  2.893456e-007
 2.885000e+002  9.256719e-008 -2.709669e-007
 2.890000e+002 -1.819428e-008 -1.919880e-008
 2.895000e+002 -6.974135e-008  2.263257e-008
 2.900000e+002  4.346167e-008  3.135763e-008
 2.905000e+002  2.181681e-008 -6.285439e-008
 2.910000e+002 -2.755982e-008  2.539222e-008
 2.915000e+002 -2.135716e-008  1.384004e-008
 2.920000e+002 -2.012053e-008  2.523147e-008
 2.925000e+002 -1.014792e-008  8.022837e-008
 2.930000e+002 -8.065229e-009  8.754529e-008
 2.935000e+002  2.588210e-008  8.953623e-008
 2.940000e+002  1.059150e-006  5.190771e-007
 2.945000e+002 -1.129366e-007 -2.059164e-007
 2.950000e+002 -9.508522e-008  4.512524e-010
 2.955000e+002 -4.131173e-008  7.840750e-008
 2.960000e+002 -1.504640e-007  2.404495e-008
 2.965000e+002  3.627056e-008  5.264273e-008
 2.970000e+002 -1.108899e-007  7.634299e-008
 2.975000e+002 -3.305609e-008  9.199604e-008
 2.980000e+002 -9.217156e-008  1.109023e-007
 2.985000e+002 -6.258492e-008 -7.294464e-009
 2.990000e+002 -7.045268e-008  1.622469e-008
 2.995000e+002 -9.204450e-008  5.081859e-008
 3.000000e+002  7.904131e-008 -2.688361e-007
 3.005000e+002 -1.508165e-007  1.258381e-007
 3.010000e+002 -7.001523e-008  1.039508e-008
 3.015000e+002 -8.469983e-008  3.585510e-008
 3.020000e+002 -5.595215e-008  5.474305e-008
 3.025000e+002 -5.569779e-008 -1.278641e-007
 3.030000e+002 -1.126086e-007  2.241828e-008
 3.035000e+002 -2.046451e-008  8.317125e-008
 3.040000e+002 -1.527199e-007 -7.694822e-009
 3.045000e+002 -1.419247e-007 -2.395615e-008
 3.050000e+002 -9.380615e-008  1.106745e-007
 3.055000e+002 -1.504690e-007  3.703741e-009
 3.060000e+002 -3.020090e-007 -2.514358e-008
 3.065000e+002  4.650835e-008  7.328959e-008
 3.070000e+002  1.420744e-008  7.245614e-008
 3.075000e+002  4.392550e-008  7.796500e-008
 3.080000e+002  3.790473e-008  2.046517e-008
 3.085000e+002 -7.203677e-008  6.712680e-008
 3.090000e+002 -2.912678e-009  4.091773e-008
 3.095000e+002 -1.010798e-007  3.080517e-008
 3.100000e+002  3.002352e-008  4.398210e-009
 3.105000e+002 -6.923164e-008  3.085850e-008
 3.110000e+002 -7.630473e-008  1.007651e-008
 3.115000e+002 -4.534103e-008  2.679328e-008
 3.120000e+002 -3.754873e-008 -8.759322e-008
 3.125000e+002 -1.211023e-007  9.729798e-008
 3.130000e+002 -1.165434e-007  2.822846e-008
 3.135000e+002 -1.671913e-007  3.545290e-008
 3.140000e+002 -2.383711e-011 -3.615629e-008
 3.145000e+002 -1.660010e-007  9.066673e-008
 3.150000e+002 -5.273931e-008  7.837136e-008
 3.155000e+002 -9.431819e-008  5.018903e-008
 3.160000e+002  3.688170e-008  6.987679e-008
 3.165000e+002 -1.095248e-007  4.516668e-009
 3.170000e+002 -6.444061e-008  6.479052e-008
 3.175000e+002  2.577258e-008  5.603593e-008
 3.180000e+002  3.221315e-007  2.554599e-008
 3.185000e+002 -4.888762e-007  1.608780e-007
 3.190000e+002 -1.508128e-007  7.992395e-008
 3.195000e+002 -2.193187e-007  5.332353e-008
 3.200000e+002 -1.164815e-007  5.198785e-008
 3.205000e+002 -1.002258e-007  7.836060e-008
 3.210000e+002 -1.638451e-007  3.624023e-008
 3.215000e+002 -1.558161e-007  8.616533e-008
 3.220000e+002 -1.187029e-007  6.648644e-008
 3.225000e+002 -1.798468e-007  4.593236e-008
 3.230000e+002 -1.619103e-007  5.646163e-008
 3.235000e+002  2.554851e-008 -1.362660e-007
 3.240000e+002 -8.519019e-008 -3.940017e-007
 3.245000e+002 -2.206491e-007  1.154674e-006
 3.250000e+002 -1.067549e-007  3.976058e-007
 3.255000e+002 -4.663659e-008  2.744229e-007
 3.260000e+002 -1.187543e-007  2.365501e-007
 3.265000e+002 -1.922002e-007  1.892785e-007
 3.270000e+002 -1.070209e-007  8.997259e-008
 3.275000e+002 -2.254876e-007  1.728551e-007
 3.280000e+002 -1.570188e-007  1.186426e-007
 3.285000e+002 -1.282002e-007  2.118919e-007
 3.290000e+002 -1.035020e-007  1.733242e-007
 3.295000e+002 -3.007218e-007  1.407031e-007
 3.300000e+002 -1.605079e-007  3.384143e-007
 3.305000e+002  3.216912e-008  6.817059e-008
 3.310000e+002 -6.439083e-008  3.077306e-007
 3.315000e+002  2.212097e-009  2.074287e-007
 3.320000e+002 -1.119521e-007  2.079453e-007
 3.325000e+002 -2.469930e-008  2.263338e-007
 3.330000e+002 -3.913227e-008  1.985095e-007
 3.335000e+002  1.050576e-008  2.317401e-007
 3.340000e+002  4.044777e-008  2.852907e-007
 3.345000e+002  1.213930e-007  1.668491e-007
 3.350000e+002  4.422192e-008  1.360092e-007
 3.355000e+002  4.959667e-008  2.077629e-007
 3.360000e+002  9.845855e-008  1.600605e-007
 3.365000e+002  5.742739e-010  1.743845e-007
 3.370000e+002  2.371766e-008  1.616814e-007
 3.375000e+002  2.605758e-008  2.382643e-007
 3.380000e+002  6.448860e-008  2.082460e-007
 3.385000e+002  1.957316e-008  2.424111e-007
 3.390000e+002  8.506535e-008  9.407311e-008
 3.395000e+002  6.578448e-008  8.736983e-008
 3.400000e+002  5.558335e-008  9.115524e-008
 3.405000e+002  4.683411e-008  5.835639e-008
 3.410000e+002  7.182924e-008  9.135347e-008
 3.415000e+002  2.971117e-007  6.910808e-008
 3.420000e+002 -1.360193e-008  1.025020e-006
 3.425000e+002 -3.818446e-007 -8.267462e-007
 3.430000e+002 -5.434883e-008 -1.302191e-007
 3.435000e+002 -1.333561e-008 -6.678520e-008
 3.440000e+002  1.238198e-008 -4.701304e-008
 3.445000e+002 -9.471957e-009  1.339598e-008
 3.450000e+002 -8.815452e-008  3.332412e-009
 3.455000e+002 -6.070468e-008  5.157425e-008
 3.460000e+002 -1.729906e-008  2.089695e-009
 3.465000e+002 -1.795491e-008 -3.762588e-008
 3.470000e+002 -3.253343e-008 -2.837276e-008
 3.475000e+002 -5.417896e-009  4.809614e-008
 3.480000e+002 -1.399643e-007  7.168016e-008
 3.485000e+002  4.909203e-008  3.694878e-009
 3.490000e+002 -8.420259e-009 -8.181756e-009
 3.495000e+002 -6.807938e-008 -6.415756e-009
 3.500000e+002  7.833216e-009 -2.068500e-008
 3.505000e+002 -7.326554e-008 -3.927264e-008
 3.510000e+002  3.554561e-008 -1.720444e-008
 3.515000e+002 -5.538419e-009 -7.832680e-008
 3.520000e+002 -5.803579e-008  9.087064e-008
 3.525000e+002 -1.147577e-007  3.009519e-009
 3.530000e+002 -1.440809e-007 -3.298319e-008
 3.535000e+002 -9.330307e-008  6.324129e-008
 3.540000e+002 -2.695077e-007 -9.928748e-008
 3.545000e+002  1.172535e-007  1.430377e-007
 3.550000e+002 -6.092320e-008  3.703592e-008
 3.555000e+002 -7.642626e-008 -2.230353e-008
 3.560000e+002  3.742652e-009 -1.551363e-008
 3.565000e+002 -1.025967e-007 -8.427201e-008
 3.570000e+002 -2.278227e-007 -2.373825e-008
 3.575000e+002 -2.717077e-008 -6.833609e-008
 3.580000e+002 -1.400313e-007 -1.800499e-008
 3.585000e+002 -2.053296e-007 -3.839639e-008
 3.590000e+002 -1.069552e-007  1.376729e-008
 3.595000e+002 -4.136127e-007 -4.351960e-008
 3.600000e+002 -7.934781e-007 -4.540056e-007
 3.605000e+002  1.733436e-006  3.690662e-007
 3.610000e+002  3.946863e-007  1.043492e-007
 3.615000e+002  2.085091e-007  7.488330e-008
 3.620000e+002  1.597444e-007 -1.849735e-008
 3.625000e+002  2.082863e-007  2.093556e-008
 3.630000e+002  5.199434e-008 -1.047590e-007
 3.635000e+002  5.499668e-008 -8.507575e-008
 3.640000e+002  1.152284e-007 -8.520225e-008
 3.645000e+002  5.891189e-008 -5.551263e-009
 3.650000e+002  1.239693e-007  7.826284e-008
 3.655000e+002  1.538333e-007 -9.794017e-008
 3.660000e+002  3.708820e-007  1.218246e-007
 3.665000e+002 -1.755453e-007  6.257289e-009
 3.670000e+002  1.679064e-008  5.701316e-008
 3.675000e+002  7.513761e-008  8.165914e-008
 3.680000e+002 -4.609085e-008  3.337162e-008
 3.685000e+002  6.496656e-008 -2.938960e-008
 3.690000e+002 -2.235527e-008  4.489485e-008
 3.695000e+002  6.713832e-008 -1.100827e-007
 3.700000e+002  5.118741e-008 -6.944792e-009
 3.705000e+002  5.583475e-009 -1.536783e-008
 3.710000e+002  5.449101e-008 -2.827622e-008
 3.715000e+002 -1.951866e-008 -8.595626e-009
 3.720000e+002  8.292545e-008 -6.230215e-009
 3.725000e+002 -3.594795e-008 -1.121385e-007
 3.730000e+002 -7.156158e-008 -5.299777e-008
 3.735000e+002 -5.721701e-008 -8.427350e-008
 3.740000e+002  4.782965e-008  1.458517e-008
 3.745000e+002  4.611377e-008 -1.590471e-008
 3.750000e+002  2.564623e-008  1.943045e-008
 3.755000e+002  2.766178e-008 -2.855710e-008
 3.760000e+002  2.343934e-008 -2.002957e-008
 3.765000e+002 -1.297762e-007 -1.148566e-007
 3.770000e+002 -1.974936e-010 -9.880281e-008
 3.775000e+002  6.389796e-008 -3.429599e-007
 3.780000e+002 -5.650192e-007 -4.913672e-007
 3.785000e+002 -9.280153e-008  6.141463e-007
 3.790000e+002  2.637725e-008  1.568700e-007
 3.795000e+002 -1.655958e-008  9.966486e-008
 3.800000e+002  6.051701e-008  1.517819e-007
 3.805000e+002 -2.898975e-008  4.673111e-008
 3.810000e+002  6.029810e-008  4.970548e-008
 3.815000e+002  4.690758e-008  4.679230e-008
 3.820000e+002  5.231614e-008  5.721626e-008
 3.825000e+002 -9.328712e-009 -2.621872e-009
 3.830000e+002 -1.370561e-007 -9.423708e-009
 3.835000e+002 -7.077795e-008 -1.172436e-008
 3.840000e+002 -6.476560e-008 -8.850565e-008
 3.845000e+002 -5.206454e-008  2.415143e-008
 3.850000e+002  1.387348e-007 -1.136958e-008
 3.855000e+002 -3.585738e-008 -8.774254e-008
 3.860000e+002  3.933080e-008  2.044377e-009
 3.865000e+002  1.137503e-007 -6.981305e-009
 3.870000e+002 -5.000501e-008  2.650485e-008
 3.875000e+002 -6.958351e-008 -3.204144e-008
 3.880000e+002  5.428803e-008 -1.484081e-008
 3.885000e+002 -9.874756e-008  3.530325e-008
 3.890000e+002  2.144675e-008 -9.909280e-008
 3.895000e+002 -1.039676e-008 -1.669115e-007
 3.900000e+002  8.117203e-008 -1.056202e-007
 3.905000e+002 -1.071917e-008  3.600419e-007
 3.910000e+002 -5.025678e-008  5.125387e-008
 3.915000e+002 -5.857230e-008  2.242971e-008
 3.920000e+002  1.029548e-007  4.710110e-008
 3.925000e+002 -2.393354e-008  4.292586e-008
 3.930000e+002 -1.658073e-008  2.744624e-008
 3.935000e+002  1.287276e-007  9.120139e-008
 3.940000e+002  5.615150e-008  1.481136e-008
 3.945000e+002  1.295037e-008 -1.810539e-008
 3.950000e+002 -2.237373e-008  5.400644e-008
 3.955000e+002  9.649855e-008 -3.557869e-008
 3.960000e+002  3.170548e-008  1.844903e-008
 3.965000e+002 -5.454367e-007 -4.483833e-008
 3.970000e+002 -4.606380e-009 -4.234861e-008
 3.975000e+002 -8.642272e-008 -3.555234e-008
 3.980000e+002  2.781593e-008 -3.646386e-008
 3.985000e+002 -2.211213e-008  3.463156e-010
 3.990000e+002 -4.884808e-009  2.433978e-008
 3.995000e+002 -2.642338e-009  1.035821e-008
 4.000000e+002 -7.641817e-008 -6.413005e-008
 4.005000e+002 -2.070510e-008 -6.718316e-008
 4.010000e+002 -5.058396e-008 -3.944810e-008
 4.015000e+002  1.344602e-008 -8.678389e-008
 4.020000e+002 -2.161562e-007  3.732835e-008
 4.025000e+002  2.503115e-007  2.056516e-007
 4.030000e+002  7.532715e-008  6.748466e-008
 4.035000e+002  2.135710e-008  9.783293e-009
 4.040000e+002  7.835621e-008  1.897916e-008
 4.045000e+002  7.402714e-008 -3.926265e-008
 4.050000e+002  1.123941e-007 -3.291362e-008
 4.055000e+002 -1.424101e-008  4.142128e-008
 4.060000e+002  4.714937e-008 -7.094471e-008
 4.065000e+002 -1.527062e-008  1.524982e-008
 4.070000e+002 -1.560134e-008 -1.327009e-008
 4.075000e+002 -1.740042e-008 -6.195737e-008
 4.080000e+002  3.219491e-008  4.626434e-008
 4.085000e+002 -5.684206e-008 -4.946357e-008
 4.090000e+002  1.031144e-007  6.792999e-008
 4.095000e+002  2.855472e-008 -1.592286e-008
 4.100000e+002  6.133366e-009  3.124500e-008
 4.105000e+002  8.012493e-008  2.074853e-008
 4.110000e+002  3.546974e-008  5.639820e-008
 4.115000e+002  1.403836e-007  8.591816e-008
 4.120000e+002  7.441460e-008  2.226521e-008
 4.125000e+002  1.674980e-007 -2.318228e-009
 4.130000e+002  1.315416e-007  3.868618e-008
 4.135000e+002  1.822553e-008  9.039078e-008
 4.140000e+002  1.533285e-007 -1.342018e-007
 4.145000e+002 -4.355115e-008  1.672358e-007
 4.150000e+002 -4.301533e-008  2.582703e-008
 4.155000e+002  2.747640e-008 -4.139431e-008
 4.160000e+002  1.447018e-008 -3.629680e-008
 4.165000e+002 -2.069893e-008 -1.953797e-008
 4.170000e+002  1.403169e-008 -1.811461e-008
 4.175000e+002  4.648873e-008 -2.290433e-008
 4.180000e+002  1.165448e-007  8.414425e-009
 4.185000e+002  1.436178e-007 -2.508091e-008
 4.190000e+002  2.196164e-008  2.444683e-009
 4.195000e+002 -4.241510e-008  3.983373e-008
 4.200000e+002 -1.595000e-007  3.793357e-008
 4.205000e+002  1.481010e-007 -3.142236e-008
 4.210000e+002 -1.480923e-008 -1.300448e-007
 4.215000e+002  4.081058e-008 -1.908482e-008
 4.220000e+002  1.646606e-008 -1.342957e-009
 4.225000e+002  4.355295e-008 -8.003346e-008
 4.230000e+002 -3.370613e-009 -4.787778e-008
 4.235000e+002  8.882765e-008 -3.631155e-008
 4.240000e+002  1.701991e-009 -4.323367e-008
 4.245000e+002 -7.088415e-008  4.036261e-008
 4.250000e+002 -2.445951e-008 -6.817908e-008
 4.255000e+002  8.663248e-008 -9.330633e-008
 4.260000e+002  7.086192e-008 -4.519490e-008
 4.265000e+002  6.989843e-008 -1.480318e-008
 4.270000e+002 -8.242878e-008  8.352875e-009
 4.275000e+002  2.002695e-008 -4.703038e-009
 4.280000e+002  9.972215e-008  2.381462e-009
 4.285000e+002  2.698649e-009  4.512665e-008
 4.290000e+002  1.110049e-007  5.642345e-009
 4.295000e+002  8.832785e-008  5.599549e-008
 4.300000e+002  9.693488e-008  1.372475e-007
 4.305000e+002  1.112214e-007  3.860378e-008
 4.310000e+002 -3.641967e-008 -3.997833e-008
 4.315000e+002  3.064113e-008 -6.754772e-008
 4.320000e+002 -3.351402e-009 -2.155295e-008
 4.325000e+002  4.648486e-007 -2.287015e-007
 4.330000e+002  9.370946e-008  1.712994e-008
 4.335000e+002  3.272613e-008 -2.396953e-008
 4.340000e+002  4.645223e-008 -1.739471e-008
 4.345000e+002  4.213592e-008  5.553950e-008
 4.350000e+002  8.277384e-008 -4.348675e-008
 4.355000e+002  1.021875e-008  7.143824e-008
 4.360000e+002  3.042112e-008 -4.695905e-008
 4.365000e+002  3.426526e-008 -5.037155e-009
 4.370000e+002  5.958199e-008  3.311966e-008
 4.375000e+002 -1.878342e-008  1.589323e-007
 4.380000e+002  1.198633e-007  1.091197e-007
 4.385000e+002  2.541065e-007 -4.391371e-008
 4.390000e+002  8.619537e-008 -9.175509e-008
 4.395000e+002 -1.454640e-007 -5.468885e-008
 4.400000e+002  7.906916e-008 -2.431139e-008
 4.405000e+002  1.018619e-007  4.414122e-009
 4.410000e+002  4.802643e-008 -2.576475e-009
 4.415000e+002  9.503387e-008  5.887998e-009
 4.420000e+002  6.950290e-008  4.793816e-008
 4.425000e+002 -9.342616e-008 -3.727303e-009
 4.430000e+002  2.401997e-008 -4.492369e-008
 4.435000e+002  9.995304e-008  3.296843e-010
 4.440000e+002  9.323272e-008 -8.637657e-008
 4.445000e+002  6.942068e-008  1.682177e-008
 4.450000e+002  5.164028e-008 -2.372525e-008
 4.455000e+002  9.941478e-008  2.913402e-008
 4.460000e+002  5.515441e-008 -6.669702e-008
 4.465000e+002  1.700941e-007 -4.086685e-008
 4.470000e+002  2.003342e-008  4.457940e-008
 4.475000e+002  3.655469e-008 -3.622097e-008
 4.480000e+002  1.318357e-007  6.519902e-008
 4.485000e+002  1.228322e-007 -2.020908e-008
 4.490000e+002  2.727851e-008  4.236065e-008
 4.495000e+002 -3.618016e-008  2.442030e-009
 4.500000e+002 -5.318836e-008 -1.166154e-007
 4.505000e+002 -7.208834e-008 -6.489480e-008
 4.510000e+002  4.818356e-008 -3.163080e-008
 4.515000e+002  1.139961e-007 -5.632979e-009
 4.520000e+002 -7.555989e-009 -7.716152e-009
 4.525000e+002 -2.996362e-008  3.607534e-008
 4.530000e+002 -4.283757e-008 -1.093898e-010
 4.535000e+002  5.433192e-008  2.076082e-008
 4.540000e+002 -1.549367e-009  1.872229e-008
 4.545000e+002 -5.562825e-009 -5.230664e-008
 4.550000e+002 -2.246840e-008 -2.110698e-008
 4.555000e+002  8.269142e-008 -9.568019e-008
 4.560000e+002  7.974419e-009  1.418476e-008
 4.565000e+002  8.100901e-009  8.069067e-008
 4.570000e+002  8.905544e-008 -8.192491e-008
 4.575000e+002  1.270215e-008  3.362690e-008
 4.580000e+002 -1.607138e-008  4.658761e-008
 4.585000e+002  7.236448e-008  7.180967e-008
 4.590000e+002  8.221416e-008 -2.503099e-008
 4.595000e+002  4.688937e-008 -2.456943e-008
 4.600000e+002  2.284704e-008  3.344889e-008
 4.605000e+002  1.208666e-007  5.852887e-008
 4.610000e+002  8.463365e-008  8.276141e-009
 4.615000e+002  1.948811e-007  1.753686e-007
 4.620000e+002  7.424032e-008 -2.600951e-007
 4.625000e+002 -2.467223e-007  5.016513e-008
 4.630000e+002 -1.147553e-007  9.438302e-008
 4.635000e+002 -7.907416e-008 -5.210846e-008
 4.640000e+002  2.075923e-008 -9.123318e-008
 4.645000e+002  2.280824e-008  2.065998e-008
 4.650000e+002  4.168447e-008  2.236717e-008
 4.655000e+002  3.035466e-008  8.358658e-008
 4.660000e+002 -1.677551e-007 -8.696952e-009
 4.665000e+002  2.190195e-008  1.124260e-007
 4.670000e+002 -4.171135e-008 -1.581010e-008
 4.675000e+002 -3.892571e-008  6.041955e-008
 4.680000e+002  7.655802e-009  1.555612e-008
 4.685000e+002 -4.262682e-007 -1.038055e-006
 4.690000e+002 -3.119170e-008  3.414741e-008
 4.695000e+002 -1.970801e-008 -4.455566e-008
 4.700000e+002 -3.882513e-008  8.900662e-008
 4.705000e+002 -3.772624e-008  5.708096e-008
 4.710000e+002 -4.508666e-009 -4.425675e-008
 4.715000e+002 -3.561938e-008  3.532551e-008
 4.720000e+002 -8.428583e-008  9.362812e-008
 4.725000e+002  2.155875e-008 -7.172877e-008
 4.730000e+002  8.602275e-008  4.235773e-008
 4.735000e+002  7.831530e-008 -3.641089e-009
 4.740000e+002 -1.543433e-007  4.304739e-007
 4.745000e+002 -2.218100e-007 -2.229619e-007
 4.750000e+002  1.700860e-007 -8.206586e-008
 4.755000e+002  1.146603e-007  3.083823e-009
 4.760000e+002 -7.220893e-009 -6.493997e-008
 4.765000e+002  5.053652e-009 -9.615598e-008
 4.770000e+002  5.866729e-008 -3.277841e-008
 4.775000e+002  1.844991e-008 -1.440862e-007
 4.780000e+002  7.431667e-008 -1.337983e-007
 4.785000e+002 -8.326280e-008  4.649988e-008
 4.790000e+002  3.049961e-008 -1.491321e-008
 4.795000e+002  6.344745e-008 -4.711247e-008
 4.800000e+002  9.347313e-010  2.257038e-008
 4.805000e+002 -6.999940e-008  3.460840e-008
 4.810000e+002 -1.004763e-007  2.755707e-008
 4.815000e+002 -7.315863e-008 -1.329475e-007
 4.820000e+002 -1.202449e-008 -9.584310e-008
 4.825000e+002 -6.788366e-008  1.898724e-008
 4.830000e+002 -2.344965e-008 -2.699558e-008
 4.835000e+002 -2.497880e-008 -1.250855e-007
 4.840000e+002  5.307747e-008 -1.349606e-008
 4.845000e+002 -1.156817e-007 -3.658073e-008
 4.850000e+002 -1.764460e-007  8.691413e-009
 4.855000e+002 -5.610694e-008 -1.142797e-008
 4.860000e+002 -9.953726e-008 -3.983443e-008
 4.865000e+002  3.975664e-008  3.535476e-008
 4.870000e+002  6.683547e-008  2.945955e-008
 4.875000e+002 -9.148343e-009  9.846305e-008
 4.880000e+002 -1.755923e-008  8.409074e-008
 4.885000e+002 -1.785245e-008 -1.167056e-007
 4.890000e+002 -2.341690e-008 -2.876915e-008
 4.895000e+002  1.559175e-008  2.665009e-008
 4.900000e+002  2.268948e-008  1.871831e-009
 4.905000e+002 -1.698368e-007  1.127086e-008
 4.910000e+002 -4.237287e-008  2.343887e-009
 4.915000e+002 -9.985175e-008 -1.039087e-007
 4.920000e+002 -1.170246e-007 -1.662128e-007
 4.925000e+002 -1.287170e-007  8.122327e-008
 4.930000e+002 -4.460006e-008 -2.894352e-008
 4.935000e+002 -6.432287e-008  6.368514e-008
 4.940000e+002 -9.391875e-008  8.929115e-008
 4.945000e+002 -9.112446e-008  7.867139e-009
 4.950000e+002 -1.477212e-008  1.146491e-007
 4.955000e+002 -5.305559e-008 -1.521757e-007
 4.960000e+002  9.804806e-008  8.840473e-009
 4.965000e+002  7.925298e-008 -9.759034e-008
 4.970000e+002 -3.571527e-008 -1.635204e-007
 4.975000e+002 -3.291075e-008 -8.309831e-008
 4.980000e+002  2.574983e-007  9.303013e-008
 4.985000e+002 -5.509955e-007 -1.720017e-008
 4.990000e+002  6.088904e-008  1.805708e-007
 4.995000e+002 -9.266369e-008  8.928891e-008
 5.000000e+002 -2.578089e-008  5.594360e-008
 5.005000e+002 -1.091716e-007  8.542985e-008
 5.010000e+002 -8.673523e-008 -1.491867e-007
 5.015000e+002  2.297106e-008  1.632283e-007
 5.020000e+002  3.475485e-009  1.675656e-008
 5.025000e+002 -2.908645e-008 -1.894287e-008
 5.030000e+002 -8.518021e-008  2.067819e-008
 5.035000e+002 -4.910474e-009 -7.731607e-009
 5.040000e+002  1.179423e-007 -9.107093e-008
 5.045000e+002 -1.831822e-007  2.693970e-007
 5.050000e+002  6.076706e-008 -3.183366e-008
 5.055000e+002 -6.884683e-010 -8.144105e-008
 5.060000e+002 -5.087413e-008  7.846988e-008
 5.065000e+002 -8.957133e-008 -3.168870e-009
 5.070000e+002  1.333406e-008  2.357990e-008
 5.075000e+002 -7.275079e-009  4.033179e-009
 5.080000e+002 -6.000152e-008 -1.013055e-007
 5.085000e+002 -4.475795e-008  4.932391e-009
 5.090000e+002 -7.813635e-008  7.698742e-010
 5.095000e+002  8.460088e-008 -1.028398e-007
 5.100000e+002 -3.300483e-008 -3.815195e-008
 5.105000e+002  1.718084e-007  1.411425e-007
 5.110000e+002 -5.097732e-008  8.536267e-008
 5.115000e+002  3.208603e-008 -3.289361e-008
 5.120000e+002 -1.788957e-007 -1.620939e-010
