 0.000000e+000  9.189312e-001  0.000000e+000
 5.000000e-001  2.302781e-002  0.000000e+000
 1.000000e+000  2.593065e-002  0.000000e+000
 1.500000e+000  2.704271e-002  0.000000e+000
 2.000000e+000  2.665248e-002  0.000000e+000
 2.500000e+000  3.294113e-002  0.000000e+000
 3.000000e+000  3.410011e-002  0.000000e+000
 3.500000e+000  4.801509e-002  0.000000e+000
 4.000000e+000  6.956764e-002  0.000000e+000
 4.500000e+000  4.578569e-002  0.000000e+000
 5.000000e+000  5.904431e-002  0.000000e+000
 5.500000e+000  6.415525e-002  0.000000e+000
 6.000000e+000  7.928368e-002  0.000000e+000
 6.500000e+000  8.177939e-002  0.000000e+000
 7.000000e+000  1.134337e-001  0.000000e+000
 7.500000e+000  7.103764e-002  0.000000e+000
 8.000000e+000  9.100351e-002  0.000000e+000
 8.500000e+000  9.727214e-002  0.000000e+000
 9.000000e+000  1.086137e-001  0.000000e+000
 9.500000e+000  1.106254e-001  0.000000e+000
 1.000000e+001  1.128309e-001  0.000000e+000
 1.050000e+001  1.177494e-001  0.000000e+000
 1.100000e+001  1.183562e-001  0.000000e+000
 1.150000e+001  1.226194e-001  0.000000e+000
 1.200000e+001  1.183800e-001  0.000000e+000
 1.250000e+001  1.289961e-001  0.000000e+000
 1.300000e+001  1.262342e-001  0.000000e+000
 1.350000e+001  1.286348e-001  0.000000e+000
 1.400000e+001  1.339593e-001  0.000000e+000
 1.450000e+001  1.383849e-001  0.000000e+000
 1.500000e+001  9.937799e-002  0.000000e+000
 1.550000e+001  1.290791e-001  0.000000e+000
 1.600000e+001  1.326734e-001  0.000000e+000
 1.650000e+001  1.401391e-001  0.000000e+000
 1.700000e+001  1.581796e-001  0.000000e+000
 1.750000e+001  1.778422e-001  0.000000e+000
 1.800000e+001  1.969032e-001  0.000000e+000
 1.850000e+001  2.560391e-001  0.000000e+000
 1.900000e+001  3.459605e-001  0.000000e+000
 1.950000e+001  4.555520e-001  0.000000e+000
 2.000000e+001  6.019127e-001  0.000000e+000
 2.050000e+001  7.537393e-001  0.000000e+000
 2.100000e+001  8.874252e-001  0.000000e+000
 2.150000e+001  9.711983e-001  0.000000e+000
 2.200000e+001  9.781489e-001  0.000000e+000
 2.250000e+001  9.750553e-001  0.000000e+000
 2.300000e+001  9.499179e-001  0.000000e+000
 2.350000e+001  9.069129e-001  0.000000e+000
 2.400000e+001  8.593097e-001  0.000000e+000
 2.450000e+001  8.263115e-001  0.000000e+000
 2.500000e+001  7.971550e-001  0.000000e+000
 2.550000e+001  7.758438e-001  0.000000e+000
 2.600000e+001  7.571462e-001  0.000000e+000
 2.650000e+001  7.260240e-001  0.000000e+000
 2.700000e+001  7.049133e-001  0.000000e+000
 2.750000e+001  6.919513e-001  0.000000e+000
 2.800000e+001  6.831231e-001  0.000000e+000
 2.850000e+001  6.429991e-001  0.000000e+000
 2.900000e+001  5.624375e-001  0.000000e+000
 2.950000e+001  3.153232e-001  0.000000e+000
 3.000000e+001  6.924983e-002  0.000000e+000
 3.050000e+001  2.459326e-001  0.000000e+000
 3.100000e+001  3.781818e-001  0.000000e+000
 3.150000e+001  4.454306e-001  0.000000e+000
 3.200000e+001  4.741854e-001  0.000000e+000
 3.250000e+001  4.896576e-001  0.000000e+000
 3.300000e+001  5.113279e-001  0.000000e+000
 3.350000e+001  5.029289e-001  0.000000e+000
 3.400000e+001  5.109268e-001  0.000000e+000
 3.450000e+001  5.187420e-001  0.000000e+000
 3.500000e+001  5.211927e-001  0.000000e+000
 3.550000e+001  5.121431e-001  0.000000e+000
 3.600000e+001  5.150900e-001  0.000000e+000
 3.650000e+001  4.882646e-001  0.000000e+000
 3.700000e+001  5.729747e-001  0.000000e+000
 3.750000e+001  5.452745e-001  0.000000e+000
 3.800000e+001  5.398227e-001  0.000000e+000
 3.850000e+001  5.376737e-001  0.000000e+000
 3.900000e+001  5.376322e-001  0.000000e+000
 3.950000e+001  5.342584e-001  0.000000e+000
 4.000000e+001  5.439819e-001  0.000000e+000
 4.050000e+001  5.323139e-001  0.000000e+000
 4.100000e+001  5.353076e-001  0.000000e+000
 4.150000e+001  5.181825e-001  0.000000e+000
 4.200000e+001  5.200661e-001  0.000000e+000
 4.250000e+001  5.284789e-001  0.000000e+000
 4.300000e+001  5.118343e-001  0.000000e+000
 4.350000e+001  5.133190e-001  0.000000e+000
 4.400000e+001  4.894604e-001  0.000000e+000
 4.450000e+001  4.114569e-001  0.000000e+000
 4.500000e+001  1.892736e-001  0.000000e+000
 4.550000e+001  5.799477e-001  0.000000e+000
 4.600000e+001  5.906070e-001  0.000000e+000
 4.650000e+001  5.719307e-001  0.000000e+000
 4.700000e+001  5.806063e-001  0.000000e+000
 4.750000e+001  5.911610e-001  0.000000e+000
 4.800000e+001  5.784714e-001  0.000000e+000
 4.850000e+001  5.721464e-001  0.000000e+000
 4.900000e+001  5.848665e-001  0.000000e+000
 4.950000e+001  5.755633e-001  0.000000e+000
 5.000000e+001  5.807613e-001  0.000000e+000
 5.050000e+001  5.807485e-001  0.000000e+000
 5.100000e+001  6.015437e-001  0.000000e+000
 5.150000e+001  5.810101e-001  0.000000e+000
 5.200000e+001  5.554336e-001  0.000000e+000
 5.250000e+001  5.760949e-001  0.000000e+000
 5.300000e+001  6.005829e-001  0.000000e+000
 5.350000e+001  5.973588e-001  0.000000e+000
 5.400000e+001  5.813105e-001  0.000000e+000
 5.450000e+001  5.958400e-001  0.000000e+000
 5.500000e+001  5.951039e-001  0.000000e+000
 5.550000e+001  6.057301e-001  0.000000e+000
 5.600000e+001  6.076527e-001  0.000000e+000
 5.650000e+001  6.138560e-001  0.000000e+000
 5.700000e+001  6.034940e-001  0.000000e+000
 5.750000e+001  6.093083e-001  0.000000e+000
 5.800000e+001  5.737066e-001  0.000000e+000
 5.850000e+001  5.762815e-001  0.000000e+000
 5.900000e+001  5.099843e-001  0.000000e+000
 5.950000e+001  2.774164e-001  0.000000e+000
 6.000000e+001  2.930080e-002  0.000000e+000
 6.050000e+001  4.173270e-001  0.000000e+000
 6.100000e+001  5.590287e-001  0.000000e+000
 6.150000e+001  6.277019e-001  0.000000e+000
 6.200000e+001  6.146088e-001  0.000000e+000
 6.250000e+001  6.266259e-001  0.000000e+000
 6.300000e+001  6.455706e-001  0.000000e+000
 6.350000e+001  6.894627e-001  0.000000e+000
 6.400000e+001  7.078550e-001  0.000000e+000
 6.450000e+001  7.117424e-001  0.000000e+000
 6.500000e+001  7.038786e-001  0.000000e+000
 6.550000e+001  7.114798e-001  0.000000e+000
 6.600000e+001  7.186593e-001  0.000000e+000
 6.650000e+001  7.364696e-001  0.000000e+000
 6.700000e+001  7.230901e-001  0.000000e+000
 6.750000e+001  7.219331e-001  0.000000e+000
 6.800000e+001  7.314250e-001  0.000000e+000
 6.850000e+001  7.575004e-001  0.000000e+000
 6.900000e+001  7.736283e-001  0.000000e+000
 6.950000e+001  7.733365e-001  0.000000e+000
 7.000000e+001  8.026782e-001  0.000000e+000
 7.050000e+001  8.002483e-001  0.000000e+000
 7.100000e+001  8.067665e-001  0.000000e+000
 7.150000e+001  8.154493e-001  0.000000e+000
 7.200000e+001  8.349702e-001  0.000000e+000
 7.250000e+001  8.430151e-001  0.000000e+000
 7.300000e+001  8.720222e-001  0.000000e+000
 7.350000e+001  8.722696e-001  0.000000e+000
 7.400000e+001  8.806701e-001  0.000000e+000
 7.450000e+001  8.287074e-001  0.000000e+000
 7.500000e+001  7.112433e-001  0.000000e+000
 7.550000e+001  9.098780e-001  0.000000e+000
 7.600000e+001  9.380614e-001  0.000000e+000
 7.650000e+001  9.599902e-001  0.000000e+000
 7.700000e+001  9.160860e-001  0.000000e+000
 7.750000e+001  9.768984e-001  0.000000e+000
 7.800000e+001  9.847181e-001  0.000000e+000
 7.850000e+001  9.880347e-001  0.000000e+000
 7.900000e+001  9.923318e-001  0.000000e+000
 7.950000e+001  9.819024e-001  0.000000e+000
 8.000000e+001  9.651304e-001  0.000000e+000
 8.050000e+001  9.535900e-001  0.000000e+000
 8.100000e+001  9.296466e-001  0.000000e+000
 8.150000e+001  9.131103e-001  0.000000e+000
 8.200000e+001  8.673304e-001  0.000000e+000
 8.250000e+001  8.280151e-001  0.000000e+000
 8.300000e+001  7.503973e-001  0.000000e+000
 8.350000e+001  7.305790e-001  0.000000e+000
 8.400000e+001  5.736548e-001  0.000000e+000
 8.450000e+001  5.221340e-001  0.000000e+000
 8.500000e+001  4.512442e-001  0.000000e+000
 8.550000e+001  4.099690e-001  0.000000e+000
 8.600000e+001  3.499220e-001  0.000000e+000
 8.650000e+001  2.163217e-001  0.000000e+000
 8.700000e+001  1.890746e-001  0.000000e+000
 8.750000e+001  1.264763e-001  0.000000e+000
 8.800000e+001  6.726530e-002  0.000000e+000
 8.850000e+001  2.104405e-002  0.000000e+000
 8.900000e+001  1.370154e-002  0.000000e+000
 8.950000e+001  4.020190e-002  0.000000e+000
 9.000000e+001  1.120438e-001  0.000000e+000
 9.050000e+001  1.839798e-001  0.000000e+000
 9.100000e+001  1.776492e-001  0.000000e+000
 9.150000e+001  1.649088e-001  0.000000e+000
 9.200000e+001  1.123681e-001  0.000000e+000
 9.250000e+001  1.369026e-001  0.000000e+000
 9.300000e+001  8.027460e-002  0.000000e+000
 9.350000e+001  1.023923e-001  0.000000e+000
 9.400000e+001  7.683705e-002  0.000000e+000
 9.450000e+001  8.732087e-002  0.000000e+000
 9.500000e+001  6.002698e-002  0.000000e+000
 9.550000e+001  9.586582e-002  0.000000e+000
 9.600000e+001  7.816937e-002  0.000000e+000
 9.650000e+001  7.224057e-002  0.000000e+000
 9.700000e+001  8.858488e-002  0.000000e+000
 9.750000e+001  1.107007e-001  0.000000e+000
 9.800000e+001  6.988876e-002  0.000000e+000
 9.850000e+001  6.911312e-002  0.000000e+000
 9.900000e+001  8.590776e-002  0.000000e+000
 9.950000e+001  1.025455e-001  0.000000e+000
 1.000000e+002  1.368765e-001  0.000000e+000
 1.005000e+002  8.863549e-002  0.000000e+000
 1.010000e+002  1.373533e-001  0.000000e+000
 1.015000e+002  1.362812e-001  0.000000e+000
 1.020000e+002  1.647819e-001  0.000000e+000
 1.025000e+002  1.612860e-001  0.000000e+000
 1.030000e+002  1.599232e-001  0.000000e+000
 1.035000e+002  1.790646e-001  0.000000e+000
 1.040000e+002  1.455091e-001  0.000000e+000
 1.045000e+002  5.275340e-002  0.000000e+000
 1.050000e+002  3.234156e-003  0.000000e+000
 1.055000e+002  5.423358e-002  0.000000e+000
 1.060000e+002  5.356365e-002  0.000000e+000
 1.065000e+002  1.224136e-001  0.000000e+000
 1.070000e+002  5.816288e-002  0.000000e+000
 1.075000e+002  1.182244e-001  0.000000e+000
 1.080000e+002  1.038769e-001  0.000000e+000
 1.085000e+002  1.909332e-001  0.000000e+000
 1.090000e+002  1.414155e-001  0.000000e+000
 1.095000e+002  1.109588e-001  0.000000e+000
 1.100000e+002  1.232050e-001  0.000000e+000
 1.105000e+002  7.971031e-002  0.000000e+000
 1.110000e+002  3.440691e-002  0.000000e+000
 1.115000e+002  6.375445e-002  0.000000e+000
 1.120000e+002  9.231507e-002  0.000000e+000
 1.125000e+002  9.131965e-002  0.000000e+000
 1.130000e+002  1.199233e-001  0.000000e+000
 1.135000e+002  1.274140e-001  0.000000e+000
 1.140000e+002  1.882090e-001  0.000000e+000
 1.145000e+002  1.367103e-001  0.000000e+000
 1.150000e+002  1.357370e-001  0.000000e+000
 1.155000e+002  1.722895e-001  0.000000e+000
 1.160000e+002  1.396579e-001  0.000000e+000
 1.165000e+002  1.763124e-001  0.000000e+000
 1.170000e+002  2.285321e-001  0.000000e+000
 1.175000e+002  1.889180e-001  0.000000e+000
 1.180000e+002  2.239511e-001  0.000000e+000
 1.185000e+002  1.997545e-001  0.000000e+000
 1.190000e+002  1.030970e-001  0.000000e+000
 1.195000e+002  1.166470e-002  0.000000e+000
 1.200000e+002  5.786504e-002  0.000000e+000
 1.205000e+002  1.729199e-001  0.000000e+000
 1.210000e+002  2.118746e-001  0.000000e+000
 1.215000e+002  1.948262e-001  0.000000e+000
 1.220000e+002  2.367894e-001  0.000000e+000
 1.225000e+002  2.578439e-001  0.000000e+000
 1.230000e+002  2.024925e-001  0.000000e+000
 1.235000e+002  1.800328e-001  0.000000e+000
 1.240000e+002  2.222815e-001  0.000000e+000
 1.245000e+002  1.929490e-001  0.000000e+000
 1.250000e+002  2.988475e-001  0.000000e+000
 1.255000e+002  2.366229e-001  0.000000e+000
 1.260000e+002  2.522008e-001  0.000000e+000
 1.265000e+002  2.297149e-001  0.000000e+000
 1.270000e+002  2.081785e-001  0.000000e+000
 1.275000e+002  2.238133e-001  0.000000e+000
 1.280000e+002  2.861845e-001  0.000000e+000
 1.285000e+002  2.476052e-001  0.000000e+000
 1.290000e+002  2.586489e-001  0.000000e+000
 1.295000e+002  2.900968e-001  0.000000e+000
 1.300000e+002  2.436232e-001  0.000000e+000
 1.305000e+002  2.505042e-001  0.000000e+000
 1.310000e+002  2.480487e-001  0.000000e+000
 1.315000e+002  2.115228e-001  0.000000e+000
 1.320000e+002  2.277516e-001  0.000000e+000
 1.325000e+002  2.359594e-001  0.000000e+000
 1.330000e+002  1.892413e-001  0.000000e+000
 1.335000e+002  1.930946e-001  0.000000e+000
 1.340000e+002  1.091314e-001  0.000000e+000
 1.345000e+002  1.827726e-002  0.000000e+000
 1.350000e+002  6.445981e-003  0.000000e+000
 1.355000e+002  5.239137e-002  0.000000e+000
 1.360000e+002  8.182000e-002  0.000000e+000
 1.365000e+002  8.904565e-002  0.000000e+000
 1.370000e+002  8.422774e-002  0.000000e+000
 1.375000e+002  1.339402e-001  0.000000e+000
 1.380000e+002  1.789137e-001  0.000000e+000
 1.385000e+002  1.977166e-001  0.000000e+000
 1.390000e+002  2.107548e-001  0.000000e+000
 1.395000e+002  1.686311e-001  0.000000e+000
 1.400000e+002  1.785949e-001  0.000000e+000
 1.405000e+002  2.568591e-001  0.000000e+000
 1.410000e+002  2.083640e-001  0.000000e+000
 1.415000e+002  1.643608e-001  0.000000e+000
 1.420000e+002  1.907977e-001  0.000000e+000
 1.425000e+002  1.288233e-001  0.000000e+000
 1.430000e+002  1.581025e-001  0.000000e+000
 1.435000e+002  1.671295e-001  0.000000e+000
 1.440000e+002  9.447498e-002  0.000000e+000
 1.445000e+002  1.671220e-001  0.000000e+000
 1.450000e+002  1.867778e-001  0.000000e+000
 1.455000e+002  1.998487e-001  0.000000e+000
 1.460000e+002  1.571458e-001  0.000000e+000
 1.465000e+002  1.661196e-001  0.000000e+000
 1.470000e+002  1.068784e-001  0.000000e+000
 1.475000e+002  5.531983e-002  0.000000e+000
 1.480000e+002  4.993512e-002  0.000000e+000
 1.485000e+002  2.948223e-002  0.000000e+000
 1.490000e+002  1.267932e-002  0.000000e+000
 1.495000e+002  3.880503e-002  0.000000e+000
 1.500000e+002  1.837570e-001  0.000000e+000
 1.505000e+002  3.292010e-001  0.000000e+000
 1.510000e+002  2.997878e-001  0.000000e+000
 1.515000e+002  2.965553e-001  0.000000e+000
 1.520000e+002  3.628798e-001  0.000000e+000
 1.525000e+002  3.100855e-001  0.000000e+000
 1.530000e+002  3.020763e-001  0.000000e+000
 1.535000e+002  3.563620e-001  0.000000e+000
 1.540000e+002  3.374254e-001  0.000000e+000
 1.545000e+002  3.347387e-001  0.000000e+000
 1.550000e+002  2.796825e-001  0.000000e+000
 1.555000e+002  2.798885e-001  0.000000e+000
 1.560000e+002  3.005061e-001  0.000000e+000
 1.565000e+002  3.162653e-001  0.000000e+000
 1.570000e+002  2.413993e-001  0.000000e+000
 1.575000e+002  2.474777e-001  0.000000e+000
 1.580000e+002  3.658406e-001  0.000000e+000
 1.585000e+002  3.705295e-001  0.000000e+000
 1.590000e+002  2.879458e-001  0.000000e+000
 1.595000e+002  2.596107e-001  0.000000e+000
 1.600000e+002  2.964750e-001  0.000000e+000
 1.605000e+002  2.727233e-001  0.000000e+000
 1.610000e+002  2.903804e-001  0.000000e+000
 1.615000e+002  3.014358e-001  0.000000e+000
 1.620000e+002  2.910412e-001  0.000000e+000
 1.625000e+002  2.510654e-001  0.000000e+000
 1.630000e+002  2.809439e-001  0.000000e+000
 1.635000e+002  2.583728e-001  0.000000e+000
 1.640000e+002  1.734620e-001  0.000000e+000
 1.645000e+002  3.555340e-002  0.000000e+000
 1.650000e+002  2.540892e-002  0.000000e+000
 1.655000e+002  1.902702e-001  0.000000e+000
 1.660000e+002  2.702680e-001  0.000000e+000
 1.665000e+002  3.237283e-001  0.000000e+000
 1.670000e+002  2.453765e-001  0.000000e+000
 1.675000e+002  2.963676e-001  0.000000e+000
 1.680000e+002  3.447161e-001  0.000000e+000
 1.685000e+002  2.766971e-001  0.000000e+000
 1.690000e+002  3.111051e-001  0.000000e+000
 1.695000e+002  3.210525e-001  0.000000e+000
 1.700000e+002  2.843624e-001  0.000000e+000
 1.705000e+002  3.043426e-001  0.000000e+000
 1.710000e+002  2.858899e-001  0.000000e+000
 1.715000e+002  3.032618e-001  0.000000e+000
 1.720000e+002  2.528171e-001  0.000000e+000
 1.725000e+002  3.580296e-001  0.000000e+000
 1.730000e+002  2.922556e-001  0.000000e+000
 1.735000e+002  3.491980e-001  0.000000e+000
 1.740000e+002  2.862659e-001  0.000000e+000
 1.745000e+002  2.802924e-001  0.000000e+000
 1.750000e+002  3.070200e-001  0.000000e+000
 1.755000e+002  3.341414e-001  0.000000e+000
 1.760000e+002  2.917376e-001  0.000000e+000
 1.765000e+002  2.227108e-001  0.000000e+000
 1.770000e+002  1.868258e-001  0.000000e+000
 1.775000e+002  2.974383e-001  0.000000e+000
 1.780000e+002  2.782885e-001  0.000000e+000
 1.785000e+002  2.312510e-001  0.000000e+000
 1.790000e+002  1.539823e-001  0.000000e+000
 1.795000e+002  4.537547e-002  0.000000e+000
 1.800000e+002  1.605505e-003  0.000000e+000
 1.805000e+002  1.035510e-002  0.000000e+000
 1.810000e+002  7.418521e-002  0.000000e+000
 1.815000e+002  1.514192e-001  0.000000e+000
 1.820000e+002  2.904524e-001  0.000000e+000
 1.825000e+002  1.753353e-001  0.000000e+000
 1.830000e+002  1.466110e-001  0.000000e+000
 1.835000e+002  2.427792e-001  0.000000e+000
 1.840000e+002  2.524501e-001  0.000000e+000
 1.845000e+002  3.212284e-001  0.000000e+000
 1.850000e+002  2.753027e-001  0.000000e+000
 1.855000e+002  2.496355e-001  0.000000e+000
 1.860000e+002  2.473446e-001  0.000000e+000
 1.865000e+002  2.829232e-001  0.000000e+000
 1.870000e+002  3.015393e-001  0.000000e+000
 1.875000e+002  1.799345e-001  0.000000e+000
 1.880000e+002  2.612154e-001  0.000000e+000
 1.885000e+002  2.603654e-001  0.000000e+000
 1.890000e+002  2.014132e-001  0.000000e+000
 1.895000e+002  2.121726e-001  0.000000e+000
 1.900000e+002  3.021368e-001  0.000000e+000
 1.905000e+002  2.145146e-001  0.000000e+000
 1.910000e+002  2.128793e-001  0.000000e+000
 1.915000e+002  3.134577e-001  0.000000e+000
 1.920000e+002  2.083396e-001  0.000000e+000
 1.925000e+002  3.190021e-001  0.000000e+000
 1.930000e+002  2.385506e-001  0.000000e+000
 1.935000e+002  1.929421e-001  0.000000e+000
 1.940000e+002  1.474445e-001  0.000000e+000
 1.945000e+002  9.428333e-002  0.000000e+000
 1.950000e+002  9.459130e-002  0.000000e+000
 1.955000e+002  1.940159e-001  0.000000e+000
 1.960000e+002  2.743962e-001  0.000000e+000
 1.965000e+002  2.769822e-001  0.000000e+000
 1.970000e+002  3.557769e-001  0.000000e+000
 1.975000e+002  2.567782e-001  0.000000e+000
 1.980000e+002  2.157372e-001  0.000000e+000
 1.985000e+002  3.691787e-001  0.000000e+000
 1.990000e+002  3.245842e-001  0.000000e+000
 1.995000e+002  2.234891e-001  0.000000e+000
 2.000000e+002  3.205066e-001  0.000000e+000
 2.005000e+002  2.688848e-001  0.000000e+000
 2.010000e+002  3.405851e-001  0.000000e+000
 2.015000e+002  3.171555e-001  0.000000e+000
 2.020000e+002  3.971145e-001  0.000000e+000
 2.025000e+002  2.896661e-001  0.000000e+000
 2.030000e+002  3.832524e-001  0.000000e+000
 2.035000e+002  2.813500e-001  0.000000e+000
 2.040000e+002  2.100590e-001  0.000000e+000
 2.045000e+002  2.342407e-001  0.000000e+000
 2.050000e+002  2.478032e-001  0.000000e+000
 2.055000e+002  2.300413e-001  0.000000e+000
 2.060000e+002  2.676853e-001  0.000000e+000
 2.065000e+002  3.906624e-001  0.000000e+000
 2.070000e+002  2.953070e-001  0.000000e+000
 2.075000e+002  2.608869e-001  0.000000e+000
 2.080000e+002  2.264473e-001  0.000000e+000
 2.085000e+002  2.225240e-001  0.000000e+000
 2.090000e+002  1.619514e-001  0.000000e+000
 2.095000e+002  2.895749e-002  0.000000e+000
 2.100000e+002  1.901231e-001  0.000000e+000
 2.105000e+002  2.918253e-001  0.000000e+000
 2.110000e+002  1.495064e-001  0.000000e+000
 2.115000e+002  2.764738e-001  0.000000e+000
 2.120000e+002  2.678124e-001  0.000000e+000
 2.125000e+002  2.673615e-001  0.000000e+000
 2.130000e+002  2.827240e-001  0.000000e+000
 2.135000e+002  2.502324e-001  0.000000e+000
 2.140000e+002  2.636549e-001  0.000000e+000
 2.145000e+002  3.300182e-001  0.000000e+000
 2.150000e+002  2.414386e-001  0.000000e+000
 2.155000e+002  2.666636e-001  0.000000e+000
 2.160000e+002  2.195075e-001  0.000000e+000
 2.165000e+002  2.622707e-001  0.000000e+000
 2.170000e+002  3.088142e-001  0.000000e+000
 2.175000e+002  2.252173e-001  0.000000e+000
 2.180000e+002  3.265962e-001  0.000000e+000
 2.185000e+002  3.065870e-001  0.000000e+000
 2.190000e+002  2.719499e-001  0.000000e+000
 2.195000e+002  3.076862e-001  0.000000e+000
 2.200000e+002  1.909392e-001  0.000000e+000
 2.205000e+002  2.109158e-001  0.000000e+000
 2.210000e+002  2.453395e-001  0.000000e+000
 2.215000e+002  2.380180e-001  0.000000e+000
 2.220000e+002  3.141401e-001  0.000000e+000
 2.225000e+002  2.710699e-001  0.000000e+000
 2.230000e+002  1.601656e-001  0.000000e+000
 2.235000e+002  2.610254e-001  0.000000e+000
 2.240000e+002  1.688228e-001  0.000000e+000
 2.245000e+002  5.941905e-002  0.000000e+000
 2.250000e+002  2.527584e-001  0.000000e+000
 2.255000e+002  1.589768e-001  0.000000e+000
 2.260000e+002  2.432406e-001  0.000000e+000
 2.265000e+002  3.486819e-001  0.000000e+000
 2.270000e+002  1.685521e-001  0.000000e+000
 2.275000e+002  2.524726e-001  0.000000e+000
 2.280000e+002  2.609433e-001  0.000000e+000
 2.285000e+002  2.354974e-001  0.000000e+000
 2.290000e+002  1.403616e-001  0.000000e+000
 2.295000e+002  1.546486e-001  0.000000e+000
 2.300000e+002  3.015994e-001  0.000000e+000
 2.305000e+002  1.919237e-001  0.000000e+000
 2.310000e+002  1.708059e-001  0.000000e+000
 2.315000e+002  1.526710e-001  0.000000e+000
 2.320000e+002  1.727135e-001  0.000000e+000
 2.325000e+002  1.348041e-001  0.000000e+000
 2.330000e+002  2.723585e-001  0.000000e+000
 2.335000e+002  3.123547e-001  0.000000e+000
 2.340000e+002  2.689791e-001  0.000000e+000
 2.345000e+002  2.308979e-001  0.000000e+000
 2.350000e+002  2.654878e-001  0.000000e+000
 2.355000e+002  3.009659e-001  0.000000e+000
 2.360000e+002  2.252859e-001  0.000000e+000
 2.365000e+002  2.162753e-001  0.000000e+000
 2.370000e+002  1.557559e-001  0.000000e+000
 2.375000e+002  1.530979e-001  0.000000e+000
 2.380000e+002  2.074678e-001  0.000000e+000
 2.385000e+002  1.862240e-002  0.000000e+000
 2.390000e+002  1.837301e-001  0.000000e+000
 2.395000e+002  1.309064e-001  0.000000e+000
 2.400000e+002  1.966372e-001  0.000000e+000
 2.405000e+002  4.139805e-001  0.000000e+000
 2.410000e+002  3.124068e-001  0.000000e+000
 2.415000e+002  3.536581e-001  0.000000e+000
 2.420000e+002  4.003249e-001  0.000000e+000
 2.425000e+002  2.887783e-001  0.000000e+000
 2.430000e+002  3.382996e-001  0.000000e+000
 2.435000e+002  3.120674e-001  0.000000e+000
 2.440000e+002  3.556198e-001  0.000000e+000
 2.445000e+002  3.815484e-001  0.000000e+000
 2.450000e+002  4.871654e-001  0.000000e+000
 2.455000e+002  4.352151e-001  0.000000e+000
 2.460000e+002  2.487231e-001  0.000000e+000
 2.465000e+002  3.469450e-001  0.000000e+000
 2.470000e+002  3.982754e-001  0.000000e+000
 2.475000e+002  4.343940e-001  0.000000e+000
 2.480000e+002  4.282476e-001  0.000000e+000
 2.485000e+002  4.024148e-001  0.000000e+000
 2.490000e+002  3.165296e-001  0.000000e+000
 2.495000e+002  3.067383e-001  0.000000e+000
 2.500000e+002  1.878645e-001  0.000000e+000
 2.505000e+002  1.857617e-001  0.000000e+000
 2.510000e+002  1.449997e-001  0.000000e+000
 2.515000e+002  9.645089e-002  0.000000e+000
 2.520000e+002  1.825809e-001  0.000000e+000
 2.525000e+002  2.190759e-001  0.000000e+000
 2.530000e+002  6.902692e-002  0.000000e+000
 2.535000e+002  6.457052e-002  0.000000e+000
 2.540000e+002  4.028031e-002  0.000000e+000
 2.545000e+002  4.478791e-002  0.000000e+000
 2.550000e+002  2.178700e-001  0.000000e+000
 2.555000e+002  2.260238e-001  0.000000e+000
 2.560000e+002  2.912655e-001  0.000000e+000
 2.565000e+002  1.842757e-001  0.000000e+000
 2.570000e+002  2.128828e-001  0.000000e+000
 2.575000e+002  1.707269e-001  0.000000e+000
 2.580000e+002  2.455657e-001  0.000000e+000
 2.585000e+002  1.698178e-001  0.000000e+000
 2.590000e+002  1.985895e-001  0.000000e+000
 2.595000e+002  3.135641e-002  0.000000e+000
 2.600000e+002  1.482789e-001  0.000000e+000
 2.605000e+002  1.746998e-001  0.000000e+000
 2.610000e+002  1.193016e-001  0.000000e+000
 2.615000e+002  2.069175e-001  0.000000e+000
 2.620000e+002  1.736569e-001  0.000000e+000
 2.625000e+002  1.482339e-001  0.000000e+000
 2.630000e+002  6.741719e-002  0.000000e+000
 2.635000e+002  1.605384e-001  0.000000e+000
 2.640000e+002  1.865277e-001  0.000000e+000
 2.645000e+002  1.923699e-001  0.000000e+000
 2.650000e+002  9.365299e-002  0.000000e+000
 2.655000e+002  2.074613e-001  0.000000e+000
 2.660000e+002  7.080414e-002  0.000000e+000
 2.665000e+002  1.152541e-001  0.000000e+000
 2.670000e+002  8.708958e-002  0.000000e+000
 2.675000e+002  2.115589e-001  0.000000e+000
 2.680000e+002  1.028810e-001  0.000000e+000
 2.685000e+002  2.183909e-001  0.000000e+000
 2.690000e+002  1.726361e-001  0.000000e+000
 2.695000e+002  3.995037e-002  0.000000e+000
 2.700000e+002  1.390528e-002  0.000000e+000
 2.705000e+002  1.502745e-001  0.000000e+000
 2.710000e+002  2.361736e-002  0.000000e+000
 2.715000e+002  1.553452e-001  0.000000e+000
 2.720000e+002  6.222475e-002  0.000000e+000
 2.725000e+002  7.089010e-002  0.000000e+000
 2.730000e+002  8.688951e-002  0.000000e+000
 2.735000e+002  1.058682e-001  0.000000e+000
 2.740000e+002  4.770057e-002  0.000000e+000
 2.745000e+002  1.510423e-001  0.000000e+000
 2.750000e+002  9.774197e-002  0.000000e+000
 2.755000e+002  1.272499e-001  0.000000e+000
 2.760000e+002  2.373527e-001  0.000000e+000
 2.765000e+002  5.011138e-002  0.000000e+000
 2.770000e+002  1.078809e-001  0.000000e+000
 2.775000e+002  6.663742e-002  0.000000e+000
 2.780000e+002  1.697242e-001  0.000000e+000
 2.785000e+002  1.167914e-001  0.000000e+000
 2.790000e+002  7.376476e-002  0.000000e+000
 2.795000e+002  5.096595e-002  0.000000e+000
 2.800000e+002  2.649512e-002  0.000000e+000
 2.805000e+002  1.414116e-001  0.000000e+000
 2.810000e+002  2.421570e-001  0.000000e+000
 2.815000e+002  8.284890e-002  0.000000e+000
 2.820000e+002  9.890469e-002  0.000000e+000
 2.825000e+002  8.337920e-002  0.000000e+000
 2.830000e+002  1.041927e-001  0.000000e+000
 2.835000e+002  1.250393e-001  0.000000e+000
 2.840000e+002  1.836202e-001  0.000000e+000
 2.845000e+002  1.528811e-002  0.000000e+000
 2.850000e+002  1.737238e-001  0.000000e+000
 2.855000e+002  8.851036e-002  0.000000e+000
 2.860000e+002  8.382892e-002  0.000000e+000
 2.865000e+002  1.151267e-001  0.000000e+000
 2.870000e+002  1.751820e-001  0.000000e+000
 2.875000e+002  9.759177e-002  0.000000e+000
 2.880000e+002  6.919470e-002  0.000000e+000
 2.885000e+002  2.212726e-001  0.000000e+000
 2.890000e+002  1.531949e-001  0.000000e+000
 2.895000e+002  3.716487e-003  0.000000e+000
 2.900000e+002  5.186100e-003  0.000000e+000
 2.905000e+002  4.580597e-002  0.000000e+000
 2.910000e+002  9.490655e-003  0.000000e+000
 2.915000e+002  1.475195e-001  0.000000e+000
 2.920000e+002  5.872982e-002  0.000000e+000
 2.925000e+002  5.150884e-002  0.000000e+000
 2.930000e+002  2.556585e-001  0.000000e+000
 2.935000e+002  8.528902e-002  0.000000e+000
 2.940000e+002  1.984396e-002  0.000000e+000
 2.945000e+002  6.773353e-002  0.000000e+000
 2.950000e+002  1.412688e-002  0.000000e+000
 2.955000e+002  4.698720e-002  0.000000e+000
 2.960000e+002  6.028845e-002  0.000000e+000
 2.965000e+002  1.135343e-001  0.000000e+000
 2.970000e+002  9.817228e-002  0.000000e+000
 2.975000e+002  1.623960e-002  0.000000e+000
 2.980000e+002  7.957785e-002  0.000000e+000
 2.985000e+002  2.303299e-001  0.000000e+000
 2.990000e+002  1.643117e-001  0.000000e+000
 2.995000e+002  1.853743e-002  0.000000e+000
 3.000000e+002  3.171441e-002  0.000000e+000
 3.005000e+002  6.851648e-002  0.000000e+000
 3.010000e+002  7.322261e-002  0.000000e+000
 3.015000e+002  1.469721e-001  0.000000e+000
 3.020000e+002  5.303538e-002  0.000000e+000
 3.025000e+002  4.339761e-002  0.000000e+000
 3.030000e+002  1.771830e-001  0.000000e+000
 3.035000e+002  7.173654e-002  0.000000e+000
 3.040000e+002  9.206961e-003  0.000000e+000
 3.045000e+002  2.662782e-002  0.000000e+000
 3.050000e+002  2.729265e-002  0.000000e+000
 3.055000e+002  3.245711e-002  0.000000e+000
 3.060000e+002  4.827984e-002  0.000000e+000
 3.065000e+002  1.031895e-001  0.000000e+000
 3.070000e+002  1.974538e-001  0.000000e+000
 3.075000e+002  1.518589e-001  0.000000e+000
 3.080000e+002  8.462459e-002  0.000000e+000
 3.085000e+002  8.175592e-002  0.000000e+000
 3.090000e+002  4.154717e-003  0.000000e+000
 3.095000e+002  7.563127e-002  0.000000e+000
 3.100000e+002  3.420997e-002  0.000000e+000
 3.105000e+002  1.144042e-001  0.000000e+000
 3.110000e+002  4.015346e-003  0.000000e+000
 3.115000e+002  4.390475e-002  0.000000e+000
 3.120000e+002  3.284208e-002  0.000000e+000
 3.125000e+002  1.186394e-001  0.000000e+000
 3.130000e+002  1.452558e-001  0.000000e+000
 3.135000e+002  3.735849e-002  0.000000e+000
 3.140000e+002  2.243562e-002  0.000000e+000
 3.145000e+002  8.888598e-002  0.000000e+000
 3.150000e+002  2.215603e-002  0.000000e+000
 3.155000e+002  5.783309e-002  0.000000e+000
 3.160000e+002  5.707090e-002  0.000000e+000
 3.165000e+002  3.368965e-002  0.000000e+000
 3.170000e+002  8.576416e-003  0.000000e+000
 3.175000e+002  3.969103e-002  0.000000e+000
 3.180000e+002  1.295609e-002  0.000000e+000
 3.185000e+002  1.197996e-001  0.000000e+000
 3.190000e+002  1.487258e-002  0.000000e+000
 3.195000e+002  8.346339e-002  0.000000e+000
 3.200000e+002  6.354665e-002  0.000000e+000
 3.205000e+002  5.786048e-002  0.000000e+000
 3.210000e+002  8.339052e-003  0.000000e+000
 3.215000e+002  1.496710e-001  0.000000e+000
 3.220000e+002  1.064619e-001  0.000000e+000
 3.225000e+002  1.389710e-001  0.000000e+000
 3.230000e+002  1.786696e-001  0.000000e+000
 3.235000e+002  1.974072e-001  0.000000e+000
 3.240000e+002  2.856322e-001  0.000000e+000
 3.245000e+002  1.021762e-001  0.000000e+000
 3.250000e+002  1.979796e-001  0.000000e+000
 3.255000e+002  1.713279e-001  0.000000e+000
 3.260000e+002  4.149175e-001  0.000000e+000
 3.265000e+002  2.212047e-001  0.000000e+000
 3.270000e+002  1.299103e-001  0.000000e+000
 3.275000e+002  2.520136e-001  0.000000e+000
 3.280000e+002  1.212668e-001  0.000000e+000
 3.285000e+002  1.011822e-001  0.000000e+000
 3.290000e+002  3.472278e-001  0.000000e+000
 3.295000e+002  2.653141e-001  0.000000e+000
 3.300000e+002  1.661291e-001  0.000000e+000
 3.305000e+002  4.096042e-001  0.000000e+000
 3.310000e+002  3.869890e-001  0.000000e+000
 3.315000e+002  2.452577e-001  0.000000e+000
 3.320000e+002  1.123050e-001  0.000000e+000
 3.325000e+002  2.872703e-001  0.000000e+000
 3.330000e+002  2.631332e-001  0.000000e+000
 3.335000e+002  2.548426e-001  0.000000e+000
 3.340000e+002  2.563037e-001  0.000000e+000
 3.345000e+002  3.149524e-001  0.000000e+000
 3.350000e+002  2.420102e-001  0.000000e+000
 3.355000e+002  2.409558e-001  0.000000e+000
 3.360000e+002  1.660303e-001  0.000000e+000
 3.365000e+002  4.849403e-001  0.000000e+000
 3.370000e+002  3.635619e-001  0.000000e+000
 3.375000e+002  1.894958e-001  0.000000e+000
 3.380000e+002  2.999234e-001  0.000000e+000
 3.385000e+002  3.630791e-001  0.000000e+000
 3.390000e+002  3.389599e-001  0.000000e+000
 3.395000e+002  1.704068e-001  0.000000e+000
 3.400000e+002  2.802687e-001  0.000000e+000
 3.405000e+002  1.822283e-001  0.000000e+000
 3.410000e+002  2.062584e-001  0.000000e+000
 3.415000e+002  2.996513e-001  0.000000e+000
 3.420000e+002  3.474767e-001  0.000000e+000
 3.425000e+002  2.982391e-001  0.000000e+000
 3.430000e+002  2.254259e-001  0.000000e+000
 3.435000e+002  3.252312e-001  0.000000e+000
 3.440000e+002  3.228407e-001  0.000000e+000
 3.445000e+002  1.050692e-001  0.000000e+000
 3.450000e+002  1.471004e-001  0.000000e+000
 3.455000e+002  1.222099e-001  0.000000e+000
 3.460000e+002  1.903428e-001  0.000000e+000
 3.465000e+002  1.517728e-001  0.000000e+000
 3.470000e+002  1.466456e-001  0.000000e+000
 3.475000e+002  2.025672e-001  0.000000e+000
 3.480000e+002  2.215628e-001  0.000000e+000
 3.485000e+002  1.832374e-001  0.000000e+000
 3.490000e+002  1.755783e-001  0.000000e+000
 3.495000e+002  7.996032e-002  0.000000e+000
 3.500000e+002  2.706993e-001  0.000000e+000
 3.505000e+002  1.978540e-001  0.000000e+000
 3.510000e+002  1.926126e-001  0.000000e+000
 3.515000e+002  2.266848e-001  0.000000e+000
 3.520000e+002  2.026118e-001  0.000000e+000
 3.525000e+002  1.077354e-001  0.000000e+000
 3.530000e+002  8.801933e-002  0.000000e+000
 3.535000e+002  3.172713e-001  0.000000e+000
 3.540000e+002  1.914344e-001  0.000000e+000
 3.545000e+002  1.164532e-001  0.000000e+000
 3.550000e+002  2.604074e-001  0.000000e+000
 3.555000e+002  1.257508e-001  0.000000e+000
 3.560000e+002  1.354572e-001  0.000000e+000
 3.565000e+002  2.107273e-001  0.000000e+000
 3.570000e+002  9.641232e-002  0.000000e+000
 3.575000e+002  8.646470e-002  0.000000e+000
 3.580000e+002  1.684461e-001  0.000000e+000
 3.585000e+002  2.231243e-001  0.000000e+000
 3.590000e+002  1.491099e-001  0.000000e+000
 3.595000e+002  1.966509e-001  0.000000e+000
 3.600000e+002  1.621428e-001  0.000000e+000
 3.605000e+002  1.322360e-001  0.000000e+000
 3.610000e+002  2.928247e-001  0.000000e+000
 3.615000e+002  1.018089e-001  0.000000e+000
 3.620000e+002  1.959566e-001  0.000000e+000
 3.625000e+002  1.765584e-001  0.000000e+000
 3.630000e+002  2.197848e-001  0.000000e+000
 3.635000e+002  2.029645e-001  0.000000e+000
 3.640000e+002  1.143850e-001  0.000000e+000
 3.645000e+002  1.762197e-001  0.000000e+000
 3.650000e+002  1.051701e-001  0.000000e+000
 3.655000e+002  1.392310e-001  0.000000e+000
 3.660000e+002  1.374810e-001  0.000000e+000
 3.665000e+002  1.489938e-001  0.000000e+000
 3.670000e+002  1.524597e-001  0.000000e+000
 3.675000e+002  1.093503e-001  0.000000e+000
 3.680000e+002  7.728460e-002  0.000000e+000
 3.685000e+002  1.961630e-001  0.000000e+000
 3.690000e+002  6.831435e-002  0.000000e+000
 3.695000e+002  6.175789e-002  0.000000e+000
 3.700000e+002  1.067392e-001  0.000000e+000
 3.705000e+002  8.025833e-002  0.000000e+000
 3.710000e+002  6.105761e-002  0.000000e+000
 3.715000e+002  5.356106e-002  0.000000e+000
 3.720000e+002  2.320065e-001  0.000000e+000
 3.725000e+002  1.597546e-001  0.000000e+000
 3.730000e+002  1.207697e-001  0.000000e+000
 3.735000e+002  1.288456e-001  0.000000e+000
 3.740000e+002  1.150606e-001  0.000000e+000
 3.745000e+002  3.160980e-001  0.000000e+000
 3.750000e+002  2.750452e-001  0.000000e+000
 3.755000e+002  5.300513e-002  0.000000e+000
 3.760000e+002  1.800827e-001  0.000000e+000
 3.765000e+002  5.590360e-002  0.000000e+000
 3.770000e+002  1.573612e-001  0.000000e+000
 3.775000e+002  6.220818e-002  0.000000e+000
 3.780000e+002  7.509553e-002  0.000000e+000
 3.785000e+002  6.912754e-002  0.000000e+000
 3.790000e+002  6.277056e-002  0.000000e+000
 3.795000e+002  5.448854e-002  0.000000e+000
 3.800000e+002  8.219051e-002  0.000000e+000
 3.805000e+002  1.651418e-001  0.000000e+000
 3.810000e+002  8.424365e-002  0.000000e+000
 3.815000e+002  3.920619e-002  0.000000e+000
 3.820000e+002  2.109288e-001  0.000000e+000
 3.825000e+002  9.090162e-002  0.000000e+000
 3.830000e+002  1.091481e-001  0.000000e+000
 3.835000e+002  6.592371e-002  0.000000e+000
 3.840000e+002  9.147840e-002  0.000000e+000
 3.845000e+002  1.497288e-001  0.000000e+000
 3.850000e+002  1.885773e-001  0.000000e+000
 3.855000e+002  3.310493e-002  0.000000e+000
 3.860000e+002  8.714356e-002  0.000000e+000
 3.865000e+002  7.491361e-002  0.000000e+000
 3.870000e+002  1.413122e-001  0.000000e+000
 3.875000e+002  4.856880e-002  0.000000e+000
 3.880000e+002  8.637482e-002  0.000000e+000
 3.885000e+002  6.697300e-002  0.000000e+000
 3.890000e+002  1.617330e-002  0.000000e+000
 3.895000e+002  1.286290e-002  0.000000e+000
 3.900000e+002  6.833716e-002  0.000000e+000
 3.905000e+002  1.564392e-001  0.000000e+000
 3.910000e+002  5.259354e-002  0.000000e+000
 3.915000e+002  1.496831e-001  0.000000e+000
 3.920000e+002  1.429532e-001  0.000000e+000
 3.925000e+002  4.545085e-002  0.000000e+000
 3.930000e+002  5.922721e-002  0.000000e+000
 3.935000e+002  5.042304e-002  0.000000e+000
 3.940000e+002  1.646652e-001  0.000000e+000
 3.945000e+002  5.470213e-002  0.000000e+000
 3.950000e+002  5.369225e-002  0.000000e+000
 3.955000e+002  5.712079e-002  0.000000e+000
 3.960000e+002  1.272884e-001  0.000000e+000
 3.965000e+002  1.001324e-001  0.000000e+000
 3.970000e+002  4.844953e-002  0.000000e+000
 3.975000e+002  6.231618e-002  0.000000e+000
 3.980000e+002  5.803364e-002  0.000000e+000
 3.985000e+002  7.656983e-002  0.000000e+000
 3.990000e+002  4.415501e-002  0.000000e+000
 3.995000e+002  7.502815e-002  0.000000e+000
 4.000000e+002  6.662878e-002  0.000000e+000
 4.005000e+002  8.395894e-003  0.000000e+000
 4.010000e+002  1.979844e-002  0.000000e+000
 4.015000e+002  3.121190e-002  0.000000e+000
 4.020000e+002  9.479107e-002  0.000000e+000
 4.025000e+002  7.638458e-002  0.000000e+000
 4.030000e+002  4.403527e-002  0.000000e+000
 4.035000e+002  7.117863e-002  0.000000e+000
 4.040000e+002  1.665867e-001  0.000000e+000
 4.045000e+002  3.076860e-002  0.000000e+000
 4.050000e+002  2.097421e-002  0.000000e+000
 4.055000e+002  6.645951e-002  0.000000e+000
 4.060000e+002  5.961491e-002  0.000000e+000
 4.065000e+002  8.324390e-002  0.000000e+000
 4.070000e+002  1.709873e-002  0.000000e+000
 4.075000e+002  4.652057e-002  0.000000e+000
 4.080000e+002  4.397253e-002  0.000000e+000
 4.085000e+002  6.121194e-002  0.000000e+000
 4.090000e+002  5.237601e-002  0.000000e+000
 4.095000e+002  9.872349e-002  0.000000e+000
 4.100000e+002  3.725734e-002  0.000000e+000
 4.105000e+002  1.659109e-001  0.000000e+000
 4.110000e+002  1.704374e-001  0.000000e+000
 4.115000e+002  4.780836e-003  0.000000e+000
 4.120000e+002  1.290749e-001  0.000000e+000
 4.125000e+002  8.229559e-002  0.000000e+000
 4.130000e+002  9.290616e-002  0.000000e+000
 4.135000e+002  4.104396e-002  0.000000e+000
 4.140000e+002  1.210938e-001  0.000000e+000
 4.145000e+002  5.071868e-002  0.000000e+000
 4.150000e+002  8.565784e-002  0.000000e+000
 4.155000e+002  4.919532e-002  0.000000e+000
 4.160000e+002  1.473280e-002  0.000000e+000
 4.165000e+002  3.254521e-002  0.000000e+000
 4.170000e+002  5.400552e-002  0.000000e+000
 4.175000e+002  1.780705e-003  0.000000e+000
 4.180000e+002  8.373138e-002  0.000000e+000
 4.185000e+002  8.157110e-002  0.000000e+000
 4.190000e+002  1.196680e-001  0.000000e+000
 4.195000e+002  1.464526e-001  0.000000e+000
 4.200000e+002  1.212465e-001  0.000000e+000
 4.205000e+002  4.210529e-002  0.000000e+000
 4.210000e+002  4.224698e-002  0.000000e+000
 4.215000e+002  8.438901e-002  0.000000e+000
 4.220000e+002  7.919247e-002  0.000000e+000
 4.225000e+002  5.449096e-002  0.000000e+000
 4.230000e+002  7.230158e-002  0.000000e+000
 4.235000e+002  1.206911e-001  0.000000e+000
 4.240000e+002  5.385627e-002  0.000000e+000
 4.245000e+002  4.068988e-002  0.000000e+000
 4.250000e+002  9.917705e-002  0.000000e+000
 4.255000e+002  8.506916e-002  0.000000e+000
 4.260000e+002  1.131977e-001  0.000000e+000
 4.265000e+002  7.682209e-002  0.000000e+000
 4.270000e+002  1.074316e-001  0.000000e+000
 4.275000e+002  6.125824e-002  0.000000e+000
 4.280000e+002  7.347456e-002  0.000000e+000
 4.285000e+002  5.308701e-002  0.000000e+000
 4.290000e+002  1.127223e-001  0.000000e+000
 4.295000e+002  8.843844e-002  0.000000e+000
 4.300000e+002  7.099634e-002  0.000000e+000
 4.305000e+002  3.919395e-002  0.000000e+000
 4.310000e+002  5.633771e-002  0.000000e+000
 4.315000e+002  1.288170e-001  0.000000e+000
 4.320000e+002  1.040276e-001  0.000000e+000
 4.325000e+002  5.858509e-002  0.000000e+000
 4.330000e+002  6.258925e-002  0.000000e+000
 4.335000e+002  3.148484e-002  0.000000e+000
 4.340000e+002  1.912993e-001  0.000000e+000
 4.345000e+002  7.143890e-002  0.000000e+000
 4.350000e+002  9.961318e-002  0.000000e+000
 4.355000e+002  9.751959e-002  0.000000e+000
 4.360000e+002  1.921325e-001  0.000000e+000
 4.365000e+002  1.185525e-001  0.000000e+000
 4.370000e+002  1.867848e-001  0.000000e+000
 4.375000e+002  1.513185e-001  0.000000e+000
 4.380000e+002  7.444499e-002  0.000000e+000
 4.385000e+002  8.166756e-002  0.000000e+000
 4.390000e+002  4.754292e-002  0.000000e+000
 4.395000e+002  1.125973e-001  0.000000e+000
 4.400000e+002  1.337721e-001  0.000000e+000
 4.405000e+002  1.032928e-001  0.000000e+000
 4.410000e+002  6.956527e-002  0.000000e+000
 4.415000e+002  1.313168e-001  0.000000e+000
 4.420000e+002  8.997869e-002  0.000000e+000
 4.425000e+002  6.479862e-002  0.000000e+000
 4.430000e+002  1.409812e-001  0.000000e+000
 4.435000e+002  8.908558e-002  0.000000e+000
 4.440000e+002  1.056596e-001  0.000000e+000
 4.445000e+002  7.360699e-002  0.000000e+000
 4.450000e+002  1.595542e-001  0.000000e+000
 4.455000e+002  7.626245e-002  0.000000e+000
 4.460000e+002  1.159799e-001  0.000000e+000
 4.465000e+002  4.198809e-002  0.000000e+000
 4.470000e+002  5.749519e-002  0.000000e+000
 4.475000e+002  5.050392e-002  0.000000e+000
 4.480000e+002  2.391894e-002  0.000000e+000
 4.485000e+002  2.171475e-002  0.000000e+000
 4.490000e+002  5.193470e-002  0.000000e+000
 4.495000e+002  1.498023e-001  0.000000e+000
 4.500000e+002  1.489547e-001  0.000000e+000
 4.505000e+002  1.611002e-002  0.000000e+000
 4.510000e+002  8.533175e-002  0.000000e+000
 4.515000e+002  6.618951e-002  0.000000e+000
 4.520000e+002  1.240492e-001  0.000000e+000
 4.525000e+002  1.611281e-001  0.000000e+000
 4.530000e+002  7.711951e-002  0.000000e+000
 4.535000e+002  2.873204e-002  0.000000e+000
 4.540000e+002  7.096329e-002  0.000000e+000
 4.545000e+002  3.525012e-002  0.000000e+000
 4.550000e+002  3.174414e-002  0.000000e+000
 4.555000e+002  1.297294e-001  0.000000e+000
 4.560000e+002  9.979823e-002  0.000000e+000
 4.565000e+002  3.577925e-002  0.000000e+000
 4.570000e+002  7.456772e-002  0.000000e+000
 4.575000e+002  7.150017e-002  0.000000e+000
 4.580000e+002  5.221217e-002  0.000000e+000
 4.585000e+002  3.759447e-002  0.000000e+000
 4.590000e+002  2.624774e-002  0.000000e+000
 4.595000e+002  7.604972e-002  0.000000e+000
 4.600000e+002  1.189697e-001  0.000000e+000
 4.605000e+002  9.343634e-002  0.000000e+000
 4.610000e+002  1.918070e-002  0.000000e+000
 4.615000e+002  8.847456e-002  0.000000e+000
 4.620000e+002  8.323909e-002  0.000000e+000
 4.625000e+002  1.021740e-002  0.000000e+000
 4.630000e+002  1.061671e-001  0.000000e+000
 4.635000e+002  2.490286e-002  0.000000e+000
 4.640000e+002  1.010914e-002  0.000000e+000
 4.645000e+002  2.005938e-002  0.000000e+000
 4.650000e+002  3.508572e-002  0.000000e+000
 4.655000e+002  7.277519e-002  0.000000e+000
 4.660000e+002  6.318109e-002  0.000000e+000
 4.665000e+002  5.649534e-002  0.000000e+000
 4.670000e+002  3.705621e-002  0.000000e+000
 4.675000e+002  2.436698e-002  0.000000e+000
 4.680000e+002  4.976736e-002  0.000000e+000
 4.685000e+002  1.277152e-001  0.000000e+000
 4.690000e+002  6.891747e-002  0.000000e+000
 4.695000e+002  7.987805e-002  0.000000e+000
 4.700000e+002  8.769421e-002  0.000000e+000
 4.705000e+002  5.295387e-002  0.000000e+000
 4.710000e+002  6.247936e-002  0.000000e+000
 4.715000e+002  7.235460e-002  0.000000e+000
 4.720000e+002  5.086226e-002  0.000000e+000
 4.725000e+002  8.414196e-002  0.000000e+000
 4.730000e+002  5.736054e-002  0.000000e+000
 4.735000e+002  2.764389e-002  0.000000e+000
 4.740000e+002  5.096481e-002  0.000000e+000
 4.745000e+002  3.676188e-002  0.000000e+000
 4.750000e+002  1.210721e-001  0.000000e+000
 4.755000e+002  3.489345e-002  0.000000e+000
 4.760000e+002  4.293580e-002  0.000000e+000
 4.765000e+002  2.114581e-002  0.000000e+000
 4.770000e+002  3.428874e-002  0.000000e+000
 4.775000e+002  8.338636e-002  0.000000e+000
 4.780000e+002  1.417743e-001  0.000000e+000
 4.785000e+002  7.264047e-002  0.000000e+000
 4.790000e+002  5.791905e-002  0.000000e+000
 4.795000e+002  8.494107e-002  0.000000e+000
 4.800000e+002  6.752814e-002  0.000000e+000
 4.805000e+002  6.415847e-002  0.000000e+000
 4.810000e+002  4.677591e-002  0.000000e+000
 4.815000e+002  1.351868e-001  0.000000e+000
 4.820000e+002  3.811837e-002  0.000000e+000
 4.825000e+002  7.610402e-002  0.000000e+000
 4.830000e+002  4.309351e-002  0.000000e+000
 4.835000e+002  2.897696e-002  0.000000e+000
 4.840000e+002  7.807972e-002  0.000000e+000
 4.845000e+002  4.571293e-002  0.000000e+000
 4.850000e+002  4.734316e-002  0.000000e+000
 4.855000e+002  3.788616e-002  0.000000e+000
 4.860000e+002  7.082558e-002  0.000000e+000
 4.865000e+002  7.961306e-002  0.000000e+000
 4.870000e+002  5.107997e-002  0.000000e+000
 4.875000e+002  4.430572e-002  0.000000e+000
 4.880000e+002  1.236424e-001  0.000000e+000
 4.885000e+002  3.686053e-002  0.000000e+000
 4.890000e+002  2.292466e-002  0.000000e+000
 4.895000e+002  3.423472e-002  0.000000e+000
 4.900000e+002  6.718489e-002  0.000000e+000
 4.905000e+002  5.310931e-002  0.000000e+000
 4.910000e+002  2.092691e-002  0.000000e+000
 4.915000e+002  1.055248e-001  0.000000e+000
 4.920000e+002  5.551427e-002  0.000000e+000
 4.925000e+002  1.175496e-001  0.000000e+000
 4.930000e+002  4.734650e-002  0.000000e+000
 4.935000e+002  5.207506e-002  0.000000e+000
 4.940000e+002  7.873849e-002  0.000000e+000
 4.945000e+002  4.564742e-002  0.000000e+000
 4.950000e+002  7.369931e-002  0.000000e+000
 4.955000e+002  5.055770e-002  0.000000e+000
 4.960000e+002  6.806704e-002  0.000000e+000
 4.965000e+002  2.173821e-002  0.000000e+000
 4.970000e+002  2.466928e-002  0.000000e+000
 4.975000e+002  3.041906e-002  0.000000e+000
 4.980000e+002  6.219993e-002  0.000000e+000
 4.985000e+002  2.570135e-002  0.000000e+000
 4.990000e+002  2.845543e-002  0.000000e+000
 4.995000e+002  2.209340e-002  0.000000e+000
 5.000000e+002  6.163155e-002  0.000000e+000
 5.005000e+002  3.514093e-002  0.000000e+000
 5.010000e+002  3.768732e-002  0.000000e+000
 5.015000e+002  9.650192e-003  0.000000e+000
 5.020000e+002  5.502760e-002  0.000000e+000
 5.025000e+002  7.117090e-002  0.000000e+000
 5.030000e+002  7.306356e-002  0.000000e+000
 5.035000e+002  3.620663e-002  0.000000e+000
 5.040000e+002  7.464697e-002  0.000000e+000
 5.045000e+002  4.765791e-002  0.000000e+000
 5.050000e+002  4.709953e-002  0.000000e+000
 5.055000e+002  3.726451e-002  0.000000e+000
 5.060000e+002  2.858879e-002  0.000000e+000
 5.065000e+002  2.544320e-002  0.000000e+000
 5.070000e+002  3.863608e-002  0.000000e+000
 5.075000e+002  2.661846e-002  0.000000e+000
 5.080000e+002  5.643147e-002  0.000000e+000
 5.085000e+002  6.958165e-002  0.000000e+000
 5.090000e+002  2.779213e-002  0.000000e+000
 5.095000e+002  4.459952e-002  0.000000e+000
 5.100000e+002  6.660215e-002  0.000000e+000
 5.105000e+002  3.808188e-002  0.000000e+000
 5.110000e+002  3.535758e-002  0.000000e+000
 5.115000e+002  7.479327e-002  0.000000e+000
 5.120000e+002  4.905843e-002  0.000000e+000
