 0.000000e+000 -1.595222e-004  0.000000e+000
 6.250000e-002 -1.481300e-004  0.000000e+000
 1.250000e-001 -1.119147e-004  0.000000e+000
 1.875000e-001 -5.484227e-005  0.000000e+000
 2.500000e-001  1.291974e-005  0.000000e+000
 3.125000e-001  8.001734e-005  0.000000e+000
 3.750000e-001  1.364451e-004  0.000000e+000
 4.375000e-001  1.722289e-004  0.000000e+000
 5.000000e-001  1.793826e-004  0.000000e+000
 5.625000e-001  1.567770e-004  0.000000e+000
 6.250000e-001  1.110216e-004  0.000000e+000
 6.875000e-001  5.165880e-005  0.000000e+000
 7.500000e-001 -1.207993e-005  0.000000e+000
 8.125000e-001 -7.112605e-005  0.000000e+000
 8.750000e-001 -1.177725e-004  0.000000e+000
 9.375000e-001 -1.478260e-004  0.000000e+000
 1.000000e+000 -1.589673e-004  0.000000e+000
 1.062500e+000 -1.478060e-004  0.000000e+000
 1.125000e+000 -1.119215e-004  0.000000e+000
 1.187500e+000 -5.514885e-005  0.000000e+000
 1.250000e+000  1.238030e-005  0.000000e+000
 1.312500e+000  7.943880e-005  0.000000e+000
 1.375000e+000  1.360209e-004  0.000000e+000
 1.437500e+000  1.721529e-004  0.000000e+000
 1.500000e+000  1.796686e-004  0.000000e+000
 1.562500e+000  1.573412e-004  0.000000e+000
 1.625000e+000  1.116870e-004  0.000000e+000
 1.687500e+000  5.224223e-005  0.000000e+000
 1.750000e+000 -1.173409e-005  0.000000e+000
 1.812500e+000 -7.115078e-005  0.000000e+000
 1.875000e+000 -1.181726e-004  0.000000e+000
 1.937500e+000 -1.484511e-004  0.000000e+000
 2.000000e+000 -1.596149e-004  0.000000e+000
 2.062500e+000 -1.482735e-004  0.000000e+000
 2.125000e+000 -1.120664e-004  0.000000e+000
 2.187500e+000 -5.494306e-005  0.000000e+000
 2.250000e+000  1.289961e-005  0.000000e+000
 2.312500e+000  8.004354e-005  0.000000e+000
 2.375000e+000  1.364772e-004  0.000000e+000
 2.437500e+000  1.722759e-004  0.000000e+000
 2.500000e+000  1.794407e-004  0.000000e+000
 2.562500e+000  1.568034e-004  0.000000e+000
 2.625000e+000  1.109723e-004  0.000000e+000
 2.687500e+000  5.153473e-005  0.000000e+000
 2.750000e+000 -1.219843e-005  0.000000e+000
 2.812500e+000 -7.124230e-005  0.000000e+000
 2.875000e+000 -1.178869e-004  0.000000e+000
 2.937500e+000 -1.478814e-004  0.000000e+000
 3.000000e+000 -1.589425e-004  0.000000e+000
 3.062500e+000 -1.476958e-004  0.000000e+000
 3.125000e+000 -1.117867e-004  0.000000e+000
 3.187500e+000 -5.506177e-005  0.000000e+000
 3.250000e+000  1.240400e-005  0.000000e+000
 3.312500e+000  7.940817e-005  0.000000e+000
 3.375000e+000  1.359658e-004  0.000000e+000
 3.437500e+000  1.720576e-004  0.000000e+000
 3.500000e+000  1.795398e-004  0.000000e+000
 3.562500e+000  1.572208e-004  0.000000e+000
 3.625000e+000  1.116136e-004  0.000000e+000
 3.687500e+000  5.223185e-005  0.000000e+000
 3.750000e+000 -1.169469e-005  0.000000e+000
 3.812500e+000 -7.107231e-005  0.000000e+000
 3.875000e+000 -1.181072e-004  0.000000e+000
 3.937500e+000 -1.484783e-004  0.000000e+000
 4.000000e+000 -1.597297e-004  0.000000e+000
 4.062500e+000 -1.483673e-004  0.000000e+000
 4.125000e+000 -1.120820e-004  0.000000e+000
 4.187500e+000 -5.492444e-005  0.000000e+000
 4.250000e+000  1.286211e-005  0.000000e+000
 4.312500e+000  8.003681e-005  0.000000e+000
 4.375000e+000  1.366148e-004  0.000000e+000
 4.437500e+000  1.725353e-004  0.000000e+000
 4.500000e+000  1.796706e-004  0.000000e+000
 4.562500e+000  1.569250e-004  0.000000e+000
 4.625000e+000  1.109908e-004  0.000000e+000
 4.687500e+000  5.148782e-005  0.000000e+000
 4.750000e+000 -1.233648e-005  0.000000e+000
 4.812500e+000 -7.138763e-005  0.000000e+000
 4.875000e+000 -1.179757e-004  0.000000e+000
 4.937500e+000 -1.479229e-004  0.000000e+000
 5.000000e+000 -1.589362e-004  0.000000e+000
 5.062500e+000 -1.475935e-004  0.000000e+000
 5.125000e+000 -1.115548e-004  0.000000e+000
 5.187500e+000 -5.478652e-005  0.000000e+000
 5.250000e+000  1.257350e-005  0.000000e+000
 5.312500e+000  7.943591e-005  0.000000e+000
 5.375000e+000  1.359031e-004  0.000000e+000
 5.437500e+000  1.719784e-004  0.000000e+000
 5.500000e+000  1.794339e-004  0.000000e+000
 5.562500e+000  1.570538e-004  0.000000e+000
 5.625000e+000  1.114554e-004  0.000000e+000
 5.687500e+000  5.219837e-005  0.000000e+000
 5.750000e+000 -1.155385e-005  0.000000e+000
 5.812500e+000 -7.082135e-005  0.000000e+000
 5.875000e+000 -1.178435e-004  0.000000e+000
 5.937500e+000 -1.482708e-004  0.000000e+000
 6.000000e+000 -1.596340e-004  0.000000e+000
 6.062500e+000 -1.484076e-004  0.000000e+000
 6.125000e+000 -1.122275e-004  0.000000e+000
 6.187500e+000 -5.512828e-005  0.000000e+000
 6.250000e+000  1.271940e-005  0.000000e+000
 6.312500e+000  7.999680e-005  0.000000e+000
 6.375000e+000  1.366939e-004  0.000000e+000
 6.437500e+000  1.727579e-004  0.000000e+000
 6.500000e+000  1.799870e-004  0.000000e+000
 6.562500e+000  1.571972e-004  0.000000e+000
 6.625000e+000  1.111173e-004  0.000000e+000
 6.687500e+000  5.147829e-005  0.000000e+000
 6.750000e+000 -1.238949e-005  0.000000e+000
 6.812500e+000 -7.150581e-005  0.000000e+000
 6.875000e+000 -1.182023e-004  0.000000e+000
 6.937500e+000 -1.481502e-004  0.000000e+000
 7.000000e+000 -1.590155e-004  0.000000e+000
 7.062500e+000 -1.474813e-004  0.000000e+000
 7.125000e+000 -1.113434e-004  0.000000e+000
 7.187500e+000 -5.455890e-005  0.000000e+000
 7.250000e+000  1.279030e-005  0.000000e+000
 7.312500e+000  7.956925e-005  0.000000e+000
 7.375000e+000  1.359178e-004  0.000000e+000
 7.437500e+000  1.718474e-004  0.000000e+000
 7.500000e+000  1.792202e-004  0.000000e+000
 7.562500e+000  1.568162e-004  0.000000e+000
 7.625000e+000  1.112414e-004  0.000000e+000
 7.687500e+000  5.208117e-005  0.000000e+000
 7.750000e+000 -1.151661e-005  0.000000e+000
 7.812500e+000 -7.061491e-005  0.000000e+000
 7.875000e+000 -1.175541e-004  0.000000e+000
 7.937500e+000 -1.480268e-004  0.000000e+000
