 0.000000e+000 -1.760937e-005  0.000000e+000
 6.250000e-002  5.291726e-005  0.000000e+000
 1.250000e-001  1.159220e-004  0.000000e+000
 1.875000e-001  1.607773e-004  0.000000e+000
 2.500000e-001  1.785054e-004  0.000000e+000
 3.125000e-001  1.666475e-004  0.000000e+000
 3.750000e-001  1.305746e-004  0.000000e+000
 4.375000e-001  7.843380e-005  0.000000e+000
 5.000000e-001  1.723491e-005  0.000000e+000
 5.625000e-001 -4.602107e-005  0.000000e+000
 6.250000e-001 -1.030400e-004  0.000000e+000
 6.875000e-001 -1.461170e-004  0.000000e+000
 7.500000e-001 -1.693355e-004  0.000000e+000
 8.125000e-001 -1.676675e-004  0.000000e+000
 8.750000e-001 -1.383382e-004  0.000000e+000
 9.375000e-001 -8.470856e-005  0.000000e+000
 1.000000e+000 -1.659472e-005  0.000000e+000
 1.062500e+000  5.429039e-005  0.000000e+000
 1.125000e+000  1.172250e-004  0.000000e+000
 1.187500e+000  1.616206e-004  0.000000e+000
 1.250000e+000  1.785754e-004  0.000000e+000
 1.312500e+000  1.659608e-004  0.000000e+000
 1.375000e+000  1.293748e-004  0.000000e+000
 1.437500e+000  7.715929e-005  0.000000e+000
 1.500000e+000  1.627677e-005  0.000000e+000
 1.562500e+000 -4.638514e-005  0.000000e+000
 1.625000e+000 -1.026658e-004  0.000000e+000
 1.687500e+000 -1.451268e-004  0.000000e+000
 1.750000e+000 -1.680234e-004  0.000000e+000
 1.812500e+000 -1.664731e-004  0.000000e+000
 1.875000e+000 -1.376551e-004  0.000000e+000
 1.937500e+000 -8.475618e-005  0.000000e+000
 2.000000e+000 -1.733244e-005  0.000000e+000
 2.062500e+000  5.312061e-005  0.000000e+000
 2.125000e+000  1.160207e-004  0.000000e+000
 2.187500e+000  1.607935e-004  0.000000e+000
 2.250000e+000  1.784336e-004  0.000000e+000
 2.312500e+000  1.665397e-004  0.000000e+000
 2.375000e+000  1.304962e-004  0.000000e+000
 2.437500e+000  7.846517e-005  0.000000e+000
 2.500000e+000  1.740631e-005  0.000000e+000
 2.562500e+000 -4.579947e-005  0.000000e+000
 2.625000e+000 -1.028956e-004  0.000000e+000
 2.687500e+000 -1.460763e-004  0.000000e+000
 2.750000e+000 -1.693931e-004  0.000000e+000
 2.812500e+000 -1.677875e-004  0.000000e+000
 2.875000e+000 -1.385283e-004  0.000000e+000
 2.937500e+000 -8.497676e-005  0.000000e+000
 3.000000e+000 -1.682275e-005  0.000000e+000
 3.062500e+000  5.427471e-005  0.000000e+000
 3.125000e+000  1.174119e-004  0.000000e+000
 3.187500e+000  1.619374e-004  0.000000e+000
 3.250000e+000  1.789394e-004  0.000000e+000
 3.312500e+000  1.662448e-004  0.000000e+000
 3.375000e+000  1.295035e-004  0.000000e+000
 3.437500e+000  7.709332e-005  0.000000e+000
 3.500000e+000  1.605494e-005  0.000000e+000
 3.562500e+000 -4.667765e-005  0.000000e+000
 3.625000e+000 -1.029981e-004  0.000000e+000
 3.687500e+000 -1.453767e-004  0.000000e+000
 3.750000e+000 -1.680798e-004  0.000000e+000
 3.812500e+000 -1.662489e-004  0.000000e+000
 3.875000e+000 -1.372572e-004  0.000000e+000
 3.937500e+000 -8.438239e-005  0.000000e+000
 4.000000e+000 -1.711076e-005  0.000000e+000
 4.062500e+000  5.321757e-005  0.000000e+000
 4.125000e+000  1.159787e-004  0.000000e+000
 4.187500e+000  1.605219e-004  0.000000e+000
 4.250000e+000  1.779567e-004  0.000000e+000
 4.312500e+000  1.660308e-004  0.000000e+000
 4.375000e+000  1.301665e-004  0.000000e+000
 4.437500e+000  7.840232e-005  0.000000e+000
 4.500000e+000  1.755978e-005  0.000000e+000
 4.562500e+000 -4.550702e-005  0.000000e+000
 4.625000e+000 -1.025163e-004  0.000000e+000
 4.687500e+000 -1.457153e-004  0.000000e+000
 4.750000e+000 -1.691592e-004  0.000000e+000
 4.812500e+000 -1.678054e-004  0.000000e+000
 4.875000e+000 -1.387902e-004  0.000000e+000
 4.937500e+000 -8.535760e-005  0.000000e+000
 5.000000e+000 -1.721056e-005  0.000000e+000
 5.062500e+000  5.398679e-005  0.000000e+000
 5.125000e+000  1.173529e-004  0.000000e+000
 5.187500e+000  1.621142e-004  0.000000e+000
 5.250000e+000  1.792462e-004  0.000000e+000
 5.312500e+000  1.666337e-004  0.000000e+000
 5.375000e+000  1.299269e-004  0.000000e+000
 5.437500e+000  7.745008e-005  0.000000e+000
 5.500000e+000  1.617863e-005  0.000000e+000
 5.562500e+000 -4.686180e-005  0.000000e+000
 5.625000e+000 -1.034104e-004  0.000000e+000
 5.687500e+000 -1.458610e-004  0.000000e+000
 5.750000e+000 -1.684665e-004  0.000000e+000
 5.812500e+000 -1.664610e-004  0.000000e+000
 5.875000e+000 -1.372568e-004  0.000000e+000
 5.937500e+000 -8.416021e-005  0.000000e+000
 6.000000e+000 -1.671721e-005  0.000000e+000
 6.062500e+000  5.363404e-005  0.000000e+000
 6.125000e+000  1.163022e-004  0.000000e+000
 6.187500e+000  1.607036e-004  0.000000e+000
 6.250000e+000  1.779543e-004  0.000000e+000
 6.312500e+000  1.658426e-004  0.000000e+000
 6.375000e+000  1.298814e-004  0.000000e+000
 6.437500e+000  7.816060e-005  0.000000e+000
 6.500000e+000  1.746653e-005  0.000000e+000
 6.562500e+000 -4.545236e-005  0.000000e+000
 6.625000e+000 -1.023485e-004  0.000000e+000
 6.687500e+000 -1.454352e-004  0.000000e+000
 6.750000e+000 -1.688067e-004  0.000000e+000
 6.812500e+000 -1.674586e-004  0.000000e+000
 6.875000e+000 -1.385870e-004  0.000000e+000
 6.937500e+000 -8.542361e-005  0.000000e+000
 7.000000e+000 -1.747591e-005  0.000000e+000
 7.062500e+000  5.369772e-005  0.000000e+000
 7.125000e+000  1.171085e-004  0.000000e+000
 7.187500e+000  1.619194e-004  0.000000e+000
 7.250000e+000  1.791513e-004  0.000000e+000
 7.312500e+000  1.666461e-004  0.000000e+000
 7.375000e+000  1.300486e-004  0.000000e+000
 7.437500e+000  7.761417e-005  0.000000e+000
 7.500000e+000  1.632048e-005  0.000000e+000
 7.562500e+000 -4.683053e-005  0.000000e+000
 7.625000e+000 -1.035187e-004  0.000000e+000
 7.687500e+000 -1.460219e-004  0.000000e+000
 7.750000e+000 -1.686135e-004  0.000000e+000
 7.812500e+000 -1.665657e-004  0.000000e+000
 7.875000e+000 -1.373264e-004  0.000000e+000
 7.937500e+000 -8.419231e-005  0.000000e+000
