 0.000000e+000  9.985598e-001  0.000000e+000
 1.000000e+000  7.689576e-001  0.000000e+000
 2.000000e+000  8.106220e-001  0.000000e+000
 3.000000e+000  7.132044e-001  0.000000e+000
 4.000000e+000  6.073180e-001  0.000000e+000
 5.000000e+000  2.017129e-001  0.000000e+000
 6.000000e+000  6.356791e-001  0.000000e+000
 7.000000e+000  7.284805e-001  0.000000e+000
 8.000000e+000  6.892453e-001  0.000000e+000
 9.000000e+000  6.500171e-001  0.000000e+000
 1.000000e+001  6.864539e-001  0.000000e+000
 1.100000e+001  7.408538e-001  0.000000e+000
 1.200000e+001  6.679124e-001  0.000000e+000
 1.300000e+001  6.991583e-001  0.000000e+000
 1.400000e+001  5.960544e-001  0.000000e+000
 1.500000e+001  5.905254e-001  0.000000e+000
 1.600000e+001  5.927081e-001  0.000000e+000
 1.700000e+001  3.872399e-001  0.000000e+000
 1.800000e+001  3.813879e-002  0.000000e+000
 1.900000e+001  6.035734e-001  0.000000e+000
 2.000000e+001  7.197568e-001  0.000000e+000
 2.100000e+001  6.980926e-001  0.000000e+000
 2.200000e+001  7.883376e-001  0.000000e+000
 2.300000e+001  7.168103e-001  0.000000e+000
 2.400000e+001  6.878287e-001  0.000000e+000
 2.500000e+001  6.543551e-001  0.000000e+000
 2.600000e+001  6.591892e-001  0.000000e+000
 2.700000e+001  6.102719e-001  0.000000e+000
 2.800000e+001  6.046702e-001  0.000000e+000
 2.900000e+001  5.488470e-001  0.000000e+000
 3.000000e+001  5.629845e-001  0.000000e+000
 3.100000e+001  5.453036e-001  0.000000e+000
 3.200000e+001  4.484685e-001  0.000000e+000
 3.300000e+001  4.839782e-001  0.000000e+000
 3.400000e+001  4.589903e-001  0.000000e+000
 3.500000e+001  4.774165e-001  0.000000e+000
 3.600000e+001  3.563464e-003  0.000000e+000
 3.700000e+001  3.763669e-001  0.000000e+000
 3.800000e+001  4.988406e-001  0.000000e+000
 3.900000e+001  3.562722e-001  0.000000e+000
 4.000000e+001  4.083155e-001  0.000000e+000
 4.100000e+001  3.843470e-001  0.000000e+000
 4.200000e+001  1.469638e-001  0.000000e+000
 4.300000e+001  4.746581e-002  0.000000e+000
 4.400000e+001  2.791978e-001  0.000000e+000
 4.500000e+001  2.492195e-001  0.000000e+000
 4.600000e+001  3.616126e-001  0.000000e+000
 4.700000e+001  3.011690e-001  0.000000e+000
 4.800000e+001  2.698388e-001  0.000000e+000
 4.900000e+001  2.789547e-001  0.000000e+000
 5.000000e+001  1.961780e-001  0.000000e+000
 5.100000e+001  1.407845e-001  0.000000e+000
 5.200000e+001  1.122971e-001  0.000000e+000
 5.300000e+001  5.065297e-002  0.000000e+000
 5.400000e+001  2.567906e-002  0.000000e+000
 5.500000e+001  2.395262e-002  0.000000e+000
 5.600000e+001  6.445450e-002  0.000000e+000
 5.700000e+001  1.857427e-001  0.000000e+000
 5.800000e+001  1.803633e-001  0.000000e+000
 5.900000e+001  3.589080e-001  0.000000e+000
 6.000000e+001  2.632700e-001  0.000000e+000
 6.100000e+001  5.561258e-001  0.000000e+000
 6.200000e+001  5.280444e-001  0.000000e+000
 6.300000e+001  5.964427e-001  0.000000e+000
 6.400000e+001  6.502160e-001  0.000000e+000
 6.500000e+001  5.513881e-001  0.000000e+000
 6.600000e+001  1.920482e-001  0.000000e+000
 6.700000e+001  6.916912e-001  0.000000e+000
 6.800000e+001  6.744875e-001  0.000000e+000
 6.900000e+001  6.848602e-001  0.000000e+000
 7.000000e+001  7.122909e-001  0.000000e+000
 7.100000e+001  6.799583e-001  0.000000e+000
 7.200000e+001  2.323183e-001  0.000000e+000
 7.300000e+001  6.863420e-001  0.000000e+000
 7.400000e+001  6.137070e-001  0.000000e+000
 7.500000e+001  7.657750e-001  0.000000e+000
 7.600000e+001  5.736534e-001  0.000000e+000
 7.700000e+001  7.204161e-001  0.000000e+000
 7.800000e+001  5.923489e-001  0.000000e+000
 7.900000e+001  6.654969e-001  0.000000e+000
 8.000000e+001  7.883100e-001  0.000000e+000
 8.100000e+001  7.587858e-001  0.000000e+000
 8.200000e+001  7.517754e-001  0.000000e+000
 8.300000e+001  7.325072e-001  0.000000e+000
 8.400000e+001  7.563028e-001  0.000000e+000
 8.500000e+001  7.068048e-001  0.000000e+000
 8.600000e+001  7.467104e-001  0.000000e+000
 8.700000e+001  7.129160e-001  0.000000e+000
 8.800000e+001  7.261621e-001  0.000000e+000
 8.900000e+001  7.774777e-001  0.000000e+000
 9.000000e+001  5.193194e-002  0.000000e+000
 9.100000e+001  6.471803e-001  0.000000e+000
 9.200000e+001  7.036335e-001  0.000000e+000
 9.300000e+001  6.388128e-001  0.000000e+000
 9.400000e+001  3.540089e-001  0.000000e+000
 9.500000e+001  6.074126e-001  0.000000e+000
 9.600000e+001  6.380255e-001  0.000000e+000
 9.700000e+001  6.354999e-001  0.000000e+000
 9.800000e+001  6.198319e-001  0.000000e+000
 9.900000e+001  5.400407e-001  0.000000e+000
 1.000000e+002  6.703759e-001  0.000000e+000
 1.010000e+002  5.240996e-001  0.000000e+000
 1.020000e+002  1.668798e-001  0.000000e+000
 1.030000e+002  4.737484e-001  0.000000e+000
 1.040000e+002  4.922670e-001  0.000000e+000
 1.050000e+002  5.317057e-001  0.000000e+000
 1.060000e+002  3.317858e-001  0.000000e+000
 1.070000e+002  1.798640e-001  0.000000e+000
 1.080000e+002  1.466621e-001  0.000000e+000
 1.090000e+002  2.948416e-001  0.000000e+000
 1.100000e+002  4.171737e-001  0.000000e+000
 1.110000e+002  5.001390e-001  0.000000e+000
 1.120000e+002  5.473121e-001  0.000000e+000
 1.130000e+002  5.785663e-001  0.000000e+000
 1.140000e+002  4.825169e-001  0.000000e+000
 1.150000e+002  3.790675e-001  0.000000e+000
 1.160000e+002  4.313030e-001  0.000000e+000
 1.170000e+002  5.431070e-001  0.000000e+000
 1.180000e+002  6.101569e-001  0.000000e+000
 1.190000e+002  4.663546e-001  0.000000e+000
 1.200000e+002  7.832427e-002  0.000000e+000
 1.210000e+002  5.570416e-001  0.000000e+000
 1.220000e+002  3.755409e-001  0.000000e+000
 1.230000e+002  4.043159e-001  0.000000e+000
 1.240000e+002  4.281968e-001  0.000000e+000
 1.250000e+002  3.356281e-001  0.000000e+000
 1.260000e+002  2.252001e-002  0.000000e+000
 1.270000e+002  2.911186e-001  0.000000e+000
 1.280000e+002  5.506052e-001  0.000000e+000
 1.290000e+002  5.227824e-001  0.000000e+000
 1.300000e+002  5.756776e-001  0.000000e+000
 1.310000e+002  5.862427e-001  0.000000e+000
 1.320000e+002  3.879379e-001  0.000000e+000
 1.330000e+002  3.962349e-001  0.000000e+000
 1.340000e+002  4.779323e-001  0.000000e+000
 1.350000e+002  4.877023e-001  0.000000e+000
 1.360000e+002  4.311359e-001  0.000000e+000
 1.370000e+002  4.366378e-001  0.000000e+000
 1.380000e+002  2.450031e-001  0.000000e+000
 1.390000e+002  4.739200e-001  0.000000e+000
 1.400000e+002  4.972644e-001  0.000000e+000
 1.410000e+002  4.901591e-001  0.000000e+000
 1.420000e+002  3.783305e-001  0.000000e+000
 1.430000e+002  3.137513e-001  0.000000e+000
 1.440000e+002  2.134473e-002  0.000000e+000
 1.450000e+002  2.403110e-001  0.000000e+000
 1.460000e+002  2.415191e-001  0.000000e+000
 1.470000e+002  4.019352e-001  0.000000e+000
 1.480000e+002  3.296034e-001  0.000000e+000
 1.490000e+002  2.626476e-001  0.000000e+000
 1.500000e+002  1.493417e-001  0.000000e+000
 1.510000e+002  6.681999e-003  0.000000e+000
 1.520000e+002  1.241539e-001  0.000000e+000
 1.530000e+002  1.753331e-001  0.000000e+000
 1.540000e+002  2.236505e-001  0.000000e+000
 1.550000e+002  3.648598e-001  0.000000e+000
 1.560000e+002  9.497335e-002  0.000000e+000
 1.570000e+002  8.399401e-002  0.000000e+000
 1.580000e+002  9.156722e-002  0.000000e+000
 1.590000e+002  3.070311e-002  0.000000e+000
 1.600000e+002  3.014867e-002  0.000000e+000
 1.610000e+002  1.380206e-002  0.000000e+000
 1.620000e+002  5.188603e-002  0.000000e+000
 1.630000e+002  3.404778e-002  0.000000e+000
 1.640000e+002  8.104271e-002  0.000000e+000
 1.650000e+002  8.895127e-002  0.000000e+000
 1.660000e+002  1.667620e-001  0.000000e+000
 1.670000e+002  1.590494e-001  0.000000e+000
 1.680000e+002  1.733561e-001  0.000000e+000
 1.690000e+002  3.031361e-001  0.000000e+000
 1.700000e+002  2.115252e-001  0.000000e+000
 1.710000e+002  2.698547e-001  0.000000e+000
 1.720000e+002  1.139632e-001  0.000000e+000
 1.730000e+002  1.154375e-001  0.000000e+000
 1.740000e+002  1.228246e-001  0.000000e+000
 1.750000e+002  1.351062e-001  0.000000e+000
 1.760000e+002  2.164213e-001  0.000000e+000
 1.770000e+002  2.014304e-001  0.000000e+000
 1.780000e+002  2.693432e-001  0.000000e+000
 1.790000e+002  1.217985e-001  0.000000e+000
 1.800000e+002  1.233213e-002  0.000000e+000
 1.810000e+002  7.271265e-003  0.000000e+000
 1.820000e+002  1.115038e-001  0.000000e+000
 1.830000e+002  1.145277e-001  0.000000e+000
 1.840000e+002  7.972562e-002  0.000000e+000
 1.850000e+002  2.849077e-002  0.000000e+000
 1.860000e+002  2.409974e-002  0.000000e+000
 1.870000e+002  1.177275e-001  0.000000e+000
 1.880000e+002  1.391041e-001  0.000000e+000
 1.890000e+002  3.095934e-001  0.000000e+000
 1.900000e+002  2.695483e-001  0.000000e+000
 1.910000e+002  1.075389e-001  0.000000e+000
 1.920000e+002  2.263352e-001  0.000000e+000
 1.930000e+002  2.139607e-001  0.000000e+000
 1.940000e+002  1.959049e-001  0.000000e+000
 1.950000e+002  1.143893e-001  0.000000e+000
 1.960000e+002  1.197589e-001  0.000000e+000
 1.970000e+002  9.696265e-002  0.000000e+000
 1.980000e+002  4.702545e-002  0.000000e+000
 1.990000e+002  2.669209e-002  0.000000e+000
 2.000000e+002  7.038597e-002  0.000000e+000
 2.010000e+002  1.674802e-001  0.000000e+000
 2.020000e+002  2.140743e-001  0.000000e+000
 2.030000e+002  2.428536e-001  0.000000e+000
 2.040000e+002  2.993028e-001  0.000000e+000
 2.050000e+002  1.379490e-001  0.000000e+000
 2.060000e+002  1.808411e-001  0.000000e+000
 2.070000e+002  9.759632e-002  0.000000e+000
 2.080000e+002  2.820314e-001  0.000000e+000
 2.090000e+002  2.278564e-001  0.000000e+000
 2.100000e+002  1.299303e-001  0.000000e+000
 2.110000e+002  4.908428e-001  0.000000e+000
 2.120000e+002  2.529776e-001  0.000000e+000
 2.130000e+002  2.734638e-001  0.000000e+000
 2.140000e+002  2.213244e-001  0.000000e+000
 2.150000e+002  1.364774e-001  0.000000e+000
 2.160000e+002  4.427274e-003  0.000000e+000
 2.170000e+002  1.040074e-001  0.000000e+000
 2.180000e+002  2.751206e-001  0.000000e+000
 2.190000e+002  3.339804e-001  0.000000e+000
 2.200000e+002  2.568912e-001  0.000000e+000
 2.210000e+002  2.573161e-001  0.000000e+000
 2.220000e+002  2.763704e-002  0.000000e+000
 2.230000e+002  2.101261e-001  0.000000e+000
 2.240000e+002  2.268114e-001  0.000000e+000
 2.250000e+002  2.572812e-001  0.000000e+000
 2.260000e+002  2.503840e-001  0.000000e+000
 2.270000e+002  3.320506e-001  0.000000e+000
 2.280000e+002  1.052775e-001  0.000000e+000
 2.290000e+002  2.193422e-001  0.000000e+000
 2.300000e+002  2.539216e-001  0.000000e+000
 2.310000e+002  1.859637e-001  0.000000e+000
 2.320000e+002  2.149361e-001  0.000000e+000
 2.330000e+002  6.130573e-002  0.000000e+000
 2.340000e+002  1.065971e-002  0.000000e+000
 2.350000e+002  1.449353e-002  0.000000e+000
 2.360000e+002  9.071791e-002  0.000000e+000
 2.370000e+002  7.016468e-002  0.000000e+000
 2.380000e+002  3.539581e-002  0.000000e+000
 2.390000e+002  1.767516e-002  0.000000e+000
 2.400000e+002  4.577693e-003  0.000000e+000
 2.410000e+002  9.248401e-002  0.000000e+000
 2.420000e+002  5.635783e-002  0.000000e+000
 2.430000e+002  4.794331e-001  0.000000e+000
 2.440000e+002  2.227480e-001  0.000000e+000
 2.450000e+002  2.030918e-001  0.000000e+000
 2.460000e+002  3.091776e-002  0.000000e+000
 2.470000e+002  1.844411e-001  0.000000e+000
 2.480000e+002  1.232806e-001  0.000000e+000
 2.490000e+002  1.958963e-001  0.000000e+000
 2.500000e+002  2.330960e-001  0.000000e+000
 2.510000e+002  1.695358e-002  0.000000e+000
 2.520000e+002  5.629755e-002  0.000000e+000
 2.530000e+002  2.495175e-002  0.000000e+000
 2.540000e+002  7.022446e-002  0.000000e+000
 2.550000e+002  6.205489e-002  0.000000e+000
 2.560000e+002  1.296404e-001  0.000000e+000
 2.570000e+002  9.121519e-002  0.000000e+000
 2.580000e+002  1.098509e-002  0.000000e+000
 2.590000e+002  1.995046e-001  0.000000e+000
 2.600000e+002  3.678400e-001  0.000000e+000
 2.610000e+002  4.338154e-001  0.000000e+000
 2.620000e+002  3.622439e-001  0.000000e+000
 2.630000e+002  2.022427e-001  0.000000e+000
 2.640000e+002  2.273520e-001  0.000000e+000
 2.650000e+002  2.785636e-001  0.000000e+000
 2.660000e+002  2.181157e-001  0.000000e+000
 2.670000e+002  2.482795e-001  0.000000e+000
 2.680000e+002  2.645922e-001  0.000000e+000
 2.690000e+002  1.045966e-001  0.000000e+000
 2.700000e+002  1.663170e-002  0.000000e+000
 2.710000e+002  8.818846e-002  0.000000e+000
 2.720000e+002  1.185610e-001  0.000000e+000
 2.730000e+002  1.511209e-002  0.000000e+000
 2.740000e+002  2.323340e-001  0.000000e+000
 2.750000e+002  1.960217e-001  0.000000e+000
 2.760000e+002  1.475781e-001  0.000000e+000
 2.770000e+002  1.207326e-001  0.000000e+000
 2.780000e+002  1.464375e-001  0.000000e+000
 2.790000e+002  1.879892e-001  0.000000e+000
 2.800000e+002  1.245571e-001  0.000000e+000
 2.810000e+002  2.750348e-002  0.000000e+000
 2.820000e+002  3.569670e-002  0.000000e+000
 2.830000e+002  1.827390e-002  0.000000e+000
 2.840000e+002  2.957730e-002  0.000000e+000
 2.850000e+002  1.238701e-001  0.000000e+000
 2.860000e+002  1.658572e-002  0.000000e+000
 2.870000e+002  4.965161e-002  0.000000e+000
 2.880000e+002  2.106964e-001  0.000000e+000
 2.890000e+002  1.042712e-001  0.000000e+000
 2.900000e+002  1.338086e-001  0.000000e+000
 2.910000e+002  2.712090e-001  0.000000e+000
 2.920000e+002  8.859928e-002  0.000000e+000
 2.930000e+002  5.807038e-002  0.000000e+000
 2.940000e+002  1.043151e-003  0.000000e+000
 2.950000e+002  5.267239e-002  0.000000e+000
 2.960000e+002  1.523632e-001  0.000000e+000
 2.970000e+002  1.760854e-001  0.000000e+000
 2.980000e+002  3.279511e-001  0.000000e+000
 2.990000e+002  2.890703e-001  0.000000e+000
 3.000000e+002  2.100539e-001  0.000000e+000
 3.010000e+002  8.046037e-002  0.000000e+000
 3.020000e+002  1.293773e-001  0.000000e+000
 3.030000e+002  2.266982e-001  0.000000e+000
 3.040000e+002  1.985162e-001  0.000000e+000
 3.050000e+002  2.742769e-002  0.000000e+000
 3.060000e+002  4.270827e-002  0.000000e+000
 3.070000e+002  1.443982e-001  0.000000e+000
 3.080000e+002  3.791438e-001  0.000000e+000
 3.090000e+002  2.270726e-001  0.000000e+000
 3.100000e+002  2.702056e-001  0.000000e+000
 3.110000e+002  3.269799e-001  0.000000e+000
 3.120000e+002  1.015734e-001  0.000000e+000
 3.130000e+002  1.739103e-001  0.000000e+000
 3.140000e+002  1.276683e-001  0.000000e+000
 3.150000e+002  3.041900e-001  0.000000e+000
 3.160000e+002  2.491549e-001  0.000000e+000
 3.170000e+002  2.489671e-001  0.000000e+000
 3.180000e+002  1.567279e-001  0.000000e+000
 3.190000e+002  5.926943e-001  0.000000e+000
 3.200000e+002  7.091532e-002  0.000000e+000
 3.210000e+002  2.655658e-001  0.000000e+000
 3.220000e+002  6.567582e-002  0.000000e+000
 3.230000e+002  1.887267e-001  0.000000e+000
 3.240000e+002  5.269555e-003  0.000000e+000
 3.250000e+002  2.573783e-002  0.000000e+000
 3.260000e+002  9.835898e-002  0.000000e+000
 3.270000e+002  5.180466e-002  0.000000e+000
 3.280000e+002  2.792604e-001  0.000000e+000
 3.290000e+002  1.291546e-001  0.000000e+000
 3.300000e+002  1.067786e-001  0.000000e+000
 3.310000e+002  1.287650e-001  0.000000e+000
 3.320000e+002  3.363030e-002  0.000000e+000
 3.330000e+002  5.911654e-002  0.000000e+000
 3.340000e+002  5.356922e-002  0.000000e+000
 3.350000e+002  1.768218e-001  0.000000e+000
 3.360000e+002  2.165765e-001  0.000000e+000
 3.370000e+002  3.319390e-001  0.000000e+000
 3.380000e+002  1.718651e-001  0.000000e+000
 3.390000e+002  1.314374e-001  0.000000e+000
 3.400000e+002  2.429758e-002  0.000000e+000
 3.410000e+002  1.237183e-001  0.000000e+000
 3.420000e+002  3.822009e-002  0.000000e+000
 3.430000e+002  7.093962e-002  0.000000e+000
 3.440000e+002  2.709915e-002  0.000000e+000
 3.450000e+002  1.712261e-001  0.000000e+000
 3.460000e+002  2.361421e-001  0.000000e+000
 3.470000e+002  1.578506e-001  0.000000e+000
 3.480000e+002  1.938967e-001  0.000000e+000
 3.490000e+002  1.988474e-001  0.000000e+000
 3.500000e+002  1.750634e-001  0.000000e+000
 3.510000e+002  2.638524e-001  0.000000e+000
 3.520000e+002  2.272858e-001  0.000000e+000
 3.530000e+002  2.617097e-002  0.000000e+000
 3.540000e+002  1.681153e-001  0.000000e+000
 3.550000e+002  7.760177e-002  0.000000e+000
 3.560000e+002  4.876357e-002  0.000000e+000
 3.570000e+002  1.221171e-001  0.000000e+000
 3.580000e+002  1.134289e-001  0.000000e+000
 3.590000e+002  2.160426e-001  0.000000e+000
 3.600000e+002  2.133806e-001  0.000000e+000
 3.610000e+002  2.984037e-002  0.000000e+000
 3.620000e+002  1.836495e-002  0.000000e+000
 3.630000e+002  4.204872e-002  0.000000e+000
 3.640000e+002  1.383266e-001  0.000000e+000
 3.650000e+002  4.765747e-002  0.000000e+000
 3.660000e+002  2.990962e-002  0.000000e+000
 3.670000e+002  8.530084e-002  0.000000e+000
 3.680000e+002  2.310667e-001  0.000000e+000
 3.690000e+002  7.734779e-002  0.000000e+000
 3.700000e+002  2.207395e-001  0.000000e+000
 3.710000e+002  1.052798e-001  0.000000e+000
 3.720000e+002  3.144819e-001  0.000000e+000
 3.730000e+002  1.188640e-001  0.000000e+000
 3.740000e+002  1.713575e-001  0.000000e+000
 3.750000e+002  2.619511e-002  0.000000e+000
 3.760000e+002  2.244376e-002  0.000000e+000
 3.770000e+002  1.417385e-001  0.000000e+000
 3.780000e+002  1.150208e-001  0.000000e+000
 3.790000e+002  5.385237e-002  0.000000e+000
 3.800000e+002  1.147224e-001  0.000000e+000
 3.810000e+002  1.185260e-001  0.000000e+000
 3.820000e+002  1.810767e-001  0.000000e+000
 3.830000e+002  1.522831e-001  0.000000e+000
 3.840000e+002  3.273485e-002  0.000000e+000
 3.850000e+002  1.162639e-001  0.000000e+000
 3.860000e+002  7.435510e-002  0.000000e+000
 3.870000e+002  1.832620e-001  0.000000e+000
 3.880000e+002  1.490807e-001  0.000000e+000
 3.890000e+002  1.289332e-002  0.000000e+000
 3.900000e+002  1.485316e-002  0.000000e+000
 3.910000e+002  7.624924e-004  0.000000e+000
 3.920000e+002  5.863079e-002  0.000000e+000
 3.930000e+002  7.827885e-002  0.000000e+000
 3.940000e+002  4.925656e-002  0.000000e+000
 3.950000e+002  1.052300e-001  0.000000e+000
 3.960000e+002  2.826151e-003  0.000000e+000
 3.970000e+002  1.738615e-001  0.000000e+000
 3.980000e+002  2.122669e-001  0.000000e+000
 3.990000e+002  2.111679e-001  0.000000e+000
 4.000000e+002  5.916400e-002  0.000000e+000
 4.010000e+002  1.101866e-001  0.000000e+000
 4.020000e+002  1.292712e-002  0.000000e+000
 4.030000e+002  4.353887e-003  0.000000e+000
 4.040000e+002  5.911306e-003  0.000000e+000
 4.050000e+002  3.520532e-002  0.000000e+000
 4.060000e+002  4.462891e-002  0.000000e+000
 4.070000e+002  1.681095e-001  0.000000e+000
 4.080000e+002  1.617883e-001  0.000000e+000
 4.090000e+002  1.324181e-001  0.000000e+000
 4.100000e+002  2.136398e-001  0.000000e+000
 4.110000e+002  1.750246e-001  0.000000e+000
 4.120000e+002  1.293458e-001  0.000000e+000
 4.130000e+002  2.785346e-002  0.000000e+000
 4.140000e+002  3.536931e-002  0.000000e+000
 4.150000e+002  6.423586e-003  0.000000e+000
 4.160000e+002  3.198052e-001  0.000000e+000
 4.170000e+002  3.110512e-001  0.000000e+000
 4.180000e+002  4.698320e-001  0.000000e+000
 4.190000e+002  2.515897e-001  0.000000e+000
 4.200000e+002  1.780749e-001  0.000000e+000
 4.210000e+002  1.356809e-001  0.000000e+000
 4.220000e+002  1.651027e-001  0.000000e+000
 4.230000e+002  1.480286e-001  0.000000e+000
 4.240000e+002  1.518522e-001  0.000000e+000
 4.250000e+002  1.162485e-001  0.000000e+000
 4.260000e+002  5.088707e-002  0.000000e+000
 4.270000e+002  3.685538e-001  0.000000e+000
 4.280000e+002  3.464139e-001  0.000000e+000
 4.290000e+002  3.499227e-001  0.000000e+000
 4.300000e+002  2.676381e-001  0.000000e+000
 4.310000e+002  2.637046e-001  0.000000e+000
 4.320000e+002  1.927960e-001  0.000000e+000
 4.330000e+002  9.318520e-002  0.000000e+000
 4.340000e+002  2.366447e-001  0.000000e+000
 4.350000e+002  1.754593e-001  0.000000e+000
 4.360000e+002  1.754546e-001  0.000000e+000
 4.370000e+002  1.728101e-001  0.000000e+000
 4.380000e+002  2.187115e-001  0.000000e+000
 4.390000e+002  2.229787e-001  0.000000e+000
 4.400000e+002  2.465328e-001  0.000000e+000
 4.410000e+002  1.651549e-001  0.000000e+000
 4.420000e+002  1.626392e-001  0.000000e+000
 4.430000e+002  1.996711e-001  0.000000e+000
 4.440000e+002  3.715207e-002  0.000000e+000
 4.450000e+002  5.759700e-002  0.000000e+000
 4.460000e+002  1.132957e-001  0.000000e+000
 4.470000e+002  1.918664e-001  0.000000e+000
 4.480000e+002  3.213873e-002  0.000000e+000
 4.490000e+002  1.881599e-001  0.000000e+000
 4.500000e+002  7.268124e-002  0.000000e+000
 4.510000e+002  8.415862e-002  0.000000e+000
 4.520000e+002  1.076956e-001  0.000000e+000
 4.530000e+002  4.653593e-002  0.000000e+000
 4.540000e+002  7.619632e-002  0.000000e+000
 4.550000e+002  1.337972e-001  0.000000e+000
 4.560000e+002  1.573737e-001  0.000000e+000
 4.570000e+002  5.389226e-002  0.000000e+000
 4.580000e+002  7.647428e-002  0.000000e+000
 4.590000e+002  9.329811e-002  0.000000e+000
 4.600000e+002  8.644599e-002  0.000000e+000
 4.610000e+002  6.288745e-002  0.000000e+000
 4.620000e+002  4.690047e-002  0.000000e+000
 4.630000e+002  1.280563e-001  0.000000e+000
 4.640000e+002  5.997333e-002  0.000000e+000
 4.650000e+002  7.709406e-002  0.000000e+000
 4.660000e+002  3.025903e-002  0.000000e+000
 4.670000e+002  1.543303e-002  0.000000e+000
 4.680000e+002  1.481904e-001  0.000000e+000
 4.690000e+002  2.099229e-002  0.000000e+000
 4.700000e+002  1.279249e-001  0.000000e+000
 4.710000e+002  8.151965e-002  0.000000e+000
 4.720000e+002  1.142156e-001  0.000000e+000
 4.730000e+002  1.290145e-001  0.000000e+000
 4.740000e+002  2.676316e-002  0.000000e+000
 4.750000e+002  1.174220e-002  0.000000e+000
 4.760000e+002  5.950484e-002  0.000000e+000
 4.770000e+002  6.853439e-002  0.000000e+000
 4.780000e+002  1.686409e-001  0.000000e+000
 4.790000e+002  1.151919e-001  0.000000e+000
 4.800000e+002  2.542306e-002  0.000000e+000
 4.810000e+002  5.618497e-002  0.000000e+000
 4.820000e+002  1.684138e-001  0.000000e+000
 4.830000e+002  8.488192e-003  0.000000e+000
 4.840000e+002  2.484024e-001  0.000000e+000
 4.850000e+002  6.342890e-002  0.000000e+000
 4.860000e+002  1.314544e-001  0.000000e+000
 4.870000e+002  8.486622e-002  0.000000e+000
 4.880000e+002  3.655142e-003  0.000000e+000
 4.890000e+002  1.462268e-002  0.000000e+000
 4.900000e+002  4.098009e-002  0.000000e+000
 4.910000e+002  4.534897e-002  0.000000e+000
 4.920000e+002  1.228876e-002  0.000000e+000
 4.930000e+002  1.664887e-002  0.000000e+000
 4.940000e+002  4.172961e-002  0.000000e+000
 4.950000e+002  5.544808e-002  0.000000e+000
 4.960000e+002  1.829915e-002  0.000000e+000
 4.970000e+002  1.773330e-002  0.000000e+000
 4.980000e+002  5.756931e-002  0.000000e+000
 4.990000e+002  2.976624e-002  0.000000e+000
 5.000000e+002  1.608437e-002  0.000000e+000
 5.010000e+002  3.559391e-002  0.000000e+000
 5.020000e+002  3.307585e-002  0.000000e+000
 5.030000e+002  1.132562e-002  0.000000e+000
 5.040000e+002  1.005928e-001  0.000000e+000
 5.050000e+002  3.624900e-002  0.000000e+000
 5.060000e+002  2.593719e-002  0.000000e+000
 5.070000e+002  4.445906e-002  0.000000e+000
 5.080000e+002  4.406691e-002  0.000000e+000
 5.090000e+002  1.741349e-002  0.000000e+000
 5.100000e+002  3.164742e-002  0.000000e+000
 5.110000e+002  6.414598e-003  0.000000e+000
 5.120000e+002  1.704872e-002  0.000000e+000
