 0.000000e+000  2.617703e-007  0.000000e+000
 1.000000e+000 -8.438251e-007 -9.590621e-007
 2.000000e+000 -1.194211e-006 -6.198011e-007
 3.000000e+000 -1.269837e-006 -1.070250e-007
 4.000000e+000 -1.157189e-006 -5.489405e-007
 5.000000e+000 -1.199018e-006 -1.509226e-007
 6.000000e+000 -1.154281e-006  2.442801e-007
 7.000000e+000 -1.307327e-006 -5.082646e-007
 8.000000e+000 -1.294052e-006 -4.184352e-007
 9.000000e+000 -1.276400e-006 -6.361722e-007
 1.000000e+001 -1.696379e-006 -3.028297e-007
 1.100000e+001 -1.649434e-006 -4.413186e-007
 1.200000e+001 -1.648367e-006 -7.029834e-007
 1.300000e+001 -1.777984e-006 -7.712866e-007
 1.400000e+001 -1.931005e-006 -8.999117e-007
 1.500000e+001 -2.042248e-006 -1.071674e-006
 1.600000e+001 -2.389840e-006 -1.200845e-006
 1.700000e+001 -2.775830e-006 -1.519949e-006
 1.800000e+001 -7.200423e-005 -4.564483e-005
 1.900000e+001 -4.426587e-006 -2.294969e-006
 2.000000e+001 -6.426550e-006 -3.683150e-006
 2.100000e+001 -1.153854e-005 -8.422932e-006
 2.200000e+001  2.294758e-005  1.749286e-004
 2.300000e+001  1.282214e-005  6.293595e-006
 2.400000e+001  5.829220e-006  3.399581e-006
 2.500000e+001  3.761749e-006  2.236172e-006
 2.600000e+001  2.829755e-006  1.721613e-006
 2.700000e+001  2.077797e-006  1.322862e-006
 2.800000e+001  1.736642e-006  1.056410e-006
 2.900000e+001  1.458583e-006  8.788355e-007
 3.000000e+001  1.229575e-006  7.814863e-007
 3.100000e+001  1.018429e-006  8.372874e-007
 3.200000e+001  8.962284e-007  7.070753e-007
 3.300000e+001  9.025935e-007  5.581555e-007
 3.400000e+001  8.464329e-007  5.962801e-007
 3.500000e+001  8.589392e-007  4.821489e-007
 3.600000e+001 -1.309197e-006 -2.196961e-006
 3.700000e+001  6.646179e-007  2.833037e-007
 3.800000e+001  7.065519e-007  3.879577e-007
 3.900000e+001  5.692926e-007  2.819760e-007
 4.000000e+001  5.897117e-007  3.864058e-007
 4.100000e+001  6.293070e-007  2.861602e-007
 4.200000e+001  9.246009e-007  8.156301e-008
 4.300000e+001  2.971446e-007  1.937481e-007
 4.400000e+001  5.518445e-007  1.807953e-007
 4.500000e+001  5.153134e-007  1.385552e-007
 4.600000e+001  5.508890e-007  1.634090e-007
 4.700000e+001  5.646407e-007  1.253783e-007
 4.800000e+001  5.582087e-007  1.818423e-007
 4.900000e+001  5.972751e-007  2.302230e-007
 5.000000e+001  7.080168e-007  1.275884e-007
 5.100000e+001  6.645860e-007  2.023850e-007
 5.200000e+001  7.554389e-007  2.903887e-007
 5.300000e+001  8.390446e-007  5.657006e-007
 5.400000e+001  4.354435e-006  5.356577e-006
 5.500000e+001  4.589984e-007 -7.985759e-007
 5.600000e+001  6.496998e-007 -4.168653e-007
 5.700000e+001  8.454553e-007 -4.185027e-007
 5.800000e+001  1.224831e-006 -3.445069e-007
 5.900000e+001  9.176860e-007 -3.341980e-007
 6.000000e+001  9.049514e-007 -5.622274e-007
 6.100000e+001  1.190493e-006 -4.480196e-007
 6.200000e+001  1.185331e-006 -3.175059e-007
 6.300000e+001  1.339762e-006 -4.247568e-007
 6.400000e+001  1.495006e-006 -3.742526e-007
 6.500000e+001  1.474900e-006 -5.181241e-007
 6.600000e+001  2.677609e-006 -2.238393e-007
 6.700000e+001  2.392112e-006 -6.814865e-007
 6.800000e+001  3.014570e-006 -1.111778e-006
 6.900000e+001  3.477664e-006 -1.407939e-006
 7.000000e+001  5.112611e-006 -2.078312e-006
 7.100000e+001  6.723566e-006 -4.491335e-006
 7.200000e+001  1.291951e-005 -1.348089e-005
 7.300000e+001 -8.173889e-006 -7.276959e-006
 7.400000e+001 -4.947641e-006 -2.707828e-006
 7.500000e+001 -4.317178e-006 -2.814606e-006
 7.600000e+001 -3.062653e-006 -1.365226e-006
 7.700000e+001 -2.647298e-006 -1.245641e-006
 7.800000e+001 -2.395585e-006 -1.083281e-006
 7.900000e+001 -1.922908e-006 -1.265259e-006
 8.000000e+001 -1.808877e-006 -9.539078e-007
 8.100000e+001 -1.626858e-006 -7.996027e-007
 8.200000e+001 -1.572380e-006 -6.834802e-007
 8.300000e+001 -1.436555e-006 -6.278762e-007
 8.400000e+001 -1.410852e-006 -5.646560e-007
 8.500000e+001 -1.149104e-006 -5.830447e-007
 8.600000e+001 -1.171940e-006 -6.314320e-007
 8.700000e+001 -1.133367e-006 -5.216482e-007
 8.800000e+001 -1.114292e-006 -6.981416e-007
 8.900000e+001 -1.401545e-006 -8.245021e-007
 9.000000e+001 -1.240491e-006  7.405048e-007
 9.100000e+001 -1.119320e-006 -1.253927e-007
 9.200000e+001 -1.007857e-006 -1.269509e-007
 9.300000e+001 -8.422690e-007 -8.753831e-008
 9.400000e+001 -5.873225e-007 -1.471332e-007
 9.500000e+001 -7.100864e-007 -9.165618e-008
 9.600000e+001 -6.300628e-007 -1.091857e-007
 9.700000e+001 -5.472152e-007 -1.906679e-007
 9.800000e+001 -5.703717e-007 -2.288912e-007
 9.900000e+001 -4.820734e-007 -1.304734e-007
 1.000000e+002 -4.899166e-007 -2.344648e-007
 1.010000e+002 -4.223175e-007 -2.720342e-007
 1.020000e+002 -2.952555e-007 -3.067429e-007
 1.030000e+002 -4.185420e-007 -1.967771e-007
 1.040000e+002 -3.711794e-007 -2.867537e-007
 1.050000e+002 -3.538418e-007 -2.995069e-007
 1.060000e+002 -3.177980e-007 -1.777210e-007
 1.070000e+002 -2.691281e-007 -2.034644e-007
 1.080000e+002 -1.000424e-006 -1.006451e-006
 1.090000e+002 -3.859987e-007 -4.053923e-007
 1.100000e+002 -2.861935e-007 -2.850056e-007
 1.110000e+002 -2.566971e-007 -2.410027e-007
 1.120000e+002 -3.658452e-007 -2.657140e-007
 1.130000e+002 -2.544769e-007 -2.800841e-007
 1.140000e+002 -3.196159e-007 -1.728297e-007
 1.150000e+002 -1.292110e-007 -2.733955e-007
 1.160000e+002 -2.671517e-007 -2.237535e-007
 1.170000e+002 -2.170530e-007 -2.436299e-007
 1.180000e+002 -2.144209e-007 -2.818766e-007
 1.190000e+002 -2.083039e-007 -2.674424e-007
 1.200000e+002 -1.072612e-007 -2.896227e-007
 1.210000e+002 -1.694096e-007 -2.639387e-007
 1.220000e+002 -1.366812e-007 -2.346565e-007
 1.230000e+002 -1.489275e-007 -2.335879e-007
 1.240000e+002 -1.116542e-007 -2.318755e-007
 1.250000e+002 -3.712543e-008 -2.604818e-007
 1.260000e+002 -4.582470e-007 -4.982585e-007
 1.270000e+002 -9.098366e-008 -2.774700e-007
 1.280000e+002 -1.839672e-007 -3.204508e-007
 1.290000e+002 -1.160664e-007 -2.826406e-007
 1.300000e+002 -1.371621e-007 -3.023134e-007
 1.310000e+002 -1.448507e-007 -2.598093e-007
 1.320000e+002 -1.041489e-007 -2.085413e-007
 1.330000e+002 -6.342018e-008 -2.277412e-007
 1.340000e+002 -4.735522e-008 -2.503862e-007
 1.350000e+002 -9.852334e-008 -2.464696e-007
 1.360000e+002 -4.544063e-008 -2.154248e-007
 1.370000e+002 -2.853366e-008 -2.580046e-007
 1.380000e+002 -2.431495e-007 -5.043213e-007
 1.390000e+002  1.829099e-008 -3.200149e-007
 1.400000e+002  1.655016e-008 -2.825267e-007
 1.410000e+002  8.267432e-009 -2.385032e-007
 1.420000e+002 -3.674155e-008 -2.493609e-007
 1.430000e+002 -7.990360e-009 -2.410778e-007
 1.440000e+002 -5.431978e-007  4.304981e-007
 1.450000e+002  2.652712e-008 -2.026457e-007
 1.460000e+002  3.328728e-008 -1.555828e-007
 1.470000e+002  5.734084e-008 -2.046773e-007
 1.480000e+002  6.002758e-008 -2.842984e-007
 1.490000e+002  1.820910e-008 -1.965282e-007
 1.500000e+002  4.507620e-009 -2.628275e-007
 1.510000e+002 -2.848525e-008 -7.356497e-008
 1.520000e+002  2.629405e-008 -1.334327e-007
 1.530000e+002 -1.195373e-008 -1.878342e-007
 1.540000e+002  4.492075e-008 -1.535139e-007
 1.550000e+002  1.496883e-008 -2.190897e-007
 1.560000e+002 -1.017899e-008 -1.033305e-007
 1.570000e+002  5.602113e-008 -1.089494e-007
 1.580000e+002  6.578241e-008 -1.213758e-007
 1.590000e+002  3.181334e-008 -8.945045e-008
 1.600000e+002  4.326780e-008 -9.988043e-008
 1.610000e+002 -9.794001e-009 -1.295430e-007
 1.620000e+002 -6.831233e-007  8.956291e-007
 1.630000e+002  3.657708e-007 -2.798055e-007
 1.640000e+002  2.199274e-007 -1.635152e-007
 1.650000e+002  1.209213e-007 -1.385193e-007
 1.660000e+002  1.265707e-007 -2.036990e-007
 1.670000e+002  1.331785e-007 -9.634710e-008
 1.680000e+002  1.466279e-007 -8.951007e-008
 1.690000e+002  1.741293e-007 -1.235993e-007
 1.700000e+002  1.617195e-007 -8.111808e-008
 1.710000e+002  1.984189e-007 -8.345028e-008
 1.720000e+002  1.703438e-007 -3.575296e-008
 1.730000e+002  2.342467e-007  7.733367e-008
 1.740000e+002  7.300485e-007  1.584706e-006
 1.750000e+002  3.493310e-008 -3.822842e-007
 1.760000e+002  7.511872e-008 -2.401292e-007
 1.770000e+002  1.762308e-007 -1.636967e-007
 1.780000e+002  2.272857e-007 -1.022286e-007
 1.790000e+002  2.039093e-007 -1.030507e-007
 1.800000e+002  3.972495e-007  5.390198e-007
 1.810000e+002  4.113641e-008 -2.065558e-009
 1.820000e+002  7.742253e-008 -7.469231e-008
 1.830000e+002  8.822831e-008  5.431780e-008
 1.840000e+002  7.756708e-008 -5.673228e-008
 1.850000e+002  8.473932e-008  1.356333e-008
 1.860000e+002  2.617328e-007 -3.468846e-007
 1.870000e+002  1.403547e-007 -7.320052e-008
 1.880000e+002  1.421742e-007 -3.059217e-008
 1.890000e+002  1.509894e-007 -7.249864e-008
 1.900000e+002  2.005639e-007 -6.025010e-008
 1.910000e+002  9.228574e-008 -2.992867e-008
 1.920000e+002  1.465321e-007  9.051613e-009
 1.930000e+002  1.339903e-007  4.632654e-008
 1.940000e+002  1.413348e-007 -6.510059e-009
 1.950000e+002  9.506130e-008  9.886593e-009
 1.960000e+002  7.274334e-008  9.622188e-008
 1.970000e+002  1.185435e-007  8.076639e-008
 1.980000e+002  2.454067e-007 -7.845331e-007
 1.990000e+002  8.341716e-008 -3.567965e-008
 2.000000e+002  8.562297e-008  2.005375e-008
 2.010000e+002  1.277272e-007  1.932087e-008
 2.020000e+002  1.258791e-007 -1.513858e-008
 2.030000e+002  1.176768e-007  5.087094e-008
 2.040000e+002  1.374127e-007  1.297518e-009
 2.050000e+002  1.003814e-007  6.052499e-009
 2.060000e+002  1.101404e-007 -1.722935e-008
 2.070000e+002  5.456106e-008  7.926742e-008
 2.080000e+002  1.543516e-007  2.643523e-008
 2.090000e+002  1.504854e-007  3.776759e-009
 2.100000e+002  1.509447e-007  7.455455e-008
 2.110000e+002  2.106692e-007  1.016615e-007
 2.120000e+002  1.048185e-007  5.258365e-008
 2.130000e+002  1.220076e-007  3.535954e-008
 2.140000e+002  8.744870e-008  9.167823e-008
 2.150000e+002  7.762422e-008  8.501053e-008
 2.160000e+002  1.513905e-007  7.280201e-009
 2.170000e+002  1.091878e-007  1.753891e-007
 2.180000e+002  1.095446e-007  1.295133e-007
 2.190000e+002  1.542206e-007  8.488993e-008
 2.200000e+002  3.666337e-008  1.440758e-007
 2.210000e+002  1.318050e-007  7.179555e-008
 2.220000e+002 -1.196424e-007  1.192987e-007
 2.230000e+002  7.130090e-008  1.445821e-007
 2.240000e+002  1.262853e-007  9.253011e-008
 2.250000e+002  7.001101e-008  1.083120e-007
 2.260000e+002  1.398759e-007  1.086559e-007
 2.270000e+002  1.261705e-007  1.009961e-007
 2.280000e+002  9.375225e-008  1.050815e-007
 2.290000e+002  7.657614e-008  1.147885e-007
 2.300000e+002  1.387640e-007  1.078692e-007
 2.310000e+002  9.655538e-008  8.784640e-008
 2.320000e+002  1.015645e-007  1.678448e-007
 2.330000e+002  2.565968e-008  1.370216e-007
 2.340000e+002  1.316397e-007 -4.177650e-007
 2.350000e+002  8.309958e-008  4.656643e-008
 2.360000e+002  6.709189e-008  1.797701e-007
 2.370000e+002  1.097503e-007  1.186597e-007
 2.380000e+002  6.028723e-008  7.173548e-008
 2.390000e+002 -3.787197e-008 -3.937005e-008
 2.400000e+002 -5.983664e-008 -6.875263e-008
 2.410000e+002  7.330583e-008  7.673926e-008
 2.420000e+002 -3.468145e-008  7.001597e-008
 2.430000e+002  7.146403e-008  2.174594e-007
 2.440000e+002  7.084486e-008  1.770947e-007
 2.450000e+002  9.851899e-009  1.947747e-007
 2.460000e+002  9.783141e-009  8.869622e-008
 2.470000e+002  1.195176e-007  2.194815e-007
 2.480000e+002 -2.612196e-008  1.798294e-007
 2.490000e+002  8.750484e-008  2.205834e-007
 2.500000e+002  1.747595e-007  1.622485e-007
 2.510000e+002 -9.934996e-008 -6.471003e-009
 2.520000e+002  6.148038e-007 -6.108922e-007
 2.530000e+002  7.129818e-008  5.572246e-008
 2.540000e+002 -1.273035e-007  1.048827e-007
 2.550000e+002 -9.752089e-008  8.127453e-008
 2.560000e+002  8.661785e-008  2.976907e-007
 2.570000e+002 -1.105004e-008  9.109763e-008
 2.580000e+002  7.910480e-008 -6.084125e-008
 2.590000e+002 -1.646423e-007  4.849872e-007
 2.600000e+002 -1.206057e-007  1.807262e-007
 2.610000e+002 -1.166306e-007  2.440797e-007
 2.620000e+002 -1.040357e-007  2.135075e-007
 2.630000e+002 -9.392668e-009  1.841369e-007
 2.640000e+002 -3.220816e-008  1.802728e-007
 2.650000e+002 -9.891472e-008  2.042536e-007
 2.660000e+002 -7.759600e-009  2.020776e-007
 2.670000e+002 -5.425135e-008  2.412007e-007
 2.680000e+002 -5.445349e-008  3.021190e-007
 2.690000e+002  6.473093e-008  2.720846e-007
 2.700000e+002  1.276491e-007  3.937150e-007
 2.710000e+002 -7.195670e-007 -8.593082e-007
 2.720000e+002 -2.662308e-007 -2.156297e-007
 2.730000e+002 -7.242231e-008  4.383773e-009
 2.740000e+002 -2.237354e-007  1.160704e-007
 2.750000e+002 -2.057102e-007 -4.780671e-008
 2.760000e+002 -1.393467e-007  6.090996e-008
 2.770000e+002 -1.330970e-007  4.999724e-008
 2.780000e+002 -1.406698e-007  5.113255e-008
 2.790000e+002 -1.871562e-007  1.140979e-007
 2.800000e+002 -1.664852e-007  5.822687e-008
 2.810000e+002 -1.378756e-007  4.053176e-008
 2.820000e+002 -4.263732e-007 -2.983359e-008
 2.830000e+002  1.840880e-007  1.177685e-007
 2.840000e+002 -4.364858e-008  1.125140e-007
 2.850000e+002 -9.433961e-008  1.593323e-007
 2.860000e+002 -2.166105e-008  4.906535e-008
 2.870000e+002 -5.165807e-008  8.443862e-008
 2.880000e+002 -4.430409e-007  6.513159e-007
 2.890000e+002 -1.156771e-007  7.671278e-008
 2.900000e+002 -1.028643e-007  1.016184e-007
 2.910000e+002 -1.402790e-007  9.330823e-008
 2.920000e+002 -7.009179e-008  7.646454e-008
 2.930000e+002 -1.177098e-007  6.880350e-008
 2.940000e+002  8.947388e-008 -4.527931e-008
 2.950000e+002 -1.595421e-007  8.754924e-008
 2.960000e+002 -1.342438e-007  6.824573e-008
 2.970000e+002 -1.140452e-007  7.947335e-008
 2.980000e+002 -2.039899e-007  4.519740e-008
 2.990000e+002 -1.756576e-007  3.148348e-008
 3.000000e+002 -2.772826e-007  1.936098e-007
 3.010000e+002 -1.021037e-007  8.342828e-008
 3.020000e+002 -1.153861e-007  3.017401e-008
 3.030000e+002 -1.118563e-007  1.270411e-007
 3.040000e+002 -1.396104e-007  7.545825e-008
 3.050000e+002 -4.509701e-008  4.859370e-008
 3.060000e+002 -1.154184e-007  3.238821e-007
 3.070000e+002 -2.322992e-007  8.384768e-008
 3.080000e+002 -1.935680e-007  9.877517e-008
 3.090000e+002 -1.740079e-007  2.483635e-008
 3.100000e+002 -1.866018e-007 -1.361252e-008
 3.110000e+002 -2.010495e-007 -6.479390e-008
 3.120000e+002 -8.233497e-008 -4.934859e-009
 3.130000e+002 -1.598980e-007  4.097998e-008
 3.140000e+002 -1.118358e-007  5.152397e-008
 3.150000e+002 -2.342389e-007  4.583270e-008
 3.160000e+002 -1.641605e-007  3.392361e-008
 3.170000e+002 -2.101573e-007 -2.113187e-008
 3.180000e+002 -1.046206e-007  1.018622e-007
 3.190000e+002 -1.337385e-007  2.263549e-007
 3.200000e+002 -8.832269e-008 -1.254425e-008
 3.210000e+002 -9.441631e-008  1.367773e-007
 3.220000e+002 -8.551463e-008  2.395068e-008
 3.230000e+002 -6.415067e-008  1.845899e-007
 3.240000e+002 -3.025615e-008 -5.983083e-008
 3.250000e+002 -9.369493e-008 -6.702719e-008
 3.260000e+002 -5.355692e-008 -1.526656e-007
 3.270000e+002 -1.428831e-008 -7.582954e-008
 3.280000e+002 -1.955646e-007  3.550420e-010
 3.290000e+002 -1.489461e-007  6.477393e-008
 3.300000e+002 -1.386842e-007 -2.372881e-008
 3.310000e+002 -1.118279e-007 -3.581472e-009
 3.320000e+002 -6.001977e-008 -4.699140e-009
 3.330000e+002 -5.888836e-008  8.378777e-009
 3.340000e+002 -3.201114e-008 -4.824540e-008
 3.350000e+002 -8.588313e-008 -6.155568e-008
 3.360000e+002 -9.308964e-008 -7.591479e-008
 3.370000e+002 -1.212676e-007 -6.236116e-008
 3.380000e+002 -9.286632e-008 -5.976272e-008
 3.390000e+002 -4.375254e-008 -6.588311e-008
 3.400000e+002 -2.055933e-008 -3.707437e-008
 3.410000e+002 -7.600840e-008 -7.179851e-008
 3.420000e+002 -2.176112e-007 -1.487677e-008
 3.430000e+002  5.107671e-008 -1.928157e-007
 3.440000e+002 -4.476605e-008 -1.034282e-008
 3.450000e+002 -9.237963e-008 -3.415564e-008
 3.460000e+002 -8.312405e-008 -7.641713e-008
 3.470000e+002 -4.375509e-008 -8.098286e-008
 3.480000e+002 -6.813597e-008 -1.253419e-007
 3.490000e+002 -5.459799e-008 -6.414243e-008
 3.500000e+002 -1.251720e-008 -1.021845e-007
 3.510000e+002 -1.478328e-008 -1.193310e-007
 3.520000e+002 -1.296363e-008 -9.979085e-008
 3.530000e+002  6.316265e-009 -4.231018e-008
 3.540000e+002  1.871008e-008 -9.279559e-008
 3.550000e+002  4.677212e-008 -1.073393e-007
 3.560000e+002 -2.176955e-008 -6.045004e-008
 3.570000e+002 -1.652630e-008 -8.101103e-008
 3.580000e+002  5.187362e-008 -4.333927e-008
 3.590000e+002 -4.647003e-010 -1.202951e-007
 3.600000e+002 -5.981353e-007 -1.220717e-007
 3.610000e+002 -4.761416e-008 -3.298722e-008
 3.620000e+002 -2.717682e-008 -1.312667e-008
 3.630000e+002 -2.315409e-009 -4.218943e-008
 3.640000e+002 -8.711849e-008 -3.333143e-008
 3.650000e+002  2.365245e-008 -4.300456e-008
 3.660000e+002 -4.309645e-008  2.667289e-009
 3.670000e+002 -1.394574e-007  1.802353e-007
 3.680000e+002  9.599870e-008 -1.355279e-007
 3.690000e+002  8.568981e-008 -9.480961e-009
 3.700000e+002 -2.290546e-008 -1.329983e-007
 3.710000e+002 -2.570817e-008 -8.461288e-008
 3.720000e+002  2.687360e-008 -1.501239e-007
 3.730000e+002  5.552800e-008 -6.235160e-008
 3.740000e+002  4.485790e-008 -8.118061e-008
 3.750000e+002 -8.497347e-009 -2.789822e-008
 3.760000e+002  2.670198e-008 -2.480723e-008
 3.770000e+002  1.096111e-007 -5.676739e-008
 3.780000e+002 -8.884141e-008 -3.021370e-007
 3.790000e+002 -6.283034e-007 -6.964634e-007
 3.800000e+002 -8.936252e-010 -1.210778e-007
 3.810000e+002  4.438107e-008 -7.386563e-008
 3.820000e+002  4.976572e-008 -9.828070e-008
 3.830000e+002  5.768174e-008 -8.321178e-008
 3.840000e+002  4.347376e-009 -4.425375e-008
 3.850000e+002  9.076228e-008 -2.671360e-008
 3.860000e+002 -5.591556e-009 -7.559454e-008
 3.870000e+002  9.744198e-008  2.649716e-008
 3.880000e+002  9.091720e-008 -8.330435e-008
 3.890000e+002  3.001247e-008  1.020890e-008
 3.900000e+002  6.494440e-008 -6.879660e-009
 3.910000e+002 -1.509310e-008  2.623132e-008
 3.920000e+002  5.250226e-008 -4.177455e-008
 3.930000e+002  7.390051e-008 -5.630506e-008
 3.940000e+002  3.877874e-008  3.516227e-008
 3.950000e+002  9.085373e-008  1.694528e-008
 3.960000e+002 -1.715403e-009  1.429812e-008
 3.970000e+002  9.951094e-008  5.297559e-008
 3.980000e+002  1.219542e-007  3.531659e-008
 3.990000e+002  1.110722e-007  4.383238e-008
 4.000000e+002  8.973716e-008 -3.299565e-009
 4.010000e+002  1.193551e-007  4.155341e-008
 4.020000e+002  1.203700e-007  7.435322e-008
 4.030000e+002  6.324746e-008 -2.804014e-008
 4.040000e+002  2.538532e-008  2.375873e-008
 4.050000e+002  2.267643e-008  5.933821e-008
 4.060000e+002  6.159430e-008  2.947594e-008
 4.070000e+002  9.208519e-008  6.005482e-008
 4.080000e+002  1.090823e-007  7.835425e-008
 4.090000e+002  7.661593e-008 -1.065755e-008
 4.100000e+002  9.524456e-008  8.785274e-008
 4.110000e+002  9.394197e-008  8.121704e-008
 4.120000e+002  9.916413e-008  3.585983e-008
 4.130000e+002  3.351252e-008  5.583557e-008
 4.140000e+002 -2.647970e-007 -2.990128e-008
 4.150000e+002  4.132467e-008 -9.258167e-008
 4.160000e+002  1.670016e-007  1.550118e-007
 4.170000e+002  1.318725e-007  1.309397e-007
 4.180000e+002  1.044882e-007  1.635967e-007
 4.190000e+002  1.047207e-007  1.048220e-007
 4.200000e+002  2.884964e-007  1.245042e-007
 4.210000e+002  1.073645e-007  1.381450e-007
 4.220000e+002  1.039422e-007  9.322453e-008
 4.230000e+002  6.504346e-008  1.129675e-007
 4.240000e+002  1.407067e-007  7.395729e-008
 4.250000e+002  7.279625e-008  1.050323e-007
 4.260000e+002  2.646445e-007  1.040289e-007
 4.270000e+002  1.739613e-007  1.177144e-007
 4.280000e+002  1.546584e-007  1.178215e-007
 4.290000e+002  1.224810e-007  1.503847e-007
 4.300000e+002  1.200827e-007  8.098070e-008
 4.310000e+002  1.039164e-007  9.969312e-008
 4.320000e+002  7.434598e-008  1.622615e-007
 4.330000e+002  2.549263e-008  4.080020e-007
 4.340000e+002  1.028492e-007  1.028262e-007
 4.350000e+002  6.033389e-008  1.048163e-007
 4.360000e+002  5.065681e-008  1.446261e-007
 4.370000e+002  3.039662e-008  1.472718e-007
 4.380000e+002  6.251539e-008  1.980775e-007
 4.390000e+002  5.302302e-008  1.600195e-007
 4.400000e+002  8.984889e-008  1.785383e-007
 4.410000e+002 -3.873690e-008  1.358202e-007
 4.420000e+002  9.866739e-009  1.200756e-007
 4.430000e+002  6.992270e-008  1.266247e-007
 4.440000e+002 -1.859284e-008  5.895235e-008
 4.450000e+002  4.529522e-008  6.566279e-008
 4.460000e+002  1.953057e-008  8.386058e-008
 4.470000e+002  6.679458e-008  1.115261e-007
 4.480000e+002  1.324125e-008  5.174791e-008
 4.490000e+002 -6.013909e-008  2.039612e-007
 4.500000e+002  4.927757e-009  1.458788e-007
 4.510000e+002  1.526249e-007  3.030965e-007
 4.520000e+002 -9.702413e-008  9.158952e-008
 4.530000e+002 -3.945971e-008  5.527555e-008
 4.540000e+002 -6.497477e-009  8.171855e-008
 4.550000e+002 -7.791862e-008  7.214016e-008
 4.560000e+002 -1.408970e-007  8.204777e-008
 4.570000e+002 -6.409686e-009  7.424926e-008
 4.580000e+002 -3.954403e-008  6.561863e-008
 4.590000e+002 -3.690485e-008  7.392034e-008
 4.600000e+002 -3.419714e-008  8.650364e-008
 4.610000e+002 -5.596868e-009  7.875731e-008
 4.620000e+002 -1.201413e-007  7.378379e-009
 4.630000e+002 -1.419507e-007  4.414898e-008
 4.640000e+002 -6.081620e-008  1.144569e-007
 4.650000e+002 -8.371860e-008  4.584228e-008
 4.660000e+002  1.141108e-008  6.508911e-008
 4.670000e+002 -3.934978e-008  9.065038e-009
 4.680000e+002 -1.056416e-007  8.281177e-008
 4.690000e+002 -6.407433e-008  1.859528e-008
 4.700000e+002 -1.092331e-007  2.426208e-008
 4.710000e+002 -9.578941e-008  1.053001e-008
 4.720000e+002 -9.210753e-008 -4.560481e-008
 4.730000e+002 -1.005009e-007  1.058046e-007
 4.740000e+002 -6.905307e-008 -1.348108e-008
 4.750000e+002 -6.420316e-008 -7.031684e-008
 4.760000e+002 -1.346469e-007  1.105763e-007
 4.770000e+002 -1.038157e-007  6.625078e-008
 4.780000e+002 -1.882939e-007  7.353575e-008
 4.790000e+002 -1.298774e-007  2.152838e-009
 4.800000e+002 -4.970524e-008  5.764494e-008
 4.810000e+002 -9.479673e-008 -3.438487e-009
 4.820000e+002 -1.685237e-007 -2.653723e-008
 4.830000e+002 -2.639267e-008 -2.822702e-008
 4.840000e+002 -2.210160e-007 -4.692392e-008
 4.850000e+002 -1.201057e-007 -2.712544e-010
 4.860000e+002 -2.345893e-007 -8.581461e-008
 4.870000e+002 -7.424036e-007 -7.229527e-008
 4.880000e+002  4.033635e-008 -2.276090e-008
 4.890000e+002 -3.139144e-008 -4.450842e-008
 4.900000e+002 -6.323117e-009 -9.418341e-008
 4.910000e+002 -4.961390e-009 -7.661486e-008
 4.920000e+002  1.298364e-008 -3.829485e-008
 4.930000e+002 -2.414878e-008 -4.182897e-008
 4.940000e+002  1.611188e-008 -7.502939e-008
 4.950000e+002 -6.415083e-008 -7.418358e-008
 4.960000e+002 -3.723606e-008 -3.724660e-008
 4.970000e+002 -5.449339e-008 -1.465936e-008
 4.980000e+002 -4.304203e-008 -1.116058e-007
 4.990000e+002  9.459024e-008  1.261207e-007
 5.000000e+002  1.593639e-009 -5.265595e-008
 5.010000e+002 -1.525539e-008 -1.038792e-007
 5.020000e+002 -7.868334e-008  2.468250e-008
 5.030000e+002 -3.943659e-008  9.963203e-011
 5.040000e+002 -2.994423e-008 -1.241017e-007
 5.050000e+002 -6.756864e-008 -4.092915e-008
 5.060000e+002 -2.512179e-008 -6.515878e-008
 5.070000e+002 -2.697856e-008 -8.463910e-008
 5.080000e+002 -7.103842e-008 -5.413716e-008
 5.090000e+002  1.504821e-009 -6.116533e-008
 5.100000e+002 -8.567072e-008 -1.548009e-009
 5.110000e+002  2.239211e-008  3.223597e-008
 5.120000e+002 -5.120067e-008 -5.232452e-011
