 0.000000e+000  3.605670e-007  0.000000e+000
 1.000000e+000 -1.676023e-006 -1.445205e-006
 2.000000e+000 -2.264293e-006 -9.626199e-007
 3.000000e+000 -1.674720e-006  3.281026e-008
 4.000000e+000 -1.928446e-006 -5.839540e-007
 5.000000e+000 -1.950201e-006 -3.883127e-007
 6.000000e+000 -1.903170e-006  2.255836e-007
 7.000000e+000 -2.165203e-006 -5.605204e-007
 8.000000e+000 -2.026160e-006 -6.007826e-007
 9.000000e+000 -2.256904e-006 -6.408749e-007
 1.000000e+001 -2.416583e-006 -4.509830e-007
 1.100000e+001 -2.670408e-006 -7.464214e-007
 1.200000e+001 -2.559699e-006 -8.866599e-007
 1.300000e+001 -2.781579e-006 -9.433635e-007
 1.400000e+001 -2.823822e-006 -9.501971e-007
 1.500000e+001 -3.021409e-006 -1.432120e-006
 1.600000e+001 -3.263244e-006 -1.449236e-006
 1.700000e+001 -3.770358e-006 -1.692444e-006
 1.800000e+001 -7.791857e-005 -5.710108e-005
 1.900000e+001 -5.665824e-006 -2.636838e-006
 2.000000e+001 -7.833028e-006 -4.415490e-006
 2.100000e+001 -1.312829e-005 -1.006708e-005
 2.200000e+001  2.479053e-005  2.107996e-004
 2.300000e+001  1.308122e-005  6.661991e-006
 2.400000e+001  5.446521e-006  3.766126e-006
 2.500000e+001  3.161496e-006  2.502417e-006
 2.600000e+001  2.180002e-006  1.855621e-006
 2.700000e+001  1.639587e-006  1.439339e-006
 2.800000e+001  1.004985e-006  1.141293e-006
 2.900000e+001  7.319592e-007  8.892580e-007
 3.000000e+001  4.119004e-007  8.732367e-007
 3.100000e+001  3.618486e-007  9.314678e-007
 3.200000e+001  3.009235e-007  8.605460e-007
 3.300000e+001  1.599588e-007  5.758041e-007
 3.400000e+001  1.597111e-008  4.883341e-007
 3.500000e+001 -3.222335e-008  5.297200e-007
 3.600000e+001  8.964518e-007  4.312607e-006
 3.700000e+001 -1.901043e-007  5.166366e-007
 3.800000e+001 -3.830383e-007  3.506149e-007
 3.900000e+001 -1.815318e-007  3.308598e-007
 4.000000e+001 -5.246339e-007  3.964130e-007
 4.100000e+001 -2.973986e-007  1.414081e-007
 4.200000e+001  2.301282e-008  1.690725e-007
 4.300000e+001 -6.877699e-007  4.379013e-007
 4.400000e+001 -4.926525e-007  2.776327e-007
 4.500000e+001 -4.861255e-007  2.402152e-007
 4.600000e+001 -6.714914e-007  5.661391e-008
 4.700000e+001 -6.813217e-007  2.744735e-007
 4.800000e+001 -7.127453e-007  1.791201e-007
 4.900000e+001 -6.315540e-007  1.494229e-007
 5.000000e+001 -7.014539e-007  2.985829e-007
 5.100000e+001 -6.459736e-007  1.900126e-007
 5.200000e+001 -5.943956e-007  2.479320e-007
 5.300000e+001 -5.473088e-007  6.634414e-007
 5.400000e+001  1.494980e-006  4.865816e-006
 5.500000e+001 -1.335819e-006 -1.035498e-006
 5.600000e+001 -1.139176e-006 -6.970871e-007
 5.700000e+001 -1.117038e-006 -2.784316e-007
 5.800000e+001 -1.546081e-006 -2.101151e-007
 5.900000e+001 -1.347285e-006 -3.547262e-007
 6.000000e+001 -1.346314e-006 -3.339630e-007
 6.100000e+001 -1.379386e-006 -1.725559e-007
 6.200000e+001 -1.440031e-006 -2.620361e-007
 6.300000e+001 -1.453509e-006 -1.353789e-007
 6.400000e+001 -1.754679e-006 -2.891745e-007
 6.500000e+001 -1.711873e-006 -1.356431e-007
 6.600000e+001 -9.909118e-007  3.512471e-007
 6.700000e+001 -1.931089e-006  7.809429e-008
 6.800000e+001 -2.288076e-006  3.963473e-007
 6.900000e+001 -2.685379e-006  4.646271e-007
 7.000000e+001 -3.851836e-006  8.533282e-007
 7.100000e+001 -5.144843e-006  2.387197e-006
 7.200000e+001 -8.562506e-006  6.225947e-006
 7.300000e+001  4.423126e-006  4.405723e-006
 7.400000e+001  2.511785e-006  1.461280e-006
 7.500000e+001  1.939368e-006  1.556057e-006
 7.600000e+001  1.147959e-006  6.769976e-007
 7.700000e+001  1.036615e-006  6.699117e-007
 7.800000e+001  7.670661e-007  3.539814e-007
 7.900000e+001  6.304049e-007  3.672870e-007
 8.000000e+001  6.530649e-007  3.559653e-007
 8.100000e+001  4.110588e-007  8.557043e-008
 8.200000e+001  9.717463e-008  2.175993e-007
 8.300000e+001  2.417990e-007  2.016869e-007
 8.400000e+001  1.064920e-007  3.087424e-007
 8.500000e+001 -4.745608e-008  2.449298e-007
 8.600000e+001 -2.765589e-007  3.119121e-007
 8.700000e+001  1.443450e-007  6.127661e-007
 8.800000e+001 -8.411339e-007  1.236007e-006
 8.900000e+001 -3.452046e-007  2.741455e-006
 9.000000e+001  3.496558e-006 -6.860542e-007
 9.100000e+001  1.890363e-006  8.383030e-007
 9.200000e+001  1.690480e-006  3.947086e-007
 9.300000e+001  1.429516e-006  1.458927e-007
 9.400000e+001  1.160814e-006 -2.938487e-007
 9.500000e+001  1.170904e-006 -2.523524e-007
 9.600000e+001  1.032123e-006 -2.617185e-007
 9.700000e+001  8.487942e-007 -4.040994e-007
 9.800000e+001  9.075950e-007 -4.439760e-007
 9.900000e+001  7.095848e-007 -3.738751e-007
 1.000000e+002  5.244075e-007 -4.498319e-007
 1.010000e+002  5.851074e-007 -5.522229e-007
 1.020000e+002  9.451927e-007 -5.602498e-007
 1.030000e+002  5.565157e-007 -4.390487e-007
 1.040000e+002  5.643252e-007 -5.543833e-007
 1.050000e+002  6.127317e-007 -4.831414e-007
 1.060000e+002  5.836695e-007 -3.675251e-007
 1.070000e+002  3.721061e-007 -4.204920e-007
 1.080000e+002  9.639850e-007  8.442163e-007
 1.090000e+002  4.341254e-007 -5.445877e-007
 1.100000e+002  3.205835e-007 -2.774826e-007
 1.110000e+002  5.177482e-007 -4.664893e-007
 1.120000e+002  3.072471e-007 -4.690137e-007
 1.130000e+002  2.998840e-007 -3.121278e-007
 1.140000e+002  3.940346e-007 -4.198042e-007
 1.150000e+002  6.094366e-007 -4.634473e-007
 1.160000e+002  3.899902e-007 -3.403286e-007
 1.170000e+002  2.640272e-007 -3.110616e-007
 1.180000e+002  2.366362e-007 -2.147986e-007
 1.190000e+002  3.604832e-007 -3.643377e-007
 1.200000e+002  3.490280e-007 -3.076922e-007
 1.210000e+002  2.949541e-007 -5.015627e-007
 1.220000e+002  2.798867e-007 -3.054922e-007
 1.230000e+002  3.187966e-007 -3.399934e-007
 1.240000e+002  3.974620e-007 -3.429533e-007
 1.250000e+002  4.941908e-007 -3.477665e-007
 1.260000e+002  1.317528e-007 -6.693538e-007
 1.270000e+002  3.941800e-007 -4.295518e-007
 1.280000e+002  2.817075e-007 -3.637439e-007
 1.290000e+002  2.461961e-007 -2.684752e-007
 1.300000e+002  2.257374e-007 -4.855469e-007
 1.310000e+002  1.624331e-007 -3.221031e-007
 1.320000e+002  2.279126e-007 -3.166106e-007
 1.330000e+002  2.718398e-007 -2.920855e-007
 1.340000e+002  2.845568e-007 -3.577552e-007
 1.350000e+002  1.705535e-007 -2.124364e-007
 1.360000e+002  2.833650e-007 -1.625140e-007
 1.370000e+002  3.708615e-007 -3.401192e-007
 1.380000e+002 -2.426935e-007 -7.900504e-007
 1.390000e+002  2.348484e-007 -3.045785e-007
 1.400000e+002  3.344966e-007 -2.949455e-007
 1.410000e+002  3.537082e-007 -1.588683e-007
 1.420000e+002  3.019679e-007 -3.641538e-007
 1.430000e+002  2.136890e-007 -3.200546e-007
 1.440000e+002  9.129254e-007 -3.584576e-007
 1.450000e+002  4.294658e-007 -3.665028e-007
 1.460000e+002  3.725505e-007 -1.651094e-007
 1.470000e+002  4.183691e-007 -2.891275e-007
 1.480000e+002  2.767782e-007 -2.366290e-007
 1.490000e+002  3.856370e-007 -2.588857e-007
 1.500000e+002  1.927731e-007 -4.376242e-007
 1.510000e+002  2.672952e-007 -4.009213e-009
 1.520000e+002  3.598819e-007 -1.443182e-007
 1.530000e+002  4.292965e-007 -1.968717e-007
 1.540000e+002  3.728086e-007 -1.813862e-007
 1.550000e+002  3.764118e-007 -1.590604e-007
 1.560000e+002  1.556807e-007 -1.600340e-007
 1.570000e+002  2.512530e-007 -1.462031e-007
 1.580000e+002  3.874378e-007 -1.817269e-007
 1.590000e+002  2.599528e-007 -6.859584e-008
 1.600000e+002  1.391541e-007 -1.617409e-007
 1.610000e+002  9.802482e-008  1.209491e-007
 1.620000e+002 -1.398008e-006  1.231948e-006
 1.630000e+002  1.077780e-006 -7.138495e-007
 1.640000e+002  6.864458e-007 -2.844170e-007
 1.650000e+002  4.293444e-007 -3.495078e-007
 1.660000e+002  5.001868e-007 -2.179309e-007
 1.670000e+002  4.985087e-007 -2.677898e-007
 1.680000e+002  5.113209e-007 -1.167709e-007
 1.690000e+002  4.204073e-007 -1.697447e-007
 1.700000e+002  3.658696e-007 -1.003133e-007
 1.710000e+002  3.256567e-007 -1.624663e-007
 1.720000e+002  3.605194e-007 -8.432488e-009
 1.730000e+002  5.321964e-007  6.274284e-008
 1.740000e+002  1.033516e-006  1.602351e-006
 1.750000e+002  1.970937e-007 -3.708201e-007
 1.760000e+002  2.680607e-007 -1.983459e-007
 1.770000e+002  3.623914e-007 -2.245996e-007
 1.780000e+002  2.886829e-007 -9.752522e-008
 1.790000e+002  4.531283e-007 -1.547582e-008
 1.800000e+002  5.940102e-007 -6.422125e-007
 1.810000e+002  3.508498e-007 -6.096512e-008
 1.820000e+002  5.190312e-007 -1.301208e-007
 1.830000e+002  4.443477e-007 -4.436360e-008
 1.840000e+002  3.463623e-007 -1.222856e-007
 1.850000e+002  4.477320e-007  1.351319e-007
 1.860000e+002  6.933276e-007 -3.937210e-007
 1.870000e+002  4.990062e-007 -1.435885e-007
 1.880000e+002  4.013224e-007 -1.031432e-008
 1.890000e+002  4.072406e-007 -1.220890e-007
 1.900000e+002  3.627130e-007 -7.534655e-009
 1.910000e+002  3.405579e-007 -1.373893e-007
 1.920000e+002  3.325450e-007  1.159839e-007
 1.930000e+002  4.268823e-007  3.193539e-009
 1.940000e+002  3.483790e-007 -1.036519e-007
 1.950000e+002  4.626744e-007  3.318911e-008
 1.960000e+002  4.674129e-007  7.080578e-008
 1.970000e+002  4.716064e-007  8.162454e-008
 1.980000e+002  5.621420e-008  2.869185e-007
 1.990000e+002  2.096268e-007  1.132352e-007
 2.000000e+002  2.112898e-007  2.125107e-007
 2.010000e+002  2.545477e-007  3.801804e-008
 2.020000e+002  4.278869e-007 -4.107778e-009
 2.030000e+002  4.391787e-007  9.301103e-008
 2.040000e+002  3.732756e-007 -1.081902e-008
 2.050000e+002  2.025088e-007  1.339946e-007
 2.060000e+002  3.154148e-007 -1.924102e-008
 2.070000e+002  3.547108e-007  8.496568e-008
 2.080000e+002  2.928119e-007 -1.324133e-008
 2.090000e+002  3.316536e-007 -1.819440e-008
 2.100000e+002  2.652806e-007  5.043568e-008
 2.110000e+002  3.839675e-007  8.926517e-008
 2.120000e+002  3.499067e-007 -1.130493e-008
 2.130000e+002  4.314866e-007 -6.487265e-008
 2.140000e+002  2.236097e-007  2.201317e-007
 2.150000e+002  2.959019e-007  2.162106e-007
 2.160000e+002  4.821656e-007 -1.754365e-007
 2.170000e+002  1.014500e-007  2.452334e-007
 2.180000e+002  2.762060e-007  1.259378e-007
 2.190000e+002  1.580558e-007  2.059829e-008
 2.200000e+002  3.204717e-007  1.146739e-007
 2.210000e+002  2.148189e-007  1.056122e-007
 2.220000e+002 -7.514736e-008  1.066131e-007
 2.230000e+002  3.113612e-007  1.008347e-007
 2.240000e+002  2.525013e-007  1.615742e-007
 2.250000e+002  2.542308e-007  8.027340e-008
 2.260000e+002  3.595068e-007  1.556450e-007
 2.270000e+002  4.286971e-007  2.368149e-007
 2.280000e+002  1.764182e-007  1.217852e-007
 2.290000e+002  3.550012e-007  1.332694e-007
 2.300000e+002  1.789235e-007  2.069337e-007
 2.310000e+002  1.636513e-007  7.171288e-008
 2.320000e+002  2.833486e-007  2.292183e-007
 2.330000e+002  2.062561e-007  1.204275e-007
 2.340000e+002  2.808609e-007 -4.920956e-007
 2.350000e+002  1.633658e-007  1.604134e-007
 2.360000e+002  2.646615e-007  2.665799e-007
 2.370000e+002  2.374712e-007  2.826696e-007
 2.380000e+002  1.725940e-007  1.539367e-007
 2.390000e+002  6.387096e-008 -9.033123e-008
 2.400000e+002  1.387244e-008 -6.693395e-008
 2.410000e+002  2.167437e-007  1.786748e-007
 2.420000e+002  1.557910e-007  1.914594e-007
 2.430000e+002  2.251725e-007  2.292721e-007
 2.440000e+002  2.378556e-007  1.411194e-007
 2.450000e+002  6.386142e-008  2.433839e-007
 2.460000e+002  1.612538e-007  6.678971e-008
 2.470000e+002  2.350576e-007  2.548355e-007
 2.480000e+002  1.290222e-007  1.908307e-007
 2.490000e+002  3.500307e-007  2.355765e-007
 2.500000e+002  3.548560e-007  1.921273e-007
 2.510000e+002  3.350681e-008  1.057088e-007
 2.520000e+002  8.676031e-007 -8.134544e-007
 2.530000e+002  1.839085e-008  1.127636e-007
 2.540000e+002 -1.376074e-008  9.645463e-008
 2.550000e+002  1.541177e-008  3.058146e-007
 2.560000e+002  1.442746e-007  1.756948e-007
 2.570000e+002  2.046023e-007  1.450861e-007
 2.580000e+002  3.758286e-007 -4.950993e-009
 2.590000e+002 -5.666049e-008  5.416271e-007
 2.600000e+002  2.475260e-007  3.097124e-008
 2.610000e+002 -1.994516e-008  1.484893e-007
 2.620000e+002 -2.137835e-008  1.061342e-007
 2.630000e+002  2.185909e-007  2.518817e-007
 2.640000e+002  2.048994e-008  3.701200e-008
 2.650000e+002  1.342106e-007  4.809080e-008
 2.660000e+002  1.648280e-007  1.102170e-007
 2.670000e+002 -4.134273e-008  2.242830e-007
 2.680000e+002  3.962641e-008  1.501500e-007
 2.690000e+002 -1.065491e-007  1.298811e-007
 2.700000e+002  2.023757e-007  4.898668e-007
 2.710000e+002 -1.291457e-007  2.164648e-008
 2.720000e+002  3.453272e-008  2.067567e-007
 2.730000e+002 -2.795102e-007 -1.097106e-007
 2.740000e+002  3.328444e-007  7.526152e-008
 2.750000e+002 -7.787599e-008  3.682415e-007
 2.760000e+002 -1.807536e-007  5.558193e-008
 2.770000e+002  5.993547e-008  1.395946e-009
 2.780000e+002  1.117180e-007 -3.821769e-008
 2.790000e+002 -3.530916e-008  9.240343e-008
 2.800000e+002  7.191072e-008 -1.138609e-007
 2.810000e+002 -1.939916e-007 -1.346311e-007
 2.820000e+002 -3.037099e-007 -2.129554e-007
 2.830000e+002 -4.869175e-009  1.076575e-007
 2.840000e+002  3.304224e-008  3.903212e-007
 2.850000e+002  3.553650e-007  7.754191e-008
 2.860000e+002 -1.944766e-007  2.231214e-007
 2.870000e+002  1.678069e-007  2.767430e-007
 2.880000e+002  1.158249e-006 -3.963678e-007
 2.890000e+002 -2.343815e-007  2.977114e-007
 2.900000e+002  3.107476e-007 -2.431397e-008
 2.910000e+002  3.113911e-007  1.420817e-007
 2.920000e+002 -3.747630e-007  1.690247e-007
 2.930000e+002  1.338579e-007  1.198265e-007
 2.940000e+002  5.049043e-008  4.782970e-008
 2.950000e+002 -1.085594e-007  1.497593e-007
 2.960000e+002 -4.423561e-007  2.625187e-007
 2.970000e+002 -5.883226e-008  3.031749e-007
 2.980000e+002  1.954083e-007 -2.587784e-007
 2.990000e+002 -5.442489e-008  5.089486e-008
 3.000000e+002 -7.439480e-008  2.361249e-007
 3.010000e+002 -4.170500e-008  8.714275e-008
 3.020000e+002 -6.222883e-008  9.072855e-008
 3.030000e+002 -2.320483e-007 -3.610030e-009
 3.040000e+002 -1.053963e-007 -2.381543e-008
 3.050000e+002 -6.854651e-008 -1.851684e-008
 3.060000e+002 -4.563166e-007 -1.327841e-008
 3.070000e+002 -5.302806e-008 -1.233109e-007
 3.080000e+002 -1.259250e-007 -1.232421e-007
 3.090000e+002 -1.023019e-007 -7.178661e-008
 3.100000e+002 -2.440954e-008  1.532142e-007
 3.110000e+002  1.906537e-007 -8.764897e-008
 3.120000e+002 -1.214250e-007  1.313254e-007
 3.130000e+002 -2.659131e-007  1.548410e-009
 3.140000e+002  1.857999e-008 -1.447622e-007
 3.150000e+002 -1.159211e-007  9.107340e-009
 3.160000e+002  1.507446e-007  2.647197e-007
 3.170000e+002 -2.609929e-007  7.866793e-008
 3.180000e+002 -3.065683e-007 -1.469575e-008
 3.190000e+002 -3.239644e-007  2.508304e-007
 3.200000e+002 -2.163116e-007  1.879367e-007
 3.210000e+002 -1.328889e-007  5.147180e-007
 3.220000e+002 -4.740106e-008 -5.109292e-007
 3.230000e+002 -3.413952e-007  8.224059e-008
 3.240000e+002 -1.093348e-007 -4.456029e-007
 3.250000e+002  3.119212e-007 -4.073361e-007
 3.260000e+002  3.904252e-007  5.985766e-007
 3.270000e+002 -4.922344e-008  1.062306e-007
 3.280000e+002  3.783019e-007 -1.699036e-007
 3.290000e+002  5.186554e-007 -8.287533e-007
 3.300000e+002  2.572932e-007 -7.112893e-008
 3.310000e+002  1.638239e-007  2.122369e-008
 3.320000e+002 -5.351246e-008 -4.764271e-007
 3.330000e+002 -8.959029e-009 -2.842872e-007
 3.340000e+002 -3.458987e-007 -1.217845e-007
 3.350000e+002 -8.543223e-008  9.214668e-008
 3.360000e+002  3.069603e-007 -6.415491e-007
 3.370000e+002  2.905402e-007 -4.125127e-007
 3.380000e+002 -1.376364e-007 -1.812280e-007
 3.390000e+002  1.348352e-007 -4.151802e-007
 3.400000e+002  6.201602e-008 -1.310439e-007
 3.410000e+002 -1.796791e-007  7.451077e-009
 3.420000e+002 -3.640054e-007 -1.231803e-007
 3.430000e+002  1.691449e-007 -3.881089e-007
 3.440000e+002  2.804200e-008  2.709752e-008
 3.450000e+002 -1.783079e-007 -4.314873e-007
 3.460000e+002  4.621013e-007 -2.962702e-007
 3.470000e+002  1.827383e-007  6.250956e-009
 3.480000e+002 -7.018968e-008  2.119289e-009
 3.490000e+002  1.340893e-008 -2.666900e-007
 3.500000e+002 -2.358249e-008 -1.460209e-007
 3.510000e+002  5.912297e-008 -2.053732e-007
 3.520000e+002 -6.366681e-008  3.671992e-008
 3.530000e+002  1.038537e-008 -1.315337e-007
 3.540000e+002  1.990007e-008 -8.701726e-009
 3.550000e+002 -1.426779e-007 -1.817435e-007
 3.560000e+002  2.403935e-007 -5.661077e-009
 3.570000e+002  3.338095e-007 -2.499440e-008
 3.580000e+002 -2.338939e-007 -1.743448e-007
 3.590000e+002 -2.156062e-007 -3.092068e-007
 3.600000e+002  3.698671e-007  1.903709e-007
 3.610000e+002  7.474926e-008 -1.151387e-007
 3.620000e+002 -1.183129e-007 -5.611593e-008
 3.630000e+002  3.603391e-008 -7.116354e-008
 3.640000e+002 -5.606839e-008 -1.932093e-007
 3.650000e+002  1.090964e-007 -1.369899e-007
 3.660000e+002 -3.048822e-008  6.775009e-011
 3.670000e+002 -1.611971e-007  2.000579e-007
 3.680000e+002  1.233127e-007 -1.759784e-007
 3.690000e+002  2.278649e-008  2.531711e-008
 3.700000e+002  8.063603e-008 -3.417204e-007
 3.710000e+002  1.200852e-007 -1.133879e-007
 3.720000e+002  1.769866e-007 -3.157211e-007
 3.730000e+002  2.894158e-007 -2.192614e-007
 3.740000e+002  1.015200e-007 -1.830097e-007
 3.750000e+002  1.523080e-007 -4.029270e-008
 3.760000e+002  1.925305e-007 -5.573894e-008
 3.770000e+002  1.123418e-007 -8.743290e-008
 3.780000e+002  9.122699e-008 -5.168194e-007
 3.790000e+002 -3.270751e-007 -5.325890e-007
 3.800000e+002  1.138283e-007 -3.375753e-007
 3.810000e+002  9.036047e-009  5.993067e-008
 3.820000e+002 -9.772624e-009 -1.219867e-007
 3.830000e+002  2.394387e-007 -1.775975e-007
 3.840000e+002  1.525445e-007 -2.241859e-007
 3.850000e+002  3.847894e-007  5.605644e-008
 3.860000e+002  9.985600e-008 -1.090002e-007
 3.870000e+002  3.054839e-007 -1.954645e-008
 3.880000e+002  2.644924e-007 -1.361101e-007
 3.890000e+002  1.231723e-007 -8.988245e-008
 3.900000e+002  1.393540e-007 -2.785879e-007
 3.910000e+002  8.597023e-008  7.899162e-008
 3.920000e+002  7.867447e-008  2.546593e-007
 3.930000e+002  2.280751e-007 -6.302864e-008
 3.940000e+002  7.376769e-008  1.099004e-007
 3.950000e+002  2.343491e-007 -1.328392e-007
 3.960000e+002  2.669485e-007  8.926495e-008
 3.970000e+002  1.468791e-007 -5.275581e-008
 3.980000e+002  3.155472e-007  3.307711e-008
 3.990000e+002  3.789059e-007  2.506298e-008
 4.000000e+002  9.808979e-008 -1.029974e-007
 4.010000e+002  2.484084e-007 -1.005696e-007
 4.020000e+002  3.037898e-007  6.191865e-008
 4.030000e+002  5.855560e-008 -2.817624e-008
 4.040000e+002  1.760055e-007 -4.728968e-008
 4.050000e+002  2.016786e-007 -1.023434e-007
 4.060000e+002  2.515883e-007 -2.199287e-007
 4.070000e+002  1.384312e-007 -1.790367e-008
 4.080000e+002  1.880834e-007  1.462072e-009
 4.090000e+002  1.641139e-007  1.616427e-008
 4.100000e+002  2.856608e-007 -1.898562e-007
 4.110000e+002  2.741410e-007 -3.427659e-008
 4.120000e+002  1.845639e-007 -5.893737e-008
 4.130000e+002  9.935426e-008  1.043364e-007
 4.140000e+002 -1.522826e-007 -2.247119e-007
 4.150000e+002  1.309878e-007 -2.874509e-008
 4.160000e+002  3.692903e-007 -2.304397e-008
 4.170000e+002 -1.615573e-008 -1.156456e-007
 4.180000e+002  1.240973e-007  4.788393e-008
 4.190000e+002  8.667997e-008  9.147405e-008
 4.200000e+002  2.945076e-007 -9.746071e-008
 4.210000e+002  1.194659e-007  1.077420e-007
 4.220000e+002  2.014428e-007 -1.014191e-007
 4.230000e+002  1.531839e-007  6.895160e-008
 4.240000e+002  1.148695e-007 -9.857451e-008
 4.250000e+002  1.088425e-007  5.318188e-008
 4.260000e+002  1.281069e-007  6.816803e-008
 4.270000e+002 -5.281953e-008  3.903865e-008
 4.280000e+002  8.153456e-008 -1.434467e-008
 4.290000e+002  1.964564e-007  8.423195e-008
 4.300000e+002 -2.211557e-008  6.283951e-008
 4.310000e+002 -6.016577e-008 -1.064847e-007
 4.320000e+002 -1.980291e-007  1.401765e-007
 4.330000e+002 -1.136959e-007  2.999035e-007
 4.340000e+002  4.095851e-008  7.654184e-008
 4.350000e+002 -1.741000e-007 -4.093281e-008
 4.360000e+002  1.916584e-007  3.843940e-008
 4.370000e+002 -1.502438e-007  2.588234e-007
 4.380000e+002  3.344647e-008  2.942521e-007
 4.390000e+002  6.156766e-009  1.551236e-007
 4.400000e+002  1.181658e-007  2.450960e-007
 4.410000e+002 -6.281324e-008  8.994427e-008
 4.420000e+002 -4.499109e-008  1.040985e-007
 4.430000e+002 -7.016567e-008  1.179945e-007
 4.440000e+002 -1.410429e-007 -1.210410e-007
 4.450000e+002 -2.570472e-008 -7.206224e-008
 4.460000e+002 -7.016751e-009  1.332217e-007
 4.470000e+002  5.375395e-008  1.038325e-007
 4.480000e+002 -1.706326e-007 -6.783245e-008
 4.490000e+002  1.125742e-007  1.700240e-007
 4.500000e+002 -1.824075e-007  1.751040e-007
 4.510000e+002  9.199193e-008  3.261692e-007
 4.520000e+002 -2.869834e-007  7.588284e-008
 4.530000e+002  7.500552e-009 -1.296375e-008
 4.540000e+002  2.660908e-008  1.799625e-007
 4.550000e+002 -1.158351e-007  1.482855e-007
 4.560000e+002 -2.220386e-007 -4.636967e-008
 4.570000e+002  6.368116e-008  6.560478e-008
 4.580000e+002 -3.213188e-009  1.323191e-007
 4.590000e+002 -2.378272e-008 -6.118821e-009
 4.600000e+002 -3.062289e-008  6.641893e-008
 4.610000e+002 -2.237159e-007 -4.690757e-008
 4.620000e+002 -3.889939e-007 -6.859437e-008
 4.630000e+002 -4.234048e-007  4.290438e-008
 4.640000e+002 -1.272116e-007  6.104055e-008
 4.650000e+002 -1.734959e-007  1.589262e-007
 4.660000e+002 -4.243807e-009  1.260693e-007
 4.670000e+002 -1.573686e-007  1.643941e-008
 4.680000e+002 -1.415731e-007 -1.168838e-007
 4.690000e+002 -1.817471e-007 -8.520174e-008
 4.700000e+002 -4.966913e-008 -1.249168e-007
 4.710000e+002 -2.790974e-007 -8.770809e-008
 4.720000e+002 -9.774736e-008  1.590569e-008
 4.730000e+002 -1.707572e-007  9.839444e-008
 4.740000e+002 -1.288059e-007 -1.764960e-007
 4.750000e+002 -1.071073e-007 -2.750627e-008
 4.760000e+002 -2.251162e-007  1.698261e-007
 4.770000e+002 -2.946251e-007  5.729030e-008
 4.780000e+002 -1.803833e-007  1.731480e-007
 4.790000e+002 -1.970451e-007  7.640929e-008
 4.800000e+002 -2.339547e-007  1.185458e-007
 4.810000e+002 -1.205673e-007 -1.064822e-007
 4.820000e+002  3.299572e-008 -7.348367e-008
 4.830000e+002 -2.067953e-007  7.398497e-009
 4.840000e+002 -3.970521e-007  3.677020e-008
 4.850000e+002  7.914989e-008 -9.144075e-008
 4.860000e+002 -2.794398e-007  3.797242e-008
 4.870000e+002 -3.368858e-007  1.699132e-007
 4.880000e+002 -1.495686e-007 -3.590363e-007
 4.890000e+002 -3.308850e-007  5.131788e-008
 4.900000e+002 -7.117804e-008 -3.625272e-007
 4.910000e+002 -9.404711e-008 -1.925080e-007
 4.920000e+002 -2.691498e-008 -6.777520e-008
 4.930000e+002  6.484731e-008  1.827690e-007
 4.940000e+002 -6.618150e-008 -4.095783e-008
 4.950000e+002 -5.992190e-008 -1.139418e-007
 4.960000e+002 -2.149572e-007 -1.587379e-007
 4.970000e+002 -2.256302e-007 -2.922543e-008
 4.980000e+002  3.347940e-008 -7.972184e-008
 4.990000e+002  2.290664e-008  4.707962e-008
 5.000000e+002  1.052427e-007 -1.890601e-007
 5.010000e+002  3.566050e-008 -1.814899e-007
 5.020000e+002 -1.726563e-007  5.987246e-008
 5.030000e+002 -1.209136e-007 -1.071073e-007
 5.040000e+002 -2.117869e-007 -7.663416e-008
 5.050000e+002 -6.464433e-008 -8.704975e-008
 5.060000e+002 -9.230859e-008 -2.673676e-007
 5.070000e+002 -2.210885e-009 -1.416761e-007
 5.080000e+002 -1.642942e-008 -1.058587e-008
 5.090000e+002 -1.666243e-007 -3.181887e-007
 5.100000e+002 -3.848100e-007 -2.351051e-008
 5.110000e+002 -2.462161e-007  1.723162e-007
 5.120000e+002 -9.787137e-008 -1.352195e-010
