 0.000000e+000  9.982890e-001  0.000000e+000
 1.000000e+000  8.533908e-001  0.000000e+000
 2.000000e+000  8.025652e-001  0.000000e+000
 3.000000e+000  5.822198e-001  0.000000e+000
 4.000000e+000  7.484659e-001  0.000000e+000
 5.000000e+000  6.077193e-001  0.000000e+000
 6.000000e+000  7.660114e-001  0.000000e+000
 7.000000e+000  8.210825e-001  0.000000e+000
 8.000000e+000  7.882736e-001  0.000000e+000
 9.000000e+000  7.885682e-001  0.000000e+000
 1.000000e+001  7.499061e-001  0.000000e+000
 1.100000e+001  8.218754e-001  0.000000e+000
 1.200000e+001  7.480691e-001  0.000000e+000
 1.300000e+001  7.537104e-001  0.000000e+000
 1.400000e+001  7.020310e-001  0.000000e+000
 1.500000e+001  5.770178e-001  0.000000e+000
 1.600000e+001  6.209881e-001  0.000000e+000
 1.700000e+001  4.496967e-001  0.000000e+000
 1.800000e+001  3.850339e-002  0.000000e+000
 1.900000e+001  6.525937e-001  0.000000e+000
 2.000000e+001  7.122811e-001  0.000000e+000
 2.100000e+001  6.713933e-001  0.000000e+000
 2.200000e+001  7.909150e-001  0.000000e+000
 2.300000e+001  6.636505e-001  0.000000e+000
 2.400000e+001  6.050029e-001  0.000000e+000
 2.500000e+001  5.568279e-001  0.000000e+000
 2.600000e+001  5.236043e-001  0.000000e+000
 2.700000e+001  4.931603e-001  0.000000e+000
 2.800000e+001  3.981561e-001  0.000000e+000
 2.900000e+001  2.567241e-001  0.000000e+000
 3.000000e+001  2.571404e-001  0.000000e+000
 3.100000e+001  3.430837e-001  0.000000e+000
 3.200000e+001  3.073267e-001  0.000000e+000
 3.300000e+001  1.781797e-001  0.000000e+000
 3.400000e+001  1.356878e-001  0.000000e+000
 3.500000e+001  1.469079e-001  0.000000e+000
 3.600000e+001  7.390644e-003  0.000000e+000
 3.700000e+001  1.802179e-001  0.000000e+000
 3.800000e+001  1.671727e-001  0.000000e+000
 3.900000e+001  8.762892e-002  0.000000e+000
 4.000000e+001  2.441373e-001  0.000000e+000
 4.100000e+001  1.012596e-001  0.000000e+000
 4.200000e+001  5.338608e-003  0.000000e+000
 4.300000e+001  1.916247e-001  0.000000e+000
 4.400000e+001  2.101980e-001  0.000000e+000
 4.500000e+001  1.554512e-001  0.000000e+000
 4.600000e+001  3.039535e-001  0.000000e+000
 4.700000e+001  2.817328e-001  0.000000e+000
 4.800000e+001  2.500933e-001  0.000000e+000
 4.900000e+001  2.125425e-001  0.000000e+000
 5.000000e+001  9.618203e-002  0.000000e+000
 5.100000e+001  9.756009e-002  0.000000e+000
 5.200000e+001  4.793614e-002  0.000000e+000
 5.300000e+001  2.510959e-002  0.000000e+000
 5.400000e+001  1.259344e-002  0.000000e+000
 5.500000e+001  5.369015e-002  0.000000e+000
 5.600000e+001  1.374190e-001  0.000000e+000
 5.700000e+001  1.863370e-001  0.000000e+000
 5.800000e+001  2.731671e-001  0.000000e+000
 5.900000e+001  3.933083e-001  0.000000e+000
 6.000000e+001  3.486626e-001  0.000000e+000
 6.100000e+001  5.083419e-001  0.000000e+000
 6.200000e+001  5.146832e-001  0.000000e+000
 6.300000e+001  5.480685e-001  0.000000e+000
 6.400000e+001  6.756050e-001  0.000000e+000
 6.500000e+001  5.310093e-001  0.000000e+000
 6.600000e+001  3.591457e-002  0.000000e+000
 6.700000e+001  5.965841e-001  0.000000e+000
 6.800000e+001  6.672245e-001  0.000000e+000
 6.900000e+001  5.640349e-001  0.000000e+000
 7.000000e+001  6.537679e-001  0.000000e+000
 7.100000e+001  6.584039e-001  0.000000e+000
 7.200000e+001  1.562152e-001  0.000000e+000
 7.300000e+001  6.406581e-001  0.000000e+000
 7.400000e+001  5.388577e-001  0.000000e+000
 7.500000e+001  6.562205e-001  0.000000e+000
 7.600000e+001  3.487270e-001  0.000000e+000
 7.700000e+001  4.109143e-001  0.000000e+000
 7.800000e+001  1.873395e-001  0.000000e+000
 7.900000e+001  3.546878e-001  0.000000e+000
 8.000000e+001  4.084176e-001  0.000000e+000
 8.100000e+001  1.652789e-001  0.000000e+000
 8.200000e+001  6.874617e-002  0.000000e+000
 8.300000e+001  1.147205e-001  0.000000e+000
 8.400000e+001  1.372278e-001  0.000000e+000
 8.500000e+001  6.359924e-002  0.000000e+000
 8.600000e+001  1.467408e-001  0.000000e+000
 8.700000e+001  2.038683e-001  0.000000e+000
 8.800000e+001  3.079945e-001  0.000000e+000
 8.900000e+001  4.613055e-001  0.000000e+000
 9.000000e+001  5.394491e-002  0.000000e+000
 9.100000e+001  3.959452e-001  0.000000e+000
 9.200000e+001  5.521068e-001  0.000000e+000
 9.300000e+001  5.118673e-001  0.000000e+000
 9.400000e+001  5.832819e-001  0.000000e+000
 9.500000e+001  5.947196e-001  0.000000e+000
 9.600000e+001  6.052374e-001  0.000000e+000
 9.700000e+001  5.772639e-001  0.000000e+000
 9.800000e+001  6.616169e-001  0.000000e+000
 9.900000e+001  4.992052e-001  0.000000e+000
 1.000000e+002  4.791460e-001  0.000000e+000
 1.010000e+002  5.691050e-001  0.000000e+000
 1.020000e+002  2.148598e-001  0.000000e+000
 1.030000e+002  6.097506e-001  0.000000e+000
 1.040000e+002  6.316325e-001  0.000000e+000
 1.050000e+002  5.357931e-001  0.000000e+000
 1.060000e+002  5.038687e-001  0.000000e+000
 1.070000e+002  3.384213e-001  0.000000e+000
 1.080000e+002  7.695695e-002  0.000000e+000
 1.090000e+002  3.541763e-001  0.000000e+000
 1.100000e+002  2.903358e-001  0.000000e+000
 1.110000e+002  7.244971e-001  0.000000e+000
 1.120000e+002  5.145845e-001  0.000000e+000
 1.130000e+002  4.722199e-001  0.000000e+000
 1.140000e+002  4.007783e-001  0.000000e+000
 1.150000e+002  6.282822e-001  0.000000e+000
 1.160000e+002  4.960504e-001  0.000000e+000
 1.170000e+002  3.714751e-001  0.000000e+000
 1.180000e+002  2.178819e-001  0.000000e+000
 1.190000e+002  4.849883e-001  0.000000e+000
 1.200000e+002  2.018904e-001  0.000000e+000
 1.210000e+002  6.014104e-001  0.000000e+000
 1.220000e+002  3.269843e-001  0.000000e+000
 1.230000e+002  3.359873e-001  0.000000e+000
 1.240000e+002  5.076608e-001  0.000000e+000
 1.250000e+002  5.436940e-001  0.000000e+000
 1.260000e+002  2.954053e-002  0.000000e+000
 1.270000e+002  5.208309e-001  0.000000e+000
 1.280000e+002  4.226564e-001  0.000000e+000
 1.290000e+002  3.343672e-001  0.000000e+000
 1.300000e+002  5.419363e-001  0.000000e+000
 1.310000e+002  2.876465e-001  0.000000e+000
 1.320000e+002  2.718344e-001  0.000000e+000
 1.330000e+002  3.364123e-001  0.000000e+000
 1.340000e+002  3.828895e-001  0.000000e+000
 1.350000e+002  2.086736e-001  0.000000e+000
 1.360000e+002  1.646888e-001  0.000000e+000
 1.370000e+002  3.639317e-001  0.000000e+000
 1.380000e+002  1.744786e-001  0.000000e+000
 1.390000e+002  2.972071e-001  0.000000e+000
 1.400000e+002  3.718191e-001  0.000000e+000
 1.410000e+002  2.438260e-001  0.000000e+000
 1.420000e+002  3.921826e-001  0.000000e+000
 1.430000e+002  3.158964e-001  0.000000e+000
 1.440000e+002  1.021539e-001  0.000000e+000
 1.450000e+002  5.688795e-001  0.000000e+000
 1.460000e+002  3.694105e-001  0.000000e+000
 1.470000e+002  4.584680e-001  0.000000e+000
 1.480000e+002  1.905981e-001  0.000000e+000
 1.490000e+002  3.148914e-001  0.000000e+000
 1.500000e+002  2.198417e-001  0.000000e+000
 1.510000e+002  3.608617e-002  0.000000e+000
 1.520000e+002  2.529942e-001  0.000000e+000
 1.530000e+002  3.317583e-001  0.000000e+000
 1.540000e+002  2.884179e-001  0.000000e+000
 1.550000e+002  1.995365e-001  0.000000e+000
 1.560000e+002  7.971928e-002  0.000000e+000
 1.570000e+002  1.110585e-001  0.000000e+000
 1.580000e+002  1.194579e-001  0.000000e+000
 1.590000e+002  3.961514e-002  0.000000e+000
 1.600000e+002  1.710155e-002  0.000000e+000
 1.610000e+002  3.307745e-003  0.000000e+000
 1.620000e+002  3.525728e-002  0.000000e+000
 1.630000e+002  4.327149e-002  0.000000e+000
 1.640000e+002  1.013941e-001  0.000000e+000
 1.650000e+002  1.197234e-001  0.000000e+000
 1.660000e+002  2.048219e-001  0.000000e+000
 1.670000e+002  3.060026e-001  0.000000e+000
 1.680000e+002  3.072762e-001  0.000000e+000
 1.690000e+002  3.181841e-001  0.000000e+000
 1.700000e+002  2.412040e-001  0.000000e+000
 1.710000e+002  2.185389e-001  0.000000e+000
 1.720000e+002  1.835741e-001  0.000000e+000
 1.730000e+002  2.330260e-001  0.000000e+000
 1.740000e+002  1.319696e-001  0.000000e+000
 1.750000e+002  1.209610e-001  0.000000e+000
 1.760000e+002  2.170110e-001  0.000000e+000
 1.770000e+002  1.891434e-001  0.000000e+000
 1.780000e+002  1.377435e-001  0.000000e+000
 1.790000e+002  3.628146e-001  0.000000e+000
 1.800000e+002  5.134210e-002  0.000000e+000
 1.810000e+002  2.970509e-001  0.000000e+000
 1.820000e+002  4.763871e-001  0.000000e+000
 1.830000e+002  3.797471e-001  0.000000e+000
 1.840000e+002  2.613490e-001  0.000000e+000
 1.850000e+002  3.123394e-001  0.000000e+000
 1.860000e+002  6.854112e-002  0.000000e+000
 1.870000e+002  4.624627e-001  0.000000e+000
 1.880000e+002  3.552927e-001  0.000000e+000
 1.890000e+002  3.815010e-001  0.000000e+000
 1.900000e+002  2.746035e-001  0.000000e+000
 1.910000e+002  2.601831e-001  0.000000e+000
 1.920000e+002  3.371334e-001  0.000000e+000
 1.930000e+002  3.620114e-001  0.000000e+000
 1.940000e+002  3.226252e-001  0.000000e+000
 1.950000e+002  5.042730e-001  0.000000e+000
 1.960000e+002  3.904682e-001  0.000000e+000
 1.970000e+002  2.721158e-001  0.000000e+000
 1.980000e+002  7.220499e-003  0.000000e+000
 1.990000e+002  5.084579e-002  0.000000e+000
 2.000000e+002  1.337713e-001  0.000000e+000
 2.010000e+002  2.150110e-001  0.000000e+000
 2.020000e+002  4.469142e-001  0.000000e+000
 2.030000e+002  3.490385e-001  0.000000e+000
 2.040000e+002  3.761782e-001  0.000000e+000
 2.050000e+002  2.235922e-001  0.000000e+000
 2.060000e+002  2.535107e-001  0.000000e+000
 2.070000e+002  2.895299e-001  0.000000e+000
 2.080000e+002  1.852959e-001  0.000000e+000
 2.090000e+002  2.777476e-001  0.000000e+000
 2.100000e+002  1.308132e-001  0.000000e+000
 2.110000e+002  3.591387e-001  0.000000e+000
 2.120000e+002  3.272831e-001  0.000000e+000
 2.130000e+002  4.372210e-001  0.000000e+000
 2.140000e+002  2.666907e-001  0.000000e+000
 2.150000e+002  1.820172e-001  0.000000e+000
 2.160000e+002  6.933027e-003  0.000000e+000
 2.170000e+002  5.471001e-002  0.000000e+000
 2.180000e+002  1.703363e-001  0.000000e+000
 2.190000e+002  6.129818e-002  0.000000e+000
 2.200000e+002  2.773320e-001  0.000000e+000
 2.210000e+002  2.452119e-001  0.000000e+000
 2.220000e+002  5.145098e-003  0.000000e+000
 2.230000e+002  1.846662e-001  0.000000e+000
 2.240000e+002  2.077246e-001  0.000000e+000
 2.250000e+002  1.693044e-001  0.000000e+000
 2.260000e+002  3.681653e-001  0.000000e+000
 2.270000e+002  5.527393e-001  0.000000e+000
 2.280000e+002  1.408126e-001  0.000000e+000
 2.290000e+002  3.245399e-001  0.000000e+000
 2.300000e+002  2.483487e-001  0.000000e+000
 2.310000e+002  7.663555e-002  0.000000e+000
 2.320000e+002  2.254131e-001  0.000000e+000
 2.330000e+002  9.153395e-002  0.000000e+000
 2.340000e+002  1.543895e-002  0.000000e+000
 2.350000e+002  6.191126e-002  0.000000e+000
 2.360000e+002  2.634926e-001  0.000000e+000
 2.370000e+002  2.071697e-001  0.000000e+000
 2.380000e+002  1.010616e-001  0.000000e+000
 2.390000e+002  2.520596e-002  0.000000e+000
 2.400000e+002  1.649405e-003  0.000000e+000
 2.410000e+002  2.258205e-001  0.000000e+000
 2.420000e+002  1.633982e-001  0.000000e+000
 2.430000e+002  2.461803e-001  0.000000e+000
 2.440000e+002  1.720981e-001  0.000000e+000
 2.450000e+002  1.041856e-001  0.000000e+000
 2.460000e+002  3.955168e-002  0.000000e+000
 2.470000e+002  1.743363e-001  0.000000e+000
 2.480000e+002  9.754229e-002  0.000000e+000
 2.490000e+002  2.067452e-001  0.000000e+000
 2.500000e+002  2.446784e-001  0.000000e+000
 2.510000e+002  1.441875e-002  0.000000e+000
 2.520000e+002  5.610421e-002  0.000000e+000
 2.530000e+002  2.355190e-002  0.000000e+000
 2.540000e+002  1.706351e-002  0.000000e+000
 2.550000e+002  1.904451e-001  0.000000e+000
 2.560000e+002  5.956538e-002  0.000000e+000
 2.570000e+002  1.654004e-001  0.000000e+000
 2.580000e+002  4.409084e-002  0.000000e+000
 2.590000e+002  1.701491e-001  0.000000e+000
 2.600000e+002  1.858886e-001  0.000000e+000
 2.610000e+002  6.712304e-002  0.000000e+000
 2.620000e+002  3.249752e-002  0.000000e+000
 2.630000e+002  2.564521e-001  0.000000e+000
 2.640000e+002  6.077956e-003  0.000000e+000
 2.650000e+002  4.571252e-002  0.000000e+000
 2.660000e+002  1.272618e-001  0.000000e+000
 2.670000e+002  9.095205e-002  0.000000e+000
 2.680000e+002  4.767380e-002  0.000000e+000
 2.690000e+002  5.000068e-002  0.000000e+000
 2.700000e+002  2.772175e-002  0.000000e+000
 2.710000e+002  1.198100e-002  0.000000e+000
 2.720000e+002  4.932139e-002  0.000000e+000
 2.730000e+002  1.068952e-001  0.000000e+000
 2.740000e+002  9.019248e-002  0.000000e+000
 2.750000e+002  2.116072e-001  0.000000e+000
 2.760000e+002  4.752638e-002  0.000000e+000
 2.770000e+002  4.551386e-003  0.000000e+000
 2.780000e+002  1.380727e-002  0.000000e+000
 2.790000e+002  1.379379e-002  0.000000e+000
 2.800000e+002  1.132268e-002  0.000000e+000
 2.810000e+002  2.435979e-002  0.000000e+000
 2.820000e+002  1.919631e-002  0.000000e+000
 2.830000e+002  2.631624e-003  0.000000e+000
 2.840000e+002  1.046336e-001  0.000000e+000
 2.850000e+002  3.410758e-002  0.000000e+000
 2.860000e+002  2.332609e-002  0.000000e+000
 2.870000e+002  3.574282e-002  0.000000e+000
 2.880000e+002  1.360474e-001  0.000000e+000
 2.890000e+002  3.838023e-002  0.000000e+000
 2.900000e+002  5.709524e-002  0.000000e+000
 2.910000e+002  8.860531e-002  0.000000e+000
 2.920000e+002  3.087795e-002  0.000000e+000
 2.930000e+002  1.826280e-002  0.000000e+000
 2.940000e+002  4.086993e-004  0.000000e+000
 2.950000e+002  1.180176e-002  0.000000e+000
 2.960000e+002  7.716697e-002  0.000000e+000
 2.970000e+002  2.944909e-002  0.000000e+000
 2.980000e+002  4.434463e-002  0.000000e+000
 2.990000e+002  2.306871e-003  0.000000e+000
 3.000000e+002  3.533367e-002  0.000000e+000
 3.010000e+002  1.695088e-003  0.000000e+000
 3.020000e+002  9.650235e-003  0.000000e+000
 3.030000e+002  7.386129e-002  0.000000e+000
 3.040000e+002  1.575882e-002  0.000000e+000
 3.050000e+002  9.107670e-003  0.000000e+000
 3.060000e+002  3.045118e-002  0.000000e+000
 3.070000e+002  1.469251e-002  0.000000e+000
 3.080000e+002  3.924422e-002  0.000000e+000
 3.090000e+002  1.988951e-002  0.000000e+000
 3.100000e+002  3.624257e-002  0.000000e+000
 3.110000e+002  6.214378e-002  0.000000e+000
 3.120000e+002  5.291654e-002  0.000000e+000
 3.130000e+002  9.772031e-002  0.000000e+000
 3.140000e+002  2.622073e-002  0.000000e+000
 3.150000e+002  2.690283e-002  0.000000e+000
 3.160000e+002  1.208213e-001  0.000000e+000
 3.170000e+002  4.884959e-002  0.000000e+000
 3.180000e+002  6.184223e-002  0.000000e+000
 3.190000e+002  1.354526e-001  0.000000e+000
 3.200000e+002  4.338554e-002  0.000000e+000
 3.210000e+002  5.049264e-002  0.000000e+000
 3.220000e+002  4.848026e-002  0.000000e+000
 3.230000e+002  4.578573e-002  0.000000e+000
 3.240000e+002  6.168384e-002  0.000000e+000
 3.250000e+002  8.716205e-002  0.000000e+000
 3.260000e+002  1.503046e-001  0.000000e+000
 3.270000e+002  4.130459e-003  0.000000e+000
 3.280000e+002  2.978692e-002  0.000000e+000
 3.290000e+002  1.068742e-001  0.000000e+000
 3.300000e+002  2.091427e-002  0.000000e+000
 3.310000e+002  7.772668e-003  0.000000e+000
 3.320000e+002  1.012754e-001  0.000000e+000
 3.330000e+002  3.072899e-002  0.000000e+000
 3.340000e+002  1.064849e-001  0.000000e+000
 3.350000e+002  6.601986e-003  0.000000e+000
 3.360000e+002  2.336306e-001  0.000000e+000
 3.370000e+002  1.720882e-001  0.000000e+000
 3.380000e+002  3.269438e-002  0.000000e+000
 3.390000e+002  1.679970e-001  0.000000e+000
 3.400000e+002  2.152243e-002  0.000000e+000
 3.410000e+002  4.017375e-002  0.000000e+000
 3.420000e+002  2.773475e-002  0.000000e+000
 3.430000e+002  6.863492e-002  0.000000e+000
 3.440000e+002  1.916826e-003  0.000000e+000
 3.450000e+002  2.001757e-001  0.000000e+000
 3.460000e+002  1.475106e-001  0.000000e+000
 3.470000e+002  2.720703e-002  0.000000e+000
 3.480000e+002  5.564911e-003  0.000000e+000
 3.490000e+002  1.146520e-001  0.000000e+000
 3.500000e+002  2.563405e-002  0.000000e+000
 3.510000e+002  7.140640e-002  0.000000e+000
 3.520000e+002  1.408036e-002  0.000000e+000
 3.530000e+002  2.666478e-002  0.000000e+000
 3.540000e+002  1.080800e-003  0.000000e+000
 3.550000e+002  7.343895e-002  0.000000e+000
 3.560000e+002  1.083976e-001  0.000000e+000
 3.570000e+002  1.186451e-001  0.000000e+000
 3.580000e+002  1.286355e-001  0.000000e+000
 3.590000e+002  2.150149e-001  0.000000e+000
 3.600000e+002  5.032594e-002  0.000000e+000
 3.610000e+002  4.693680e-002  0.000000e+000
 3.620000e+002  6.437831e-002  0.000000e+000
 3.630000e+002  1.745551e-002  0.000000e+000
 3.640000e+002  1.388727e-001  0.000000e+000
 3.650000e+002  1.631072e-001  0.000000e+000
 3.660000e+002  2.206156e-003  0.000000e+000
 3.670000e+002  9.588522e-002  0.000000e+000
 3.680000e+002  1.235635e-001  0.000000e+000
 3.690000e+002  4.105950e-003  0.000000e+000
 3.700000e+002  2.579444e-001  0.000000e+000
 3.710000e+002  9.390303e-002  0.000000e+000
 3.720000e+002  2.514221e-001  0.000000e+000
 3.730000e+002  2.683684e-001  0.000000e+000
 3.740000e+002  9.957969e-002  0.000000e+000
 3.750000e+002  9.942292e-002  0.000000e+000
 3.760000e+002  1.362534e-001  0.000000e+000
 3.770000e+002  5.461641e-002  0.000000e+000
 3.780000e+002  1.144453e-001  0.000000e+000
 3.790000e+002  4.704762e-002  0.000000e+000
 3.800000e+002  3.393214e-001  0.000000e+000
 3.810000e+002  7.967321e-003  0.000000e+000
 3.820000e+002  5.737233e-002  0.000000e+000
 3.830000e+002  2.337806e-001  0.000000e+000
 3.840000e+002  2.233311e-001  0.000000e+000
 3.850000e+002  3.358847e-001  0.000000e+000
 3.860000e+002  4.036396e-002  0.000000e+000
 3.870000e+002  2.619848e-001  0.000000e+000
 3.880000e+002  2.342808e-001  0.000000e+000
 3.890000e+002  7.119831e-002  0.000000e+000
 3.900000e+002  1.015209e-001  0.000000e+000
 3.910000e+002  5.210878e-003  0.000000e+000
 3.920000e+002  1.249622e-001  0.000000e+000
 3.930000e+002  1.282641e-001  0.000000e+000
 3.940000e+002  8.311161e-002  0.000000e+000
 3.950000e+002  1.752452e-001  0.000000e+000
 3.960000e+002  2.247674e-001  0.000000e+000
 3.970000e+002  5.252526e-002  0.000000e+000
 3.980000e+002  2.076151e-001  0.000000e+000
 3.990000e+002  3.462010e-001  0.000000e+000
 4.000000e+002  6.177011e-002  0.000000e+000
 4.010000e+002  1.267721e-001  0.000000e+000
 4.020000e+002  3.035313e-002  0.000000e+000
 4.030000e+002  2.143402e-003  0.000000e+000
 4.040000e+002  6.898528e-002  0.000000e+000
 4.050000e+002  7.682319e-002  0.000000e+000
 4.060000e+002  1.772598e-001  0.000000e+000
 4.070000e+002  5.171261e-002  0.000000e+000
 4.080000e+002  6.560078e-002  0.000000e+000
 4.090000e+002  7.079959e-002  0.000000e+000
 4.100000e+002  2.266178e-001  0.000000e+000
 4.110000e+002  1.817175e-001  0.000000e+000
 4.120000e+002  1.059328e-001  0.000000e+000
 4.130000e+002  5.964483e-002  0.000000e+000
 4.140000e+002  2.914055e-002  0.000000e+000
 4.150000e+002  1.190903e-002  0.000000e+000
 4.160000e+002  2.603112e-001  0.000000e+000
 4.170000e+002  3.558796e-002  0.000000e+000
 4.180000e+002  5.792735e-002  0.000000e+000
 4.190000e+002  4.733676e-002  0.000000e+000
 4.200000e+002  1.640453e-001  0.000000e+000
 4.210000e+002  5.570966e-002  0.000000e+000
 4.220000e+002  8.647473e-002  0.000000e+000
 4.230000e+002  5.961509e-002  0.000000e+000
 4.240000e+002  4.334157e-002  0.000000e+000
 4.250000e+002  2.695855e-002  0.000000e+000
 4.260000e+002  1.134214e-002  0.000000e+000
 4.270000e+002  1.081891e-002  0.000000e+000
 4.280000e+002  1.873461e-002  0.000000e+000
 4.290000e+002  1.215506e-001  0.000000e+000
 4.300000e+002  1.458489e-002  0.000000e+000
 4.310000e+002  2.645971e-002  0.000000e+000
 4.320000e+002  6.519277e-002  0.000000e+000
 4.330000e+002  5.212880e-002  0.000000e+000
 4.340000e+002  9.287314e-003  0.000000e+000
 4.350000e+002  4.719970e-002  0.000000e+000
 4.360000e+002  1.409609e-001  0.000000e+000
 4.370000e+002  2.004992e-001  0.000000e+000
 4.380000e+002  1.266673e-001  0.000000e+000
 4.390000e+002  4.683018e-002  0.000000e+000
 4.400000e+002  1.240784e-001  0.000000e+000
 4.410000e+002  2.602199e-002  0.000000e+000
 4.420000e+002  2.281162e-002  0.000000e+000
 4.430000e+002  3.493024e-002  0.000000e+000
 4.440000e+002  7.419690e-002  0.000000e+000
 4.450000e+002  1.453483e-002  0.000000e+000
 4.460000e+002  4.230390e-002  0.000000e+000
 4.470000e+002  2.459051e-002  0.000000e+000
 4.480000e+002  5.093226e-002  0.000000e+000
 4.490000e+002  4.577938e-002  0.000000e+000
 4.500000e+002  9.258334e-002  0.000000e+000
 4.510000e+002  4.479642e-002  0.000000e+000
 4.520000e+002  1.747661e-001  0.000000e+000
 4.530000e+002  5.153470e-004  0.000000e+000
 4.540000e+002  6.065333e-002  0.000000e+000
 4.550000e+002  6.210954e-002  0.000000e+000
 4.560000e+002  6.410284e-002  0.000000e+000
 4.570000e+002  1.396600e-002  0.000000e+000
 4.580000e+002  5.062231e-002  0.000000e+000
 4.590000e+002  1.112435e-003  0.000000e+000
 4.600000e+002  7.465193e-003  0.000000e+000
 4.610000e+002  8.399180e-002  0.000000e+000
 4.620000e+002  6.668007e-002  0.000000e+000
 4.630000e+002  2.516120e-001  0.000000e+000
 4.640000e+002  2.793998e-002  0.000000e+000
 4.650000e+002  6.416107e-002  0.000000e+000
 4.660000e+002  2.637279e-002  0.000000e+000
 4.670000e+002  4.692368e-002  0.000000e+000
 4.680000e+002  5.016142e-002  0.000000e+000
 4.690000e+002  4.241540e-002  0.000000e+000
 4.700000e+002  3.150450e-002  0.000000e+000
 4.710000e+002  1.125484e-001  0.000000e+000
 4.720000e+002  1.923492e-002  0.000000e+000
 4.730000e+002  7.822210e-002  0.000000e+000
 4.740000e+002  5.152877e-002  0.000000e+000
 4.750000e+002  7.381645e-003  0.000000e+000
 4.760000e+002  6.599183e-002  0.000000e+000
 4.770000e+002  1.100890e-001  0.000000e+000
 4.780000e+002  9.516938e-002  0.000000e+000
 4.790000e+002  8.735031e-002  0.000000e+000
 4.800000e+002  7.928810e-002  0.000000e+000
 4.810000e+002  3.020004e-002  0.000000e+000
 4.820000e+002  9.640080e-003  0.000000e+000
 4.830000e+002  7.517879e-002  0.000000e+000
 4.840000e+002  1.727236e-001  0.000000e+000
 4.850000e+002  1.755784e-002  0.000000e+000
 4.860000e+002  1.139198e-001  0.000000e+000
 4.870000e+002  4.058251e-002  0.000000e+000
 4.880000e+002  1.603191e-001  0.000000e+000
 4.890000e+002  1.395711e-001  0.000000e+000
 4.900000e+002  1.654850e-001  0.000000e+000
 4.910000e+002  1.714263e-001  0.000000e+000
 4.920000e+002  8.120794e-003  0.000000e+000
 4.930000e+002  4.418339e-002  0.000000e+000
 4.940000e+002  6.446143e-003  0.000000e+000
 4.950000e+002  2.514129e-002  0.000000e+000
 4.960000e+002  7.608204e-002  0.000000e+000
 4.970000e+002  7.125623e-002  0.000000e+000
 4.980000e+002  5.158728e-003  0.000000e+000
 4.990000e+002  2.471419e-003  0.000000e+000
 5.000000e+002  5.574536e-002  0.000000e+000
 5.010000e+002  4.827305e-002  0.000000e+000
 5.020000e+002  5.371554e-002  0.000000e+000
 5.030000e+002  4.898097e-002  0.000000e+000
 5.040000e+002  1.125413e-001  0.000000e+000
 5.050000e+002  1.798807e-002  0.000000e+000
 5.060000e+002  1.104663e-001  0.000000e+000
 5.070000e+002  3.832686e-002  0.000000e+000
 5.080000e+002  6.087108e-004  0.000000e+000
 5.090000e+002  1.629299e-001  0.000000e+000
 5.100000e+002  1.349342e-001  0.000000e+000
 5.110000e+002  8.166017e-002  0.000000e+000
 5.120000e+002  8.649311e-003  0.000000e+000
