 0.000000e+000  3.667297e-007  0.000000e+000
 1.000000e+000 -9.369300e-007 -1.257054e-006
 2.000000e+000 -1.282160e-006 -8.918123e-007
 3.000000e+000 -1.857246e-006 -2.809841e-007
 4.000000e+000 -1.179728e-006 -3.210063e-007
 5.000000e+000 -1.772619e-006 -7.088739e-007
 6.000000e+000 -1.725398e-006  5.518698e-007
 7.000000e+000 -1.360596e-006 -2.641371e-007
 8.000000e+000 -1.718223e-006 -5.282651e-007
 9.000000e+000  5.540771e-008  5.915596e-006
 1.000000e+001 -1.426944e-006  5.563343e-009
 1.100000e+001 -1.529421e-006  3.889566e-008
 1.200000e+001 -1.913686e-006 -1.222115e-008
 1.300000e+001 -1.927043e-006  1.079939e-007
 1.400000e+001 -1.909243e-006 -7.485103e-008
 1.500000e+001 -1.197716e-006  9.612386e-007
 1.600000e+001 -2.412668e-006  4.666073e-007
 1.700000e+001 -2.147774e-006  7.369336e-007
 1.800000e+001 -4.136612e-006 -1.956756e-006
 1.900000e+001 -4.320502e-006  2.641831e-007
 2.000000e+001 -5.742525e-006  4.349443e-007
 2.100000e+001 -1.016124e-005  1.944053e-006
 2.200000e+001 -9.367924e-007  2.485492e-004
 2.300000e+001  1.010162e-005 -1.733590e-006
 2.400000e+001  4.363540e-006 -9.646744e-007
 2.500000e+001  2.569226e-006 -6.046314e-007
 2.600000e+001  1.279302e-006 -5.548273e-007
 2.700000e+001  3.442116e-006 -4.437689e-006
 2.800000e+001  1.320148e-006 -5.521844e-007
 2.900000e+001  9.922045e-007 -5.250177e-007
 3.000000e+001  6.477560e-007 -4.812896e-007
 3.100000e+001  5.102476e-007 -3.202868e-007
 3.200000e+001  3.065775e-007 -4.043588e-007
 3.300000e+001  2.407075e-007 -3.714250e-007
 3.400000e+001  2.364218e-007 -2.706621e-007
 3.500000e+001  1.349583e-007 -3.656318e-009
 3.600000e+001 -4.334660e-007 -1.588790e-006
 3.700000e+001 -5.643223e-008 -4.612529e-007
 3.800000e+001 -1.553756e-007 -3.768914e-007
 3.900000e+001 -3.054507e-007 -5.728638e-007
 4.000000e+001 -2.817770e-007 -2.568601e-007
 4.100000e+001 -1.631830e-007 -3.071108e-007
 4.200000e+001 -2.391295e-007 -3.154843e-007
 4.300000e+001 -2.470320e-007 -3.240680e-007
 4.400000e+001 -2.268887e-007  3.855477e-009
 4.500000e+001 -3.742930e-007 -7.664216e-007
 4.600000e+001 -4.337921e-007 -3.817906e-007
 4.700000e+001 -3.486568e-007 -3.351675e-007
 4.800000e+001 -5.517882e-007 -3.285620e-007
 4.900000e+001 -6.220411e-007 -3.566581e-007
 5.000000e+001 -4.769444e-007 -2.862552e-007
 5.100000e+001 -6.155722e-007 -1.047217e-007
 5.200000e+001 -6.537684e-007 -1.831043e-007
 5.300000e+001 -7.200683e-007  2.245480e-007
 5.400000e+001 -2.515615e-007 -1.620877e-006
 5.500000e+001 -6.522152e-007 -6.250002e-007
 5.600000e+001 -7.493671e-007 -4.253518e-007
 5.700000e+001 -1.146047e-006 -3.100774e-007
 5.800000e+001 -8.972017e-007 -2.970871e-007
 5.900000e+001 -9.581766e-007 -3.265846e-007
 6.000000e+001 -8.623893e-007 -3.871953e-007
 6.100000e+001 -1.035154e-006 -2.564874e-007
 6.200000e+001 -1.097065e-006 -2.113271e-007
 6.300000e+001 -2.014048e-006 -2.408767e-007
 6.400000e+001 -1.614223e-006 -2.700062e-007
 6.500000e+001 -1.684318e-006 -9.129860e-008
 6.600000e+001 -1.757373e-006 -2.741660e-007
 6.700000e+001 -2.044497e-006 -1.478897e-007
 6.800000e+001 -2.612415e-006 -7.507117e-008
 6.900000e+001 -3.824239e-006 -1.578229e-007
 7.000000e+001 -4.025632e-006  3.034732e-007
 7.100000e+001 -6.299807e-006  7.861360e-007
 7.200000e+001 -1.305527e-005  7.875207e-006
 7.300000e+001  1.160767e-005  8.317390e-006
 7.400000e+001  5.144327e-006  1.664025e-006
 7.500000e+001  3.120090e-006  1.049285e-006
 7.600000e+001  1.935750e-006  7.281649e-007
 7.700000e+001  1.711982e-006  5.425084e-007
 7.800000e+001  1.272637e-006  4.890023e-007
 7.900000e+001  1.031395e-006  4.984430e-007
 8.000000e+001  1.165287e-006  8.597077e-007
 8.100000e+001  1.951363e-006  4.773788e-006
 8.200000e+001  4.542894e-007  2.805173e-007
 8.300000e+001  4.271267e-007  2.175739e-007
 8.400000e+001  4.687046e-007  2.851267e-007
 8.500000e+001  3.848406e-007  2.553993e-007
 8.600000e+001  1.792171e-007  3.295998e-007
 8.700000e+001 -7.168156e-008  2.616886e-007
 8.800000e+001 -4.537072e-007  5.227169e-007
 8.900000e+001 -1.579527e-006  1.444476e-006
 9.000000e+001  2.231264e-006  5.984448e-006
 9.100000e+001  2.544212e-006  1.095285e-006
 9.200000e+001  2.030855e-006  3.937684e-007
 9.300000e+001  2.377791e-006 -4.188670e-007
 9.400000e+001  1.347354e-006  9.138551e-008
 9.500000e+001  1.327857e-006 -1.277244e-007
 9.600000e+001  1.138714e-006 -5.428654e-008
 9.700000e+001  1.058518e-006 -2.892612e-007
 9.800000e+001  9.220517e-007 -5.380763e-007
 9.900000e+001  8.653095e-007  3.796305e-007
 1.000000e+002  9.915336e-007  1.503561e-008
 1.010000e+002  9.017118e-007 -1.733181e-007
 1.020000e+002  8.689780e-007 -2.112996e-007
 1.030000e+002  8.282503e-007 -2.688108e-007
 1.040000e+002  7.383177e-007 -1.859226e-007
 1.050000e+002  6.642479e-007 -3.924320e-007
 1.060000e+002  5.616312e-007 -4.704220e-007
 1.070000e+002  1.767547e-007 -1.041636e-006
 1.080000e+002  1.247539e-006  7.693240e-007
 1.090000e+002  7.469105e-007  4.187788e-008
 1.100000e+002  6.532233e-007 -4.394743e-008
 1.110000e+002  7.315285e-007 -3.387247e-007
 1.120000e+002  5.608775e-007 -9.546233e-008
 1.130000e+002  4.660379e-007 -1.471292e-007
 1.140000e+002  3.293690e-007 -1.663260e-007
 1.150000e+002  4.270712e-007 -1.839111e-007
 1.160000e+002  2.966825e-008 -2.534014e-007
 1.170000e+002  5.331202e-007  3.789004e-007
 1.180000e+002  7.004374e-007 -2.463725e-008
 1.190000e+002  4.694636e-007 -1.076030e-007
 1.200000e+002  5.912487e-007 -1.891424e-007
 1.210000e+002  5.288443e-007 -7.963985e-008
 1.220000e+002  4.545667e-007 -8.630510e-008
 1.230000e+002  2.955685e-007 -3.055901e-007
 1.240000e+002  3.612721e-007 -1.085251e-007
 1.250000e+002  3.114746e-007  1.095654e-007
 1.260000e+002  5.995055e-007 -3.688835e-007
 1.270000e+002  5.194085e-007 -2.772575e-007
 1.280000e+002  4.788406e-007 -2.057218e-007
 1.290000e+002  4.881093e-007 -1.714113e-007
 1.300000e+002  5.273969e-007 -1.947692e-007
 1.310000e+002  4.548108e-007 -7.828821e-008
 1.320000e+002  5.059445e-007 -1.597992e-007
 1.330000e+002  4.459069e-007 -1.511585e-007
 1.340000e+002  5.899891e-007 -8.635310e-008
 1.350000e+002 -1.387659e-006 -1.203506e-006
 1.360000e+002  2.398807e-007 -1.836955e-007
 1.370000e+002  3.446718e-007 -2.008233e-007
 1.380000e+002  3.597760e-007 -1.968327e-007
 1.390000e+002  3.569663e-007 -1.704327e-007
 1.400000e+002  2.648231e-007 -1.299463e-007
 1.410000e+002  2.568418e-007 -1.645296e-007
 1.420000e+002  2.764264e-007 -8.854072e-008
 1.430000e+002  2.657848e-007 -1.195789e-007
 1.440000e+002  3.662372e-007 -1.556587e-007
 1.450000e+002  4.353886e-007 -1.869334e-007
 1.460000e+002  4.550587e-007 -3.376920e-008
 1.470000e+002 -6.827308e-007 -1.444776e-006
 1.480000e+002  2.736618e-007 -1.985230e-007
 1.490000e+002  3.660710e-007 -1.529898e-007
 1.500000e+002  4.017173e-007 -7.093695e-008
 1.510000e+002  4.355966e-007 -1.667220e-007
 1.520000e+002  8.372361e-007 -2.312640e-007
 1.530000e+002  1.270352e-007 -1.605347e-007
 1.540000e+002  2.376793e-007 -9.009244e-008
 1.550000e+002  2.269707e-007 -1.098680e-007
 1.560000e+002  1.856244e-007 -9.543646e-008
 1.570000e+002  2.875040e-007 -9.724628e-008
 1.580000e+002  2.807145e-007 -8.558950e-008
 1.590000e+002  1.648279e-007 -2.156850e-007
 1.600000e+002  3.075859e-007 -1.135859e-007
 1.610000e+002  1.662748e-007 -1.191584e-007
 1.620000e+002  2.342654e-007 -1.424603e-007
 1.630000e+002  2.867673e-007 -2.785852e-008
 1.640000e+002  3.878525e-007 -4.709929e-008
 1.650000e+002  2.878675e-007 -7.105771e-008
 1.660000e+002  2.496336e-007 -2.108946e-008
 1.670000e+002  2.661936e-007 -1.344002e-007
 1.680000e+002  2.109058e-007 -1.263506e-007
 1.690000e+002  2.751888e-007 -2.280805e-008
 1.700000e+002  1.023243e-007 -2.572889e-007
 1.710000e+002  5.334783e-007  1.912208e-008
 1.720000e+002  2.888415e-007  1.125854e-008
 1.730000e+002  2.754960e-007 -5.182644e-008
 1.740000e+002  3.378366e-007 -5.244981e-008
 1.750000e+002  2.874449e-007 -4.816100e-008
 1.760000e+002  3.051130e-007 -1.094526e-007
 1.770000e+002 -8.297069e-008 -1.100702e-007
 1.780000e+002  2.941155e-007 -1.011120e-007
 1.790000e+002  2.868379e-007 -1.576538e-007
 1.800000e+002  4.329584e-007 -3.486394e-008
 1.810000e+002  2.814173e-007 -5.362225e-008
 1.820000e+002  1.720805e-007 -3.001994e-008
 1.830000e+002  3.005131e-008 -2.028080e-007
 1.840000e+002  2.503624e-007 -1.268197e-008
 1.850000e+002  2.887431e-007  4.965764e-008
 1.860000e+002  2.477338e-007  1.170748e-008
 1.870000e+002  2.632298e-007 -2.322800e-008
 1.880000e+002  2.274053e-007 -1.434542e-007
 1.890000e+002  4.172305e-007  1.419771e-007
 1.900000e+002  2.862349e-007  7.254863e-008
 1.910000e+002  2.944756e-007  4.623029e-008
 1.920000e+002  2.430013e-007 -8.244374e-008
 1.930000e+002  2.445642e-007 -2.634985e-008
 1.940000e+002  3.080163e-007  1.620463e-007
 1.950000e+002  1.065558e-007 -1.025566e-007
 1.960000e+002  2.790962e-007 -1.201740e-007
 1.970000e+002  2.107031e-007  9.235185e-008
 1.980000e+002  2.657470e-007  7.272702e-008
 1.990000e+002  3.139986e-007  3.067706e-008
 2.000000e+002  2.088760e-007  1.072601e-007
 2.010000e+002  1.358007e-008 -7.170921e-007
 2.020000e+002  2.450196e-007 -5.653688e-008
 2.030000e+002  1.956038e-007  1.829975e-008
 2.040000e+002  2.191433e-007  5.295291e-008
 2.050000e+002  2.963729e-007 -2.213177e-008
 2.060000e+002  1.789348e-007  9.940489e-008
 2.070000e+002  1.648056e-007 -1.236580e-007
 2.080000e+002  2.803098e-007 -7.359737e-008
 2.090000e+002  2.826053e-007 -5.356677e-008
 2.100000e+002  2.091158e-007 -2.164453e-008
 2.110000e+002  2.528239e-007 -6.356368e-008
 2.120000e+002  3.222230e-007  6.951732e-008
 2.130000e+002 -4.580498e-007  5.790769e-007
 2.140000e+002  2.316544e-007  1.448902e-007
 2.150000e+002  1.812434e-007  1.400111e-007
 2.160000e+002  1.837868e-007 -9.741421e-008
 2.170000e+002  8.251636e-008  2.091035e-008
 2.180000e+002  7.387757e-008  8.896800e-008
 2.190000e+002  2.332461e-007  8.959357e-008
 2.200000e+002  2.478551e-007 -3.854603e-008
 2.210000e+002  1.936868e-007  6.665420e-008
 2.220000e+002  2.171015e-007  1.138228e-007
 2.230000e+002  2.422929e-007  3.229887e-008
 2.240000e+002  1.493992e-007 -5.932259e-008
 2.250000e+002  9.434558e-008  1.664168e-007
 2.260000e+002  2.231535e-007  4.105928e-008
 2.270000e+002  2.269839e-007 -5.777535e-008
 2.280000e+002  2.658333e-007  7.956134e-008
 2.290000e+002  1.857815e-007  1.167688e-007
 2.300000e+002  1.260269e-007 -3.943739e-008
 2.310000e+002  5.830976e-007  8.059815e-007
 2.320000e+002  3.058532e-007  1.499969e-007
 2.330000e+002  1.485387e-007  1.059483e-007
 2.340000e+002  2.233394e-007  3.730966e-008
 2.350000e+002  2.398250e-007  1.556129e-007
 2.360000e+002  2.126417e-007  7.549849e-008
 2.370000e+002  1.246690e-007  1.654418e-008
 2.380000e+002  1.571876e-007  6.817262e-008
 2.390000e+002  1.799943e-007  5.886506e-008
 2.400000e+002  4.130781e-007  2.324258e-007
 2.410000e+002  1.457101e-007  1.671393e-008
 2.420000e+002  6.709729e-008  5.931873e-008
 2.430000e+002  7.472220e-007 -1.193746e-006
 2.440000e+002  2.321620e-007  3.954965e-008
 2.450000e+002  2.481116e-007 -2.712994e-008
 2.460000e+002  3.131802e-007  4.637792e-008
 2.470000e+002  1.603469e-007 -1.244835e-007
 2.480000e+002  4.721859e-007 -7.001123e-008
 2.490000e+002 -1.790538e-007  3.401543e-007
 2.500000e+002 -1.320506e-007 -3.533148e-008
 2.510000e+002 -2.098412e-008  7.687207e-008
 2.520000e+002  8.613662e-008  5.749451e-008
 2.530000e+002 -8.807792e-009  9.504309e-008
 2.540000e+002  1.021558e-007 -7.514196e-008
 2.550000e+002  4.976229e-007  6.924716e-007
 2.560000e+002  1.335176e-007  1.145862e-007
 2.570000e+002  2.979990e-007  1.219178e-007
 2.580000e+002  1.725653e-007  1.628076e-007
 2.590000e+002  7.268972e-008  1.162564e-007
 2.600000e+002  1.407332e-007  3.245559e-008
 2.610000e+002  1.643814e-007  2.693671e-007
 2.620000e+002  1.747301e-007  9.630821e-008
 2.630000e+002  1.451521e-007 -3.860911e-009
 2.640000e+002  1.154156e-007  5.463523e-008
 2.650000e+002  1.716187e-007 -7.807171e-009
 2.660000e+002  1.140511e-007 -5.445544e-008
 2.670000e+002 -1.810549e-008  6.750394e-007
 2.680000e+002  1.374029e-007  1.393121e-007
 2.690000e+002  1.299512e-007  4.361031e-008
 2.700000e+002  2.721125e-007  2.039533e-007
 2.710000e+002  1.795089e-007  9.711339e-008
 2.720000e+002  1.411431e-008  5.818631e-008
 2.730000e+002  8.714172e-008  2.612170e-008
 2.740000e+002 -3.010336e-008  4.150156e-008
 2.750000e+002  1.521218e-007  1.950066e-008
 2.760000e+002  1.380498e-007  8.311241e-008
 2.770000e+002  5.387561e-008  9.444146e-008
 2.780000e+002  1.197226e-007  4.490383e-008
 2.790000e+002  1.341557e-009  1.000943e-007
 2.800000e+002  6.146380e-008  1.045299e-007
 2.810000e+002  2.415830e-007  1.418475e-007
 2.820000e+002  6.097271e-008  1.145777e-007
 2.830000e+002 -1.486386e-007  5.096835e-008
 2.840000e+002  1.075065e-007 -9.115492e-008
 2.850000e+002 -1.021436e-007 -1.906475e-007
 2.860000e+002 -4.297217e-010  1.184277e-007
 2.870000e+002  2.654027e-008 -1.349423e-007
 2.880000e+002 -2.207504e-008 -1.942706e-007
 2.890000e+002 -8.024968e-008 -1.208088e-007
 2.900000e+002 -1.466249e-007 -1.742149e-007
 2.910000e+002 -2.199332e-007 -2.660824e-007
 2.920000e+002 -2.482218e-007  2.007097e-008
 2.930000e+002  1.875434e-008 -4.641475e-007
 2.940000e+002 -1.227427e-007 -8.473852e-008
 2.950000e+002 -2.884666e-007 -8.045725e-009
 2.960000e+002 -1.624281e-007  1.794079e-007
 2.970000e+002  1.011124e-006 -4.811882e-008
 2.980000e+002  1.440153e-007 -1.321456e-008
 2.990000e+002 -3.693260e-007  3.386139e-007
 3.000000e+002  2.881917e-008  7.849596e-008
 3.010000e+002 -1.621641e-007  4.046320e-008
 3.020000e+002 -3.417807e-008  2.897120e-007
 3.030000e+002  5.870650e-008  3.408420e-007
 3.040000e+002  8.034217e-008  6.832578e-008
 3.050000e+002  1.305355e-008 -5.481915e-008
 3.060000e+002  7.738360e-008 -2.920174e-008
 3.070000e+002  1.131409e-007 -2.171910e-008
 3.080000e+002  9.060375e-008  6.797806e-008
 3.090000e+002 -2.985841e-007 -2.370787e-007
 3.100000e+002 -2.927670e-008 -7.094313e-008
 3.110000e+002  9.441098e-008 -4.542101e-008
 3.120000e+002  4.240047e-009 -1.161243e-008
 3.130000e+002  1.538471e-008  2.181120e-008
 3.140000e+002  7.959382e-008 -6.028504e-008
 3.150000e+002  9.388479e-008  2.580792e-008
 3.160000e+002 -6.341877e-008 -1.183582e-008
 3.170000e+002 -1.073254e-007  3.131098e-008
 3.180000e+002 -2.564029e-007  9.183156e-008
 3.190000e+002 -4.289984e-008  3.015906e-008
 3.200000e+002 -1.825332e-007  1.332773e-007
 3.210000e+002  1.739442e-007 -1.214225e-007
 3.220000e+002 -2.200801e-007  2.151991e-007
 3.230000e+002  2.726784e-007  2.368067e-007
 3.240000e+002  3.239078e-008  7.273406e-008
 3.250000e+002 -9.692556e-008  1.860150e-007
 3.260000e+002  2.716062e-007  2.663770e-007
 3.270000e+002  3.076395e-007  8.087677e-008
 3.280000e+002  1.839192e-007  1.318028e-007
 3.290000e+002  6.301820e-007  3.947976e-007
 3.300000e+002 -1.702682e-008 -3.754483e-007
 3.310000e+002  1.489432e-007 -4.425201e-007
 3.320000e+002  1.205667e-007 -1.181177e-007
 3.330000e+002  8.115538e-007  4.166238e-008
 3.340000e+002  1.279514e-007 -2.989481e-007
 3.350000e+002 -1.053359e-007 -3.870398e-007
 3.360000e+002 -6.312152e-008  5.363541e-009
 3.370000e+002 -1.876875e-007 -2.562452e-008
 3.380000e+002 -6.340585e-008  4.705190e-008
 3.390000e+002  8.139747e-008 -2.414650e-007
 3.400000e+002  1.116056e-007 -9.775606e-008
 3.410000e+002 -3.047713e-008 -1.726052e-007
 3.420000e+002 -2.816097e-008 -1.954692e-007
 3.430000e+002 -2.779021e-008  1.193255e-008
 3.440000e+002  1.167656e-008 -4.441828e-009
 3.450000e+002  2.611160e-008 -6.937561e-008
 3.460000e+002  3.074833e-008  6.852454e-008
 3.470000e+002  3.510156e-008 -6.462062e-008
 3.480000e+002 -6.372018e-009 -1.087394e-007
 3.490000e+002  2.715855e-008 -1.224587e-007
 3.500000e+002 -3.922385e-008 -9.633016e-008
 3.510000e+002  6.903974e-008  3.167013e-007
 3.520000e+002 -8.895916e-008 -1.083247e-007
 3.530000e+002  3.371034e-008 -9.666714e-008
 3.540000e+002  6.990395e-008 -1.564942e-008
 3.550000e+002  4.200388e-008 -8.940999e-008
 3.560000e+002 -5.125163e-008 -1.011027e-008
 3.570000e+002 -1.161266e-007  3.464889e-008
 3.580000e+002  1.398246e-007 -5.226128e-008
 3.590000e+002  8.073469e-008 -4.222955e-008
 3.600000e+002  1.546227e-007 -1.517861e-007
 3.610000e+002  4.341191e-008 -1.761816e-007
 3.620000e+002 -2.652455e-008 -6.054953e-008
 3.630000e+002  2.556038e-007 -6.129148e-008
 3.640000e+002 -1.997137e-008 -1.396467e-007
 3.650000e+002  9.222285e-008 -1.495905e-007
 3.660000e+002  1.103464e-007 -1.965979e-008
 3.670000e+002  1.004716e-007 -4.670568e-009
 3.680000e+002  1.387917e-007  3.853658e-009
 3.690000e+002 -2.508981e-007  1.758671e-008
 3.700000e+002  8.932618e-008 -1.601385e-007
 3.710000e+002  2.456216e-010 -1.020667e-007
 3.720000e+002  2.399493e-008 -4.811329e-008
 3.730000e+002  1.295984e-008 -6.644335e-008
 3.740000e+002 -8.279476e-009 -3.766479e-008
 3.750000e+002  4.730027e-007 -9.209224e-008
 3.760000e+002  4.689138e-008 -6.660945e-008
 3.770000e+002  1.657564e-007  1.538953e-008
 3.780000e+002  1.701790e-007 -2.295838e-007
 3.790000e+002  1.415506e-007 -8.070685e-008
 3.800000e+002  1.439322e-007 -1.175270e-007
 3.810000e+002  1.116061e-007 -1.767230e-007
 3.820000e+002  8.906117e-008 -3.885669e-008
 3.830000e+002  1.322843e-007 -4.507256e-008
 3.840000e+002  1.650272e-007 -1.040822e-007
 3.850000e+002  1.079274e-007 -5.818993e-009
 3.860000e+002  2.009772e-008 -5.153217e-010
 3.870000e+002  1.788156e-007 -9.796211e-008
 3.880000e+002  1.334331e-007 -1.650998e-008
 3.890000e+002  1.883300e-007 -1.764168e-007
 3.900000e+002  1.499938e-007 -1.075509e-007
 3.910000e+002  1.020749e-007 -1.420918e-007
 3.920000e+002  1.453782e-007 -6.989630e-008
 3.930000e+002  1.178648e-007 -4.352609e-008
 3.940000e+002  4.184773e-008 -6.106340e-008
 3.950000e+002  1.283243e-007 -4.244869e-008
 3.960000e+002  3.082387e-007 -3.627193e-008
 3.970000e+002  8.530369e-008 -6.321963e-008
 3.980000e+002  1.156964e-007 -1.588608e-007
 3.990000e+002 -2.558707e-008 -2.163548e-007
 4.000000e+002  1.264081e-007 -1.363102e-007
 4.010000e+002  1.963983e-007 -1.267012e-007
 4.020000e+002  2.505318e-007 -1.723854e-007
 4.030000e+002  1.422019e-007 -4.253556e-008
 4.040000e+002  1.057968e-007 -2.426929e-007
 4.050000e+002  3.834658e-008  9.782887e-008
 4.060000e+002  1.242984e-007 -1.175853e-007
 4.070000e+002  5.541380e-008 -1.163103e-008
 4.080000e+002  2.298457e-007  3.870597e-009
 4.090000e+002 -2.435076e-009 -1.028083e-007
 4.100000e+002  2.908706e-008 -1.318396e-007
 4.110000e+002  3.553775e-008 -1.599173e-008
 4.120000e+002  1.363339e-007 -1.701552e-007
 4.130000e+002  2.148400e-007 -8.699910e-008
 4.140000e+002  1.002939e-007  1.033594e-007
 4.150000e+002  2.110610e-007 -3.468115e-008
 4.160000e+002  1.859765e-007 -1.864697e-007
 4.170000e+002 -6.457806e-007 -2.644509e-008
 4.180000e+002  4.169047e-008 -5.091480e-008
 4.190000e+002  6.736903e-008 -2.550051e-007
 4.200000e+002  1.848197e-007 -5.419472e-008
 4.210000e+002  5.010323e-008 -1.452844e-007
 4.220000e+002  1.043080e-007 -5.103094e-008
 4.230000e+002 -7.170971e-008 -5.599223e-008
 4.240000e+002  6.385936e-008 -1.100196e-007
 4.250000e+002 -5.631713e-011 -1.399258e-007
 4.260000e+002  8.841588e-009  4.773753e-008
 4.270000e+002  8.850494e-008 -6.196104e-008
 4.280000e+002  6.945089e-008 -1.494075e-007
 4.290000e+002  1.994624e-007  1.977369e-007
 4.300000e+002  4.242425e-008 -4.384153e-008
 4.310000e+002  2.028571e-008 -7.126076e-008
 4.320000e+002 -5.352482e-008 -2.698954e-007
 4.330000e+002  1.095054e-007  1.909534e-007
 4.340000e+002 -1.070223e-008 -5.732783e-008
 4.350000e+002 -1.771718e-008  8.623023e-008
 4.360000e+002 -8.111143e-008 -8.060303e-008
 4.370000e+002  1.140252e-007  2.737649e-010
 4.380000e+002  6.918163e-008 -9.432790e-008
 4.390000e+002  1.442067e-007  7.565058e-008
 4.400000e+002  6.230646e-008 -4.997246e-008
 4.410000e+002 -4.421605e-008  8.423799e-008
 4.420000e+002 -1.730022e-007 -5.856180e-008
 4.430000e+002  2.932604e-008 -1.067291e-009
 4.440000e+002  1.294238e-007  7.612969e-008
 4.450000e+002  1.525344e-007  5.027973e-008
 4.460000e+002 -1.021315e-007  6.001046e-008
 4.470000e+002 -4.421268e-008 -5.297964e-008
 4.480000e+002 -1.285784e-007 -6.235198e-008
 4.490000e+002  2.540043e-008  2.481355e-008
 4.500000e+002 -2.427270e-007  1.274908e-007
 4.510000e+002 -3.841133e-008  1.659903e-008
 4.520000e+002  1.013661e-008  2.203351e-007
 4.530000e+002 -1.765975e-007 -3.304922e-007
 4.540000e+002 -1.608268e-008 -1.226015e-008
 4.550000e+002 -6.431552e-008 -7.204546e-008
 4.560000e+002 -1.187645e-009  1.640725e-007
 4.570000e+002  7.112444e-008  1.234755e-008
 4.580000e+002 -8.560086e-008  1.207787e-007
 4.590000e+002  5.310171e-008 -4.465599e-008
 4.600000e+002  7.861898e-009  7.984731e-008
 4.610000e+002 -6.498373e-008  4.603354e-008
 4.620000e+002 -1.017644e-007 -3.545466e-008
 4.630000e+002  7.232264e-008  1.931258e-009
 4.640000e+002  5.032385e-009 -1.026582e-008
 4.650000e+002 -5.338735e-008  9.629947e-008
 4.660000e+002 -5.174581e-008  2.113917e-007
 4.670000e+002  2.750729e-008  5.713405e-008
 4.680000e+002 -1.426414e-007  4.622494e-008
 4.690000e+002 -5.938726e-008  4.645947e-008
 4.700000e+002 -1.324780e-007  5.011056e-008
 4.710000e+002  4.190927e-007  3.440989e-007
 4.720000e+002  1.169179e-008 -5.640113e-008
 4.730000e+002 -1.436422e-008  1.027350e-007
 4.740000e+002  9.609167e-009  7.478266e-008
 4.750000e+002  7.501869e-008  3.082971e-008
 4.760000e+002  7.239812e-008  1.549463e-007
 4.770000e+002 -6.211903e-009 -8.175284e-008
 4.780000e+002  1.293401e-007  4.285064e-008
 4.790000e+002 -6.213490e-008  1.050566e-007
 4.800000e+002  1.357886e-008 -7.483165e-008
 4.810000e+002 -1.767653e-008  7.223070e-008
 4.820000e+002  3.281901e-008  4.919695e-008
 4.830000e+002 -3.469255e-007 -3.532744e-008
 4.840000e+002 -6.691740e-008  4.716248e-008
 4.850000e+002 -1.764929e-007  5.129398e-008
 4.860000e+002 -3.100866e-009 -2.439525e-007
 4.870000e+002 -6.284858e-008 -2.351070e-008
 4.880000e+002 -5.117082e-009 -2.005122e-007
 4.890000e+002 -1.065115e-007  2.120231e-007
 4.900000e+002 -1.811243e-007  1.349181e-007
 4.910000e+002 -1.372745e-008 -3.211035e-010
 4.920000e+002 -1.836333e-008  2.648380e-008
 4.930000e+002 -1.014342e-007 -1.001082e-007
 4.940000e+002 -2.890670e-008  4.731605e-008
 4.950000e+002 -7.835836e-008 -2.290909e-009
 4.960000e+002 -3.508549e-008 -6.888788e-008
 4.970000e+002 -4.097619e-008  2.091822e-008
 4.980000e+002 -6.286412e-008  3.755837e-008
 4.990000e+002 -1.899549e-007  1.296351e-007
 5.000000e+002 -6.496681e-008  3.373260e-008
 5.010000e+002 -1.585685e-009  3.993599e-008
 5.020000e+002 -5.941972e-008 -4.549001e-008
 5.030000e+002 -8.677387e-008  8.911425e-008
 5.040000e+002 -1.067068e-007  7.606811e-008
 5.050000e+002 -1.404117e-007  3.859493e-008
 5.060000e+002 -7.597562e-008 -2.233781e-008
 5.070000e+002  1.635737e-007 -2.964332e-007
 5.080000e+002  1.459564e-009  2.318014e-009
 5.090000e+002  1.300758e-008 -1.041346e-007
 5.100000e+002  3.614206e-008 -4.360063e-009
 5.110000e+002  3.206793e-008  6.609415e-010
 5.120000e+002 -1.016873e-007 -1.404917e-010
