 0.000000e+000  9.988546e-001  0.000000e+000
 1.000000e+000  4.637879e-001  0.000000e+000
 2.000000e+000  6.395640e-001  0.000000e+000
 3.000000e+000  6.300162e-001  0.000000e+000
 4.000000e+000  4.656786e-001  0.000000e+000
 5.000000e+000  5.803251e-001  0.000000e+000
 6.000000e+000  5.344517e-001  0.000000e+000
 7.000000e+000  2.374423e-001  0.000000e+000
 8.000000e+000  2.106084e-001  0.000000e+000
 9.000000e+000  3.758513e-003  0.000000e+000
 1.000000e+001  1.436034e-001  0.000000e+000
 1.100000e+001  3.473602e-001  0.000000e+000
 1.200000e+001  5.657597e-001  0.000000e+000
 1.300000e+001  5.970716e-001  0.000000e+000
 1.400000e+001  5.224860e-001  0.000000e+000
 1.500000e+001  1.980328e-001  0.000000e+000
 1.600000e+001  3.986773e-001  0.000000e+000
 1.700000e+001  1.325333e-001  0.000000e+000
 1.800000e+001  5.063246e-003  0.000000e+000
 1.900000e+001  4.250435e-001  0.000000e+000
 2.000000e+001  7.575757e-001  0.000000e+000
 2.100000e+001  8.163541e-001  0.000000e+000
 2.200000e+001  7.811366e-001  0.000000e+000
 2.300000e+001  8.254696e-001  0.000000e+000
 2.400000e+001  8.086916e-001  0.000000e+000
 2.500000e+001  7.420148e-001  0.000000e+000
 2.600000e+001  4.006146e-001  0.000000e+000
 2.700000e+001  1.435732e-002  0.000000e+000
 2.800000e+001  6.449030e-001  0.000000e+000
 2.900000e+001  6.739810e-001  0.000000e+000
 3.000000e+001  5.670721e-001  0.000000e+000
 3.100000e+001  4.550241e-001  0.000000e+000
 3.200000e+001  3.874133e-001  0.000000e+000
 3.300000e+001  2.679477e-001  0.000000e+000
 3.400000e+001  1.744021e-001  0.000000e+000
 3.500000e+001  8.326240e-003  0.000000e+000
 3.600000e+001  4.318931e-002  0.000000e+000
 3.700000e+001  1.623482e-001  0.000000e+000
 3.800000e+001  2.767816e-001  0.000000e+000
 3.900000e+001  2.940473e-002  0.000000e+000
 4.000000e+001  1.043082e-001  0.000000e+000
 4.100000e+001  3.019392e-001  0.000000e+000
 4.200000e+001  3.089731e-001  0.000000e+000
 4.300000e+001  2.490595e-001  0.000000e+000
 4.400000e+001  3.221820e-002  0.000000e+000
 4.500000e+001  2.290633e-002  0.000000e+000
 4.600000e+001  2.667980e-001  0.000000e+000
 4.700000e+001  4.074284e-001  0.000000e+000
 4.800000e+001  5.499705e-001  0.000000e+000
 4.900000e+001  5.704284e-001  0.000000e+000
 5.000000e+001  5.120920e-001  0.000000e+000
 5.100000e+001  2.735891e-001  0.000000e+000
 5.200000e+001  4.346566e-001  0.000000e+000
 5.300000e+001  2.388428e-001  0.000000e+000
 5.400000e+001  9.368441e-002  0.000000e+000
 5.500000e+001  5.334407e-001  0.000000e+000
 5.600000e+001  6.756592e-001  0.000000e+000
 5.700000e+001  5.049154e-001  0.000000e+000
 5.800000e+001  7.178685e-001  0.000000e+000
 5.900000e+001  8.330758e-001  0.000000e+000
 6.000000e+001  4.146316e-001  0.000000e+000
 6.100000e+001  7.409675e-001  0.000000e+000
 6.200000e+001  6.549559e-001  0.000000e+000
 6.300000e+001  3.827346e-001  0.000000e+000
 6.400000e+001  8.556817e-001  0.000000e+000
 6.500000e+001  9.250475e-001  0.000000e+000
 6.600000e+001  8.950940e-001  0.000000e+000
 6.700000e+001  9.001172e-001  0.000000e+000
 6.800000e+001  9.412646e-001  0.000000e+000
 6.900000e+001  8.568609e-001  0.000000e+000
 7.000000e+001  9.177155e-001  0.000000e+000
 7.100000e+001  9.411469e-001  0.000000e+000
 7.200000e+001  9.230956e-001  0.000000e+000
 7.300000e+001  9.567340e-001  0.000000e+000
 7.400000e+001  9.621776e-001  0.000000e+000
 7.500000e+001  9.241248e-001  0.000000e+000
 7.600000e+001  8.448587e-001  0.000000e+000
 7.700000e+001  8.539266e-001  0.000000e+000
 7.800000e+001  7.537060e-001  0.000000e+000
 7.900000e+001  5.400418e-001  0.000000e+000
 8.000000e+001  2.627676e-001  0.000000e+000
 8.100000e+001  9.044923e-002  0.000000e+000
 8.200000e+001  1.406595e-001  0.000000e+000
 8.300000e+001  2.536760e-001  0.000000e+000
 8.400000e+001  3.933360e-001  0.000000e+000
 8.500000e+001  3.355484e-001  0.000000e+000
 8.600000e+001  2.043688e-001  0.000000e+000
 8.700000e+001  9.288385e-002  0.000000e+000
 8.800000e+001  3.308262e-001  0.000000e+000
 8.900000e+001  4.506110e-001  0.000000e+000
 9.000000e+001  6.870180e-001  0.000000e+000
 9.100000e+001  8.055358e-001  0.000000e+000
 9.200000e+001  8.230132e-001  0.000000e+000
 9.300000e+001  1.415529e-001  0.000000e+000
 9.400000e+001  8.132985e-001  0.000000e+000
 9.500000e+001  8.427139e-001  0.000000e+000
 9.600000e+001  7.391862e-001  0.000000e+000
 9.700000e+001  6.438249e-001  0.000000e+000
 9.800000e+001  2.698109e-001  0.000000e+000
 9.900000e+001  4.890094e-002  0.000000e+000
 1.000000e+002  5.605728e-001  0.000000e+000
 1.010000e+002  6.599416e-001  0.000000e+000
 1.020000e+002  6.887852e-001  0.000000e+000
 1.030000e+002  6.723076e-001  0.000000e+000
 1.040000e+002  5.066698e-001  0.000000e+000
 1.050000e+002  3.216251e-001  0.000000e+000
 1.060000e+002  2.908728e-001  0.000000e+000
 1.070000e+002  9.632374e-002  0.000000e+000
 1.080000e+002  9.322350e-002  0.000000e+000
 1.090000e+002  2.483803e-001  0.000000e+000
 1.100000e+002  3.847835e-001  0.000000e+000
 1.110000e+002  1.588678e-001  0.000000e+000
 1.120000e+002  4.662484e-001  0.000000e+000
 1.130000e+002  4.916934e-001  0.000000e+000
 1.140000e+002  3.608739e-001  0.000000e+000
 1.150000e+002  3.017001e-001  0.000000e+000
 1.160000e+002  1.937277e-002  0.000000e+000
 1.170000e+002  5.603478e-002  0.000000e+000
 1.180000e+002  4.730386e-001  0.000000e+000
 1.190000e+002  4.626154e-001  0.000000e+000
 1.200000e+002  2.349072e-001  0.000000e+000
 1.210000e+002  6.062101e-001  0.000000e+000
 1.220000e+002  5.361764e-001  0.000000e+000
 1.230000e+002  5.508763e-002  0.000000e+000
 1.240000e+002  1.778676e-001  0.000000e+000
 1.250000e+002  2.263985e-002  0.000000e+000
 1.260000e+002  9.949298e-002  0.000000e+000
 1.270000e+002  3.667625e-001  0.000000e+000
 1.280000e+002  5.185981e-001  0.000000e+000
 1.290000e+002  6.038911e-002  0.000000e+000
 1.300000e+002  7.076793e-001  0.000000e+000
 1.310000e+002  6.925493e-001  0.000000e+000
 1.320000e+002  6.380272e-001  0.000000e+000
 1.330000e+002  4.870450e-001  0.000000e+000
 1.340000e+002  1.681165e-001  0.000000e+000
 1.350000e+002  8.874061e-002  0.000000e+000
 1.360000e+002  1.827770e-001  0.000000e+000
 1.370000e+002  4.503914e-001  0.000000e+000
 1.380000e+002  4.595719e-001  0.000000e+000
 1.390000e+002  5.998309e-001  0.000000e+000
 1.400000e+002  3.795132e-001  0.000000e+000
 1.410000e+002  2.520811e-001  0.000000e+000
 1.420000e+002  2.407182e-001  0.000000e+000
 1.430000e+002  5.389275e-002  0.000000e+000
 1.440000e+002  1.301581e-001  0.000000e+000
 1.450000e+002  5.494574e-001  0.000000e+000
 1.460000e+002  4.415501e-001  0.000000e+000
 1.470000e+002  7.820445e-002  0.000000e+000
 1.480000e+002  3.491839e-001  0.000000e+000
 1.490000e+002  4.899356e-001  0.000000e+000
 1.500000e+002  4.317492e-001  0.000000e+000
 1.510000e+002  3.060654e-001  0.000000e+000
 1.520000e+002  1.244852e-001  0.000000e+000
 1.530000e+002  1.433688e-002  0.000000e+000
 1.540000e+002  1.196786e-001  0.000000e+000
 1.550000e+002  2.283064e-001  0.000000e+000
 1.560000e+002  1.862848e-001  0.000000e+000
 1.570000e+002  4.375128e-001  0.000000e+000
 1.580000e+002  3.692225e-001  0.000000e+000
 1.590000e+002  2.121114e-002  0.000000e+000
 1.600000e+002  6.020892e-001  0.000000e+000
 1.610000e+002  2.060650e-001  0.000000e+000
 1.620000e+002  2.154123e-001  0.000000e+000
 1.630000e+002  7.032411e-001  0.000000e+000
 1.640000e+002  6.255221e-001  0.000000e+000
 1.650000e+002  2.099802e-001  0.000000e+000
 1.660000e+002  3.836594e-001  0.000000e+000
 1.670000e+002  6.557518e-001  0.000000e+000
 1.680000e+002  4.007699e-001  0.000000e+000
 1.690000e+002  5.029708e-001  0.000000e+000
 1.700000e+002  8.866779e-002  0.000000e+000
 1.710000e+002  3.756441e-001  0.000000e+000
 1.720000e+002  5.330511e-001  0.000000e+000
 1.730000e+002  5.064455e-001  0.000000e+000
 1.740000e+002  3.567545e-001  0.000000e+000
 1.750000e+002  5.266754e-001  0.000000e+000
 1.760000e+002  4.611951e-001  0.000000e+000
 1.770000e+002  5.951038e-003  0.000000e+000
 1.780000e+002  5.741619e-001  0.000000e+000
 1.790000e+002  3.952111e-001  0.000000e+000
 1.800000e+002  3.639201e-001  0.000000e+000
 1.810000e+002  4.690673e-001  0.000000e+000
 1.820000e+002  2.122272e-001  0.000000e+000
 1.830000e+002  3.900716e-002  0.000000e+000
 1.840000e+002  3.819491e-001  0.000000e+000
 1.850000e+002  6.247076e-001  0.000000e+000
 1.860000e+002  2.555845e-001  0.000000e+000
 1.870000e+002  4.465137e-001  0.000000e+000
 1.880000e+002  3.814436e-001  0.000000e+000
 1.890000e+002  1.100449e-001  0.000000e+000
 1.900000e+002  5.786174e-001  0.000000e+000
 1.910000e+002  5.226687e-001  0.000000e+000
 1.920000e+002  4.535078e-001  0.000000e+000
 1.930000e+002  4.301768e-001  0.000000e+000
 1.940000e+002  6.300319e-001  0.000000e+000
 1.950000e+002  6.007279e-002  0.000000e+000
 1.960000e+002  5.519359e-001  0.000000e+000
 1.970000e+002  3.162870e-001  0.000000e+000
 1.980000e+002  2.830873e-001  0.000000e+000
 1.990000e+002  4.596998e-001  0.000000e+000
 2.000000e+002  1.853058e-001  0.000000e+000
 2.010000e+002  3.362924e-002  0.000000e+000
 2.020000e+002  3.398640e-001  0.000000e+000
 2.030000e+002  2.878146e-001  0.000000e+000
 2.040000e+002  3.598125e-001  0.000000e+000
 2.050000e+002  5.338534e-001  0.000000e+000
 2.060000e+002  1.359970e-001  0.000000e+000
 2.070000e+002  1.789393e-001  0.000000e+000
 2.080000e+002  3.786324e-001  0.000000e+000
 2.090000e+002  4.731324e-001  0.000000e+000
 2.100000e+002  2.791263e-001  0.000000e+000
 2.110000e+002  3.467604e-001  0.000000e+000
 2.120000e+002  3.075586e-001  0.000000e+000
 2.130000e+002  4.227717e-002  0.000000e+000
 2.140000e+002  3.022363e-001  0.000000e+000
 2.150000e+002  2.135543e-001  0.000000e+000
 2.160000e+002  5.614401e-002  0.000000e+000
 2.170000e+002  6.640995e-002  0.000000e+000
 2.180000e+002  7.908149e-002  0.000000e+000
 2.190000e+002  2.339983e-001  0.000000e+000
 2.200000e+002  3.592239e-001  0.000000e+000
 2.210000e+002  3.050879e-001  0.000000e+000
 2.220000e+002  3.519708e-001  0.000000e+000
 2.230000e+002  2.985721e-001  0.000000e+000
 2.240000e+002  1.814953e-001  0.000000e+000
 2.250000e+002  1.807268e-001  0.000000e+000
 2.260000e+002  2.566446e-001  0.000000e+000
 2.270000e+002  4.006774e-001  0.000000e+000
 2.280000e+002  4.172078e-001  0.000000e+000
 2.290000e+002  3.680861e-001  0.000000e+000
 2.300000e+002  6.925821e-002  0.000000e+000
 2.310000e+002  2.088098e-001  0.000000e+000
 2.320000e+002  4.130990e-001  0.000000e+000
 2.330000e+002  1.888009e-001  0.000000e+000
 2.340000e+002  2.141053e-001  0.000000e+000
 2.350000e+002  3.461594e-001  0.000000e+000
 2.360000e+002  2.662039e-001  0.000000e+000
 2.370000e+002  2.552605e-002  0.000000e+000
 2.380000e+002  1.480847e-001  0.000000e+000
 2.390000e+002  1.544347e-001  0.000000e+000
 2.400000e+002  7.210904e-002  0.000000e+000
 2.410000e+002  7.136159e-002  0.000000e+000
 2.420000e+002  2.539919e-002  0.000000e+000
 2.430000e+002  1.322156e-001  0.000000e+000
 2.440000e+002  1.644982e-001  0.000000e+000
 2.450000e+002  3.322224e-001  0.000000e+000
 2.460000e+002  4.837447e-001  0.000000e+000
 2.470000e+002  1.187360e-001  0.000000e+000
 2.480000e+002  4.788296e-001  0.000000e+000
 2.490000e+002  4.578465e-002  0.000000e+000
 2.500000e+002  3.746765e-002  0.000000e+000
 2.510000e+002  2.830468e-002  0.000000e+000
 2.520000e+002  6.248639e-002  0.000000e+000
 2.530000e+002  6.743816e-002  0.000000e+000
 2.540000e+002  8.727378e-002  0.000000e+000
 2.550000e+002  8.315558e-002  0.000000e+000
 2.560000e+002  1.022124e-001  0.000000e+000
 2.570000e+002  5.478244e-001  0.000000e+000
 2.580000e+002  2.327673e-001  0.000000e+000
 2.590000e+002  1.892007e-001  0.000000e+000
 2.600000e+002  1.785602e-001  0.000000e+000
 2.610000e+002  1.108540e-001  0.000000e+000
 2.620000e+002  2.472037e-001  0.000000e+000
 2.630000e+002  1.455291e-001  0.000000e+000
 2.640000e+002  1.099866e-001  0.000000e+000
 2.650000e+002  1.567523e-001  0.000000e+000
 2.660000e+002  4.257897e-002  0.000000e+000
 2.670000e+002  3.387394e-002  0.000000e+000
 2.680000e+002  1.821883e-001  0.000000e+000
 2.690000e+002  9.714085e-002  0.000000e+000
 2.700000e+002  2.518463e-001  0.000000e+000
 2.710000e+002  2.666300e-001  0.000000e+000
 2.720000e+002  3.006087e-002  0.000000e+000
 2.730000e+002  2.474119e-002  0.000000e+000
 2.740000e+002  9.357623e-003  0.000000e+000
 2.750000e+002  1.609562e-001  0.000000e+000
 2.760000e+002  1.790470e-001  0.000000e+000
 2.770000e+002  6.768815e-002  0.000000e+000
 2.780000e+002  6.815181e-002  0.000000e+000
 2.790000e+002  8.050718e-003  0.000000e+000
 2.800000e+002  5.159807e-002  0.000000e+000
 2.810000e+002  2.684647e-001  0.000000e+000
 2.820000e+002  3.703706e-002  0.000000e+000
 2.830000e+002  3.510511e-002  0.000000e+000
 2.840000e+002  3.714779e-002  0.000000e+000
 2.850000e+002  7.235893e-002  0.000000e+000
 2.860000e+002  2.094792e-002  0.000000e+000
 2.870000e+002  2.311362e-002  0.000000e+000
 2.880000e+002  7.335249e-002  0.000000e+000
 2.890000e+002  8.843973e-002  0.000000e+000
 2.900000e+002  1.011306e-001  0.000000e+000
 2.910000e+002  1.383809e-001  0.000000e+000
 2.920000e+002  8.174274e-002  0.000000e+000
 2.930000e+002  1.897402e-001  0.000000e+000
 2.940000e+002  1.933461e-002  0.000000e+000
 2.950000e+002  8.342727e-002  0.000000e+000
 2.960000e+002  3.587734e-002  0.000000e+000
 2.970000e+002  6.397507e-002  0.000000e+000
 2.980000e+002  2.011310e-002  0.000000e+000
 2.990000e+002  2.213243e-001  0.000000e+000
 3.000000e+002  4.716128e-003  0.000000e+000
 3.010000e+002  2.156381e-002  0.000000e+000
 3.020000e+002  1.003524e-001  0.000000e+000
 3.030000e+002  1.731199e-001  0.000000e+000
 3.040000e+002  3.648061e-002  0.000000e+000
 3.050000e+002  1.527625e-002  0.000000e+000
 3.060000e+002  5.769860e-002  0.000000e+000
 3.070000e+002  8.164247e-002  0.000000e+000
 3.080000e+002  7.875632e-002  0.000000e+000
 3.090000e+002  5.519127e-002  0.000000e+000
 3.100000e+002  2.617511e-002  0.000000e+000
 3.110000e+002  4.141647e-002  0.000000e+000
 3.120000e+002  1.050775e-003  0.000000e+000
 3.130000e+002  4.166872e-003  0.000000e+000
 3.140000e+002  4.063740e-002  0.000000e+000
 3.150000e+002  1.412339e-002  0.000000e+000
 3.160000e+002  2.566685e-002  0.000000e+000
 3.170000e+002  5.366403e-002  0.000000e+000
 3.180000e+002  2.024239e-001  0.000000e+000
 3.190000e+002  5.752928e-003  0.000000e+000
 3.200000e+002  6.920076e-002  0.000000e+000
 3.210000e+002  1.256126e-002  0.000000e+000
 3.220000e+002  1.137680e-001  0.000000e+000
 3.230000e+002  1.454584e-001  0.000000e+000
 3.240000e+002  8.995544e-003  0.000000e+000
 3.250000e+002  7.445705e-002  0.000000e+000
 3.260000e+002  2.036924e-001  0.000000e+000
 3.270000e+002  1.141052e-001  0.000000e+000
 3.280000e+002  4.216901e-002  0.000000e+000
 3.290000e+002  6.611683e-002  0.000000e+000
 3.300000e+002  6.879733e-002  0.000000e+000
 3.310000e+002  1.430470e-001  0.000000e+000
 3.320000e+002  2.599023e-002  0.000000e+000
 3.330000e+002  1.741939e-001  0.000000e+000
 3.340000e+002  9.902909e-002  0.000000e+000
 3.350000e+002  2.095942e-001  0.000000e+000
 3.360000e+002  8.008911e-003  0.000000e+000
 3.370000e+002  7.859397e-002  0.000000e+000
 3.380000e+002  5.902550e-003  0.000000e+000
 3.390000e+002  9.046499e-002  0.000000e+000
 3.400000e+002  3.695934e-002  0.000000e+000
 3.410000e+002  1.281160e-001  0.000000e+000
 3.420000e+002  2.499942e-001  0.000000e+000
 3.430000e+002  5.891826e-003  0.000000e+000
 3.440000e+002  1.297792e-003  0.000000e+000
 3.450000e+002  2.614411e-002  0.000000e+000
 3.460000e+002  3.985261e-002  0.000000e+000
 3.470000e+002  1.951230e-002  0.000000e+000
 3.480000e+002  6.284667e-002  0.000000e+000
 3.490000e+002  8.944248e-002  0.000000e+000
 3.500000e+002  3.750634e-002  0.000000e+000
 3.510000e+002  1.177023e-002  0.000000e+000
 3.520000e+002  6.976300e-002  0.000000e+000
 3.530000e+002  5.673295e-002  0.000000e+000
 3.540000e+002  2.839698e-002  0.000000e+000
 3.550000e+002  6.817093e-002  0.000000e+000
 3.560000e+002  1.522577e-002  0.000000e+000
 3.570000e+002  4.352747e-002  0.000000e+000
 3.580000e+002  1.314955e-001  0.000000e+000
 3.590000e+002  4.364594e-002  0.000000e+000
 3.600000e+002  3.130489e-002  0.000000e+000
 3.610000e+002  2.086713e-001  0.000000e+000
 3.620000e+002  2.503481e-002  0.000000e+000
 3.630000e+002  2.253921e-002  0.000000e+000
 3.640000e+002  1.076472e-001  0.000000e+000
 3.650000e+002  2.289026e-001  0.000000e+000
 3.660000e+002  4.396744e-002  0.000000e+000
 3.670000e+002  4.892915e-002  0.000000e+000
 3.680000e+002  1.184156e-001  0.000000e+000
 3.690000e+002  3.271629e-002  0.000000e+000
 3.700000e+002  1.724675e-001  0.000000e+000
 3.710000e+002  7.735550e-002  0.000000e+000
 3.720000e+002  1.947130e-002  0.000000e+000
 3.730000e+002  1.753859e-002  0.000000e+000
 3.740000e+002  5.391086e-003  0.000000e+000
 3.750000e+002  1.091852e-001  0.000000e+000
 3.760000e+002  2.898348e-002  0.000000e+000
 3.770000e+002  1.464274e-001  0.000000e+000
 3.780000e+002  2.051152e-001  0.000000e+000
 3.790000e+002  1.960018e-001  0.000000e+000
 3.800000e+002  2.731202e-001  0.000000e+000
 3.810000e+002  1.548285e-001  0.000000e+000
 3.820000e+002  6.665254e-002  0.000000e+000
 3.830000e+002  1.454415e-001  0.000000e+000
 3.840000e+002  2.412994e-001  0.000000e+000
 3.850000e+002  5.874394e-002  0.000000e+000
 3.860000e+002  1.704523e-003  0.000000e+000
 3.870000e+002  1.160027e-002  0.000000e+000
 3.880000e+002  9.776092e-002  0.000000e+000
 3.890000e+002  3.038155e-001  0.000000e+000
 3.900000e+002  1.459268e-001  0.000000e+000
 3.910000e+002  1.584831e-001  0.000000e+000
 3.920000e+002  1.312909e-001  0.000000e+000
 3.930000e+002  5.069147e-002  0.000000e+000
 3.940000e+002  4.676718e-002  0.000000e+000
 3.950000e+002  1.159707e-001  0.000000e+000
 3.960000e+002  3.274853e-001  0.000000e+000
 3.970000e+002  7.184399e-002  0.000000e+000
 3.980000e+002  1.545245e-001  0.000000e+000
 3.990000e+002  6.736514e-002  0.000000e+000
 4.000000e+002  1.757184e-001  0.000000e+000
 4.010000e+002  2.667723e-001  0.000000e+000
 4.020000e+002  3.181863e-001  0.000000e+000
 4.030000e+002  1.060258e-001  0.000000e+000
 4.040000e+002  3.719361e-001  0.000000e+000
 4.050000e+002  1.502623e-002  0.000000e+000
 4.060000e+002  1.273071e-001  0.000000e+000
 4.070000e+002  2.009136e-002  0.000000e+000
 4.080000e+002  1.915894e-001  0.000000e+000
 4.090000e+002  5.989205e-002  0.000000e+000
 4.100000e+002  7.678500e-002  0.000000e+000
 4.110000e+002  5.466668e-003  0.000000e+000
 4.120000e+002  2.374886e-001  0.000000e+000
 4.130000e+002  2.806426e-001  0.000000e+000
 4.140000e+002  5.898598e-002  0.000000e+000
 4.150000e+002  1.399349e-001  0.000000e+000
 4.160000e+002  1.417723e-001  0.000000e+000
 4.170000e+002  1.008513e-001  0.000000e+000
 4.180000e+002  1.430779e-002  0.000000e+000
 4.190000e+002  1.737554e-001  0.000000e+000
 4.200000e+002  1.121477e-001  0.000000e+000
 4.210000e+002  7.436632e-002  0.000000e+000
 4.220000e+002  3.033810e-002  0.000000e+000
 4.230000e+002  7.470695e-003  0.000000e+000
 4.240000e+002  5.326889e-002  0.000000e+000
 4.250000e+002  8.310736e-002  0.000000e+000
 4.260000e+002  7.935293e-003  0.000000e+000
 4.270000e+002  5.025433e-002  0.000000e+000
 4.280000e+002  1.027270e-001  0.000000e+000
 4.290000e+002  5.637634e-002  0.000000e+000
 4.300000e+002  1.899401e-002  0.000000e+000
 4.310000e+002  1.749637e-002  0.000000e+000
 4.320000e+002  6.501288e-002  0.000000e+000
 4.330000e+002  1.883871e-001  0.000000e+000
 4.340000e+002  1.384653e-002  0.000000e+000
 4.350000e+002  2.012750e-002  0.000000e+000
 4.360000e+002  3.000649e-002  0.000000e+000
 4.370000e+002  4.734201e-002  0.000000e+000
 4.380000e+002  7.610723e-002  0.000000e+000
 4.390000e+002  8.247763e-002  0.000000e+000
 4.400000e+002  2.600344e-002  0.000000e+000
 4.410000e+002  5.122231e-003  0.000000e+000
 4.420000e+002  1.005794e-001  0.000000e+000
 4.430000e+002  5.044415e-003  0.000000e+000
 4.440000e+002  7.658639e-002  0.000000e+000
 4.450000e+002  1.380686e-001  0.000000e+000
 4.460000e+002  5.180379e-002  0.000000e+000
 4.470000e+002  9.552461e-003  0.000000e+000
 4.480000e+002  9.869321e-002  0.000000e+000
 4.490000e+002  7.611854e-003  0.000000e+000
 4.500000e+002  2.257868e-001  0.000000e+000
 4.510000e+002  6.711178e-003  0.000000e+000
 4.520000e+002  9.972614e-002  0.000000e+000
 4.530000e+002  6.843857e-002  0.000000e+000
 4.540000e+002  1.334765e-003  0.000000e+000
 4.550000e+002  4.258407e-002  0.000000e+000
 4.560000e+002  8.914659e-002  0.000000e+000
 4.570000e+002  2.243818e-002  0.000000e+000
 4.580000e+002  6.851580e-002  0.000000e+000
 4.590000e+002  3.947832e-003  0.000000e+000
 4.600000e+002  2.861816e-002  0.000000e+000
 4.610000e+002  3.411264e-002  0.000000e+000
 4.620000e+002  5.465344e-002  0.000000e+000
 4.630000e+002  2.648575e-002  0.000000e+000
 4.640000e+002  5.069848e-004  0.000000e+000
 4.650000e+002  4.076790e-002  0.000000e+000
 4.660000e+002  1.809500e-001  0.000000e+000
 4.670000e+002  1.787280e-002  0.000000e+000
 4.680000e+002  7.928974e-002  0.000000e+000
 4.690000e+002  2.221160e-002  0.000000e+000
 4.700000e+002  5.443577e-002  0.000000e+000
 4.710000e+002  7.166594e-002  0.000000e+000
 4.720000e+002  1.088883e-002  0.000000e+000
 4.730000e+002  4.517345e-002  0.000000e+000
 4.740000e+002  3.650323e-002  0.000000e+000
 4.750000e+002  2.746881e-002  0.000000e+000
 4.760000e+002  6.553350e-002  0.000000e+000
 4.770000e+002  6.469350e-003  0.000000e+000
 4.780000e+002  9.999506e-002  0.000000e+000
 4.790000e+002  9.092926e-002  0.000000e+000
 4.800000e+002  3.217361e-002  0.000000e+000
 4.810000e+002  4.320778e-002  0.000000e+000
 4.820000e+002  1.266928e-002  0.000000e+000
 4.830000e+002  1.290874e-001  0.000000e+000
 4.840000e+002  2.284499e-002  0.000000e+000
 4.850000e+002  1.098177e-001  0.000000e+000
 4.860000e+002  3.616595e-002  0.000000e+000
 4.870000e+002  2.943025e-002  0.000000e+000
 4.880000e+002  1.549331e-001  0.000000e+000
 4.890000e+002  5.301933e-002  0.000000e+000
 4.900000e+002  1.943861e-001  0.000000e+000
 4.910000e+002  1.062814e-003  0.000000e+000
 4.920000e+002  7.854609e-003  0.000000e+000
 4.930000e+002  7.705791e-002  0.000000e+000
 4.940000e+002  1.206053e-002  0.000000e+000
 4.950000e+002  7.137865e-003  0.000000e+000
 4.960000e+002  2.943668e-002  0.000000e+000
 4.970000e+002  1.565565e-002  0.000000e+000
 4.980000e+002  3.157205e-002  0.000000e+000
 4.990000e+002  1.675557e-001  0.000000e+000
 5.000000e+002  3.100687e-002  0.000000e+000
 5.010000e+002  5.101170e-003  0.000000e+000
 5.020000e+002  2.796893e-002  0.000000e+000
 5.030000e+002  7.732098e-002  0.000000e+000
 5.040000e+002  1.299137e-001  0.000000e+000
 5.050000e+002  8.703616e-002  0.000000e+000
 5.060000e+002  3.807548e-002  0.000000e+000
 5.070000e+002  1.192029e-001  0.000000e+000
 5.080000e+002  2.429164e-005  0.000000e+000
 5.090000e+002  7.590790e-002  0.000000e+000
 5.100000e+002  8.914716e-003  0.000000e+000
 5.110000e+002  4.266072e-003  0.000000e+000
 5.120000e+002  7.911494e-002  0.000000e+000
