 0.000000e+000  9.974884e-001  0.000000e+000
 1.000000e+000  6.237139e-001  0.000000e+000
 2.000000e+000  4.079775e-001  0.000000e+000
 3.000000e+000  4.039348e-001  0.000000e+000
 4.000000e+000  4.230402e-002  0.000000e+000
 5.000000e+000  3.638555e-001  0.000000e+000
 6.000000e+000  3.477778e-001  0.000000e+000
 7.000000e+000  1.743888e-001  0.000000e+000
 8.000000e+000  9.404911e-002  0.000000e+000
 9.000000e+000  2.656259e-003  0.000000e+000
 1.000000e+001  4.699121e-002  0.000000e+000
 1.100000e+001  1.798274e-001  0.000000e+000
 1.200000e+001  3.083140e-001  0.000000e+000
 1.300000e+001  3.812594e-001  0.000000e+000
 1.400000e+001  3.649873e-001  0.000000e+000
 1.500000e+001  1.393616e-001  0.000000e+000
 1.600000e+001  3.564582e-001  0.000000e+000
 1.700000e+001  1.621845e-001  0.000000e+000
 1.800000e+001  3.205983e-005  0.000000e+000
 1.900000e+001  3.331335e-001  0.000000e+000
 2.000000e+001  7.668026e-001  0.000000e+000
 2.100000e+001  8.318296e-001  0.000000e+000
 2.200000e+001  7.781353e-001  0.000000e+000
 2.300000e+001  8.493095e-001  0.000000e+000
 2.400000e+001  8.000850e-001  0.000000e+000
 2.500000e+001  7.246775e-001  0.000000e+000
 2.600000e+001  4.634226e-001  0.000000e+000
 2.700000e+001  1.268626e-002  0.000000e+000
 2.800000e+001  5.922385e-001  0.000000e+000
 2.900000e+001  7.139322e-001  0.000000e+000
 3.000000e+001  7.128178e-001  0.000000e+000
 3.100000e+001  7.207054e-001  0.000000e+000
 3.200000e+001  7.082079e-001  0.000000e+000
 3.300000e+001  7.340535e-001  0.000000e+000
 3.400000e+001  7.538882e-001  0.000000e+000
 3.500000e+001  4.728491e-001  0.000000e+000
 3.600000e+001  1.313300e-001  0.000000e+000
 3.700000e+001  6.943305e-001  0.000000e+000
 3.800000e+001  7.767345e-001  0.000000e+000
 3.900000e+001  6.649644e-002  0.000000e+000
 4.000000e+001  5.195484e-001  0.000000e+000
 4.100000e+001  7.761269e-001  0.000000e+000
 4.200000e+001  7.001620e-001  0.000000e+000
 4.300000e+001  8.371981e-001  0.000000e+000
 4.400000e+001  6.886319e-001  0.000000e+000
 4.500000e+001  2.036705e-001  0.000000e+000
 4.600000e+001  7.456190e-001  0.000000e+000
 4.700000e+001  8.650625e-001  0.000000e+000
 4.800000e+001  8.737967e-001  0.000000e+000
 4.900000e+001  6.740911e-001  0.000000e+000
 5.000000e+001  9.036508e-001  0.000000e+000
 5.100000e+001  6.610817e-001  0.000000e+000
 5.200000e+001  9.005660e-001  0.000000e+000
 5.300000e+001  7.774080e-001  0.000000e+000
 5.400000e+001  1.278507e-001  0.000000e+000
 5.500000e+001  8.485264e-001  0.000000e+000
 5.600000e+001  8.886641e-001  0.000000e+000
 5.700000e+001  7.429153e-001  0.000000e+000
 5.800000e+001  8.057801e-001  0.000000e+000
 5.900000e+001  9.373137e-001  0.000000e+000
 6.000000e+001  6.745822e-001  0.000000e+000
 6.100000e+001  8.563873e-001  0.000000e+000
 6.200000e+001  6.870558e-001  0.000000e+000
 6.300000e+001  6.044537e-002  0.000000e+000
 6.400000e+001  8.115671e-001  0.000000e+000
 6.500000e+001  9.111086e-001  0.000000e+000
 6.600000e+001  9.161901e-001  0.000000e+000
 6.700000e+001  8.558559e-001  0.000000e+000
 6.800000e+001  9.248804e-001  0.000000e+000
 6.900000e+001  8.652289e-001  0.000000e+000
 7.000000e+001  8.944983e-001  0.000000e+000
 7.100000e+001  8.916131e-001  0.000000e+000
 7.200000e+001  8.628940e-001  0.000000e+000
 7.300000e+001  9.578118e-001  0.000000e+000
 7.400000e+001  9.650446e-001  0.000000e+000
 7.500000e+001  9.269019e-001  0.000000e+000
 7.600000e+001  8.915311e-001  0.000000e+000
 7.700000e+001  9.325741e-001  0.000000e+000
 7.800000e+001  9.091260e-001  0.000000e+000
 7.900000e+001  8.194290e-001  0.000000e+000
 8.000000e+001  7.122481e-001  0.000000e+000
 8.100000e+001  7.153227e-002  0.000000e+000
 8.200000e+001  8.410380e-001  0.000000e+000
 8.300000e+001  9.170677e-001  0.000000e+000
 8.400000e+001  8.949714e-001  0.000000e+000
 8.500000e+001  8.993192e-001  0.000000e+000
 8.600000e+001  8.414109e-001  0.000000e+000
 8.700000e+001  7.079290e-001  0.000000e+000
 8.800000e+001  4.790541e-001  0.000000e+000
 8.900000e+001  8.485775e-002  0.000000e+000
 9.000000e+001  1.437718e-001  0.000000e+000
 9.100000e+001  4.868813e-001  0.000000e+000
 9.200000e+001  6.315486e-001  0.000000e+000
 9.300000e+001  2.885296e-002  0.000000e+000
 9.400000e+001  7.470411e-001  0.000000e+000
 9.500000e+001  6.230985e-001  0.000000e+000
 9.600000e+001  4.416476e-001  0.000000e+000
 9.700000e+001  2.639681e-001  0.000000e+000
 9.800000e+001  1.158714e-002  0.000000e+000
 9.900000e+001  1.281521e-001  0.000000e+000
 1.000000e+002  3.880760e-001  0.000000e+000
 1.010000e+002  5.453347e-001  0.000000e+000
 1.020000e+002  6.117796e-001  0.000000e+000
 1.030000e+002  6.026810e-001  0.000000e+000
 1.040000e+002  6.795242e-001  0.000000e+000
 1.050000e+002  2.295556e-001  0.000000e+000
 1.060000e+002  4.989297e-001  0.000000e+000
 1.070000e+002  2.365894e-001  0.000000e+000
 1.080000e+002  9.671780e-002  0.000000e+000
 1.090000e+002  5.172960e-001  0.000000e+000
 1.100000e+002  6.429325e-001  0.000000e+000
 1.110000e+002  1.907714e-001  0.000000e+000
 1.120000e+002  6.882176e-001  0.000000e+000
 1.130000e+002  6.877425e-001  0.000000e+000
 1.140000e+002  7.099155e-001  0.000000e+000
 1.150000e+002  4.561947e-001  0.000000e+000
 1.160000e+002  2.121600e-001  0.000000e+000
 1.170000e+002  1.888957e-002  0.000000e+000
 1.180000e+002  2.973097e-002  0.000000e+000
 1.190000e+002  3.316300e-001  0.000000e+000
 1.200000e+002  1.849198e-001  0.000000e+000
 1.210000e+002  3.434168e-001  0.000000e+000
 1.220000e+002  4.088847e-001  0.000000e+000
 1.230000e+002  9.382667e-002  0.000000e+000
 1.240000e+002  1.394926e-001  0.000000e+000
 1.250000e+002  2.965802e-002  0.000000e+000
 1.260000e+002  5.095701e-002  0.000000e+000
 1.270000e+002  2.192591e-001  0.000000e+000
 1.280000e+002  2.489988e-001  0.000000e+000
 1.290000e+002  4.437790e-002  0.000000e+000
 1.300000e+002  1.941931e-001  0.000000e+000
 1.310000e+002  3.116112e-001  0.000000e+000
 1.320000e+002  3.264283e-001  0.000000e+000
 1.330000e+002  2.838008e-001  0.000000e+000
 1.340000e+002  5.334736e-002  0.000000e+000
 1.350000e+002  9.277146e-002  0.000000e+000
 1.360000e+002  1.127022e-001  0.000000e+000
 1.370000e+002  1.701762e-001  0.000000e+000
 1.380000e+002  2.470564e-001  0.000000e+000
 1.390000e+002  2.923339e-001  0.000000e+000
 1.400000e+002  1.937616e-001  0.000000e+000
 1.410000e+002  1.932321e-001  0.000000e+000
 1.420000e+002  1.101257e-001  0.000000e+000
 1.430000e+002  9.867449e-003  0.000000e+000
 1.440000e+002  7.136913e-002  0.000000e+000
 1.450000e+002  1.598421e-001  0.000000e+000
 1.460000e+002  5.477288e-002  0.000000e+000
 1.470000e+002  9.906865e-002  0.000000e+000
 1.480000e+002  2.552164e-001  0.000000e+000
 1.490000e+002  3.079910e-001  0.000000e+000
 1.500000e+002  2.249021e-001  0.000000e+000
 1.510000e+002  3.341163e-001  0.000000e+000
 1.520000e+002  2.079970e-001  0.000000e+000
 1.530000e+002  8.399792e-002  0.000000e+000
 1.540000e+002  3.854663e-001  0.000000e+000
 1.550000e+002  2.715013e-001  0.000000e+000
 1.560000e+002  2.692673e-001  0.000000e+000
 1.570000e+002  2.481808e-001  0.000000e+000
 1.580000e+002  1.378843e-001  0.000000e+000
 1.590000e+002  1.042020e-002  0.000000e+000
 1.600000e+002  6.864689e-002  0.000000e+000
 1.610000e+002  2.717977e-002  0.000000e+000
 1.620000e+002  5.001858e-002  0.000000e+000
 1.630000e+002  1.646130e-001  0.000000e+000
 1.640000e+002  2.963516e-001  0.000000e+000
 1.650000e+002  5.645463e-002  0.000000e+000
 1.660000e+002  1.225942e-001  0.000000e+000
 1.670000e+002  5.039486e-001  0.000000e+000
 1.680000e+002  4.055825e-001  0.000000e+000
 1.690000e+002  2.379511e-001  0.000000e+000
 1.700000e+002  1.727898e-001  0.000000e+000
 1.710000e+002  9.034485e-002  0.000000e+000
 1.720000e+002  1.701914e-001  0.000000e+000
 1.730000e+002  3.592069e-001  0.000000e+000
 1.740000e+002  9.994769e-002  0.000000e+000
 1.750000e+002  3.197313e-001  0.000000e+000
 1.760000e+002  2.542986e-001  0.000000e+000
 1.770000e+002  1.747553e-002  0.000000e+000
 1.780000e+002  1.538942e-001  0.000000e+000
 1.790000e+002  1.078540e-001  0.000000e+000
 1.800000e+002  8.943901e-002  0.000000e+000
 1.810000e+002  2.301742e-001  0.000000e+000
 1.820000e+002  4.730465e-002  0.000000e+000
 1.830000e+002  6.381387e-002  0.000000e+000
 1.840000e+002  1.004420e-001  0.000000e+000
 1.850000e+002  1.520415e-001  0.000000e+000
 1.860000e+002  6.793445e-002  0.000000e+000
 1.870000e+002  2.594166e-001  0.000000e+000
 1.880000e+002  6.634042e-002  0.000000e+000
 1.890000e+002  1.830183e-002  0.000000e+000
 1.900000e+002  8.009103e-002  0.000000e+000
 1.910000e+002  2.486003e-001  0.000000e+000
 1.920000e+002  1.813787e-001  0.000000e+000
 1.930000e+002  3.024037e-001  0.000000e+000
 1.940000e+002  3.007898e-001  0.000000e+000
 1.950000e+002  3.478334e-002  0.000000e+000
 1.960000e+002  1.101722e-001  0.000000e+000
 1.970000e+002  1.187346e-001  0.000000e+000
 1.980000e+002  2.285731e-001  0.000000e+000
 1.990000e+002  2.339292e-001  0.000000e+000
 2.000000e+002  1.237351e-001  0.000000e+000
 2.010000e+002  3.922523e-002  0.000000e+000
 2.020000e+002  2.161520e-002  0.000000e+000
 2.030000e+002  3.216258e-002  0.000000e+000
 2.040000e+002  2.307178e-001  0.000000e+000
 2.050000e+002  3.615302e-001  0.000000e+000
 2.060000e+002  4.270374e-002  0.000000e+000
 2.070000e+002  4.220759e-002  0.000000e+000
 2.080000e+002  2.415693e-001  0.000000e+000
 2.090000e+002  2.562328e-001  0.000000e+000
 2.100000e+002  1.755272e-001  0.000000e+000
 2.110000e+002  5.805589e-002  0.000000e+000
 2.120000e+002  5.743489e-002  0.000000e+000
 2.130000e+002  6.114559e-002  0.000000e+000
 2.140000e+002  9.776915e-002  0.000000e+000
 2.150000e+002  2.401757e-001  0.000000e+000
 2.160000e+002  3.652583e-002  0.000000e+000
 2.170000e+002  8.259138e-002  0.000000e+000
 2.180000e+002  6.148393e-002  0.000000e+000
 2.190000e+002  1.300242e-002  0.000000e+000
 2.200000e+002  7.130876e-002  0.000000e+000
 2.210000e+002  3.287608e-001  0.000000e+000
 2.220000e+002  9.453796e-002  0.000000e+000
 2.230000e+002  1.395742e-001  0.000000e+000
 2.240000e+002  9.376380e-002  0.000000e+000
 2.250000e+002  3.801338e-002  0.000000e+000
 2.260000e+002  6.090202e-002  0.000000e+000
 2.270000e+002  1.459163e-001  0.000000e+000
 2.280000e+002  2.596919e-001  0.000000e+000
 2.290000e+002  1.701322e-001  0.000000e+000
 2.300000e+002  3.112876e-002  0.000000e+000
 2.310000e+002  1.831827e-001  0.000000e+000
 2.320000e+002  3.021480e-001  0.000000e+000
 2.330000e+002  3.436093e-001  0.000000e+000
 2.340000e+002  2.391518e-001  0.000000e+000
 2.350000e+002  3.783954e-001  0.000000e+000
 2.360000e+002  2.505477e-001  0.000000e+000
 2.370000e+002  4.593239e-002  0.000000e+000
 2.380000e+002  1.428767e-001  0.000000e+000
 2.390000e+002  1.308690e-001  0.000000e+000
 2.400000e+002  5.458578e-002  0.000000e+000
 2.410000e+002  1.849142e-002  0.000000e+000
 2.420000e+002  7.774398e-002  0.000000e+000
 2.430000e+002  7.789503e-002  0.000000e+000
 2.440000e+002  1.764994e-001  0.000000e+000
 2.450000e+002  1.804359e-001  0.000000e+000
 2.460000e+002  1.569533e-001  0.000000e+000
 2.470000e+002  8.122888e-003  0.000000e+000
 2.480000e+002  2.746230e-001  0.000000e+000
 2.490000e+002  4.698801e-002  0.000000e+000
 2.500000e+002  1.599115e-001  0.000000e+000
 2.510000e+002  1.101266e-001  0.000000e+000
 2.520000e+002  5.224003e-002  0.000000e+000
 2.530000e+002  1.959894e-001  0.000000e+000
 2.540000e+002  8.605809e-002  0.000000e+000
 2.550000e+002  7.844345e-002  0.000000e+000
 2.560000e+002  1.421655e-001  0.000000e+000
 2.570000e+002  3.448291e-001  0.000000e+000
 2.580000e+002  8.362509e-002  0.000000e+000
 2.590000e+002  4.572400e-001  0.000000e+000
 2.600000e+002  3.069728e-001  0.000000e+000
 2.610000e+002  1.235505e-001  0.000000e+000
 2.620000e+002  1.319378e-001  0.000000e+000
 2.630000e+002  1.028110e-001  0.000000e+000
 2.640000e+002  1.686674e-001  0.000000e+000
 2.650000e+002  1.033726e-001  0.000000e+000
 2.660000e+002  1.190528e-002  0.000000e+000
 2.670000e+002  4.836537e-002  0.000000e+000
 2.680000e+002  1.733699e-001  0.000000e+000
 2.690000e+002  2.411906e-001  0.000000e+000
 2.700000e+002  2.506504e-001  0.000000e+000
 2.710000e+002  3.587128e-001  0.000000e+000
 2.720000e+002  2.566068e-001  0.000000e+000
 2.730000e+002  2.206345e-001  0.000000e+000
 2.740000e+002  2.782868e-001  0.000000e+000
 2.750000e+002  2.621723e-001  0.000000e+000
 2.760000e+002  3.161269e-001  0.000000e+000
 2.770000e+002  2.638039e-001  0.000000e+000
 2.780000e+002  1.609887e-001  0.000000e+000
 2.790000e+002  1.221093e-001  0.000000e+000
 2.800000e+002  1.298544e-001  0.000000e+000
 2.810000e+002  4.056580e-001  0.000000e+000
 2.820000e+002  2.691001e-001  0.000000e+000
 2.830000e+002  3.976091e-001  0.000000e+000
 2.840000e+002  4.615351e-001  0.000000e+000
 2.850000e+002  2.151275e-002  0.000000e+000
 2.860000e+002  2.947881e-001  0.000000e+000
 2.870000e+002  4.869253e-001  0.000000e+000
 2.880000e+002  3.267181e-001  0.000000e+000
 2.890000e+002  1.481594e-001  0.000000e+000
 2.900000e+002  3.961204e-001  0.000000e+000
 2.910000e+002  2.704718e-001  0.000000e+000
 2.920000e+002  2.743936e-001  0.000000e+000
 2.930000e+002  3.819843e-001  0.000000e+000
 2.940000e+002  3.321901e-001  0.000000e+000
 2.950000e+002  3.829356e-001  0.000000e+000
 2.960000e+002  2.842274e-001  0.000000e+000
 2.970000e+002  8.136957e-002  0.000000e+000
 2.980000e+002  3.252792e-002  0.000000e+000
 2.990000e+002  2.903917e-001  0.000000e+000
 3.000000e+002  1.423963e-002  0.000000e+000
 3.010000e+002  4.447578e-001  0.000000e+000
 3.020000e+002  3.306852e-001  0.000000e+000
 3.030000e+002  7.519923e-002  0.000000e+000
 3.040000e+002  2.397163e-001  0.000000e+000
 3.050000e+002  3.339726e-001  0.000000e+000
 3.060000e+002  4.209222e-001  0.000000e+000
 3.070000e+002  1.313583e-001  0.000000e+000
 3.080000e+002  1.523392e-001  0.000000e+000
 3.090000e+002  8.981685e-002  0.000000e+000
 3.100000e+002  3.497415e-001  0.000000e+000
 3.110000e+002  7.655872e-002  0.000000e+000
 3.120000e+002  3.196451e-001  0.000000e+000
 3.130000e+002  4.670327e-001  0.000000e+000
 3.140000e+002  2.409428e-001  0.000000e+000
 3.150000e+002  3.703010e-002  0.000000e+000
 3.160000e+002  3.455102e-001  0.000000e+000
 3.170000e+002  2.702988e-001  0.000000e+000
 3.180000e+002  5.734386e-001  0.000000e+000
 3.190000e+002  3.343500e-001  0.000000e+000
 3.200000e+002  2.883582e-001  0.000000e+000
 3.210000e+002  2.032048e-002  0.000000e+000
 3.220000e+002  2.027085e-001  0.000000e+000
 3.230000e+002  1.429245e-001  0.000000e+000
 3.240000e+002  6.248692e-002  0.000000e+000
 3.250000e+002  8.624719e-002  0.000000e+000
 3.260000e+002  2.457469e-002  0.000000e+000
 3.270000e+002  1.986753e-003  0.000000e+000
 3.280000e+002  4.666895e-002  0.000000e+000
 3.290000e+002  8.669885e-002  0.000000e+000
 3.300000e+002  5.485176e-002  0.000000e+000
 3.310000e+002  4.067511e-002  0.000000e+000
 3.320000e+002  3.726753e-001  0.000000e+000
 3.330000e+002  9.533492e-002  0.000000e+000
 3.340000e+002  6.107890e-002  0.000000e+000
 3.350000e+002  1.839924e-001  0.000000e+000
 3.360000e+002  7.652655e-003  0.000000e+000
 3.370000e+002  1.458085e-001  0.000000e+000
 3.380000e+002  9.962735e-002  0.000000e+000
 3.390000e+002  1.396825e-001  0.000000e+000
 3.400000e+002  4.915442e-002  0.000000e+000
 3.410000e+002  1.303252e-001  0.000000e+000
 3.420000e+002  1.676902e-001  0.000000e+000
 3.430000e+002  5.499483e-002  0.000000e+000
 3.440000e+002  6.985650e-002  0.000000e+000
 3.450000e+002  3.371046e-002  0.000000e+000
 3.460000e+002  3.859995e-003  0.000000e+000
 3.470000e+002  1.131113e-001  0.000000e+000
 3.480000e+002  1.490761e-001  0.000000e+000
 3.490000e+002  1.833232e-001  0.000000e+000
 3.500000e+002  6.048501e-002  0.000000e+000
 3.510000e+002  1.262952e-002  0.000000e+000
 3.520000e+002  7.361802e-002  0.000000e+000
 3.530000e+002  6.503592e-002  0.000000e+000
 3.540000e+002  7.197644e-002  0.000000e+000
 3.550000e+002  4.412493e-002  0.000000e+000
 3.560000e+002  1.580710e-002  0.000000e+000
 3.570000e+002  9.733759e-002  0.000000e+000
 3.580000e+002  7.811289e-002  0.000000e+000
 3.590000e+002  2.089558e-002  0.000000e+000
 3.600000e+002  2.892951e-002  0.000000e+000
 3.610000e+002  4.115256e-002  0.000000e+000
 3.620000e+002  5.191916e-002  0.000000e+000
 3.630000e+002  1.422889e-002  0.000000e+000
 3.640000e+002  1.051400e-001  0.000000e+000
 3.650000e+002  1.949282e-001  0.000000e+000
 3.660000e+002  3.671213e-002  0.000000e+000
 3.670000e+002  7.939586e-002  0.000000e+000
 3.680000e+002  2.633409e-002  0.000000e+000
 3.690000e+002  5.792080e-002  0.000000e+000
 3.700000e+002  1.371494e-001  0.000000e+000
 3.710000e+002  7.220900e-002  0.000000e+000
 3.720000e+002  1.005123e-001  0.000000e+000
 3.730000e+002  1.357227e-001  0.000000e+000
 3.740000e+002  7.367131e-004  0.000000e+000
 3.750000e+002  2.796648e-002  0.000000e+000
 3.760000e+002  3.563236e-003  0.000000e+000
 3.770000e+002  3.567418e-002  0.000000e+000
 3.780000e+002  2.918889e-002  0.000000e+000
 3.790000e+002  1.525692e-002  0.000000e+000
 3.800000e+002  1.265585e-001  0.000000e+000
 3.810000e+002  1.646735e-001  0.000000e+000
 3.820000e+002  5.981543e-002  0.000000e+000
 3.830000e+002  2.649471e-003  0.000000e+000
 3.840000e+002  6.860760e-002  0.000000e+000
 3.850000e+002  2.058002e-002  0.000000e+000
 3.860000e+002  2.316885e-003  0.000000e+000
 3.870000e+002  1.207322e-002  0.000000e+000
 3.880000e+002  8.448774e-002  0.000000e+000
 3.890000e+002  9.142073e-002  0.000000e+000
 3.900000e+002  1.586546e-001  0.000000e+000
 3.910000e+002  1.902121e-001  0.000000e+000
 3.920000e+002  1.724238e-002  0.000000e+000
 3.930000e+002  3.982979e-002  0.000000e+000
 3.940000e+002  5.954442e-002  0.000000e+000
 3.950000e+002  6.556165e-002  0.000000e+000
 3.960000e+002  1.955514e-001  0.000000e+000
 3.970000e+002  6.499084e-006  0.000000e+000
 3.980000e+002  1.237081e-001  0.000000e+000
 3.990000e+002  3.423753e-002  0.000000e+000
 4.000000e+002  1.648217e-001  0.000000e+000
 4.010000e+002  3.299191e-002  0.000000e+000
 4.020000e+002  2.603117e-001  0.000000e+000
 4.030000e+002  2.122407e-002  0.000000e+000
 4.040000e+002  4.107113e-002  0.000000e+000
 4.050000e+002  3.032995e-002  0.000000e+000
 4.060000e+002  1.793596e-001  0.000000e+000
 4.070000e+002  5.721220e-002  0.000000e+000
 4.080000e+002  5.633007e-002  0.000000e+000
 4.090000e+002  7.217076e-002  0.000000e+000
 4.100000e+002  1.101408e-001  0.000000e+000
 4.110000e+002  1.865623e-001  0.000000e+000
 4.120000e+002  1.394828e-001  0.000000e+000
 4.130000e+002  4.558298e-002  0.000000e+000
 4.140000e+002  1.238157e-001  0.000000e+000
 4.150000e+002  2.023928e-001  0.000000e+000
 4.160000e+002  1.503742e-001  0.000000e+000
 4.170000e+002  1.455576e-001  0.000000e+000
 4.180000e+002  3.900418e-002  0.000000e+000
 4.190000e+002  4.946131e-002  0.000000e+000
 4.200000e+002  7.843640e-002  0.000000e+000
 4.210000e+002  1.087649e-001  0.000000e+000
 4.220000e+002  8.818797e-002  0.000000e+000
 4.230000e+002  1.148933e-001  0.000000e+000
 4.240000e+002  2.235556e-002  0.000000e+000
 4.250000e+002  2.458059e-001  0.000000e+000
 4.260000e+002  1.216474e-001  0.000000e+000
 4.270000e+002  2.639387e-001  0.000000e+000
 4.280000e+002  9.552996e-002  0.000000e+000
 4.290000e+002  1.649141e-001  0.000000e+000
 4.300000e+002  1.503699e-001  0.000000e+000
 4.310000e+002  6.773718e-002  0.000000e+000
 4.320000e+002  1.460460e-002  0.000000e+000
 4.330000e+002  2.943176e-001  0.000000e+000
 4.340000e+002  2.694455e-001  0.000000e+000
 4.350000e+002  9.984761e-002  0.000000e+000
 4.360000e+002  5.186880e-002  0.000000e+000
 4.370000e+002  7.852376e-002  0.000000e+000
 4.380000e+002  1.498589e-001  0.000000e+000
 4.390000e+002  1.486017e-001  0.000000e+000
 4.400000e+002  9.613361e-002  0.000000e+000
 4.410000e+002  2.071111e-002  0.000000e+000
 4.420000e+002  7.384152e-002  0.000000e+000
 4.430000e+002  2.343533e-001  0.000000e+000
 4.440000e+002  1.264843e-001  0.000000e+000
 4.450000e+002  1.382523e-001  0.000000e+000
 4.460000e+002  2.432900e-001  0.000000e+000
 4.470000e+002  1.638503e-001  0.000000e+000
 4.480000e+002  6.479879e-002  0.000000e+000
 4.490000e+002  5.772740e-002  0.000000e+000
 4.500000e+002  6.103178e-002  0.000000e+000
 4.510000e+002  9.729338e-002  0.000000e+000
 4.520000e+002  1.902027e-001  0.000000e+000
 4.530000e+002  3.030397e-002  0.000000e+000
 4.540000e+002  2.689241e-002  0.000000e+000
 4.550000e+002  8.403304e-002  0.000000e+000
 4.560000e+002  1.017811e-001  0.000000e+000
 4.570000e+002  8.912313e-003  0.000000e+000
 4.580000e+002  1.439044e-001  0.000000e+000
 4.590000e+002  3.309444e-002  0.000000e+000
 4.600000e+002  3.712695e-002  0.000000e+000
 4.610000e+002  9.012458e-002  0.000000e+000
 4.620000e+002  1.566582e-002  0.000000e+000
 4.630000e+002  2.183889e-002  0.000000e+000
 4.640000e+002  1.495163e-003  0.000000e+000
 4.650000e+002  3.141409e-002  0.000000e+000
 4.660000e+002  9.453125e-002  0.000000e+000
 4.670000e+002  1.181678e-001  0.000000e+000
 4.680000e+002  4.174749e-002  0.000000e+000
 4.690000e+002  4.418772e-002  0.000000e+000
 4.700000e+002  6.582274e-002  0.000000e+000
 4.710000e+002  5.290358e-002  0.000000e+000
 4.720000e+002  2.252419e-002  0.000000e+000
 4.730000e+002  2.671043e-001  0.000000e+000
 4.740000e+002  1.528818e-001  0.000000e+000
 4.750000e+002  5.940311e-002  0.000000e+000
 4.760000e+002  2.616781e-002  0.000000e+000
 4.770000e+002  6.549399e-003  0.000000e+000
 4.780000e+002  3.758484e-003  0.000000e+000
 4.790000e+002  1.268727e-001  0.000000e+000
 4.800000e+002  7.175234e-003  0.000000e+000
 4.810000e+002  9.022269e-002  0.000000e+000
 4.820000e+002  5.221044e-002  0.000000e+000
 4.830000e+002  1.551448e-001  0.000000e+000
 4.840000e+002  9.056988e-002  0.000000e+000
 4.850000e+002  1.389384e-001  0.000000e+000
 4.860000e+002  1.470707e-002  0.000000e+000
 4.870000e+002  4.608968e-002  0.000000e+000
 4.880000e+002  7.206376e-003  0.000000e+000
 4.890000e+002  8.259305e-002  0.000000e+000
 4.900000e+002  1.961991e-001  0.000000e+000
 4.910000e+002  2.305401e-002  0.000000e+000
 4.920000e+002  1.036462e-001  0.000000e+000
 4.930000e+002  6.388492e-002  0.000000e+000
 4.940000e+002  6.511649e-002  0.000000e+000
 4.950000e+002  3.513781e-002  0.000000e+000
 4.960000e+002  7.458127e-002  0.000000e+000
 4.970000e+002  4.931730e-002  0.000000e+000
 4.980000e+002  2.117981e-001  0.000000e+000
 4.990000e+002  3.327303e-001  0.000000e+000
 5.000000e+002  1.112965e-001  0.000000e+000
 5.010000e+002  1.066447e-003  0.000000e+000
 5.020000e+002  1.524363e-001  0.000000e+000
 5.030000e+002  1.101299e-001  0.000000e+000
 5.040000e+002  6.835592e-002  0.000000e+000
 5.050000e+002  1.594545e-001  0.000000e+000
 5.060000e+002  2.092796e-001  0.000000e+000
 5.070000e+002  6.854779e-002  0.000000e+000
 5.080000e+002  1.037922e-001  0.000000e+000
 5.090000e+002  8.093817e-002  0.000000e+000
 5.100000e+002  2.219966e-002  0.000000e+000
 5.110000e+002  5.531245e-002  0.000000e+000
 5.120000e+002  1.263092e-001  0.000000e+000
