 0.000000e+000  1.758586e-007  0.000000e+000
 5.000000e-001 -1.514788e-006 -1.639402e-006
 1.000000e+000 -2.560972e-006 -1.198352e-006
 1.500000e+000 -2.889340e-006 -8.382449e-007
 2.000000e+000 -3.092506e-006 -5.237412e-007
 2.500000e+000 -3.097421e-006 -3.547137e-007
 3.000000e+000 -3.204460e-006 -2.685614e-007
 3.500000e+000 -3.268045e-006 -1.137198e-008
 4.000000e+000 -3.657518e-006  4.189616e-007
 4.500000e+000 -3.085794e-006  4.244862e-009
 5.000000e+000 -3.090950e-006  5.479731e-008
 5.500000e+000 -3.233342e-006  2.869353e-007
 6.000000e+000 -3.260213e-006  2.732407e-007
 6.500000e+000 -3.317447e-006  3.305678e-007
 7.000000e+000 -3.427784e-006  5.433700e-007
 7.500000e+000 -3.323791e-006  4.002369e-007
 8.000000e+000 -3.649218e-006  7.629742e-007
 8.500000e+000 -3.735923e-006  9.228983e-007
 9.000000e+000 -3.718820e-006  1.128846e-006
 9.500000e+000 -3.857527e-006  1.199433e-006
 1.000000e+001 -3.841813e-006  1.426889e-006
 1.050000e+001 -3.939770e-006  1.577453e-006
 1.100000e+001 -3.980141e-006  1.873320e-006
 1.150000e+001 -4.124485e-006  2.216601e-006
 1.200000e+001 -4.032585e-006  2.383941e-006
 1.250000e+001 -4.346189e-006  3.216794e-006
 1.300000e+001 -4.152782e-006  4.028246e-006
 1.350000e+001 -4.245393e-006  5.643361e-006
 1.400000e+001 -3.611384e-006  8.649009e-006
 1.450000e+001 -1.991429e-006  1.847059e-005
 1.500000e+001 -3.380753e-005 -2.633637e-004
 1.550000e+001 -8.938109e-006 -1.594820e-005
 1.600000e+001 -8.440585e-006 -8.474083e-006
 1.650000e+001 -8.227813e-006 -5.701850e-006
 1.700000e+001 -9.049907e-006 -4.230611e-006
 1.750000e+001 -9.458611e-006 -3.498792e-006
 1.800000e+001 -1.033625e-005 -2.595928e-006
 1.850000e+001 -1.165889e-005 -1.773770e-006
 1.900000e+001 -1.329632e-005 -1.453719e-006
 1.950000e+001 -1.529953e-005 -1.417081e-006
 2.000000e+001 -1.810934e-005 -5.751724e-007
 2.050000e+001 -2.324283e-005  8.133519e-007
 2.100000e+001 -3.291719e-005  1.938879e-006
 2.150000e+001 -5.686813e-005  8.464768e-006
 2.200000e+001 -1.046333e-004  8.502643e-005
 2.250000e+001  1.029039e-004  3.594512e-005
 2.300000e+001  4.402236e-005  3.947439e-006
 2.350000e+001  2.665153e-005  1.030248e-006
 2.400000e+001  1.974146e-005  5.730246e-007
 2.450000e+001  1.462850e-005 -9.651247e-007
 2.500000e+001  1.215319e-005 -9.529123e-007
 2.550000e+001  1.030996e-005 -8.870447e-007
 2.600000e+001  8.846571e-006 -9.229671e-007
 2.650000e+001  7.912956e-006 -1.034496e-006
 2.700000e+001  6.974071e-006 -9.097107e-007
 2.750000e+001  6.148315e-006 -8.814303e-007
 2.800000e+001  5.653377e-006 -1.257251e-006
 2.850000e+001  5.068035e-006 -1.044561e-006
 2.900000e+001  4.550177e-006 -1.132396e-006
 2.950000e+001  4.000979e-006 -1.338631e-006
 3.000000e+001  5.614625e-006  2.529605e-006
 3.050000e+001  3.876198e-006 -4.206481e-007
 3.100000e+001  3.515671e-006 -5.379269e-007
 3.150000e+001  3.260698e-006 -5.696003e-007
 3.200000e+001  3.148644e-006 -6.853218e-007
 3.250000e+001  2.848109e-006 -5.649891e-007
 3.300000e+001  2.667185e-006 -5.607184e-007
 3.350000e+001  2.503460e-006 -5.510502e-007
 3.400000e+001  2.418070e-006 -5.549234e-007
 3.450000e+001  2.280435e-006 -5.415509e-007
 3.500000e+001  2.171581e-006 -5.339571e-007
 3.550000e+001  2.035606e-006 -4.960045e-007
 3.600000e+001  2.000833e-006 -5.342184e-007
 3.650000e+001  1.894931e-006 -5.592198e-007
 3.700000e+001  1.660947e-006 -4.674019e-007
 3.750000e+001  1.775042e-006 -5.242552e-007
 3.800000e+001  1.552405e-006 -4.778999e-007
 3.850000e+001  1.524769e-006 -4.652990e-007
 3.900000e+001  1.443576e-006 -3.953144e-007
 3.950000e+001  1.393230e-006 -4.673480e-007
 4.000000e+001  1.337548e-006 -4.604529e-007
 4.050000e+001  1.287337e-006 -4.628552e-007
 4.100000e+001  1.223463e-006 -3.758319e-007
 4.150000e+001  1.156892e-006 -4.314209e-007
 4.200000e+001  1.147893e-006 -4.755814e-007
 4.250000e+001  1.184867e-006 -4.534270e-007
 4.300000e+001  1.070540e-006 -4.048444e-007
 4.350000e+001  1.107211e-006 -4.628950e-007
 4.400000e+001  1.220626e-006 -5.102203e-007
 4.450000e+001  1.508898e-006 -8.637703e-007
 4.500000e+001 -1.397649e-006  1.767132e-006
 4.550000e+001  2.909444e-007 -3.344778e-009
 4.600000e+001  4.725587e-007 -9.979725e-008
 4.650000e+001  5.286445e-007 -1.871669e-007
 4.700000e+001  5.228765e-007 -1.429074e-007
 4.750000e+001  5.520880e-007 -2.021094e-007
 4.800000e+001  4.719265e-007 -2.019100e-007
 4.850000e+001  3.834425e-007 -2.084703e-007
 4.900000e+001  4.256502e-007 -9.382324e-008
 4.950000e+001  4.736744e-007 -1.614520e-007
 5.000000e+001  4.282381e-007 -1.827338e-007
 5.050000e+001  4.265544e-007 -1.785756e-007
 5.100000e+001  3.875583e-007 -1.924681e-007
 5.150000e+001  3.424318e-007 -1.596287e-007
 5.200000e+001  2.962469e-007 -2.019723e-007
 5.250000e+001  1.958878e-007 -2.917653e-007
 5.300000e+001  1.720233e-007 -2.222252e-007
 5.350000e+001  1.809225e-007 -1.881436e-007
 5.400000e+001  1.416399e-007 -2.448878e-007
 5.450000e+001  1.053934e-007 -2.210566e-007
 5.500000e+001  9.704522e-009 -1.847391e-007
 5.550000e+001  4.429129e-008 -1.725240e-007
 5.600000e+001  1.354014e-008 -2.075493e-007
 5.650000e+001  4.448505e-009 -1.619670e-007
 5.700000e+001 -6.053499e-009 -2.500078e-007
 5.750000e+001 -1.546093e-007 -2.938703e-007
 5.800000e+001 -1.423709e-007 -2.075717e-007
 5.850000e+001 -2.733712e-007 -2.788086e-007
 5.900000e+001 -3.876379e-007 -3.098933e-007
 5.950000e+001 -9.248217e-007 -2.722416e-007
 6.000000e+001  2.037354e-006  1.211659e-007
 6.050000e+001  1.236055e-007 -1.299723e-007
 6.100000e+001 -5.989468e-008 -1.620993e-007
 6.150000e+001 -1.666541e-007 -1.843783e-007
 6.200000e+001 -2.341064e-007 -2.583452e-007
 6.250000e+001 -2.839063e-007 -1.584989e-007
 6.300000e+001 -3.488752e-007 -1.754432e-007
 6.350000e+001 -3.837358e-007 -1.607782e-007
 6.400000e+001 -5.480275e-007 -1.847989e-007
 6.450000e+001 -4.847194e-007 -1.291174e-007
 6.500000e+001 -5.855777e-007 -1.495436e-007
 6.550000e+001 -6.022694e-007 -1.707254e-007
 6.600000e+001 -7.117819e-007 -1.535009e-007
 6.650000e+001 -7.579747e-007 -2.436377e-007
 6.700000e+001 -8.554381e-007 -2.456037e-007
 6.750000e+001 -9.249576e-007 -2.379282e-007
 6.800000e+001 -1.039460e-006 -2.233991e-007
 6.850000e+001 -1.064724e-006 -2.541894e-007
 6.900000e+001 -1.253667e-006 -2.925254e-007
 6.950000e+001 -1.357479e-006 -1.993366e-007
 7.000000e+001 -1.382523e-006 -3.154593e-007
 7.050000e+001 -1.600468e-006 -2.768714e-007
 7.100000e+001 -1.739302e-006 -2.999943e-007
 7.150000e+001 -1.824716e-006 -3.677236e-007
 7.200000e+001 -2.190238e-006 -3.344348e-007
 7.250000e+001 -2.022733e-006 -2.921895e-007
 7.300000e+001 -2.203295e-006 -3.303213e-007
 7.350000e+001 -2.408924e-006 -4.375527e-007
 7.400000e+001 -2.466298e-006 -6.837235e-007
 7.450000e+001 -1.952984e-006 -1.380524e-006
 7.500000e+001 -7.917423e-006  2.819163e-006
 7.550000e+001 -5.692761e-006  4.243044e-007
 7.600000e+001 -6.237856e-006  1.685457e-007
 7.650000e+001 -7.394817e-006 -3.247103e-008
 7.700000e+001 -9.779053e-006  3.257606e-007
 7.750000e+001 -1.299610e-005  1.484664e-007
 7.800000e+001 -1.965359e-005  1.998423e-006
 7.850000e+001 -3.577227e-005  1.359352e-005
 7.900000e+001  1.117500e-005  8.558985e-005
 7.950000e+001  2.801050e-005  1.455799e-005
 8.000000e+001  1.646246e-005  5.781484e-006
 8.050000e+001  1.184831e-005  3.369230e-006
 8.100000e+001  9.157870e-006  2.392983e-006
 8.150000e+001  7.459628e-006  1.650338e-006
 8.200000e+001  6.386894e-006  1.487514e-006
 8.250000e+001  5.498322e-006  1.189091e-006
 8.300000e+001  4.857901e-006  1.028721e-006
 8.350000e+001  4.362658e-006  8.171203e-007
 8.400000e+001  3.981549e-006  8.757202e-007
 8.450000e+001  3.646252e-006  7.395992e-007
 8.500000e+001  3.376571e-006  5.992493e-007
 8.550000e+001  3.120367e-006  7.160533e-007
 8.600000e+001  2.956408e-006  6.188972e-007
 8.650000e+001  2.786853e-006  6.008336e-007
 8.700000e+001  2.626115e-006  6.041133e-007
 8.750000e+001  2.453185e-006  5.989623e-007
 8.800000e+001  2.416234e-006  4.625079e-007
 8.850000e+001  2.295000e-006  5.292472e-007
 8.900000e+001  2.162586e-006  4.660480e-007
 8.950000e+001  1.977691e-006  5.793067e-007
 9.000000e+001  2.240128e-006  2.872045e-007
 9.050000e+001  2.022032e-006  3.927862e-007
 9.100000e+001  1.912873e-006  4.074946e-007
 9.150000e+001  1.892836e-006  4.334177e-007
 9.200000e+001  1.539413e-006  3.500054e-007
 9.250000e+001  1.731671e-006  3.393925e-007
 9.300000e+001  1.646235e-006  3.826134e-007
 9.350000e+001  1.575135e-006  3.684247e-007
 9.400000e+001  1.510913e-006  3.733742e-007
 9.450000e+001  1.489639e-006  3.629801e-007
 9.500000e+001  1.455343e-006  4.022706e-007
 9.550000e+001  1.398977e-006  3.565862e-007
 9.600000e+001  1.376546e-006  3.451897e-007
 9.650000e+001  1.369729e-006  3.488612e-007
 9.700000e+001  1.360044e-006  3.501483e-007
 9.750000e+001  1.296445e-006  3.172540e-007
 9.800000e+001  1.261531e-006  3.081664e-007
 9.850000e+001  1.238130e-006  3.122199e-007
 9.900000e+001  1.234363e-006  3.335478e-007
 9.950000e+001  1.204919e-006  3.026572e-007
 1.000000e+002  1.142055e-006  3.086083e-007
 1.005000e+002  1.127056e-006  2.964662e-007
 1.010000e+002  9.950319e-007  2.452785e-007
 1.015000e+002  1.023405e-006  3.664192e-007
 1.020000e+002  1.057747e-006  3.233704e-007
 1.025000e+002  1.048687e-006  4.097506e-007
 1.030000e+002  1.022238e-006  3.598370e-007
 1.035000e+002  1.015053e-006  4.453284e-007
 1.040000e+002  8.830355e-007  4.324645e-007
 1.045000e+002  7.324371e-007  6.509152e-007
 1.050000e+002  1.682205e-006 -3.871766e-007
 1.055000e+002  1.151747e-006  8.136200e-008
 1.060000e+002  1.124297e-006  2.765885e-007
 1.065000e+002  1.143538e-006  2.528745e-007
 1.070000e+002  1.037857e-006  2.017247e-007
 1.075000e+002  1.143148e-006  3.049240e-007
 1.080000e+002  1.080105e-006  2.035970e-007
 1.085000e+002  1.191535e-006  3.545928e-007
 1.090000e+002  1.350046e-006  5.303340e-009
 1.095000e+002  1.204779e-006 -9.623356e-008
 1.100000e+002  1.074546e-006  7.966424e-008
 1.105000e+002  1.084247e-006 -5.465450e-007
 1.110000e+002  9.816782e-007 -4.656708e-007
 1.115000e+002  7.635211e-007  1.063657e-007
 1.120000e+002  5.246206e-007 -4.766571e-007
 1.125000e+002  8.493528e-007 -2.941503e-008
 1.130000e+002  3.211318e-007 -2.500987e-008
 1.135000e+002 -4.731562e-008  2.104132e-007
 1.140000e+002  4.118154e-007  1.325964e-008
 1.145000e+002  5.225958e-007  1.751507e-007
 1.150000e+002  4.967113e-007  2.328153e-007
 1.155000e+002  5.024424e-007  2.333600e-007
 1.160000e+002  4.991089e-007  1.841153e-007
 1.165000e+002  5.202960e-007  2.400896e-007
 1.170000e+002  4.840615e-007  2.042546e-007
 1.175000e+002  3.851199e-007  2.605920e-007
 1.180000e+002  4.211674e-007  1.956048e-007
 1.185000e+002  3.672495e-007  2.033327e-007
 1.190000e+002  4.891495e-007  3.200453e-007
 1.195000e+002  3.525607e-007  4.068746e-007
 1.200000e+002  1.031277e-006 -3.735699e-007
 1.205000e+002  5.439918e-007  2.536175e-007
 1.210000e+002  5.407455e-007  2.602611e-007
 1.215000e+002  5.066296e-007  2.421773e-007
 1.220000e+002  4.394989e-007  2.860752e-007
 1.225000e+002  5.291105e-007  2.225821e-007
 1.230000e+002  4.381680e-007  3.081902e-007
 1.235000e+002  5.159429e-007  2.305740e-007
 1.240000e+002  4.894285e-007  2.829276e-007
 1.245000e+002  4.668749e-007  2.630959e-007
 1.250000e+002  4.543175e-007  2.010563e-007
 1.255000e+002  4.438578e-007  2.210477e-007
 1.260000e+002  4.749403e-007  2.619759e-007
 1.265000e+002  3.882424e-007  2.226985e-007
 1.270000e+002  4.051188e-007  2.208905e-007
 1.275000e+002  4.505408e-007  2.651709e-007
 1.280000e+002  4.618628e-007  2.203554e-007
 1.285000e+002  3.880021e-007  2.349964e-007
 1.290000e+002  3.816222e-007  2.615116e-007
 1.295000e+002  4.240921e-007  2.017614e-007
 1.300000e+002  3.629826e-007  2.258702e-007
 1.305000e+002  4.257899e-007  2.284586e-007
 1.310000e+002  3.855543e-007  2.277221e-007
 1.315000e+002  3.596068e-007  2.001129e-007
 1.320000e+002  3.648394e-007  2.080519e-007
 1.325000e+002  3.271299e-007  2.152322e-007
 1.330000e+002  3.149387e-007  1.889022e-007
 1.335000e+002  3.110498e-007  1.609317e-007
 1.340000e+002  3.450557e-007  4.819149e-008
 1.345000e+002  2.825381e-007 -7.320699e-007
 1.350000e+002  3.450843e-007  6.873098e-007
 1.355000e+002  5.247323e-007  3.451406e-007
 1.360000e+002  3.668555e-007  3.559095e-007
 1.365000e+002  3.898654e-007  3.286207e-007
 1.370000e+002  3.675327e-007  2.847545e-007
 1.375000e+002  3.373607e-007  3.164455e-007
 1.380000e+002  3.315567e-007  3.184816e-007
 1.385000e+002  2.849288e-007  3.383574e-007
 1.390000e+002  4.044111e-007  2.808603e-007
 1.395000e+002  3.390323e-007  3.072583e-007
 1.400000e+002  2.879801e-007  2.933552e-007
 1.405000e+002  3.122641e-007  2.888384e-007
 1.410000e+002  3.384302e-007  2.832594e-007
 1.415000e+002  3.240108e-007  2.789278e-007
 1.420000e+002  3.128155e-007  2.727788e-007
 1.425000e+002  3.058187e-007  2.641756e-007
 1.430000e+002  3.019262e-007  2.374450e-007
 1.435000e+002  3.141744e-007  2.797887e-007
 1.440000e+002  2.763045e-007  2.573535e-007
 1.445000e+002  3.136100e-007  2.794707e-007
 1.450000e+002  2.718834e-007  3.169996e-007
 1.455000e+002  2.850242e-007  2.893035e-007
 1.460000e+002  3.021836e-007  2.963190e-007
 1.465000e+002  3.042602e-007  3.109628e-007
 1.470000e+002  2.902517e-007  3.471851e-007
 1.475000e+002  3.333008e-007  3.442643e-007
 1.480000e+002  3.020206e-007  3.578248e-007
 1.485000e+002  3.631473e-007  4.375838e-007
 1.490000e+002  3.589374e-007  6.256246e-007
 1.495000e+002  4.382167e-007  1.237843e-006
 1.500000e+002 -4.061179e-008 -7.711859e-007
 1.505000e+002  1.357982e-007 -1.378172e-007
 1.510000e+002  1.622684e-007 -4.430764e-009
 1.515000e+002  1.843704e-007  5.064714e-008
 1.520000e+002  1.483738e-007  6.657756e-008
 1.525000e+002  1.809365e-007  9.340347e-008
 1.530000e+002  2.058621e-007  7.899387e-008
 1.535000e+002  2.086839e-007  1.333133e-007
 1.540000e+002  1.811788e-007  1.047526e-007
 1.545000e+002  2.092968e-007  1.575910e-007
 1.550000e+002  1.746990e-007  1.368088e-007
 1.555000e+002  1.965270e-007  1.436759e-007
 1.560000e+002  1.601844e-007  1.250526e-007
 1.565000e+002  1.856617e-007  1.297362e-007
 1.570000e+002  1.920842e-007  1.278855e-007
 1.575000e+002  1.876906e-007  1.353413e-007
 1.580000e+002  1.518559e-007  1.394665e-007
 1.585000e+002  1.385111e-007  1.802942e-007
 1.590000e+002  1.698789e-007  1.473753e-007
 1.595000e+002  1.858859e-007  1.527645e-007
 1.600000e+002  1.786845e-007  1.895622e-007
 1.605000e+002  1.943925e-007  1.325277e-007
 1.610000e+002  1.745491e-007  1.676625e-007
 1.615000e+002  1.842049e-007  1.655760e-007
 1.620000e+002  1.877784e-007  1.861790e-007
 1.625000e+002  1.987658e-007  1.941813e-007
 1.630000e+002  2.245647e-007  1.944203e-007
 1.635000e+002  2.503819e-007  2.173092e-007
 1.640000e+002  3.508330e-007  3.730063e-007
 1.645000e+002  1.309109e-006  1.315007e-006
 1.650000e+002 -1.050726e-007 -5.135363e-007
 1.655000e+002 -4.186821e-008 -5.069033e-008
 1.660000e+002  1.370927e-008  3.032991e-008
 1.665000e+002  2.928183e-008  4.540801e-008
 1.670000e+002  5.396433e-008  6.913340e-008
 1.675000e+002  7.989642e-008  6.362158e-008
 1.680000e+002  7.048312e-008  6.066739e-008
 1.685000e+002  5.800864e-008  5.955772e-008
 1.690000e+002  8.938191e-008  6.886953e-008
 1.695000e+002  9.551196e-008  9.290284e-008
 1.700000e+002  6.127458e-008  5.786777e-008
 1.705000e+002  6.266426e-008  8.008737e-008
 1.710000e+002  8.684159e-008  4.866230e-008
 1.715000e+002  9.231272e-008  7.427285e-008
 1.720000e+002  6.273543e-008  1.285081e-007
 1.725000e+002  5.460497e-008  4.795546e-008
 1.730000e+002  6.094878e-008  9.390763e-008
 1.735000e+002  1.008091e-007  1.100579e-007
 1.740000e+002  1.034086e-007  5.964392e-008
 1.745000e+002  4.918589e-008  7.837991e-008
 1.750000e+002  7.042939e-008  7.448291e-008
 1.755000e+002  6.290937e-008  1.004425e-007
 1.760000e+002  3.868769e-008  8.736172e-008
 1.765000e+002  6.441303e-008  8.074272e-008
 1.770000e+002  4.966307e-008  5.837611e-008
 1.775000e+002  3.219534e-008  6.354238e-008
 1.780000e+002  3.791964e-008  9.251522e-008
 1.785000e+002  7.060723e-009  8.298528e-008
 1.790000e+002 -4.814917e-008  6.456483e-008
 1.795000e+002 -4.656322e-007 -8.090355e-008
 1.800000e+002  2.774567e-007  3.469244e-008
 1.805000e+002  1.252995e-007  4.868305e-008
 1.810000e+002  1.239888e-007  5.893157e-008
 1.815000e+002  1.166083e-007  7.295595e-008
 1.820000e+002  1.060612e-007  5.468640e-008
 1.825000e+002  9.744817e-008  5.928313e-008
 1.830000e+002  7.270990e-008  4.056446e-008
 1.835000e+002  7.618540e-008  1.982593e-008
 1.840000e+002  7.992614e-008  3.422446e-008
 1.845000e+002  1.009856e-007  5.382986e-008
 1.850000e+002  9.714634e-008  2.623158e-008
 1.855000e+002  5.894682e-008  5.412764e-008
 1.860000e+002  1.112082e-007  4.170155e-008
 1.865000e+002  9.357118e-008  4.678618e-008
 1.870000e+002  7.420556e-008  1.499838e-008
 1.875000e+002  6.396957e-008  2.051361e-008
 1.880000e+002  3.333229e-008  1.380530e-009
 1.885000e+002  4.475104e-008  3.945827e-008
 1.890000e+002  6.979378e-008  3.514819e-008
 1.895000e+002  3.184854e-008  2.417455e-008
 1.900000e+002  6.532466e-008  1.123797e-008
 1.905000e+002  5.687011e-008  2.957871e-008
 1.910000e+002  8.248476e-008  1.366768e-008
 1.915000e+002  3.911459e-008  2.371535e-008
 1.920000e+002  6.069348e-008  3.513540e-009
 1.925000e+002  5.879767e-008 -2.640926e-008
 1.930000e+002  4.145311e-008  6.917054e-009
 1.935000e+002  2.949974e-008 -4.462727e-008
 1.940000e+002 -1.920480e-008 -1.048671e-007
 1.945000e+002 -1.853288e-006 -7.349910e-007
 1.950000e+002  2.633419e-007  9.960388e-008
 1.955000e+002  1.574587e-007  8.364876e-008
 1.960000e+002  1.340183e-007  7.055782e-008
 1.965000e+002  1.143062e-007  5.783991e-008
 1.970000e+002  8.665418e-008  4.690034e-008
 1.975000e+002  1.216236e-007  4.382878e-008
 1.980000e+002  8.005105e-008  2.990173e-008
 1.985000e+002  8.070577e-008  5.337563e-008
 1.990000e+002  6.312056e-008  3.094294e-008
 1.995000e+002  6.097247e-008  2.113961e-008
 2.000000e+002  5.874871e-008  3.289654e-008
 2.005000e+002  1.063167e-007  2.215811e-008
 2.010000e+002  9.891981e-008  3.111647e-008
 2.015000e+002  9.259938e-008  1.405775e-008
 2.020000e+002  5.122519e-008  6.986240e-008
 2.025000e+002  9.224901e-008  3.431953e-008
 2.030000e+002  1.085294e-007 -7.430445e-009
 2.035000e+002  8.136466e-008 -2.196171e-008
 2.040000e+002  8.801649e-008  2.657578e-008
 2.045000e+002  7.912777e-008  1.422696e-008
 2.050000e+002  9.732742e-008 -2.768151e-008
 2.055000e+002  6.253506e-008 -1.132657e-008
 2.060000e+002  6.519893e-008  1.858611e-008
 2.065000e+002  1.187123e-007 -8.069172e-009
 2.070000e+002  9.570087e-008 -5.779822e-009
 2.075000e+002  1.111022e-007 -3.894457e-008
 2.080000e+002  1.588715e-007 -6.595101e-008
 2.085000e+002  1.524379e-007 -5.321225e-008
 2.090000e+002  2.410259e-007 -1.533240e-008
 2.095000e+002  1.042836e-006 -3.250530e-007
 2.100000e+002 -1.827234e-007  1.190327e-007
 2.105000e+002 -5.766727e-008  4.743387e-008
 2.110000e+002  3.659443e-009  7.731910e-009
 2.115000e+002 -1.644250e-008  2.912844e-008
 2.120000e+002  1.252981e-008  1.181285e-008
 2.125000e+002  1.954323e-008  7.154192e-009
 2.130000e+002  6.057056e-008 -1.013493e-008
 2.135000e+002  5.044288e-008 -5.138377e-008
 2.140000e+002  4.685300e-008 -2.653457e-008
 2.145000e+002  4.162926e-008 -5.492430e-008
 2.150000e+002  6.184427e-008 -8.903600e-009
 2.155000e+002  5.174635e-008 -3.964464e-008
 2.160000e+002  2.147719e-008 -4.023600e-008
 2.165000e+002  4.145360e-008 -1.582571e-008
 2.170000e+002  5.978156e-008 -3.999237e-008
 2.175000e+002  8.378833e-008 -4.887283e-008
 2.180000e+002  1.041382e-007 -1.292593e-008
 2.185000e+002  8.742756e-008 -2.153293e-008
 2.190000e+002  1.057388e-007 -4.217842e-008
 2.195000e+002  4.969172e-008 -6.978597e-008
 2.200000e+002  7.464504e-008 -1.434541e-008
 2.205000e+002  7.109180e-008 -6.171724e-009
 2.210000e+002  8.245989e-008 -3.911706e-008
 2.215000e+002  6.227181e-008 -3.182633e-008
 2.220000e+002  7.220977e-008 -6.617938e-009
 2.225000e+002  7.435594e-008 -2.474026e-008
 2.230000e+002  3.071432e-008 -5.107862e-008
 2.235000e+002  6.718685e-008 -3.453174e-008
 2.240000e+002 -5.033538e-008  3.558434e-008
 2.245000e+002 -7.499170e-007  2.601445e-007
 2.250000e+002  3.020288e-007  1.188033e-009
 2.255000e+002  1.830099e-007 -5.552489e-007
 2.260000e+002  1.967823e-007 -1.190202e-007
 2.265000e+002  1.893628e-007 -1.005246e-007
 2.270000e+002  1.645761e-007 -7.725036e-008
 2.275000e+002  1.620073e-007 -7.526776e-008
 2.280000e+002  1.740716e-007 -6.161429e-008
 2.285000e+002  1.892862e-007 -6.162989e-008
 2.290000e+002  2.319789e-007 -1.610158e-007
 2.295000e+002  1.898033e-007 -8.278389e-008
 2.300000e+002  2.043223e-007 -8.407481e-008
 2.305000e+002  2.035286e-007 -9.674985e-008
 2.310000e+002  1.841038e-007 -1.104150e-007
 2.315000e+002  2.168850e-007 -1.337880e-007
 2.320000e+002  2.137536e-007 -1.586670e-007
 2.325000e+002  2.469110e-007 -1.377559e-007
 2.330000e+002  2.584672e-007 -1.820803e-007
 2.335000e+002  2.690625e-007 -1.166727e-007
 2.340000e+002  2.468880e-007 -1.202800e-007
 2.345000e+002  3.085636e-007 -2.074428e-007
 2.350000e+002  3.435272e-007 -3.379183e-007
 2.355000e+002  4.272532e-007 -2.789349e-007
 2.360000e+002  1.634357e-007 -3.246251e-007
 2.365000e+002  2.786778e-007 -3.524379e-007
 2.370000e+002  1.834695e-007 -3.434549e-007
 2.375000e+002 -7.513563e-008 -2.518275e-007
 2.380000e+002  7.963762e-009 -3.527422e-007
 2.385000e+002  3.735299e-009 -1.968849e-007
 2.390000e+002 -5.027305e-007  1.701040e-009
 2.395000e+002 -5.934194e-007 -7.623337e-007
 2.400000e+002  1.212459e-007 -4.862229e-007
 2.405000e+002  5.710160e-008 -2.187640e-007
 2.410000e+002  3.879099e-008 -1.512396e-007
 2.415000e+002 -5.069299e-008 -2.191244e-007
 2.420000e+002 -2.339916e-008 -1.956187e-007
 2.425000e+002  5.550830e-009 -2.102927e-007
 2.430000e+002  5.641355e-008 -2.006532e-007
 2.435000e+002  8.532724e-008 -1.556254e-007
 2.440000e+002 -2.868313e-008 -1.471278e-007
 2.445000e+002  6.421239e-008 -2.161024e-007
 2.450000e+002  2.958858e-008 -1.933386e-007
 2.455000e+002  1.805224e-008 -2.244244e-007
 2.460000e+002  1.900545e-008 -1.808410e-007
 2.465000e+002  1.733943e-008 -1.789617e-007
 2.470000e+002  3.862985e-008 -2.333390e-007
 2.475000e+002  5.447490e-008 -2.504204e-007
 2.480000e+002 -4.342646e-008 -2.643444e-007
 2.485000e+002 -3.726251e-008 -1.505709e-007
 2.490000e+002 -9.318856e-008 -2.618777e-007
 2.495000e+002 -9.216578e-008 -2.011010e-007
 2.500000e+002 -1.001649e-007 -1.065937e-007
 2.505000e+002 -8.901334e-008 -1.535559e-007
 2.510000e+002 -6.460023e-008 -7.445188e-008
 2.515000e+002 -9.458765e-008 -7.680095e-008
 2.520000e+002 -9.285362e-008 -1.008817e-007
 2.525000e+002 -7.533033e-008 -3.828604e-008
 2.530000e+002  2.784661e-008 -7.085381e-008
 2.535000e+002  9.086039e-008 -3.683352e-008
 2.540000e+002  6.917652e-009 -1.780814e-007
 2.545000e+002 -1.196571e-007 -1.280568e-008
 2.550000e+002  1.750069e-008 -7.635369e-008
 2.555000e+002 -6.654435e-008 -3.776245e-009
 2.560000e+002 -9.124063e-008 -2.383466e-008
 2.565000e+002  3.246674e-008 -7.038812e-008
 2.570000e+002  4.813041e-008 -1.506682e-009
 2.575000e+002  3.390692e-008 -7.116224e-008
 2.580000e+002 -9.918010e-010 -2.956453e-008
 2.585000e+002  7.761553e-008 -6.952650e-008
 2.590000e+002  6.555019e-008 -8.959873e-008
 2.595000e+002  5.550321e-008  3.576197e-009
 2.600000e+002  3.526536e-008 -5.329850e-008
 2.605000e+002  8.508647e-008  1.591916e-008
 2.610000e+002  9.223931e-008 -1.377885e-007
 2.615000e+002  7.786972e-008 -4.616960e-008
 2.620000e+002  1.258398e-007 -3.807358e-008
 2.625000e+002  1.247480e-007 -8.389288e-008
 2.630000e+002  1.408088e-008 -9.270430e-008
 2.635000e+002  1.207015e-007 -5.314605e-008
 2.640000e+002  1.436712e-007 -4.789390e-008
 2.645000e+002  5.142408e-008 -4.425332e-008
 2.650000e+002  1.385602e-007 -9.187466e-008
 2.655000e+002  1.393963e-007 -5.777273e-008
 2.660000e+002  1.529773e-007 -3.172085e-008
 2.665000e+002  1.976576e-007 -4.454637e-009
 2.670000e+002  9.159930e-008 -2.364654e-008
 2.675000e+002  1.210027e-007  2.335013e-008
 2.680000e+002  1.092361e-007 -1.528167e-008
 2.685000e+002  1.433585e-007 -1.221417e-008
 2.690000e+002  5.948569e-008  1.856201e-008
 2.695000e+002  6.220173e-007  9.231204e-008
 2.700000e+002  2.525037e-007 -1.508479e-007
 2.705000e+002  2.507700e-007 -1.639430e-007
 2.710000e+002  1.696402e-007 -4.447650e-008
 2.715000e+002  2.408459e-007 -4.493391e-008
 2.720000e+002  2.295236e-007 -2.542725e-008
 2.725000e+002  1.640916e-007 -3.710502e-008
 2.730000e+002  2.127957e-007 -5.831523e-008
 2.735000e+002  1.874698e-007 -8.032435e-008
 2.740000e+002  2.363014e-007 -4.384114e-008
 2.745000e+002  2.316259e-007 -4.825629e-008
 2.750000e+002  2.170263e-007 -1.283959e-007
 2.755000e+002  2.179181e-007  1.298449e-008
 2.760000e+002  2.672187e-007 -6.047146e-008
 2.765000e+002  2.848892e-007 -2.319580e-008
 2.770000e+002  2.448834e-007 -8.544993e-008
 2.775000e+002  2.378125e-007 -4.672988e-008
 2.780000e+002  2.172492e-007 -1.073079e-007
 2.785000e+002  2.289941e-007 -7.421379e-008
 2.790000e+002  2.042861e-007 -7.121421e-008
 2.795000e+002  2.478190e-007 -7.237765e-008
 2.800000e+002  2.129638e-007 -5.172470e-008
 2.805000e+002  2.531539e-007 -4.214049e-008
 2.810000e+002  2.163775e-007 -5.009537e-008
 2.815000e+002  2.656394e-007 -6.300397e-008
 2.820000e+002  2.699947e-007 -5.947880e-008
 2.825000e+002  2.327177e-007 -4.684170e-008
 2.830000e+002  2.558432e-007 -8.410005e-008
 2.835000e+002  1.813031e-007 -8.173445e-008
 2.840000e+002  2.542232e-007 -1.273451e-008
 2.845000e+002  4.317654e-007 -3.649902e-007
 2.850000e+002  3.336455e-007  2.558652e-008
 2.855000e+002  3.117222e-007 -1.309704e-007
 2.860000e+002  2.882353e-007 -8.270026e-008
 2.865000e+002  3.388245e-007 -7.956389e-008
 2.870000e+002  2.449828e-007 -1.071192e-007
 2.875000e+002  2.396040e-007 -4.583190e-008
 2.880000e+002  2.966593e-007 -2.447167e-008
 2.885000e+002  2.914242e-007 -5.993071e-008
 2.890000e+002  2.562417e-007 -1.040541e-007
 2.895000e+002  3.127302e-007 -1.038079e-007
 2.900000e+002  2.575127e-007 -2.417377e-008
 2.905000e+002  3.326873e-007 -8.872360e-008
 2.910000e+002  2.640667e-007 -2.523641e-008
 2.915000e+002  2.632460e-007 -1.406460e-007
 2.920000e+002  2.712050e-007  1.508362e-008
 2.925000e+002  2.989867e-007 -5.758518e-008
 2.930000e+002  3.176684e-007 -8.581299e-008
 2.935000e+002  3.367287e-007 -5.056201e-008
 2.940000e+002  2.912623e-007 -4.129342e-008
 2.945000e+002  3.201785e-007 -8.065618e-008
 2.950000e+002  2.980015e-007 -1.024570e-007
 2.955000e+002  3.162585e-007 -1.007985e-007
 2.960000e+002  3.069296e-007 -4.975202e-008
 2.965000e+002  3.123161e-007 -1.203129e-007
 2.970000e+002  3.312326e-007 -7.519174e-008
 2.975000e+002  2.709929e-007 -4.527061e-008
 2.980000e+002  3.810584e-007 -8.058744e-008
 2.985000e+002  3.648099e-007 -3.503267e-008
 2.990000e+002  3.855480e-007  5.148297e-008
 2.995000e+002  7.644358e-008 -2.649300e-007
 3.000000e+002  2.728376e-007 -7.888975e-008
 3.005000e+002  3.203293e-007 -1.446262e-007
 3.010000e+002  3.446203e-007 -5.748047e-008
 3.015000e+002  4.172582e-007 -8.371868e-008
 3.020000e+002  3.062080e-007 -6.855275e-008
 3.025000e+002  2.577168e-007 -9.268491e-008
 3.030000e+002  3.853956e-007 -1.419466e-007
 3.035000e+002  3.176211e-007 -7.986067e-009
 3.040000e+002  3.216080e-007 -6.502818e-008
 3.045000e+002  3.594582e-007 -5.455258e-008
 3.050000e+002  3.345633e-007 -2.486610e-008
 3.055000e+002  4.025497e-007 -1.136872e-007
 3.060000e+002  3.416784e-007 -6.435583e-008
 3.065000e+002  3.516495e-007 -1.176165e-007
 3.070000e+002  3.284368e-007 -1.140802e-007
 3.075000e+002  3.616246e-007 -1.537946e-007
 3.080000e+002  4.082691e-007 -1.686561e-007
 3.085000e+002  3.490345e-007 -9.442742e-008
 3.090000e+002  4.087523e-007 -1.041557e-007
 3.095000e+002  2.952885e-007 -8.481211e-008
 3.100000e+002  3.901140e-007 -1.345734e-007
 3.105000e+002  4.266570e-007 -6.778766e-008
 3.110000e+002  4.485586e-007 -8.345390e-008
 3.115000e+002  4.615133e-007 -2.336394e-007
 3.120000e+002  4.197859e-007 -2.388275e-007
 3.125000e+002  4.118359e-007 -2.305289e-007
 3.130000e+002  4.127630e-007 -9.822997e-008
 3.135000e+002  3.852324e-007 -1.957536e-007
 3.140000e+002  2.289407e-007 -2.761909e-007
 3.145000e+002  4.883200e-007 -2.123582e-007
 3.150000e+002  4.827063e-007 -1.158336e-007
 3.155000e+002  4.896710e-007 -3.588682e-007
 3.160000e+002  5.261631e-007 -2.046629e-007
 3.165000e+002  4.576330e-007 -1.250978e-007
 3.170000e+002  4.100521e-007 -1.325908e-007
 3.175000e+002  4.500563e-007 -2.468319e-007
 3.180000e+002  4.194969e-007 -2.656461e-007
 3.185000e+002  4.060962e-007 -2.053778e-007
 3.190000e+002  4.195835e-007 -2.883593e-007
 3.195000e+002  4.518308e-007 -3.178746e-007
 3.200000e+002  4.811013e-007 -3.490323e-007
 3.205000e+002  4.027881e-007 -3.739535e-007
 3.210000e+002  3.652085e-007 -2.011870e-007
 3.215000e+002  4.300639e-007 -3.466005e-007
 3.220000e+002  3.757291e-007 -4.169321e-007
 3.225000e+002  2.455818e-007 -4.650524e-007
 3.230000e+002  3.889131e-007 -3.253388e-007
 3.235000e+002  3.077477e-007 -5.109110e-007
 3.240000e+002  2.127869e-007 -5.384010e-007
 3.245000e+002  2.200973e-007 -3.290264e-007
 3.250000e+002  3.102434e-007 -5.146130e-007
 3.255000e+002  2.136115e-007 -4.886595e-007
 3.260000e+002  1.649569e-007 -4.459808e-007
 3.265000e+002  1.218988e-007 -4.416143e-007
 3.270000e+002  2.369467e-007 -4.436175e-007
 3.275000e+002  1.368141e-007 -3.384523e-007
 3.280000e+002  2.695024e-008 -4.275419e-007
 3.285000e+002  3.156995e-008 -5.397050e-007
 3.290000e+002 -6.540348e-008 -5.663069e-007
 3.295000e+002  2.501449e-007 -3.665392e-007
 3.300000e+002  1.638403e-007 -4.233505e-007
 3.305000e+002  3.659350e-009 -3.766643e-007
 3.310000e+002 -8.301717e-008 -2.452258e-007
 3.315000e+002 -7.862222e-008 -4.442266e-007
 3.320000e+002 -2.444327e-007 -2.936557e-007
 3.325000e+002 -1.682506e-007 -1.849853e-007
 3.330000e+002 -5.306536e-008 -5.238820e-008
 3.335000e+002  2.179085e-008 -1.377216e-007
 3.340000e+002 -4.022440e-008 -1.369518e-007
 3.345000e+002 -1.836216e-007 -1.071672e-007
 3.350000e+002  2.791961e-008 -5.684964e-008
 3.355000e+002 -1.675777e-007 -7.520570e-008
 3.360000e+002  8.141879e-008 -3.966025e-008
 3.365000e+002 -6.125935e-008 -1.069372e-007
 3.370000e+002  2.404150e-008 -1.091979e-007
 3.375000e+002 -6.325710e-008 -4.349259e-008
 3.380000e+002 -1.546405e-007 -5.688861e-008
 3.385000e+002 -5.583758e-008 -5.792129e-008
 3.390000e+002  4.486820e-008 -7.173570e-008
 3.395000e+002  6.215637e-008 -8.151486e-008
 3.400000e+002  1.519321e-007  6.927278e-008
 3.405000e+002  3.329333e-008 -6.415205e-008
 3.410000e+002  9.454400e-008 -8.738914e-008
 3.415000e+002 -4.461936e-008  5.005520e-009
 3.420000e+002  4.172042e-008  1.305103e-009
 3.425000e+002  5.255708e-008  7.946823e-009
 3.430000e+002  2.969691e-008 -1.889105e-008
 3.435000e+002  2.086060e-008  5.735391e-009
 3.440000e+002  3.108537e-007  6.479506e-008
 3.445000e+002 -2.049824e-007  1.830357e-007
 3.450000e+002 -2.474461e-009 -4.574135e-008
 3.455000e+002  5.824197e-008  2.585038e-008
 3.460000e+002 -6.794007e-008 -3.226345e-008
 3.465000e+002  1.121141e-009  5.550045e-008
 3.470000e+002 -2.301110e-008 -3.483612e-008
 3.475000e+002 -2.591582e-008  9.583358e-008
 3.480000e+002  2.727394e-008  2.636603e-008
 3.485000e+002 -4.040348e-010  6.877272e-008
 3.490000e+002 -6.646162e-008  4.831962e-008
 3.495000e+002 -2.029604e-008  4.299145e-008
 3.500000e+002  6.031855e-008 -4.445379e-008
 3.505000e+002 -8.349096e-008  1.916710e-008
 3.510000e+002 -1.372058e-008  7.355652e-008
 3.515000e+002  9.102720e-008 -9.671901e-009
 3.520000e+002  1.317857e-007  9.261736e-008
 3.525000e+002 -2.085235e-008 -1.419301e-007
 3.530000e+002  1.165543e-007  7.164398e-008
 3.535000e+002  5.793610e-008 -2.837205e-008
 3.540000e+002  1.267792e-007  2.793117e-008
 3.545000e+002 -3.651149e-009  7.683873e-008
 3.550000e+002  4.565100e-008  9.461561e-008
 3.555000e+002  5.523442e-008  5.978316e-008
 3.560000e+002  5.735101e-008  1.589481e-007
 3.565000e+002 -2.484924e-008  3.436940e-008
 3.570000e+002  1.181692e-007  1.099088e-007
 3.575000e+002  6.571817e-008  9.611764e-009
 3.580000e+002  6.977968e-008 -2.565354e-008
 3.585000e+002  7.529724e-008  1.497631e-009
 3.590000e+002  1.100342e-007 -7.265927e-009
 3.595000e+002  8.111844e-008  7.599608e-011
 3.600000e+002  7.912769e-009  1.176711e-007
 3.605000e+002  3.267825e-008  4.757493e-008
 3.610000e+002  4.448901e-008  8.475618e-008
 3.615000e+002 -7.974354e-008  2.794844e-008
 3.620000e+002  3.723373e-008  1.032058e-007
 3.625000e+002 -5.066704e-008  1.603651e-007
 3.630000e+002 -1.757210e-008  1.609693e-007
 3.635000e+002  6.834171e-009  2.391278e-008
 3.640000e+002 -4.095515e-008  1.549981e-007
 3.645000e+002  3.838755e-008  6.341543e-008
 3.650000e+002  1.485300e-007  1.136151e-008
 3.655000e+002  9.651976e-008  1.742272e-007
 3.660000e+002 -7.503580e-008 -2.418243e-008
 3.665000e+002  1.692740e-008  1.374423e-007
 3.670000e+002  8.663100e-008  5.671001e-008
 3.675000e+002  1.666758e-008  4.161614e-008
 3.680000e+002  3.648308e-008  6.243133e-008
 3.685000e+002  4.458136e-009  8.113930e-008
 3.690000e+002 -6.126669e-008  8.530841e-008
 3.695000e+002  1.426732e-008  4.798501e-008
 3.700000e+002  2.348102e-008  1.041618e-007
 3.705000e+002  4.942001e-008 -8.256364e-008
 3.710000e+002 -1.012101e-008 -5.654905e-008
 3.715000e+002  7.542991e-008  1.244744e-007
 3.720000e+002 -1.361214e-007  3.668453e-008
 3.725000e+002  9.345604e-008 -2.454468e-008
 3.730000e+002 -7.996909e-008  1.370612e-007
 3.735000e+002  6.690551e-008  9.855808e-008
 3.740000e+002  1.272726e-008 -1.100833e-008
 3.745000e+002  3.893187e-008  2.249513e-007
 3.750000e+002  8.519742e-009 -3.827974e-008
 3.755000e+002 -6.706893e-009  1.456070e-007
 3.760000e+002  1.239705e-008 -7.084439e-008
 3.765000e+002  1.351182e-008  1.442714e-007
 3.770000e+002  4.462129e-008  1.388468e-007
 3.775000e+002 -5.798805e-008  1.411977e-007
 3.780000e+002 -1.301929e-008  6.094770e-008
 3.785000e+002 -8.882400e-008  4.667799e-008
 3.790000e+002 -4.772100e-008 -8.294000e-009
 3.795000e+002 -1.222841e-007 -3.543203e-009
 3.800000e+002 -3.437657e-008  9.552942e-008
 3.805000e+002 -3.789160e-008  1.234360e-007
 3.810000e+002 -1.217502e-008  1.510108e-007
 3.815000e+002  1.167660e-007  6.356394e-008
 3.820000e+002 -7.275854e-009  9.687734e-008
 3.825000e+002  7.245058e-008  4.021009e-008
 3.830000e+002 -6.167280e-008  2.827922e-008
 3.835000e+002  6.797511e-008  2.177779e-007
 3.840000e+002 -2.314531e-008 -9.775399e-008
 3.845000e+002 -1.291703e-007  1.992661e-007
 3.850000e+002 -4.301322e-008 -6.317068e-008
 3.855000e+002 -5.236933e-008  3.387880e-008
 3.860000e+002 -6.872185e-008  6.573116e-008
 3.865000e+002 -1.485693e-007 -1.186294e-008
 3.870000e+002  8.691942e-009 -1.286636e-007
 3.875000e+002  3.228984e-008  2.694153e-008
 3.880000e+002  2.047149e-008 -4.252130e-008
 3.885000e+002 -1.043878e-007  1.336798e-007
 3.890000e+002  2.818428e-007  2.478557e-007
 3.895000e+002 -6.341372e-009 -2.000899e-007
 3.900000e+002  1.035126e-009 -1.625583e-008
 3.905000e+002  2.149537e-008  6.882273e-008
 3.910000e+002  1.084419e-008  1.858993e-008
 3.915000e+002 -4.409893e-008  4.235926e-008
 3.920000e+002 -7.545947e-008  2.282791e-008
 3.925000e+002 -1.135098e-007  1.064687e-007
 3.930000e+002 -1.839274e-007  1.317479e-007
 3.935000e+002 -1.676982e-008  2.170719e-007
 3.940000e+002 -2.103646e-007  3.696797e-008
 3.945000e+002 -1.285143e-007 -2.875234e-008
 3.950000e+002 -2.375295e-007  1.200797e-007
 3.955000e+002 -4.052760e-008  2.311466e-008
 3.960000e+002  5.929737e-008  7.863613e-008
 3.965000e+002 -1.420851e-007  1.254859e-008
 3.970000e+002 -3.446592e-008  2.127218e-007
 3.975000e+002  1.237918e-007  9.534666e-008
 3.980000e+002  4.636177e-009  1.960337e-008
 3.985000e+002  6.405054e-008 -1.144641e-007
 3.990000e+002  2.742582e-008  1.091434e-007
 3.995000e+002 -2.102469e-007  1.567964e-007
 4.000000e+002  7.840332e-008 -3.368192e-008
 4.005000e+002  8.757459e-008  2.093560e-008
 4.010000e+002 -2.550160e-007  1.122001e-007
 4.015000e+002 -2.266376e-007  4.970417e-008
 4.020000e+002 -7.586028e-008 -3.780265e-009
 4.025000e+002  3.687755e-010  2.932754e-007
 4.030000e+002  1.050074e-007  1.022723e-007
 4.035000e+002 -1.241066e-007  1.616543e-007
 4.040000e+002 -1.616544e-007  1.337194e-007
 4.045000e+002  4.869216e-008  3.408157e-008
 4.050000e+002 -1.041382e-007 -1.414873e-007
 4.055000e+002 -3.854177e-008  2.030391e-007
 4.060000e+002  1.645654e-007  2.787568e-008
 4.065000e+002 -9.142873e-008  9.198369e-009
 4.070000e+002 -1.721499e-007  2.542066e-007
 4.075000e+002 -1.201035e-007  3.709876e-007
 4.080000e+002 -1.989380e-008  5.803461e-008
 4.085000e+002  1.238779e-007 -8.387713e-008
 4.090000e+002 -9.948668e-008  8.044503e-009
 4.095000e+002 -5.870981e-008  1.241328e-007
 4.100000e+002 -2.389816e-007  1.946492e-007
 4.105000e+002 -1.446822e-007 -1.565957e-007
 4.110000e+002  2.218186e-008 -3.204414e-007
 4.115000e+002 -1.646011e-007  2.575827e-007
 4.120000e+002  4.179941e-010  1.592372e-007
 4.125000e+002  4.827735e-008  2.901180e-007
 4.130000e+002 -2.781736e-007 -5.517996e-008
 4.135000e+002 -1.201605e-007 -2.061036e-010
 4.140000e+002 -1.438297e-007  1.785315e-008
 4.145000e+002 -1.041633e-007 -8.505126e-008
 4.150000e+002  1.065180e-007 -1.600022e-007
 4.155000e+002 -1.048904e-008  6.879234e-008
 4.160000e+002 -2.103591e-007  2.117146e-007
 4.165000e+002 -2.650907e-007 -1.174081e-007
 4.170000e+002 -1.026121e-007 -4.904363e-008
 4.175000e+002  1.175251e-009  2.327567e-008
 4.180000e+002 -1.354611e-007  2.394209e-007
 4.185000e+002 -8.026747e-008  7.074115e-009
 4.190000e+002 -8.036050e-008 -1.041578e-007
 4.195000e+002 -1.620021e-008 -1.049461e-008
 4.200000e+002 -2.024093e-007 -7.538152e-008
 4.205000e+002 -1.928157e-008  1.066141e-008
 4.210000e+002  5.455304e-008 -1.843510e-007
 4.215000e+002 -9.847821e-008  1.207036e-008
 4.220000e+002 -5.727444e-008 -4.487339e-008
 4.225000e+002 -3.332564e-008 -2.749470e-008
 4.230000e+002 -1.310288e-007  7.175453e-008
 4.235000e+002 -1.991827e-007 -6.477196e-008
 4.240000e+002 -1.740620e-007 -3.096416e-008
 4.245000e+002  1.833214e-007  1.438420e-007
 4.250000e+002  2.495623e-007  1.270974e-008
 4.255000e+002 -2.051341e-008  2.016313e-007
 4.260000e+002 -2.617070e-007  1.094477e-007
 4.265000e+002  6.657403e-008  5.400214e-009
 4.270000e+002 -1.665667e-007  1.816016e-007
 4.275000e+002  5.505828e-008 -5.726362e-008
 4.280000e+002 -2.047194e-007  3.217458e-008
 4.285000e+002 -9.912235e-008 -7.852684e-008
 4.290000e+002 -1.476091e-007  1.869055e-007
 4.295000e+002 -2.529353e-007  1.791680e-008
 4.300000e+002 -1.527225e-007 -6.053726e-008
 4.305000e+002 -7.847015e-008  1.405319e-007
 4.310000e+002 -6.042017e-008  7.918760e-008
 4.315000e+002 -1.056111e-007  2.204376e-007
 4.320000e+002 -1.215342e-007 -6.613897e-008
 4.325000e+002 -1.199387e-007  1.727259e-007
 4.330000e+002 -1.554361e-007 -6.082916e-008
 4.335000e+002 -3.064439e-008  2.312920e-007
 4.340000e+002 -7.345700e-008  5.359656e-008
 4.345000e+002 -2.064905e-007 -1.294343e-007
 4.350000e+002 -8.801225e-008 -1.027941e-007
 4.355000e+002 -2.671421e-007  4.751803e-008
 4.360000e+002  1.103625e-008  3.318915e-007
 4.365000e+002 -4.233910e-008  1.083762e-008
 4.370000e+002 -3.730310e-007  8.898811e-008
 4.375000e+002 -1.696567e-007 -1.448016e-008
 4.380000e+002 -3.283279e-007 -1.895460e-007
 4.385000e+002 -3.006632e-008 -3.834590e-008
 4.390000e+002 -4.563387e-008  3.272583e-009
 4.395000e+002 -1.200328e-007  2.015927e-007
 4.400000e+002 -6.187344e-008 -1.722594e-007
 4.405000e+002  1.263936e-007 -1.266788e-007
 4.410000e+002  2.458316e-008 -2.373233e-007
 4.415000e+002 -6.386533e-008 -3.138029e-008
 4.420000e+002 -1.406343e-007  1.865550e-008
 4.425000e+002 -1.858380e-007  9.130635e-008
 4.430000e+002  1.737307e-008  6.388697e-008
 4.435000e+002 -1.130522e-007  1.602626e-007
 4.440000e+002 -2.461144e-007  5.695204e-008
 4.445000e+002 -1.330723e-007 -1.673154e-007
 4.450000e+002 -2.373550e-008  9.116592e-008
 4.455000e+002 -1.208786e-007 -2.556038e-007
 4.460000e+002  3.662015e-008 -9.988655e-008
 4.465000e+002 -1.934316e-007 -7.400130e-008
 4.470000e+002 -1.308866e-007 -1.739938e-007
 4.475000e+002 -1.308398e-007 -3.225044e-007
 4.480000e+002  1.824606e-008 -2.292117e-007
 4.485000e+002  7.475899e-009 -1.022394e-007
 4.490000e+002 -7.685492e-008 -2.055387e-008
 4.495000e+002 -3.077728e-008  2.816542e-008
 4.500000e+002  1.959596e-007 -1.263141e-007
 4.505000e+002 -1.790284e-007 -3.412424e-007
 4.510000e+002 -5.683090e-008 -3.364773e-007
 4.515000e+002  1.183822e-007 -4.291356e-008
 4.520000e+002  1.995069e-008  9.220379e-009
 4.525000e+002  1.478460e-009 -2.066327e-008
 4.530000e+002  7.898047e-009  3.983003e-009
 4.535000e+002 -2.483387e-007 -4.935684e-010
 4.540000e+002 -9.297997e-008 -9.707817e-008
 4.545000e+002  3.721516e-008 -1.117663e-007
 4.550000e+002  2.628513e-008 -1.904413e-007
 4.555000e+002 -4.021907e-008 -1.698144e-007
 4.560000e+002 -1.316127e-007 -4.988310e-008
 4.565000e+002 -1.540106e-007  8.345164e-008
 4.570000e+002 -4.349738e-008  9.829702e-008
 4.575000e+002 -8.429406e-008 -2.042810e-007
 4.580000e+002 -2.411868e-008  2.200534e-008
 4.585000e+002 -1.143086e-007  3.271562e-008
 4.590000e+002 -9.401903e-008 -1.498940e-007
 4.595000e+002 -3.254962e-008 -4.571472e-008
 4.600000e+002 -3.040202e-007 -1.105145e-007
 4.605000e+002 -8.854373e-008 -1.805086e-007
 4.610000e+002  4.019048e-008 -2.136610e-007
 4.615000e+002  1.518245e-007  5.447725e-008
 4.620000e+002 -1.107776e-007 -8.368925e-008
 4.625000e+002  4.064503e-008 -1.447434e-007
 4.630000e+002 -1.817249e-008 -1.478418e-007
 4.635000e+002 -7.190107e-009 -2.836748e-010
 4.640000e+002 -2.499755e-007 -3.223402e-008
 4.645000e+002 -5.812334e-008 -1.806340e-007
 4.650000e+002  1.727562e-007 -2.269913e-008
 4.655000e+002 -1.610170e-007 -4.433927e-008
 4.660000e+002  1.386110e-008 -2.015459e-007
 4.665000e+002 -1.795365e-007 -1.821492e-007
 4.670000e+002 -1.307448e-008 -9.490705e-008
 4.675000e+002 -3.211917e-008  6.859261e-009
 4.680000e+002 -1.793010e-009  9.197279e-008
 4.685000e+002 -7.294247e-008 -4.852850e-008
 4.690000e+002 -8.886257e-008 -1.052649e-007
 4.695000e+002 -1.524400e-007 -1.333904e-007
 4.700000e+002 -1.292075e-008 -6.781599e-008
 4.705000e+002  1.420142e-007 -1.768732e-008
 4.710000e+002 -3.580136e-009 -1.503465e-008
 4.715000e+002 -7.716510e-008 -2.010501e-007
 4.720000e+002  1.070795e-007  5.597852e-008
 4.725000e+002  1.488009e-007 -1.781678e-007
 4.730000e+002 -4.516131e-008 -7.217746e-008
 4.735000e+002  1.657946e-007 -6.063751e-008
 4.740000e+002  3.406189e-008  5.979330e-008
 4.745000e+002 -1.513308e-007 -1.061957e-008
 4.750000e+002  1.596984e-008 -1.317019e-007
 4.755000e+002 -1.375215e-008 -1.919442e-007
 4.760000e+002 -1.216703e-007 -1.710839e-007
 4.765000e+002 -6.531165e-008  1.193902e-009
 4.770000e+002 -2.928862e-007 -7.465149e-008
 4.775000e+002 -4.506567e-008 -2.123559e-007
 4.780000e+002 -4.971083e-009 -2.609213e-007
 4.785000e+002  6.354191e-008 -1.214685e-007
 4.790000e+002  6.637384e-009 -1.494889e-007
 4.795000e+002 -4.595622e-009 -1.405934e-008
 4.800000e+002  2.735779e-008 -6.294558e-008
 4.805000e+002 -6.483060e-008 -3.957508e-008
 4.810000e+002 -7.440772e-008 -1.590550e-007
 4.815000e+002  1.291975e-007 -1.922182e-007
 4.820000e+002  1.010914e-007 -1.464807e-007
 4.825000e+002 -1.206197e-007 -8.837747e-009
 4.830000e+002  6.640052e-008  1.552077e-008
 4.835000e+002 -7.397948e-008 -1.695683e-007
 4.840000e+002 -4.123466e-008  3.239021e-008
 4.845000e+002  9.340431e-009 -1.472766e-007
 4.850000e+002  1.938176e-007 -1.378137e-008
 4.855000e+002 -1.740132e-008 -1.250112e-008
 4.860000e+002  1.117171e-007 -2.284433e-007
 4.865000e+002  1.667702e-007 -6.170988e-008
 4.870000e+002  1.272932e-008 -7.750200e-008
 4.875000e+002  5.585443e-008 -8.402114e-008
 4.880000e+002  3.388466e-008 -1.021006e-008
 4.885000e+002 -8.031352e-008 -2.437592e-007
 4.890000e+002 -1.859766e-008  9.100243e-008
 4.895000e+002  9.527496e-008 -1.463695e-007
 4.900000e+002  1.070254e-007 -8.624386e-008
 4.905000e+002  1.086123e-007  4.393592e-008
 4.910000e+002  1.353082e-007 -2.095465e-008
 4.915000e+002 -1.304288e-007 -1.171504e-007
 4.920000e+002 -5.418588e-008 -7.958818e-008
 4.925000e+002 -2.308369e-008 -2.475946e-008
 4.930000e+002 -6.210064e-008 -8.383842e-008
 4.935000e+002 -1.692909e-008 -1.075352e-007
 4.940000e+002  1.026249e-007 -1.236482e-007
 4.945000e+002  2.769465e-008 -9.354989e-009
 4.950000e+002  6.086881e-008 -1.255583e-007
 4.955000e+002 -3.420649e-008 -6.404410e-008
 4.960000e+002  2.590728e-008  7.873608e-008
 4.965000e+002  7.280308e-008  4.574313e-008
 4.970000e+002 -5.180946e-008  9.271481e-009
 4.975000e+002  7.054106e-008 -2.883409e-007
 4.980000e+002 -3.283653e-009 -3.031603e-008
 4.985000e+002  4.185773e-008  4.102169e-009
 4.990000e+002  8.956980e-008 -9.025874e-008
 4.995000e+002  2.890228e-008 -7.958822e-008
 5.000000e+002  1.241552e-007 -1.076194e-007
 5.005000e+002 -2.832115e-008  6.969920e-008
 5.010000e+002 -4.123623e-008 -3.026546e-008
 5.015000e+002 -3.154782e-008 -2.453910e-008
 5.020000e+002  6.466702e-008 -1.083088e-007
 5.025000e+002  3.504134e-008 -3.066272e-008
 5.030000e+002  5.785788e-008  8.242945e-008
 5.035000e+002  4.821192e-009 -3.555412e-008
 5.040000e+002 -7.506578e-008  1.741235e-007
 5.045000e+002  4.173420e-008 -1.205020e-007
 5.050000e+002  1.522114e-007 -1.930057e-010
 5.055000e+002  9.777376e-008  8.038945e-008
 5.060000e+002  8.410203e-008  6.455655e-008
 5.065000e+002 -1.144717e-007  5.503898e-008
 5.070000e+002  1.007157e-007 -1.651331e-008
 5.075000e+002  1.139627e-007 -7.848738e-008
 5.080000e+002  1.348755e-007 -6.047228e-009
 5.085000e+002  1.008633e-007  6.158664e-008
 5.090000e+002  1.161142e-007 -1.163765e-007
 5.095000e+002  2.383730e-008  4.938222e-008
 5.100000e+002 -2.497103e-008 -2.800198e-008
 5.105000e+002  1.437107e-009  7.715752e-008
 5.110000e+002 -1.037090e-007  5.400534e-008
 5.115000e+002  1.421003e-007  3.948227e-008
 5.120000e+002  7.426729e-008  5.541501e-011
