 0.000000e+000  9.970907e-001  0.000000e+000
 5.000000e-001  2.221050e-001  0.000000e+000
 1.000000e+000  3.167975e-001  0.000000e+000
 1.500000e+000  3.355844e-001  0.000000e+000
 2.000000e+000  3.481801e-001  0.000000e+000
 2.500000e+000  3.387322e-001  0.000000e+000
 3.000000e+000  3.462692e-001  0.000000e+000
 3.500000e+000  3.464026e-001  0.000000e+000
 4.000000e+000  4.041764e-001  0.000000e+000
 4.500000e+000  2.818088e-001  0.000000e+000
 5.000000e+000  2.850547e-001  0.000000e+000
 5.500000e+000  2.815818e-001  0.000000e+000
 6.000000e+000  2.564392e-001  0.000000e+000
 6.500000e+000  2.669640e-001  0.000000e+000
 7.000000e+000  2.528748e-001  0.000000e+000
 7.500000e+000  2.137039e-001  0.000000e+000
 8.000000e+000  2.295860e-001  0.000000e+000
 8.500000e+000  2.225962e-001  0.000000e+000
 9.000000e+000  1.985260e-001  0.000000e+000
 9.500000e+000  1.825263e-001  0.000000e+000
 1.000000e+001  1.630756e-001  0.000000e+000
 1.050000e+001  1.436100e-001  0.000000e+000
 1.100000e+001  1.250582e-001  0.000000e+000
 1.150000e+001  1.102462e-001  0.000000e+000
 1.200000e+001  8.318119e-002  0.000000e+000
 1.250000e+001  7.691355e-002  0.000000e+000
 1.300000e+001  5.799272e-002  0.000000e+000
 1.350000e+001  4.838184e-002  0.000000e+000
 1.400000e+001  3.714812e-002  0.000000e+000
 1.450000e+001  3.395914e-002  0.000000e+000
 1.500000e+001  3.175461e-002  0.000000e+000
 1.550000e+001  4.203458e-002  0.000000e+000
 1.600000e+001  6.550237e-002  0.000000e+000
 1.650000e+001  9.699771e-002  0.000000e+000
 1.700000e+001  1.566276e-001  0.000000e+000
 1.750000e+001  2.303433e-001  0.000000e+000
 1.800000e+001  3.181819e-001  0.000000e+000
 1.850000e+001  4.277864e-001  0.000000e+000
 1.900000e+001  5.589817e-001  0.000000e+000
 1.950000e+001  6.777678e-001  0.000000e+000
 2.000000e+001  7.778260e-001  0.000000e+000
 2.050000e+001  8.748798e-001  0.000000e+000
 2.100000e+001  9.302886e-001  0.000000e+000
 2.150000e+001  9.678192e-001  0.000000e+000
 2.200000e+001  9.868537e-001  0.000000e+000
 2.250000e+001  9.849651e-001  0.000000e+000
 2.300000e+001  9.655610e-001  0.000000e+000
 2.350000e+001  9.531345e-001  0.000000e+000
 2.400000e+001  9.048309e-001  0.000000e+000
 2.450000e+001  8.814731e-001  0.000000e+000
 2.500000e+001  8.624578e-001  0.000000e+000
 2.550000e+001  8.258814e-001  0.000000e+000
 2.600000e+001  8.032248e-001  0.000000e+000
 2.650000e+001  7.646720e-001  0.000000e+000
 2.700000e+001  7.324046e-001  0.000000e+000
 2.750000e+001  6.821793e-001  0.000000e+000
 2.800000e+001  6.734068e-001  0.000000e+000
 2.850000e+001  6.278980e-001  0.000000e+000
 2.900000e+001  5.854635e-001  0.000000e+000
 2.950000e+001  4.987063e-001  0.000000e+000
 3.000000e+001  1.599473e-001  0.000000e+000
 3.050000e+001  5.586514e-001  0.000000e+000
 3.100000e+001  5.562977e-001  0.000000e+000
 3.150000e+001  5.398971e-001  0.000000e+000
 3.200000e+001  5.217791e-001  0.000000e+000
 3.250000e+001  5.007216e-001  0.000000e+000
 3.300000e+001  4.869050e-001  0.000000e+000
 3.350000e+001  4.558590e-001  0.000000e+000
 3.400000e+001  4.498528e-001  0.000000e+000
 3.450000e+001  4.375723e-001  0.000000e+000
 3.500000e+001  4.216545e-001  0.000000e+000
 3.550000e+001  3.995700e-001  0.000000e+000
 3.600000e+001  3.976916e-001  0.000000e+000
 3.650000e+001  3.724115e-001  0.000000e+000
 3.700000e+001  4.380538e-001  0.000000e+000
 3.750000e+001  3.669543e-001  0.000000e+000
 3.800000e+001  3.187912e-001  0.000000e+000
 3.850000e+001  3.031707e-001  0.000000e+000
 3.900000e+001  2.911121e-001  0.000000e+000
 3.950000e+001  2.847775e-001  0.000000e+000
 4.000000e+001  2.765084e-001  0.000000e+000
 4.050000e+001  2.592549e-001  0.000000e+000
 4.100000e+001  2.341661e-001  0.000000e+000
 4.150000e+001  2.221192e-001  0.000000e+000
 4.200000e+001  2.061051e-001  0.000000e+000
 4.250000e+001  2.098972e-001  0.000000e+000
 4.300000e+001  1.499134e-001  0.000000e+000
 4.350000e+001  1.324048e-001  0.000000e+000
 4.400000e+001  9.524757e-002  0.000000e+000
 4.450000e+001  4.469129e-002  0.000000e+000
 4.500000e+001  4.078069e-003  0.000000e+000
 4.550000e+001  3.576398e-003  0.000000e+000
 4.600000e+001  2.682076e-002  0.000000e+000
 4.650000e+001  5.893615e-002  0.000000e+000
 4.700000e+001  7.005321e-002  0.000000e+000
 4.750000e+001  9.148769e-002  0.000000e+000
 4.800000e+001  7.955565e-002  0.000000e+000
 4.850000e+001  6.373571e-002  0.000000e+000
 4.900000e+001  6.449044e-002  0.000000e+000
 4.950000e+001  8.648448e-002  0.000000e+000
 5.000000e+001  7.879082e-002  0.000000e+000
 5.050000e+001  8.402431e-002  0.000000e+000
 5.100000e+001  7.233913e-002  0.000000e+000
 5.150000e+001  5.459788e-002  0.000000e+000
 5.200000e+001  5.026440e-002  0.000000e+000
 5.250000e+001  5.017857e-002  0.000000e+000
 5.300000e+001  3.402157e-002  0.000000e+000
 5.350000e+001  3.143673e-002  0.000000e+000
 5.400000e+001  3.650516e-002  0.000000e+000
 5.450000e+001  2.710938e-002  0.000000e+000
 5.500000e+001  1.743644e-002  0.000000e+000
 5.550000e+001  1.556056e-002  0.000000e+000
 5.600000e+001  2.188585e-002  0.000000e+000
 5.650000e+001  1.260052e-002  0.000000e+000
 5.700000e+001  3.111924e-002  0.000000e+000
 5.750000e+001  5.223180e-002  0.000000e+000
 5.800000e+001  2.779901e-002  0.000000e+000
 5.850000e+001  5.534941e-002  0.000000e+000
 5.900000e+001  7.007802e-002  0.000000e+000
 5.950000e+001  9.419874e-002  0.000000e+000
 6.000000e+001  7.288624e-002  0.000000e+000
 6.050000e+001  1.102012e-002  0.000000e+000
 6.100000e+001  1.619336e-002  0.000000e+000
 6.150000e+001  4.130737e-002  0.000000e+000
 6.200000e+001  8.150982e-002  0.000000e+000
 6.250000e+001  7.820585e-002  0.000000e+000
 6.300000e+001  1.107571e-001  0.000000e+000
 6.350000e+001  1.174617e-001  0.000000e+000
 6.400000e+001  2.265641e-001  0.000000e+000
 6.450000e+001  1.488485e-001  0.000000e+000
 6.500000e+001  2.041588e-001  0.000000e+000
 6.550000e+001  2.242934e-001  0.000000e+000
 6.600000e+001  2.941776e-001  0.000000e+000
 6.650000e+001  3.157306e-001  0.000000e+000
 6.700000e+001  3.553435e-001  0.000000e+000
 6.750000e+001  4.099617e-001  0.000000e+000
 6.800000e+001  4.795184e-001  0.000000e+000
 6.850000e+001  5.322737e-001  0.000000e+000
 6.900000e+001  5.640970e-001  0.000000e+000
 6.950000e+001  5.913402e-001  0.000000e+000
 7.000000e+001  5.644982e-001  0.000000e+000
 7.050000e+001  6.775051e-001  0.000000e+000
 7.100000e+001  7.194889e-001  0.000000e+000
 7.150000e+001  7.308202e-001  0.000000e+000
 7.200000e+001  7.602215e-001  0.000000e+000
 7.250000e+001  6.691034e-001  0.000000e+000
 7.300000e+001  7.722940e-001  0.000000e+000
 7.350000e+001  7.791230e-001  0.000000e+000
 7.400000e+001  6.625991e-001  0.000000e+000
 7.450000e+001  2.233448e-001  0.000000e+000
 7.500000e+001  4.124571e-001  0.000000e+000
 7.550000e+001  7.937843e-001  0.000000e+000
 7.600000e+001  9.043693e-001  0.000000e+000
 7.650000e+001  9.244645e-001  0.000000e+000
 7.700000e+001  9.351432e-001  0.000000e+000
 7.750000e+001  9.812571e-001  0.000000e+000
 7.800000e+001  9.843020e-001  0.000000e+000
 7.850000e+001  9.940969e-001  0.000000e+000
 7.900000e+001  9.919149e-001  0.000000e+000
 7.950000e+001  9.940592e-001  0.000000e+000
 8.000000e+001  9.876682e-001  0.000000e+000
 8.050000e+001  9.860941e-001  0.000000e+000
 8.100000e+001  9.835223e-001  0.000000e+000
 8.150000e+001  9.801186e-001  0.000000e+000
 8.200000e+001  9.756451e-001  0.000000e+000
 8.250000e+001  9.680765e-001  0.000000e+000
 8.300000e+001  9.638426e-001  0.000000e+000
 8.350000e+001  9.585842e-001  0.000000e+000
 8.400000e+001  9.538710e-001  0.000000e+000
 8.450000e+001  9.512915e-001  0.000000e+000
 8.500000e+001  9.487960e-001  0.000000e+000
 8.550000e+001  9.347198e-001  0.000000e+000
 8.600000e+001  9.346657e-001  0.000000e+000
 8.650000e+001  9.236844e-001  0.000000e+000
 8.700000e+001  9.119596e-001  0.000000e+000
 8.750000e+001  8.821225e-001  0.000000e+000
 8.800000e+001  8.582762e-001  0.000000e+000
 8.850000e+001  8.101674e-001  0.000000e+000
 8.900000e+001  7.052188e-001  0.000000e+000
 8.950000e+001  2.769386e-001  0.000000e+000
 9.000000e+001  1.312203e-001  0.000000e+000
 9.050000e+001  5.509073e-001  0.000000e+000
 9.100000e+001  6.902968e-001  0.000000e+000
 9.150000e+001  7.410183e-001  0.000000e+000
 9.200000e+001  6.598391e-001  0.000000e+000
 9.250000e+001  7.769790e-001  0.000000e+000
 9.300000e+001  7.725384e-001  0.000000e+000
 9.350000e+001  7.693004e-001  0.000000e+000
 9.400000e+001  7.623944e-001  0.000000e+000
 9.450000e+001  7.415016e-001  0.000000e+000
 9.500000e+001  7.461151e-001  0.000000e+000
 9.550000e+001  7.330239e-001  0.000000e+000
 9.600000e+001  7.244206e-001  0.000000e+000
 9.650000e+001  7.340404e-001  0.000000e+000
 9.700000e+001  7.354239e-001  0.000000e+000
 9.750000e+001  7.140181e-001  0.000000e+000
 9.800000e+001  7.189798e-001  0.000000e+000
 9.850000e+001  7.053559e-001  0.000000e+000
 9.900000e+001  7.008650e-001  0.000000e+000
 9.950000e+001  6.852338e-001  0.000000e+000
 1.000000e+002  6.948975e-001  0.000000e+000
 1.005000e+002  6.853001e-001  0.000000e+000
 1.010000e+002  6.372314e-001  0.000000e+000
 1.015000e+002  6.403319e-001  0.000000e+000
 1.020000e+002  6.759127e-001  0.000000e+000
 1.025000e+002  6.381831e-001  0.000000e+000
 1.030000e+002  6.114921e-001  0.000000e+000
 1.035000e+002  5.811527e-001  0.000000e+000
 1.040000e+002  4.543339e-001  0.000000e+000
 1.045000e+002  1.803443e-001  0.000000e+000
 1.050000e+002  3.366421e-001  0.000000e+000
 1.055000e+002  5.196177e-001  0.000000e+000
 1.060000e+002  6.568998e-001  0.000000e+000
 1.065000e+002  6.619554e-001  0.000000e+000
 1.070000e+002  5.658785e-001  0.000000e+000
 1.075000e+002  6.446702e-001  0.000000e+000
 1.080000e+002  5.971152e-001  0.000000e+000
 1.085000e+002  5.610773e-001  0.000000e+000
 1.090000e+002  3.758489e-001  0.000000e+000
 1.095000e+002  4.982437e-001  0.000000e+000
 1.100000e+002  3.980261e-001  0.000000e+000
 1.105000e+002  3.807677e-001  0.000000e+000
 1.110000e+002  3.682563e-001  0.000000e+000
 1.115000e+002  9.972967e-002  0.000000e+000
 1.120000e+002  1.060931e-001  0.000000e+000
 1.125000e+002  1.800004e-001  0.000000e+000
 1.130000e+002  4.156189e-002  0.000000e+000
 1.135000e+002  3.025103e-002  0.000000e+000
 1.140000e+002  1.623759e-001  0.000000e+000
 1.145000e+002  2.019983e-001  0.000000e+000
 1.150000e+002  2.621485e-001  0.000000e+000
 1.155000e+002  3.307739e-001  0.000000e+000
 1.160000e+002  3.365205e-001  0.000000e+000
 1.165000e+002  3.023197e-001  0.000000e+000
 1.170000e+002  2.552470e-001  0.000000e+000
 1.175000e+002  1.702008e-001  0.000000e+000
 1.180000e+002  1.854035e-001  0.000000e+000
 1.185000e+002  1.017359e-001  0.000000e+000
 1.190000e+002  1.151263e-001  0.000000e+000
 1.195000e+002  1.498778e-002  0.000000e+000
 1.200000e+002  2.796558e-002  0.000000e+000
 1.205000e+002  1.455274e-001  0.000000e+000
 1.210000e+002  2.866535e-001  0.000000e+000
 1.215000e+002  3.298504e-001  0.000000e+000
 1.220000e+002  3.079022e-001  0.000000e+000
 1.225000e+002  3.781726e-001  0.000000e+000
 1.230000e+002  3.380666e-001  0.000000e+000
 1.235000e+002  3.884802e-001  0.000000e+000
 1.240000e+002  3.984924e-001  0.000000e+000
 1.245000e+002  3.619198e-001  0.000000e+000
 1.250000e+002  3.514989e-001  0.000000e+000
 1.255000e+002  3.526819e-001  0.000000e+000
 1.260000e+002  3.970557e-001  0.000000e+000
 1.265000e+002  3.210138e-001  0.000000e+000
 1.270000e+002  3.269926e-001  0.000000e+000
 1.275000e+002  3.351026e-001  0.000000e+000
 1.280000e+002  4.038181e-001  0.000000e+000
 1.285000e+002  3.261947e-001  0.000000e+000
 1.290000e+002  3.372962e-001  0.000000e+000
 1.295000e+002  3.930957e-001  0.000000e+000
 1.300000e+002  2.922579e-001  0.000000e+000
 1.305000e+002  3.627073e-001  0.000000e+000
 1.310000e+002  3.020084e-001  0.000000e+000
 1.315000e+002  2.768863e-001  0.000000e+000
 1.320000e+002  2.727682e-001  0.000000e+000
 1.325000e+002  2.185867e-001  0.000000e+000
 1.330000e+002  1.663498e-001  0.000000e+000
 1.335000e+002  1.229571e-001  0.000000e+000
 1.340000e+002  5.502712e-002  0.000000e+000
 1.345000e+002  2.817041e-002  0.000000e+000
 1.350000e+002  4.276727e-002  0.000000e+000
 1.355000e+002  1.252520e-001  0.000000e+000
 1.360000e+002  1.902413e-001  0.000000e+000
 1.365000e+002  2.686675e-001  0.000000e+000
 1.370000e+002  2.492197e-001  0.000000e+000
 1.375000e+002  2.832065e-001  0.000000e+000
 1.380000e+002  3.056689e-001  0.000000e+000
 1.385000e+002  3.248944e-001  0.000000e+000
 1.390000e+002  3.269878e-001  0.000000e+000
 1.395000e+002  3.210692e-001  0.000000e+000
 1.400000e+002  2.861720e-001  0.000000e+000
 1.405000e+002  3.046504e-001  0.000000e+000
 1.410000e+002  3.110347e-001  0.000000e+000
 1.415000e+002  2.932239e-001  0.000000e+000
 1.420000e+002  3.023683e-001  0.000000e+000
 1.425000e+002  2.857387e-001  0.000000e+000
 1.430000e+002  2.535758e-001  0.000000e+000
 1.435000e+002  3.312792e-001  0.000000e+000
 1.440000e+002  2.536640e-001  0.000000e+000
 1.445000e+002  2.957262e-001  0.000000e+000
 1.450000e+002  2.985876e-001  0.000000e+000
 1.455000e+002  2.827660e-001  0.000000e+000
 1.460000e+002  2.745695e-001  0.000000e+000
 1.465000e+002  2.686941e-001  0.000000e+000
 1.470000e+002  2.639470e-001  0.000000e+000
 1.475000e+002  2.550503e-001  0.000000e+000
 1.480000e+002  1.831384e-001  0.000000e+000
 1.485000e+002  1.672076e-001  0.000000e+000
 1.490000e+002  1.122461e-001  0.000000e+000
 1.495000e+002  2.993429e-002  0.000000e+000
 1.500000e+002  2.787191e-002  0.000000e+000
 1.505000e+002  1.155327e-002  0.000000e+000
 1.510000e+002  1.841988e-002  0.000000e+000
 1.515000e+002  4.121226e-002  0.000000e+000
 1.520000e+002  3.800594e-002  0.000000e+000
 1.525000e+002  7.159667e-002  0.000000e+000
 1.530000e+002  9.766462e-002  0.000000e+000
 1.535000e+002  1.234572e-001  0.000000e+000
 1.540000e+002  9.009885e-002  0.000000e+000
 1.545000e+002  1.543158e-001  0.000000e+000
 1.550000e+002  1.166455e-001  0.000000e+000
 1.555000e+002  1.503835e-001  0.000000e+000
 1.560000e+002  1.014974e-001  0.000000e+000
 1.565000e+002  1.373052e-001  0.000000e+000
 1.570000e+002  1.343216e-001  0.000000e+000
 1.575000e+002  1.520520e-001  0.000000e+000
 1.580000e+002  1.282869e-001  0.000000e+000
 1.585000e+002  1.260384e-001  0.000000e+000
 1.590000e+002  1.346385e-001  0.000000e+000
 1.595000e+002  1.379249e-001  0.000000e+000
 1.600000e+002  1.655699e-001  0.000000e+000
 1.605000e+002  1.433181e-001  0.000000e+000
 1.610000e+002  1.596834e-001  0.000000e+000
 1.615000e+002  1.548915e-001  0.000000e+000
 1.620000e+002  1.762496e-001  0.000000e+000
 1.625000e+002  1.686827e-001  0.000000e+000
 1.630000e+002  1.216441e-001  0.000000e+000
 1.635000e+002  1.032863e-001  0.000000e+000
 1.640000e+002  8.948500e-002  0.000000e+000
 1.645000e+002  6.452751e-002  0.000000e+000
 1.650000e+002  2.140139e-002  0.000000e+000
 1.655000e+002  1.742865e-003  0.000000e+000
 1.660000e+002  8.959370e-004  0.000000e+000
 1.665000e+002  3.489023e-003  0.000000e+000
 1.670000e+002  1.127397e-002  0.000000e+000
 1.675000e+002  1.978469e-002  0.000000e+000
 1.680000e+002  1.658430e-002  0.000000e+000
 1.685000e+002  1.531502e-002  0.000000e+000
 1.690000e+002  2.756236e-002  0.000000e+000
 1.695000e+002  4.341838e-002  0.000000e+000
 1.700000e+002  1.751183e-002  0.000000e+000
 1.705000e+002  2.778883e-002  0.000000e+000
 1.710000e+002  2.647814e-002  0.000000e+000
 1.715000e+002  3.738220e-002  0.000000e+000
 1.720000e+002  5.471514e-002  0.000000e+000
 1.725000e+002  1.438349e-002  0.000000e+000
 1.730000e+002  3.511224e-002  0.000000e+000
 1.735000e+002  6.501688e-002  0.000000e+000
 1.740000e+002  4.366231e-002  0.000000e+000
 1.745000e+002  2.587974e-002  0.000000e+000
 1.750000e+002  3.293374e-002  0.000000e+000
 1.755000e+002  4.343875e-002  0.000000e+000
 1.760000e+002  2.685525e-002  0.000000e+000
 1.765000e+002  3.207196e-002  0.000000e+000
 1.770000e+002  1.639250e-002  0.000000e+000
 1.775000e+002  1.513197e-002  0.000000e+000
 1.780000e+002  2.956902e-002  0.000000e+000
 1.785000e+002  1.849276e-002  0.000000e+000
 1.790000e+002  1.288317e-002  0.000000e+000
 1.795000e+002  4.801460e-002  0.000000e+000
 1.800000e+002  8.781221e-002  0.000000e+000
 1.805000e+002  3.897411e-002  0.000000e+000
 1.810000e+002  4.823153e-002  0.000000e+000
 1.815000e+002  6.153337e-002  0.000000e+000
 1.820000e+002  4.562887e-002  0.000000e+000
 1.825000e+002  3.804500e-002  0.000000e+000
 1.830000e+002  2.337837e-002  0.000000e+000
 1.835000e+002  2.110914e-002  0.000000e+000
 1.840000e+002  2.652004e-002  0.000000e+000
 1.845000e+002  4.375964e-002  0.000000e+000
 1.850000e+002  3.127473e-002  0.000000e+000
 1.855000e+002  2.037514e-002  0.000000e+000
 1.860000e+002  4.884988e-002  0.000000e+000
 1.865000e+002  3.452737e-002  0.000000e+000
 1.870000e+002  1.998558e-002  0.000000e+000
 1.875000e+002  1.574828e-002  0.000000e+000
 1.880000e+002  3.801427e-003  0.000000e+000
 1.885000e+002  1.153750e-002  0.000000e+000
 1.890000e+002  2.048683e-002  0.000000e+000
 1.895000e+002  4.954500e-003  0.000000e+000
 1.900000e+002  1.381540e-002  0.000000e+000
 1.905000e+002  1.239236e-002  0.000000e+000
 1.910000e+002  1.817012e-002  0.000000e+000
 1.915000e+002  5.514513e-003  0.000000e+000
 1.920000e+002  9.529384e-003  0.000000e+000
 1.925000e+002  9.084023e-003  0.000000e+000
 1.930000e+002  3.170080e-003  0.000000e+000
 1.935000e+002  3.294131e-003  0.000000e+000
 1.940000e+002  5.786943e-003  0.000000e+000
 1.945000e+002  7.187954e-002  0.000000e+000
 1.950000e+002  1.937816e-002  0.000000e+000
 1.955000e+002  4.518614e-002  0.000000e+000
 1.960000e+002  5.430627e-002  0.000000e+000
 1.965000e+002  5.695314e-002  0.000000e+000
 1.970000e+002  3.740723e-002  0.000000e+000
 1.975000e+002  6.416900e-002  0.000000e+000
 1.980000e+002  2.877924e-002  0.000000e+000
 1.985000e+002  4.425984e-002  0.000000e+000
 1.990000e+002  1.918547e-002  0.000000e+000
 1.995000e+002  1.435370e-002  0.000000e+000
 2.000000e+002  1.752600e-002  0.000000e+000
 2.005000e+002  4.615644e-002  0.000000e+000
 2.010000e+002  5.077664e-002  0.000000e+000
 2.015000e+002  3.851087e-002  0.000000e+000
 2.020000e+002  2.865857e-002  0.000000e+000
 2.025000e+002  4.438837e-002  0.000000e+000
 2.030000e+002  4.741133e-002  0.000000e+000
 2.035000e+002  2.726501e-002  0.000000e+000
 2.040000e+002  3.620356e-002  0.000000e+000
 2.045000e+002  2.662596e-002  0.000000e+000
 2.050000e+002  4.219280e-002  0.000000e+000
 2.055000e+002  1.751856e-002  0.000000e+000
 2.060000e+002  1.854388e-002  0.000000e+000
 2.065000e+002  5.923494e-002  0.000000e+000
 2.070000e+002  3.804477e-002  0.000000e+000
 2.075000e+002  5.534624e-002  0.000000e+000
 2.080000e+002  9.090874e-002  0.000000e+000
 2.085000e+002  7.157869e-002  0.000000e+000
 2.090000e+002  8.148688e-002  0.000000e+000
 2.095000e+002  5.395443e-002  0.000000e+000
 2.100000e+002  3.789763e-002  0.000000e+000
 2.105000e+002  1.375798e-002  0.000000e+000
 2.110000e+002  2.388857e-004  0.000000e+000
 2.115000e+002  4.131754e-003  0.000000e+000
 2.120000e+002  1.328785e-003  0.000000e+000
 2.125000e+002  1.777101e-003  0.000000e+000
 2.130000e+002  1.467125e-002  0.000000e+000
 2.135000e+002  1.966049e-002  0.000000e+000
 2.140000e+002  1.177671e-002  0.000000e+000
 2.145000e+002  2.001372e-002  0.000000e+000
 2.150000e+002  1.869491e-002  0.000000e+000
 2.155000e+002  1.862879e-002  0.000000e+000
 2.160000e+002  9.754671e-003  0.000000e+000
 2.165000e+002  8.563580e-003  0.000000e+000
 2.170000e+002  2.150752e-002  0.000000e+000
 2.175000e+002  3.863030e-002  0.000000e+000
 2.180000e+002  4.452627e-002  0.000000e+000
 2.185000e+002  3.465116e-002  0.000000e+000
 2.190000e+002  5.837959e-002  0.000000e+000
 2.195000e+002  3.126488e-002  0.000000e+000
 2.200000e+002  1.984901e-002  0.000000e+000
 2.205000e+002  2.322477e-002  0.000000e+000
 2.210000e+002  4.184297e-002  0.000000e+000
 2.215000e+002  2.130292e-002  0.000000e+000
 2.220000e+002  2.417336e-002  0.000000e+000
 2.225000e+002  2.470521e-002  0.000000e+000
 2.230000e+002  1.462608e-002  0.000000e+000
 2.235000e+002  2.109231e-002  0.000000e+000
 2.240000e+002  7.948183e-003  0.000000e+000
 2.245000e+002  3.306832e-002  0.000000e+000
 2.250000e+002  1.003554e-001  0.000000e+000
 2.255000e+002  1.761814e-001  0.000000e+000
 2.260000e+002  1.570890e-001  0.000000e+000
 2.265000e+002  1.768055e-001  0.000000e+000
 2.270000e+002  1.318478e-001  0.000000e+000
 2.275000e+002  1.250186e-001  0.000000e+000
 2.280000e+002  1.178364e-001  0.000000e+000
 2.285000e+002  1.430239e-001  0.000000e+000
 2.290000e+002  2.715108e-001  0.000000e+000
 2.295000e+002  1.937538e-001  0.000000e+000
 2.300000e+002  1.449829e-001  0.000000e+000
 2.305000e+002  1.695156e-001  0.000000e+000
 2.310000e+002  1.976964e-001  0.000000e+000
 2.315000e+002  1.926889e-001  0.000000e+000
 2.320000e+002  2.094240e-001  0.000000e+000
 2.325000e+002  2.271649e-001  0.000000e+000
 2.330000e+002  2.502820e-001  0.000000e+000
 2.335000e+002  2.616743e-001  0.000000e+000
 2.340000e+002  1.732779e-001  0.000000e+000
 2.345000e+002  2.598992e-001  0.000000e+000
 2.350000e+002  3.049869e-001  0.000000e+000
 2.355000e+002  2.820902e-001  0.000000e+000
 2.360000e+002  1.870810e-001  0.000000e+000
 2.365000e+002  2.723335e-001  0.000000e+000
 2.370000e+002  2.517129e-001  0.000000e+000
 2.375000e+002  1.453181e-001  0.000000e+000
 2.380000e+002  1.945664e-001  0.000000e+000
 2.385000e+002  5.985280e-002  0.000000e+000
 2.390000e+002  1.097013e-001  0.000000e+000
 2.395000e+002  9.305118e-002  0.000000e+000
 2.400000e+002  3.963069e-002  0.000000e+000
 2.405000e+002  1.112266e-001  0.000000e+000
 2.410000e+002  7.193658e-002  0.000000e+000
 2.415000e+002  1.709640e-001  0.000000e+000
 2.420000e+002  1.099318e-001  0.000000e+000
 2.425000e+002  1.357203e-001  0.000000e+000
 2.430000e+002  1.563653e-001  0.000000e+000
 2.435000e+002  1.398550e-001  0.000000e+000
 2.440000e+002  8.415704e-002  0.000000e+000
 2.445000e+002  1.646113e-001  0.000000e+000
 2.450000e+002  1.229305e-001  0.000000e+000
 2.455000e+002  1.839854e-001  0.000000e+000
 2.460000e+002  9.913687e-002  0.000000e+000
 2.465000e+002  1.249919e-001  0.000000e+000
 2.470000e+002  1.456708e-001  0.000000e+000
 2.475000e+002  1.753826e-001  0.000000e+000
 2.480000e+002  1.965438e-001  0.000000e+000
 2.485000e+002  1.156091e-001  0.000000e+000
 2.490000e+002  2.148182e-001  0.000000e+000
 2.495000e+002  1.445206e-001  0.000000e+000
 2.500000e+002  6.641478e-002  0.000000e+000
 2.505000e+002  1.178776e-001  0.000000e+000
 2.510000e+002  3.252849e-002  0.000000e+000
 2.515000e+002  4.744557e-002  0.000000e+000
 2.520000e+002  5.483376e-002  0.000000e+000
 2.525000e+002  2.593331e-002  0.000000e+000
 2.530000e+002  1.709944e-002  0.000000e+000
 2.535000e+002  2.075410e-002  0.000000e+000
 2.540000e+002  3.040823e-002  0.000000e+000
 2.545000e+002  1.411575e-002  0.000000e+000
 2.550000e+002  1.238072e-002  0.000000e+000
 2.555000e+002  1.717203e-002  0.000000e+000
 2.560000e+002  3.135502e-002  0.000000e+000
 2.565000e+002  1.794916e-002  0.000000e+000
 2.570000e+002  8.125751e-003  0.000000e+000
 2.575000e+002  2.197975e-002  0.000000e+000
 2.580000e+002  3.326082e-003  0.000000e+000
 2.585000e+002  3.706046e-002  0.000000e+000
 2.590000e+002  4.991464e-002  0.000000e+000
 2.595000e+002  1.261217e-002  0.000000e+000
 2.600000e+002  1.405700e-002  0.000000e+000
 2.605000e+002  3.139118e-002  0.000000e+000
 2.610000e+002  7.831246e-002  0.000000e+000
 2.615000e+002  4.000303e-002  0.000000e+000
 2.620000e+002  6.885700e-002  0.000000e+000
 2.625000e+002  8.905268e-002  0.000000e+000
 2.630000e+002  4.267255e-002  0.000000e+000
 2.635000e+002  5.690002e-002  0.000000e+000
 2.640000e+002  8.533113e-002  0.000000e+000
 2.645000e+002  2.323747e-002  0.000000e+000
 2.650000e+002  1.103340e-001  0.000000e+000
 2.655000e+002  1.048413e-001  0.000000e+000
 2.660000e+002  9.559157e-002  0.000000e+000
 2.665000e+002  1.419966e-001  0.000000e+000
 2.670000e+002  3.603256e-002  0.000000e+000
 2.675000e+002  5.738023e-002  0.000000e+000
 2.680000e+002  5.224359e-002  0.000000e+000
 2.685000e+002  8.593434e-002  0.000000e+000
 2.690000e+002  7.005012e-003  0.000000e+000
 2.695000e+002  6.702084e-002  0.000000e+000
 2.700000e+002  1.587012e-001  0.000000e+000
 2.705000e+002  2.381214e-001  0.000000e+000
 2.710000e+002  8.610123e-002  0.000000e+000
 2.715000e+002  1.910380e-001  0.000000e+000
 2.720000e+002  1.695589e-001  0.000000e+000
 2.725000e+002  1.126631e-001  0.000000e+000
 2.730000e+002  1.737927e-001  0.000000e+000
 2.735000e+002  1.372533e-001  0.000000e+000
 2.740000e+002  1.810135e-001  0.000000e+000
 2.745000e+002  1.716769e-001  0.000000e+000
 2.750000e+002  2.143567e-001  0.000000e+000
 2.755000e+002  1.587344e-001  0.000000e+000
 2.760000e+002  2.071648e-001  0.000000e+000
 2.765000e+002  2.637661e-001  0.000000e+000
 2.770000e+002  1.921583e-001  0.000000e+000
 2.775000e+002  1.867234e-001  0.000000e+000
 2.780000e+002  1.929926e-001  0.000000e+000
 2.785000e+002  2.019262e-001  0.000000e+000
 2.790000e+002  1.489370e-001  0.000000e+000
 2.795000e+002  2.131919e-001  0.000000e+000
 2.800000e+002  1.438699e-001  0.000000e+000
 2.805000e+002  1.934897e-001  0.000000e+000
 2.810000e+002  1.356761e-001  0.000000e+000
 2.815000e+002  2.208865e-001  0.000000e+000
 2.820000e+002  2.180042e-001  0.000000e+000
 2.825000e+002  1.736349e-001  0.000000e+000
 2.830000e+002  2.269905e-001  0.000000e+000
 2.835000e+002  1.118654e-001  0.000000e+000
 2.840000e+002  1.331421e-001  0.000000e+000
 2.845000e+002  2.250051e-001  0.000000e+000
 2.850000e+002  2.027137e-001  0.000000e+000
 2.855000e+002  2.499729e-001  0.000000e+000
 2.860000e+002  2.615402e-001  0.000000e+000
 2.865000e+002  3.165122e-001  0.000000e+000
 2.870000e+002  2.016036e-001  0.000000e+000
 2.875000e+002  1.950544e-001  0.000000e+000
 2.880000e+002  2.461418e-001  0.000000e+000
 2.885000e+002  2.186879e-001  0.000000e+000
 2.890000e+002  2.385828e-001  0.000000e+000
 2.895000e+002  3.158203e-001  0.000000e+000
 2.900000e+002  2.204379e-001  0.000000e+000
 2.905000e+002  3.590627e-001  0.000000e+000
 2.910000e+002  1.911157e-001  0.000000e+000
 2.915000e+002  2.363961e-001  0.000000e+000
 2.920000e+002  2.151054e-001  0.000000e+000
 2.925000e+002  2.262479e-001  0.000000e+000
 2.930000e+002  2.694745e-001  0.000000e+000
 2.935000e+002  3.180526e-001  0.000000e+000
 2.940000e+002  2.199191e-001  0.000000e+000
 2.945000e+002  3.111138e-001  0.000000e+000
 2.950000e+002  2.401976e-001  0.000000e+000
 2.955000e+002  3.212899e-001  0.000000e+000
 2.960000e+002  2.583913e-001  0.000000e+000
 2.965000e+002  2.899731e-001  0.000000e+000
 2.970000e+002  2.687320e-001  0.000000e+000
 2.975000e+002  1.799854e-001  0.000000e+000
 2.980000e+002  3.256350e-001  0.000000e+000
 2.985000e+002  3.023974e-001  0.000000e+000
 2.990000e+002  1.307309e-001  0.000000e+000
 2.995000e+002  2.113400e-002  0.000000e+000
 3.000000e+002  1.494385e-001  0.000000e+000
 3.005000e+002  3.110591e-001  0.000000e+000
 3.010000e+002  2.599156e-001  0.000000e+000
 3.015000e+002  4.270787e-001  0.000000e+000
 3.020000e+002  2.392390e-001  0.000000e+000
 3.025000e+002  1.915662e-001  0.000000e+000
 3.030000e+002  3.682060e-001  0.000000e+000
 3.035000e+002  2.084177e-001  0.000000e+000
 3.040000e+002  2.905889e-001  0.000000e+000
 3.045000e+002  4.132810e-001  0.000000e+000
 3.050000e+002  2.530496e-001  0.000000e+000
 3.055000e+002  3.680546e-001  0.000000e+000
 3.060000e+002  2.658126e-001  0.000000e+000
 3.065000e+002  3.008232e-001  0.000000e+000
 3.070000e+002  2.710865e-001  0.000000e+000
 3.075000e+002  3.179226e-001  0.000000e+000
 3.080000e+002  3.286838e-001  0.000000e+000
 3.085000e+002  2.728184e-001  0.000000e+000
 3.090000e+002  2.963915e-001  0.000000e+000
 3.095000e+002  2.031092e-001  0.000000e+000
 3.100000e+002  3.014990e-001  0.000000e+000
 3.105000e+002  3.662771e-001  0.000000e+000
 3.110000e+002  3.291976e-001  0.000000e+000
 3.115000e+002  4.641921e-001  0.000000e+000
 3.120000e+002  3.527241e-001  0.000000e+000
 3.125000e+002  3.896705e-001  0.000000e+000
 3.130000e+002  3.182050e-001  0.000000e+000
 3.135000e+002  2.448986e-001  0.000000e+000
 3.140000e+002  1.091405e-001  0.000000e+000
 3.145000e+002  1.589261e-001  0.000000e+000
 3.150000e+002  3.310859e-001  0.000000e+000
 3.155000e+002  3.863372e-001  0.000000e+000
 3.160000e+002  4.243204e-001  0.000000e+000
 3.165000e+002  3.575216e-001  0.000000e+000
 3.170000e+002  3.344840e-001  0.000000e+000
 3.175000e+002  4.276439e-001  0.000000e+000
 3.180000e+002  4.235008e-001  0.000000e+000
 3.185000e+002  3.940848e-001  0.000000e+000
 3.190000e+002  4.137638e-001  0.000000e+000
 3.195000e+002  4.232186e-001  0.000000e+000
 3.200000e+002  4.216186e-001  0.000000e+000
 3.205000e+002  3.791932e-001  0.000000e+000
 3.210000e+002  2.555611e-001  0.000000e+000
 3.215000e+002  3.981316e-001  0.000000e+000
 3.220000e+002  4.360191e-001  0.000000e+000
 3.225000e+002  4.209442e-001  0.000000e+000
 3.230000e+002  4.710589e-001  0.000000e+000
 3.235000e+002  5.383401e-001  0.000000e+000
 3.240000e+002  3.916908e-001  0.000000e+000
 3.245000e+002  3.291548e-001  0.000000e+000
 3.250000e+002  4.435826e-001  0.000000e+000
 3.255000e+002  3.634456e-001  0.000000e+000
 3.260000e+002  3.137511e-001  0.000000e+000
 3.265000e+002  2.825120e-001  0.000000e+000
 3.270000e+002  4.024290e-001  0.000000e+000
 3.275000e+002  3.156670e-001  0.000000e+000
 3.280000e+002  3.374767e-001  0.000000e+000
 3.285000e+002  3.442291e-001  0.000000e+000
 3.290000e+002  4.167551e-001  0.000000e+000
 3.295000e+002  2.544976e-001  0.000000e+000
 3.300000e+002  2.637499e-001  0.000000e+000
 3.305000e+002  3.059886e-001  0.000000e+000
 3.310000e+002  1.441386e-001  0.000000e+000
 3.315000e+002  3.355086e-001  0.000000e+000
 3.320000e+002  2.642589e-001  0.000000e+000
 3.325000e+002  7.270967e-002  0.000000e+000
 3.330000e+002  1.344236e-002  0.000000e+000
 3.335000e+002  3.024223e-002  0.000000e+000
 3.340000e+002  4.680607e-002  0.000000e+000
 3.345000e+002  1.153208e-001  0.000000e+000
 3.350000e+002  1.080723e-002  0.000000e+000
 3.355000e+002  6.744450e-002  0.000000e+000
 3.360000e+002  1.673551e-002  0.000000e+000
 3.365000e+002  4.469954e-002  0.000000e+000
 3.370000e+002  2.360298e-002  0.000000e+000
 3.375000e+002  1.483498e-002  0.000000e+000
 3.380000e+002  4.957513e-002  0.000000e+000
 3.385000e+002  1.344473e-002  0.000000e+000
 3.390000e+002  1.368675e-002  0.000000e+000
 3.395000e+002  2.995765e-002  0.000000e+000
 3.400000e+002  7.620924e-002  0.000000e+000
 3.405000e+002  1.771702e-002  0.000000e+000
 3.410000e+002  3.740311e-002  0.000000e+000
 3.415000e+002  5.128119e-003  0.000000e+000
 3.420000e+002  5.664812e-003  0.000000e+000
 3.425000e+002  7.096258e-003  0.000000e+000
 3.430000e+002  2.533370e-003  0.000000e+000
 3.435000e+002  1.082214e-003  0.000000e+000
 3.440000e+002  1.330364e-001  0.000000e+000
 3.445000e+002  9.544759e-002  0.000000e+000
 3.450000e+002  4.239536e-003  0.000000e+000
 3.455000e+002  1.003268e-002  0.000000e+000
 3.460000e+002  1.042708e-002  0.000000e+000
 3.465000e+002  8.482654e-003  0.000000e+000
 3.470000e+002  4.182684e-003  0.000000e+000
 3.475000e+002  3.157383e-002  0.000000e+000
 3.480000e+002  3.716381e-003  0.000000e+000
 3.485000e+002  1.015776e-002  0.000000e+000
 3.490000e+002  1.302388e-002  0.000000e+000
 3.495000e+002  4.403595e-003  0.000000e+000
 3.500000e+002  1.293336e-002  0.000000e+000
 3.505000e+002  1.847490e-002  0.000000e+000
 3.510000e+002  1.835329e-002  0.000000e+000
 3.515000e+002  2.194720e-002  0.000000e+000
 3.520000e+002  7.045125e-002  0.000000e+000
 3.525000e+002  4.499887e-002  0.000000e+000
 3.530000e+002  3.770788e-002  0.000000e+000
 3.535000e+002  1.027451e-002  0.000000e+000
 3.540000e+002  3.392144e-002  0.000000e+000
 3.545000e+002  1.497574e-002  0.000000e+000
 3.550000e+002  2.240244e-002  0.000000e+000
 3.555000e+002  1.920618e-002  0.000000e+000
 3.560000e+002  7.178244e-002  0.000000e+000
 3.565000e+002  4.920116e-003  0.000000e+000
 3.570000e+002  6.864592e-002  0.000000e+000
 3.575000e+002  1.132606e-002  0.000000e+000
 3.580000e+002  1.412369e-002  0.000000e+000
 3.585000e+002  1.685819e-002  0.000000e+000
 3.590000e+002  2.944100e-002  0.000000e+000
 3.595000e+002  1.562201e-002  0.000000e+000
 3.600000e+002  2.805498e-002  0.000000e+000
 3.605000e+002  8.539833e-003  0.000000e+000
 3.610000e+002  2.114445e-002  0.000000e+000
 3.615000e+002  1.898240e-002  0.000000e+000
 3.620000e+002  1.905136e-002  0.000000e+000
 3.625000e+002  7.337985e-002  0.000000e+000
 3.630000e+002  5.584265e-002  0.000000e+000
 3.635000e+002  1.506460e-003  0.000000e+000
 3.640000e+002  6.222279e-002  0.000000e+000
 3.645000e+002  1.305274e-002  0.000000e+000
 3.650000e+002  6.493131e-002  0.000000e+000
 3.655000e+002  7.190376e-002  0.000000e+000
 3.660000e+002  1.668407e-002  0.000000e+000
 3.665000e+002  3.876036e-002  0.000000e+000
 3.670000e+002  2.750755e-002  0.000000e+000
 3.675000e+002  4.159379e-003  0.000000e+000
 3.680000e+002  1.151032e-002  0.000000e+000
 3.685000e+002  1.280895e-002  0.000000e+000
 3.690000e+002  2.268030e-002  0.000000e+000
 3.695000e+002  5.171227e-003  0.000000e+000
 3.700000e+002  2.082063e-002  0.000000e+000
 3.705000e+002  1.832278e-002  0.000000e+000
 3.710000e+002  9.283713e-003  0.000000e+000
 3.715000e+002  4.142774e-002  0.000000e+000
 3.720000e+002  3.172731e-002  0.000000e+000
 3.725000e+002  1.514683e-002  0.000000e+000
 3.730000e+002  4.890957e-002  0.000000e+000
 3.735000e+002  4.245184e-002  0.000000e+000
 3.740000e+002  4.402749e-004  0.000000e+000
 3.745000e+002  1.021478e-001  0.000000e+000
 3.750000e+002  2.496605e-003  0.000000e+000
 3.755000e+002  3.741882e-002  0.000000e+000
 3.760000e+002  9.700642e-003  0.000000e+000
 3.765000e+002  5.522311e-002  0.000000e+000
 3.770000e+002  4.409142e-002  0.000000e+000
 3.775000e+002  4.947511e-002  0.000000e+000
 3.780000e+002  6.649058e-003  0.000000e+000
 3.785000e+002  2.377442e-002  0.000000e+000
 3.790000e+002  4.870633e-003  0.000000e+000
 3.795000e+002  2.871520e-002  0.000000e+000
 3.800000e+002  1.275188e-002  0.000000e+000
 3.805000e+002  3.861250e-002  0.000000e+000
 3.810000e+002  4.708128e-002  0.000000e+000
 3.815000e+002  2.910493e-002  0.000000e+000
 3.820000e+002  1.262637e-002  0.000000e+000
 3.825000e+002  1.623585e-002  0.000000e+000
 3.830000e+002  8.247192e-003  0.000000e+000
 3.835000e+002  1.054698e-001  0.000000e+000
 3.840000e+002  1.392334e-002  0.000000e+000
 3.845000e+002  7.510203e-002  0.000000e+000
 3.850000e+002  1.207595e-002  0.000000e+000
 3.855000e+002  5.367219e-003  0.000000e+000
 3.860000e+002  1.507415e-002  0.000000e+000
 3.865000e+002  4.751103e-002  0.000000e+000
 3.870000e+002  2.943123e-002  0.000000e+000
 3.875000e+002  3.195123e-003  0.000000e+000
 3.880000e+002  3.035104e-003  0.000000e+000
 3.885000e+002  4.094867e-002  0.000000e+000
 3.890000e+002  1.294686e-001  0.000000e+000
 3.895000e+002  6.187006e-002  0.000000e+000
 3.900000e+002  3.542013e-004  0.000000e+000
 3.905000e+002  8.858353e-003  0.000000e+000
 3.910000e+002  8.034950e-004  0.000000e+000
 3.915000e+002  5.444836e-003  0.000000e+000
 3.920000e+002  8.015974e-003  0.000000e+000
 3.925000e+002  3.186577e-002  0.000000e+000
 3.930000e+002  8.891823e-002  0.000000e+000
 3.935000e+002  5.828764e-002  0.000000e+000
 3.940000e+002  5.574907e-002  0.000000e+000
 3.945000e+002  3.027308e-002  0.000000e+000
 3.950000e+002  8.720028e-002  0.000000e+000
 3.955000e+002  3.288889e-003  0.000000e+000
 3.960000e+002  1.702132e-002  0.000000e+000
 3.965000e+002  2.676023e-002  0.000000e+000
 3.970000e+002  6.727822e-002  0.000000e+000
 3.975000e+002  3.305518e-002  0.000000e+000
 3.980000e+002  4.210235e-004  0.000000e+000
 3.985000e+002  2.055349e-002  0.000000e+000
 3.990000e+002  1.212147e-002  0.000000e+000
 3.995000e+002  7.798170e-002  0.000000e+000
 4.000000e+002  9.152075e-003  0.000000e+000
 4.005000e+002  8.847715e-003  0.000000e+000
 4.010000e+002  1.278243e-001  0.000000e+000
 4.015000e+002  5.914212e-002  0.000000e+000
 4.020000e+002  9.099839e-003  0.000000e+000
 4.025000e+002  1.203988e-001  0.000000e+000
 4.030000e+002  1.975225e-002  0.000000e+000
 4.035000e+002  6.173970e-002  0.000000e+000
 4.040000e+002  3.040943e-002  0.000000e+000
 4.045000e+002  5.217148e-003  0.000000e+000
 4.050000e+002  3.684544e-002  0.000000e+000
 4.055000e+002  5.625164e-002  0.000000e+000
 4.060000e+002  3.041366e-002  0.000000e+000
 4.065000e+002  7.990872e-003  0.000000e+000
 4.070000e+002  8.216189e-002  0.000000e+000
 4.075000e+002  1.871221e-001  0.000000e+000
 4.080000e+002  4.738388e-003  0.000000e+000
 4.085000e+002  2.525344e-002  0.000000e+000
 4.090000e+002  1.314625e-002  0.000000e+000
 4.095000e+002  3.316593e-002  0.000000e+000
 4.100000e+002  1.335103e-001  0.000000e+000
 4.105000e+002  4.733090e-002  0.000000e+000
 4.110000e+002  1.421767e-001  0.000000e+000
 4.115000e+002  9.793760e-002  0.000000e+000
 4.120000e+002  2.041669e-002  0.000000e+000
 4.125000e+002  9.367466e-002  0.000000e+000
 4.130000e+002  7.950648e-002  0.000000e+000
 4.135000e+002  1.103952e-002  0.000000e+000
 4.140000e+002  2.181941e-002  0.000000e+000
 4.145000e+002  2.497189e-002  0.000000e+000
 4.150000e+002  4.394396e-002  0.000000e+000
 4.155000e+002  3.444451e-003  0.000000e+000
 4.160000e+002  8.377302e-002  0.000000e+000
 4.165000e+002  6.905916e-002  0.000000e+000
 4.170000e+002  1.289932e-002  0.000000e+000
 4.175000e+002  5.729070e-004  0.000000e+000
 4.180000e+002  5.875624e-002  0.000000e+000
 4.185000e+002  6.729823e-003  0.000000e+000
 4.190000e+002  9.626302e-003  0.000000e+000
 4.195000e+002  6.476288e-004  0.000000e+000
 4.200000e+002  4.539261e-002  0.000000e+000
 4.205000e+002  4.332359e-004  0.000000e+000
 4.210000e+002  2.790721e-002  0.000000e+000
 4.215000e+002  9.206819e-003  0.000000e+000
 4.220000e+002  4.372523e-003  0.000000e+000
 4.225000e+002  1.210444e-003  0.000000e+000
 4.230000e+002  2.603416e-002  0.000000e+000
 4.235000e+002  3.890084e-002  0.000000e+000
 4.240000e+002  3.208518e-002  0.000000e+000
 4.245000e+002  5.698958e-002  0.000000e+000
 4.250000e+002  6.293618e-002  0.000000e+000
 4.255000e+002  4.072290e-002  0.000000e+000
 4.260000e+002  7.766329e-002  0.000000e+000
 4.265000e+002  4.501200e-003  0.000000e+000
 4.270000e+002  7.796867e-002  0.000000e+000
 4.275000e+002  6.513381e-003  0.000000e+000
 4.280000e+002  4.779390e-002  0.000000e+000
 4.285000e+002  1.647481e-002  0.000000e+000
 4.290000e+002  5.516559e-002  0.000000e+000
 4.295000e+002  8.073121e-002  0.000000e+000
 4.300000e+002  2.465339e-002  0.000000e+000
 4.305000e+002  2.706942e-002  0.000000e+000
 4.310000e+002  7.432352e-003  0.000000e+000
 4.315000e+002  8.569212e-002  0.000000e+000
 4.320000e+002  2.666497e-002  0.000000e+000
 4.325000e+002  5.981562e-002  0.000000e+000
 4.330000e+002  1.605030e-002  0.000000e+000
 4.335000e+002  3.994484e-002  0.000000e+000
 4.340000e+002  8.897740e-003  0.000000e+000
 4.345000e+002  5.576308e-002  0.000000e+000
 4.350000e+002  1.414698e-002  0.000000e+000
 4.355000e+002  7.763108e-002  0.000000e+000
 4.360000e+002  8.822454e-002  0.000000e+000
 4.365000e+002  1.911776e-003  0.000000e+000
 4.370000e+002  1.200727e-001  0.000000e+000
 4.375000e+002  4.053264e-002  0.000000e+000
 4.380000e+002  1.425244e-001  0.000000e+000
 4.385000e+002  2.176065e-003  0.000000e+000
 4.390000e+002  2.335820e-003  0.000000e+000
 4.395000e+002  6.472494e-002  0.000000e+000
 4.400000e+002  3.210647e-002  0.000000e+000
 4.405000e+002  3.333932e-002  0.000000e+000
 4.410000e+002  4.711124e-002  0.000000e+000
 4.415000e+002  5.398003e-003  0.000000e+000
 4.420000e+002  1.708581e-002  0.000000e+000
 4.425000e+002  3.809759e-002  0.000000e+000
 4.430000e+002  4.478295e-003  0.000000e+000
 4.435000e+002  4.447513e-002  0.000000e+000
 4.440000e+002  8.943058e-002  0.000000e+000
 4.445000e+002  3.983666e-002  0.000000e+000
 4.450000e+002  1.165827e-002  0.000000e+000
 4.455000e+002  1.065336e-001  0.000000e+000
 4.460000e+002  1.679389e-002  0.000000e+000
 4.465000e+002  6.366467e-002  0.000000e+000
 4.470000e+002  4.625637e-002  0.000000e+000
 4.475000e+002  1.469254e-001  0.000000e+000
 4.480000e+002  5.185293e-002  0.000000e+000
 4.485000e+002  2.026992e-002  0.000000e+000
 4.490000e+002  8.483727e-003  0.000000e+000
 4.495000e+002  2.762220e-003  0.000000e+000
 4.500000e+002  7.110842e-002  0.000000e+000
 4.505000e+002  2.173862e-001  0.000000e+000
 4.510000e+002  1.182907e-001  0.000000e+000
 4.515000e+002  1.779996e-002  0.000000e+000
 4.520000e+002  7.504366e-004  0.000000e+000
 4.525000e+002  4.266376e-004  0.000000e+000
 4.530000e+002  8.056458e-005  0.000000e+000
 4.535000e+002  9.086349e-002  0.000000e+000
 4.540000e+002  2.062906e-002  0.000000e+000
 4.545000e+002  1.479374e-002  0.000000e+000
 4.550000e+002  4.822706e-002  0.000000e+000
 4.555000e+002  3.289273e-002  0.000000e+000
 4.560000e+002  1.932335e-002  0.000000e+000
 4.565000e+002  4.199838e-002  0.000000e+000
 4.570000e+002  1.255980e-002  0.000000e+000
 4.575000e+002  4.936423e-002  0.000000e+000
 4.580000e+002  1.603205e-003  0.000000e+000
 4.585000e+002  3.011140e-002  0.000000e+000
 4.590000e+002  4.358769e-002  0.000000e+000
 4.595000e+002  4.148679e-003  0.000000e+000
 4.600000e+002  9.820455e-002  0.000000e+000
 4.605000e+002  4.898906e-002  0.000000e+000
 4.610000e+002  8.259618e-002  0.000000e+000
 4.615000e+002  2.485955e-002  0.000000e+000
 4.620000e+002  2.707313e-002  0.000000e+000
 4.625000e+002  2.795748e-002  0.000000e+000
 4.630000e+002  2.768035e-002  0.000000e+000
 4.635000e+002  6.889371e-005  0.000000e+000
 4.640000e+002  7.520893e-002  0.000000e+000
 4.645000e+002  3.780790e-002  0.000000e+000
 4.650000e+002  3.877592e-002  0.000000e+000
 4.655000e+002  2.752970e-002  0.000000e+000
 4.660000e+002  5.123947e-002  0.000000e+000
 4.665000e+002  8.826175e-002  0.000000e+000
 4.670000e+002  1.066948e-002  0.000000e+000
 4.675000e+002  1.851822e-003  0.000000e+000
 4.680000e+002  9.287958e-003  0.000000e+000
 4.685000e+002  9.604691e-003  0.000000e+000
 4.690000e+002  2.167488e-002  0.000000e+000
 4.695000e+002  5.271900e-002  0.000000e+000
 4.700000e+002  4.822069e-003  0.000000e+000
 4.705000e+002  3.481582e-002  0.000000e+000
 4.710000e+002  3.253542e-004  0.000000e+000
 4.715000e+002  5.522547e-002  0.000000e+000
 4.720000e+002  2.110735e-002  0.000000e+000
 4.725000e+002  5.915010e-002  0.000000e+000
 4.730000e+002  9.030182e-003  0.000000e+000
 4.735000e+002  4.063145e-002  0.000000e+000
 4.740000e+002  4.640095e-003  0.000000e+000
 4.745000e+002  3.353313e-002  0.000000e+000
 4.750000e+002  2.258466e-002  0.000000e+000
 4.755000e+002  4.408977e-002  0.000000e+000
 4.760000e+002  6.451099e-002  0.000000e+000
 4.765000e+002  7.121809e-003  0.000000e+000
 4.770000e+002  1.110117e-001  0.000000e+000
 4.775000e+002  4.563430e-002  0.000000e+000
 4.780000e+002  8.769032e-002  0.000000e+000
 4.785000e+002  2.208525e-002  0.000000e+000
 4.790000e+002  2.914262e-002  0.000000e+000
 4.795000e+002  2.282877e-004  0.000000e+000
 4.800000e+002  7.494842e-003  0.000000e+000
 4.805000e+002  6.598700e-003  0.000000e+000
 4.810000e+002  3.565773e-002  0.000000e+000
 4.815000e+002  7.956751e-002  0.000000e+000
 4.820000e+002  3.579277e-002  0.000000e+000
 4.825000e+002  1.623729e-002  0.000000e+000
 4.830000e+002  5.739726e-003  0.000000e+000
 4.835000e+002  4.330506e-002  0.000000e+000
 4.840000e+002  5.270419e-003  0.000000e+000
 4.845000e+002  2.938119e-002  0.000000e+000
 4.850000e+002  5.351710e-002  0.000000e+000
 4.855000e+002  4.983055e-004  0.000000e+000
 4.860000e+002  8.583742e-002  0.000000e+000
 4.865000e+002  3.697955e-002  0.000000e+000
 4.870000e+002  8.783819e-003  0.000000e+000
 4.875000e+002  9.611141e-003  0.000000e+000
 4.880000e+002  2.414410e-003  0.000000e+000
 4.885000e+002  7.538319e-002  0.000000e+000
 4.890000e+002  1.594034e-002  0.000000e+000
 4.895000e+002  3.880255e-002  0.000000e+000
 4.900000e+002  1.820611e-002  0.000000e+000
 4.905000e+002  1.191804e-002  0.000000e+000
 4.910000e+002  3.359290e-002  0.000000e+000
 4.915000e+002  4.683363e-002  0.000000e+000
 4.920000e+002  1.012213e-002  0.000000e+000
 4.925000e+002  1.260789e-003  0.000000e+000
 4.930000e+002  1.100596e-002  0.000000e+000
 4.935000e+002  1.761768e-002  0.000000e+000
 4.940000e+002  3.577380e-002  0.000000e+000
 4.945000e+002  1.036757e-003  0.000000e+000
 4.950000e+002  2.884995e-002  0.000000e+000
 4.955000e+002  4.356327e-003  0.000000e+000
 4.960000e+002  7.564962e-003  0.000000e+000
 4.965000e+002  1.162909e-002  0.000000e+000
 4.970000e+002  4.420299e-003  0.000000e+000
 4.975000e+002  1.236456e-001  0.000000e+000
 4.980000e+002  1.093664e-003  0.000000e+000
 4.985000e+002  2.068036e-003  0.000000e+000
 4.990000e+002  2.756216e-002  0.000000e+000
 4.995000e+002  9.984341e-003  0.000000e+000
 5.000000e+002  3.622312e-002  0.000000e+000
 5.005000e+002  1.002323e-002  0.000000e+000
 5.010000e+002  4.033238e-003  0.000000e+000
 5.015000e+002  2.391707e-003  0.000000e+000
 5.020000e+002  2.495529e-002  0.000000e+000
 5.025000e+002  3.050551e-003  0.000000e+000
 5.030000e+002  1.476551e-002  0.000000e+000
 5.035000e+002  2.096637e-003  0.000000e+000
 5.040000e+002  5.220384e-002  0.000000e+000
 5.045000e+002  2.225782e-002  0.000000e+000
 5.050000e+002  3.262059e-002  0.000000e+000
 5.055000e+002  1.988842e-002  0.000000e+000
 5.060000e+002  1.989593e-002  0.000000e+000
 5.065000e+002  2.555742e-002  0.000000e+000
 5.070000e+002  1.339966e-002  0.000000e+000
 5.075000e+002  2.469153e-002  0.000000e+000
 5.080000e+002  2.862552e-002  0.000000e+000
 5.085000e+002  1.960317e-002  0.000000e+000
 5.090000e+002  4.364571e-002  0.000000e+000
 5.095000e+002  4.203880e-003  0.000000e+000
 5.100000e+002  2.026476e-003  0.000000e+000
 5.105000e+002  6.762804e-003  0.000000e+000
 5.110000e+002  1.776847e-002  0.000000e+000
 5.115000e+002  3.156730e-002  0.000000e+000
 5.120000e+002  6.492107e-003  0.000000e+000
