 0.000000e+000  9.370513e-001  0.000000e+000
 5.000000e-001  8.943531e-002  0.000000e+000
 1.000000e+000  1.362788e-001  0.000000e+000
 1.500000e+000  1.480342e-001  0.000000e+000
 2.000000e+000  1.552070e-001  0.000000e+000
 2.500000e+000  1.436605e-001  0.000000e+000
 3.000000e+000  1.527712e-001  0.000000e+000
 3.500000e+000  1.707091e-001  0.000000e+000
 4.000000e+000  2.145730e-001  0.000000e+000
 4.500000e+000  1.107950e-001  0.000000e+000
 5.000000e+000  1.160416e-001  0.000000e+000
 5.500000e+000  1.123219e-001  0.000000e+000
 6.000000e+000  9.935798e-002  0.000000e+000
 6.500000e+000  1.136589e-001  0.000000e+000
 7.000000e+000  1.229151e-001  0.000000e+000
 7.500000e+000  7.551094e-002  0.000000e+000
 8.000000e+000  1.088797e-001  0.000000e+000
 8.500000e+000  1.065018e-001  0.000000e+000
 9.000000e+000  9.329008e-002  0.000000e+000
 9.500000e+000  9.458768e-002  0.000000e+000
 1.000000e+001  8.263611e-002  0.000000e+000
 1.050000e+001  7.286110e-002  0.000000e+000
 1.100000e+001  6.759822e-002  0.000000e+000
 1.150000e+001  6.153952e-002  0.000000e+000
 1.200000e+001  4.254166e-002  0.000000e+000
 1.250000e+001  4.735795e-002  0.000000e+000
 1.300000e+001  3.773824e-002  0.000000e+000
 1.350000e+001  3.602191e-002  0.000000e+000
 1.400000e+001  3.150523e-002  0.000000e+000
 1.450000e+001  3.246231e-002  0.000000e+000
 1.500000e+001  3.179872e-002  0.000000e+000
 1.550000e+001  4.123665e-002  0.000000e+000
 1.600000e+001  5.976598e-002  0.000000e+000
 1.650000e+001  8.274713e-002  0.000000e+000
 1.700000e+001  1.294980e-001  0.000000e+000
 1.750000e+001  1.884580e-001  0.000000e+000
 1.800000e+001  2.587219e-001  0.000000e+000
 1.850000e+001  3.616482e-001  0.000000e+000
 1.900000e+001  4.915112e-001  0.000000e+000
 1.950000e+001  6.243215e-001  0.000000e+000
 2.000000e+001  7.369611e-001  0.000000e+000
 2.050000e+001  8.506423e-001  0.000000e+000
 2.100000e+001  9.166524e-001  0.000000e+000
 2.150000e+001  9.637074e-001  0.000000e+000
 2.200000e+001  9.867150e-001  0.000000e+000
 2.250000e+001  9.855223e-001  0.000000e+000
 2.300000e+001  9.659039e-001  0.000000e+000
 2.350000e+001  9.534587e-001  0.000000e+000
 2.400000e+001  9.073679e-001  0.000000e+000
 2.450000e+001  8.908697e-001  0.000000e+000
 2.500000e+001  8.663253e-001  0.000000e+000
 2.550000e+001  8.419386e-001  0.000000e+000
 2.600000e+001  8.226128e-001  0.000000e+000
 2.650000e+001  7.908108e-001  0.000000e+000
 2.700000e+001  7.617486e-001  0.000000e+000
 2.750000e+001  7.334347e-001  0.000000e+000
 2.800000e+001  7.100649e-001  0.000000e+000
 2.850000e+001  6.587885e-001  0.000000e+000
 2.900000e+001  5.663291e-001  0.000000e+000
 2.950000e+001  2.801862e-001  0.000000e+000
 3.000000e+001  8.084784e-002  0.000000e+000
 3.050000e+001  2.979116e-001  0.000000e+000
 3.100000e+001  4.441125e-001  0.000000e+000
 3.150000e+001  5.037009e-001  0.000000e+000
 3.200000e+001  5.326161e-001  0.000000e+000
 3.250000e+001  5.378553e-001  0.000000e+000
 3.300000e+001  5.456434e-001  0.000000e+000
 3.350000e+001  5.493681e-001  0.000000e+000
 3.400000e+001  5.486550e-001  0.000000e+000
 3.450000e+001  5.381325e-001  0.000000e+000
 3.500000e+001  5.386478e-001  0.000000e+000
 3.550000e+001  5.349808e-001  0.000000e+000
 3.600000e+001  5.285902e-001  0.000000e+000
 3.650000e+001  4.803590e-001  0.000000e+000
 3.700000e+001  6.273755e-001  0.000000e+000
 3.750000e+001  5.928443e-001  0.000000e+000
 3.800000e+001  5.538628e-001  0.000000e+000
 3.850000e+001  5.318905e-001  0.000000e+000
 3.900000e+001  5.467510e-001  0.000000e+000
 3.950000e+001  5.423803e-001  0.000000e+000
 4.000000e+001  5.151687e-001  0.000000e+000
 4.050000e+001  5.487947e-001  0.000000e+000
 4.100000e+001  5.523855e-001  0.000000e+000
 4.150000e+001  5.332826e-001  0.000000e+000
 4.200000e+001  5.377282e-001  0.000000e+000
 4.250000e+001  5.347025e-001  0.000000e+000
 4.300000e+001  5.461470e-001  0.000000e+000
 4.350000e+001  5.325145e-001  0.000000e+000
 4.400000e+001  5.170257e-001  0.000000e+000
 4.450000e+001  4.980980e-001  0.000000e+000
 4.500000e+001  2.553730e-001  0.000000e+000
 4.550000e+001  4.435251e-001  0.000000e+000
 4.600000e+001  4.790654e-001  0.000000e+000
 4.650000e+001  5.308865e-001  0.000000e+000
 4.700000e+001  5.263928e-001  0.000000e+000
 4.750000e+001  5.454910e-001  0.000000e+000
 4.800000e+001  5.475805e-001  0.000000e+000
 4.850000e+001  5.180727e-001  0.000000e+000
 4.900000e+001  5.143432e-001  0.000000e+000
 4.950000e+001  5.425134e-001  0.000000e+000
 5.000000e+001  5.472574e-001  0.000000e+000
 5.050000e+001  5.702388e-001  0.000000e+000
 5.100000e+001  5.357465e-001  0.000000e+000
 5.150000e+001  5.231926e-001  0.000000e+000
 5.200000e+001  5.233086e-001  0.000000e+000
 5.250000e+001  5.781767e-001  0.000000e+000
 5.300000e+001  5.668809e-001  0.000000e+000
 5.350000e+001  5.710916e-001  0.000000e+000
 5.400000e+001  6.187719e-001  0.000000e+000
 5.450000e+001  6.102315e-001  0.000000e+000
 5.500000e+001  5.969009e-001  0.000000e+000
 5.550000e+001  5.760205e-001  0.000000e+000
 5.600000e+001  6.316066e-001  0.000000e+000
 5.650000e+001  6.031625e-001  0.000000e+000
 5.700000e+001  6.059158e-001  0.000000e+000
 5.750000e+001  6.267034e-001  0.000000e+000
 5.800000e+001  6.369541e-001  0.000000e+000
 5.850000e+001  6.474452e-001  0.000000e+000
 5.900000e+001  6.035700e-001  0.000000e+000
 5.950000e+001  3.990333e-001  0.000000e+000
 6.000000e+001  6.443113e-002  0.000000e+000
 6.050000e+001  2.850399e-001  0.000000e+000
 6.100000e+001  4.434017e-001  0.000000e+000
 6.150000e+001  5.251777e-001  0.000000e+000
 6.200000e+001  4.970772e-001  0.000000e+000
 6.250000e+001  5.687147e-001  0.000000e+000
 6.300000e+001  5.857662e-001  0.000000e+000
 6.350000e+001  6.248098e-001  0.000000e+000
 6.400000e+001  6.755930e-001  0.000000e+000
 6.450000e+001  6.437075e-001  0.000000e+000
 6.500000e+001  6.526013e-001  0.000000e+000
 6.550000e+001  6.831843e-001  0.000000e+000
 6.600000e+001  7.000169e-001  0.000000e+000
 6.650000e+001  7.162621e-001  0.000000e+000
 6.700000e+001  7.212374e-001  0.000000e+000
 6.750000e+001  7.425146e-001  0.000000e+000
 6.800000e+001  7.621062e-001  0.000000e+000
 6.850000e+001  7.463984e-001  0.000000e+000
 6.900000e+001  7.495618e-001  0.000000e+000
 6.950000e+001  7.741169e-001  0.000000e+000
 7.000000e+001  7.973267e-001  0.000000e+000
 7.050000e+001  8.085219e-001  0.000000e+000
 7.100000e+001  7.802923e-001  0.000000e+000
 7.150000e+001  8.154464e-001  0.000000e+000
 7.200000e+001  8.373327e-001  0.000000e+000
 7.250000e+001  8.570809e-001  0.000000e+000
 7.300000e+001  8.474974e-001  0.000000e+000
 7.350000e+001  8.546928e-001  0.000000e+000
 7.400000e+001  8.508135e-001  0.000000e+000
 7.450000e+001  7.710620e-001  0.000000e+000
 7.500000e+001  7.630607e-001  0.000000e+000
 7.550000e+001  9.469770e-001  0.000000e+000
 7.600000e+001  9.610625e-001  0.000000e+000
 7.650000e+001  9.678530e-001  0.000000e+000
 7.700000e+001  9.495386e-001  0.000000e+000
 7.750000e+001  9.781358e-001  0.000000e+000
 7.800000e+001  9.828861e-001  0.000000e+000
 7.850000e+001  9.930117e-001  0.000000e+000
 7.900000e+001  9.915311e-001  0.000000e+000
 7.950000e+001  9.909574e-001  0.000000e+000
 8.000000e+001  9.803964e-001  0.000000e+000
 8.050000e+001  9.687725e-001  0.000000e+000
 8.100000e+001  9.558254e-001  0.000000e+000
 8.150000e+001  9.281814e-001  0.000000e+000
 8.200000e+001  9.095455e-001  0.000000e+000
 8.250000e+001  8.626540e-001  0.000000e+000
 8.300000e+001  8.511692e-001  0.000000e+000
 8.350000e+001  7.956322e-001  0.000000e+000
 8.400000e+001  7.693971e-001  0.000000e+000
 8.450000e+001  6.935218e-001  0.000000e+000
 8.500000e+001  6.798795e-001  0.000000e+000
 8.550000e+001  6.536062e-001  0.000000e+000
 8.600000e+001  6.368028e-001  0.000000e+000
 8.650000e+001  6.064972e-001  0.000000e+000
 8.700000e+001  5.095060e-001  0.000000e+000
 8.750000e+001  4.340253e-001  0.000000e+000
 8.800000e+001  4.675418e-001  0.000000e+000
 8.850000e+001  3.555893e-001  0.000000e+000
 8.900000e+001  2.086051e-001  0.000000e+000
 8.950000e+001  4.233395e-002  0.000000e+000
 9.000000e+001  5.020027e-003  0.000000e+000
 9.050000e+001  8.428350e-002  0.000000e+000
 9.100000e+001  1.100899e-001  0.000000e+000
 9.150000e+001  1.427842e-001  0.000000e+000
 9.200000e+001  1.086204e-001  0.000000e+000
 9.250000e+001  1.177517e-001  0.000000e+000
 9.300000e+001  1.139439e-001  0.000000e+000
 9.350000e+001  8.327731e-002  0.000000e+000
 9.400000e+001  3.936499e-002  0.000000e+000
 9.450000e+001  7.949167e-002  0.000000e+000
 9.500000e+001  1.447918e-001  0.000000e+000
 9.550000e+001  7.088992e-002  0.000000e+000
 9.600000e+001  8.582368e-002  0.000000e+000
 9.650000e+001  8.342011e-002  0.000000e+000
 9.700000e+001  7.145356e-002  0.000000e+000
 9.750000e+001  1.170703e-001  0.000000e+000
 9.800000e+001  7.113221e-002  0.000000e+000
 9.850000e+001  8.979527e-002  0.000000e+000
 9.900000e+001  6.013002e-002  0.000000e+000
 9.950000e+001  1.051324e-001  0.000000e+000
 1.000000e+002  7.618386e-002  0.000000e+000
 1.005000e+002  1.427165e-001  0.000000e+000
 1.010000e+002  2.420820e-001  0.000000e+000
 1.015000e+002  1.152479e-001  0.000000e+000
 1.020000e+002  9.144513e-002  0.000000e+000
 1.025000e+002  1.025333e-001  0.000000e+000
 1.030000e+002  1.002312e-001  0.000000e+000
 1.035000e+002  1.037441e-001  0.000000e+000
 1.040000e+002  1.491666e-001  0.000000e+000
 1.045000e+002  9.332386e-002  0.000000e+000
 1.050000e+002  4.699565e-002  0.000000e+000
 1.055000e+002  2.266379e-002  0.000000e+000
 1.060000e+002  2.440707e-002  0.000000e+000
 1.065000e+002  9.658434e-002  0.000000e+000
 1.070000e+002  3.083538e-002  0.000000e+000
 1.075000e+002  4.046743e-002  0.000000e+000
 1.080000e+002  3.794032e-002  0.000000e+000
 1.085000e+002  1.213170e-002  0.000000e+000
 1.090000e+002  2.613514e-002  0.000000e+000
 1.095000e+002  1.523396e-002  0.000000e+000
 1.100000e+002  2.716599e-002  0.000000e+000
 1.105000e+002  9.558162e-003  0.000000e+000
 1.110000e+002  4.321800e-003  0.000000e+000
 1.115000e+002  2.880114e-002  0.000000e+000
 1.120000e+002  8.228851e-003  0.000000e+000
 1.125000e+002  1.158983e-002  0.000000e+000
 1.130000e+002  3.628938e-002  0.000000e+000
 1.135000e+002  1.564696e-001  0.000000e+000
 1.140000e+002  4.556251e-002  0.000000e+000
 1.145000e+002  1.017784e-001  0.000000e+000
 1.150000e+002  9.244837e-002  0.000000e+000
 1.155000e+002  7.394263e-002  0.000000e+000
 1.160000e+002  4.155070e-002  0.000000e+000
 1.165000e+002  1.001543e-001  0.000000e+000
 1.170000e+002  8.964574e-002  0.000000e+000
 1.175000e+002  6.375144e-002  0.000000e+000
 1.180000e+002  7.326634e-002  0.000000e+000
 1.185000e+002  3.516793e-002  0.000000e+000
 1.190000e+002  5.024214e-002  0.000000e+000
 1.195000e+002  8.751125e-003  0.000000e+000
 1.200000e+002  3.248492e-003  0.000000e+000
 1.205000e+002  7.221460e-002  0.000000e+000
 1.210000e+002  7.441757e-002  0.000000e+000
 1.215000e+002  5.409948e-002  0.000000e+000
 1.220000e+002  1.165017e-001  0.000000e+000
 1.225000e+002  6.704882e-002  0.000000e+000
 1.230000e+002  1.212400e-001  0.000000e+000
 1.235000e+002  6.827466e-002  0.000000e+000
 1.240000e+002  1.066576e-001  0.000000e+000
 1.245000e+002  5.785969e-002  0.000000e+000
 1.250000e+002  9.297017e-002  0.000000e+000
 1.255000e+002  1.047857e-001  0.000000e+000
 1.260000e+002  3.202935e-002  0.000000e+000
 1.265000e+002  1.032110e-001  0.000000e+000
 1.270000e+002  8.286038e-002  0.000000e+000
 1.275000e+002  1.285309e-001  0.000000e+000
 1.280000e+002  9.264809e-002  0.000000e+000
 1.285000e+002  5.397568e-002  0.000000e+000
 1.290000e+002  1.303682e-001  0.000000e+000
 1.295000e+002  4.924244e-002  0.000000e+000
 1.300000e+002  1.155790e-001  0.000000e+000
 1.305000e+002  6.068335e-002  0.000000e+000
 1.310000e+002  5.505392e-002  0.000000e+000
 1.315000e+002  8.014873e-002  0.000000e+000
 1.320000e+002  4.652162e-002  0.000000e+000
 1.325000e+002  4.487879e-002  0.000000e+000
 1.330000e+002  8.572531e-002  0.000000e+000
 1.335000e+002  1.727732e-002  0.000000e+000
 1.340000e+002  6.036156e-003  0.000000e+000
 1.345000e+002  2.134473e-002  0.000000e+000
 1.350000e+002  3.787293e-002  0.000000e+000
 1.355000e+002  3.107753e-002  0.000000e+000
 1.360000e+002  4.369805e-002  0.000000e+000
 1.365000e+002  7.104977e-002  0.000000e+000
 1.370000e+002  8.309570e-002  0.000000e+000
 1.375000e+002  1.462845e-001  0.000000e+000
 1.380000e+002  1.263415e-001  0.000000e+000
 1.385000e+002  5.445623e-002  0.000000e+000
 1.390000e+002  1.317504e-001  0.000000e+000
 1.395000e+002  1.253254e-001  0.000000e+000
 1.400000e+002  1.807244e-001  0.000000e+000
 1.405000e+002  1.436638e-001  0.000000e+000
 1.410000e+002  9.803811e-002  0.000000e+000
 1.415000e+002  1.095821e-001  0.000000e+000
 1.420000e+002  5.311461e-002  0.000000e+000
 1.425000e+002  8.716486e-002  0.000000e+000
 1.430000e+002  8.994090e-002  0.000000e+000
 1.435000e+002  1.124042e-001  0.000000e+000
 1.440000e+002  1.451477e-001  0.000000e+000
 1.445000e+002  1.908731e-001  0.000000e+000
 1.450000e+002  6.281253e-002  0.000000e+000
 1.455000e+002  9.537610e-002  0.000000e+000
 1.460000e+002  7.336964e-002  0.000000e+000
 1.465000e+002  8.311787e-002  0.000000e+000
 1.470000e+002  6.411010e-002  0.000000e+000
 1.475000e+002  4.362224e-002  0.000000e+000
 1.480000e+002  5.036730e-002  0.000000e+000
 1.485000e+002  1.173418e-003  0.000000e+000
 1.490000e+002  1.626631e-002  0.000000e+000
 1.495000e+002  1.254153e-002  0.000000e+000
 1.500000e+002  7.995922e-002  0.000000e+000
 1.505000e+002  1.212368e-001  0.000000e+000
 1.510000e+002  1.605168e-001  0.000000e+000
 1.515000e+002  1.713998e-001  0.000000e+000
 1.520000e+002  1.696521e-001  0.000000e+000
 1.525000e+002  1.469700e-001  0.000000e+000
 1.530000e+002  1.684602e-001  0.000000e+000
 1.535000e+002  1.937363e-001  0.000000e+000
 1.540000e+002  1.243283e-001  0.000000e+000
 1.545000e+002  1.122483e-001  0.000000e+000
 1.550000e+002  1.604727e-001  0.000000e+000
 1.555000e+002  9.342304e-002  0.000000e+000
 1.560000e+002  1.556152e-001  0.000000e+000
 1.565000e+002  1.171386e-001  0.000000e+000
 1.570000e+002  9.204111e-002  0.000000e+000
 1.575000e+002  1.522205e-001  0.000000e+000
 1.580000e+002  1.146325e-001  0.000000e+000
 1.585000e+002  1.288255e-001  0.000000e+000
 1.590000e+002  8.184713e-002  0.000000e+000
 1.595000e+002  1.191760e-001  0.000000e+000
 1.600000e+002  1.615981e-001  0.000000e+000
 1.605000e+002  9.461848e-002  0.000000e+000
 1.610000e+002  1.266488e-001  0.000000e+000
 1.615000e+002  1.598779e-001  0.000000e+000
 1.620000e+002  1.619784e-001  0.000000e+000
 1.625000e+002  9.360440e-002  0.000000e+000
 1.630000e+002  6.014739e-002  0.000000e+000
 1.635000e+002  3.131008e-002  0.000000e+000
 1.640000e+002  1.205045e-002  0.000000e+000
 1.645000e+002  3.288083e-002  0.000000e+000
 1.650000e+002  6.393749e-002  0.000000e+000
 1.655000e+002  2.067238e-001  0.000000e+000
 1.660000e+002  2.939450e-001  0.000000e+000
 1.665000e+002  1.692301e-001  0.000000e+000
 1.670000e+002  2.181684e-001  0.000000e+000
 1.675000e+002  3.782288e-001  0.000000e+000
 1.680000e+002  1.717980e-001  0.000000e+000
 1.685000e+002  3.337235e-001  0.000000e+000
 1.690000e+002  2.934007e-001  0.000000e+000
 1.695000e+002  2.920935e-001  0.000000e+000
 1.700000e+002  2.122532e-001  0.000000e+000
 1.705000e+002  3.532003e-001  0.000000e+000
 1.710000e+002  2.137662e-001  0.000000e+000
 1.715000e+002  2.121619e-001  0.000000e+000
 1.720000e+002  2.525072e-001  0.000000e+000
 1.725000e+002  2.278117e-001  0.000000e+000
 1.730000e+002  2.702194e-001  0.000000e+000
 1.735000e+002  2.409989e-001  0.000000e+000
 1.740000e+002  2.516347e-001  0.000000e+000
 1.745000e+002  3.550600e-001  0.000000e+000
 1.750000e+002  2.728378e-001  0.000000e+000
 1.755000e+002  2.748274e-001  0.000000e+000
 1.760000e+002  2.322711e-001  0.000000e+000
 1.765000e+002  2.294349e-001  0.000000e+000
 1.770000e+002  2.201822e-001  0.000000e+000
 1.775000e+002  2.008330e-001  0.000000e+000
 1.780000e+002  2.268911e-001  0.000000e+000
 1.785000e+002  1.959062e-001  0.000000e+000
 1.790000e+002  1.478506e-001  0.000000e+000
 1.795000e+002  8.152093e-002  0.000000e+000
 1.800000e+002  5.601740e-002  0.000000e+000
 1.805000e+002  5.652686e-003  0.000000e+000
 1.810000e+002  7.306567e-004  0.000000e+000
 1.815000e+002  1.752879e-002  0.000000e+000
 1.820000e+002  1.756028e-002  0.000000e+000
 1.825000e+002  3.347778e-002  0.000000e+000
 1.830000e+002  3.704525e-002  0.000000e+000
 1.835000e+002  9.726321e-002  0.000000e+000
 1.840000e+002  2.755625e-002  0.000000e+000
 1.845000e+002  1.399577e-001  0.000000e+000
 1.850000e+002  1.225443e-001  0.000000e+000
 1.855000e+002  9.594733e-002  0.000000e+000
 1.860000e+002  1.374682e-001  0.000000e+000
 1.865000e+002  9.467579e-002  0.000000e+000
 1.870000e+002  5.640173e-002  0.000000e+000
 1.875000e+002  5.330169e-002  0.000000e+000
 1.880000e+002  5.762660e-002  0.000000e+000
 1.885000e+002  1.785907e-001  0.000000e+000
 1.890000e+002  1.512813e-001  0.000000e+000
 1.895000e+002  1.024717e-001  0.000000e+000
 1.900000e+002  1.452442e-001  0.000000e+000
 1.905000e+002  1.158729e-001  0.000000e+000
 1.910000e+002  8.191598e-002  0.000000e+000
 1.915000e+002  4.371378e-002  0.000000e+000
 1.920000e+002  1.749263e-001  0.000000e+000
 1.925000e+002  1.735517e-001  0.000000e+000
 1.930000e+002  1.019457e-001  0.000000e+000
 1.935000e+002  1.012679e-001  0.000000e+000
 1.940000e+002  4.122696e-002  0.000000e+000
 1.945000e+002  9.328210e-002  0.000000e+000
 1.950000e+002  8.559364e-003  0.000000e+000
 1.955000e+002  1.865784e-002  0.000000e+000
 1.960000e+002  1.149137e-001  0.000000e+000
 1.965000e+002  1.091324e-001  0.000000e+000
 1.970000e+002  8.219811e-002  0.000000e+000
 1.975000e+002  1.330823e-001  0.000000e+000
 1.980000e+002  3.718576e-002  0.000000e+000
 1.985000e+002  4.743387e-002  0.000000e+000
 1.990000e+002  9.659085e-002  0.000000e+000
 1.995000e+002  1.225400e-001  0.000000e+000
 2.000000e+002  1.704275e-001  0.000000e+000
 2.005000e+002  1.368641e-001  0.000000e+000
 2.010000e+002  9.563676e-002  0.000000e+000
 2.015000e+002  4.260565e-002  0.000000e+000
 2.020000e+002  4.955160e-002  0.000000e+000
 2.025000e+002  1.303515e-001  0.000000e+000
 2.030000e+002  1.016947e-001  0.000000e+000
 2.035000e+002  1.910432e-001  0.000000e+000
 2.040000e+002  8.870321e-002  0.000000e+000
 2.045000e+002  3.971315e-002  0.000000e+000
 2.050000e+002  6.343914e-002  0.000000e+000
 2.055000e+002  7.493533e-002  0.000000e+000
 2.060000e+002  6.032958e-002  0.000000e+000
 2.065000e+002  9.834304e-002  0.000000e+000
 2.070000e+002  1.580072e-002  0.000000e+000
 2.075000e+002  4.528900e-002  0.000000e+000
 2.080000e+002  2.136336e-002  0.000000e+000
 2.085000e+002  2.478799e-002  0.000000e+000
 2.090000e+002  4.225827e-003  0.000000e+000
 2.095000e+002  2.628016e-002  0.000000e+000
 2.100000e+002  1.741045e-001  0.000000e+000
 2.105000e+002  2.479161e-001  0.000000e+000
 2.110000e+002  2.000666e-001  0.000000e+000
 2.115000e+002  2.419899e-001  0.000000e+000
 2.120000e+002  6.172828e-002  0.000000e+000
 2.125000e+002  1.415811e-001  0.000000e+000
 2.130000e+002  1.137518e-001  0.000000e+000
 2.135000e+002  1.324214e-001  0.000000e+000
 2.140000e+002  8.908856e-002  0.000000e+000
 2.145000e+002  1.490710e-001  0.000000e+000
 2.150000e+002  1.346205e-001  0.000000e+000
 2.155000e+002  6.880037e-002  0.000000e+000
 2.160000e+002  1.718797e-001  0.000000e+000
 2.165000e+002  2.623445e-002  0.000000e+000
 2.170000e+002  1.305950e-001  0.000000e+000
 2.175000e+002  1.014367e-001  0.000000e+000
 2.180000e+002  1.468488e-001  0.000000e+000
 2.185000e+002  1.616287e-001  0.000000e+000
 2.190000e+002  1.975334e-001  0.000000e+000
 2.195000e+002  3.718216e-002  0.000000e+000
 2.200000e+002  5.698485e-002  0.000000e+000
 2.205000e+002  1.126218e-001  0.000000e+000
 2.210000e+002  1.237914e-001  0.000000e+000
 2.215000e+002  4.403732e-002  0.000000e+000
 2.220000e+002  1.496794e-001  0.000000e+000
 2.225000e+002  1.036627e-001  0.000000e+000
 2.230000e+002  4.715759e-002  0.000000e+000
 2.235000e+002  6.273741e-002  0.000000e+000
 2.240000e+002  1.187396e-002  0.000000e+000
 2.245000e+002  4.195327e-002  0.000000e+000
 2.250000e+002  3.839338e-002  0.000000e+000
 2.255000e+002  2.295276e-001  0.000000e+000
 2.260000e+002  8.432247e-002  0.000000e+000
 2.265000e+002  1.597501e-001  0.000000e+000
 2.270000e+002  6.905121e-002  0.000000e+000
 2.275000e+002  1.272727e-001  0.000000e+000
 2.280000e+002  5.816244e-002  0.000000e+000
 2.285000e+002  6.815089e-002  0.000000e+000
 2.290000e+002  4.224843e-002  0.000000e+000
 2.295000e+002  1.098176e-001  0.000000e+000
 2.300000e+002  9.649573e-002  0.000000e+000
 2.305000e+002  2.506397e-002  0.000000e+000
 2.310000e+002  9.085184e-002  0.000000e+000
 2.315000e+002  4.938365e-002  0.000000e+000
 2.320000e+002  1.790054e-001  0.000000e+000
 2.325000e+002  7.664230e-002  0.000000e+000
 2.330000e+002  1.610574e-001  0.000000e+000
 2.335000e+002  7.218843e-002  0.000000e+000
 2.340000e+002  9.097048e-002  0.000000e+000
 2.345000e+002  9.642152e-002  0.000000e+000
 2.350000e+002  1.540316e-001  0.000000e+000
 2.355000e+002  2.772563e-001  0.000000e+000
 2.360000e+002  1.503350e-001  0.000000e+000
 2.365000e+002  1.255307e-001  0.000000e+000
 2.370000e+002  2.169290e-001  0.000000e+000
 2.375000e+002  3.911155e-001  0.000000e+000
 2.380000e+002  3.352358e-001  0.000000e+000
 2.385000e+002  1.535631e-001  0.000000e+000
 2.390000e+002  1.612643e-001  0.000000e+000
 2.395000e+002  9.154811e-003  0.000000e+000
 2.400000e+002  7.374127e-002  0.000000e+000
 2.405000e+002  2.102989e-001  0.000000e+000
 2.410000e+002  1.206586e-001  0.000000e+000
 2.415000e+002  2.591503e-001  0.000000e+000
 2.420000e+002  1.883811e-001  0.000000e+000
 2.425000e+002  4.497861e-002  0.000000e+000
 2.430000e+002  2.268021e-001  0.000000e+000
 2.435000e+002  9.277424e-002  0.000000e+000
 2.440000e+002  1.705402e-001  0.000000e+000
 2.445000e+002  2.357303e-001  0.000000e+000
 2.450000e+002  2.015657e-001  0.000000e+000
 2.455000e+002  1.240536e-001  0.000000e+000
 2.460000e+002  6.707462e-002  0.000000e+000
 2.465000e+002  2.092289e-001  0.000000e+000
 2.470000e+002  2.235201e-001  0.000000e+000
 2.475000e+002  1.905337e-001  0.000000e+000
 2.480000e+002  1.785019e-001  0.000000e+000
 2.485000e+002  2.893026e-001  0.000000e+000
 2.490000e+002  2.827830e-001  0.000000e+000
 2.495000e+002  2.951626e-001  0.000000e+000
 2.500000e+002  1.340574e-001  0.000000e+000
 2.505000e+002  3.339202e-001  0.000000e+000
 2.510000e+002  2.646891e-001  0.000000e+000
 2.515000e+002  1.124826e-001  0.000000e+000
 2.520000e+002  2.561133e-001  0.000000e+000
 2.525000e+002  1.045619e-001  0.000000e+000
 2.530000e+002  1.297131e-001  0.000000e+000
 2.535000e+002  3.173538e-002  0.000000e+000
 2.540000e+002  6.196127e-002  0.000000e+000
 2.545000e+002  4.213969e-002  0.000000e+000
 2.550000e+002  1.436184e-001  0.000000e+000
 2.555000e+002  1.112657e-001  0.000000e+000
 2.560000e+002  1.992922e-001  0.000000e+000
 2.565000e+002  1.728703e-001  0.000000e+000
 2.570000e+002  4.738054e-002  0.000000e+000
 2.575000e+002  1.056143e-001  0.000000e+000
 2.580000e+002  1.289498e-001  0.000000e+000
 2.585000e+002  6.816858e-002  0.000000e+000
 2.590000e+002  1.383853e-001  0.000000e+000
 2.595000e+002  5.139019e-002  0.000000e+000
 2.600000e+002  4.244363e-002  0.000000e+000
 2.605000e+002  2.541384e-003  0.000000e+000
 2.610000e+002  6.655660e-002  0.000000e+000
 2.615000e+002  5.820478e-002  0.000000e+000
 2.620000e+002  1.015162e-001  0.000000e+000
 2.625000e+002  1.722608e-001  0.000000e+000
 2.630000e+002  5.180857e-002  0.000000e+000
 2.635000e+002  1.311498e-001  0.000000e+000
 2.640000e+002  2.295452e-003  0.000000e+000
 2.645000e+002  4.144144e-003  0.000000e+000
 2.650000e+002  4.922777e-002  0.000000e+000
 2.655000e+002  8.983173e-002  0.000000e+000
 2.660000e+002  1.633248e-001  0.000000e+000
 2.665000e+002  9.479995e-002  0.000000e+000
 2.670000e+002  1.653131e-001  0.000000e+000
 2.675000e+002  5.964917e-002  0.000000e+000
 2.680000e+002  4.563785e-002  0.000000e+000
 2.685000e+002  5.103564e-002  0.000000e+000
 2.690000e+002  1.090508e-001  0.000000e+000
 2.695000e+002  1.724361e-002  0.000000e+000
 2.700000e+002  2.735152e-002  0.000000e+000
 2.705000e+002  6.099678e-004  0.000000e+000
 2.710000e+002  2.478148e-002  0.000000e+000
 2.715000e+002  2.534640e-002  0.000000e+000
 2.720000e+002  5.543018e-003  0.000000e+000
 2.725000e+002  5.088248e-002  0.000000e+000
 2.730000e+002  1.175788e-002  0.000000e+000
 2.735000e+002  5.223479e-002  0.000000e+000
 2.740000e+002  2.072314e-002  0.000000e+000
 2.745000e+002  1.773801e-001  0.000000e+000
 2.750000e+002  2.934323e-002  0.000000e+000
 2.755000e+002  9.919869e-003  0.000000e+000
 2.760000e+002  1.292798e-002  0.000000e+000
 2.765000e+002  3.010801e-002  0.000000e+000
 2.770000e+002  3.390054e-002  0.000000e+000
 2.775000e+002  1.316324e-001  0.000000e+000
 2.780000e+002  3.684895e-002  0.000000e+000
 2.785000e+002  9.509005e-002  0.000000e+000
 2.790000e+002  4.465356e-002  0.000000e+000
 2.795000e+002  9.728304e-002  0.000000e+000
 2.800000e+002  3.770744e-002  0.000000e+000
 2.805000e+002  8.735936e-002  0.000000e+000
 2.810000e+002  8.163758e-002  0.000000e+000
 2.815000e+002  9.627544e-002  0.000000e+000
 2.820000e+002  5.541335e-002  0.000000e+000
 2.825000e+002  4.498479e-002  0.000000e+000
 2.830000e+002  3.825757e-002  0.000000e+000
 2.835000e+002  4.170868e-002  0.000000e+000
 2.840000e+002  2.866192e-002  0.000000e+000
 2.845000e+002  1.197279e-001  0.000000e+000
 2.850000e+002  1.577247e-002  0.000000e+000
 2.855000e+002  5.709854e-002  0.000000e+000
 2.860000e+002  1.339094e-002  0.000000e+000
 2.865000e+002  2.459652e-003  0.000000e+000
 2.870000e+002  1.628407e-002  0.000000e+000
 2.875000e+002  3.468773e-002  0.000000e+000
 2.880000e+002  9.072409e-004  0.000000e+000
 2.885000e+002  7.879856e-003  0.000000e+000
 2.890000e+002  4.153786e-003  0.000000e+000
 2.895000e+002  5.518792e-003  0.000000e+000
 2.900000e+002  2.646075e-002  0.000000e+000
 2.905000e+002  4.132111e-002  0.000000e+000
 2.910000e+002  7.046206e-004  0.000000e+000
 2.915000e+002  1.769250e-002  0.000000e+000
 2.920000e+002  1.701586e-002  0.000000e+000
 2.925000e+002  2.451185e-002  0.000000e+000
 2.930000e+002  3.187282e-002  0.000000e+000
 2.935000e+002  5.314822e-003  0.000000e+000
 2.940000e+002  2.274917e-003  0.000000e+000
 2.945000e+002  1.691483e-002  0.000000e+000
 2.950000e+002  3.139940e-002  0.000000e+000
 2.955000e+002  5.550490e-002  0.000000e+000
 2.960000e+002  7.220370e-002  0.000000e+000
 2.965000e+002  2.555310e-002  0.000000e+000
 2.970000e+002  2.096619e-002  0.000000e+000
 2.975000e+002  2.935296e-002  0.000000e+000
 2.980000e+002  9.801782e-002  0.000000e+000
 2.985000e+002  2.970137e-002  0.000000e+000
 2.990000e+002  6.427914e-002  0.000000e+000
 2.995000e+002  9.690043e-003  0.000000e+000
 3.000000e+002  5.403006e-002  0.000000e+000
 3.005000e+002  2.146300e-002  0.000000e+000
 3.010000e+002  2.520845e-002  0.000000e+000
 3.015000e+002  8.251727e-002  0.000000e+000
 3.020000e+002  1.062362e-002  0.000000e+000
 3.025000e+002  6.120419e-003  0.000000e+000
 3.030000e+002  5.322492e-002  0.000000e+000
 3.035000e+002  2.028971e-003  0.000000e+000
 3.040000e+002  4.302676e-002  0.000000e+000
 3.045000e+002  1.589297e-001  0.000000e+000
 3.050000e+002  3.736438e-002  0.000000e+000
 3.055000e+002  1.507629e-001  0.000000e+000
 3.060000e+002  3.850199e-002  0.000000e+000
 3.065000e+002  5.974919e-002  0.000000e+000
 3.070000e+002  3.781896e-002  0.000000e+000
 3.075000e+002  3.127583e-004  0.000000e+000
 3.080000e+002  9.224463e-002  0.000000e+000
 3.085000e+002  7.249402e-002  0.000000e+000
 3.090000e+002  3.239020e-002  0.000000e+000
 3.095000e+002  6.025675e-002  0.000000e+000
 3.100000e+002  1.654721e-002  0.000000e+000
 3.105000e+002  4.651647e-002  0.000000e+000
 3.110000e+002  6.821977e-003  0.000000e+000
 3.115000e+002  1.043554e-001  0.000000e+000
 3.120000e+002  7.526410e-002  0.000000e+000
 3.125000e+002  9.167696e-002  0.000000e+000
 3.130000e+002  1.916456e-002  0.000000e+000
 3.135000e+002  3.640162e-002  0.000000e+000
 3.140000e+002  1.996624e-003  0.000000e+000
 3.145000e+002  3.741964e-002  0.000000e+000
 3.150000e+002  7.860676e-003  0.000000e+000
 3.155000e+002  1.619303e-002  0.000000e+000
 3.160000e+002  1.641855e-001  0.000000e+000
 3.165000e+002  2.128003e-001  0.000000e+000
 3.170000e+002  1.764470e-001  0.000000e+000
 3.175000e+002  8.432496e-002  0.000000e+000
 3.180000e+002  2.363205e-002  0.000000e+000
 3.185000e+002  1.912205e-001  0.000000e+000
 3.190000e+002  8.582698e-002  0.000000e+000
 3.195000e+002  4.318782e-002  0.000000e+000
 3.200000e+002  2.776233e-002  0.000000e+000
 3.205000e+002  3.067195e-002  0.000000e+000
 3.210000e+002  2.118730e-001  0.000000e+000
 3.215000e+002  1.866308e-001  0.000000e+000
 3.220000e+002  2.237996e-001  0.000000e+000
 3.225000e+002  1.421810e-001  0.000000e+000
 3.230000e+002  1.338816e-001  0.000000e+000
 3.235000e+002  2.648277e-001  0.000000e+000
 3.240000e+002  1.250432e-001  0.000000e+000
 3.245000e+002  1.740861e-001  0.000000e+000
 3.250000e+002  1.045118e-001  0.000000e+000
 3.255000e+002  3.736525e-001  0.000000e+000
 3.260000e+002  4.153471e-001  0.000000e+000
 3.265000e+002  1.708340e-001  0.000000e+000
 3.270000e+002  1.129434e-001  0.000000e+000
 3.275000e+002  3.331053e-001  0.000000e+000
 3.280000e+002  2.510422e-001  0.000000e+000
 3.285000e+002  1.549969e-001  0.000000e+000
 3.290000e+002  1.736267e-001  0.000000e+000
 3.295000e+002  1.165771e-001  0.000000e+000
 3.300000e+002  4.105290e-001  0.000000e+000
 3.305000e+002  3.674187e-001  0.000000e+000
 3.310000e+002  4.024705e-001  0.000000e+000
 3.315000e+002  3.872969e-001  0.000000e+000
 3.320000e+002  4.271159e-001  0.000000e+000
 3.325000e+002  2.743315e-001  0.000000e+000
 3.330000e+002  2.821116e-001  0.000000e+000
 3.335000e+002  1.655517e-001  0.000000e+000
 3.340000e+002  1.785961e-001  0.000000e+000
 3.345000e+002  2.275037e-001  0.000000e+000
 3.350000e+002  2.893771e-001  0.000000e+000
 3.355000e+002  4.266486e-001  0.000000e+000
 3.360000e+002  2.251901e-001  0.000000e+000
 3.365000e+002  1.278654e-001  0.000000e+000
 3.370000e+002  4.118827e-001  0.000000e+000
 3.375000e+002  2.035116e-001  0.000000e+000
 3.380000e+002  4.053991e-001  0.000000e+000
 3.385000e+002  1.747465e-001  0.000000e+000
 3.390000e+002  1.946341e-001  0.000000e+000
 3.395000e+002  2.892054e-001  0.000000e+000
 3.400000e+002  3.334137e-001  0.000000e+000
 3.405000e+002  1.660614e-001  0.000000e+000
 3.410000e+002  2.024085e-001  0.000000e+000
 3.415000e+002  2.304616e-001  0.000000e+000
 3.420000e+002  1.531436e-001  0.000000e+000
 3.425000e+002  2.064974e-001  0.000000e+000
 3.430000e+002  1.615155e-001  0.000000e+000
 3.435000e+002  2.921474e-002  0.000000e+000
 3.440000e+002  5.918254e-002  0.000000e+000
 3.445000e+002  3.390441e-001  0.000000e+000
 3.450000e+002  2.587537e-001  0.000000e+000
 3.455000e+002  1.885615e-001  0.000000e+000
 3.460000e+002  4.941971e-002  0.000000e+000
 3.465000e+002  1.736723e-001  0.000000e+000
 3.470000e+002  2.569818e-001  0.000000e+000
 3.475000e+002  1.923077e-001  0.000000e+000
 3.480000e+002  1.776057e-001  0.000000e+000
 3.485000e+002  1.950920e-001  0.000000e+000
 3.490000e+002  2.411681e-001  0.000000e+000
 3.495000e+002  1.612336e-001  0.000000e+000
 3.500000e+002  1.345344e-001  0.000000e+000
 3.505000e+002  1.007834e-001  0.000000e+000
 3.510000e+002  9.243936e-002  0.000000e+000
 3.515000e+002  1.573042e-001  0.000000e+000
 3.520000e+002  4.284881e-002  0.000000e+000
 3.525000e+002  1.272329e-001  0.000000e+000
 3.530000e+002  1.690643e-001  0.000000e+000
 3.535000e+002  1.678545e-001  0.000000e+000
 3.540000e+002  1.350648e-001  0.000000e+000
 3.545000e+002  7.092290e-002  0.000000e+000
 3.550000e+002  7.504828e-002  0.000000e+000
 3.555000e+002  1.262477e-001  0.000000e+000
 3.560000e+002  1.067220e-001  0.000000e+000
 3.565000e+002  3.586989e-002  0.000000e+000
 3.570000e+002  1.507365e-001  0.000000e+000
 3.575000e+002  9.523349e-002  0.000000e+000
 3.580000e+002  1.936008e-001  0.000000e+000
 3.585000e+002  8.468401e-002  0.000000e+000
 3.590000e+002  6.804873e-002  0.000000e+000
 3.595000e+002  1.753140e-001  0.000000e+000
 3.600000e+002  1.426347e-001  0.000000e+000
 3.605000e+002  1.010435e-001  0.000000e+000
 3.610000e+002  2.202271e-002  0.000000e+000
 3.615000e+002  1.257997e-001  0.000000e+000
 3.620000e+002  1.310753e-001  0.000000e+000
 3.625000e+002  6.606667e-002  0.000000e+000
 3.630000e+002  1.110034e-001  0.000000e+000
 3.635000e+002  5.357707e-002  0.000000e+000
 3.640000e+002  1.943115e-001  0.000000e+000
 3.645000e+002  1.214883e-001  0.000000e+000
 3.650000e+002  1.295042e-001  0.000000e+000
 3.655000e+002  1.125203e-001  0.000000e+000
 3.660000e+002  1.148832e-001  0.000000e+000
 3.665000e+002  5.791189e-002  0.000000e+000
 3.670000e+002  4.598333e-002  0.000000e+000
 3.675000e+002  7.595791e-002  0.000000e+000
 3.680000e+002  5.907559e-002  0.000000e+000
 3.685000e+002  5.632312e-002  0.000000e+000
 3.690000e+002  1.570964e-002  0.000000e+000
 3.695000e+002  7.562177e-002  0.000000e+000
 3.700000e+002  1.108338e-001  0.000000e+000
 3.705000e+002  4.527278e-002  0.000000e+000
 3.710000e+002  2.950911e-002  0.000000e+000
 3.715000e+002  1.516614e-001  0.000000e+000
 3.720000e+002  3.471155e-002  0.000000e+000
 3.725000e+002  5.372065e-002  0.000000e+000
 3.730000e+002  5.461847e-002  0.000000e+000
 3.735000e+002  1.510653e-001  0.000000e+000
 3.740000e+002  8.192134e-002  0.000000e+000
 3.745000e+002  5.321278e-002  0.000000e+000
 3.750000e+002  9.788051e-003  0.000000e+000
 3.755000e+002  4.719335e-002  0.000000e+000
 3.760000e+002  4.450015e-002  0.000000e+000
 3.765000e+002  2.890671e-002  0.000000e+000
 3.770000e+002  4.640429e-002  0.000000e+000
 3.775000e+002  2.299540e-001  0.000000e+000
 3.780000e+002  3.923801e-003  0.000000e+000
 3.785000e+002  1.041140e-001  0.000000e+000
 3.790000e+002  1.044061e-001  0.000000e+000
 3.795000e+002  7.847201e-002  0.000000e+000
 3.800000e+002  1.658209e-002  0.000000e+000
 3.805000e+002  3.753165e-002  0.000000e+000
 3.810000e+002  4.567174e-002  0.000000e+000
 3.815000e+002  5.634779e-002  0.000000e+000
 3.820000e+002  2.264429e-002  0.000000e+000
 3.825000e+002  6.297489e-002  0.000000e+000
 3.830000e+002  5.945096e-002  0.000000e+000
 3.835000e+002  1.157181e-001  0.000000e+000
 3.840000e+002  7.835049e-003  0.000000e+000
 3.845000e+002  3.725446e-002  0.000000e+000
 3.850000e+002  4.486793e-002  0.000000e+000
 3.855000e+002  7.495562e-002  0.000000e+000
 3.860000e+002  8.937776e-003  0.000000e+000
 3.865000e+002  1.426107e-002  0.000000e+000
 3.870000e+002  1.331611e-003  0.000000e+000
 3.875000e+002  6.636451e-002  0.000000e+000
 3.880000e+002  1.660846e-002  0.000000e+000
 3.885000e+002  6.296636e-002  0.000000e+000
 3.890000e+002  6.501579e-002  0.000000e+000
 3.895000e+002  6.116873e-004  0.000000e+000
 3.900000e+002  3.047316e-002  0.000000e+000
 3.905000e+002  1.256029e-001  0.000000e+000
 3.910000e+002  6.357194e-002  0.000000e+000
 3.915000e+002  4.958211e-002  0.000000e+000
 3.920000e+002  5.498948e-002  0.000000e+000
 3.925000e+002  2.014585e-002  0.000000e+000
 3.930000e+002  5.595203e-002  0.000000e+000
 3.935000e+002  2.229595e-002  0.000000e+000
 3.940000e+002  8.073367e-003  0.000000e+000
 3.945000e+002  2.093560e-002  0.000000e+000
 3.950000e+002  8.500780e-002  0.000000e+000
 3.955000e+002  9.768408e-004  0.000000e+000
 3.960000e+002  5.015210e-002  0.000000e+000
 3.965000e+002  5.570119e-002  0.000000e+000
 3.970000e+002  4.782396e-002  0.000000e+000
 3.975000e+002  5.416803e-005  0.000000e+000
 3.980000e+002  4.298371e-002  0.000000e+000
 3.985000e+002  5.303658e-002  0.000000e+000
 3.990000e+002  7.150669e-003  0.000000e+000
 3.995000e+002  1.406298e-002  0.000000e+000
 4.000000e+002  3.274890e-002  0.000000e+000
 4.005000e+002  2.198649e-002  0.000000e+000
 4.010000e+002  4.682768e-003  0.000000e+000
 4.015000e+002  5.192370e-002  0.000000e+000
 4.020000e+002  1.811169e-002  0.000000e+000
 4.025000e+002  4.989246e-002  0.000000e+000
 4.030000e+002  5.937248e-002  0.000000e+000
 4.035000e+002  7.303719e-002  0.000000e+000
 4.040000e+002  8.383967e-003  0.000000e+000
 4.045000e+002  2.488392e-003  0.000000e+000
 4.050000e+002  5.504127e-003  0.000000e+000
 4.055000e+002  1.008171e-002  0.000000e+000
 4.060000e+002  2.339770e-002  0.000000e+000
 4.065000e+002  2.420117e-002  0.000000e+000
 4.070000e+002  2.198586e-002  0.000000e+000
 4.075000e+002  5.350531e-002  0.000000e+000
 4.080000e+002  3.986900e-002  0.000000e+000
 4.085000e+002  9.926965e-003  0.000000e+000
 4.090000e+002  1.222401e-002  0.000000e+000
 4.095000e+002  1.928386e-002  0.000000e+000
 4.100000e+002  3.607439e-002  0.000000e+000
 4.105000e+002  2.013591e-002  0.000000e+000
 4.110000e+002  1.769789e-002  0.000000e+000
 4.115000e+002  6.890810e-002  0.000000e+000
 4.120000e+002  2.642064e-002  0.000000e+000
 4.125000e+002  1.659728e-002  0.000000e+000
 4.130000e+002  4.977603e-003  0.000000e+000
 4.135000e+002  2.911293e-002  0.000000e+000
 4.140000e+002  9.751373e-002  0.000000e+000
 4.145000e+002  1.574090e-002  0.000000e+000
 4.150000e+002  5.532457e-003  0.000000e+000
 4.155000e+002  3.889602e-003  0.000000e+000
 4.160000e+002  1.563148e-003  0.000000e+000
 4.165000e+002  2.226578e-002  0.000000e+000
 4.170000e+002  2.191629e-002  0.000000e+000
 4.175000e+002  2.924809e-003  0.000000e+000
 4.180000e+002  3.726131e-002  0.000000e+000
 4.185000e+002  3.531191e-003  0.000000e+000
 4.190000e+002  1.963627e-002  0.000000e+000
 4.195000e+002  4.499890e-002  0.000000e+000
 4.200000e+002  2.115552e-002  0.000000e+000
 4.205000e+002  5.084408e-002  0.000000e+000
 4.210000e+002  7.682417e-003  0.000000e+000
 4.215000e+002  3.551396e-002  0.000000e+000
 4.220000e+002  8.506568e-002  0.000000e+000
 4.225000e+002  1.624373e-001  0.000000e+000
 4.230000e+002  2.706542e-002  0.000000e+000
 4.235000e+002  4.748761e-002  0.000000e+000
 4.240000e+002  1.102255e-001  0.000000e+000
 4.245000e+002  2.738876e-003  0.000000e+000
 4.250000e+002  3.986876e-002  0.000000e+000
 4.255000e+002  1.205505e-003  0.000000e+000
 4.260000e+002  1.615465e-002  0.000000e+000
 4.265000e+002  5.789470e-002  0.000000e+000
 4.270000e+002  1.376349e-002  0.000000e+000
 4.275000e+002  5.011945e-003  0.000000e+000
 4.280000e+002  5.217595e-002  0.000000e+000
 4.285000e+002  1.008968e-002  0.000000e+000
 4.290000e+002  5.946201e-002  0.000000e+000
 4.295000e+002  1.810189e-002  0.000000e+000
 4.300000e+002  4.455439e-002  0.000000e+000
 4.305000e+002  4.294474e-002  0.000000e+000
 4.310000e+002  2.633508e-002  0.000000e+000
 4.315000e+002  3.865945e-002  0.000000e+000
 4.320000e+002  3.286064e-002  0.000000e+000
 4.325000e+002  4.032405e-002  0.000000e+000
 4.330000e+002  7.222959e-002  0.000000e+000
 4.335000e+002  1.936020e-002  0.000000e+000
 4.340000e+002  6.100059e-002  0.000000e+000
 4.345000e+002  3.145846e-002  0.000000e+000
 4.350000e+002  4.101008e-002  0.000000e+000
 4.355000e+002  2.839843e-002  0.000000e+000
 4.360000e+002  1.874181e-002  0.000000e+000
 4.365000e+002  6.902849e-003  0.000000e+000
 4.370000e+002  3.615965e-002  0.000000e+000
 4.375000e+002  1.702456e-002  0.000000e+000
 4.380000e+002  1.177183e-002  0.000000e+000
 4.385000e+002  3.199667e-002  0.000000e+000
 4.390000e+002  7.613906e-002  0.000000e+000
 4.395000e+002  6.116753e-002  0.000000e+000
 4.400000e+002  4.125910e-002  0.000000e+000
 4.405000e+002  1.453366e-002  0.000000e+000
 4.410000e+002  5.476876e-002  0.000000e+000
 4.415000e+002  2.995124e-002  0.000000e+000
 4.420000e+002  2.426694e-002  0.000000e+000
 4.425000e+002  2.492935e-002  0.000000e+000
 4.430000e+002  1.214476e-002  0.000000e+000
 4.435000e+002  4.629549e-002  0.000000e+000
 4.440000e+002  4.863517e-002  0.000000e+000
 4.445000e+002  1.253913e-001  0.000000e+000
 4.450000e+002  1.596127e-002  0.000000e+000
 4.455000e+002  3.922241e-002  0.000000e+000
 4.460000e+002  5.852026e-003  0.000000e+000
 4.465000e+002  4.790940e-002  0.000000e+000
 4.470000e+002  1.413463e-002  0.000000e+000
 4.475000e+002  2.334562e-002  0.000000e+000
 4.480000e+002  4.428399e-002  0.000000e+000
 4.485000e+002  2.080655e-002  0.000000e+000
 4.490000e+002  4.912524e-002  0.000000e+000
 4.495000e+002  8.416807e-002  0.000000e+000
 4.500000e+002  1.928135e-002  0.000000e+000
 4.505000e+002  8.772115e-002  0.000000e+000
 4.510000e+002  1.186201e-002  0.000000e+000
 4.515000e+002  3.123368e-002  0.000000e+000
 4.520000e+002  3.606582e-002  0.000000e+000
 4.525000e+002  2.564344e-002  0.000000e+000
 4.530000e+002  5.691850e-002  0.000000e+000
 4.535000e+002  7.807478e-002  0.000000e+000
 4.540000e+002  2.384385e-003  0.000000e+000
 4.545000e+002  2.909766e-003  0.000000e+000
 4.550000e+002  4.432488e-002  0.000000e+000
 4.555000e+002  2.528149e-002  0.000000e+000
 4.560000e+002  5.814248e-002  0.000000e+000
 4.565000e+002  6.952184e-002  0.000000e+000
 4.570000e+002  5.066796e-002  0.000000e+000
 4.575000e+002  3.690429e-002  0.000000e+000
 4.580000e+002  6.165093e-003  0.000000e+000
 4.585000e+002  3.350087e-004  0.000000e+000
 4.590000e+002  4.255690e-002  0.000000e+000
 4.595000e+002  3.670707e-002  0.000000e+000
 4.600000e+002  4.517781e-002  0.000000e+000
 4.605000e+002  3.646462e-002  0.000000e+000
 4.610000e+002  3.992382e-002  0.000000e+000
 4.615000e+002  3.016203e-002  0.000000e+000
 4.620000e+002  2.637316e-004  0.000000e+000
 4.625000e+002  4.469372e-003  0.000000e+000
 4.630000e+002  8.099950e-003  0.000000e+000
 4.635000e+002  4.341070e-002  0.000000e+000
 4.640000e+002  1.280919e-002  0.000000e+000
 4.645000e+002  7.695036e-002  0.000000e+000
 4.650000e+002  1.248345e-002  0.000000e+000
 4.655000e+002  2.577325e-002  0.000000e+000
 4.660000e+002  3.031388e-003  0.000000e+000
 4.665000e+002  1.138768e-002  0.000000e+000
 4.670000e+002  4.469825e-002  0.000000e+000
 4.675000e+002  3.342986e-002  0.000000e+000
 4.680000e+002  5.711414e-002  0.000000e+000
 4.685000e+002  3.837698e-002  0.000000e+000
 4.690000e+002  1.432730e-003  0.000000e+000
 4.695000e+002  2.436666e-002  0.000000e+000
 4.700000e+002  3.245237e-002  0.000000e+000
 4.705000e+002  7.574196e-003  0.000000e+000
 4.710000e+002  1.722529e-002  0.000000e+000
 4.715000e+002  2.697849e-003  0.000000e+000
 4.720000e+002  2.462317e-002  0.000000e+000
 4.725000e+002  2.408645e-002  0.000000e+000
 4.730000e+002  2.743561e-002  0.000000e+000
 4.735000e+002  2.377579e-002  0.000000e+000
 4.740000e+002  2.684132e-002  0.000000e+000
 4.745000e+002  4.734586e-003  0.000000e+000
 4.750000e+002  1.162227e-002  0.000000e+000
 4.755000e+002  1.851483e-003  0.000000e+000
 4.760000e+002  1.630302e-002  0.000000e+000
 4.765000e+002  2.743896e-002  0.000000e+000
 4.770000e+002  2.078999e-002  0.000000e+000
 4.775000e+002  3.981682e-003  0.000000e+000
 4.780000e+002  1.769403e-002  0.000000e+000
 4.785000e+002  5.792955e-002  0.000000e+000
 4.790000e+002  3.991486e-002  0.000000e+000
 4.795000e+002  2.446012e-003  0.000000e+000
 4.800000e+002  5.323401e-002  0.000000e+000
 4.805000e+002  3.625940e-003  0.000000e+000
 4.810000e+002  6.014751e-003  0.000000e+000
 4.815000e+002  2.663063e-002  0.000000e+000
 4.820000e+002  1.956662e-002  0.000000e+000
 4.825000e+002  8.524244e-003  0.000000e+000
 4.830000e+002  7.395166e-003  0.000000e+000
 4.835000e+002  1.385629e-002  0.000000e+000
 4.840000e+002  3.845359e-003  0.000000e+000
 4.845000e+002  2.259738e-002  0.000000e+000
 4.850000e+002  2.639049e-003  0.000000e+000
 4.855000e+002  3.183259e-002  0.000000e+000
 4.860000e+002  2.239940e-002  0.000000e+000
 4.865000e+002  2.348640e-003  0.000000e+000
 4.870000e+002  1.763873e-002  0.000000e+000
 4.875000e+002  7.980316e-003  0.000000e+000
 4.880000e+002  9.415411e-003  0.000000e+000
 4.885000e+002  2.693062e-002  0.000000e+000
 4.890000e+002  4.471225e-002  0.000000e+000
 4.895000e+002  2.326617e-002  0.000000e+000
 4.900000e+002  1.295690e-002  0.000000e+000
 4.905000e+002  2.860201e-002  0.000000e+000
 4.910000e+002  6.219993e-004  0.000000e+000
 4.915000e+002  6.493176e-003  0.000000e+000
 4.920000e+002  1.309732e-002  0.000000e+000
 4.925000e+002  1.152243e-002  0.000000e+000
 4.930000e+002  5.553960e-003  0.000000e+000
 4.935000e+002  5.460590e-003  0.000000e+000
 4.940000e+002  1.202687e-002  0.000000e+000
 4.945000e+002  2.243713e-002  0.000000e+000
 4.950000e+002  1.093809e-002  0.000000e+000
 4.955000e+002  5.517257e-003  0.000000e+000
 4.960000e+002  2.773145e-002  0.000000e+000
 4.965000e+002  1.513318e-002  0.000000e+000
 4.970000e+002  1.789124e-002  0.000000e+000
 4.975000e+002  1.173032e-002  0.000000e+000
 4.980000e+002  4.376223e-002  0.000000e+000
 4.985000e+002  7.037016e-003  0.000000e+000
 4.990000e+002  4.656288e-002  0.000000e+000
 4.995000e+002  1.168769e-002  0.000000e+000
 5.000000e+002  9.938000e-003  0.000000e+000
 5.005000e+002  7.921161e-003  0.000000e+000
 5.010000e+002  1.700323e-002  0.000000e+000
 5.015000e+002  8.861126e-003  0.000000e+000
 5.020000e+002  3.800713e-002  0.000000e+000
 5.025000e+002  3.505847e-002  0.000000e+000
 5.030000e+002  1.458090e-002  0.000000e+000
 5.035000e+002  1.470498e-002  0.000000e+000
 5.040000e+002  1.492452e-002  0.000000e+000
 5.045000e+002  1.833166e-002  0.000000e+000
 5.050000e+002  1.277531e-002  0.000000e+000
 5.055000e+002  7.498735e-003  0.000000e+000
 5.060000e+002  1.316254e-002  0.000000e+000
 5.065000e+002  1.350316e-002  0.000000e+000
 5.070000e+002  4.493516e-003  0.000000e+000
 5.075000e+002  1.340314e-002  0.000000e+000
 5.080000e+002  3.265116e-002  0.000000e+000
 5.085000e+002  1.444361e-002  0.000000e+000
 5.090000e+002  1.526073e-002  0.000000e+000
 5.095000e+002  2.825403e-003  0.000000e+000
 5.100000e+002  1.354530e-002  0.000000e+000
 5.105000e+002  1.663869e-002  0.000000e+000
 5.110000e+002  3.440120e-002  0.000000e+000
 5.115000e+002  8.994342e-003  0.000000e+000
 5.120000e+002  3.243436e-004  0.000000e+000
