 0.000000e+000  4.954360e-005  0.000000e+000
 5.000000e-001 -1.024365e-003 -1.413962e-003
 1.000000e+000 -2.022729e-003 -8.690795e-004
 1.500000e+000 -2.296229e-003 -5.941453e-004
 2.000000e+000 -2.436696e-003 -2.944104e-004
 2.500000e+000 -2.408846e-003 -9.953055e-005
 3.000000e+000 -2.523224e-003 -5.194411e-005
 3.500000e+000 -2.685423e-003  1.461088e-004
 4.000000e+000 -3.043652e-003  7.042517e-004
 4.500000e+000 -2.293658e-003  2.442965e-004
 5.000000e+000 -2.358181e-003  2.230674e-004
 5.500000e+000 -2.394335e-003  5.422605e-004
 6.000000e+000 -2.459036e-003  4.602791e-004
 6.500000e+000 -2.546790e-003  6.706471e-004
 7.000000e+000 -2.817169e-003  1.012598e-003
 7.500000e+000 -2.473964e-003  5.164987e-004
 8.000000e+000 -2.926583e-003  1.237771e-003
 8.500000e+000 -2.987397e-003  1.340739e-003
 9.000000e+000 -2.905906e-003  1.531881e-003
 9.500000e+000 -3.185567e-003  1.761689e-003
 1.000000e+001 -3.084448e-003  1.974967e-003
 1.050000e+001 -3.206714e-003  2.082651e-003
 1.100000e+001 -3.165888e-003  2.635253e-003
 1.150000e+001 -3.356629e-003  2.974363e-003
 1.200000e+001 -3.020083e-003  3.059458e-003
 1.250000e+001 -3.411661e-003  4.294026e-003
 1.300000e+001 -2.986466e-003  5.270765e-003
 1.350000e+001 -3.017230e-003  7.327063e-003
 1.400000e+001 -1.640629e-003  1.112176e-002
 1.450000e+001  2.121271e-003  2.362004e-002
 1.500000e+001 -8.194742e-002 -3.368794e-001
 1.550000e+001 -1.215962e-002 -2.020220e-002
 1.600000e+001 -1.039418e-002 -1.056113e-002
 1.650000e+001 -9.599033e-003 -7.021850e-003
 1.700000e+001 -1.043280e-002 -5.054306e-003
 1.750000e+001 -1.073080e-002 -4.189995e-003
 1.800000e+001 -1.162363e-002 -3.099679e-003
 1.850000e+001 -1.316058e-002 -2.090967e-003
 1.900000e+001 -1.507634e-002 -1.564741e-003
 1.950000e+001 -1.750088e-002 -1.677155e-003
 2.000000e+001 -2.079480e-002 -4.696511e-004
 2.050000e+001 -2.692638e-002  1.378072e-003
 2.100000e+001 -3.840630e-002  2.664548e-003
 2.150000e+001 -6.697530e-002  1.016809e-002
 2.200000e+001 -1.269977e-001  1.078121e-001
 2.250000e+001  1.258927e-001  4.224879e-002
 2.300000e+001  5.414149e-002  4.483212e-003
 2.350000e+001  3.320495e-002  1.117452e-003
 2.400000e+001  2.490141e-002  6.534706e-004
 2.450000e+001  1.882528e-002 -9.294590e-004
 2.500000e+001  1.577277e-002 -8.997824e-004
 2.550000e+001  1.363767e-002 -7.532997e-004
 2.600000e+001  1.186230e-002 -8.152092e-004
 2.650000e+001  1.057964e-002 -8.131738e-004
 2.700000e+001  9.535969e-003 -5.656153e-004
 2.750000e+001  8.573480e-003 -4.862437e-004
 2.800000e+001  7.860273e-003 -6.236519e-004
 2.850000e+001  7.272661e-003 -2.230286e-004
 2.900000e+001  6.745268e-003  2.750390e-004
 2.950000e+001  6.263088e-003  1.779517e-003
 3.000000e+001  8.336929e-003 -1.949983e-002
 3.050000e+001  5.658896e-003 -2.776234e-003
 3.100000e+001  5.350931e-003 -1.922341e-003
 3.150000e+001  5.158034e-003 -1.441995e-003
 3.200000e+001  4.950867e-003 -1.318247e-003
 3.250000e+001  4.582320e-003 -1.160652e-003
 3.300000e+001  4.434555e-003 -1.095360e-003
 3.350000e+001  4.277374e-003 -1.050115e-003
 3.400000e+001  4.200435e-003 -8.177308e-004
 3.450000e+001  3.975447e-003 -8.463478e-004
 3.500000e+001  3.908346e-003 -7.977980e-004
 3.550000e+001  3.731701e-003 -6.558223e-004
 3.600000e+001  3.662184e-003 -7.505441e-004
 3.650000e+001  3.480056e-003 -7.386152e-004
 3.700000e+001  3.290838e-003 -5.857126e-004
 3.750000e+001  3.346254e-003 -4.724398e-004
 3.800000e+001  3.309881e-003 -6.040685e-004
 3.850000e+001  3.120360e-003 -5.397137e-004
 3.900000e+001  3.087322e-003 -5.398909e-004
 3.950000e+001  3.014836e-003 -5.868765e-004
 4.000000e+001  2.916497e-003 -5.257629e-004
 4.050000e+001  2.967654e-003 -3.685269e-004
 4.100000e+001  2.885672e-003 -2.988321e-004
 4.150000e+001  2.800465e-003 -3.675131e-004
 4.200000e+001  2.801790e-003 -3.311094e-004
 4.250000e+001  2.774357e-003 -3.354401e-004
 4.300000e+001  2.773689e-003 -3.245159e-004
 4.350000e+001  2.697505e-003 -2.839875e-004
 4.400000e+001  2.672566e-003 -1.862394e-004
 4.450000e+001  2.797587e-003 -2.906423e-004
 4.500000e+001  2.800626e-003 -9.941193e-004
 4.550000e+001  2.499868e-003 -3.322055e-004
 4.600000e+001  2.379253e-003 -2.214575e-004
 4.650000e+001  2.472788e-003 -2.058719e-004
 4.700000e+001  2.383246e-003 -2.150096e-004
 4.750000e+001  2.340793e-003 -2.469600e-004
 4.800000e+001  2.316958e-003 -1.823927e-004
 4.850000e+001  2.237012e-003 -2.112375e-004
 4.900000e+001  2.212146e-003 -1.421431e-004
 4.950000e+001  2.301722e-003 -1.494346e-004
 5.000000e+001  2.258740e-003 -9.416300e-005
 5.050000e+001  2.306275e-003 -1.850168e-004
 5.100000e+001  2.175231e-003 -7.006584e-005
 5.150000e+001  2.169967e-003 -1.190556e-005
 5.200000e+001  2.227317e-003 -1.149403e-004
 5.250000e+001  2.171392e-003  2.866906e-005
 5.300000e+001  2.216239e-003 -9.776789e-005
 5.350000e+001  2.166465e-003 -1.306494e-005
 5.400000e+001  2.305325e-003  9.801673e-005
 5.450000e+001  2.295048e-003 -8.717141e-005
 5.500000e+001  2.167378e-003  2.228544e-005
 5.550000e+001  2.120223e-003  5.504958e-006
 5.600000e+001  2.254515e-003  2.089274e-004
 5.650000e+001  2.118399e-003  8.413172e-005
 5.700000e+001  2.135552e-003  1.835082e-004
 5.750000e+001  2.201150e-003  1.203739e-004
 5.800000e+001  2.088866e-003  2.414858e-004
 5.850000e+001  2.151582e-003  4.016178e-004
 5.900000e+001  2.268024e-003  5.079218e-004
 5.950000e+001  2.497709e-003  1.108617e-003
 6.000000e+001  8.266644e-004 -2.745350e-003
 6.050000e+001  1.941316e-003 -3.714678e-004
 6.100000e+001  2.042133e-003 -1.802418e-004
 6.150000e+001  2.077781e-003 -1.100247e-005
 6.200000e+001  2.117787e-003  6.054655e-005
 6.250000e+001  2.143209e-003 -5.393902e-005
 6.300000e+001  2.127044e-003  9.885514e-005
 6.350000e+001  2.149627e-003 -1.649578e-005
 6.400000e+001  2.344200e-003  3.685718e-005
 6.450000e+001  2.216792e-003  8.552429e-005
 6.500000e+001  2.352134e-003  1.999522e-004
 6.550000e+001  2.314773e-003  1.382251e-004
 6.600000e+001  2.409795e-003  8.510079e-005
 6.650000e+001  2.313779e-003  2.321870e-004
 6.700000e+001  2.471775e-003  2.277950e-004
 6.750000e+001  2.500197e-003  2.197587e-004
 6.800000e+001  2.616679e-003  2.414189e-004
 6.850000e+001  2.609252e-003  2.567730e-004
 6.900000e+001  2.741665e-003  1.878880e-004
 6.950000e+001  2.852835e-003  2.216353e-004
 7.000000e+001  2.864220e-003  3.855008e-004
 7.050000e+001  3.025248e-003  4.122449e-004
 7.100000e+001  3.124300e-003  3.192933e-004
 7.150000e+001  3.285828e-003  5.243181e-004
 7.200000e+001  3.558422e-003  3.867013e-004
 7.250000e+001  3.407190e-003  2.927511e-004
 7.300000e+001  3.599093e-003  3.474391e-004
 7.350000e+001  3.815061e-003  4.583673e-004
 7.400000e+001  4.026579e-003  6.472589e-004
 7.450000e+001  4.115517e-003  1.009329e-003
 7.500000e+001  5.929419e-003 -1.188804e-003
 7.550000e+001  5.881551e-003  1.004105e-004
 7.600000e+001  6.503530e-003  2.035405e-004
 7.650000e+001  7.616512e-003  3.681767e-004
 7.700000e+001  9.746838e-003  9.850040e-005
 7.750000e+001  1.258210e-002  2.226034e-004
 7.800000e+001  1.835673e-002 -1.342485e-003
 7.850000e+001  3.271935e-002 -1.148717e-002
 7.900000e+001 -8.559473e-003 -7.488646e-002
 7.950000e+001 -2.328674e-002 -1.247388e-002
 8.000000e+001 -1.323180e-002 -4.803566e-003
 8.050000e+001 -9.164241e-003 -2.614843e-003
 8.100000e+001 -6.843769e-003 -1.872319e-003
 8.150000e+001 -5.483611e-003 -1.057967e-003
 8.200000e+001 -4.450650e-003 -1.004071e-003
 8.250000e+001 -3.625454e-003 -7.420211e-004
 8.300000e+001 -3.203167e-003 -5.600625e-004
 8.350000e+001 -2.672971e-003 -3.487833e-004
 8.400000e+001 -2.370202e-003 -3.694592e-004
 8.450000e+001 -2.028549e-003 -2.624035e-004
 8.500000e+001 -1.883377e-003 -1.877768e-004
 8.550000e+001 -1.706311e-003 -2.822486e-004
 8.600000e+001 -1.574081e-003 -1.944299e-004
 8.650000e+001 -1.477910e-003 -1.818360e-004
 8.700000e+001 -1.248044e-003 -2.392963e-004
 8.750000e+001 -1.079567e-003 -2.187437e-004
 8.800000e+001 -1.231471e-003 -1.856389e-004
 8.850000e+001 -1.114448e-003 -1.420682e-004
 8.900000e+001 -1.016889e-003 -2.264692e-004
 8.950000e+001 -1.049085e-003 -3.062205e-004
 9.000000e+001 -6.212625e-004  2.186085e-004
 9.050000e+001 -8.711679e-004  1.604759e-004
 9.100000e+001 -7.149197e-004  1.183439e-004
 9.150000e+001 -7.010418e-004  7.779198e-005
 9.200000e+001 -5.249057e-004  1.207339e-004
 9.250000e+001 -5.950647e-004  1.442055e-004
 9.300000e+001 -5.279132e-004  1.502208e-004
 9.350000e+001 -4.407536e-004  1.287471e-004
 9.400000e+001 -3.462229e-004  7.154942e-005
 9.450000e+001 -3.827034e-004  9.685179e-005
 9.500000e+001 -4.779275e-004  1.158716e-004
 9.550000e+001 -3.121433e-004  1.523165e-004
 9.600000e+001 -3.799019e-004  1.175135e-004
 9.650000e+001 -3.468620e-004  8.769685e-005
 9.700000e+001 -2.918888e-004  1.950694e-004
 9.750000e+001 -3.881287e-004  1.472622e-004
 9.800000e+001 -2.980956e-004  1.820632e-004
 9.850000e+001 -2.743741e-004  2.196715e-004
 9.900000e+001 -2.333054e-004  1.991234e-004
 9.950000e+001 -3.130786e-004  2.177747e-004
 1.000000e+002 -3.239856e-004  8.103634e-005
 1.005000e+002 -4.702503e-004  5.905751e-005
 1.010000e+002 -5.723915e-004  1.716463e-004
 1.015000e+002 -2.530934e-004  3.265333e-004
 1.020000e+002 -1.676402e-004  3.164707e-004
 1.025000e+002 -2.602964e-004  2.961932e-004
 1.030000e+002 -2.736434e-004  3.001248e-004
 1.035000e+002 -3.205168e-004  2.626112e-004
 1.040000e+002 -6.052385e-004  2.113939e-004
 1.045000e+002 -9.836056e-004  4.294366e-004
 1.050000e+002  9.098077e-004 -3.999963e-005
 1.055000e+002  2.067348e-004  1.505386e-004
 1.060000e+002  1.229270e-004  1.509341e-004
 1.065000e+002  2.218386e-005  3.938774e-004
 1.070000e+002 -4.609827e-005  2.085806e-004
 1.075000e+002 -2.066186e-007  2.471261e-004
 1.080000e+002 -3.439234e-005  2.051927e-004
 1.085000e+002  6.210677e-006  1.235943e-004
 1.090000e+002  7.051171e-005  1.987373e-004
 1.095000e+002  6.688408e-005  1.297194e-004
 1.100000e+002  4.828264e-006  2.047285e-004
 1.105000e+002  8.452487e-005 -8.960733e-005
 1.110000e+002 -2.553885e-005  6.400616e-005
 1.115000e+002 -1.490867e-004  1.640683e-004
 1.120000e+002 -9.907397e-005  6.796839e-005
 1.125000e+002 -4.315157e-005  1.288589e-004
 1.130000e+002 -1.721192e-004  1.407407e-004
 1.135000e+002 -4.602921e-004  1.738209e-004
 1.140000e+002 -1.477412e-004  1.590816e-004
 1.145000e+002 -2.413264e-004  2.911500e-004
 1.150000e+002 -1.862799e-004  2.613717e-004
 1.155000e+002 -1.068647e-004  2.770614e-004
 1.160000e+002 -8.542119e-005  1.925120e-004
 1.165000e+002 -1.153803e-004  3.208645e-004
 1.170000e+002 -2.062524e-004  2.209482e-004
 1.175000e+002 -1.523126e-004  2.220542e-004
 1.180000e+002 -1.305314e-004  2.685995e-004
 1.185000e+002 -1.020719e-004  1.951600e-004
 1.190000e+002 -3.393683e-005  3.038841e-004
 1.195000e+002  7.913976e-005  2.602879e-004
 1.200000e+002 -1.858478e-004 -1.794203e-004
 1.205000e+002 -2.418978e-004  2.589665e-004
 1.210000e+002 -2.204787e-004  1.918470e-004
 1.215000e+002 -1.887318e-004  1.815411e-004
 1.220000e+002 -2.095159e-004  2.563255e-004
 1.225000e+002 -1.570872e-004  1.778251e-004
 1.230000e+002 -3.090310e-004  2.222237e-004
 1.235000e+002 -1.489568e-004  1.911712e-004
 1.240000e+002 -1.703032e-004  2.810075e-004
 1.245000e+002 -1.457003e-004  1.720091e-004
 1.250000e+002 -4.274748e-005  2.916093e-004
 1.255000e+002 -1.722288e-004  2.935464e-004
 1.260000e+002 -8.366417e-005  1.625048e-004
 1.265000e+002 -1.073103e-004  2.951102e-004
 1.270000e+002 -1.467452e-004  2.574870e-004
 1.275000e+002 -1.952004e-004  3.393345e-004
 1.280000e+002 -2.158402e-004  2.291418e-004
 1.285000e+002 -7.782726e-005  2.124792e-004
 1.290000e+002 -2.394351e-004  2.824547e-004
 1.295000e+002 -8.834010e-005  2.005698e-004
 1.300000e+002 -2.137881e-004  2.657941e-004
 1.305000e+002 -1.107929e-004  2.089114e-004
 1.310000e+002 -1.331422e-004  2.105196e-004
 1.315000e+002 -1.430603e-004  2.303253e-004
 1.320000e+002 -2.089414e-004  1.255889e-004
 1.325000e+002 -1.100318e-004  1.903855e-004
 1.330000e+002 -3.482617e-004  1.481729e-004
 1.335000e+002 -1.662295e-004  1.064298e-004
 1.340000e+002 -9.788569e-005 -1.504031e-004
 1.345000e+002  3.603485e-004 -1.065370e-003
 1.350000e+002 -2.786342e-004  1.191201e-003
 1.355000e+002 -1.120736e-004  4.219523e-004
 1.360000e+002 -2.199887e-004  2.790480e-004
 1.365000e+002 -5.633243e-005  3.961231e-004
 1.370000e+002 -1.252051e-004  3.519054e-004
 1.375000e+002 -1.883761e-004  4.279282e-004
 1.380000e+002 -1.587426e-004  4.134817e-004
 1.385000e+002 -1.068466e-004  2.207350e-004
 1.390000e+002 -8.877292e-005  3.679380e-004
 1.395000e+002 -7.837339e-005  3.364015e-004
 1.400000e+002 -3.431544e-004  2.961785e-004
 1.405000e+002 -1.739505e-004  3.081568e-004
 1.410000e+002 -1.732559e-004  2.992230e-004
 1.415000e+002 -1.509909e-004  2.990673e-004
 1.420000e+002 -1.572451e-004  1.245412e-004
 1.425000e+002 -1.735573e-004  2.655139e-004
 1.430000e+002 -1.815136e-004  2.020131e-004
 1.435000e+002 -1.482576e-004  2.661828e-004
 1.440000e+002 -2.269663e-004  3.130993e-004
 1.445000e+002 -2.183615e-004  3.296382e-004
 1.450000e+002 -1.113202e-004  2.077472e-004
 1.455000e+002 -2.002878e-004  2.180563e-004
 1.460000e+002 -1.700694e-004  2.413729e-004
 1.465000e+002 -5.288944e-005  2.688175e-004
 1.470000e+002 -1.835831e-004  1.842322e-004
 1.475000e+002 -1.651221e-004  1.399916e-004
 1.480000e+002 -1.882489e-004  1.881509e-004
 1.485000e+002 -1.426297e-005  4.961227e-005
 1.490000e+002  2.734925e-004  4.383536e-005
 1.495000e+002  8.523189e-004 -2.885774e-004
 1.500000e+002 -1.276465e-003  7.417607e-004
 1.505000e+002 -5.773653e-004  4.793418e-004
 1.510000e+002 -4.914304e-004  3.437522e-004
 1.515000e+002 -4.807198e-004  2.699281e-004
 1.520000e+002 -3.715192e-004  3.581866e-004
 1.525000e+002 -3.699696e-004  1.919294e-004
 1.530000e+002 -3.762826e-004  2.885695e-004
 1.535000e+002 -3.691099e-004  2.819519e-004
 1.540000e+002 -2.269296e-004  2.900036e-004
 1.545000e+002 -2.851874e-004  2.331588e-004
 1.550000e+002 -3.424045e-004  2.310974e-004
 1.555000e+002 -2.499385e-004  1.913876e-004
 1.560000e+002 -3.355331e-004  1.929922e-004
 1.565000e+002 -3.053043e-004  1.583641e-004
 1.570000e+002 -2.288432e-004  2.257115e-004
 1.575000e+002 -3.193239e-004  2.316308e-004
 1.580000e+002 -3.338825e-004  1.283397e-004
 1.585000e+002 -2.672026e-004  2.014317e-004
 1.590000e+002 -2.450095e-004  1.266738e-004
 1.595000e+002 -2.801916e-004  2.409789e-004
 1.600000e+002 -3.431004e-004  2.039290e-004
 1.605000e+002 -2.808832e-004  1.971173e-004
 1.610000e+002 -3.067410e-004  1.889015e-004
 1.615000e+002 -3.379936e-004  2.160695e-004
 1.620000e+002 -3.441999e-004  2.127176e-004
 1.625000e+002 -3.299214e-004  1.335866e-004
 1.630000e+002 -2.034877e-004  2.242067e-004
 1.635000e+002 -2.210642e-004 -3.147670e-005
 1.640000e+002 -2.008205e-004 -1.033739e-005
 1.645000e+002  2.222251e-004 -1.134126e-003
 1.650000e+002 -5.104690e-004  4.994451e-004
 1.655000e+002 -4.442926e-004  3.186329e-004
 1.660000e+002 -4.918873e-004  2.351200e-004
 1.665000e+002 -2.789118e-004  2.278378e-004
 1.670000e+002 -3.288328e-004  2.795212e-004
 1.675000e+002 -3.990586e-004  2.792715e-004
 1.680000e+002 -3.124184e-004  2.142511e-004
 1.685000e+002 -4.484274e-004  2.149133e-004
 1.690000e+002 -4.528982e-004  2.008198e-004
 1.695000e+002 -3.753050e-004  2.281777e-004
 1.700000e+002 -3.516048e-004  2.479324e-004
 1.705000e+002 -4.275705e-004  1.766423e-004
 1.710000e+002 -3.786816e-004  8.735195e-005
 1.715000e+002 -3.880752e-004  1.342903e-004
 1.720000e+002 -4.252111e-004  1.420157e-004
 1.725000e+002 -3.380667e-004  2.418803e-004
 1.730000e+002 -4.435856e-004  1.589905e-004
 1.735000e+002 -3.665905e-004  2.573337e-004
 1.740000e+002 -4.125345e-004  1.806920e-004
 1.745000e+002 -5.202518e-004  1.598773e-004
 1.750000e+002 -4.186336e-004  2.602921e-004
 1.755000e+002 -4.926072e-004  1.612300e-004
 1.760000e+002 -3.809281e-004  3.184710e-004
 1.765000e+002 -4.580955e-004  1.562407e-004
 1.770000e+002 -5.044517e-004  1.996898e-004
 1.775000e+002 -4.765977e-004  1.200216e-004
 1.780000e+002 -6.543382e-004  1.559811e-004
 1.785000e+002 -6.905735e-004  3.134962e-004
 1.790000e+002 -1.027966e-003  3.019525e-004
 1.795000e+002 -3.570366e-003  4.973039e-004
 1.800000e+002  9.082159e-004 -5.245886e-004
 1.805000e+002  1.128422e-004 -9.624336e-005
 1.810000e+002 -4.808714e-006 -3.623524e-005
 1.815000e+002 -9.974915e-005 -1.114438e-004
 1.820000e+002 -1.304083e-004  2.659312e-005
 1.825000e+002 -1.317042e-004  1.154442e-004
 1.830000e+002 -1.902702e-004 -3.202626e-005
 1.835000e+002 -2.748015e-004 -8.049694e-005
 1.840000e+002 -1.125907e-004  2.024635e-005
 1.845000e+002 -3.270599e-004  1.111649e-004
 1.850000e+002 -3.185599e-004  4.391175e-006
 1.855000e+002 -2.323977e-004  1.524940e-004
 1.860000e+002 -2.663461e-004  1.708221e-004
 1.865000e+002 -2.196363e-004  1.078984e-004
 1.870000e+002 -1.605495e-004  8.885626e-005
 1.875000e+002 -1.995017e-004  4.733568e-005
 1.880000e+002 -1.768263e-004  9.776185e-005
 1.885000e+002 -3.933557e-004 -5.982647e-005
 1.890000e+002 -3.902190e-004 -3.785650e-005
 1.895000e+002 -2.683413e-004 -5.188732e-005
 1.900000e+002 -3.315924e-004 -7.663350e-005
 1.905000e+002 -2.575805e-004 -1.000270e-004
 1.910000e+002 -2.666273e-004 -2.462748e-005
 1.915000e+002 -1.562585e-004  3.731647e-005
 1.920000e+002 -3.645291e-004  3.750471e-005
 1.925000e+002 -4.306192e-004 -4.239362e-006
 1.930000e+002 -3.046678e-004 -4.023353e-005
 1.935000e+002 -3.649856e-004  2.077158e-005
 1.940000e+002 -2.269968e-004 -2.000943e-004
 1.945000e+002 -1.727928e-003 -7.799290e-004
 1.950000e+002 -1.586382e-004 -1.082825e-005
 1.955000e+002 -9.111244e-005  8.201125e-005
 1.960000e+002 -3.455084e-004 -1.904862e-005
 1.965000e+002 -2.920503e-004  2.469060e-005
 1.970000e+002 -2.268380e-004  3.696734e-005
 1.975000e+002 -3.434699e-004 -6.079512e-005
 1.980000e+002 -1.441362e-004 -5.904380e-005
 1.985000e+002 -1.565892e-004  1.050377e-005
 1.990000e+002 -2.836643e-004  2.328740e-005
 1.995000e+002 -3.257989e-004 -2.566076e-005
 2.000000e+002 -3.098479e-004 -1.832714e-004
 2.005000e+002 -2.303865e-004  2.862195e-005
 2.010000e+002 -2.959786e-004 -5.250308e-005
 2.015000e+002 -1.663516e-004  1.536650e-005
 2.020000e+002 -1.868893e-004  1.390023e-005
 2.025000e+002 -2.672439e-004 -9.002829e-005
 2.030000e+002 -2.445908e-004  2.690794e-005
 2.035000e+002 -3.960487e-004 -1.130021e-004
 2.040000e+002 -2.592124e-004 -9.595338e-005
 2.045000e+002 -1.636426e-004 -2.850833e-005
 2.050000e+002 -2.048847e-004 -1.270440e-004
 2.055000e+002 -1.863302e-004  1.385074e-004
 2.060000e+002 -1.707623e-004  5.706430e-006
 2.065000e+002 -2.285412e-004  7.340208e-005
 2.070000e+002 -1.078949e-004  2.265224e-005
 2.075000e+002 -1.569816e-004  4.355016e-005
 2.080000e+002 -1.135972e-004 -4.461049e-006
 2.085000e+002 -1.389919e-004 -6.195573e-005
 2.090000e+002 -7.473970e-005 -2.767510e-005
 2.095000e+002  1.008887e-003  2.446932e-004
 2.100000e+002 -6.606552e-004 -2.480983e-004
 2.105000e+002 -4.946634e-004 -1.792996e-004
 2.110000e+002 -2.786412e-004 -3.205425e-004
 2.115000e+002 -4.445675e-004 -1.297527e-006
 2.120000e+002 -2.156767e-004 -7.634848e-005
 2.125000e+002 -3.211593e-004 -1.244235e-004
 2.130000e+002 -2.693921e-004 -1.000371e-004
 2.135000e+002 -2.258480e-004  8.435830e-005
 2.140000e+002 -2.299395e-004 -1.509266e-004
 2.145000e+002 -2.483621e-004 -2.249944e-004
 2.150000e+002 -3.039240e-004  6.298569e-005
 2.155000e+002 -1.780020e-004 -1.536939e-004
 2.160000e+002 -3.077310e-004 -1.483599e-004
 2.165000e+002 -1.394225e-004 -5.244089e-005
 2.170000e+002 -3.094659e-004 -1.314151e-005
 2.175000e+002 -2.441572e-004 -1.467327e-004
 2.180000e+002 -3.539826e-004 -7.679185e-005
 2.185000e+002 -2.400077e-004 -1.837892e-004
 2.190000e+002 -3.217738e-004 -1.833123e-004
 2.195000e+002 -1.589566e-004 -7.221013e-005
 2.200000e+002 -2.346809e-004 -1.531738e-005
 2.205000e+002 -2.389668e-004 -1.262498e-004
 2.210000e+002 -3.200862e-004 -1.282366e-004
 2.215000e+002 -1.129122e-004 -1.640113e-004
 2.220000e+002 -2.559992e-004 -2.483579e-004
 2.225000e+002 -2.792379e-004 -1.493721e-004
 2.230000e+002 -1.018128e-004 -1.782717e-004
 2.235000e+002 -1.558288e-004 -1.484453e-004
 2.240000e+002  9.913087e-005 -5.122988e-005
 2.245000e+002  9.213597e-004 -1.068855e-004
 2.250000e+002 -2.230532e-004  3.137667e-006
 2.255000e+002 -2.539903e-004 -6.923286e-004
 2.260000e+002 -1.821467e-004 -1.188892e-004
 2.265000e+002 -2.239204e-004 -1.414589e-004
 2.270000e+002 -1.915452e-004 -6.730481e-006
 2.275000e+002 -2.909613e-004 -1.374946e-004
 2.280000e+002 -5.061746e-005 -1.782451e-004
 2.285000e+002 -1.912762e-004 -1.254981e-004
 2.290000e+002 -1.693894e-004 -6.474477e-005
 2.295000e+002 -1.242799e-004 -2.437918e-004
 2.300000e+002 -1.953372e-004 -2.214893e-004
 2.305000e+002 -5.385236e-005 -9.899833e-005
 2.310000e+002 -7.998659e-005 -2.138032e-004
 2.315000e+002 -1.337517e-004 -1.613445e-004
 2.320000e+002 -6.576723e-005 -3.186793e-004
 2.325000e+002 -7.052065e-005 -2.015101e-004
 2.330000e+002 -6.305319e-005 -3.829975e-004
 2.335000e+002  1.482112e-005 -2.287392e-004
 2.340000e+002 -9.500618e-005 -2.241399e-004
 2.345000e+002  6.734295e-005 -2.859154e-004
 2.350000e+002  1.076646e-004 -4.293644e-004
 2.355000e+002  2.946553e-004 -5.086442e-004
 2.360000e+002 -1.750228e-004 -3.752251e-004
 2.365000e+002  2.645268e-005 -3.900562e-004
 2.370000e+002 -1.766742e-004 -4.925981e-004
 2.375000e+002 -4.510945e-004 -4.478604e-004
 2.380000e+002 -3.456567e-004 -5.258390e-004
 2.385000e+002 -2.923175e-004 -2.806893e-004
 2.390000e+002 -6.924173e-004 -1.433929e-004
 2.395000e+002 -2.793524e-004  1.666507e-004
 2.400000e+002 -3.863424e-004 -5.226030e-004
 2.405000e+002 -3.137338e-004 -3.217887e-004
 2.410000e+002 -2.268952e-004 -1.937469e-004
 2.415000e+002 -3.978747e-004 -2.771875e-004
 2.420000e+002 -3.534787e-004 -2.164563e-004
 2.425000e+002 -1.084272e-004 -1.639633e-004
 2.430000e+002 -2.956658e-004 -3.524758e-004
 2.435000e+002 -1.794013e-004 -1.843494e-004
 2.440000e+002 -1.976497e-004 -3.040809e-004
 2.445000e+002 -2.953517e-004 -2.759451e-004
 2.450000e+002 -2.915208e-004 -3.480993e-004
 2.455000e+002 -2.168452e-004 -2.029282e-004
 2.460000e+002 -1.562769e-004 -1.872757e-004
 2.465000e+002 -3.092367e-004 -2.519624e-004
 2.470000e+002 -1.971311e-004 -3.729488e-004
 2.475000e+002 -3.595708e-004 -2.564200e-004
 2.480000e+002 -1.864335e-004 -3.482992e-004
 2.485000e+002 -3.083076e-004 -3.539961e-004
 2.490000e+002 -4.002483e-004 -3.775253e-004
 2.495000e+002 -4.095170e-004 -2.255124e-004
 2.500000e+002 -2.779789e-004 -1.733924e-004
 2.505000e+002 -4.475983e-004 -2.475662e-004
 2.510000e+002 -3.580185e-004 -2.972079e-004
 2.515000e+002 -2.699977e-004 -2.019029e-004
 2.520000e+002 -4.584210e-004 -2.488614e-004
 2.525000e+002 -3.138180e-004 -8.687489e-005
 2.530000e+002 -3.102387e-004 -1.168767e-004
 2.535000e+002 -2.013289e-004  1.793625e-005
 2.540000e+002 -4.696249e-004 -5.947952e-005
 2.545000e+002  2.737437e-004 -1.374080e-003
 2.550000e+002 -2.253519e-004 -3.674254e-004
 2.555000e+002 -2.647455e-004 -1.690756e-004
 2.560000e+002 -3.694018e-004 -1.996957e-004
 2.565000e+002 -3.603534e-004 -6.891171e-005
 2.570000e+002 -1.701282e-004 -7.250444e-005
 2.575000e+002 -1.966449e-004 -1.862114e-004
 2.580000e+002 -2.465850e-004 -1.452842e-004
 2.585000e+002 -1.982243e-004 -1.099188e-004
 2.590000e+002 -2.728524e-004 -1.092853e-004
 2.595000e+002 -1.114237e-004 -1.400028e-004
 2.600000e+002 -1.283452e-004 -7.161357e-005
 2.605000e+002 -1.120591e-005 -3.414943e-005
 2.610000e+002  5.856777e-005 -2.758632e-004
 2.615000e+002 -3.380890e-005 -1.740107e-004
 2.620000e+002 -1.589178e-004 -1.829874e-004
 2.625000e+002 -1.597346e-004 -2.686928e-004
 2.630000e+002 -1.599423e-004 -1.007993e-004
 2.635000e+002 -2.380438e-004 -1.234416e-004
 2.640000e+002 -1.827518e-005 -2.875547e-005
 2.645000e+002 -3.482421e-005 -3.389762e-005
 2.650000e+002 -4.221000e-005 -1.540380e-004
 2.655000e+002 -1.614294e-004 -1.265662e-004
 2.660000e+002 -7.390310e-005 -2.978445e-004
 2.665000e+002 -2.416728e-004 -1.404961e-004
 2.670000e+002 -2.673134e-004 -1.041198e-004
 2.675000e+002 -2.029211e-004 -6.464549e-006
 2.680000e+002 -1.028640e-004 -1.349449e-004
 2.685000e+002 -1.448752e-004 -9.155974e-005
 2.690000e+002 -1.407024e-004 -2.413689e-004
 2.695000e+002  2.342739e-004 -1.348282e-005
 2.700000e+002 -9.412459e-005 -1.325020e-004
 2.705000e+002 -9.043577e-006 -1.811286e-005
 2.710000e+002 -5.412718e-005 -1.104995e-004
 2.715000e+002  1.368948e-005 -1.308200e-004
 2.720000e+002  3.092568e-005  4.329127e-005
 2.725000e+002 -3.773535e-005 -1.670407e-004
 2.730000e+002  6.645473e-005 -6.147942e-005
 2.735000e+002  2.813005e-005 -1.984668e-004
 2.740000e+002  8.799651e-005 -7.461546e-005
 2.745000e+002 -1.640138e-004 -2.676216e-004
 2.750000e+002 -6.851338e-005 -1.157147e-004
 2.755000e+002  2.152705e-005 -7.558322e-005
 2.760000e+002 -5.831551e-005 -9.537003e-005
 2.765000e+002  2.311913e-005 -1.746100e-004
 2.770000e+002  7.286466e-005 -1.246600e-004
 2.775000e+002 -2.124808e-004 -2.614800e-004
 2.780000e+002  1.663916e-004 -8.177179e-005
 2.785000e+002 -6.066300e-005 -2.587045e-004
 2.790000e+002 -1.443394e-004 -1.194872e-004
 2.795000e+002 -6.261875e-005 -2.558975e-004
 2.800000e+002 -1.764008e-004 -8.543937e-005
 2.805000e+002  2.314923e-004 -8.517985e-005
 2.810000e+002  1.118987e-004 -2.308113e-004
 2.815000e+002  2.796896e-004 -3.749318e-005
 2.820000e+002  1.210728e-005 -2.431499e-004
 2.825000e+002 -5.976197e-005 -1.658582e-004
 2.830000e+002 -1.673919e-004  1.061485e-004
 2.835000e+002 -5.625349e-005 -2.103705e-004
 2.840000e+002  1.901191e-004 -5.252916e-005
 2.845000e+002 -8.306331e-004 -2.389626e-004
 2.850000e+002 -1.345282e-004  3.149409e-005
 2.855000e+002 -7.267997e-005 -2.668871e-004
 2.860000e+002 -1.024507e-004  1.972396e-005
 2.865000e+002 -5.276494e-005  2.309263e-005
 2.870000e+002 -6.369507e-005 -1.073372e-004
 2.875000e+002  3.301831e-005 -2.203449e-004
 2.880000e+002  3.562489e-005 -1.043979e-006
 2.885000e+002 -6.571029e-005 -9.857919e-005
 2.890000e+002  7.040222e-005  2.761347e-005
 2.895000e+002  2.388855e-005  8.202276e-005
 2.900000e+002  3.484678e-005  1.804400e-004
 2.905000e+002 -2.402848e-004 -4.366505e-005
 2.910000e+002 -4.845552e-005  6.310111e-005
 2.915000e+002  3.901905e-005 -1.472370e-004
 2.920000e+002  1.539538e-004 -3.598565e-005
 2.925000e+002 -1.552446e-004 -1.172568e-004
 2.930000e+002  1.837188e-004  1.070668e-004
 2.935000e+002  3.772767e-005  8.779371e-005
 2.940000e+002  1.399177e-005 -6.035194e-005
 2.945000e+002  1.358089e-004 -5.573052e-006
 2.950000e+002 -2.057666e-004  1.131482e-004
 2.955000e+002 -2.244435e-004 -2.155026e-004
 2.960000e+002  3.130491e-004  4.716990e-005
 2.965000e+002  2.010668e-004 -4.519258e-005
 2.970000e+002  3.647979e-005  2.001908e-004
 2.975000e+002 -2.259193e-004  1.108164e-004
 2.980000e+002  5.958351e-005 -4.438105e-004
 2.985000e+002 -1.671087e-004 -1.874840e-004
 2.990000e+002 -7.273787e-005  3.043060e-004
 2.995000e+002 -1.157048e-004  1.623092e-004
 3.000000e+002 -2.502113e-004  1.344335e-004
 3.005000e+002  2.500313e-004 -2.444841e-006
 3.010000e+002 -2.272429e-004  2.098126e-005
 3.015000e+002  4.598496e-004  1.356545e-005
 3.020000e+002  1.343656e-004  1.181479e-004
 3.025000e+002 -1.022401e-006  1.280679e-004
 3.030000e+002  3.059072e-004  2.279758e-004
 3.035000e+002 -6.758655e-005  5.174652e-005
 3.040000e+002 -2.447829e-005  3.225177e-004
 3.045000e+002  4.737598e-004 -2.182929e-004
 3.050000e+002  2.327803e-004 -2.176444e-004
 3.055000e+002  6.722374e-004 -5.284103e-004
 3.060000e+002 -2.790391e-004 -2.230675e-004
 3.065000e+002 -1.363526e-004 -4.576529e-004
 3.070000e+002  1.774782e-004 -2.312385e-004
 3.075000e+002 -3.586101e-005 -1.011012e-005
 3.080000e+002  5.676728e-004 -3.219425e-004
 3.085000e+002 -2.562571e-004 -4.320315e-004
 3.090000e+002  2.581936e-004 -2.958349e-004
 3.095000e+002  3.115682e-005 -5.072399e-004
 3.100000e+002  3.187150e-004 -1.399492e-004
 3.105000e+002 -5.641606e-005  4.981369e-004
 3.110000e+002 -1.620250e-004  7.949916e-005
 3.115000e+002 -3.360304e-004 -5.102232e-004
 3.120000e+002 -4.819555e-004 -4.192650e-004
 3.125000e+002 -5.597940e-004 -5.269827e-004
 3.130000e+002  9.021445e-005  3.178196e-004
 3.135000e+002  3.134667e-004 -2.658296e-004
 3.140000e+002 -8.682374e-005 -4.816481e-005
 3.145000e+002  5.445585e-005  3.612032e-004
 3.150000e+002 -7.988068e-005 -1.559249e-004
 3.155000e+002 -2.240116e-004 -9.844361e-005
 3.160000e+002 -5.767685e-004 -1.235469e-004
 3.165000e+002 -5.581921e-004  5.434675e-004
 3.170000e+002 -4.511191e-004  4.240076e-004
 3.175000e+002  5.617203e-005  4.575910e-004
 3.180000e+002 -1.322205e-004  1.698255e-004
 3.185000e+002 -4.191017e-004  5.027842e-004
 3.190000e+002 -2.972460e-004  3.139316e-004
 3.195000e+002 -3.462640e-005  2.649926e-004
 3.200000e+002  8.676638e-005  1.813632e-004
 3.205000e+002 -2.795610e-004  7.629938e-005
 3.210000e+002  6.976758e-004  9.431014e-004
 3.215000e+002 -2.474855e-004  5.092381e-004
 3.220000e+002  3.122117e-004  4.430999e-004
 3.225000e+002 -1.497064e-004  5.110038e-004
 3.230000e+002 -1.137226e-004  3.893326e-004
 3.235000e+002 -1.791711e-004  6.672728e-004
 3.240000e+002 -6.534714e-005  4.266328e-004
 3.245000e+002 -7.962411e-005  5.620681e-004
 3.250000e+002 -6.058074e-005  4.185305e-004
 3.255000e+002  2.126785e-004  7.806105e-004
 3.260000e+002  2.693939e-004  8.494978e-004
 3.265000e+002  8.529055e-005  5.221523e-004
 3.270000e+002 -1.015522e-004  4.570817e-004
 3.275000e+002 -5.548252e-005  8.181617e-004
 3.280000e+002  1.514285e-004  6.334020e-004
 3.285000e+002  3.670944e-004  7.754820e-004
 3.290000e+002  3.074900e-004  6.630656e-004
 3.295000e+002  6.089006e-005  6.080090e-004
 3.300000e+002  2.438768e-004  8.258938e-004
 3.305000e+002  4.092989e-004  6.117206e-004
 3.310000e+002  5.787472e-004  6.262788e-004
 3.315000e+002  5.604828e-004  6.195097e-004
 3.320000e+002  6.156443e-004  7.153492e-004
 3.325000e+002  5.114476e-004  4.158344e-004
 3.330000e+002  4.395873e-004  5.280386e-004
 3.335000e+002  3.858633e-004  5.734478e-004
 3.340000e+002  5.440754e-004  3.555208e-004
 3.345000e+002  3.155556e-004  4.395605e-004
 3.350000e+002  4.239742e-004  3.732935e-004
 3.355000e+002  6.185410e-004  3.733954e-004
 3.360000e+002  4.437528e-004  2.911903e-005
 3.365000e+002  3.199522e-004  2.264656e-004
 3.370000e+002  6.762489e-004  3.142973e-004
 3.375000e+002  4.042037e-004  3.107925e-004
 3.380000e+002  7.020243e-004  2.242251e-004
 3.385000e+002  3.824821e-004  1.306573e-004
 3.390000e+002  3.989622e-004  3.090444e-004
 3.395000e+002  5.240630e-004  4.056178e-004
 3.400000e+002  7.491259e-004  1.517968e-004
 3.405000e+002  4.172170e-004  2.205879e-004
 3.410000e+002  4.541344e-004  2.357065e-004
 3.415000e+002  4.690614e-004  1.855396e-004
 3.420000e+002  4.930332e-004  6.453146e-005
 3.425000e+002  4.512109e-004  2.394257e-005
 3.430000e+002  3.642395e-004  1.471484e-004
 3.435000e+002  1.450170e-004  1.077644e-004
 3.440000e+002  3.143193e-004 -5.282947e-005
 3.445000e+002  5.346977e-004  4.341910e-004
 3.450000e+002  3.899229e-004  3.340620e-004
 3.455000e+002  2.429767e-004  4.048828e-004
 3.460000e+002  1.118331e-004  1.575920e-004
 3.465000e+002  3.107180e-004  2.694050e-004
 3.470000e+002  4.659858e-004  9.898803e-005
 3.475000e+002  4.319951e-004  8.932713e-005
 3.480000e+002  3.751870e-004  2.477328e-004
 3.485000e+002  2.902264e-004  2.413572e-004
 3.490000e+002  2.275217e-004  4.547452e-004
 3.495000e+002  3.647720e-004  1.950641e-004
 3.500000e+002  3.919033e-004  1.480833e-004
 3.505000e+002  1.858565e-004  2.587266e-004
 3.510000e+002  3.059492e-004  3.593971e-005
 3.515000e+002  3.699343e-004  1.081643e-004
 3.520000e+002  1.949693e-004 -1.739865e-005
 3.525000e+002  2.963101e-004  2.546617e-004
 3.530000e+002  3.842262e-004  2.297396e-004
 3.535000e+002  3.583208e-004  2.234404e-004
 3.540000e+002  2.887781e-004  2.204436e-004
 3.545000e+002  2.198071e-004  1.409779e-004
 3.550000e+002  1.335814e-004  2.784299e-004
 3.555000e+002  3.771801e-004  3.494737e-005
 3.560000e+002  1.591849e-004  2.421394e-004
 3.565000e+002  1.478005e-004  9.330644e-005
 3.570000e+002  3.478008e-004  1.993459e-004
 3.575000e+002  3.781186e-004  2.436718e-005
 3.580000e+002  4.366638e-004  2.360953e-004
 3.585000e+002  1.978946e-004  1.878932e-004
 3.590000e+002  2.630608e-004  9.973833e-005
 3.595000e+002  1.794181e-004  4.297081e-004
 3.600000e+002  1.519427e-005  3.891359e-004
 3.605000e+002  2.850080e-004  1.440234e-004
 3.610000e+002  1.247833e-004  6.164594e-005
 3.615000e+002  2.496110e-004  2.810746e-004
 3.620000e+002  1.774466e-004  2.966266e-004
 3.625000e+002  2.052615e-004  1.910144e-004
 3.630000e+002  1.130908e-004  3.004327e-004
 3.635000e+002  2.637163e-004  1.232359e-004
 3.640000e+002  1.104827e-004  3.847767e-004
 3.645000e+002  1.358936e-004  2.999084e-004
 3.650000e+002  2.370431e-004  2.696650e-004
 3.655000e+002  3.766548e-004  1.820279e-004
 3.660000e+002  9.775071e-005  3.603502e-004
 3.665000e+002  1.153917e-004  2.201997e-004
 3.670000e+002  1.933305e-004  8.978946e-005
 3.675000e+002 -3.799661e-005  2.524402e-004
 3.680000e+002  1.991777e-004  2.134404e-004
 3.685000e+002  2.497222e-004  6.546531e-005
 3.690000e+002 -1.380747e-004  5.465748e-005
 3.695000e+002  2.622449e-004  1.710041e-004
 3.700000e+002  1.521924e-004  3.260505e-004
 3.705000e+002  1.549902e-004  1.802210e-004
 3.710000e+002  1.165988e-005  1.435031e-004
 3.715000e+002  3.133135e-004  2.435426e-004
 3.720000e+002 -1.025561e-005  1.791963e-004
 3.725000e+002  1.573771e-004  2.291592e-004
 3.730000e+002  8.476307e-005  2.046303e-004
 3.735000e+002  2.811412e-004  3.533611e-004
 3.740000e+002  2.547251e-004 -1.573816e-004
 3.745000e+002  2.369257e-004  3.665094e-005
 3.750000e+002  8.566689e-005 -5.389213e-005
 3.755000e+002 -2.685727e-005  2.218308e-004
 3.760000e+002  7.652221e-005  1.903947e-004
 3.765000e+002  7.316853e-005  1.764789e-004
 3.770000e+002  5.862936e-005  1.863234e-004
 3.775000e+002  1.697254e-004  4.719692e-004
 3.780000e+002 -6.237302e-005  1.956544e-007
 3.785000e+002  7.421891e-005  4.051492e-004
 3.790000e+002 -9.655804e-005  3.153752e-004
 3.795000e+002  2.201927e-004  2.191589e-004
 3.800000e+002 -6.471779e-005  1.178695e-004
 3.805000e+002  1.740990e-004 -9.812333e-005
 3.810000e+002  2.149717e-004  1.213703e-005
 3.815000e+002  2.210207e-004  1.356520e-004
 3.820000e+002 -6.327111e-005  1.516551e-004
 3.825000e+002  5.901073e-005  2.221928e-004
 3.830000e+002 -1.701506e-004  2.160230e-004
 3.835000e+002 -1.248389e-004  3.326578e-004
 3.840000e+002  8.326832e-005 -3.928286e-005
 3.845000e+002  1.988815e-004  1.256882e-004
 3.850000e+002  1.091501e-004  1.880577e-004
 3.855000e+002  2.248341e-004  2.550215e-004
 3.860000e+002  4.125370e-005  1.045351e-004
 3.865000e+002 -3.916748e-005  1.317376e-004
 3.870000e+002 -4.344643e-005 -3.395069e-006
 3.875000e+002  5.042107e-005  2.884113e-004
 3.880000e+002 -5.129295e-006  1.431671e-004
 3.885000e+002  1.874791e-004  1.985747e-004
 3.890000e+002 -2.106926e-004  2.379538e-004
 3.895000e+002  5.890418e-006  2.564384e-005
 3.900000e+002  1.901838e-004  6.782698e-005
 3.905000e+002  6.311353e-006  3.183798e-004
 3.910000e+002  9.534129e-006  2.218030e-004
 3.915000e+002  5.616258e-005  2.018911e-004
 3.920000e+002 -1.193672e-004  2.013362e-004
 3.925000e+002  1.507330e-004  1.045663e-005
 3.930000e+002  1.148402e-004  2.149014e-004
 3.935000e+002  1.237309e-004 -1.155360e-004
 3.940000e+002 -4.983907e-005 -8.675723e-005
 3.945000e+002  9.077898e-005  1.277265e-004
 3.950000e+002 -3.303691e-004  1.062810e-004
 3.955000e+002  1.163252e-005  3.173270e-005
 3.960000e+002  1.757924e-004 -1.505244e-004
 3.965000e+002  1.143887e-004  2.456247e-004
 3.970000e+002 -1.986359e-004 -1.082718e-004
 3.975000e+002 -7.072359e-006  2.811045e-006
 3.980000e+002  1.150822e-004  1.697328e-004
 3.985000e+002  1.357918e-004  2.272846e-004
 3.990000e+002  7.939619e-005 -5.232323e-005
 3.995000e+002  1.046666e-004  8.753919e-005
 4.000000e+002 -1.246059e-006  2.184548e-004
 4.005000e+002 -1.444508e-004  1.952146e-005
 4.010000e+002 -3.241411e-005 -8.014651e-005
 4.015000e+002 -9.673898e-005 -1.983311e-004
 4.020000e+002  1.226993e-005  1.617283e-004
 4.025000e+002  1.608070e-004  1.798760e-004
 4.030000e+002 -7.749424e-005  3.230663e-004
 4.035000e+002 -9.677726e-005  2.504373e-004
 4.040000e+002  5.562576e-005  1.110730e-004
 4.045000e+002 -5.764328e-005  7.481947e-006
 4.050000e+002 -7.676383e-005  8.433462e-007
 4.055000e+002 -1.161061e-004 -4.623707e-005
 4.060000e+002  6.930388e-005  1.637207e-004
 4.065000e+002 -1.065613e-004  1.123259e-004
 4.070000e+002 -7.549207e-005  1.371843e-004
 4.075000e+002 -2.630083e-004 -1.146120e-004
 4.080000e+002 -1.872317e-004  1.561002e-004
 4.085000e+002  1.047713e-004  5.842152e-006
 4.090000e+002 -9.622996e-005  5.282543e-005
 4.095000e+002 -1.057308e-004  1.289890e-004
 4.100000e+002 -1.348726e-004  1.488365e-004
 4.105000e+002  1.118476e-004 -4.423472e-005
 4.110000e+002 -7.667317e-007 -1.290009e-004
 4.115000e+002 -1.639866e-004  1.933622e-004
 4.120000e+002 -1.329310e-004 -9.523884e-005
 4.125000e+002 -1.326027e-004 -2.031593e-005
 4.130000e+002 -5.984141e-005 -5.195355e-005
 4.135000e+002 -1.183303e-004  1.537423e-004
 4.140000e+002 -2.999114e-004  1.485209e-004
 4.145000e+002 -1.461666e-004  1.958185e-005
 4.150000e+002 -6.637190e-005  4.398215e-005
 4.155000e+002 -2.122740e-005  7.132128e-005
 4.160000e+002 -3.006231e-005  3.592591e-005
 4.165000e+002 -1.528916e-004  8.309920e-005
 4.170000e+002 -1.302697e-004  2.636363e-005
 4.175000e+002 -4.317401e-005  3.580263e-005
 4.180000e+002 -1.643996e-004  1.193618e-004
 4.185000e+002 -9.873750e-006  5.497780e-005
 4.190000e+002 -1.228795e-004  1.186644e-004
 4.195000e+002 -1.872183e-004  1.728480e-004
 4.200000e+002 -1.637721e-004 -4.499210e-005
 4.205000e+002 -1.963296e-004 -1.084697e-004
 4.210000e+002 -5.275876e-005  7.303017e-005
 4.215000e+002 -1.369933e-004  1.517658e-004
 4.220000e+002 -2.582000e-004 -2.978496e-005
 4.225000e+002 -4.569257e-004  7.902763e-006
 4.230000e+002 -1.862370e-004 -1.175672e-005
 4.235000e+002 -2.120448e-004  8.770788e-005
 4.240000e+002 -2.139113e-004  2.309814e-004
 4.245000e+002 -5.183761e-005 -2.121881e-005
 4.250000e+002 -2.001118e-004 -1.040612e-004
 4.255000e+002 -2.960561e-005  2.152690e-005
 4.260000e+002 -6.088939e-005  1.168065e-004
 4.265000e+002 -2.245362e-004  1.409993e-004
 4.270000e+002 -1.176838e-004  1.009168e-005
 4.275000e+002 -7.081761e-005  2.095735e-005
 4.280000e+002 -2.420017e-004 -7.937787e-005
 4.285000e+002 -7.812962e-005  6.021653e-005
 4.290000e+002 -1.518096e-004 -2.017574e-004
 4.295000e+002 -1.156880e-004 -8.919917e-005
 4.300000e+002 -1.826280e-004 -9.039985e-005
 4.305000e+002 -1.922047e-004  2.675311e-005
 4.310000e+002 -1.692364e-004 -7.255113e-005
 4.315000e+002 -1.835977e-004 -3.533653e-005
 4.320000e+002 -1.822580e-004 -4.712940e-005
 4.325000e+002 -2.073809e-004 -2.326789e-005
 4.330000e+002 -2.299487e-004 -9.314158e-005
 4.335000e+002 -9.743763e-005  9.946415e-005
 4.340000e+002 -2.319669e-004  4.959553e-005
 4.345000e+002 -6.115881e-005 -1.965831e-004
 4.350000e+002 -1.317092e-004 -1.715104e-004
 4.355000e+002 -1.327576e-004  1.027141e-004
 4.360000e+002 -1.383946e-004 -1.400261e-005
 4.365000e+002 -2.216382e-005 -9.830973e-005
 4.370000e+002 -1.598384e-004 -9.908009e-005
 4.375000e+002 -6.289267e-005 -1.193191e-004
 4.380000e+002 -8.773103e-005 -6.860206e-005
 4.385000e+002 -1.824932e-004 -1.150035e-004
 4.390000e+002 -2.310366e-004 -1.983028e-004
 4.395000e+002 -2.107917e-004 -1.840532e-004
 4.400000e+002 -2.026157e-004 -1.088494e-004
 4.405000e+002 -1.039806e-004 -6.534256e-005
 4.410000e+002 -2.657736e-004 -7.227590e-005
 4.415000e+002 -1.141186e-004 -1.475566e-004
 4.420000e+002 -1.527465e-004 -3.025079e-005
 4.425000e+002 -1.777902e-004 -8.985245e-006
 4.430000e+002 -6.249529e-005 -9.897446e-005
 4.435000e+002 -1.927047e-004  5.579843e-005
 4.440000e+002 -2.050534e-004 -1.435112e-004
 4.445000e+002 -4.116984e-004 -6.975495e-005
 4.450000e+002 -2.582206e-005 -1.209802e-004
 4.455000e+002 -1.913375e-004  5.070862e-005
 4.460000e+002 -4.756452e-005 -6.220776e-005
 4.465000e+002 -2.101951e-005 -2.570650e-004
 4.470000e+002 -1.349185e-004  6.885588e-005
 4.475000e+002 -1.812720e-004 -3.844985e-005
 4.480000e+002 -1.318270e-004 -1.530963e-004
 4.485000e+002 -1.127509e-004 -1.156691e-004
 4.490000e+002 -1.879868e-004 -9.252325e-005
 4.495000e+002 -2.875969e-004 -1.033639e-004
 4.500000e+002 -1.332284e-004 -5.178366e-005
 4.505000e+002 -2.511128e-004 -1.614007e-004
 4.510000e+002 -1.005214e-004 -6.776448e-005
 4.515000e+002 -7.221541e-005 -1.768681e-004
 4.520000e+002 -2.114430e-004 -2.324891e-005
 4.525000e+002  1.015143e-004 -1.359785e-004
 4.530000e+002 -2.566435e-004 -1.042875e-004
 4.535000e+002 -3.248120e-004 -1.902145e-004
 4.540000e+002  1.908076e-005  4.467516e-005
 4.545000e+002  4.975863e-005 -1.588096e-005
 4.550000e+002 -2.058924e-004 -8.798432e-005
 4.555000e+002  2.306359e-005 -1.430868e-004
 4.560000e+002 -2.413918e-004 -7.772719e-005
 4.565000e+002 -2.812331e-004 -2.866074e-005
 4.570000e+002 -1.056638e-004 -1.979925e-004
 4.575000e+002 -1.646015e-004  1.146412e-004
 4.580000e+002  3.318351e-006 -8.829115e-005
 4.585000e+002 -2.871086e-008 -1.885820e-005
 4.590000e+002 -1.327717e-004 -1.944709e-004
 4.595000e+002 -1.763363e-004 -1.380769e-004
 4.600000e+002 -6.827757e-005 -2.292507e-004
 4.605000e+002  1.089298e-004 -1.986016e-004
 4.610000e+002 -7.591043e-005 -1.988740e-004
 4.615000e+002 -1.403649e-004 -1.374215e-004
 4.620000e+002 -1.854100e-005 -3.545427e-006
 4.625000e+002 -7.386035e-006 -7.617669e-005
 4.630000e+002  1.036365e-005 -9.208692e-005
 4.635000e+002 -1.664237e-004 -1.391699e-004
 4.640000e+002 -4.995002e-005  1.091423e-004
 4.645000e+002 -1.031588e-004 -2.360745e-004
 4.650000e+002 -6.830400e-005 -8.969421e-005
 4.655000e+002 -1.467985e-004 -8.123224e-005
 4.660000e+002 -8.883557e-006  5.808590e-005
 4.665000e+002 -6.916101e-005 -6.158838e-005
 4.670000e+002 -2.121217e-004 -5.975899e-005
 4.675000e+002 -1.065908e-004 -1.797101e-004
 4.680000e+002 -1.727521e-004 -1.879845e-004
 4.685000e+002 -7.550241e-005 -1.793370e-004
 4.690000e+002 -4.374466e-005  7.404278e-006
 4.695000e+002 -8.721016e-005 -1.475524e-004
 4.700000e+002 -4.688794e-005 -1.681164e-004
 4.705000e+002 -4.127952e-005 -9.542243e-005
 4.710000e+002 -1.347649e-004  1.326904e-005
 4.715000e+002  4.997887e-006 -5.293318e-005
 4.720000e+002 -5.905475e-005 -1.522753e-004
 4.725000e+002 -1.085497e-006 -1.729279e-004
 4.730000e+002  1.254068e-004 -1.332790e-004
 4.735000e+002  1.105962e-004 -1.239644e-004
 4.740000e+002 -1.580192e-005 -1.606516e-004
 4.745000e+002  5.847427e-005  3.579719e-005
 4.750000e+002  5.364643e-005 -9.301550e-005
 4.755000e+002 -2.751362e-005 -3.858925e-005
 4.760000e+002  6.661657e-005 -1.293956e-004
 4.765000e+002  1.719695e-004 -5.479131e-005
 4.770000e+002  7.010398e-006 -1.380191e-004
 4.775000e+002  3.953170e-007 -7.131735e-005
 4.780000e+002  8.054995e-005 -1.336485e-004
 4.785000e+002  1.635102e-004 -1.809201e-004
 4.790000e+002  2.180542e-005 -2.342535e-004
 4.795000e+002 -5.145300e-005 -1.877868e-005
 4.800000e+002  1.271777e-004 -2.161129e-004
 4.805000e+002 -3.568922e-005 -4.348767e-005
 4.810000e+002  7.348690e-005 -4.532060e-005
 4.815000e+002  1.640885e-005 -1.644154e-004
 4.820000e+002 -1.746258e-005 -1.470135e-004
 4.825000e+002  5.414055e-005 -7.677844e-005
 4.830000e+002 -8.629427e-005 -1.481328e-005
 4.835000e+002  1.601890e-005 -1.125818e-004
 4.840000e+002 -5.588514e-005 -2.690872e-005
 4.845000e+002  1.387771e-004 -6.335700e-005
 4.850000e+002 -3.081036e-005 -4.473768e-005
 4.855000e+002  1.217868e-004 -1.193904e-004
 4.860000e+002  7.259209e-005 -1.370100e-004
 4.865000e+002  4.257678e-005 -2.317103e-005
 4.870000e+002  2.776041e-005 -1.228947e-004
 4.875000e+002  9.565099e-005  2.732217e-005
 4.880000e+002  4.377727e-005 -9.508915e-005
 4.885000e+002  1.043737e-004 -1.429640e-004
 4.890000e+002  1.642487e-004 -2.024349e-004
 4.895000e+002  1.345196e-004 -1.131093e-004
 4.900000e+002  1.065938e-004 -3.506221e-005
 4.905000e+002  1.387786e-004 -9.571486e-005
 4.910000e+002  9.077055e-007 -2.427912e-005
 4.915000e+002  2.169093e-005 -7.682671e-005
 4.920000e+002  1.161862e-004  8.901959e-006
 4.925000e+002  5.795087e-005 -9.047716e-005
 4.930000e+002  7.676693e-005 -2.029153e-005
 4.935000e+002  7.135597e-006 -7.066982e-005
 4.940000e+002  4.722339e-005 -1.085123e-004
 4.945000e+002  6.756355e-006 -1.475439e-004
 4.950000e+002  8.799324e-005 -5.709592e-005
 4.955000e+002  1.988212e-005 -8.022505e-005
 4.960000e+002 -1.254206e-004 -9.697337e-005
 4.965000e+002  8.719978e-005 -8.373951e-005
 4.970000e+002  9.036113e-005 -8.939058e-005
 4.975000e+002  8.799166e-005 -4.376821e-005
 4.980000e+002  1.896673e-004 -9.566768e-005
 4.985000e+002  6.647449e-005 -5.183999e-005
 4.990000e+002  1.544376e-004 -1.451009e-004
 4.995000e+002 -1.969485e-005 -1.027596e-004
 5.000000e+002  8.824401e-005  6.059691e-005
 5.005000e+002  6.883008e-005 -4.874241e-005
 5.010000e+002  1.169883e-004 -4.871684e-005
 5.015000e+002  3.237893e-005 -8.571444e-005
 5.020000e+002  1.771149e-004 -9.058462e-005
 5.025000e+002  1.184446e-004 -1.282295e-004
 5.030000e+002  7.076361e-005 -8.852159e-005
 5.035000e+002  1.042927e-004 -6.927893e-005
 5.040000e+002  1.157889e-004 -1.512768e-005
 5.045000e+002  1.255960e-004 -2.600225e-005
 5.050000e+002  1.145314e-004  2.999537e-006
 5.055000e+002  8.083626e-005 -1.264052e-005
 5.060000e+002  1.088141e-004 -3.763009e-005
 5.065000e+002  1.152272e-004 -3.143329e-005
 5.070000e+002  5.836641e-005 -3.538356e-005
 5.075000e+002  1.111353e-004 -1.641261e-005
 5.080000e+002  1.132410e-004 -1.265950e-004
 5.085000e+002  4.532370e-005 -1.097362e-004
 5.090000e+002  6.720857e-005 -1.051853e-004
 5.095000e+002  2.263366e-005 -4.372304e-005
 5.100000e+002  9.718639e-005 -7.811780e-005
 5.105000e+002  1.173593e-004 -5.548233e-005
 5.110000e+002  1.774377e-004  4.843442e-005
 5.115000e+002  8.583125e-005  7.987629e-006
 5.120000e+002  1.504683e-005  2.320519e-008
