 0.000000e+000  2.509463e-007  0.000000e+000
 5.000000e-001  4.488655e-007 -5.487957e-007
 1.000000e+000  1.332738e-007 -2.936466e-007
 1.500000e+000  1.232883e-007 -1.184592e-007
 2.000000e+000  5.213330e-008 -5.143611e-007
 2.500000e+000  2.448703e-007  8.819240e-008
 3.000000e+000  4.622926e-007 -8.303999e-008
 3.500000e+000  2.738814e-007  4.117709e-008
 4.000000e+000  1.954476e-007 -2.549286e-007
 4.500000e+000  3.369838e-007 -1.827790e-008
 5.000000e+000  2.668199e-007 -1.631134e-007
 5.500000e+000  1.232870e-007 -1.617784e-009
 6.000000e+000  1.994964e-007 -6.959179e-008
 6.500000e+000  1.768667e-007  9.731379e-009
 7.000000e+000  1.649554e-008 -3.189634e-008
 7.500000e+000  1.116269e-007  9.373378e-009
 8.000000e+000  3.928599e-007  4.510779e-008
 8.500000e+000  3.451294e-007 -7.877065e-008
 9.000000e+000  3.699984e-007  1.036803e-007
 9.500000e+000  1.954067e-007  5.855636e-008
 1.000000e+001  3.708435e-007 -5.027233e-009
 1.050000e+001  4.067165e-007  6.747326e-008
 1.100000e+001  3.398877e-007  3.146604e-008
 1.150000e+001  1.882396e-007  1.944555e-007
 1.200000e+001  1.891143e-007  1.136551e-007
 1.250000e+001  2.182964e-007  5.148788e-008
 1.300000e+001  1.500581e-007  3.671834e-007
 1.350000e+001  3.555070e-007  1.613426e-007
 1.400000e+001  3.964947e-007  1.109249e-007
 1.450000e+001  3.526437e-007  2.127993e-007
 1.500000e+001  4.111888e-007  2.365117e-007
 1.550000e+001  3.863823e-007  1.481176e-007
 1.600000e+001  4.871848e-007  4.372594e-008
 1.650000e+001  5.128699e-007  2.582297e-007
 1.700000e+001  4.420868e-007  2.529215e-007
 1.750000e+001  5.939519e-007  2.193411e-007
 1.800000e+001  6.004035e-007  1.530021e-007
 1.850000e+001  7.528093e-007  2.655535e-007
 1.900000e+001  7.518218e-007  1.603257e-007
 1.950000e+001  9.424212e-007  1.151675e-007
 2.000000e+001  1.078362e-006  2.042057e-007
 2.050000e+001  1.737897e-006 -2.221107e-007
 2.100000e+001  2.381095e-006 -1.387919e-006
 2.150000e+001  5.069985e-006 -7.965242e-006
 2.200000e+001 -2.956660e-005  6.377503e-005
 2.250000e+001  9.453592e-006 -2.224312e-005
 2.300000e+001  3.937248e-008 -5.987753e-006
 2.350000e+001 -4.253671e-007 -2.887574e-006
 2.400000e+001 -6.117454e-007 -2.410640e-006
 2.450000e+001 -4.000827e-007 -1.145206e-006
 2.500000e+001 -4.227922e-007 -1.108855e-006
 2.550000e+001 -2.288576e-007 -8.803933e-007
 2.600000e+001 -3.157508e-007 -8.917127e-007
 2.650000e+001 -2.640013e-007 -7.818284e-007
 2.700000e+001 -2.459377e-007 -7.784810e-007
 2.750000e+001 -3.622464e-007 -8.129354e-007
 2.800000e+001  2.043360e-006 -2.397521e-005
 2.850000e+001 -5.183733e-007 -1.439207e-007
 2.900000e+001 -1.760427e-007 -8.367639e-008
 2.950000e+001 -1.979356e-007 -1.520198e-007
 3.000000e+001 -1.599077e-007 -1.469831e-007
 3.050000e+001 -1.833346e-007 -1.442387e-007
 3.100000e+001 -1.297916e-007 -2.854487e-007
 3.150000e+001 -1.011479e-007 -1.506284e-007
 3.200000e+001 -6.109845e-008 -1.169627e-007
 3.250000e+001 -1.253749e-007 -1.269153e-007
 3.300000e+001 -1.285547e-007 -1.841572e-007
 3.350000e+001  7.059741e-008 -2.510317e-007
 3.400000e+001 -6.108364e-007 -1.472777e-007
 3.450000e+001 -1.331464e-007 -3.962135e-008
 3.500000e+001 -1.869720e-007 -1.494688e-007
 3.550000e+001 -7.021901e-007 -2.268006e-007
 3.600000e+001  2.308131e-007 -8.619790e-008
 3.650000e+001  2.187386e-008 -7.896154e-008
 3.700000e+001  5.455205e-008 -4.977334e-008
 3.750000e+001  1.052693e-007 -1.020827e-007
 3.800000e+001  4.089244e-008 -1.034303e-007
 3.850000e+001 -1.374057e-008 -1.852413e-007
 3.900000e+001  6.948981e-008 -5.464147e-008
 3.950000e+001  6.417823e-008 -1.303235e-007
 4.000000e+001 -1.168747e-007 -6.827657e-008
 4.050000e+001  2.870122e-008  9.267440e-008
 4.100000e+001 -1.513771e-008 -8.391453e-008
 4.150000e+001  2.491518e-008 -5.938978e-008
 4.200000e+001  6.148353e-009 -1.625666e-007
 4.250000e+001  3.571740e-008 -9.703142e-008
 4.300000e+001 -2.009853e-008 -3.212777e-008
 4.350000e+001  1.010685e-007 -8.435579e-008
 4.400000e+001  7.123141e-008  1.723070e-009
 4.450000e+001  9.244362e-008 -1.391164e-007
 4.500000e+001  1.047704e-007 -7.225022e-008
 4.550000e+001 -9.803456e-008 -2.094299e-007
 4.600000e+001 -3.299889e-008  1.256208e-007
 4.650000e+001  1.039283e-007 -1.181154e-007
 4.700000e+001 -3.769228e-008 -7.227712e-008
 4.750000e+001  7.185224e-008  1.663903e-008
 4.800000e+001  4.564835e-008 -6.830574e-008
 4.850000e+001 -3.672374e-008 -5.811411e-008
 4.900000e+001 -6.969113e-008 -5.827952e-008
 4.950000e+001  3.568068e-008 -8.173766e-008
 5.000000e+001  2.053200e-010 -4.340443e-008
 5.050000e+001  1.233369e-008  6.066880e-009
 5.100000e+001  2.933099e-008 -1.125207e-008
 5.150000e+001 -1.143679e-009 -7.363586e-008
 5.200000e+001 -3.167459e-008 -6.425903e-008
 5.250000e+001  1.372792e-007 -1.281983e-007
 5.300000e+001  1.934648e-008 -8.765915e-009
 5.350000e+001  4.255558e-008 -2.935178e-008
 5.400000e+001  1.059355e-007 -9.035945e-008
 5.450000e+001  7.731265e-008 -2.756146e-008
 5.500000e+001  7.037475e-008 -1.262675e-007
 5.550000e+001  7.592725e-008 -1.742536e-007
 5.600000e+001  1.489756e-006 -1.282415e-006
 5.650000e+001  2.826552e-008  1.826309e-007
 5.700000e+001  2.212587e-007  5.535616e-008
 5.750000e+001  9.596222e-008  1.142463e-007
 5.800000e+001  3.147295e-008 -1.617186e-008
 5.850000e+001  1.164818e-007 -1.697123e-008
 5.900000e+001  1.855185e-007 -3.451898e-008
 5.950000e+001  1.016938e-007  4.414509e-008
 6.000000e+001 -3.286831e-007  1.593861e-007
 6.050000e+001  3.919878e-008  7.292110e-008
 6.100000e+001  6.115703e-008 -3.624582e-008
 6.150000e+001  4.625346e-008  1.094290e-008
 6.200000e+001  8.750786e-008  4.625009e-008
 6.250000e+001  1.376854e-007 -3.905296e-008
 6.300000e+001  1.522135e-008  8.915716e-008
 6.350000e+001  1.022341e-007 -9.532087e-008
 6.400000e+001  1.250514e-008 -1.701672e-008
 6.450000e+001 -1.128364e-008  1.237997e-008
 6.500000e+001 -3.955438e-008 -3.725043e-008
 6.550000e+001 -7.268413e-008 -1.592998e-008
 6.600000e+001  3.681782e-008  5.636145e-008
 6.650000e+001  6.454164e-009  3.359710e-008
 6.700000e+001  3.242786e-008  7.337451e-008
 6.750000e+001 -1.473004e-008  2.216472e-008
 6.800000e+001  1.008029e-007 -6.736618e-008
 6.850000e+001  4.392841e-008 -8.206329e-008
 6.900000e+001  9.381976e-008  2.027186e-008
 6.950000e+001  4.841248e-008  7.501151e-008
 7.000000e+001  6.630741e-008  5.451957e-008
 7.050000e+001 -1.526661e-007 -4.927961e-009
 7.100000e+001 -7.787993e-008 -4.058386e-008
 7.150000e+001 -2.667830e-008 -1.546454e-007
 7.200000e+001 -1.981250e-007 -8.090650e-009
 7.250000e+001 -1.586524e-007 -2.246571e-008
 7.300000e+001  6.093644e-009  8.570753e-008
 7.350000e+001 -1.042032e-007  8.888364e-008
 7.400000e+001 -1.689371e-007  1.227241e-007
 7.450000e+001 -6.423086e-008  2.028065e-007
 7.500000e+001  9.973137e-008  1.413982e-007
 7.550000e+001  2.149780e-009  2.251462e-007
 7.600000e+001  1.317622e-007  2.765142e-007
 7.650000e+001  1.137899e-007  1.388310e-007
 7.700000e+001  1.573743e-008  2.925247e-007
 7.750000e+001 -1.015698e-007  1.350311e-007
 7.800000e+001  1.564824e-007  2.064588e-007
 7.850000e+001 -1.338581e-007  5.295739e-007
 7.900000e+001  2.727955e-007  6.519264e-007
 7.950000e+001  3.143389e-007  7.159359e-007
 8.000000e+001  8.374510e-008  6.636438e-007
 8.050000e+001  2.876024e-007  8.609496e-008
 8.100000e+001  2.832520e-007  1.865686e-007
 8.150000e+001  3.925401e-007  4.311162e-007
 8.200000e+001  3.316016e-007  4.918616e-007
 8.250000e+001  4.423381e-007  6.631156e-007
 8.300000e+001  4.116433e-007  9.007679e-007
 8.350000e+001  5.361087e-007  1.512001e-006
 8.400000e+001 -1.477234e-006  4.452586e-006
 8.450000e+001 -4.306226e-006 -7.406658e-006
 8.500000e+001 -7.946541e-007 -1.802510e-006
 8.550000e+001 -2.299337e-007 -1.101872e-006
 8.600000e+001 -1.532929e-007 -7.653949e-007
 8.650000e+001 -1.661467e-007 -6.346013e-007
 8.700000e+001 -1.918102e-009 -4.003803e-007
 8.750000e+001  5.123092e-008 -2.804134e-007
 8.800000e+001 -3.053073e-007 -3.694735e-007
 8.850000e+001 -2.926584e-008 -3.774141e-007
 8.900000e+001 -7.968955e-008 -1.775141e-007
 8.950000e+001  2.592634e-007 -4.307156e-007
 9.000000e+001  1.039852e-007 -2.711930e-007
 9.050000e+001 -3.947149e-008 -2.309064e-007
 9.100000e+001 -7.091423e-008 -2.648517e-007
 9.150000e+001 -5.131096e-008 -2.457392e-007
 9.200000e+001  9.087728e-008 -1.816310e-007
 9.250000e+001  7.928902e-008 -1.589025e-007
 9.300000e+001  1.253421e-007 -1.476406e-007
 9.350000e+001  1.133229e-007 -1.472032e-007
 9.400000e+001 -5.618590e-008 -1.245623e-007
 9.450000e+001 -9.658054e-008 -1.776847e-007
 9.500000e+001 -4.472689e-009 -1.505036e-007
 9.550000e+001 -5.327519e-009 -1.386073e-007
 9.600000e+001  7.526820e-008 -1.149736e-007
 9.650000e+001  5.340431e-008 -1.672711e-007
 9.700000e+001  3.887903e-008 -9.237562e-008
 9.750000e+001  9.564564e-008 -1.264974e-007
 9.800000e+001 -8.895125e-009 -7.634342e-008
 9.850000e+001  6.867124e-008 -1.180895e-007
 9.900000e+001 -2.677686e-008 -1.070451e-007
 9.950000e+001  5.007338e-008 -1.340121e-007
 1.000000e+002 -6.957548e-009 -3.101100e-008
 1.005000e+002  8.380685e-008 -7.812252e-008
 1.010000e+002  3.164693e-008 -1.033808e-007
 1.015000e+002  7.845164e-008 -6.107697e-008
 1.020000e+002 -2.613272e-008  4.799425e-008
 1.025000e+002 -5.878548e-008 -7.896975e-008
 1.030000e+002  4.384348e-008 -1.416571e-007
 1.035000e+002 -8.517744e-008 -1.216199e-007
 1.040000e+002 -3.294618e-008 -8.999831e-008
 1.045000e+002  6.951191e-008 -1.325756e-007
 1.050000e+002  3.113774e-009 -2.113166e-007
 1.055000e+002  3.264763e-008 -3.421940e-008
 1.060000e+002 -1.612846e-008 -7.211226e-008
 1.065000e+002  5.767885e-008 -1.553738e-007
 1.070000e+002  2.226777e-007 -4.159119e-008
 1.075000e+002 -3.020259e-008  1.609124e-009
 1.080000e+002  7.381753e-008  2.210573e-008
 1.085000e+002 -3.711433e-008 -1.916336e-007
 1.090000e+002 -2.418966e-008 -3.183902e-008
 1.095000e+002 -4.997659e-008 -1.117953e-007
 1.100000e+002  9.281579e-008 -2.806621e-009
 1.105000e+002  2.835530e-008 -8.193099e-008
 1.110000e+002 -3.250592e-009 -1.482277e-007
 1.115000e+002 -2.817802e-008 -1.493013e-007
 1.120000e+002 -1.097120e-007 -3.341943e-007
 1.125000e+002 -3.844832e-008  6.050099e-008
 1.130000e+002 -7.129330e-009  4.162750e-009
 1.135000e+002 -6.592202e-011 -2.587695e-009
 1.140000e+002  3.571674e-008  4.332580e-008
 1.145000e+002  5.836448e-008 -1.114258e-007
 1.150000e+002 -2.332637e-008 -4.906895e-008
 1.155000e+002 -6.307767e-008 -7.659231e-008
 1.160000e+002  9.848593e-008  1.407970e-007
 1.165000e+002  7.710706e-008 -1.995211e-008
 1.170000e+002  1.005778e-007 -1.478365e-007
 1.175000e+002 -6.555384e-009  1.750549e-008
 1.180000e+002  1.157776e-007 -4.335646e-008
 1.185000e+002  1.031960e-007 -5.487794e-010
 1.190000e+002  3.626823e-008 -1.606635e-007
 1.195000e+002  1.293005e-007 -5.018132e-008
 1.200000e+002  7.518096e-008 -5.410626e-007
 1.205000e+002 -4.197361e-009  8.439155e-008
 1.210000e+002 -1.243288e-008  3.480601e-008
 1.215000e+002  4.649917e-008 -1.515745e-009
 1.220000e+002  1.642708e-007  1.496506e-007
 1.225000e+002  9.279261e-008  6.051397e-008
 1.230000e+002  3.437168e-008  7.603027e-008
 1.235000e+002  1.179203e-007  1.704819e-008
 1.240000e+002  4.382474e-008  1.006780e-007
 1.245000e+002  1.389024e-007  5.836667e-008
 1.250000e+002  6.012103e-008 -7.951936e-008
 1.255000e+002 -8.303739e-009 -2.700476e-008
 1.260000e+002  9.477144e-008 -1.706888e-007
 1.265000e+002  5.455412e-008  1.662648e-008
 1.270000e+002  4.131289e-008 -4.941738e-008
 1.275000e+002  4.045713e-008  2.013279e-008
 1.280000e+002 -9.259055e-009 -2.386753e-009
 1.285000e+002  1.068702e-008  3.077897e-008
 1.290000e+002  1.405900e-007  2.147183e-008
 1.295000e+002  6.343069e-008 -7.441815e-008
 1.300000e+002  6.039501e-009 -1.512552e-008
 1.305000e+002  8.339346e-008 -2.639338e-008
 1.310000e+002  4.693746e-008  1.580774e-007
 1.315000e+002  1.123043e-007 -8.593058e-008
 1.320000e+002  2.200150e-008  1.537916e-008
 1.325000e+002  1.291738e-007  1.170992e-007
 1.330000e+002 -1.159893e-007  2.783004e-007
 1.335000e+002 -2.746822e-009  5.914569e-008
 1.340000e+002 -7.200255e-008 -2.826862e-008
 1.345000e+002  8.416468e-009  3.091985e-008
 1.350000e+002  7.926475e-008  1.799456e-007
 1.355000e+002  1.221487e-007  1.805020e-007
 1.360000e+002  3.271475e-007  5.984971e-008
 1.365000e+002 -1.935229e-007 -2.435953e-007
 1.370000e+002 -1.496469e-008  4.403774e-008
 1.375000e+002  2.183831e-008 -3.197016e-008
 1.380000e+002  2.994234e-008 -1.172982e-007
 1.385000e+002  7.031605e-008  7.599791e-008
 1.390000e+002  1.193095e-008  6.385780e-008
 1.395000e+002  1.851157e-007  1.523764e-007
 1.400000e+002  1.354144e-006  1.139451e-006
 1.405000e+002 -7.633398e-007  5.430285e-007
 1.410000e+002 -9.029834e-008 -4.020019e-007
 1.415000e+002  4.363687e-008 -1.714290e-007
 1.420000e+002 -8.844967e-008 -2.669705e-008
 1.425000e+002 -6.704147e-008 -1.268952e-007
 1.430000e+002  2.486531e-008 -1.647260e-008
 1.435000e+002  7.665464e-008 -6.547506e-008
 1.440000e+002  1.496939e-008  9.632826e-008
 1.445000e+002  1.794895e-008 -2.227822e-008
 1.450000e+002  1.779509e-008 -6.295886e-009
 1.455000e+002  5.538564e-008 -1.055603e-007
 1.460000e+002  1.050354e-007 -1.547412e-007
 1.465000e+002  8.448714e-008 -5.133377e-008
 1.470000e+002  9.714756e-008  3.778325e-008
 1.475000e+002  5.724421e-008 -1.579214e-008
 1.480000e+002  1.046384e-007 -8.734037e-009
 1.485000e+002 -5.557227e-008 -9.917532e-008
 1.490000e+002  1.227217e-007 -3.037268e-008
 1.495000e+002  5.438047e-008 -5.624513e-008
 1.500000e+002  3.712882e-008 -2.810793e-009
 1.505000e+002 -1.944438e-008  3.430923e-008
 1.510000e+002 -3.549104e-008  1.431447e-008
 1.515000e+002 -2.902854e-008 -1.037832e-007
 1.520000e+002 -5.773099e-008 -3.810350e-008
 1.525000e+002  3.420070e-009 -3.033980e-008
 1.530000e+002  4.215920e-008 -1.454029e-007
 1.535000e+002 -2.570635e-008 -1.561318e-007
 1.540000e+002  9.062643e-008 -1.271061e-008
 1.545000e+002  4.329372e-008 -6.640660e-008
 1.550000e+002  1.271753e-008  1.207132e-007
 1.555000e+002  2.463881e-008 -1.491554e-008
 1.560000e+002  3.475652e-008 -1.207953e-007
 1.565000e+002  6.351909e-008 -2.773637e-008
 1.570000e+002 -4.014039e-008  1.384312e-008
 1.575000e+002  2.692907e-008 -1.083386e-007
 1.580000e+002  1.031575e-007 -5.792753e-008
 1.585000e+002  1.378021e-008  3.736907e-008
 1.590000e+002 -4.932658e-008  3.353157e-008
 1.595000e+002  5.800219e-008  1.883305e-009
 1.600000e+002  1.181644e-007 -3.470366e-008
 1.605000e+002  6.417652e-008 -8.174955e-008
 1.610000e+002 -1.040211e-008 -2.613960e-008
 1.615000e+002  8.945925e-008 -1.184118e-008
 1.620000e+002  4.823741e-008 -1.072613e-007
 1.625000e+002  1.322642e-007 -1.050865e-008
 1.630000e+002  1.562218e-007 -9.950774e-008
 1.635000e+002  1.122527e-007  4.602619e-008
 1.640000e+002 -3.982823e-008  1.992220e-008
 1.645000e+002  4.375305e-008 -7.408310e-008
 1.650000e+002  2.440458e-008 -4.223330e-008
 1.655000e+002 -1.159567e-007 -9.739468e-008
 1.660000e+002  1.329288e-007 -7.497793e-008
 1.665000e+002  5.200164e-008  5.528369e-008
 1.670000e+002  1.986855e-007 -6.540936e-008
 1.675000e+002  6.235356e-008 -7.605110e-008
 1.680000e+002  1.169193e-006  6.858294e-008
 1.685000e+002 -6.244397e-007 -2.104801e-007
 1.690000e+002  2.345140e-007  1.731268e-007
 1.695000e+002  1.533962e-007  1.235534e-007
 1.700000e+002  5.635685e-008  7.933778e-008
 1.705000e+002  3.833582e-008 -5.720698e-008
 1.710000e+002  1.163777e-007 -1.896307e-008
 1.715000e+002  1.451533e-007  6.667799e-009
 1.720000e+002 -4.078223e-009  1.479020e-007
 1.725000e+002  2.225975e-008 -4.432522e-008
 1.730000e+002  4.012968e-008  6.088449e-008
 1.735000e+002  6.307057e-008  8.082327e-008
 1.740000e+002  9.037171e-008  4.760198e-008
 1.745000e+002  6.625961e-008 -2.826973e-008
 1.750000e+002  8.860406e-008  8.558540e-008
 1.755000e+002  7.191293e-008  1.321142e-008
 1.760000e+002  3.166218e-008  3.384029e-008
 1.765000e+002 -6.101502e-008  4.719923e-009
 1.770000e+002  1.123958e-007  9.905397e-008
 1.775000e+002  8.583856e-008  1.486233e-007
 1.780000e+002 -4.208904e-008  7.897311e-008
 1.785000e+002  2.726696e-008 -2.870280e-008
 1.790000e+002 -3.936444e-008  2.962348e-008
 1.795000e+002  1.895854e-008 -1.358048e-007
 1.800000e+002 -2.059352e-009 -1.075768e-007
 1.805000e+002 -1.154132e-009  3.039318e-008
 1.810000e+002  3.457832e-008 -9.424302e-008
 1.815000e+002  1.846842e-007  1.862469e-007
 1.820000e+002  4.737001e-008 -9.165755e-008
 1.825000e+002  1.827605e-008  8.580962e-009
 1.830000e+002 -5.845722e-008  1.078157e-007
 1.835000e+002  2.387510e-008  1.073573e-007
 1.840000e+002  6.717694e-008  3.407008e-008
 1.845000e+002 -1.673802e-008 -7.197461e-009
 1.850000e+002  2.365878e-008  3.319365e-008
 1.855000e+002  6.825231e-008  7.908597e-008
 1.860000e+002  2.701245e-008  1.164847e-007
 1.865000e+002 -5.110812e-008  2.412100e-008
 1.870000e+002  2.923594e-008  4.553076e-009
 1.875000e+002 -4.891982e-008  8.606847e-008
 1.880000e+002  6.504025e-010  3.145824e-008
 1.885000e+002  1.225140e-007 -8.094713e-008
 1.890000e+002  8.839310e-009 -6.822397e-008
 1.895000e+002 -2.673140e-008 -4.852954e-008
 1.900000e+002  3.116750e-008 -2.712956e-009
 1.905000e+002  1.491735e-007  1.119339e-007
 1.910000e+002 -6.208028e-008  1.383494e-007
 1.915000e+002 -3.854904e-008 -4.159582e-008
 1.920000e+002  4.695409e-008 -3.165548e-007
 1.925000e+002  8.937225e-008 -2.443420e-008
 1.930000e+002  3.633517e-008  9.749897e-008
 1.935000e+002  1.798075e-007 -7.853111e-008
 1.940000e+002  1.088350e-008  1.619798e-008
 1.945000e+002 -2.489928e-008  2.309963e-007
 1.950000e+002  5.396202e-008 -7.226060e-008
 1.955000e+002  1.109837e-007  1.928934e-007
 1.960000e+002  1.143124e-007  3.640900e-007
 1.965000e+002  2.387438e-007 -2.827100e-007
 1.970000e+002 -3.408801e-007  3.228139e-007
 1.975000e+002 -5.701388e-008  7.628213e-008
 1.980000e+002  1.855485e-009 -1.193431e-007
 1.985000e+002 -1.760449e-008  5.351630e-008
 1.990000e+002 -7.644819e-008  8.241450e-008
 1.995000e+002  9.255546e-008 -4.367769e-008
 2.000000e+002 -1.127642e-007 -1.084432e-008
 2.005000e+002  1.013923e-007  6.852046e-009
 2.010000e+002 -3.207809e-008  1.121487e-007
 2.015000e+002 -5.599456e-008  1.084112e-007
 2.020000e+002  8.182144e-008  4.863804e-008
 2.025000e+002  1.542775e-008 -1.158763e-008
 2.030000e+002 -2.590300e-008 -7.103771e-008
 2.035000e+002 -1.744197e-008  1.944287e-008
 2.040000e+002  1.342811e-007  2.233817e-007
 2.045000e+002  1.246874e-007 -6.224222e-007
 2.050000e+002 -2.419856e-008 -2.085651e-007
 2.055000e+002 -3.657403e-008 -4.271994e-008
 2.060000e+002  4.620383e-008  7.529056e-009
 2.065000e+002 -1.307029e-007  1.237029e-007
 2.070000e+002  3.777906e-009 -2.101181e-008
 2.075000e+002  1.637577e-008 -4.385423e-008
 2.080000e+002 -1.191685e-007 -6.844428e-008
 2.085000e+002 -1.609003e-007 -4.416250e-009
 2.090000e+002  2.497263e-008  2.719708e-008
 2.095000e+002  6.133138e-008 -8.497950e-008
 2.100000e+002 -4.899042e-008  6.700416e-008
 2.105000e+002 -2.105726e-008  5.826015e-008
 2.110000e+002  2.211315e-008  9.864626e-008
 2.115000e+002 -2.712159e-008  5.366054e-008
 2.120000e+002  5.237345e-008 -2.314767e-009
 2.125000e+002  5.694890e-008 -2.442860e-008
 2.130000e+002  4.285161e-010  7.373746e-008
 2.135000e+002  7.586644e-008  1.215010e-007
 2.140000e+002  7.177635e-008 -1.754093e-007
 2.145000e+002  8.208359e-008  6.241179e-008
 2.150000e+002  5.748850e-008  6.763432e-008
 2.155000e+002  1.273075e-008  3.512043e-008
 2.160000e+002  9.172266e-008 -1.829408e-008
 2.165000e+002  8.698710e-008  9.150070e-008
 2.170000e+002  4.294043e-008 -7.187475e-008
 2.175000e+002 -1.415327e-007  6.390927e-008
 2.180000e+002  2.511662e-008  1.351826e-007
 2.185000e+002  8.679156e-009  3.619566e-009
 2.190000e+002  1.748390e-009  6.994568e-008
 2.195000e+002 -2.487197e-008  1.794675e-007
 2.200000e+002  9.960715e-008  1.729341e-008
 2.205000e+002 -2.675251e-007 -6.478123e-009
 2.210000e+002  6.064669e-008  1.063597e-008
 2.215000e+002 -1.183152e-007  6.178119e-008
 2.220000e+002  2.431145e-008 -1.006341e-008
 2.225000e+002 -1.934578e-007  6.833002e-009
 2.230000e+002 -7.045205e-008 -4.074437e-008
 2.235000e+002  6.591319e-009 -1.102753e-007
 2.240000e+002 -2.555820e-007 -1.181570e-007
 2.245000e+002 -4.553105e-008 -2.036996e-007
 2.250000e+002 -3.206812e-009 -1.930532e-007
 2.255000e+002  1.249226e-007  1.362838e-008
 2.260000e+002  8.275407e-008  5.871527e-008
 2.265000e+002  9.853261e-008 -2.417971e-008
 2.270000e+002 -1.958572e-007 -3.012726e-008
 2.275000e+002  8.469304e-008 -1.306752e-007
 2.280000e+002 -7.713651e-008 -2.060518e-007
 2.285000e+002 -3.248070e-008  7.812868e-008
 2.290000e+002  3.484420e-010 -2.216886e-007
 2.295000e+002 -7.754150e-008 -6.587055e-008
 2.300000e+002  1.988874e-008  2.159868e-007
 2.305000e+002 -9.584211e-008  5.170303e-008
 2.310000e+002 -8.256427e-008  1.185453e-007
 2.315000e+002 -1.487820e-007 -6.139437e-008
 2.320000e+002 -1.543882e-007 -5.116121e-009
 2.325000e+002 -2.344473e-007  1.941526e-007
 2.330000e+002  4.115390e-008  6.302133e-008
 2.335000e+002 -8.631135e-008  1.186212e-007
 2.340000e+002  4.573340e-008  1.410634e-007
 2.345000e+002  8.442035e-009  2.076669e-007
 2.350000e+002 -1.083790e-008  1.350320e-007
 2.355000e+002 -5.763677e-008  2.605787e-008
 2.360000e+002  1.495902e-008 -1.865705e-008
 2.365000e+002  1.042851e-007  1.378611e-007
 2.370000e+002  4.465003e-008  8.672015e-008
 2.375000e+002  1.405615e-007  8.859121e-008
 2.380000e+002  6.010103e-008 -2.985308e-008
 2.385000e+002  1.611482e-007  1.098641e-007
 2.390000e+002  1.605763e-007  1.289023e-007
 2.395000e+002  1.083167e-007  1.669941e-007
 2.400000e+002 -5.683017e-008  3.246146e-007
 2.405000e+002  3.725496e-008  7.813696e-008
 2.410000e+002  3.113701e-010  1.132066e-007
 2.415000e+002  3.376659e-008  5.941924e-008
 2.420000e+002  2.959370e-008 -4.450235e-008
 2.425000e+002  4.433921e-008 -1.606781e-008
 2.430000e+002  2.302531e-008  7.371379e-008
 2.435000e+002  4.018298e-008  2.216629e-007
 2.440000e+002 -3.687243e-008  1.118336e-007
 2.445000e+002  6.880930e-008  1.925237e-007
 2.450000e+002  1.531850e-007  9.125866e-008
 2.455000e+002  4.349799e-008 -6.483424e-008
 2.460000e+002  2.249724e-009 -2.120830e-008
 2.465000e+002 -4.982587e-008  9.980721e-008
 2.470000e+002  1.251108e-007  2.190664e-007
 2.475000e+002  1.351609e-007  2.463731e-007
 2.480000e+002 -5.696355e-008 -4.641717e-008
 2.485000e+002 -7.321357e-008  1.368767e-007
 2.490000e+002  1.481900e-007  7.952550e-008
 2.495000e+002 -1.473674e-008  1.336807e-007
 2.500000e+002  4.451718e-008  1.012418e-007
 2.505000e+002  1.537413e-008  1.825866e-007
 2.510000e+002  4.381926e-008  1.242997e-007
 2.515000e+002 -6.788999e-008  4.129645e-007
 2.520000e+002  3.331536e-007  3.391656e-007
 2.525000e+002 -2.914486e-007  4.556231e-007
 2.530000e+002 -1.320927e-006  2.230848e-006
 2.535000e+002  3.704318e-007 -7.089746e-007
 2.540000e+002  2.805198e-007 -3.118302e-007
 2.545000e+002  1.113394e-007 -2.199585e-007
 2.550000e+002 -1.818208e-007 -3.646068e-008
 2.555000e+002  6.572987e-008 -9.483060e-008
 2.560000e+002 -6.000410e-008  9.496256e-009
 2.565000e+002 -2.324694e-007 -2.308159e-008
 2.570000e+002 -2.834283e-008 -1.001925e-007
 2.575000e+002 -6.346826e-008 -6.306011e-008
 2.580000e+002  8.381438e-008  1.645363e-007
 2.585000e+002  1.059304e-007  1.508047e-008
 2.590000e+002 -5.100490e-009  8.497252e-008
 2.595000e+002 -1.172258e-007 -6.512478e-008
 2.600000e+002 -4.333054e-008  1.123314e-007
 2.605000e+002 -1.093660e-007 -6.758545e-008
 2.610000e+002  3.520203e-008  3.387415e-008
 2.615000e+002  4.269637e-008  7.423009e-008
 2.620000e+002 -1.130197e-007  2.381559e-008
 2.625000e+002 -1.860851e-007  8.474382e-008
 2.630000e+002 -4.264846e-008  7.859435e-008
 2.635000e+002 -2.901216e-007  5.500261e-008
 2.640000e+002 -1.010961e-007 -3.458301e-008
 2.645000e+002  1.717335e-007  6.779688e-008
 2.650000e+002  1.530136e-008 -3.451045e-008
 2.655000e+002 -6.586107e-008  7.723554e-008
 2.660000e+002  2.207524e-008  4.559354e-008
 2.665000e+002  1.292678e-008 -1.583292e-008
 2.670000e+002 -4.468948e-008  6.670104e-008
 2.675000e+002 -3.916229e-009  8.856730e-008
 2.680000e+002 -9.691614e-008 -1.127457e-007
 2.685000e+002  3.750181e-008 -1.943990e-009
 2.690000e+002 -5.259645e-008 -1.080971e-007
 2.695000e+002  2.457537e-008 -2.574356e-007
 2.700000e+002 -5.717876e-008  1.992544e-007
 2.705000e+002 -3.894665e-007  9.419420e-008
 2.710000e+002 -1.077631e-007  2.587233e-008
 2.715000e+002 -2.751658e-008  5.780926e-008
 2.720000e+002 -9.418632e-008  5.202265e-008
 2.725000e+002 -6.778329e-008  1.623581e-008
 2.730000e+002  3.421511e-008  3.294283e-008
 2.735000e+002 -8.277069e-008 -7.682880e-008
 2.740000e+002 -1.805182e-007  2.294112e-007
 2.745000e+002 -1.833827e-007 -3.358582e-008
 2.750000e+002 -1.165876e-007 -1.218849e-007
 2.755000e+002 -2.705294e-007  4.589874e-009
 2.760000e+002  7.875006e-007 -4.575668e-008
 2.765000e+002  2.111579e-007  1.042679e-007
 2.770000e+002  5.919839e-008 -2.319673e-009
 2.775000e+002 -6.966639e-008  5.518475e-008
 2.780000e+002 -1.287406e-008  4.877788e-008
 2.785000e+002  1.593307e-007  3.326781e-007
 2.790000e+002 -2.193010e-007  1.626819e-007
 2.795000e+002  4.068396e-008  2.962561e-007
 2.800000e+002 -1.622680e-007  1.933706e-007
 2.805000e+002  3.734324e-008 -9.782548e-008
 2.810000e+002  6.775373e-008 -2.758107e-007
 2.815000e+002 -1.014236e-007 -4.692212e-008
 2.820000e+002  2.113498e-008 -9.697452e-008
 2.825000e+002 -3.255248e-007 -1.510030e-007
 2.830000e+002 -4.402771e-007  4.188339e-008
 2.835000e+002  4.757913e-008 -2.250088e-007
 2.840000e+002 -4.864165e-007  2.749958e-007
 2.845000e+002  1.053289e-007 -7.092602e-008
 2.850000e+002  3.689887e-007  8.335457e-008
 2.855000e+002 -9.733579e-008  2.178238e-007
 2.860000e+002  8.759865e-008  9.234833e-008
 2.865000e+002  5.184847e-009  9.646759e-008
 2.870000e+002  3.520066e-007 -1.517366e-008
 2.875000e+002 -2.409367e-007  9.702193e-008
 2.880000e+002 -1.633332e-007  4.535840e-008
 2.885000e+002 -9.394476e-008  6.570743e-008
 2.890000e+002  1.411064e-007 -3.474988e-009
 2.895000e+002  7.138901e-009 -1.899820e-007
 2.900000e+002 -1.938295e-007  3.039228e-008
 2.905000e+002  2.069841e-007  9.015228e-008
 2.910000e+002  2.453416e-008 -2.738133e-008
 2.915000e+002  1.774232e-007 -9.711115e-008
 2.920000e+002 -6.971167e-008  3.823936e-007
 2.925000e+002 -2.105463e-007 -1.531944e-007
 2.930000e+002 -7.692364e-008  1.050652e-008
 2.935000e+002  1.060342e-008  2.591588e-008
 2.940000e+002 -6.361203e-007 -1.663113e-007
 2.945000e+002  4.925790e-008 -2.604396e-007
 2.950000e+002 -2.970159e-007 -1.972729e-007
 2.955000e+002  9.200840e-008  4.592869e-008
 2.960000e+002 -1.723633e-007  2.702503e-007
 2.965000e+002  1.445655e-007 -4.844700e-007
 2.970000e+002 -1.555825e-007  1.498414e-007
 2.975000e+002  8.313052e-008 -3.220766e-008
 2.980000e+002 -4.527762e-007 -2.052172e-008
 2.985000e+002 -4.396031e-008 -1.054491e-008
 2.990000e+002  3.989365e-007 -2.327016e-007
 2.995000e+002 -9.634178e-008 -1.890791e-007
 3.000000e+002 -2.965852e-007 -5.760280e-007
 3.005000e+002  1.770121e-007  2.227817e-007
 3.010000e+002 -3.784917e-007  2.933347e-007
 3.015000e+002 -4.405594e-007 -7.636853e-008
 3.020000e+002 -9.412235e-008 -1.370278e-007
 3.025000e+002 -2.020613e-007 -1.865047e-007
 3.030000e+002  6.253213e-007 -2.463215e-007
 3.035000e+002 -5.691403e-007  5.930013e-007
 3.040000e+002 -4.666584e-007  4.454106e-008
 3.045000e+002  5.508487e-007 -3.928847e-008
 3.050000e+002  4.075214e-007  1.253269e-006
 3.055000e+002 -4.712000e-007  3.951045e-007
 3.060000e+002 -9.442949e-007  7.037010e-007
 3.065000e+002  3.427141e-007  3.991667e-007
 3.070000e+002  2.663129e-007  1.678003e-006
 3.075000e+002 -1.158415e-006 -1.376918e-006
 3.080000e+002  5.249996e-007 -5.905378e-008
 3.085000e+002 -1.035347e-006 -1.216481e-006
 3.090000e+002  4.044849e-007 -8.063207e-007
 3.095000e+002  2.632321e-007 -1.123555e-007
 3.100000e+002 -1.828544e-007  9.265311e-007
 3.105000e+002  2.484037e-007 -1.134278e-008
 3.110000e+002 -1.430953e-006 -7.533196e-007
 3.115000e+002  1.054068e-006 -2.339121e-007
 3.120000e+002  1.068440e-006 -1.251361e-007
 3.125000e+002  3.490079e-007 -6.948819e-008
 3.130000e+002 -8.758529e-007  4.161358e-007
 3.135000e+002 -1.151885e-007  3.996609e-007
 3.140000e+002 -5.414335e-008 -8.140956e-007
 3.145000e+002  4.187377e-007  5.098490e-007
 3.150000e+002  3.181101e-007  1.142681e-006
 3.155000e+002  1.272069e-006  1.210462e-006
 3.160000e+002 -1.843761e-006 -2.532123e-006
 3.165000e+002  3.800751e-007 -6.843715e-007
 3.170000e+002 -4.065666e-007 -1.798607e-007
 3.175000e+002 -5.571536e-007 -5.038110e-007
 3.180000e+002  2.330614e-007 -5.350498e-008
 3.185000e+002  8.275831e-007  1.603712e-007
 3.190000e+002  1.127983e-008 -2.674473e-007
 3.195000e+002  4.772645e-007 -1.946147e-008
 3.200000e+002  4.066762e-007 -2.634875e-008
 3.205000e+002  4.313277e-007 -1.550937e-007
 3.210000e+002  3.790331e-007 -2.357187e-007
 3.215000e+002  4.166292e-007  3.572372e-007
 3.220000e+002 -2.555205e-007  3.356319e-007
 3.225000e+002 -1.212725e-007  2.318027e-007
 3.230000e+002  7.733952e-007 -4.845264e-007
 3.235000e+002 -4.815452e-007 -1.867251e-007
 3.240000e+002  4.419459e-007  3.534121e-007
 3.245000e+002  7.606823e-008  9.893274e-008
 3.250000e+002  6.547129e-008  3.112881e-007
 3.255000e+002  1.739870e-007 -4.298308e-007
 3.260000e+002  2.164319e-007 -5.917681e-007
 3.265000e+002 -2.293618e-007 -2.899871e-007
 3.270000e+002 -6.657294e-008 -5.390013e-007
 3.275000e+002 -3.823509e-007 -2.544066e-007
 3.280000e+002 -1.464753e-007 -4.429229e-007
 3.285000e+002 -2.040565e-007 -6.504090e-008
 3.290000e+002  2.140099e-007 -2.804390e-008
 3.295000e+002  1.335025e-009  3.718224e-007
 3.300000e+002  1.543147e-007  1.127635e-007
 3.305000e+002 -3.584575e-007 -5.065646e-007
 3.310000e+002  2.049814e-007 -3.752858e-007
 3.315000e+002 -3.378613e-008 -5.435903e-007
 3.320000e+002  1.550016e-009  2.400535e-007
 3.325000e+002 -3.242637e-007 -2.195190e-007
 3.330000e+002 -2.810036e-007 -2.930937e-007
 3.335000e+002 -1.828963e-007 -1.927987e-008
 3.340000e+002 -5.806439e-008 -1.921698e-007
 3.345000e+002 -4.196671e-007  3.262466e-008
 3.350000e+002 -1.840963e-007 -3.347721e-007
 3.355000e+002 -2.421662e-007 -8.526821e-007
 3.360000e+002 -1.942452e-006 -1.813190e-006
 3.365000e+002  5.027687e-007  2.273358e-006
 3.370000e+002  5.998821e-007  1.141026e-007
 3.375000e+002 -2.299689e-007 -4.638194e-007
 3.380000e+002  1.705457e-008  4.417869e-007
 3.385000e+002 -2.121926e-007  3.543155e-010
 3.390000e+002  1.776505e-007 -1.600954e-007
 3.395000e+002 -4.473289e-007  1.293741e-007
 3.400000e+002 -2.500896e-007 -9.319494e-007
 3.405000e+002  1.167309e-007 -3.209028e-007
 3.410000e+002  3.576892e-007  1.862603e-007
 3.415000e+002 -3.142431e-007  3.384928e-007
 3.420000e+002 -1.352608e-007 -5.797094e-007
 3.425000e+002  1.223233e-007  4.174356e-007
 3.430000e+002  2.700737e-007  1.539586e-007
 3.435000e+002 -3.509716e-008  3.074390e-007
 3.440000e+002  1.091195e-007  1.217313e-008
 3.445000e+002  2.944375e-008  4.842958e-007
 3.450000e+002  1.295561e-007 -5.238967e-007
 3.455000e+002 -3.963406e-007  3.020495e-008
 3.460000e+002 -1.097948e-007  1.871782e-007
 3.465000e+002 -6.714362e-008 -2.712180e-007
 3.470000e+002  1.571436e-007  4.142310e-007
 3.475000e+002 -2.256059e-007  1.625598e-007
 3.480000e+002 -1.313892e-007  2.111877e-007
 3.485000e+002  8.978254e-008 -7.715667e-008
 3.490000e+002 -1.127285e-008  2.849334e-007
 3.495000e+002 -6.949496e-008 -1.429820e-007
 3.500000e+002 -6.791679e-007 -6.124142e-008
 3.505000e+002  8.119096e-007  6.581444e-007
 3.510000e+002  2.097112e-007  5.088296e-008
 3.515000e+002  1.606259e-007  1.614669e-007
 3.520000e+002  1.734208e-007  5.182217e-008
 3.525000e+002  2.397669e-007  2.766108e-007
 3.530000e+002  1.994599e-007  1.795287e-007
 3.535000e+002 -2.350887e-008 -1.237471e-007
 3.540000e+002  1.363309e-007  2.580263e-008
 3.545000e+002 -8.885195e-008  7.006206e-008
 3.550000e+002  5.163365e-008 -2.428695e-007
 3.555000e+002 -1.672118e-008  6.309408e-008
 3.560000e+002 -5.367303e-009  9.599172e-008
 3.565000e+002  7.218618e-008 -4.334299e-007
 3.570000e+002 -1.044700e-007 -6.650038e-009
 3.575000e+002 -1.668601e-007 -6.041103e-008
 3.580000e+002 -6.433295e-008 -6.577086e-008
 3.585000e+002 -1.604071e-007  3.346736e-007
 3.590000e+002 -9.568863e-009  9.233634e-008
 3.595000e+002 -1.646300e-007 -1.192403e-007
 3.600000e+002 -3.907996e-008  1.485619e-007
 3.605000e+002 -1.348608e-007  4.546472e-007
 3.610000e+002 -1.706504e-007  3.783255e-007
 3.615000e+002 -1.168595e-007  1.401469e-007
 3.620000e+002  1.649789e-007 -1.086831e-007
 3.625000e+002 -2.288909e-008 -1.222933e-007
 3.630000e+002 -1.795086e-007 -1.953230e-007
 3.635000e+002  1.871366e-007 -1.885438e-008
 3.640000e+002 -8.444228e-007  1.909213e-007
 3.645000e+002  3.373065e-007  4.702698e-007
 3.650000e+002  1.897288e-007  1.689334e-007
 3.655000e+002  5.135661e-007  1.941143e-007
 3.660000e+002  1.062141e-007  6.745994e-008
 3.665000e+002  8.466443e-008  3.009561e-008
 3.670000e+002 -3.528741e-008 -8.129682e-008
 3.675000e+002 -7.466462e-008  2.469024e-008
 3.680000e+002 -3.999147e-008 -1.879873e-007
 3.685000e+002  3.042420e-007 -1.568597e-007
 3.690000e+002  1.932300e-007 -2.584194e-008
 3.695000e+002 -5.658015e-008  2.044613e-007
 3.700000e+002  6.767263e-008  2.486386e-007
 3.705000e+002  4.400881e-008 -1.078850e-007
 3.710000e+002  3.818781e-008 -5.043646e-008
 3.715000e+002 -2.569767e-007  1.379881e-010
 3.720000e+002  1.106251e-006  2.591726e-007
 3.725000e+002  2.029950e-007  4.634125e-009
 3.730000e+002  1.243680e-006 -8.931839e-007
 3.735000e+002 -4.673633e-007  5.295244e-007
 3.740000e+002 -2.779914e-007  5.157001e-007
 3.745000e+002  8.946109e-008  1.712209e-007
 3.750000e+002 -2.806483e-009  4.567761e-008
 3.755000e+002 -3.245971e-007  2.481837e-007
 3.760000e+002  1.678108e-007  3.252030e-007
 3.765000e+002  9.119035e-008  1.539111e-007
 3.770000e+002  4.598009e-008 -5.315555e-008
 3.775000e+002 -4.281456e-008  2.114578e-007
 3.780000e+002  1.187000e-007  1.214175e-008
 3.785000e+002  1.520347e-007 -6.063620e-008
 3.790000e+002  3.360918e-007  3.450395e-007
 3.795000e+002 -3.461313e-008  7.976184e-008
 3.800000e+002 -5.720902e-008  1.751979e-007
 3.805000e+002  6.001632e-008  2.317836e-007
 3.810000e+002  2.468966e-007 -7.968445e-008
 3.815000e+002 -2.282095e-007 -5.630738e-008
 3.820000e+002 -4.812038e-008  2.218866e-007
 3.825000e+002 -1.070210e-007  1.247750e-007
 3.830000e+002 -1.010510e-007  6.943745e-008
 3.835000e+002 -3.236407e-007  1.815383e-007
 3.840000e+002 -9.567692e-008  2.284132e-007
 3.845000e+002 -2.939155e-008  2.333987e-007
 3.850000e+002  6.984690e-008  9.443834e-008
 3.855000e+002  1.910812e-007 -3.480039e-008
 3.860000e+002 -1.579756e-007 -8.810236e-008
 3.865000e+002  1.117613e-007  1.258131e-007
 3.870000e+002  3.002978e-007  4.348972e-007
 3.875000e+002 -8.474648e-008  2.643852e-007
 3.880000e+002  6.976327e-008  7.682086e-009
 3.885000e+002  1.286851e-007  1.492568e-007
 3.890000e+002 -1.386606e-007  1.358621e-007
 3.895000e+002  1.927071e-007  6.791171e-008
 3.900000e+002 -1.555421e-007 -9.197740e-008
 3.905000e+002  2.552190e-007  2.947414e-007
 3.910000e+002 -6.372813e-007  5.984314e-008
 3.915000e+002  1.460054e-007  4.448646e-007
 3.920000e+002 -6.526952e-007  6.356964e-007
 3.925000e+002  7.417933e-007 -9.038768e-007
 3.930000e+002  4.124895e-007 -5.529875e-008
 3.935000e+002  9.176433e-008  1.339923e-007
 3.940000e+002  1.800608e-007  8.301985e-008
 3.945000e+002  3.680365e-007 -1.234698e-007
 3.950000e+002  1.930428e-007  8.418145e-010
 3.955000e+002  3.820369e-007 -2.119683e-007
 3.960000e+002 -8.104898e-008 -2.433293e-007
 3.965000e+002 -1.640053e-007  1.486372e-008
 3.970000e+002  4.262064e-008 -2.940744e-007
 3.975000e+002  4.237941e-008 -3.151071e-008
 3.980000e+002 -2.237626e-007 -2.831334e-009
 3.985000e+002 -1.247435e-007 -1.624131e-007
 3.990000e+002  4.647757e-008 -4.305904e-008
 3.995000e+002  1.940029e-007 -9.793804e-008
 4.000000e+002 -5.368235e-008 -2.582175e-007
 4.005000e+002 -3.437773e-009 -1.830870e-007
 4.010000e+002  2.052431e-007  2.242445e-007
 4.015000e+002  2.907647e-007 -1.290965e-007
 4.020000e+002  1.348482e-007 -7.151962e-008
 4.025000e+002  1.255039e-007 -2.280498e-007
 4.030000e+002 -7.190811e-008 -3.020347e-007
 4.035000e+002 -1.478315e-007 -4.245882e-008
 4.040000e+002 -1.143789e-007  3.154767e-008
 4.045000e+002 -9.041737e-008  1.472945e-007
 4.050000e+002  1.891696e-007 -2.337637e-007
 4.055000e+002 -5.760884e-008  1.027497e-007
 4.060000e+002  3.264074e-008 -1.894771e-007
 4.065000e+002  4.701440e-009  1.039879e-007
 4.070000e+002 -2.575436e-008 -2.661557e-008
 4.075000e+002 -3.078518e-008 -9.156044e-008
 4.080000e+002  1.279790e-008 -3.709067e-008
 4.085000e+002  6.068955e-008 -1.026366e-007
 4.090000e+002 -6.859158e-008  9.731651e-008
 4.095000e+002  7.552839e-008  7.665934e-008
 4.100000e+002  9.479677e-008  2.893760e-007
 4.105000e+002 -2.384849e-007  2.714992e-008
 4.110000e+002 -6.568704e-008  1.496736e-007
 4.115000e+002 -2.684179e-007  3.839166e-008
 4.120000e+002 -7.278462e-008  6.439280e-008
 4.125000e+002 -3.167603e-007 -4.706847e-009
 4.130000e+002 -1.672391e-007  6.796534e-008
 4.135000e+002  1.797366e-007 -3.225512e-008
 4.140000e+002  1.307302e-007 -1.474196e-008
 4.145000e+002  2.594533e-007 -2.279509e-008
 4.150000e+002  5.252126e-007 -1.106865e-007
 4.155000e+002  1.353176e-007  2.206640e-008
 4.160000e+002 -4.180656e-008 -1.340305e-007
 4.165000e+002 -1.511122e-007 -9.761761e-008
 4.170000e+002  2.996097e-008  5.363759e-008
 4.175000e+002 -1.562983e-007 -1.405139e-007
 4.180000e+002  5.527935e-008  3.110995e-009
 4.185000e+002 -3.007085e-007 -2.405703e-007
 4.190000e+002  1.282875e-007 -1.234253e-008
 4.195000e+002 -1.744708e-007  2.674640e-008
 4.200000e+002 -1.815454e-007  1.747192e-007
 4.205000e+002  4.766409e-007  5.897571e-007
 4.210000e+002 -2.295213e-008 -7.331812e-008
 4.215000e+002  1.370056e-007  1.227872e-007
 4.220000e+002 -4.818291e-007 -8.083337e-007
 4.225000e+002 -1.483103e-007 -2.835396e-007
 4.230000e+002 -1.803492e-007 -2.404656e-008
 4.235000e+002 -1.493546e-007 -1.047339e-007
 4.240000e+002 -2.546790e-007  1.224182e-008
 4.245000e+002 -1.472423e-007 -1.241664e-007
 4.250000e+002 -2.224171e-007 -7.115942e-008
 4.255000e+002  1.198024e-007  1.283989e-007
 4.260000e+002 -1.548956e-007  1.161633e-007
 4.265000e+002  4.404055e-007  1.912211e-007
 4.270000e+002  2.065524e-007 -6.627337e-008
 4.275000e+002  2.515180e-007 -1.610669e-007
 4.280000e+002 -1.053962e-007  1.544595e-007
 4.285000e+002  1.918783e-007 -9.622206e-008
 4.290000e+002  2.157909e-008 -1.480959e-007
 4.295000e+002  2.399679e-007 -7.763001e-008
 4.300000e+002  4.994872e-008 -1.373961e-007
 4.305000e+002  1.388294e-007 -1.943784e-007
 4.310000e+002 -8.735357e-008  3.606429e-007
 4.315000e+002  8.696911e-008  1.098766e-007
 4.320000e+002  1.498386e-007 -1.827859e-008
 4.325000e+002 -3.066404e-007  7.826649e-008
 4.330000e+002  4.184692e-008 -2.209009e-007
 4.335000e+002 -5.538345e-008 -1.525435e-007
 4.340000e+002 -6.372271e-008  2.129325e-007
 4.345000e+002  1.763153e-007 -3.647626e-007
 4.350000e+002 -2.321307e-007 -6.845027e-008
 4.355000e+002 -5.500723e-008 -3.465547e-008
 4.360000e+002 -1.673797e-007  1.255190e-007
 4.365000e+002 -1.981178e-008 -1.204173e-007
 4.370000e+002 -9.074999e-008  1.811554e-007
 4.375000e+002  1.068461e-008  2.701441e-008
 4.380000e+002 -1.296834e-007  3.247351e-007
 4.385000e+002 -6.824718e-008 -2.180442e-007
 4.390000e+002  1.475254e-007 -1.329401e-007
 4.395000e+002  2.422440e-008  1.850489e-007
 4.400000e+002 -5.840128e-007  1.383938e-007
 4.405000e+002 -2.169739e-008  2.323875e-007
 4.410000e+002  4.500649e-008  8.166009e-008
 4.415000e+002 -3.204274e-007 -1.269366e-007
 4.420000e+002 -3.673621e-008  2.178676e-007
 4.425000e+002  1.015134e-007  1.544769e-007
 4.430000e+002  5.042565e-008  2.224092e-007
 4.435000e+002 -1.751764e-008 -2.938535e-007
 4.440000e+002  4.666071e-008 -2.121286e-008
 4.445000e+002  3.488089e-009 -7.391282e-007
 4.450000e+002  2.746469e-007 -2.077299e-007
 4.455000e+002  1.588484e-007  3.007584e-007
 4.460000e+002 -1.510920e-007 -2.801471e-007
 4.465000e+002  9.619048e-008 -3.248721e-007
 4.470000e+002  1.005304e-007 -6.786818e-008
 4.475000e+002  1.218982e-007 -1.319808e-007
 4.480000e+002 -4.953561e-007  6.088789e-007
 4.485000e+002 -6.108310e-007 -1.733599e-006
 4.490000e+002 -8.628511e-008 -4.682749e-007
 4.495000e+002 -4.411558e-007 -2.596636e-007
 4.500000e+002  1.820975e-007  1.528931e-007
 4.505000e+002 -1.717988e-007  1.218288e-007
 4.510000e+002  2.291408e-008  5.474204e-008
 4.515000e+002 -2.999994e-007  1.733163e-008
 4.520000e+002 -3.000526e-007 -2.791202e-007
 4.525000e+002 -2.520363e-007  3.137271e-007
 4.530000e+002 -2.043187e-007  2.885426e-007
 4.535000e+002 -9.291337e-008  1.710548e-007
 4.540000e+002  6.595742e-007 -4.927414e-007
 4.545000e+002  3.015926e-007  2.816426e-007
 4.550000e+002 -1.750414e-007 -5.559241e-009
 4.555000e+002  2.556542e-007  8.789710e-008
 4.560000e+002  4.127124e-007  2.910530e-007
 4.565000e+002 -8.484693e-008 -1.570050e-007
 4.570000e+002  1.182452e-008 -6.862015e-009
 4.575000e+002  8.848363e-008 -3.599107e-007
 4.580000e+002 -1.142541e-007  5.677682e-007
 4.585000e+002  3.801233e-008 -3.975741e-007
 4.590000e+002  5.385874e-008  1.110802e-007
 4.595000e+002 -1.558239e-007  3.754596e-007
 4.600000e+002 -9.949887e-008 -2.066028e-008
 4.605000e+002  2.964936e-008  4.571785e-008
 4.610000e+002  4.263537e-008 -2.587953e-008
 4.615000e+002  5.895510e-009  4.135638e-007
 4.620000e+002  2.297823e-007 -6.562820e-009
 4.625000e+002  2.093080e-007  4.712056e-007
 4.630000e+002  2.055086e-007  1.734072e-007
 4.635000e+002 -2.652644e-008 -2.378665e-007
 4.640000e+002  2.370287e-007 -1.677898e-008
 4.645000e+002 -3.908851e-007 -1.910152e-007
 4.650000e+002  7.663596e-008 -5.667006e-008
 4.655000e+002 -2.306228e-007 -1.697408e-007
 4.660000e+002  5.362203e-008 -1.007179e-007
 4.665000e+002 -2.072735e-007 -3.235401e-007
 4.670000e+002 -2.340249e-008 -8.916877e-008
 4.675000e+002 -1.538187e-007 -2.784202e-009
 4.680000e+002  9.898616e-009  4.516871e-007
 4.685000e+002 -2.280570e-007 -1.695337e-007
 4.690000e+002  7.330336e-008  2.175843e-007
 4.695000e+002 -1.931029e-007  3.110143e-007
 4.700000e+002 -1.296836e-007 -1.698786e-007
 4.705000e+002 -5.144560e-007  1.764211e-007
 4.710000e+002 -8.469732e-008  6.143352e-007
 4.715000e+002  4.178932e-007 -1.826212e-007
 4.720000e+002 -8.749136e-008 -1.967141e-007
 4.725000e+002 -2.246356e-007 -2.094440e-007
 4.730000e+002 -8.391452e-008 -1.112834e-007
 4.735000e+002 -1.585167e-007 -2.350293e-007
 4.740000e+002 -9.802111e-008 -9.273133e-008
 4.745000e+002  4.040386e-008 -2.029609e-007
 4.750000e+002  1.592969e-008 -7.595911e-008
 4.755000e+002  8.080349e-008  7.707151e-008
 4.760000e+002 -4.077279e-007  2.427177e-007
 4.765000e+002  4.511043e-007 -4.852217e-007
 4.770000e+002 -4.314828e-008 -1.348395e-007
 4.775000e+002 -1.664015e-007 -4.468403e-007
 4.780000e+002 -2.139411e-007 -2.103750e-007
 4.785000e+002 -2.424784e-007 -3.078931e-008
 4.790000e+002  3.140516e-008  8.792113e-008
 4.795000e+002 -1.024629e-007  5.239348e-009
 4.800000e+002 -3.692939e-008  1.177061e-008
 4.805000e+002  1.882942e-007 -1.115445e-007
 4.810000e+002  4.264191e-007  1.885094e-007
 4.815000e+002 -2.514160e-007  1.301847e-007
 4.820000e+002 -1.640796e-007 -2.227208e-007
 4.825000e+002 -1.795021e-007  8.575616e-008
 4.830000e+002 -1.587678e-007  4.009704e-008
 4.835000e+002  1.767197e-007 -6.617632e-008
 4.840000e+002 -1.627816e-007 -2.807799e-007
 4.845000e+002  2.964966e-007 -1.013263e-007
 4.850000e+002 -1.843925e-007 -4.839281e-009
 4.855000e+002  1.199112e-007 -3.065099e-007
 4.860000e+002  1.105699e-007  1.748326e-007
 4.865000e+002  1.328861e-007 -2.558756e-007
 4.870000e+002 -1.331090e-008  1.659532e-007
 4.875000e+002  5.412965e-008 -1.033660e-008
 4.880000e+002 -9.471770e-009  7.749681e-008
 4.885000e+002 -1.858025e-007 -7.886107e-008
 4.890000e+002  1.369392e-007  2.015753e-007
 4.895000e+002  2.458586e-007 -2.906500e-007
 4.900000e+002  1.643721e-007  9.186366e-008
 4.905000e+002  2.067348e-007 -2.104755e-007
 4.910000e+002  1.352039e-007 -1.594443e-007
 4.915000e+002  1.079579e-007 -3.205460e-008
 4.920000e+002  1.413847e-007 -1.708946e-007
 4.925000e+002  7.965791e-008 -2.624271e-007
 4.930000e+002  1.751363e-007 -4.159346e-007
 4.935000e+002 -2.713854e-007  6.239444e-007
 4.940000e+002  2.543036e-008 -2.281459e-008
 4.945000e+002 -1.250283e-007  1.629240e-007
 4.950000e+002  1.257120e-007  1.033590e-007
 4.955000e+002 -1.073877e-007 -1.140202e-007
 4.960000e+002  2.217484e-008 -2.994566e-008
 4.965000e+002 -1.060855e-007  1.267422e-007
 4.970000e+002 -1.892049e-009  1.989619e-007
 4.975000e+002  9.200792e-008  1.237049e-007
 4.980000e+002 -9.758559e-008  2.510586e-007
 4.985000e+002  9.118858e-008  9.469274e-009
 4.990000e+002 -3.546066e-008  1.176002e-007
 4.995000e+002  1.834435e-007  1.036297e-007
 5.000000e+002 -3.446471e-008 -1.975200e-007
 5.005000e+002 -6.211993e-008 -1.432085e-008
 5.010000e+002  5.070229e-008  1.111750e-007
 5.015000e+002  1.811629e-007  1.229198e-007
 5.020000e+002  1.063184e-007 -4.636067e-008
 5.025000e+002  5.912912e-008 -4.870016e-008
 5.030000e+002  5.287811e-008  9.781469e-009
 5.035000e+002  2.842304e-007  1.236995e-007
 5.040000e+002 -2.558442e-008  1.520066e-007
 5.045000e+002 -2.318441e-007  9.698902e-008
 5.050000e+002  3.933483e-008 -1.014217e-007
 5.055000e+002 -7.669734e-008 -1.674797e-007
 5.060000e+002 -1.108268e-007 -4.179612e-008
 5.065000e+002 -1.118947e-007  1.229445e-008
 5.070000e+002 -9.481478e-008 -1.049030e-007
 5.075000e+002 -1.154874e-007  8.544775e-010
 5.080000e+002 -1.343741e-007  1.067896e-007
 5.085000e+002 -1.459341e-007 -1.054036e-007
 5.090000e+002  1.744290e-007 -2.116876e-007
 5.095000e+002  1.302963e-007 -3.429637e-008
 5.100000e+002  1.162875e-008  4.246803e-008
 5.105000e+002  6.133066e-008  1.611949e-007
 5.110000e+002 -5.935255e-008  1.518821e-007
 5.115000e+002 -3.559016e-008  1.385646e-007
 5.120000e+002 -2.399000e-007 -2.209338e-010
