 0.000000e+000  6.356885e-001  0.000000e+000
 5.000000e-001  1.438444e-001  0.000000e+000
 1.000000e+000  1.755417e-001  0.000000e+000
 1.500000e+000  2.571441e-001  0.000000e+000
 2.000000e+000  3.937512e-001  0.000000e+000
 2.500000e+000  2.405336e-001  0.000000e+000
 3.000000e+000  2.447340e-001  0.000000e+000
 3.500000e+000  1.860397e-001  0.000000e+000
 4.000000e+000  4.119295e-001  0.000000e+000
 4.500000e+000  2.216228e-001  0.000000e+000
 5.000000e+000  3.416320e-001  0.000000e+000
 5.500000e+000  2.714798e-001  0.000000e+000
 6.000000e+000  2.808378e-001  0.000000e+000
 6.500000e+000  1.758921e-001  0.000000e+000
 7.000000e+000  2.956907e-001  0.000000e+000
 7.500000e+000  2.353717e-001  0.000000e+000
 8.000000e+000  3.430356e-001  0.000000e+000
 8.500000e+000  4.055569e-001  0.000000e+000
 9.000000e+000  5.808613e-001  0.000000e+000
 9.500000e+000  4.473858e-001  0.000000e+000
 1.000000e+001  5.803301e-001  0.000000e+000
 1.050000e+001  3.694993e-001  0.000000e+000
 1.100000e+001  6.075748e-001  0.000000e+000
 1.150000e+001  5.718070e-001  0.000000e+000
 1.200000e+001  5.770207e-001  0.000000e+000
 1.250000e+001  6.616800e-001  0.000000e+000
 1.300000e+001  4.551998e-001  0.000000e+000
 1.350000e+001  3.976862e-001  0.000000e+000
 1.400000e+001  5.464891e-001  0.000000e+000
 1.450000e+001  6.750937e-001  0.000000e+000
 1.500000e+001  6.406581e-001  0.000000e+000
 1.550000e+001  4.506722e-001  0.000000e+000
 1.600000e+001  6.748533e-001  0.000000e+000
 1.650000e+001  6.809652e-001  0.000000e+000
 1.700000e+001  6.972633e-001  0.000000e+000
 1.750000e+001  6.779210e-001  0.000000e+000
 1.800000e+001  8.508976e-001  0.000000e+000
 1.850000e+001  7.694946e-001  0.000000e+000
 1.900000e+001  8.164707e-001  0.000000e+000
 1.950000e+001  8.875968e-001  0.000000e+000
 2.000000e+001  9.030327e-001  0.000000e+000
 2.050000e+001  8.989436e-001  0.000000e+000
 2.100000e+001  9.332443e-001  0.000000e+000
 2.150000e+001  9.616831e-001  0.000000e+000
 2.200000e+001  9.356649e-001  0.000000e+000
 2.250000e+001  9.646028e-001  0.000000e+000
 2.300000e+001  9.478524e-001  0.000000e+000
 2.350000e+001  9.154003e-001  0.000000e+000
 2.400000e+001  8.490452e-001  0.000000e+000
 2.450000e+001  8.583161e-001  0.000000e+000
 2.500000e+001  7.404158e-001  0.000000e+000
 2.550000e+001  7.295997e-001  0.000000e+000
 2.600000e+001  5.910206e-001  0.000000e+000
 2.650000e+001  3.000546e-001  0.000000e+000
 2.700000e+001  2.266074e-001  0.000000e+000
 2.750000e+001  7.035710e-002  0.000000e+000
 2.800000e+001  5.408353e-003  0.000000e+000
 2.850000e+001  3.416146e-002  0.000000e+000
 2.900000e+001  8.199380e-002  0.000000e+000
 2.950000e+001  1.061126e-001  0.000000e+000
 3.000000e+001  1.137588e-001  0.000000e+000
 3.050000e+001  9.554601e-002  0.000000e+000
 3.100000e+001  2.523786e-001  0.000000e+000
 3.150000e+001  1.594059e-001  0.000000e+000
 3.200000e+001  8.676489e-002  0.000000e+000
 3.250000e+001  2.014810e-001  0.000000e+000
 3.300000e+001  1.590865e-001  0.000000e+000
 3.350000e+001  2.507431e-001  0.000000e+000
 3.400000e+001  4.125464e-002  0.000000e+000
 3.450000e+001  1.990779e-002  0.000000e+000
 3.500000e+001  7.824043e-002  0.000000e+000
 3.550000e+001  1.651723e-002  0.000000e+000
 3.600000e+001  5.706256e-002  0.000000e+000
 3.650000e+001  5.172235e-002  0.000000e+000
 3.700000e+001  2.936966e-001  0.000000e+000
 3.750000e+001  1.404661e-001  0.000000e+000
 3.800000e+001  2.098922e-001  0.000000e+000
 3.850000e+001  1.109459e-001  0.000000e+000
 3.900000e+001  5.047442e-002  0.000000e+000
 3.950000e+001  7.284906e-003  0.000000e+000
 4.000000e+001  1.001636e-001  0.000000e+000
 4.050000e+001  1.937107e-002  0.000000e+000
 4.100000e+001  5.948117e-003  0.000000e+000
 4.150000e+001  2.127426e-002  0.000000e+000
 4.200000e+001  1.017401e-002  0.000000e+000
 4.250000e+001  8.710937e-002  0.000000e+000
 4.300000e+001  1.266674e-001  0.000000e+000
 4.350000e+001  1.266676e-001  0.000000e+000
 4.400000e+001  6.097213e-002  0.000000e+000
 4.450000e+001  1.752366e-002  0.000000e+000
 4.500000e+001  2.764774e-002  0.000000e+000
 4.550000e+001  1.006728e-001  0.000000e+000
 4.600000e+001  1.169754e-002  0.000000e+000
 4.650000e+001  1.657803e-001  0.000000e+000
 4.700000e+001  2.286621e-002  0.000000e+000
 4.750000e+001  1.291599e-001  0.000000e+000
 4.800000e+001  1.925346e-002  0.000000e+000
 4.850000e+001  2.406561e-002  0.000000e+000
 4.900000e+001  8.935964e-003  0.000000e+000
 4.950000e+001  6.065934e-002  0.000000e+000
 5.000000e+001  3.203033e-002  0.000000e+000
 5.050000e+001  3.448133e-003  0.000000e+000
 5.100000e+001  9.574354e-003  0.000000e+000
 5.150000e+001  1.264094e-001  0.000000e+000
 5.200000e+001  3.826923e-002  0.000000e+000
 5.250000e+001  4.795484e-002  0.000000e+000
 5.300000e+001  1.499517e-001  0.000000e+000
 5.350000e+001  1.157624e-001  0.000000e+000
 5.400000e+001  1.472534e-001  0.000000e+000
 5.450000e+001  4.087987e-002  0.000000e+000
 5.500000e+001  7.525770e-002  0.000000e+000
 5.550000e+001  4.434126e-002  0.000000e+000
 5.600000e+001  8.774235e-002  0.000000e+000
 5.650000e+001  5.672128e-002  0.000000e+000
 5.700000e+001  8.960410e-003  0.000000e+000
 5.750000e+001  3.986347e-002  0.000000e+000
 5.800000e+001  4.925759e-002  0.000000e+000
 5.850000e+001  3.495359e-002  0.000000e+000
 5.900000e+001  3.198790e-003  0.000000e+000
 5.950000e+001  2.173442e-001  0.000000e+000
 6.000000e+001  1.432032e-001  0.000000e+000
 6.050000e+001  5.031494e-002  0.000000e+000
 6.100000e+001  4.086364e-002  0.000000e+000
 6.150000e+001  4.160807e-002  0.000000e+000
 6.200000e+001  1.162199e-002  0.000000e+000
 6.250000e+001  1.826169e-001  0.000000e+000
 6.300000e+001  2.575714e-003  0.000000e+000
 6.350000e+001  3.939835e-002  0.000000e+000
 6.400000e+001  3.527989e-002  0.000000e+000
 6.450000e+001  8.280538e-002  0.000000e+000
 6.500000e+001  5.802837e-002  0.000000e+000
 6.550000e+001  1.120352e-001  0.000000e+000
 6.600000e+001  6.647034e-002  0.000000e+000
 6.650000e+001  1.065281e-003  0.000000e+000
 6.700000e+001  5.828626e-002  0.000000e+000
 6.750000e+001  1.204124e-001  0.000000e+000
 6.800000e+001  7.144319e-002  0.000000e+000
 6.850000e+001  2.193536e-002  0.000000e+000
 6.900000e+001  6.873944e-002  0.000000e+000
 6.950000e+001  1.100606e-001  0.000000e+000
 7.000000e+001  1.246173e-002  0.000000e+000
 7.050000e+001  1.107967e-001  0.000000e+000
 7.100000e+001  6.505346e-002  0.000000e+000
 7.150000e+001  1.852232e-001  0.000000e+000
 7.200000e+001  9.311738e-002  0.000000e+000
 7.250000e+001  3.514394e-002  0.000000e+000
 7.300000e+001  1.113128e-001  0.000000e+000
 7.350000e+001  2.217316e-001  0.000000e+000
 7.400000e+001  9.038512e-002  0.000000e+000
 7.450000e+001  5.800740e-001  0.000000e+000
 7.500000e+001  2.941428e-001  0.000000e+000
 7.550000e+001  1.668507e-001  0.000000e+000
 7.600000e+001  3.763460e-001  0.000000e+000
 7.650000e+001  3.077588e-001  0.000000e+000
 7.700000e+001  4.130091e-001  0.000000e+000
 7.750000e+001  4.369663e-001  0.000000e+000
 7.800000e+001  7.921475e-001  0.000000e+000
 7.850000e+001  7.832541e-001  0.000000e+000
 7.900000e+001  9.221442e-001  0.000000e+000
 7.950000e+001  8.668758e-001  0.000000e+000
 8.000000e+001  8.127472e-001  0.000000e+000
 8.050000e+001  5.719675e-001  0.000000e+000
 8.100000e+001  6.568664e-001  0.000000e+000
 8.150000e+001  4.670166e-001  0.000000e+000
 8.200000e+001  2.504502e-001  0.000000e+000
 8.250000e+001  1.639289e-001  0.000000e+000
 8.300000e+001  1.138344e-001  0.000000e+000
 8.350000e+001  1.770435e-001  0.000000e+000
 8.400000e+001  1.195858e-001  0.000000e+000
 8.450000e+001  5.371432e-002  0.000000e+000
 8.500000e+001  2.977616e-002  0.000000e+000
 8.550000e+001  4.849783e-002  0.000000e+000
 8.600000e+001  3.818883e-002  0.000000e+000
 8.650000e+001  1.429683e-001  0.000000e+000
 8.700000e+001  7.662583e-002  0.000000e+000
 8.750000e+001  6.508806e-002  0.000000e+000
 8.800000e+001  4.403728e-002  0.000000e+000
 8.850000e+001  3.630099e-002  0.000000e+000
 8.900000e+001  1.044282e-003  0.000000e+000
 8.950000e+001  5.742227e-003  0.000000e+000
 9.000000e+001  1.276125e-001  0.000000e+000
 9.050000e+001  3.326246e-002  0.000000e+000
 9.100000e+001  4.738602e-003  0.000000e+000
 9.150000e+001  6.614327e-002  0.000000e+000
 9.200000e+001  8.123412e-002  0.000000e+000
 9.250000e+001  4.840865e-002  0.000000e+000
 9.300000e+001  7.366478e-002  0.000000e+000
 9.350000e+001  3.448114e-003  0.000000e+000
 9.400000e+001  6.969615e-002  0.000000e+000
 9.450000e+001  2.115244e-002  0.000000e+000
 9.500000e+001  9.874959e-003  0.000000e+000
 9.550000e+001  1.160901e-002  0.000000e+000
 9.600000e+001  1.458044e-002  0.000000e+000
 9.650000e+001  6.656667e-003  0.000000e+000
 9.700000e+001  9.429376e-003  0.000000e+000
 9.750000e+001  3.852621e-002  0.000000e+000
 9.800000e+001  1.761381e-001  0.000000e+000
 9.850000e+001  4.394043e-002  0.000000e+000
 9.900000e+001  4.894550e-002  0.000000e+000
 9.950000e+001  1.704641e-002  0.000000e+000
 1.000000e+002  1.246013e-001  0.000000e+000
 1.005000e+002  2.417710e-004  0.000000e+000
 1.010000e+002  3.927031e-004  0.000000e+000
 1.015000e+002  3.154941e-002  0.000000e+000
 1.020000e+002  1.802382e-001  0.000000e+000
 1.025000e+002  7.290191e-003  0.000000e+000
 1.030000e+002  1.214119e-001  0.000000e+000
 1.035000e+002  7.019836e-002  0.000000e+000
 1.040000e+002  8.254023e-002  0.000000e+000
 1.045000e+002  5.966549e-002  0.000000e+000
 1.050000e+002  3.385247e-002  0.000000e+000
 1.055000e+002  3.223407e-002  0.000000e+000
 1.060000e+002  3.578262e-002  0.000000e+000
 1.065000e+002  1.441587e-001  0.000000e+000
 1.070000e+002  4.404413e-003  0.000000e+000
 1.075000e+002  1.530490e-003  0.000000e+000
 1.080000e+002  1.157927e-002  0.000000e+000
 1.085000e+002  6.580412e-003  0.000000e+000
 1.090000e+002  3.854194e-002  0.000000e+000
 1.095000e+002  2.464465e-002  0.000000e+000
 1.100000e+002  1.452751e-002  0.000000e+000
 1.105000e+002  1.091865e-001  0.000000e+000
 1.110000e+002  1.721105e-001  0.000000e+000
 1.115000e+002  4.355169e-002  0.000000e+000
 1.120000e+002  1.174210e-001  0.000000e+000
 1.125000e+002  1.112228e-001  0.000000e+000
 1.130000e+002  1.967296e-003  0.000000e+000
 1.135000e+002  1.661366e-002  0.000000e+000
 1.140000e+002  3.699058e-002  0.000000e+000
 1.145000e+002  1.429210e-002  0.000000e+000
 1.150000e+002  2.142625e-002  0.000000e+000
 1.155000e+002  9.654156e-003  0.000000e+000
 1.160000e+002  2.197534e-002  0.000000e+000
 1.165000e+002  1.167449e-001  0.000000e+000
 1.170000e+002  4.616916e-003  0.000000e+000
 1.175000e+002  2.167113e-001  0.000000e+000
 1.180000e+002  2.855514e-002  0.000000e+000
 1.185000e+002  2.595611e-002  0.000000e+000
 1.190000e+002  3.487776e-003  0.000000e+000
 1.195000e+002  2.032618e-002  0.000000e+000
 1.200000e+002  8.948311e-003  0.000000e+000
 1.205000e+002  1.526320e-002  0.000000e+000
 1.210000e+002  1.819723e-002  0.000000e+000
 1.215000e+002  4.069061e-003  0.000000e+000
 1.220000e+002  7.445982e-003  0.000000e+000
 1.225000e+002  1.476927e-002  0.000000e+000
 1.230000e+002  2.652606e-003  0.000000e+000
 1.235000e+002  2.385147e-002  0.000000e+000
 1.240000e+002  3.474545e-003  0.000000e+000
 1.245000e+002  2.171111e-002  0.000000e+000
 1.250000e+002  2.605007e-002  0.000000e+000
 1.255000e+002  1.165735e-002  0.000000e+000
 1.260000e+002  2.027725e-002  0.000000e+000
 1.265000e+002  8.875630e-003  0.000000e+000
 1.270000e+002  1.341210e-001  0.000000e+000
 1.275000e+002  2.979928e-002  0.000000e+000
 1.280000e+002  4.438719e-002  0.000000e+000
 1.285000e+002  9.904929e-002  0.000000e+000
 1.290000e+002  9.257889e-002  0.000000e+000
 1.295000e+002  7.261660e-002  0.000000e+000
 1.300000e+002  8.583152e-003  0.000000e+000
 1.305000e+002  1.998677e-003  0.000000e+000
 1.310000e+002  9.901703e-002  0.000000e+000
 1.315000e+002  8.943324e-002  0.000000e+000
 1.320000e+002  2.269056e-002  0.000000e+000
 1.325000e+002  1.172400e-001  0.000000e+000
 1.330000e+002  1.303290e-002  0.000000e+000
 1.335000e+002  8.529610e-002  0.000000e+000
 1.340000e+002  7.737894e-002  0.000000e+000
 1.345000e+002  2.387093e-001  0.000000e+000
 1.350000e+002  8.847350e-003  0.000000e+000
 1.355000e+002  1.324311e-002  0.000000e+000
 1.360000e+002  6.553594e-003  0.000000e+000
 1.365000e+002  7.025877e-002  0.000000e+000
 1.370000e+002  1.066142e-001  0.000000e+000
 1.375000e+002  7.054838e-002  0.000000e+000
 1.380000e+002  1.434492e-001  0.000000e+000
 1.385000e+002  1.934290e-002  0.000000e+000
 1.390000e+002  1.872936e-001  0.000000e+000
 1.395000e+002  1.675208e-002  0.000000e+000
 1.400000e+002  1.105995e-001  0.000000e+000
 1.405000e+002  1.092969e-001  0.000000e+000
 1.410000e+002  1.619958e-003  0.000000e+000
 1.415000e+002  1.143587e-001  0.000000e+000
 1.420000e+002  2.262848e-002  0.000000e+000
 1.425000e+002  9.336866e-003  0.000000e+000
 1.430000e+002  4.755675e-002  0.000000e+000
 1.435000e+002  1.083039e-001  0.000000e+000
 1.440000e+002  1.995153e-001  0.000000e+000
 1.445000e+002  3.681171e-002  0.000000e+000
 1.450000e+002  6.812162e-004  0.000000e+000
 1.455000e+002  6.793418e-002  0.000000e+000
 1.460000e+002  4.559498e-002  0.000000e+000
 1.465000e+002  1.011744e-001  0.000000e+000
 1.470000e+002  8.087253e-002  0.000000e+000
 1.475000e+002  1.895879e-002  0.000000e+000
 1.480000e+002  2.623206e-002  0.000000e+000
 1.485000e+002  1.329324e-002  0.000000e+000
 1.490000e+002  1.179982e-002  0.000000e+000
 1.495000e+002  1.380994e-001  0.000000e+000
 1.500000e+002  2.233319e-002  0.000000e+000
 1.505000e+002  2.839147e-002  0.000000e+000
 1.510000e+002  2.055995e-002  0.000000e+000
 1.515000e+002  2.274652e-002  0.000000e+000
 1.520000e+002  7.986398e-002  0.000000e+000
 1.525000e+002  1.798131e-001  0.000000e+000
 1.530000e+002  3.806863e-002  0.000000e+000
 1.535000e+002  1.926487e-001  0.000000e+000
 1.540000e+002  1.629482e-002  0.000000e+000
 1.545000e+002  1.747270e-002  0.000000e+000
 1.550000e+002  5.463822e-002  0.000000e+000
 1.555000e+002  1.470111e-002  0.000000e+000
 1.560000e+002  2.128270e-002  0.000000e+000
 1.565000e+002  6.365799e-002  0.000000e+000
 1.570000e+002  1.010289e-001  0.000000e+000
 1.575000e+002  5.776774e-003  0.000000e+000
 1.580000e+002  4.698816e-002  0.000000e+000
 1.585000e+002  1.304208e-001  0.000000e+000
 1.590000e+002  6.672736e-002  0.000000e+000
 1.595000e+002  7.893512e-002  0.000000e+000
 1.600000e+002  9.244762e-002  0.000000e+000
 1.605000e+002  1.503897e-001  0.000000e+000
 1.610000e+002  2.303532e-002  0.000000e+000
 1.615000e+002  2.029879e-002  0.000000e+000
 1.620000e+002  2.868504e-002  0.000000e+000
 1.625000e+002  3.066557e-004  0.000000e+000
 1.630000e+002  1.709158e-002  0.000000e+000
 1.635000e+002  3.581110e-003  0.000000e+000
 1.640000e+002  1.180648e-001  0.000000e+000
 1.645000e+002  5.868646e-002  0.000000e+000
 1.650000e+002  2.775343e-002  0.000000e+000
 1.655000e+002  3.173015e-002  0.000000e+000
 1.660000e+002  9.487011e-003  0.000000e+000
 1.665000e+002  3.745213e-002  0.000000e+000
 1.670000e+002  5.920664e-002  0.000000e+000
 1.675000e+002  1.064582e-001  0.000000e+000
 1.680000e+002  3.975192e-002  0.000000e+000
 1.685000e+002  3.233430e-002  0.000000e+000
 1.690000e+002  1.768994e-002  0.000000e+000
 1.695000e+002  1.840862e-002  0.000000e+000
 1.700000e+002  1.289571e-001  0.000000e+000
 1.705000e+002  8.042235e-002  0.000000e+000
 1.710000e+002  1.404663e-001  0.000000e+000
 1.715000e+002  1.660511e-002  0.000000e+000
 1.720000e+002  6.777410e-002  0.000000e+000
 1.725000e+002  5.682968e-002  0.000000e+000
 1.730000e+002  2.795958e-002  0.000000e+000
 1.735000e+002  6.267020e-002  0.000000e+000
 1.740000e+002  7.168960e-003  0.000000e+000
 1.745000e+002  9.022623e-002  0.000000e+000
 1.750000e+002  9.603516e-002  0.000000e+000
 1.755000e+002  3.767867e-002  0.000000e+000
 1.760000e+002  7.475150e-002  0.000000e+000
 1.765000e+002  6.324128e-003  0.000000e+000
 1.770000e+002  1.159383e-001  0.000000e+000
 1.775000e+002  4.291308e-002  0.000000e+000
 1.780000e+002  2.234260e-001  0.000000e+000
 1.785000e+002  1.033107e-001  0.000000e+000
 1.790000e+002  4.428393e-002  0.000000e+000
 1.795000e+002  6.199860e-002  0.000000e+000
 1.800000e+002  2.053826e-001  0.000000e+000
 1.805000e+002  1.458766e-001  0.000000e+000
 1.810000e+002  1.113282e-002  0.000000e+000
 1.815000e+002  8.896573e-002  0.000000e+000
 1.820000e+002  1.332858e-002  0.000000e+000
 1.825000e+002  2.436749e-002  0.000000e+000
 1.830000e+002  1.018112e-001  0.000000e+000
 1.835000e+002  5.822684e-003  0.000000e+000
 1.840000e+002  3.800423e-002  0.000000e+000
 1.845000e+002  5.517741e-002  0.000000e+000
 1.850000e+002  1.584187e-002  0.000000e+000
 1.855000e+002  1.066555e-001  0.000000e+000
 1.860000e+002  3.431663e-002  0.000000e+000
 1.865000e+002  7.642055e-002  0.000000e+000
 1.870000e+002  1.643984e-002  0.000000e+000
 1.875000e+002  4.394807e-002  0.000000e+000
 1.880000e+002  2.262999e-003  0.000000e+000
 1.885000e+002  2.748861e-003  0.000000e+000
 1.890000e+002  2.269045e-002  0.000000e+000
 1.895000e+002  1.737296e-001  0.000000e+000
 1.900000e+002  7.830857e-002  0.000000e+000
 1.905000e+002  1.695535e-002  0.000000e+000
 1.910000e+002  1.033226e-001  0.000000e+000
 1.915000e+002  3.807723e-002  0.000000e+000
 1.920000e+002  6.209481e-002  0.000000e+000
 1.925000e+002  3.323879e-002  0.000000e+000
 1.930000e+002  1.422794e-002  0.000000e+000
 1.935000e+002  8.980247e-002  0.000000e+000
 1.940000e+002  5.527553e-002  0.000000e+000
 1.945000e+002  1.014976e-001  0.000000e+000
 1.950000e+002  1.015896e-001  0.000000e+000
 1.955000e+002  9.180552e-002  0.000000e+000
 1.960000e+002  1.420191e-001  0.000000e+000
 1.965000e+002  3.470311e-002  0.000000e+000
 1.970000e+002  1.174189e-001  0.000000e+000
 1.975000e+002  2.947782e-002  0.000000e+000
 1.980000e+002  3.274694e-002  0.000000e+000
 1.985000e+002  6.859216e-002  0.000000e+000
 1.990000e+002  4.400100e-002  0.000000e+000
 1.995000e+002  6.903537e-002  0.000000e+000
 2.000000e+002  1.048499e-001  0.000000e+000
 2.005000e+002  2.592843e-002  0.000000e+000
 2.010000e+002  1.362179e-002  0.000000e+000
 2.015000e+002  2.113680e-001  0.000000e+000
 2.020000e+002  4.415224e-002  0.000000e+000
 2.025000e+002  3.700206e-002  0.000000e+000
 2.030000e+002  1.165543e-004  0.000000e+000
 2.035000e+002  5.734514e-002  0.000000e+000
 2.040000e+002  1.055684e-001  0.000000e+000
 2.045000e+002  1.905984e-002  0.000000e+000
 2.050000e+002  3.469869e-002  0.000000e+000
 2.055000e+002  3.197697e-003  0.000000e+000
 2.060000e+002  4.049805e-002  0.000000e+000
 2.065000e+002  9.494717e-002  0.000000e+000
 2.070000e+002  4.258514e-002  0.000000e+000
 2.075000e+002  1.186502e-003  0.000000e+000
 2.080000e+002  2.831377e-003  0.000000e+000
 2.085000e+002  3.718096e-002  0.000000e+000
 2.090000e+002  2.065633e-001  0.000000e+000
 2.095000e+002  7.217744e-002  0.000000e+000
 2.100000e+002  1.541942e-002  0.000000e+000
 2.105000e+002  5.575122e-002  0.000000e+000
 2.110000e+002  2.771785e-002  0.000000e+000
 2.115000e+002  5.809249e-002  0.000000e+000
 2.120000e+002  1.539202e-002  0.000000e+000
 2.125000e+002  3.836510e-002  0.000000e+000
 2.130000e+002  2.442310e-002  0.000000e+000
 2.135000e+002  2.815663e-002  0.000000e+000
 2.140000e+002  9.733708e-002  0.000000e+000
 2.145000e+002  3.262380e-002  0.000000e+000
 2.150000e+002  7.789095e-002  0.000000e+000
 2.155000e+002  1.164815e-002  0.000000e+000
 2.160000e+002  5.397976e-002  0.000000e+000
 2.165000e+002  1.996346e-002  0.000000e+000
 2.170000e+002  7.641419e-002  0.000000e+000
 2.175000e+002  1.217506e-002  0.000000e+000
 2.180000e+002  2.121563e-001  0.000000e+000
 2.185000e+002  2.136792e-002  0.000000e+000
 2.190000e+002  8.797481e-003  0.000000e+000
 2.195000e+002  1.066297e-001  0.000000e+000
 2.200000e+002  2.320493e-002  0.000000e+000
 2.205000e+002  1.520051e-001  0.000000e+000
 2.210000e+002  6.463471e-002  0.000000e+000
 2.215000e+002  5.115666e-002  0.000000e+000
 2.220000e+002  1.439501e-001  0.000000e+000
 2.225000e+002  1.561657e-001  0.000000e+000
 2.230000e+002  5.203139e-002  0.000000e+000
 2.235000e+002  1.342677e-002  0.000000e+000
 2.240000e+002  4.702560e-003  0.000000e+000
 2.245000e+002  3.620227e-002  0.000000e+000
 2.250000e+002  4.786230e-002  0.000000e+000
 2.255000e+002  8.375869e-002  0.000000e+000
 2.260000e+002  2.861191e-002  0.000000e+000
 2.265000e+002  1.051508e-002  0.000000e+000
 2.270000e+002  5.433732e-002  0.000000e+000
 2.275000e+002  2.372577e-002  0.000000e+000
 2.280000e+002  1.308855e-001  0.000000e+000
 2.285000e+002  6.918900e-002  0.000000e+000
 2.290000e+002  6.807517e-003  0.000000e+000
 2.295000e+002  4.861300e-002  0.000000e+000
 2.300000e+002  3.886451e-002  0.000000e+000
 2.305000e+002  2.130695e-001  0.000000e+000
 2.310000e+002  1.965077e-002  0.000000e+000
 2.315000e+002  2.065247e-001  0.000000e+000
 2.320000e+002  8.301071e-002  0.000000e+000
 2.325000e+002  9.599217e-002  0.000000e+000
 2.330000e+002  4.281520e-002  0.000000e+000
 2.335000e+002  1.092588e-001  0.000000e+000
 2.340000e+002  1.976325e-001  0.000000e+000
 2.345000e+002  1.284170e-001  0.000000e+000
 2.350000e+002  2.014629e-002  0.000000e+000
 2.355000e+002  1.020675e-001  0.000000e+000
 2.360000e+002  7.130136e-002  0.000000e+000
 2.365000e+002  1.321630e-002  0.000000e+000
 2.370000e+002  1.617623e-002  0.000000e+000
 2.375000e+002  5.301685e-002  0.000000e+000
 2.380000e+002  7.838714e-003  0.000000e+000
 2.385000e+002  9.670283e-002  0.000000e+000
 2.390000e+002  3.247065e-002  0.000000e+000
 2.395000e+002  8.842142e-002  0.000000e+000
 2.400000e+002  3.230283e-002  0.000000e+000
 2.405000e+002  4.253222e-002  0.000000e+000
 2.410000e+002  4.252030e-002  0.000000e+000
 2.415000e+002  8.973805e-002  0.000000e+000
 2.420000e+002  3.541329e-002  0.000000e+000
 2.425000e+002  4.616728e-002  0.000000e+000
 2.430000e+002  9.274413e-002  0.000000e+000
 2.435000e+002  1.136390e-001  0.000000e+000
 2.440000e+002  8.872378e-003  0.000000e+000
 2.445000e+002  3.804214e-003  0.000000e+000
 2.450000e+002  3.174937e-002  0.000000e+000
 2.455000e+002  3.008115e-002  0.000000e+000
 2.460000e+002  4.918863e-002  0.000000e+000
 2.465000e+002  1.804324e-002  0.000000e+000
 2.470000e+002  6.217215e-002  0.000000e+000
 2.475000e+002  7.063299e-003  0.000000e+000
 2.480000e+002  7.957878e-002  0.000000e+000
 2.485000e+002  4.786690e-002  0.000000e+000
 2.490000e+002  2.140709e-002  0.000000e+000
 2.495000e+002  1.236302e-002  0.000000e+000
 2.500000e+002  1.148865e-001  0.000000e+000
 2.505000e+002  4.752436e-002  0.000000e+000
 2.510000e+002  2.146516e-002  0.000000e+000
 2.515000e+002  3.433046e-002  0.000000e+000
 2.520000e+002  2.098235e-002  0.000000e+000
 2.525000e+002  3.724186e-002  0.000000e+000
 2.530000e+002  6.985103e-002  0.000000e+000
 2.535000e+002  7.868191e-002  0.000000e+000
 2.540000e+002  7.361247e-002  0.000000e+000
 2.545000e+002  1.343929e-001  0.000000e+000
 2.550000e+002  3.155202e-004  0.000000e+000
 2.555000e+002  1.228697e-001  0.000000e+000
 2.560000e+002  6.952614e-003  0.000000e+000
 2.565000e+002  1.165079e-001  0.000000e+000
 2.570000e+002  6.872022e-002  0.000000e+000
 2.575000e+002  8.665634e-003  0.000000e+000
 2.580000e+002  4.799628e-002  0.000000e+000
 2.585000e+002  2.622808e-002  0.000000e+000
 2.590000e+002  8.251216e-002  0.000000e+000
 2.595000e+002  4.222338e-002  0.000000e+000
 2.600000e+002  1.719693e-001  0.000000e+000
 2.605000e+002  1.755272e-002  0.000000e+000
 2.610000e+002  1.547660e-001  0.000000e+000
 2.615000e+002  3.473247e-002  0.000000e+000
 2.620000e+002  4.972363e-002  0.000000e+000
 2.625000e+002  8.825538e-003  0.000000e+000
 2.630000e+002  1.156274e-002  0.000000e+000
 2.635000e+002  7.599264e-002  0.000000e+000
 2.640000e+002  2.086388e-002  0.000000e+000
 2.645000e+002  7.133389e-002  0.000000e+000
 2.650000e+002  1.003543e-001  0.000000e+000
 2.655000e+002  1.447986e-002  0.000000e+000
 2.660000e+002  6.923459e-003  0.000000e+000
 2.665000e+002  8.112650e-002  0.000000e+000
 2.670000e+002  1.812821e-002  0.000000e+000
 2.675000e+002  9.535790e-003  0.000000e+000
 2.680000e+002  9.551392e-002  0.000000e+000
 2.685000e+002  5.285905e-002  0.000000e+000
 2.690000e+002  8.385530e-002  0.000000e+000
 2.695000e+002  1.087317e-002  0.000000e+000
 2.700000e+002  1.751750e-002  0.000000e+000
 2.705000e+002  2.104043e-001  0.000000e+000
 2.710000e+002  1.079777e-001  0.000000e+000
 2.715000e+002  1.734186e-002  0.000000e+000
 2.720000e+002  2.461719e-002  0.000000e+000
 2.725000e+002  2.898734e-002  0.000000e+000
 2.730000e+002  4.414977e-002  0.000000e+000
 2.735000e+002  4.124474e-002  0.000000e+000
 2.740000e+002  1.044505e-002  0.000000e+000
 2.745000e+002  9.268707e-003  0.000000e+000
 2.750000e+002  9.556565e-003  0.000000e+000
 2.755000e+002  1.383661e-001  0.000000e+000
 2.760000e+002  8.719520e-002  0.000000e+000
 2.765000e+002  1.129286e-001  0.000000e+000
 2.770000e+002  2.378566e-002  0.000000e+000
 2.775000e+002  2.000564e-002  0.000000e+000
 2.780000e+002  3.159792e-002  0.000000e+000
 2.785000e+002  6.910324e-002  0.000000e+000
 2.790000e+002  1.019448e-001  0.000000e+000
 2.795000e+002  3.358509e-003  0.000000e+000
 2.800000e+002  1.258711e-002  0.000000e+000
 2.805000e+002  4.735433e-003  0.000000e+000
 2.810000e+002  1.387379e-002  0.000000e+000
 2.815000e+002  2.981913e-002  0.000000e+000
 2.820000e+002  1.119247e-001  0.000000e+000
 2.825000e+002  6.845774e-002  0.000000e+000
 2.830000e+002  6.104242e-002  0.000000e+000
 2.835000e+002  6.423768e-002  0.000000e+000
 2.840000e+002  3.982731e-002  0.000000e+000
 2.845000e+002  1.616971e-002  0.000000e+000
 2.850000e+002  2.409582e-002  0.000000e+000
 2.855000e+002  7.032429e-002  0.000000e+000
 2.860000e+002  5.376998e-004  0.000000e+000
 2.865000e+002  1.288565e-001  0.000000e+000
 2.870000e+002  2.296702e-001  0.000000e+000
 2.875000e+002  2.052930e-003  0.000000e+000
 2.880000e+002  4.401353e-002  0.000000e+000
 2.885000e+002  9.164785e-004  0.000000e+000
 2.890000e+002  4.816338e-002  0.000000e+000
 2.895000e+002  4.765363e-002  0.000000e+000
 2.900000e+002  2.934051e-002  0.000000e+000
 2.905000e+002  2.301392e-001  0.000000e+000
 2.910000e+002  4.960107e-002  0.000000e+000
 2.915000e+002  2.061772e-002  0.000000e+000
 2.920000e+002  1.316244e-002  0.000000e+000
 2.925000e+002  1.193151e-002  0.000000e+000
 2.930000e+002  5.838355e-002  0.000000e+000
 2.935000e+002  1.708369e-001  0.000000e+000
 2.940000e+002  6.800026e-002  0.000000e+000
 2.945000e+002  7.402129e-002  0.000000e+000
 2.950000e+002  2.624675e-005  0.000000e+000
 2.955000e+002  3.241640e-002  0.000000e+000
 2.960000e+002  3.650970e-002  0.000000e+000
 2.965000e+002  2.695081e-002  0.000000e+000
 2.970000e+002  2.201951e-001  0.000000e+000
 2.975000e+002  5.917474e-002  0.000000e+000
 2.980000e+002  2.478123e-002  0.000000e+000
 2.985000e+002  6.109585e-002  0.000000e+000
 2.990000e+002  8.359115e-002  0.000000e+000
 2.995000e+002  1.046685e-002  0.000000e+000
 3.000000e+002  1.802665e-002  0.000000e+000
 3.005000e+002  2.153567e-002  0.000000e+000
 3.010000e+002  5.318462e-002  0.000000e+000
 3.015000e+002  3.744923e-003  0.000000e+000
 3.020000e+002  1.693867e-004  0.000000e+000
 3.025000e+002  3.074924e-002  0.000000e+000
 3.030000e+002  8.663708e-003  0.000000e+000
 3.035000e+002  9.748051e-002  0.000000e+000
 3.040000e+002  9.402496e-002  0.000000e+000
 3.045000e+002  5.154002e-002  0.000000e+000
 3.050000e+002  1.503688e-001  0.000000e+000
 3.055000e+002  1.078421e-001  0.000000e+000
 3.060000e+002  6.167834e-002  0.000000e+000
 3.065000e+002  1.865518e-002  0.000000e+000
 3.070000e+002  2.508098e-001  0.000000e+000
 3.075000e+002  1.139214e-001  0.000000e+000
 3.080000e+002  8.058248e-002  0.000000e+000
 3.085000e+002  1.644173e-001  0.000000e+000
 3.090000e+002  2.168306e-002  0.000000e+000
 3.095000e+002  8.715157e-004  0.000000e+000
 3.100000e+002  1.355961e-002  0.000000e+000
 3.105000e+002  6.236295e-002  0.000000e+000
 3.110000e+002  2.371071e-001  0.000000e+000
 3.115000e+002  5.074850e-002  0.000000e+000
 3.120000e+002  8.856767e-002  0.000000e+000
 3.125000e+002  1.927159e-002  0.000000e+000
 3.130000e+002  2.975984e-002  0.000000e+000
 3.135000e+002  3.815467e-002  0.000000e+000
 3.140000e+002  1.353847e-002  0.000000e+000
 3.145000e+002  1.013955e-001  0.000000e+000
 3.150000e+002  6.209444e-002  0.000000e+000
 3.155000e+002  9.304521e-002  0.000000e+000
 3.160000e+002  6.063074e-002  0.000000e+000
 3.165000e+002  5.739571e-002  0.000000e+000
 3.170000e+002  3.902294e-002  0.000000e+000
 3.175000e+002  3.415056e-002  0.000000e+000
 3.180000e+002  3.322229e-002  0.000000e+000
 3.185000e+002  2.239088e-002  0.000000e+000
 3.190000e+002  4.004264e-002  0.000000e+000
 3.195000e+002  4.122306e-002  0.000000e+000
 3.200000e+002  2.720306e-002  0.000000e+000
 3.205000e+002  2.376396e-001  0.000000e+000
 3.210000e+002  5.573556e-002  0.000000e+000
 3.215000e+002  1.825201e-002  0.000000e+000
 3.220000e+002  2.405530e-003  0.000000e+000
 3.225000e+002  3.107081e-003  0.000000e+000
 3.230000e+002  4.311533e-002  0.000000e+000
 3.235000e+002  4.530986e-002  0.000000e+000
 3.240000e+002  1.682311e-001  0.000000e+000
 3.245000e+002  6.761637e-002  0.000000e+000
 3.250000e+002  2.025981e-001  0.000000e+000
 3.255000e+002  2.464561e-002  0.000000e+000
 3.260000e+002  9.532715e-003  0.000000e+000
 3.265000e+002  5.359218e-002  0.000000e+000
 3.270000e+002  4.330122e-003  0.000000e+000
 3.275000e+002  1.656658e-001  0.000000e+000
 3.280000e+002  2.731205e-003  0.000000e+000
 3.285000e+002  6.431201e-002  0.000000e+000
 3.290000e+002  2.001578e-001  0.000000e+000
 3.295000e+002  1.428198e-002  0.000000e+000
 3.300000e+002  5.638456e-004  0.000000e+000
 3.305000e+002  1.063382e-002  0.000000e+000
 3.310000e+002  7.101563e-002  0.000000e+000
 3.315000e+002  7.311992e-002  0.000000e+000
 3.320000e+002  8.830828e-005  0.000000e+000
 3.325000e+002  3.309908e-002  0.000000e+000
 3.330000e+002  4.231422e-002  0.000000e+000
 3.335000e+002  9.301369e-002  0.000000e+000
 3.340000e+002  1.476754e-002  0.000000e+000
 3.345000e+002  9.833941e-002  0.000000e+000
 3.350000e+002  4.126687e-002  0.000000e+000
 3.355000e+002  1.880471e-002  0.000000e+000
 3.360000e+002  1.175559e-001  0.000000e+000
 3.365000e+002  5.758568e-002  0.000000e+000
 3.370000e+002  2.966860e-002  0.000000e+000
 3.375000e+002  7.055768e-002  0.000000e+000
 3.380000e+002  3.075425e-002  0.000000e+000
 3.385000e+002  2.553353e-002  0.000000e+000
 3.390000e+002  1.853481e-002  0.000000e+000
 3.395000e+002  2.760540e-002  0.000000e+000
 3.400000e+002  1.367726e-001  0.000000e+000
 3.405000e+002  4.129199e-002  0.000000e+000
 3.410000e+002  1.843755e-001  0.000000e+000
 3.415000e+002  1.598137e-001  0.000000e+000
 3.420000e+002  7.914665e-002  0.000000e+000
 3.425000e+002  1.323350e-002  0.000000e+000
 3.430000e+002  7.803324e-002  0.000000e+000
 3.435000e+002  4.814550e-002  0.000000e+000
 3.440000e+002  1.026904e-001  0.000000e+000
 3.445000e+002  6.064401e-002  0.000000e+000
 3.450000e+002  8.714326e-003  0.000000e+000
 3.455000e+002  4.071618e-002  0.000000e+000
 3.460000e+002  6.855274e-003  0.000000e+000
 3.465000e+002  1.058291e-002  0.000000e+000
 3.470000e+002  5.296772e-002  0.000000e+000
 3.475000e+002  2.963327e-002  0.000000e+000
 3.480000e+002  2.385803e-003  0.000000e+000
 3.485000e+002  5.752688e-003  0.000000e+000
 3.490000e+002  1.298690e-002  0.000000e+000
 3.495000e+002  5.234500e-002  0.000000e+000
 3.500000e+002  3.335762e-002  0.000000e+000
 3.505000e+002  1.430812e-001  0.000000e+000
 3.510000e+002  7.938679e-002  0.000000e+000
 3.515000e+002  4.326037e-002  0.000000e+000
 3.520000e+002  4.534595e-002  0.000000e+000
 3.525000e+002  1.824869e-002  0.000000e+000
 3.530000e+002  3.107484e-002  0.000000e+000
 3.535000e+002  8.350817e-003  0.000000e+000
 3.540000e+002  4.712204e-002  0.000000e+000
 3.545000e+002  1.496190e-002  0.000000e+000
 3.550000e+002  3.688372e-002  0.000000e+000
 3.555000e+002  4.326363e-002  0.000000e+000
 3.560000e+002  7.404700e-004  0.000000e+000
 3.565000e+002  4.292102e-002  0.000000e+000
 3.570000e+002  6.644532e-002  0.000000e+000
 3.575000e+002  7.468555e-002  0.000000e+000
 3.580000e+002  2.456295e-002  0.000000e+000
 3.585000e+002  3.806825e-002  0.000000e+000
 3.590000e+002  5.992075e-002  0.000000e+000
 3.595000e+002  9.620811e-002  0.000000e+000
 3.600000e+002  3.976006e-002  0.000000e+000
 3.605000e+002  9.681294e-002  0.000000e+000
 3.610000e+002  2.015780e-003  0.000000e+000
 3.615000e+002  9.998948e-003  0.000000e+000
 3.620000e+002  3.038374e-002  0.000000e+000
 3.625000e+002  5.400439e-003  0.000000e+000
 3.630000e+002  1.962759e-002  0.000000e+000
 3.635000e+002  3.366295e-002  0.000000e+000
 3.640000e+002  1.942760e-003  0.000000e+000
 3.645000e+002  6.109066e-002  0.000000e+000
 3.650000e+002  1.615454e-001  0.000000e+000
 3.655000e+002  1.263985e-001  0.000000e+000
 3.660000e+002  7.595077e-002  0.000000e+000
 3.665000e+002  2.621535e-003  0.000000e+000
 3.670000e+002  1.734289e-002  0.000000e+000
 3.675000e+002  7.046916e-002  0.000000e+000
 3.680000e+002  3.745274e-002  0.000000e+000
 3.685000e+002  2.144252e-002  0.000000e+000
 3.690000e+002  8.470473e-002  0.000000e+000
 3.695000e+002  1.438717e-003  0.000000e+000
 3.700000e+002  1.754485e-002  0.000000e+000
 3.705000e+002  4.445728e-002  0.000000e+000
 3.710000e+002  2.675123e-002  0.000000e+000
 3.715000e+002  1.143256e-001  0.000000e+000
 3.720000e+002  7.492818e-002  0.000000e+000
 3.725000e+002  1.179197e-001  0.000000e+000
 3.730000e+002  8.883675e-002  0.000000e+000
 3.735000e+002  1.820647e-002  0.000000e+000
 3.740000e+002  6.756472e-002  0.000000e+000
 3.745000e+002  1.078866e-001  0.000000e+000
 3.750000e+002  1.007911e-001  0.000000e+000
 3.755000e+002  6.783224e-002  0.000000e+000
 3.760000e+002  5.802827e-002  0.000000e+000
 3.765000e+002  7.754529e-002  0.000000e+000
 3.770000e+002  2.692804e-002  0.000000e+000
 3.775000e+002  2.019087e-003  0.000000e+000
 3.780000e+002  4.310028e-002  0.000000e+000
 3.785000e+002  4.325947e-002  0.000000e+000
 3.790000e+002  1.937493e-002  0.000000e+000
 3.795000e+002  1.601866e-002  0.000000e+000
 3.800000e+002  1.745560e-002  0.000000e+000
 3.805000e+002  5.553628e-003  0.000000e+000
 3.810000e+002  8.420260e-002  0.000000e+000
 3.815000e+002  3.169132e-002  0.000000e+000
 3.820000e+002  5.497259e-002  0.000000e+000
 3.825000e+002  7.188804e-003  0.000000e+000
 3.830000e+002  1.853153e-002  0.000000e+000
 3.835000e+002  7.525211e-003  0.000000e+000
 3.840000e+002  1.370271e-001  0.000000e+000
 3.845000e+002  5.882720e-002  0.000000e+000
 3.850000e+002  1.265725e-001  0.000000e+000
 3.855000e+002  4.805005e-003  0.000000e+000
 3.860000e+002  2.534864e-002  0.000000e+000
 3.865000e+002  1.647971e-002  0.000000e+000
 3.870000e+002  1.136013e-001  0.000000e+000
 3.875000e+002  9.326592e-002  0.000000e+000
 3.880000e+002  4.067020e-002  0.000000e+000
 3.885000e+002  3.484254e-002  0.000000e+000
 3.890000e+002  2.679019e-002  0.000000e+000
 3.895000e+002  1.089323e-002  0.000000e+000
 3.900000e+002  5.568701e-002  0.000000e+000
 3.905000e+002  4.992635e-003  0.000000e+000
 3.910000e+002  4.635540e-002  0.000000e+000
 3.915000e+002  4.299090e-002  0.000000e+000
 3.920000e+002  7.987148e-002  0.000000e+000
 3.925000e+002  3.628271e-002  0.000000e+000
 3.930000e+002  1.039701e-001  0.000000e+000
 3.935000e+002  1.417428e-001  0.000000e+000
 3.940000e+002  8.591072e-003  0.000000e+000
 3.945000e+002  8.031220e-003  0.000000e+000
 3.950000e+002  1.284029e-002  0.000000e+000
 3.955000e+002  8.114046e-002  0.000000e+000
 3.960000e+002  2.704505e-003  0.000000e+000
 3.965000e+002  2.488137e-002  0.000000e+000
 3.970000e+002  5.974030e-002  0.000000e+000
 3.975000e+002  7.615908e-003  0.000000e+000
 3.980000e+002  6.864458e-002  0.000000e+000
 3.985000e+002  1.266987e-001  0.000000e+000
 3.990000e+002  1.809946e-001  0.000000e+000
 3.995000e+002  1.114520e-002  0.000000e+000
 4.000000e+002  1.385965e-001  0.000000e+000
 4.005000e+002  3.590511e-004  0.000000e+000
 4.010000e+002  4.248341e-003  0.000000e+000
 4.015000e+002  8.011934e-002  0.000000e+000
 4.020000e+002  2.603802e-003  0.000000e+000
 4.025000e+002  4.266017e-002  0.000000e+000
 4.030000e+002  8.144867e-002  0.000000e+000
 4.035000e+002  3.404767e-002  0.000000e+000
 4.040000e+002  1.268188e-001  0.000000e+000
 4.045000e+002  1.781562e-001  0.000000e+000
 4.050000e+002  2.076001e-001  0.000000e+000
 4.055000e+002  5.827782e-002  0.000000e+000
 4.060000e+002  1.897999e-002  0.000000e+000
 4.065000e+002  1.220495e-001  0.000000e+000
 4.070000e+002  1.394007e-002  0.000000e+000
 4.075000e+002  4.354164e-002  0.000000e+000
 4.080000e+002  1.035846e-001  0.000000e+000
 4.085000e+002  1.045579e-001  0.000000e+000
 4.090000e+002  1.542578e-001  0.000000e+000
 4.095000e+002  1.175671e-001  0.000000e+000
 4.100000e+002  4.171495e-002  0.000000e+000
 4.105000e+002  4.204714e-002  0.000000e+000
 4.110000e+002  4.657068e-002  0.000000e+000
 4.115000e+002  8.768804e-002  0.000000e+000
 4.120000e+002  2.120585e-002  0.000000e+000
 4.125000e+002  1.439528e-001  0.000000e+000
 4.130000e+002  1.800069e-001  0.000000e+000
 4.135000e+002  3.220202e-003  0.000000e+000
 4.140000e+002  2.568654e-002  0.000000e+000
 4.145000e+002  3.912345e-002  0.000000e+000
 4.150000e+002  1.606561e-002  0.000000e+000
 4.155000e+002  5.679050e-002  0.000000e+000
 4.160000e+002  1.145788e-001  0.000000e+000
 4.165000e+002  2.617875e-002  0.000000e+000
 4.170000e+002  1.225911e-002  0.000000e+000
 4.175000e+002  2.125069e-002  0.000000e+000
 4.180000e+002  1.357826e-001  0.000000e+000
 4.185000e+002  1.916771e-001  0.000000e+000
 4.190000e+002  9.470393e-002  0.000000e+000
 4.195000e+002  8.742074e-003  0.000000e+000
 4.200000e+002  1.123939e-001  0.000000e+000
 4.205000e+002  1.211041e-001  0.000000e+000
 4.210000e+002  1.559892e-001  0.000000e+000
 4.215000e+002  4.768486e-002  0.000000e+000
 4.220000e+002  3.843656e-002  0.000000e+000
 4.225000e+002  1.737466e-001  0.000000e+000
 4.230000e+002  1.606453e-001  0.000000e+000
 4.235000e+002  2.270136e-001  0.000000e+000
 4.240000e+002  7.288495e-002  0.000000e+000
 4.245000e+002  2.549346e-002  0.000000e+000
 4.250000e+002  7.953665e-003  0.000000e+000
 4.255000e+002  3.576547e-003  0.000000e+000
 4.260000e+002  3.660906e-002  0.000000e+000
 4.265000e+002  3.266860e-002  0.000000e+000
 4.270000e+002  9.928062e-002  0.000000e+000
 4.275000e+002  7.514398e-002  0.000000e+000
 4.280000e+002  1.552830e-003  0.000000e+000
 4.285000e+002  1.938304e-002  0.000000e+000
 4.290000e+002  1.313320e-002  0.000000e+000
 4.295000e+002  7.535796e-002  0.000000e+000
 4.300000e+002  4.358453e-003  0.000000e+000
 4.305000e+002  6.033022e-002  0.000000e+000
 4.310000e+002  3.092530e-002  0.000000e+000
 4.315000e+002  1.382540e-002  0.000000e+000
 4.320000e+002  5.075823e-002  0.000000e+000
 4.325000e+002  4.132627e-002  0.000000e+000
 4.330000e+002  3.111924e-002  0.000000e+000
 4.335000e+002  5.835530e-002  0.000000e+000
 4.340000e+002  1.648519e-001  0.000000e+000
 4.345000e+002  1.707788e-001  0.000000e+000
 4.350000e+002  7.343271e-002  0.000000e+000
 4.355000e+002  9.648927e-002  0.000000e+000
 4.360000e+002  6.141574e-002  0.000000e+000
 4.365000e+002  3.504072e-002  0.000000e+000
 4.370000e+002  1.212905e-001  0.000000e+000
 4.375000e+002  9.607975e-002  0.000000e+000
 4.380000e+002  3.744214e-002  0.000000e+000
 4.385000e+002  3.699162e-002  0.000000e+000
 4.390000e+002  9.352709e-002  0.000000e+000
 4.395000e+002  2.243180e-003  0.000000e+000
 4.400000e+002  4.185599e-002  0.000000e+000
 4.405000e+002  1.574247e-001  0.000000e+000
 4.410000e+002  3.853813e-003  0.000000e+000
 4.415000e+002  9.484578e-002  0.000000e+000
 4.420000e+002  5.219901e-002  0.000000e+000
 4.425000e+002  3.391977e-002  0.000000e+000
 4.430000e+002  2.199724e-002  0.000000e+000
 4.435000e+002  1.874391e-001  0.000000e+000
 4.440000e+002  5.904569e-002  0.000000e+000
 4.445000e+002  2.792909e-002  0.000000e+000
 4.450000e+002  2.886241e-003  0.000000e+000
 4.455000e+002  4.324888e-002  0.000000e+000
 4.460000e+002  1.095571e-002  0.000000e+000
 4.465000e+002  3.338421e-002  0.000000e+000
 4.470000e+002  1.092863e-001  0.000000e+000
 4.475000e+002  5.631253e-003  0.000000e+000
 4.480000e+002  1.082400e-001  0.000000e+000
 4.485000e+002  1.139530e-001  0.000000e+000
 4.490000e+002  2.135744e-001  0.000000e+000
 4.495000e+002  1.143130e-002  0.000000e+000
 4.500000e+002  5.712513e-002  0.000000e+000
 4.505000e+002  2.061634e-002  0.000000e+000
 4.510000e+002  5.230509e-003  0.000000e+000
 4.515000e+002  3.166313e-002  0.000000e+000
 4.520000e+002  2.376752e-002  0.000000e+000
 4.525000e+002  4.585751e-004  0.000000e+000
 4.530000e+002  3.424002e-002  0.000000e+000
 4.535000e+002  3.002924e-002  0.000000e+000
 4.540000e+002  2.117750e-002  0.000000e+000
 4.545000e+002  3.088844e-002  0.000000e+000
 4.550000e+002  3.414831e-002  0.000000e+000
 4.555000e+002  1.381171e-001  0.000000e+000
 4.560000e+002  8.010632e-002  0.000000e+000
 4.565000e+002  3.689631e-002  0.000000e+000
 4.570000e+002  6.263087e-002  0.000000e+000
 4.575000e+002  1.748123e-001  0.000000e+000
 4.580000e+002  2.045454e-001  0.000000e+000
 4.585000e+002  1.145447e-001  0.000000e+000
 4.590000e+002  2.574173e-002  0.000000e+000
 4.595000e+002  5.755962e-002  0.000000e+000
 4.600000e+002  5.883549e-002  0.000000e+000
 4.605000e+002  7.222488e-002  0.000000e+000
 4.610000e+002  1.323624e-002  0.000000e+000
 4.615000e+002  6.864788e-002  0.000000e+000
 4.620000e+002  3.282035e-002  0.000000e+000
 4.625000e+002  6.125920e-002  0.000000e+000
 4.630000e+002  1.632469e-002  0.000000e+000
 4.635000e+002  4.415988e-002  0.000000e+000
 4.640000e+002  5.542681e-003  0.000000e+000
 4.645000e+002  6.247427e-003  0.000000e+000
 4.650000e+002  5.894313e-002  0.000000e+000
 4.655000e+002  7.463480e-004  0.000000e+000
 4.660000e+002  6.265745e-002  0.000000e+000
 4.665000e+002  1.162355e-001  0.000000e+000
 4.670000e+002  1.775172e-002  0.000000e+000
 4.675000e+002  1.699027e-002  0.000000e+000
 4.680000e+002  3.087917e-002  0.000000e+000
 4.685000e+002  1.154291e-001  0.000000e+000
 4.690000e+002  1.777537e-002  0.000000e+000
 4.695000e+002  8.687033e-003  0.000000e+000
 4.700000e+002  5.609095e-002  0.000000e+000
 4.705000e+002  2.841368e-002  0.000000e+000
 4.710000e+002  1.024006e-001  0.000000e+000
 4.715000e+002  9.772484e-002  0.000000e+000
 4.720000e+002  1.180773e-001  0.000000e+000
 4.725000e+002  4.135013e-002  0.000000e+000
 4.730000e+002  9.376492e-002  0.000000e+000
 4.735000e+002  4.451320e-002  0.000000e+000
 4.740000e+002  7.142235e-002  0.000000e+000
 4.745000e+002  7.565066e-002  0.000000e+000
 4.750000e+002  9.063865e-003  0.000000e+000
 4.755000e+002  1.143252e-001  0.000000e+000
 4.760000e+002  5.686748e-002  0.000000e+000
 4.765000e+002  1.223388e-001  0.000000e+000
 4.770000e+002  1.273756e-001  0.000000e+000
 4.775000e+002  9.594472e-002  0.000000e+000
 4.780000e+002  1.096164e-001  0.000000e+000
 4.785000e+002  4.498389e-002  0.000000e+000
 4.790000e+002  9.351774e-002  0.000000e+000
 4.795000e+002  2.005043e-002  0.000000e+000
 4.800000e+002  1.065850e-001  0.000000e+000
 4.805000e+002  3.030643e-002  0.000000e+000
 4.810000e+002  5.618377e-002  0.000000e+000
 4.815000e+002  8.794858e-002  0.000000e+000
 4.820000e+002  3.258973e-002  0.000000e+000
 4.825000e+002  2.455796e-003  0.000000e+000
 4.830000e+002  1.291257e-001  0.000000e+000
 4.835000e+002  8.138469e-003  0.000000e+000
 4.840000e+002  1.551297e-001  0.000000e+000
 4.845000e+002  8.264992e-004  0.000000e+000
 4.850000e+002  9.614421e-002  0.000000e+000
 4.855000e+002  6.462235e-002  0.000000e+000
 4.860000e+002  3.600661e-002  0.000000e+000
 4.865000e+002  3.253229e-002  0.000000e+000
 4.870000e+002  6.753266e-003  0.000000e+000
 4.875000e+002  6.321527e-002  0.000000e+000
 4.880000e+002  1.523952e-002  0.000000e+000
 4.885000e+002  4.589954e-002  0.000000e+000
 4.890000e+002  7.130571e-002  0.000000e+000
 4.895000e+002  5.006197e-002  0.000000e+000
 4.900000e+002  1.874523e-002  0.000000e+000
 4.905000e+002  2.007096e-002  0.000000e+000
 4.910000e+002  9.752739e-002  0.000000e+000
 4.915000e+002  8.244005e-002  0.000000e+000
 4.920000e+002  1.172893e-001  0.000000e+000
 4.925000e+002  8.485055e-003  0.000000e+000
 4.930000e+002  1.614220e-001  0.000000e+000
 4.935000e+002  6.125726e-002  0.000000e+000
 4.940000e+002  7.188343e-002  0.000000e+000
 4.945000e+002  8.743910e-002  0.000000e+000
 4.950000e+002  5.548468e-002  0.000000e+000
 4.955000e+002  1.850779e-002  0.000000e+000
 4.960000e+002  9.343976e-002  0.000000e+000
 4.965000e+002  1.093275e-001  0.000000e+000
 4.970000e+002  7.484213e-002  0.000000e+000
 4.975000e+002  1.127411e-001  0.000000e+000
 4.980000e+002  4.227743e-003  0.000000e+000
 4.985000e+002  1.517389e-001  0.000000e+000
 4.990000e+002  2.769309e-003  0.000000e+000
 4.995000e+002  7.313723e-002  0.000000e+000
 5.000000e+002  6.923740e-002  0.000000e+000
 5.005000e+002  6.026379e-002  0.000000e+000
 5.010000e+002  8.192163e-003  0.000000e+000
 5.015000e+002  6.701935e-002  0.000000e+000
 5.020000e+002  6.782324e-003  0.000000e+000
 5.025000e+002  5.329409e-002  0.000000e+000
 5.030000e+002  1.508569e-001  0.000000e+000
 5.035000e+002  3.275551e-002  0.000000e+000
 5.040000e+002  3.275454e-002  0.000000e+000
 5.045000e+002  8.821445e-003  0.000000e+000
 5.050000e+002  2.015856e-002  0.000000e+000
 5.055000e+002  6.214087e-002  0.000000e+000
 5.060000e+002  4.937878e-003  0.000000e+000
 5.065000e+002  3.588551e-002  0.000000e+000
 5.070000e+002  1.460982e-001  0.000000e+000
 5.075000e+002  4.606206e-002  0.000000e+000
 5.080000e+002  5.261471e-002  0.000000e+000
 5.085000e+002  1.411875e-002  0.000000e+000
 5.090000e+002  6.582855e-003  0.000000e+000
 5.095000e+002  1.521790e-002  0.000000e+000
 5.100000e+002  7.417714e-002  0.000000e+000
 5.105000e+002  2.039080e-001  0.000000e+000
 5.110000e+002  6.152517e-002  0.000000e+000
 5.115000e+002  4.857648e-002  0.000000e+000
 5.120000e+002  1.636768e-001  0.000000e+000
