 0.000000e+000  8.222416e-007  0.000000e+000
 5.000000e-001 -1.020215e-006 -1.056011e-006
 1.000000e+000 -1.178489e-006 -5.671882e-007
 1.500000e+000 -1.506152e-006 -6.034982e-007
 2.000000e+000 -1.911362e-006 -9.040365e-007
 2.500000e+000 -1.297045e-006  3.240843e-007
 3.000000e+000 -1.955425e-006 -1.604182e-007
 3.500000e+000 -1.424543e-006 -1.904610e-007
 4.000000e+000 -2.062120e-006 -5.523459e-007
 4.500000e+000 -1.317477e-006  5.679893e-007
 5.000000e+000 -1.922514e-006 -7.008750e-007
 5.500000e+000 -1.528419e-006 -2.402122e-007
 6.000000e+000 -2.114406e-006 -1.219564e-007
 6.500000e+000 -1.451314e-006 -4.548045e-007
 7.000000e+000 -1.935192e-006  3.161121e-007
 7.500000e+000 -1.814988e-006 -2.753785e-007
 8.000000e+000 -2.313203e-006 -3.175646e-007
 8.500000e+000 -2.123869e-006  6.943709e-008
 9.000000e+000 -2.522386e-006 -1.072920e-006
 9.500000e+000 -2.549196e-006 -4.172262e-007
 1.000000e+001 -2.403518e-006 -2.196537e-007
 1.050000e+001 -2.053850e-006 -5.821048e-007
 1.100000e+001 -2.731149e-006 -6.544601e-007
 1.150000e+001 -3.054378e-006  3.334421e-008
 1.200000e+001 -2.650240e-006 -3.995313e-007
 1.250000e+001 -3.134615e-006  1.248857e-007
 1.300000e+001 -2.988117e-006  8.854485e-007
 1.350000e+001 -2.205821e-006 -9.203495e-007
 1.400000e+001 -3.142552e-006  9.279066e-009
 1.450000e+001 -3.362462e-006 -7.495321e-007
 1.500000e+001 -3.528188e-006 -9.034739e-007
 1.550000e+001 -3.162407e-006 -2.030681e-007
 1.600000e+001 -3.288868e-006 -6.598139e-007
 1.650000e+001 -3.748369e-006 -1.684194e-006
 1.700000e+001 -4.231814e-006 -6.661902e-007
 1.750000e+001 -4.259044e-006 -8.508659e-007
 1.800000e+001 -4.912021e-006 -4.406793e-007
 1.850000e+001 -6.059631e-006 -2.777308e-007
 1.900000e+001 -6.412111e-006 -1.794077e-006
 1.950000e+001 -7.559134e-006 -9.947537e-007
 2.000000e+001 -9.372427e-006 -1.066602e-006
 2.050000e+001 -1.208424e-005 -1.638478e-006
 2.100000e+001 -1.673392e-005 -1.642464e-006
 2.150000e+001 -2.981927e-005 -2.741819e-006
 2.200000e+001 -3.351493e-005  1.567939e-005
 2.250000e+001  5.759144e-005  2.660988e-005
 2.300000e+001  2.256463e-005  6.788997e-006
 2.350000e+001  1.213352e-005  3.677023e-006
 2.400000e+001  1.017478e-005  1.948327e-006
 2.450000e+001  7.577579e-006  1.411115e-006
 2.500000e+001  5.490112e-006  1.491529e-006
 2.550000e+001  5.183521e-006  6.162147e-007
 2.600000e+001  3.878120e-006  2.226574e-006
 2.650000e+001  3.925047e-006  1.475551e-006
 2.700000e+001  3.545741e-006  4.759523e-007
 2.750000e+001  3.468098e-006 -4.035032e-007
 2.800000e+001  2.560895e-005  6.851389e-007
 2.850000e+001  2.740398e-006  3.718128e-007
 2.900000e+001  1.992375e-006  5.944927e-007
 2.950000e+001  1.847122e-006 -8.983975e-007
 3.000000e+001  2.035483e-006  2.304629e-007
 3.050000e+001  1.195878e-006  6.390407e-007
 3.100000e+001  1.866145e-006  1.420374e-006
 3.150000e+001  1.131444e-006  6.413693e-007
 3.200000e+001  1.212314e-006 -3.966979e-007
 3.250000e+001  1.525242e-006  2.810454e-007
 3.300000e+001  5.876982e-007  1.343398e-006
 3.350000e+001  1.152390e-006  1.124232e-006
 3.400000e+001  4.760529e-007  4.850927e-007
 3.450000e+001  5.148755e-007 -1.546426e-008
 3.500000e+001  8.493891e-007  2.640972e-008
 3.550000e+001  3.211784e-007 -6.436356e-007
 3.600000e+001  8.129753e-007 -6.605076e-007
 3.650000e+001  7.931478e-008  7.312432e-007
 3.700000e+001  1.327998e-006  6.592635e-007
 3.750000e+001  4.980719e-007  8.275247e-007
 3.800000e+001  1.072816e-006  6.729126e-007
 3.850000e+001  1.031646e-006  7.435524e-007
 3.900000e+001 -2.051737e-007  5.293873e-007
 3.950000e+001  1.842195e-007  1.180601e-007
 4.000000e+001  7.068044e-007  3.703464e-007
 4.050000e+001  2.706832e-007  1.749938e-007
 4.100000e+001 -4.610932e-008  1.867901e-007
 4.150000e+001  3.020641e-007  1.525209e-007
 4.200000e+001 -1.242448e-008 -3.105013e-007
 4.250000e+001  5.204848e-007  7.976343e-007
 4.300000e+001  7.577476e-007  3.638286e-007
 4.350000e+001  9.027092e-007  6.680699e-007
 4.400000e+001  7.505906e-007  9.465166e-008
 4.450000e+001  2.957768e-007 -1.276944e-007
 4.500000e+001  2.755995e-007 -3.962558e-007
 4.550000e+001  5.328678e-008  8.936941e-007
 4.600000e+001  1.751099e-007  1.364180e-007
 4.650000e+001 -6.452618e-007  1.020068e-006
 4.700000e+001  2.561139e-007  3.227655e-007
 4.750000e+001  6.410435e-007 -6.161751e-007
 4.800000e+001  9.082874e-008  4.794006e-007
 4.850000e+001  7.205764e-007 -1.933416e-007
 4.900000e+001  3.172468e-007 -1.291339e-007
 4.950000e+001  6.167609e-007  2.895120e-007
 5.000000e+001 -2.608618e-007  5.807578e-007
 5.050000e+001 -4.544544e-008  1.549006e-007
 5.100000e+001 -2.223899e-007 -2.013330e-007
 5.150000e+001 -8.931044e-007  6.115426e-007
 5.200000e+001 -3.339068e-007 -4.398346e-007
 5.250000e+001  1.508346e-007  7.222584e-007
 5.300000e+001  9.217625e-008  1.046599e-006
 5.350000e+001  7.450306e-008  8.317780e-007
 5.400000e+001 -1.309923e-007  7.848625e-007
 5.450000e+001  8.316462e-007  2.872271e-007
 5.500000e+001 -6.371423e-007 -5.430642e-007
 5.550000e+001 -3.900285e-008  6.284208e-007
 5.600000e+001  5.876028e-008 -3.745204e-006
 5.650000e+001 -3.755977e-007  9.579143e-007
 5.700000e+001  2.319098e-007  1.984035e-007
 5.750000e+001  2.938783e-007 -4.236691e-007
 5.800000e+001  3.766633e-007  8.024834e-007
 5.850000e+001  4.078910e-007 -2.388036e-007
 5.900000e+001 -1.344325e-009  1.626770e-007
 5.950000e+001  9.278756e-007 -8.906956e-007
 6.000000e+001  3.510701e-007  1.348733e-006
 6.050000e+001  2.666949e-007  6.601139e-007
 6.100000e+001 -4.632285e-007  1.264184e-007
 6.150000e+001 -4.389584e-007 -2.945383e-007
 6.200000e+001  3.506904e-007  3.395919e-008
 6.250000e+001 -7.549054e-007 -1.076736e-006
 6.300000e+001 -1.507690e-007 -2.611465e-008
 6.350000e+001 -5.846614e-007 -2.897575e-007
 6.400000e+001  7.318060e-007 -4.847325e-007
 6.450000e+001  9.855000e-007  1.077923e-007
 6.500000e+001  4.386918e-007  5.830404e-007
 6.550000e+001 -5.278464e-008  9.939623e-007
 6.600000e+001 -7.079618e-007 -1.248761e-007
 6.650000e+001 -8.136315e-008  3.247392e-008
 6.700000e+001  2.689357e-007 -6.252759e-007
 6.750000e+001 -9.381845e-007 -1.219442e-008
 6.800000e+001  9.197498e-008  4.804749e-007
 6.850000e+001 -2.674976e-007  3.365752e-007
 6.900000e+001  6.156190e-007 -2.316660e-007
 6.950000e+001 -2.910327e-007  6.649254e-007
 7.000000e+001 -1.886591e-008  2.987079e-007
 7.050000e+001 -6.902661e-007  7.344053e-007
 7.100000e+001 -5.167100e-007 -4.273940e-007
 7.150000e+001 -7.128621e-007  8.120956e-007
 7.200000e+001 -9.483379e-007 -1.637873e-007
 7.250000e+001 -1.532923e-007  4.609389e-007
 7.300000e+001 -8.226243e-007  4.093021e-007
 7.350000e+001 -1.392197e-006  8.173957e-008
 7.400000e+001 -6.169015e-007  3.774847e-007
 7.450000e+001 -2.260125e-006  3.036409e-007
 7.500000e+001 -1.564422e-006 -7.107420e-007
 7.550000e+001 -1.113499e-006 -3.254069e-008
 7.600000e+001 -2.091355e-006  1.445954e-007
 7.650000e+001 -1.628625e-006  1.715420e-006
 7.700000e+001 -3.136032e-006  7.832963e-007
 7.750000e+001 -2.762084e-006  8.141742e-007
 7.800000e+001 -5.082225e-006  3.262471e-006
 7.850000e+001 -8.313079e-006  4.528772e-006
 7.900000e+001  5.367771e-008  1.277576e-005
 7.950000e+001  5.862019e-006  5.875842e-006
 8.000000e+001  4.648239e-006  2.538491e-006
 8.050000e+001  3.155612e-006  1.811009e-006
 8.100000e+001  3.428932e-006  1.339269e-006
 8.150000e+001  2.850331e-006  1.030359e-006
 8.200000e+001  2.067616e-006  7.614445e-007
 8.250000e+001  1.882541e-006  1.058180e-006
 8.300000e+001  1.028944e-006  1.445736e-006
 8.350000e+001  2.501728e-006  1.280800e-006
 8.400000e+001  5.261321e-006  6.116621e-006
 8.450000e+001 -5.519703e-006 -8.397097e-006
 8.500000e+001  1.103689e-007 -1.595466e-006
 8.550000e+001 -5.076136e-007 -1.162779e-006
 8.600000e+001  1.333597e-007 -1.038816e-006
 8.650000e+001  1.508273e-006  3.132894e-007
 8.700000e+001  9.481391e-007 -2.694805e-007
 8.750000e+001  8.326086e-007 -3.306452e-008
 8.800000e+001  6.271144e-007  1.191455e-007
 8.850000e+001  5.226213e-007  9.440402e-008
 8.900000e+001  3.565272e-008  5.151815e-008
 8.950000e+001  6.694956e-008  2.068887e-007
 9.000000e+001  6.267353e-007  9.620620e-007
 9.050000e+001  3.175482e-007 -2.283779e-007
 9.100000e+001 -1.698721e-007 -5.618249e-008
 9.150000e+001 -5.996735e-007 -4.622281e-007
 9.200000e+001  1.128088e-006 -8.124788e-008
 9.250000e+001  6.076671e-007  3.645845e-007
 9.300000e+001  4.858384e-007 -5.438158e-007
 9.350000e+001  1.324474e-007  7.613581e-008
 9.400000e+001 -2.830005e-007 -5.474362e-007
 9.450000e+001  3.691715e-007  8.078513e-008
 9.500000e+001  1.658737e-007 -1.530987e-007
 9.550000e+001  1.991191e-007 -2.064529e-007
 9.600000e+001  2.229637e-007  2.043434e-007
 9.650000e+001 -1.102351e-007 -1.846131e-007
 9.700000e+001  2.492757e-007  3.805479e-008
 9.750000e+001  4.702652e-007  2.320869e-007
 9.800000e+001  5.556146e-007 -8.492057e-007
 9.850000e+001  4.244577e-007 -3.280100e-007
 9.900000e+001  4.403951e-007  2.717703e-007
 9.950000e+001  2.854599e-007  3.483316e-008
 1.000000e+002  8.443942e-007 -2.165065e-007
 1.005000e+002 -2.936062e-008 -1.638002e-008
 1.010000e+002  4.028883e-008  2.115808e-008
 1.015000e+002  1.681992e-007 -3.602789e-007
 1.020000e+002  1.099219e-006 -5.101888e-007
 1.025000e+002  1.806232e-007  4.991018e-008
 1.030000e+002 -6.944350e-007 -5.811653e-007
 1.035000e+002  6.831776e-007  7.215516e-008
 1.040000e+002  5.790576e-007  3.578162e-007
 1.045000e+002  2.692096e-007 -6.615354e-007
 1.050000e+002 -2.289970e-007  6.556970e-007
 1.055000e+002  1.366446e-007 -5.234319e-007
 1.060000e+002  2.243377e-007 -4.041108e-007
 1.065000e+002  6.006173e-007 -8.342576e-007
 1.070000e+002 -9.252369e-008  1.525785e-007
 1.075000e+002  7.306866e-008 -3.230527e-008
 1.080000e+002 -5.601505e-008  2.272949e-007
 1.085000e+002  1.581884e-007 -1.842043e-007
 1.090000e+002  4.984893e-007 -1.801104e-007
 1.095000e+002 -1.848406e-007 -3.228057e-007
 1.100000e+002 -3.176121e-008  2.604109e-007
 1.105000e+002  4.507866e-007 -8.055562e-007
 1.110000e+002  6.435034e-007  7.207199e-007
 1.115000e+002  4.686109e-007  2.211240e-007
 1.120000e+002  8.728592e-007 -2.760789e-007
 1.125000e+002 -1.022088e-006  7.794103e-007
 1.130000e+002 -7.987570e-008 -1.045433e-007
 1.135000e+002  5.944831e-008 -2.760078e-007
 1.140000e+002  1.376415e-007 -5.500182e-007
 1.145000e+002 -2.677029e-007  1.175988e-007
 1.150000e+002 -2.541376e-007 -5.975982e-008
 1.155000e+002 -1.762183e-008 -2.166055e-007
 1.160000e+002  1.449603e-007  3.246637e-007
 1.165000e+002  2.063371e-007  7.815479e-007
 1.170000e+002  1.438576e-007 -5.704653e-008
 1.175000e+002  1.100868e-006 -2.191675e-007
 1.180000e+002 -2.486115e-007 -2.934233e-007
 1.185000e+002 -3.694834e-007  4.071463e-008
 1.190000e+002 -3.811493e-008 -1.437272e-007
 1.195000e+002 -3.902834e-007  1.154952e-007
 1.200000e+002  5.397140e-007  2.714297e-007
 1.205000e+002 -1.748843e-007 -2.648287e-007
 1.210000e+002  1.048221e-007  3.747686e-007
 1.215000e+002  3.973864e-008 -1.124003e-007
 1.220000e+002 -2.283377e-007  2.692120e-008
 1.225000e+002 -6.830935e-008  2.175639e-007
 1.230000e+002 -1.029878e-007  4.588957e-008
 1.235000e+002  3.286997e-007  1.862377e-007
 1.240000e+002 -1.143722e-007  3.211283e-008
 1.245000e+002 -1.091517e-007 -3.399139e-007
 1.250000e+002  2.338636e-007  3.964867e-007
 1.255000e+002 -4.705714e-008 -2.395734e-007
 1.260000e+002  1.002731e-007 -2.775910e-007
 1.265000e+002  2.700977e-007 -7.166358e-008
 1.270000e+002  5.439718e-007  4.515478e-007
 1.275000e+002  3.993870e-007 -1.523751e-007
 1.280000e+002 -4.734013e-007 -2.283179e-007
 1.285000e+002 -2.131402e-007 -4.851508e-007
 1.290000e+002 -6.777895e-007  1.266813e-007
 1.295000e+002 -1.522279e-007  5.189796e-007
 1.300000e+002 -1.785110e-007  1.648881e-007
 1.305000e+002 -3.010669e-008 -7.345711e-008
 1.310000e+002 -2.133499e-007  6.052854e-007
 1.315000e+002  1.052351e-007 -6.718629e-007
 1.320000e+002 -1.148005e-007  4.428239e-007
 1.325000e+002  9.018805e-007 -9.656545e-008
 1.330000e+002 -2.038026e-008  6.057654e-007
 1.335000e+002 -5.730656e-007 -1.640632e-007
 1.340000e+002 -1.839197e-007  7.801195e-007
 1.345000e+002 -1.134748e-006  3.039546e-007
 1.350000e+002  1.592534e-007  1.040546e-007
 1.355000e+002  3.295094e-007  5.706784e-008
 1.360000e+002  1.567909e-007  1.261764e-007
 1.365000e+002  7.412896e-007  1.208537e-007
 1.370000e+002 -6.982844e-007  3.170746e-008
 1.375000e+002 -3.934006e-007  4.724292e-007
 1.380000e+002  1.074035e-006 -2.855882e-007
 1.385000e+002 -6.488572e-008 -3.738344e-007
 1.390000e+002  5.537757e-008  9.506325e-007
 1.395000e+002 -2.018886e-007 -3.434016e-007
 1.400000e+002 -1.621839e-006  6.316426e-007
 1.405000e+002  4.849406e-007  1.456092e-006
 1.410000e+002 -8.983562e-008  8.753622e-008
 1.415000e+002  6.956335e-007  4.654956e-007
 1.420000e+002  1.860793e-007 -3.537900e-007
 1.425000e+002 -2.512027e-007 -2.928234e-008
 1.430000e+002  3.496281e-007  3.566600e-007
 1.435000e+002 -5.535200e-007  3.318133e-007
 1.440000e+002  1.702474e-007  9.025738e-007
 1.445000e+002  2.414904e-007 -3.511891e-007
 1.450000e+002 -4.963107e-008 -3.837386e-008
 1.455000e+002  6.243261e-007  2.881423e-007
 1.460000e+002 -3.532376e-007 -3.883038e-007
 1.465000e+002  7.913310e-007  1.208327e-007
 1.470000e+002  4.113139e-007  5.726321e-007
 1.475000e+002  1.891645e-008 -3.021176e-007
 1.480000e+002 -3.162195e-007 -3.709799e-007
 1.485000e+002  1.950147e-007 -2.296065e-007
 1.490000e+002 -6.186237e-008 -2.380575e-007
 1.495000e+002  7.119683e-008  1.065791e-006
 1.500000e+002 -8.513398e-008  3.081424e-007
 1.505000e+002 -2.954786e-007 -1.766655e-007
 1.510000e+002  2.916507e-007 -2.098399e-007
 1.515000e+002  3.911905e-007  1.403606e-007
 1.520000e+002  6.418878e-007  8.779747e-008
 1.525000e+002 -1.090107e-007 -8.177168e-007
 1.530000e+002 -4.266999e-008  4.336389e-007
 1.535000e+002  9.509088e-007  5.908887e-007
 1.540000e+002 -2.448960e-007  9.379617e-008
 1.545000e+002 -1.965632e-007  3.144642e-007
 1.550000e+002  2.539901e-007  5.004086e-007
 1.555000e+002 -9.191588e-008  2.756546e-007
 1.560000e+002 -4.207548e-007  1.894860e-007
 1.565000e+002  3.187560e-007 -7.257146e-007
 1.570000e+002 -3.001510e-007  4.299579e-007
 1.575000e+002  1.455988e-007  5.539814e-008
 1.580000e+002 -2.956007e-007  2.787403e-007
 1.585000e+002 -3.723620e-007 -8.308308e-007
 1.590000e+002 -1.129717e-007 -5.844049e-007
 1.595000e+002 -5.007444e-007 -4.859390e-007
 1.600000e+002 -6.564445e-007 -4.008130e-007
 1.605000e+002  1.298247e-007  9.543809e-007
 1.610000e+002  3.155064e-007  6.536122e-008
 1.615000e+002 -1.316456e-007 -3.928637e-007
 1.620000e+002 -1.256119e-007  4.445586e-007
 1.625000e+002 -1.371314e-008 -5.072159e-008
 1.630000e+002 -1.711722e-007  3.851503e-007
 1.635000e+002 -1.759213e-008 -1.499407e-007
 1.640000e+002 -6.323240e-007  3.938324e-007
 1.645000e+002  4.084463e-007 -2.785658e-007
 1.650000e+002  7.598208e-008  4.259582e-007
 1.655000e+002  3.478963e-007  5.211860e-008
 1.660000e+002  2.398902e-007 -1.485777e-007
 1.665000e+002 -2.724715e-007 -2.731638e-007
 1.670000e+002 -5.073850e-007  5.371898e-007
 1.675000e+002 -6.435157e-007  7.487326e-007
 1.680000e+002 -1.075272e-006  6.514718e-007
 1.685000e+002  2.019939e-007 -1.028931e-006
 1.690000e+002 -1.363587e-007 -4.844899e-007
 1.695000e+002  2.092626e-007  2.949108e-007
 1.700000e+002  7.901837e-007 -3.658131e-007
 1.705000e+002  1.428087e-007  6.604570e-007
 1.710000e+002 -2.869671e-007 -9.096182e-007
 1.715000e+002 -1.269119e-008 -3.471555e-007
 1.720000e+002  1.645201e-007 -5.576393e-007
 1.725000e+002  4.109715e-007  3.526585e-007
 1.730000e+002  9.884762e-008 -3.307611e-007
 1.735000e+002 -6.395276e-007  4.752316e-008
 1.740000e+002 -6.842842e-008 -1.693957e-007
 1.745000e+002  4.791816e-007 -6.173075e-007
 1.750000e+002  8.253618e-007 -3.892839e-008
 1.755000e+002 -2.530356e-007  3.941640e-007
 1.760000e+002  6.173242e-007  1.618978e-007
 1.765000e+002 -5.983967e-008 -2.927469e-007
 1.770000e+002 -7.722624e-007 -5.363686e-007
 1.775000e+002 -4.354973e-007 -6.273854e-008
 1.780000e+002  1.758783e-007  1.048778e-006
 1.785000e+002 -5.377830e-007 -3.914322e-007
 1.790000e+002 -9.162950e-008  5.182418e-007
 1.795000e+002  1.843414e-007 -5.742543e-007
 1.800000e+002  1.660621e-008 -9.775346e-007
 1.805000e+002  6.074647e-007  2.676251e-007
 1.810000e+002  2.879481e-007  7.351403e-008
 1.815000e+002 -5.563309e-007 -5.890795e-007
 1.820000e+002  2.207891e-007  4.695161e-008
 1.825000e+002  3.074387e-007  2.456313e-007
 1.830000e+002  1.080075e-007  7.698816e-007
 1.835000e+002  1.340502e-007  8.884474e-008
 1.840000e+002 -3.651913e-007  4.070630e-007
 1.845000e+002  4.885872e-007  3.826577e-007
 1.850000e+002  2.167194e-007 -1.737823e-007
 1.855000e+002  6.353713e-007  4.374923e-007
 1.860000e+002  2.119905e-007  4.269423e-007
 1.865000e+002  7.115483e-007 -1.527101e-007
 1.870000e+002 -1.966758e-007  1.793884e-007
 1.875000e+002 -2.213925e-007 -4.777240e-007
 1.880000e+002  1.140123e-007 -2.605982e-008
 1.885000e+002  4.107042e-008  9.959259e-008
 1.890000e+002 -1.164922e-007  4.896454e-007
 1.895000e+002  1.102655e-006  3.006205e-007
 1.900000e+002  4.789249e-007  4.501412e-007
 1.905000e+002  3.298699e-007 -8.537579e-008
 1.910000e+002  7.163375e-007 -7.177757e-007
 1.915000e+002  2.149995e-007 -3.829092e-007
 1.920000e+002  7.708174e-007  1.184350e-007
 1.925000e+002  4.840932e-007 -1.705913e-008
 1.930000e+002  2.341355e-007 -2.488889e-007
 1.935000e+002  6.581992e-007  1.011843e-008
 1.940000e+002 -5.980051e-007 -7.609433e-008
 1.945000e+002 -7.279500e-007  7.370039e-008
 1.950000e+002  8.455296e-007 -1.864879e-007
 1.955000e+002 -1.931639e-007  7.388720e-007
 1.960000e+002  1.020159e-006 -3.394577e-007
 1.965000e+002  6.465202e-007 -2.711926e-007
 1.970000e+002 -9.963202e-007  1.186153e-006
 1.975000e+002  1.387726e-008  3.135726e-007
 1.980000e+002 -4.197978e-007  2.665703e-007
 1.985000e+002 -1.884724e-007 -6.797423e-007
 1.990000e+002  1.089495e-007  4.651511e-007
 1.995000e+002  1.188147e-007  7.047884e-007
 2.000000e+002 -1.189139e-007  6.085006e-007
 2.005000e+002 -3.114642e-007  1.874244e-007
 2.010000e+002  1.174358e-007 -2.289972e-007
 2.015000e+002  9.312859e-007  2.917842e-007
 2.020000e+002  5.013085e-007 -5.775777e-008
 2.025000e+002  3.315378e-007  2.423773e-007
 2.030000e+002  1.425179e-008  2.494449e-008
 2.035000e+002 -5.524547e-007 -1.799691e-007
 2.040000e+002  2.868505e-007  7.573501e-007
 2.045000e+002  7.904888e-007 -4.010779e-007
 2.050000e+002 -3.664079e-007 -2.740728e-007
 2.055000e+002  3.159459e-008  1.204801e-007
 2.060000e+002 -1.894664e-007  3.344521e-007
 2.065000e+002 -6.573473e-007  1.377917e-007
 2.070000e+002 -2.712605e-007 -3.898068e-007
 2.075000e+002  1.706577e-008  6.993729e-008
 2.080000e+002  9.768322e-008 -5.400679e-008
 2.085000e+002 -3.422785e-007  1.783021e-007
 2.090000e+002  7.913952e-007 -4.340589e-007
 2.095000e+002  1.284400e-007  4.773635e-007
 2.100000e+002 -2.841803e-007 -4.451653e-008
 2.105000e+002  3.236766e-007  3.943701e-007
 2.110000e+002  2.786874e-007 -2.223595e-007
 2.115000e+002  4.900269e-007 -3.538939e-007
 2.120000e+002 -2.115929e-007  1.138246e-007
 2.125000e+002 -1.730790e-008 -4.273524e-007
 2.130000e+002 -2.735187e-007 -1.775068e-007
 2.135000e+002  1.961831e-007 -2.569822e-007
 2.140000e+002  1.546873e-007  5.760508e-007
 2.145000e+002 -3.219260e-007  2.164408e-007
 2.150000e+002  6.973065e-007 -3.186176e-008
 2.155000e+002  1.077513e-007  2.838511e-007
 2.160000e+002  4.868471e-007  5.980493e-008
 2.165000e+002  3.890362e-007  6.165506e-008
 2.170000e+002 -2.931740e-007  8.587994e-007
 2.175000e+002  2.047861e-007 -3.683161e-007
 2.180000e+002 -1.115157e-006 -3.274340e-007
 2.185000e+002 -2.878094e-007 -1.058536e-007
 2.190000e+002  1.842068e-007 -8.229122e-008
 2.195000e+002  4.518157e-007 -6.201083e-007
 2.200000e+002 -1.193094e-007  2.976928e-007
 2.205000e+002 -2.785302e-007 -7.740331e-007
 2.210000e+002  7.315611e-008 -5.350628e-007
 2.215000e+002  4.676729e-007 -1.578508e-007
 2.220000e+002  6.319526e-007  5.075922e-007
 2.225000e+002  7.476252e-007  7.002031e-007
 2.230000e+002  1.837388e-007 -5.611291e-007
 2.235000e+002 -2.782471e-007 -5.051903e-008
 2.240000e+002  1.972167e-007 -1.311447e-007
 2.245000e+002  5.904288e-007  2.082752e-009
 2.250000e+002  8.067527e-007  6.581535e-007
 2.255000e+002 -7.726618e-007  5.988911e-007
 2.260000e+002 -3.593292e-007  4.365073e-007
 2.265000e+002  5.673389e-009  2.178454e-007
 2.270000e+002  1.591994e-007  6.378643e-007
 2.275000e+002 -3.542564e-007 -1.535233e-007
 2.280000e+002  1.001430e-006  3.496323e-007
 2.285000e+002  5.594799e-007  2.207466e-007
 2.290000e+002  1.053369e-007  1.854380e-007
 2.295000e+002  4.261743e-007  3.835720e-007
 2.300000e+002  4.978752e-007  1.814706e-007
 2.305000e+002 -2.419069e-007  1.096531e-006
 2.310000e+002 -3.578883e-007  1.019098e-007
 2.315000e+002 -9.046613e-008  1.277058e-006
 2.320000e+002  3.894128e-007  6.918478e-007
 2.325000e+002 -2.350695e-007 -9.690636e-007
 2.330000e+002 -4.090022e-007  2.756382e-007
 2.335000e+002  9.759608e-007 -6.614148e-008
 2.340000e+002  9.513631e-007  6.441373e-007
 2.345000e+002  6.040211e-007  3.441640e-007
 2.350000e+002  2.521897e-008  3.435638e-007
 2.355000e+002 -7.056833e-007 -1.178211e-007
 2.360000e+002 -1.215704e-007  4.627623e-007
 2.365000e+002  1.892247e-007  2.205011e-007
 2.370000e+002 -3.276674e-007  9.974025e-008
 2.375000e+002 -5.520207e-007 -1.670480e-007
 2.380000e+002  1.553398e-007  6.214256e-008
 2.385000e+002  5.334697e-007  3.403708e-007
 2.390000e+002 -2.029168e-007  4.325422e-007
 2.395000e+002  7.396349e-007 -2.349589e-007
 2.400000e+002 -4.734853e-007  5.179523e-007
 2.405000e+002  2.564415e-007  6.840682e-007
 2.410000e+002 -2.469924e-007 -3.906354e-007
 2.415000e+002  6.038926e-007 -6.285217e-007
 2.420000e+002  4.217436e-007 -4.969581e-008
 2.425000e+002  5.460980e-007  5.610420e-007
 2.430000e+002 -6.767184e-007 -3.839327e-007
 2.435000e+002 -1.825396e-007  9.419246e-007
 2.440000e+002  1.930305e-007  1.530698e-007
 2.445000e+002  1.519015e-008  2.282237e-007
 2.450000e+002 -2.942980e-007  4.478974e-007
 2.455000e+002  4.025162e-007  6.364864e-007
 2.460000e+002 -7.507648e-007 -3.794327e-007
 2.465000e+002 -1.747176e-007  3.731311e-007
 2.470000e+002  9.820652e-008  7.435193e-007
 2.475000e+002 -2.101691e-007 -8.744507e-008
 2.480000e+002 -2.554356e-007 -9.042707e-007
 2.485000e+002 -1.702524e-007  7.060818e-007
 2.490000e+002  3.418621e-007  3.651017e-007
 2.495000e+002  2.304382e-007  2.645879e-007
 2.500000e+002 -9.833151e-008  1.091345e-006
 2.505000e+002 -5.640243e-007 -5.388351e-007
 2.510000e+002 -4.085601e-007  4.334508e-007
 2.515000e+002  2.622772e-007 -5.867222e-007
 2.520000e+002 -1.901278e-007  7.359351e-007
 2.525000e+002  6.541816e-007  1.074984e-006
 2.530000e+002 -3.022343e-006  5.870992e-006
 2.535000e+002  5.222232e-007 -2.250394e-006
 2.540000e+002  8.455137e-008 -1.357522e-006
 2.545000e+002  9.326832e-008 -1.180175e-006
 2.550000e+002  7.276045e-008  1.607092e-008
 2.555000e+002  1.744705e-007 -1.069080e-006
 2.560000e+002  6.313266e-008 -2.911680e-007
 2.565000e+002 -6.923526e-008 -1.062335e-006
 2.570000e+002  9.308617e-007 -2.698195e-007
 2.575000e+002 -2.739272e-007 -7.256955e-008
 2.580000e+002 -5.055173e-007 -5.945397e-007
 2.585000e+002  2.042944e-007  4.383260e-007
 2.590000e+002  1.023492e-006  1.620484e-007
 2.595000e+002 -1.270131e-007 -6.561327e-007
 2.600000e+002 -7.694405e-007 -1.047409e-006
 2.605000e+002 -4.374064e-007  2.584483e-007
 2.610000e+002  8.723193e-007  9.617326e-007
 2.615000e+002  6.931644e-007 -5.520508e-008
 2.620000e+002 -3.943274e-008 -6.930751e-007
 2.625000e+002 -1.276085e-007  2.690040e-007
 2.630000e+002  3.232509e-007  5.583642e-008
 2.635000e+002  1.389979e-007 -6.828847e-007
 2.640000e+002 -2.286950e-007 -4.054879e-007
 2.645000e+002 -6.743066e-007 -5.813676e-008
 2.650000e+002 -5.433980e-007  8.084627e-007
 2.655000e+002  3.355442e-007  2.509420e-007
 2.660000e+002  1.436437e-007  2.616571e-007
 2.665000e+002  2.547526e-007 -5.908874e-007
 2.670000e+002  4.485054e-007  2.758657e-007
 2.675000e+002 -3.020278e-007 -9.260131e-008
 2.680000e+002  4.144278e-007 -8.154602e-007
 2.685000e+002  7.630061e-007  1.512079e-009
 2.690000e+002  4.481863e-007 -8.630083e-007
 2.695000e+002 -2.940691e-007  2.202878e-008
 2.700000e+002  2.368829e-007 -3.518445e-007
 2.705000e+002  1.411274e-006 -9.738240e-007
 2.710000e+002  3.373242e-007  1.138584e-006
 2.715000e+002  4.719213e-007 -1.877516e-007
 2.720000e+002 -5.466018e-007 -2.015418e-007
 2.725000e+002  4.922752e-007 -4.903024e-007
 2.730000e+002  3.249042e-007 -8.379021e-007
 2.735000e+002 -2.297531e-007 -1.234178e-006
 2.740000e+002 -3.919771e-007 -3.491006e-007
 2.745000e+002  1.651758e-007 -3.255672e-007
 2.750000e+002  1.633322e-007 -4.066710e-007
 2.755000e+002 -1.236327e-006  1.199462e-006
 2.760000e+002  1.315536e-006 -1.049070e-007
 2.765000e+002  7.463936e-007  1.053071e-006
 2.770000e+002  5.444292e-007 -4.580576e-007
 2.775000e+002 -2.701529e-007  5.369443e-007
 2.780000e+002  7.474719e-007  4.518266e-007
 2.785000e+002 -1.114362e-006  4.321970e-007
 2.790000e+002  9.812817e-007  1.097052e-006
 2.795000e+002  3.183509e-007 -6.227299e-008
 2.800000e+002  2.081179e-007 -1.313347e-006
 2.805000e+002  3.512084e-007  4.218779e-007
 2.810000e+002  6.221521e-007 -3.875794e-007
 2.815000e+002  7.598788e-007  7.527297e-007
 2.820000e+002  1.561489e-007 -1.764697e-006
 2.825000e+002  7.452844e-007 -8.776417e-007
 2.830000e+002  3.762173e-009 -1.369957e-006
 2.835000e+002  2.109312e-007  7.689798e-007
 2.840000e+002 -8.479606e-007  2.661921e-007
 2.845000e+002  1.083115e-007  4.730068e-007
 2.850000e+002 -4.025357e-007 -4.436859e-007
 2.855000e+002  9.168038e-007 -2.320433e-007
 2.860000e+002  5.442647e-008  7.579645e-008
 2.865000e+002 -1.082317e-006 -9.932870e-007
 2.870000e+002  1.926428e-006 -2.418247e-008
 2.875000e+002  8.380211e-008 -1.596895e-007
 2.880000e+002 -7.798725e-007  1.350386e-007
 2.885000e+002  9.563056e-008 -7.570670e-008
 2.890000e+002 -3.789463e-007  8.529603e-007
 2.895000e+002  9.348559e-007  2.261017e-007
 2.900000e+002  5.357279e-007 -3.562061e-007
 2.905000e+002  1.272164e-006  9.713421e-007
 2.910000e+002 -7.678441e-007  8.664504e-008
 2.915000e+002  2.366076e-007 -3.740392e-007
 2.920000e+002 -2.185023e-007 -4.223072e-007
 2.925000e+002 -7.885200e-008 -4.026906e-007
 2.930000e+002  5.589890e-007  6.732882e-007
 2.935000e+002 -8.097728e-007  1.381659e-006
 2.940000e+002 -1.615404e-007 -1.076209e-006
 2.945000e+002  4.255654e-007 -9.547888e-007
 2.950000e+002  1.721876e-008 -9.513560e-009
 2.955000e+002 -1.898316e-007  7.171847e-007
 2.960000e+002 -6.758556e-007  2.238289e-007
 2.965000e+002  6.104615e-007 -5.915263e-008
 2.970000e+002 -1.282520e-006  1.072590e-006
 2.975000e+002 -8.945976e-007  2.126529e-007
 2.980000e+002  5.560873e-007  3.143368e-007
 2.985000e+002 -7.346009e-007  6.650141e-007
 2.990000e+002 -1.152247e-006 -6.289366e-007
 2.995000e+002 -1.890140e-007  3.755156e-007
 3.000000e+002  1.586057e-007  5.623467e-007
 3.005000e+002  2.527306e-007 -7.169237e-007
 3.010000e+002  6.434416e-007  7.622404e-007
 3.015000e+002  5.327316e-007  3.034949e-008
 3.020000e+002 -1.008209e-007  4.394371e-008
 3.025000e+002  7.234686e-007 -3.679108e-007
 3.030000e+002  3.766227e-007 -3.503449e-007
 3.035000e+002  6.656300e-007  1.466040e-006
 3.040000e+002 -1.381363e-006  3.721691e-007
 3.045000e+002 -7.830102e-007  8.256378e-007
 3.050000e+002 -2.945508e-007  1.898608e-006
 3.055000e+002 -9.224827e-007 -1.040280e-006
 3.060000e+002 -8.311431e-007  6.849303e-007
 3.065000e+002  6.184719e-007  1.934199e-007
 3.070000e+002  6.577787e-008  2.529569e-006
 3.075000e+002 -1.693484e-006 -7.324952e-007
 3.080000e+002  2.325737e-006  1.036717e-006
 3.085000e+002 -4.002051e-007 -2.639248e-006
 3.090000e+002 -9.160983e-007  4.832296e-008
 3.095000e+002  2.553069e-008  2.320402e-007
 3.100000e+002 -1.371359e-007 -5.656423e-007
 3.105000e+002  5.850402e-007 -1.058519e-006
 3.110000e+002 -3.037210e-006 -8.175866e-007
 3.115000e+002  6.885064e-007 -8.398767e-007
 3.120000e+002  8.163474e-007 -1.592026e-006
 3.125000e+002  5.748587e-007 -1.806836e-007
 3.130000e+002  5.565765e-007  4.624393e-007
 3.135000e+002 -8.918138e-008  8.976190e-007
 3.140000e+002  3.170149e-007  4.732683e-007
 3.145000e+002  1.030554e-006 -1.490628e-006
 3.150000e+002  3.399131e-008  1.273051e-006
 3.155000e+002  7.865880e-007  1.750520e-006
 3.160000e+002 -1.215617e-006 -2.277226e-006
 3.165000e+002  1.177205e-007 -9.971262e-007
 3.170000e+002  9.597709e-007 -3.030367e-007
 3.175000e+002 -8.304740e-007 -2.192320e-007
 3.180000e+002  5.581285e-007  3.230036e-008
 3.185000e+002  5.102540e-007 -3.334487e-007
 3.190000e+002 -8.395064e-008  8.449483e-007
 3.195000e+002  6.485232e-007  5.168229e-008
 3.200000e+002  5.462139e-007  5.417902e-007
 3.205000e+002  1.314681e-006 -1.497557e-006
 3.210000e+002  6.866288e-007 -7.200395e-007
 3.215000e+002 -2.367418e-007 -5.785216e-007
 3.220000e+002  1.896798e-007 -9.977996e-008
 3.225000e+002 -2.433254e-007 -5.101174e-008
 3.230000e+002  1.778682e-007  7.516387e-007
 3.235000e+002 -7.399645e-007  7.738858e-007
 3.240000e+002  1.382027e-006 -1.609490e-006
 3.245000e+002  1.476840e-006  1.391041e-007
 3.250000e+002 -2.869918e-007  2.099088e-006
 3.255000e+002  4.010374e-007 -5.212632e-007
 3.260000e+002 -5.120101e-008  4.216704e-007
 3.265000e+002  5.720709e-007  5.941955e-007
 3.270000e+002 -1.162055e-007 -2.741789e-007
 3.275000e+002  4.140614e-007 -1.525371e-006
 3.280000e+002 -2.351483e-007  1.715044e-008
 3.285000e+002 -1.740868e-008 -1.087942e-006
 3.290000e+002  4.186529e-007  2.147504e-006
 3.295000e+002  3.075653e-008  7.795239e-007
 3.300000e+002 -8.102308e-008  1.101290e-007
 3.305000e+002  4.737367e-007 -2.495867e-007
 3.310000e+002  4.188323e-007 -1.595917e-006
 3.315000e+002  1.186769e-006 -5.053215e-008
 3.320000e+002  6.326405e-009 -3.642037e-008
 3.325000e+002 -4.235379e-007  6.275077e-007
 3.330000e+002  9.153638e-007 -3.282103e-007
 3.335000e+002  2.662936e-007 -1.111042e-006
 3.340000e+002 -2.524907e-007 -4.758870e-007
 3.345000e+002 -8.697546e-008  1.557636e-006
 3.350000e+002  5.231585e-007  6.169599e-007
 3.355000e+002 -2.712009e-007 -5.030670e-007
 3.360000e+002 -1.601608e-006 -7.958710e-007
 3.365000e+002  1.083059e-006 -1.649378e-007
 3.370000e+002 -2.410189e-007 -7.764989e-007
 3.375000e+002  1.490010e-006  3.044334e-006
 3.380000e+002  7.289837e-007 -4.042427e-007
 3.385000e+002 -8.547527e-007 -1.015360e-007
 3.390000e+002  4.431630e-007  1.934718e-007
 3.395000e+002 -1.187591e-008 -6.267456e-007
 3.400000e+002 -9.777873e-007 -2.079840e-006
 3.405000e+002  8.528770e-007 -7.315855e-008
 3.410000e+002  1.401642e-006  8.909743e-008
 3.415000e+002 -1.666238e-006  7.430762e-007
 3.420000e+002  6.469360e-007 -6.905880e-007
 3.425000e+002 -4.735884e-007  3.055030e-008
 3.430000e+002 -1.118886e-006  9.354001e-008
 3.435000e+002  9.276143e-007 -2.818184e-007
 3.440000e+002 -7.744072e-008 -1.473401e-006
 3.445000e+002 -2.343237e-007  9.820923e-007
 3.450000e+002 -2.576822e-007 -1.940311e-007
 3.455000e+002  8.073308e-007 -4.463366e-007
 3.460000e+002  3.227316e-007 -1.134266e-007
 3.465000e+002  2.952017e-007  2.203996e-007
 3.470000e+002  3.712029e-007  9.700802e-007
 3.475000e+002 -2.826525e-007 -6.427736e-007
 3.480000e+002 -2.190400e-007 -1.667008e-008
 3.485000e+002 -8.054286e-008  3.181749e-007
 3.490000e+002 -3.777085e-007 -2.282426e-007
 3.495000e+002 -9.401120e-007  4.428515e-007
 3.500000e+002  2.219614e-007  7.215459e-007
 3.505000e+002  1.195549e-006 -1.172487e-006
 3.510000e+002  8.491477e-007 -9.079515e-007
 3.515000e+002  6.074466e-007 -7.174023e-007
 3.520000e+002  2.355245e-007 -8.944106e-007
 3.525000e+002  5.659291e-007 -1.356163e-007
 3.530000e+002  4.866716e-007  6.018374e-007
 3.535000e+002 -2.277386e-007  3.446950e-007
 3.540000e+002 -9.770600e-007  1.450345e-007
 3.545000e+002  1.458243e-007 -4.502258e-007
 3.550000e+002 -3.699176e-007 -5.841575e-007
 3.555000e+002  4.930279e-007  5.100692e-007
 3.560000e+002  1.439925e-007  1.743636e-008
 3.565000e+002  9.943019e-007 -2.212295e-007
 3.570000e+002 -6.461240e-007 -8.161386e-007
 3.575000e+002  1.289872e-006 -2.053497e-007
 3.580000e+002  7.814174e-007  7.737133e-007
 3.585000e+002 -6.181141e-007  9.621494e-007
 3.590000e+002 -1.114056e-006 -1.541552e-007
 3.595000e+002 -2.962250e-007 -1.358978e-006
 3.600000e+002  1.094299e-006 -1.612721e-007
 3.605000e+002 -5.752303e-007  1.266526e-006
 3.610000e+002  1.832830e-007  1.204978e-007
 3.615000e+002  2.571026e-007  4.687330e-007
 3.620000e+002 -7.095686e-007 -4.576194e-007
 3.625000e+002  9.240823e-008 -3.238016e-007
 3.630000e+002  5.752341e-007 -3.214240e-007
 3.635000e+002  3.639131e-007 -8.471303e-007
 3.640000e+002 -2.906465e-007  4.854618e-009
 3.645000e+002 -1.160702e-006  4.681585e-007
 3.650000e+002 -6.995313e-007 -1.451015e-006
 3.655000e+002  2.211764e-006 -1.206629e-006
 3.660000e+002  1.070589e-006  1.033577e-006
 3.665000e+002  2.767537e-007  1.881156e-009
 3.670000e+002  1.330285e-007  6.310213e-007
 3.675000e+002 -3.778208e-007  1.147000e-006
 3.680000e+002 -3.703920e-007 -6.200341e-007
 3.685000e+002 -6.815639e-007 -1.917717e-007
 3.690000e+002 -1.163421e-006  1.443714e-007
 3.695000e+002 -1.580559e-007  3.149560e-008
 3.700000e+002  2.468802e-007 -4.278385e-007
 3.705000e+002  8.880230e-007 -2.665234e-007
 3.710000e+002 -5.287898e-008 -5.716345e-007
 3.715000e+002  1.406191e-006  1.844467e-007
 3.720000e+002  1.426137e-006  7.660247e-007
 3.725000e+002  1.080056e-006 -4.752078e-007
 3.730000e+002  1.524706e-006 -1.468786e-006
 3.735000e+002 -5.475226e-007  4.201740e-007
 3.740000e+002 -3.587153e-007 -1.096339e-006
 3.745000e+002 -1.039420e-006 -2.422546e-007
 3.750000e+002 -6.290823e-007  1.095959e-006
 3.755000e+002  6.218931e-007 -9.499244e-007
 3.760000e+002 -3.971403e-007 -8.978574e-007
 3.765000e+002  4.733340e-007 -8.352299e-007
 3.770000e+002 -6.036851e-007  2.081624e-008
 3.775000e+002 -1.864544e-007 -5.044659e-008
 3.780000e+002  4.772066e-007 -6.697067e-007
 3.785000e+002  1.505602e-007  7.838825e-007
 3.790000e+002 -5.301239e-007 -3.504397e-007
 3.795000e+002 -6.004198e-007 -2.413096e-008
 3.800000e+002 -5.780009e-007 -1.521546e-007
 3.805000e+002  9.434356e-008  2.568524e-007
 3.810000e+002 -1.343291e-006 -2.145017e-007
 3.815000e+002 -7.331942e-007 -1.083917e-008
 3.820000e+002 -8.876847e-007 -6.201346e-007
 3.825000e+002  3.248288e-007 -1.260793e-007
 3.830000e+002 -2.560551e-009 -4.914364e-007
 3.835000e+002  3.068494e-007  5.894023e-008
 3.840000e+002  1.884376e-006 -3.191342e-007
 3.845000e+002 -9.996057e-007 -1.544144e-007
 3.850000e+002  7.926397e-007  1.230476e-006
 3.855000e+002  1.083295e-007  3.410895e-007
 3.860000e+002  7.348839e-007  3.957555e-007
 3.865000e+002  5.311856e-007 -2.211219e-007
 3.870000e+002 -9.589951e-007 -7.275468e-007
 3.875000e+002  1.169421e-006  2.464817e-007
 3.880000e+002 -6.970314e-007  5.325895e-007
 3.885000e+002  6.211334e-007 -5.868967e-007
 3.890000e+002 -6.249491e-007  4.362968e-008
 3.895000e+002 -2.520058e-008  4.612439e-007
 3.900000e+002 -8.246319e-007 -7.724674e-007
 3.905000e+002 -2.481135e-007 -5.866695e-008
 3.910000e+002 -7.913482e-007 -4.421873e-007
 3.915000e+002  6.551139e-007 -6.437506e-007
 3.920000e+002 -6.446769e-007 -1.975549e-006
 3.925000e+002 -5.653535e-007  8.589330e-007
 3.930000e+002  3.600214e-008  1.368091e-006
 3.935000e+002  1.708001e-006 -1.322546e-006
 3.940000e+002 -2.560788e-007 -3.942746e-007
 3.945000e+002 -3.761574e-007  1.080285e-007
 3.950000e+002  4.368387e-007 -3.735101e-007
 3.955000e+002 -7.604555e-007  1.168969e-006
 3.960000e+002  1.837503e-007  2.060098e-007
 3.965000e+002  1.964114e-007 -5.292005e-007
 3.970000e+002  4.305853e-009  7.831794e-007
 3.975000e+002  1.962149e-007 -2.710911e-007
 3.980000e+002 -8.495325e-007 -4.888698e-007
 3.985000e+002 -5.496050e-007  1.197793e-006
 3.990000e+002 -1.599712e-006 -2.508952e-007
 3.995000e+002  3.766157e-007 -2.657226e-007
 4.000000e+002 -3.293787e-007 -1.299072e-006
 4.005000e+002 -3.384646e-008  6.458659e-008
 4.010000e+002 -2.511847e-007  6.450472e-008
 4.015000e+002 -8.774827e-007 -5.726259e-007
 4.020000e+002  1.018853e-007  1.930953e-007
 4.025000e+002 -1.213627e-007 -7.492565e-007
 4.030000e+002  6.848412e-007  9.708227e-007
 4.035000e+002 -4.191471e-007  4.873982e-007
 4.040000e+002  8.756025e-007 -5.747660e-007
 4.045000e+002  4.846489e-007 -1.473282e-006
 4.050000e+002 -1.164534e-006 -1.178683e-006
 4.055000e+002  2.037902e-007 -7.665214e-007
 4.060000e+002  4.898850e-007 -6.671854e-008
 4.065000e+002  1.107083e-006  6.184412e-007
 4.070000e+002 -3.312455e-007 -1.797207e-007
 4.075000e+002  7.631016e-008  7.589564e-007
 4.080000e+002  9.604039e-007 -3.484217e-007
 4.085000e+002 -1.000734e-006 -5.917097e-007
 4.090000e+002  1.510967e-006  1.461374e-007
 4.095000e+002  1.167286e-006  4.796496e-007
 4.100000e+002  6.870631e-007 -1.291952e-007
 4.105000e+002  2.345383e-008 -7.264372e-007
 4.110000e+002 -5.094973e-007 -5.757244e-007
 4.115000e+002 -1.138647e-006  4.198980e-007
 4.120000e+002  6.201151e-007 -9.069291e-008
 4.125000e+002  1.422988e-006 -8.386301e-007
 4.130000e+002 -1.050438e-006 -1.330976e-006
 4.135000e+002 -2.129079e-007 -5.739724e-008
 4.140000e+002  8.729362e-007  1.322670e-007
 4.145000e+002 -1.145220e-006  3.928014e-007
 4.150000e+002  9.372480e-008  4.438835e-007
 4.155000e+002 -8.888969e-007 -7.145745e-007
 4.160000e+002  7.823128e-007 -1.406737e-006
 4.165000e+002 -1.026069e-008 -5.995561e-007
 4.170000e+002 -8.408868e-008  3.142970e-007
 4.175000e+002  3.853515e-007  2.555823e-007
 4.180000e+002  7.634463e-008  1.962327e-006
 4.185000e+002  8.618029e-007 -1.587098e-006
 4.190000e+002  4.321498e-007 -1.064123e-006
 4.195000e+002  8.519429e-008 -3.040820e-007
 4.200000e+002  1.776422e-006 -3.010496e-007
 4.205000e+002 -1.491311e-006 -1.655783e-006
 4.210000e+002  2.256267e-007 -1.771515e-006
 4.215000e+002 -1.093830e-006 -1.574112e-006
 4.220000e+002  1.596517e-006  2.104280e-006
 4.225000e+002  9.585496e-007  1.874305e-006
 4.230000e+002 -2.804211e-007  1.670801e-006
 4.235000e+002  6.499216e-008 -2.075025e-006
 4.240000e+002 -7.327958e-007  1.168306e-006
 4.245000e+002 -6.152849e-007  3.294287e-008
 4.250000e+002  3.499529e-007  1.469754e-007
 4.255000e+002  2.511939e-007  8.762508e-008
 4.260000e+002  7.002448e-007 -1.055207e-007
 4.265000e+002 -1.337415e-007 -7.547334e-007
 4.270000e+002  7.943944e-007  1.098218e-006
 4.275000e+002 -1.088178e-006 -3.713446e-007
 4.280000e+002  8.502945e-008  1.244235e-007
 4.285000e+002  6.169314e-007  1.274968e-007
 4.290000e+002  2.141428e-007  4.059656e-007
 4.295000e+002 -4.231230e-007  1.218148e-006
 4.300000e+002  2.440551e-007  5.392699e-008
 4.305000e+002 -1.000540e-006 -2.581511e-007
 4.310000e+002  2.116230e-007 -5.408465e-007
 4.315000e+002 -7.907247e-008 -4.866890e-007
 4.320000e+002  1.709135e-007 -7.242388e-007
 4.325000e+002 -9.380912e-007 -2.991785e-007
 4.330000e+002  5.083062e-007 -2.843802e-007
 4.335000e+002  2.336212e-007 -6.907704e-007
 4.340000e+002 -1.598607e-006 -6.234518e-007
 4.345000e+002  1.999757e-006  1.654392e-007
 4.350000e+002 -1.461388e-007 -9.421489e-007
 4.355000e+002 -2.958134e-007 -1.341148e-006
 4.360000e+002  1.061204e-006  6.261808e-008
 4.365000e+002  3.867971e-007  5.719678e-007
 4.370000e+002 -7.053799e-007 -1.086541e-006
 4.375000e+002 -1.364980e-006 -1.068296e-006
 4.380000e+002 -7.194735e-007 -1.121349e-007
 4.385000e+002  6.152023e-007  4.318958e-007
 4.390000e+002  1.165711e-006 -5.076649e-007
 4.395000e+002 -8.445975e-008 -1.796196e-007
 4.400000e+002  6.499688e-007 -3.145397e-007
 4.405000e+002  1.593610e-006 -3.211639e-007
 4.410000e+002 -8.456889e-008  3.050526e-007
 4.415000e+002  1.656275e-006 -4.338573e-007
 4.420000e+002 -1.129122e-006 -3.269345e-007
 4.425000e+002 -1.059474e-006 -8.304110e-007
 4.430000e+002  2.454836e-007 -4.815731e-007
 4.435000e+002  1.605785e-006  1.089091e-006
 4.440000e+002  2.799744e-007  1.433051e-006
 4.445000e+002 -7.932949e-007 -4.767424e-007
 4.450000e+002 -7.214151e-009 -2.322152e-007
 4.455000e+002 -9.703043e-007  3.348412e-007
 4.460000e+002 -3.789710e-007  2.133292e-007
 4.465000e+002  6.895493e-007  5.259310e-007
 4.470000e+002  1.719141e-006  1.494203e-007
 4.475000e+002 -2.156042e-007  2.513505e-007
 4.480000e+002 -1.200368e-006 -1.176657e-006
 4.485000e+002 -1.716903e-006 -1.819650e-007
 4.490000e+002 -7.965076e-007 -1.893396e-006
 4.495000e+002  2.449897e-007 -6.779739e-007
 4.500000e+002  1.929041e-006 -1.828671e-007
 4.505000e+002  5.031124e-007 -4.565055e-007
 4.510000e+002  3.054999e-007 -7.837026e-008
 4.515000e+002 -5.276112e-007 -5.781394e-007
 4.520000e+002 -6.178162e-007  2.596844e-007
 4.525000e+002 -6.190995e-008  5.389691e-008
 4.530000e+002 -4.427125e-007  4.346243e-007
 4.535000e+002 -6.758926e-007 -2.516802e-007
 4.540000e+002  3.835017e-007 -3.730118e-007
 4.545000e+002 -2.861515e-007  6.155553e-007
 4.550000e+002 -7.641043e-007  4.519427e-007
 4.555000e+002 -1.434969e-007  1.387006e-006
 4.560000e+002 -9.746721e-007 -5.555398e-007
 4.565000e+002 -4.232810e-007 -6.440064e-007
 4.570000e+002 -9.672279e-008 -8.436902e-007
 4.575000e+002 -2.108241e-006  6.905833e-007
 4.580000e+002  1.564640e-006  2.859049e-007
 4.585000e+002  2.614837e-007 -1.350904e-006
 4.590000e+002  4.585336e-007 -1.227684e-007
 4.595000e+002 -9.404643e-007 -4.678885e-007
 4.600000e+002 -4.073525e-007 -8.526354e-007
 4.605000e+002 -9.577106e-007  2.300368e-008
 4.610000e+002 -6.775673e-008  4.304958e-007
 4.615000e+002 -8.060514e-007 -3.273803e-007
 4.620000e+002 -6.224629e-007  2.148695e-007
 4.625000e+002 -9.833498e-007 -4.794569e-007
 4.630000e+002  2.909432e-007 -2.593456e-007
 4.635000e+002 -2.730432e-007  7.923181e-007
 4.640000e+002  1.554041e-007 -2.030599e-007
 4.645000e+002  1.998348e-007  1.937703e-007
 4.650000e+002  8.677230e-007  1.140761e-007
 4.655000e+002  9.739254e-009 -1.099664e-007
 4.660000e+002  6.275918e-007  5.237035e-007
 4.665000e+002  5.765988e-007 -7.744810e-007
 4.670000e+002  3.322989e-007 -2.399049e-007
 4.675000e+002 -2.066156e-008  4.387346e-007
 4.680000e+002 -4.933875e-007  4.729125e-007
 4.685000e+002 -8.227497e-007 -8.845986e-007
 4.690000e+002  2.263462e-007  4.893404e-007
 4.695000e+002  1.645396e-007 -3.490782e-007
 4.700000e+002 -9.244649e-007 -5.047286e-007
 4.705000e+002 -2.786398e-007  1.995952e-006
 4.710000e+002  5.726005e-007 -1.131711e-006
 4.715000e+002 -3.564967e-007  1.088207e-006
 4.720000e+002 -1.376867e-006  4.025224e-007
 4.725000e+002 -6.338593e-007  3.249483e-007
 4.730000e+002 -8.625281e-007  4.183327e-007
 4.735000e+002  2.653815e-007  7.565598e-007
 4.740000e+002  6.696999e-007  6.116407e-007
 4.745000e+002 -6.034769e-007 -8.156291e-007
 4.750000e+002 -1.954051e-007 -2.300503e-007
 4.755000e+002  4.366580e-007  1.094034e-006
 4.760000e+002 -4.414380e-007 -8.693641e-007
 4.765000e+002  9.779686e-007  9.779232e-007
 4.770000e+002 -1.603538e-006  6.742144e-007
 4.775000e+002 -5.078887e-007  8.122273e-007
 4.780000e+002 -1.999709e-006 -9.690641e-007
 4.785000e+002  2.093757e-007 -1.116728e-006
 4.790000e+002  1.072867e-006  3.093508e-008
 4.795000e+002  9.463073e-008 -4.768982e-007
 4.800000e+002  1.211375e-006 -3.995855e-007
 4.805000e+002 -2.416189e-007 -5.013878e-007
 4.810000e+002 -9.274088e-008 -8.495842e-007
 4.815000e+002  5.563894e-007  5.315236e-007
 4.820000e+002 -6.785220e-007  3.506779e-008
 4.825000e+002  1.568346e-007  5.828434e-008
 4.830000e+002  1.157114e-006 -1.484540e-007
 4.835000e+002  9.078789e-009 -2.752431e-007
 4.840000e+002 -1.455593e-006  1.122725e-006
 4.845000e+002  2.935863e-008 -8.311749e-008
 4.850000e+002 -1.087634e-006 -2.062843e-008
 4.855000e+002  8.807526e-007 -2.702899e-007
 4.860000e+002 -4.727109e-007 -6.780910e-007
 4.865000e+002  5.271304e-007 -2.122269e-008
 4.870000e+002  2.488575e-007  1.029570e-007
 4.875000e+002  4.088486e-007 -6.652432e-007
 4.880000e+002  1.074920e-007 -3.478682e-007
 4.885000e+002  1.441956e-007  5.166042e-007
 4.890000e+002  4.406563e-007 -6.979569e-007
 4.895000e+002  4.166350e-007  4.384775e-007
 4.900000e+002  3.670660e-007 -1.443056e-007
 4.905000e+002  4.381333e-007  2.109481e-007
 4.910000e+002  6.899181e-007  9.974897e-007
 4.915000e+002 -4.136378e-007  4.868375e-007
 4.920000e+002 -5.112973e-008 -1.083883e-006
 4.925000e+002  3.232814e-007 -1.515651e-007
 4.930000e+002  4.382797e-007 -9.003258e-007
 4.935000e+002 -9.738066e-007  1.541607e-007
 4.940000e+002  7.136765e-007 -9.814124e-008
 4.945000e+002 -2.554637e-007  8.686996e-007
 4.950000e+002 -4.968161e-007 -4.419121e-007
 4.955000e+002 -3.825106e-007 -2.441260e-008
 4.960000e+002 -5.547930e-008 -8.401560e-007
 4.965000e+002 -7.988949e-007 -4.824975e-007
 4.970000e+002 -4.696021e-007 -9.836685e-007
 4.975000e+002 -1.053845e-006 -4.020981e-007
 4.980000e+002 -5.575381e-008 -2.458986e-007
 4.985000e+002  9.252068e-007  1.556741e-006
 4.990000e+002 -1.668798e-007 -7.554249e-008
 4.995000e+002 -8.615655e-007 -1.680196e-007
 5.000000e+002 -6.496495e-007 -1.051531e-007
 5.005000e+002  4.556702e-007 -6.068199e-007
 5.010000e+002  1.629090e-007  1.250990e-007
 5.015000e+002 -5.476032e-007 -4.454569e-007
 5.020000e+002  1.666838e-007  5.753554e-008
 5.025000e+002 -6.855407e-007 -2.681269e-007
 5.030000e+002 -1.080971e-006  2.927178e-007
 5.035000e+002  1.823297e-008 -5.551500e-007
 5.040000e+002  3.781521e-007  9.090430e-008
 5.045000e+002 -9.338975e-008 -2.752250e-007
 5.050000e+002 -1.299423e-007  3.106785e-007
 5.055000e+002 -4.291956e-007 -3.436474e-007
 5.060000e+002  1.695799e-007  1.004656e-007
 5.065000e+002  2.361639e-007  4.893110e-007
 5.070000e+002 -8.066248e-007  5.905017e-007
 5.075000e+002 -4.172219e-007 -3.743488e-007
 5.080000e+002 -5.545060e-007 -6.284628e-008
 5.085000e+002  2.780311e-008 -2.486184e-007
 5.090000e+002 -1.953753e-007 -1.170196e-007
 5.095000e+002 -1.314857e-007  2.061600e-007
 5.100000e+002 -6.824574e-007  5.236158e-007
 5.105000e+002  4.751194e-007 -7.495905e-007
 5.110000e+002 -4.153325e-007 -2.906994e-007
 5.115000e+002  5.750856e-007 -1.235079e-007
 5.120000e+002  1.215677e-006  2.131959e-009
