 0.000000e+000  4.125227e-001  0.000000e+000
 5.000000e-001  5.909146e-002  0.000000e+000
 1.000000e+000  4.183916e-002  0.000000e+000
 1.500000e+000  1.350802e-002  0.000000e+000
 2.000000e+000  1.061804e-001  0.000000e+000
 2.500000e+000  7.416040e-002  0.000000e+000
 3.000000e+000  3.393948e-001  0.000000e+000
 3.500000e+000  6.116971e-002  0.000000e+000
 4.000000e+000  4.055422e-002  0.000000e+000
 4.500000e+000  1.156634e-001  0.000000e+000
 5.000000e+000  1.309610e-001  0.000000e+000
 5.500000e+000  1.412117e-002  0.000000e+000
 6.000000e+000  5.831813e-002  0.000000e+000
 6.500000e+000  6.780058e-002  0.000000e+000
 7.000000e+000  4.101983e-003  0.000000e+000
 7.500000e+000  4.162369e-002  0.000000e+000
 8.000000e+000  2.843830e-001  0.000000e+000
 8.500000e+000  2.774436e-001  0.000000e+000
 9.000000e+000  2.606869e-001  0.000000e+000
 9.500000e+000  7.855339e-002  0.000000e+000
 1.000000e+001  2.214967e-001  0.000000e+000
 1.050000e+001  2.649183e-001  0.000000e+000
 1.100000e+001  1.656737e-001  0.000000e+000
 1.150000e+001  8.168794e-002  0.000000e+000
 1.200000e+001  9.519485e-002  0.000000e+000
 1.250000e+001  1.041076e-001  0.000000e+000
 1.300000e+001  5.458337e-002  0.000000e+000
 1.350000e+001  2.278234e-001  0.000000e+000
 1.400000e+001  3.475647e-001  0.000000e+000
 1.450000e+001  2.738741e-001  0.000000e+000
 1.500000e+001  3.381939e-001  0.000000e+000
 1.550000e+001  2.429536e-001  0.000000e+000
 1.600000e+001  3.140100e-001  0.000000e+000
 1.650000e+001  3.554035e-001  0.000000e+000
 1.700000e+001  2.992746e-001  0.000000e+000
 1.750000e+001  2.994435e-001  0.000000e+000
 1.800000e+001  3.436203e-001  0.000000e+000
 1.850000e+001  3.882334e-001  0.000000e+000
 1.900000e+001  3.104184e-001  0.000000e+000
 1.950000e+001  3.805977e-001  0.000000e+000
 2.000000e+001  4.121142e-001  0.000000e+000
 2.050000e+001  5.356365e-001  0.000000e+000
 2.100000e+001  5.501760e-001  0.000000e+000
 2.150000e+001  7.797573e-001  0.000000e+000
 2.200000e+001  9.600050e-001  0.000000e+000
 2.250000e+001  9.465585e-001  0.000000e+000
 2.300000e+001  8.668087e-001  0.000000e+000
 2.350000e+001  7.149608e-001  0.000000e+000
 2.400000e+001  6.049409e-001  0.000000e+000
 2.450000e+001  2.590101e-001  0.000000e+000
 2.500000e+001  2.231299e-001  0.000000e+000
 2.550000e+001  1.077324e-001  0.000000e+000
 2.600000e+001  7.319593e-002  0.000000e+000
 2.650000e+001  3.294678e-002  0.000000e+000
 2.700000e+001  1.486959e-002  0.000000e+000
 2.750000e+001  4.555809e-003  0.000000e+000
 2.800000e+001  4.544792e-003  0.000000e+000
 2.850000e+001  1.389572e-003  0.000000e+000
 2.900000e+001  7.798192e-004  0.000000e+000
 2.950000e+001  2.851181e-003  0.000000e+000
 3.000000e+001  3.926903e-003  0.000000e+000
 3.050000e+001  7.393951e-003  0.000000e+000
 3.100000e+001  1.717428e-002  0.000000e+000
 3.150000e+001  7.425919e-003  0.000000e+000
 3.200000e+001  5.139815e-003  0.000000e+000
 3.250000e+001  1.205776e-002  0.000000e+000
 3.300000e+001  2.068623e-002  0.000000e+000
 3.350000e+001  3.205155e-002  0.000000e+000
 3.400000e+001  9.433798e-002  0.000000e+000
 3.450000e+001  1.328401e-002  0.000000e+000
 3.500000e+001  3.516160e-002  0.000000e+000
 3.550000e+001  1.056933e-001  0.000000e+000
 3.600000e+001  1.991836e-002  0.000000e+000
 3.650000e+001  6.063973e-003  0.000000e+000
 3.700000e+001  6.501318e-003  0.000000e+000
 3.750000e+001  2.388391e-002  0.000000e+000
 3.800000e+001  1.665883e-002  0.000000e+000
 3.850000e+001  5.022115e-002  0.000000e+000
 3.900000e+001  1.090912e-002  0.000000e+000
 3.950000e+001  4.703543e-002  0.000000e+000
 4.000000e+001  3.048753e-002  0.000000e+000
 4.050000e+001  1.550393e-002  0.000000e+000
 4.100000e+001  1.403567e-002  0.000000e+000
 4.150000e+001  9.246535e-003  0.000000e+000
 4.200000e+001  6.553067e-002  0.000000e+000
 4.250000e+001  2.516677e-002  0.000000e+000
 4.300000e+001  4.639274e-003  0.000000e+000
 4.350000e+001  4.899661e-002  0.000000e+000
 4.400000e+001  1.068901e-002  0.000000e+000
 4.450000e+001  5.064820e-002  0.000000e+000
 4.500000e+001  5.109065e-002  0.000000e+000
 4.550000e+001  1.182753e-001  0.000000e+000
 4.600000e+001  5.606621e-002  0.000000e+000
 4.650000e+001  7.086077e-002  0.000000e+000
 4.700000e+001  1.689175e-002  0.000000e+000
 4.750000e+001  2.340225e-002  0.000000e+000
 4.800000e+001  1.998704e-002  0.000000e+000
 4.850000e+001  1.313976e-002  0.000000e+000
 4.900000e+001  3.689844e-002  0.000000e+000
 4.950000e+001  2.307075e-002  0.000000e+000
 5.000000e+001  5.781407e-003  0.000000e+000
 5.050000e+001  4.814520e-004  0.000000e+000
 5.100000e+001  3.087941e-003  0.000000e+000
 5.150000e+001  1.890056e-002  0.000000e+000
 5.200000e+001  6.850638e-003  0.000000e+000
 5.250000e+001  4.813672e-002  0.000000e+000
 5.300000e+001  1.733599e-003  0.000000e+000
 5.350000e+001  7.980606e-003  0.000000e+000
 5.400000e+001  5.726426e-002  0.000000e+000
 5.450000e+001  2.181156e-002  0.000000e+000
 5.500000e+001  7.247803e-002  0.000000e+000
 5.550000e+001  4.245102e-002  0.000000e+000
 5.600000e+001  7.140608e-002  0.000000e+000
 5.650000e+001  7.844890e-003  0.000000e+000
 5.700000e+001  7.724306e-002  0.000000e+000
 5.750000e+001  4.754579e-002  0.000000e+000
 5.800000e+001  3.506737e-003  0.000000e+000
 5.850000e+001  3.406838e-002  0.000000e+000
 5.900000e+001  8.498139e-002  0.000000e+000
 5.950000e+001  2.560143e-002  0.000000e+000
 6.000000e+001  4.718817e-002  0.000000e+000
 6.050000e+001  1.464991e-002  0.000000e+000
 6.100000e+001  1.310685e-002  0.000000e+000
 6.150000e+001  5.707408e-003  0.000000e+000
 6.200000e+001  2.433662e-002  0.000000e+000
 6.250000e+001  5.323456e-002  0.000000e+000
 6.300000e+001  3.487302e-002  0.000000e+000
 6.350000e+001  6.997458e-002  0.000000e+000
 6.400000e+001  1.665412e-003  0.000000e+000
 6.450000e+001  9.147183e-004  0.000000e+000
 6.500000e+001  9.650055e-003  0.000000e+000
 6.550000e+001  2.452546e-002  0.000000e+000
 6.600000e+001  1.389956e-002  0.000000e+000
 6.650000e+001  4.025994e-003  0.000000e+000
 6.700000e+001  2.130555e-002  0.000000e+000
 6.750000e+001  2.254108e-003  0.000000e+000
 6.800000e+001  3.247213e-002  0.000000e+000
 6.850000e+001  2.465852e-002  0.000000e+000
 6.900000e+001  2.395759e-002  0.000000e+000
 6.950000e+001  1.977856e-002  0.000000e+000
 7.000000e+001  1.568487e-002  0.000000e+000
 7.050000e+001  2.304580e-002  0.000000e+000
 7.100000e+001  1.148344e-002  0.000000e+000
 7.150000e+001  3.284967e-002  0.000000e+000
 7.200000e+001  5.000127e-002  0.000000e+000
 7.250000e+001  2.613065e-002  0.000000e+000
 7.300000e+001  7.292583e-003  0.000000e+000
 7.350000e+001  2.710595e-002  0.000000e+000
 7.400000e+001  5.709392e-002  0.000000e+000
 7.450000e+001  4.811647e-002  0.000000e+000
 7.500000e+001  2.208598e-002  0.000000e+000
 7.550000e+001  4.292185e-002  0.000000e+000
 7.600000e+001  1.215662e-001  0.000000e+000
 7.650000e+001  3.252961e-002  0.000000e+000
 7.700000e+001  8.758496e-002  0.000000e+000
 7.750000e+001  3.166296e-002  0.000000e+000
 7.800000e+001  4.685979e-002  0.000000e+000
 7.850000e+001  2.025411e-001  0.000000e+000
 7.900000e+001  2.013824e-001  0.000000e+000
 7.950000e+001  2.403605e-001  0.000000e+000
 8.000000e+001  8.249609e-002  0.000000e+000
 8.050000e+001  2.826304e-002  0.000000e+000
 8.100000e+001  3.830105e-002  0.000000e+000
 8.150000e+001  8.530930e-002  0.000000e+000
 8.200000e+001  5.864176e-002  0.000000e+000
 8.250000e+001  6.253300e-002  0.000000e+000
 8.300000e+001  5.298625e-002  0.000000e+000
 8.350000e+001  5.481478e-002  0.000000e+000
 8.400000e+001  2.895742e-002  0.000000e+000
 8.450000e+001  4.693372e-002  0.000000e+000
 8.500000e+001  5.139485e-002  0.000000e+000
 8.550000e+001  5.423278e-002  0.000000e+000
 8.600000e+001  4.599698e-002  0.000000e+000
 8.650000e+001  5.309857e-002  0.000000e+000
 8.700000e+001  2.963448e-002  0.000000e+000
 8.750000e+001  2.848938e-002  0.000000e+000
 8.800000e+001  8.012073e-002  0.000000e+000
 8.850000e+001  5.520222e-002  0.000000e+000
 8.900000e+001  1.983232e-002  0.000000e+000
 8.950000e+001  1.490632e-001  0.000000e+000
 9.000000e+001  6.448452e-002  0.000000e+000
 9.050000e+001  5.440781e-002  0.000000e+000
 9.100000e+001  9.793375e-002  0.000000e+000
 9.150000e+001  7.899749e-002  0.000000e+000
 9.200000e+001  3.616610e-002  0.000000e+000
 9.250000e+001  4.771993e-002  0.000000e+000
 9.300000e+001  6.364579e-002  0.000000e+000
 9.350000e+001  6.384400e-002  0.000000e+000
 9.400000e+001  3.031292e-002  0.000000e+000
 9.450000e+001  8.523720e-002  0.000000e+000
 9.500000e+001  5.758298e-002  0.000000e+000
 9.550000e+001  5.187745e-002  0.000000e+000
 9.600000e+001  4.350448e-002  0.000000e+000
 9.650000e+001  7.557459e-002  0.000000e+000
 9.700000e+001  3.868639e-002  0.000000e+000
 9.750000e+001  8.756907e-002  0.000000e+000
 9.800000e+001  1.605443e-002  0.000000e+000
 9.850000e+001  4.536885e-002  0.000000e+000
 9.900000e+001  4.260653e-002  0.000000e+000
 9.950000e+001  6.627284e-002  0.000000e+000
 1.000000e+002  4.010267e-003  0.000000e+000
 1.005000e+002  5.073443e-002  0.000000e+000
 1.010000e+002  4.320876e-002  0.000000e+000
 1.015000e+002  3.667222e-002  0.000000e+000
 1.020000e+002  9.175452e-003  0.000000e+000
 1.025000e+002  4.180565e-002  0.000000e+000
 1.030000e+002  8.847523e-002  0.000000e+000
 1.035000e+002  5.978522e-002  0.000000e+000
 1.040000e+002  7.099775e-002  0.000000e+000
 1.045000e+002  5.579085e-002  0.000000e+000
 1.050000e+002  1.338941e-001  0.000000e+000
 1.055000e+002  1.394407e-002  0.000000e+000
 1.060000e+002  2.022430e-002  0.000000e+000
 1.065000e+002  1.526900e-001  0.000000e+000
 1.070000e+002  1.009890e-001  0.000000e+000
 1.075000e+002  3.426013e-003  0.000000e+000
 1.080000e+002  1.844980e-002  0.000000e+000
 1.085000e+002  1.294066e-001  0.000000e+000
 1.090000e+002  5.144482e-003  0.000000e+000
 1.095000e+002  6.774359e-002  0.000000e+000
 1.100000e+002  2.907951e-002  0.000000e+000
 1.105000e+002  2.511376e-002  0.000000e+000
 1.110000e+002  7.669051e-002  0.000000e+000
 1.115000e+002  7.115956e-002  0.000000e+000
 1.120000e+002  3.191167e-002  0.000000e+000
 1.125000e+002  2.112102e-002  0.000000e+000
 1.130000e+002  4.307379e-004  0.000000e+000
 1.135000e+002  3.600762e-005  0.000000e+000
 1.140000e+002  1.379996e-002  0.000000e+000
 1.145000e+002  5.583167e-002  0.000000e+000
 1.150000e+002  1.240960e-002  0.000000e+000
 1.155000e+002  4.413625e-002  0.000000e+000
 1.160000e+002  8.096890e-002  0.000000e+000
 1.165000e+002  3.356801e-002  0.000000e+000
 1.170000e+002  1.620145e-001  0.000000e+000
 1.175000e+002  1.665071e-003  0.000000e+000
 1.180000e+002  5.737150e-002  0.000000e+000
 1.185000e+002  4.433288e-002  0.000000e+000
 1.190000e+002  1.292860e-001  0.000000e+000
 1.195000e+002  4.750564e-002  0.000000e+000
 1.200000e+002  1.682973e-002  0.000000e+000
 1.205000e+002  9.838624e-003  0.000000e+000
 1.210000e+002  6.923492e-003  0.000000e+000
 1.215000e+002  1.565249e-002  0.000000e+000
 1.220000e+002  2.259180e-001  0.000000e+000
 1.225000e+002  4.231950e-002  0.000000e+000
 1.230000e+002  2.680231e-002  0.000000e+000
 1.235000e+002  1.067580e-001  0.000000e+000
 1.240000e+002  9.251028e-002  0.000000e+000
 1.245000e+002  9.977293e-002  0.000000e+000
 1.250000e+002  5.866027e-002  0.000000e+000
 1.255000e+002  3.960156e-003  0.000000e+000
 1.260000e+002  2.242754e-001  0.000000e+000
 1.265000e+002  1.899287e-002  0.000000e+000
 1.270000e+002  2.086746e-002  0.000000e+000
 1.275000e+002  1.385765e-002  0.000000e+000
 1.280000e+002  5.659505e-004  0.000000e+000
 1.285000e+002  6.917989e-003  0.000000e+000
 1.290000e+002  7.824185e-002  0.000000e+000
 1.295000e+002  3.541045e-002  0.000000e+000
 1.300000e+002  1.805860e-003  0.000000e+000
 1.305000e+002  3.381740e-002  0.000000e+000
 1.310000e+002  1.054093e-001  0.000000e+000
 1.315000e+002  8.753528e-002  0.000000e+000
 1.320000e+002  7.258404e-003  0.000000e+000
 1.325000e+002  1.015587e-001  0.000000e+000
 1.330000e+002  8.416407e-003  0.000000e+000
 1.335000e+002  2.388178e-002  0.000000e+000
 1.340000e+002  2.245688e-002  0.000000e+000
 1.345000e+002  4.308710e-003  0.000000e+000
 1.350000e+002  7.151996e-002  0.000000e+000
 1.355000e+002  1.258081e-001  0.000000e+000
 1.360000e+002  4.924152e-002  0.000000e+000
 1.365000e+002  3.916708e-002  0.000000e+000
 1.370000e+002  3.523129e-003  0.000000e+000
 1.375000e+002  6.492791e-003  0.000000e+000
 1.380000e+002  5.770049e-002  0.000000e+000
 1.385000e+002  2.190324e-002  0.000000e+000
 1.390000e+002  7.326805e-003  0.000000e+000
 1.395000e+002  4.108253e-002  0.000000e+000
 1.400000e+002  9.061144e-002  0.000000e+000
 1.405000e+002  7.134408e-002  0.000000e+000
 1.410000e+002  1.086372e-001  0.000000e+000
 1.415000e+002  5.702178e-002  0.000000e+000
 1.420000e+002  2.832803e-002  0.000000e+000
 1.425000e+002  5.445017e-002  0.000000e+000
 1.430000e+002  4.245051e-003  0.000000e+000
 1.435000e+002  4.953618e-002  0.000000e+000
 1.440000e+002  2.767330e-002  0.000000e+000
 1.445000e+002  4.755155e-003  0.000000e+000
 1.450000e+002  2.223287e-003  0.000000e+000
 1.455000e+002  6.922129e-002  0.000000e+000
 1.460000e+002  1.531841e-001  0.000000e+000
 1.465000e+002  3.432334e-002  0.000000e+000
 1.470000e+002  5.741373e-002  0.000000e+000
 1.475000e+002  2.633762e-002  0.000000e+000
 1.480000e+002  3.743869e-002  0.000000e+000
 1.485000e+002  5.818886e-002  0.000000e+000
 1.490000e+002  1.209016e-001  0.000000e+000
 1.495000e+002  3.242734e-002  0.000000e+000
 1.500000e+002  1.208784e-002  0.000000e+000
 1.505000e+002  9.243032e-003  0.000000e+000
 1.510000e+002  1.269637e-002  0.000000e+000
 1.515000e+002  5.584236e-002  0.000000e+000
 1.520000e+002  2.660309e-002  0.000000e+000
 1.525000e+002  7.222459e-003  0.000000e+000
 1.530000e+002  1.127117e-001  0.000000e+000
 1.535000e+002  1.327972e-001  0.000000e+000
 1.540000e+002  5.629427e-002  0.000000e+000
 1.545000e+002  3.388432e-002  0.000000e+000
 1.550000e+002  2.540410e-002  0.000000e+000
 1.555000e+002  1.996825e-004  0.000000e+000
 1.560000e+002  4.612672e-003  0.000000e+000
 1.565000e+002  1.274389e-002  0.000000e+000
 1.570000e+002  5.869411e-003  0.000000e+000
 1.575000e+002  6.344918e-002  0.000000e+000
 1.580000e+002  5.387877e-002  0.000000e+000
 1.585000e+002  6.022393e-003  0.000000e+000
 1.590000e+002  1.559524e-002  0.000000e+000
 1.595000e+002  1.937219e-002  0.000000e+000
 1.600000e+002  1.117073e-001  0.000000e+000
 1.605000e+002  2.560614e-002  0.000000e+000
 1.610000e+002  2.886003e-003  0.000000e+000
 1.615000e+002  3.296161e-002  0.000000e+000
 1.620000e+002  6.066578e-002  0.000000e+000
 1.625000e+002  7.526410e-002  0.000000e+000
 1.630000e+002  1.569481e-001  0.000000e+000
 1.635000e+002  5.688588e-002  0.000000e+000
 1.640000e+002  7.053050e-003  0.000000e+000
 1.645000e+002  5.827296e-002  0.000000e+000
 1.650000e+002  7.607198e-003  0.000000e+000
 1.655000e+002  6.781685e-002  0.000000e+000
 1.660000e+002  6.406400e-002  0.000000e+000
 1.665000e+002  1.139479e-002  0.000000e+000
 1.670000e+002  5.389499e-002  0.000000e+000
 1.675000e+002  4.221234e-003  0.000000e+000
 1.680000e+002  2.128146e-002  0.000000e+000
 1.685000e+002  3.334205e-002  0.000000e+000
 1.690000e+002  1.528445e-002  0.000000e+000
 1.695000e+002  3.313473e-002  0.000000e+000
 1.700000e+002  1.449397e-002  0.000000e+000
 1.705000e+002  9.381011e-003  0.000000e+000
 1.710000e+002  4.615626e-002  0.000000e+000
 1.715000e+002  4.724985e-002  0.000000e+000
 1.720000e+002  6.157699e-002  0.000000e+000
 1.725000e+002  1.306319e-002  0.000000e+000
 1.730000e+002  2.850289e-002  0.000000e+000
 1.735000e+002  3.708140e-002  0.000000e+000
 1.740000e+002  3.370885e-002  0.000000e+000
 1.745000e+002  2.780131e-002  0.000000e+000
 1.750000e+002  7.973941e-002  0.000000e+000
 1.755000e+002  3.383924e-002  0.000000e+000
 1.760000e+002  9.191781e-003  0.000000e+000
 1.765000e+002  1.214405e-002  0.000000e+000
 1.770000e+002  1.484508e-001  0.000000e+000
 1.775000e+002  2.087808e-001  0.000000e+000
 1.780000e+002  5.341201e-002  0.000000e+000
 1.785000e+002  1.352365e-002  0.000000e+000
 1.790000e+002  1.183582e-002  0.000000e+000
 1.795000e+002  8.202127e-002  0.000000e+000
 1.800000e+002  1.775859e-002  0.000000e+000
 1.805000e+002  5.122832e-003  0.000000e+000
 1.810000e+002  4.302680e-002  0.000000e+000
 1.815000e+002  1.355272e-001  0.000000e+000
 1.820000e+002  4.982160e-002  0.000000e+000
 1.825000e+002  1.968083e-003  0.000000e+000
 1.830000e+002  7.648990e-002  0.000000e+000
 1.835000e+002  6.370489e-002  0.000000e+000
 1.840000e+002  4.292751e-002  0.000000e+000
 1.845000e+002  2.123905e-003  0.000000e+000
 1.850000e+002  1.109170e-002  0.000000e+000
 1.855000e+002  6.073792e-002  0.000000e+000
 1.860000e+002  5.180795e-002  0.000000e+000
 1.865000e+002  1.790033e-002  0.000000e+000
 1.870000e+002  5.233882e-003  0.000000e+000
 1.875000e+002  3.865860e-002  0.000000e+000
 1.880000e+002  5.076174e-003  0.000000e+000
 1.885000e+002  1.424619e-001  0.000000e+000
 1.890000e+002  1.621111e-002  0.000000e+000
 1.895000e+002  1.292249e-002  0.000000e+000
 1.900000e+002  4.460647e-003  0.000000e+000
 1.905000e+002  1.344378e-001  0.000000e+000
 1.910000e+002  9.338617e-002  0.000000e+000
 1.915000e+002  1.690935e-002  0.000000e+000
 1.920000e+002  2.658031e-001  0.000000e+000
 1.925000e+002  2.323250e-002  0.000000e+000
 1.930000e+002  3.153303e-002  0.000000e+000
 1.935000e+002  1.372879e-001  0.000000e+000
 1.940000e+002  1.338394e-003  0.000000e+000
 1.945000e+002  2.110236e-001  0.000000e+000
 1.950000e+002  2.238749e-002  0.000000e+000
 1.955000e+002  8.958388e-002  0.000000e+000
 1.960000e+002  2.804331e-002  0.000000e+000
 1.965000e+002  8.554913e-002  0.000000e+000
 1.970000e+002  5.909466e-002  0.000000e+000
 1.975000e+002  1.689618e-002  0.000000e+000
 1.980000e+002  4.181965e-002  0.000000e+000
 1.985000e+002  2.356057e-002  0.000000e+000
 1.990000e+002  4.357299e-002  0.000000e+000
 1.995000e+002  5.281119e-002  0.000000e+000
 2.000000e+002  5.898692e-002  0.000000e+000
 2.005000e+002  4.601349e-002  0.000000e+000
 2.010000e+002  7.138488e-002  0.000000e+000
 2.015000e+002  5.413267e-002  0.000000e+000
 2.020000e+002  4.769598e-002  0.000000e+000
 2.025000e+002  1.220470e-003  0.000000e+000
 2.030000e+002  2.669063e-002  0.000000e+000
 2.035000e+002  2.843242e-003  0.000000e+000
 2.040000e+002  1.471820e-001  0.000000e+000
 2.045000e+002  3.260311e-002  0.000000e+000
 2.050000e+002  1.040894e-001  0.000000e+000
 2.055000e+002  2.073492e-002  0.000000e+000
 2.060000e+002  8.216306e-003  0.000000e+000
 2.065000e+002  1.539751e-001  0.000000e+000
 2.070000e+002  1.612000e-003  0.000000e+000
 2.075000e+002  8.206483e-003  0.000000e+000
 2.080000e+002  1.016852e-001  0.000000e+000
 2.085000e+002  1.226938e-001  0.000000e+000
 2.090000e+002  4.225175e-003  0.000000e+000
 2.095000e+002  3.904518e-002  0.000000e+000
 2.100000e+002  5.393248e-002  0.000000e+000
 2.105000e+002  3.780657e-002  0.000000e+000
 2.110000e+002  6.198487e-002  0.000000e+000
 2.115000e+002  2.026182e-002  0.000000e+000
 2.120000e+002  1.338685e-002  0.000000e+000
 2.125000e+002  1.599467e-002  0.000000e+000
 2.130000e+002  2.142863e-002  0.000000e+000
 2.135000e+002  1.036667e-001  0.000000e+000
 2.140000e+002  1.529775e-001  0.000000e+000
 2.145000e+002  6.502023e-002  0.000000e+000
 2.150000e+002  3.765846e-002  0.000000e+000
 2.155000e+002  6.131948e-003  0.000000e+000
 2.160000e+002  2.911068e-002  0.000000e+000
 2.165000e+002  4.257201e-002  0.000000e+000
 2.170000e+002  2.380111e-002  0.000000e+000
 2.175000e+002  1.045623e-001  0.000000e+000
 2.180000e+002  5.119723e-002  0.000000e+000
 2.185000e+002  2.587560e-004  0.000000e+000
 2.190000e+002  1.996062e-002  0.000000e+000
 2.195000e+002  1.156056e-001  0.000000e+000
 2.200000e+002  3.720409e-002  0.000000e+000
 2.205000e+002  1.684625e-001  0.000000e+000
 2.210000e+002  1.122522e-002  0.000000e+000
 2.215000e+002  4.286862e-002  0.000000e+000
 2.220000e+002  1.469818e-003  0.000000e+000
 2.225000e+002  6.281830e-002  0.000000e+000
 2.230000e+002  7.150004e-003  0.000000e+000
 2.235000e+002  5.546087e-003  0.000000e+000
 2.240000e+002  1.990132e-003  0.000000e+000
 2.245000e+002  5.305347e-003  0.000000e+000
 2.250000e+002  2.640256e-002  0.000000e+000
 2.255000e+002  2.065777e-002  0.000000e+000
 2.260000e+002  2.427216e-002  0.000000e+000
 2.265000e+002  3.088701e-002  0.000000e+000
 2.270000e+002  5.514633e-002  0.000000e+000
 2.275000e+002  6.820374e-002  0.000000e+000
 2.280000e+002  1.020149e-001  0.000000e+000
 2.285000e+002  2.597312e-002  0.000000e+000
 2.290000e+002  1.985682e-001  0.000000e+000
 2.295000e+002  2.575358e-002  0.000000e+000
 2.300000e+002  1.688685e-001  0.000000e+000
 2.305000e+002  2.942351e-002  0.000000e+000
 2.310000e+002  7.186135e-002  0.000000e+000
 2.315000e+002  9.528971e-002  0.000000e+000
 2.320000e+002  8.303019e-002  0.000000e+000
 2.325000e+002  2.148698e-001  0.000000e+000
 2.330000e+002  1.930980e-002  0.000000e+000
 2.335000e+002  1.105220e-001  0.000000e+000
 2.340000e+002  7.856101e-002  0.000000e+000
 2.345000e+002  1.742749e-001  0.000000e+000
 2.350000e+002  9.671938e-002  0.000000e+000
 2.355000e+002  1.229271e-002  0.000000e+000
 2.360000e+002  2.389772e-003  0.000000e+000
 2.365000e+002  1.095056e-001  0.000000e+000
 2.370000e+002  2.991444e-002  0.000000e+000
 2.375000e+002  1.374803e-001  0.000000e+000
 2.380000e+002  1.570138e-002  0.000000e+000
 2.385000e+002  1.527601e-001  0.000000e+000
 2.390000e+002  2.052814e-001  0.000000e+000
 2.395000e+002  1.226236e-001  0.000000e+000
 2.400000e+002  2.140661e-002  0.000000e+000
 2.405000e+002  8.917606e-003  0.000000e+000
 2.410000e+002  4.150027e-002  0.000000e+000
 2.415000e+002  3.168008e-002  0.000000e+000
 2.420000e+002  1.269718e-002  0.000000e+000
 2.425000e+002  8.163881e-003  0.000000e+000
 2.430000e+002  2.070172e-002  0.000000e+000
 2.435000e+002  1.785839e-001  0.000000e+000
 2.440000e+002  7.754058e-002  0.000000e+000
 2.445000e+002  1.540045e-001  0.000000e+000
 2.450000e+002  1.455355e-001  0.000000e+000
 2.455000e+002  1.450415e-002  0.000000e+000
 2.460000e+002  1.202939e-003  0.000000e+000
 2.465000e+002  3.856753e-002  0.000000e+000
 2.470000e+002  1.642440e-001  0.000000e+000
 2.475000e+002  2.202396e-001  0.000000e+000
 2.480000e+002  1.093242e-002  0.000000e+000
 2.485000e+002  3.836222e-002  0.000000e+000
 2.490000e+002  6.645054e-002  0.000000e+000
 2.495000e+002  4.963373e-002  0.000000e+000
 2.500000e+002  2.610916e-002  0.000000e+000
 2.505000e+002  7.243297e-002  0.000000e+000
 2.510000e+002  1.617430e-002  0.000000e+000
 2.515000e+002  7.118466e-002  0.000000e+000
 2.520000e+002  1.231282e-002  0.000000e+000
 2.525000e+002  2.891737e-002  0.000000e+000
 2.530000e+002  7.085673e-002  0.000000e+000
 2.535000e+002  8.600982e-002  0.000000e+000
 2.540000e+002  8.176734e-002  0.000000e+000
 2.545000e+002  5.490253e-002  0.000000e+000
 2.550000e+002  4.297492e-002  0.000000e+000
 2.555000e+002  2.062574e-002  0.000000e+000
 2.560000e+002  7.207562e-003  0.000000e+000
 2.565000e+002  9.593450e-002  0.000000e+000
 2.570000e+002  2.130220e-002  0.000000e+000
 2.575000e+002  2.245405e-002  0.000000e+000
 2.580000e+002  9.342514e-002  0.000000e+000
 2.585000e+002  3.094748e-002  0.000000e+000
 2.590000e+002  2.219846e-002  0.000000e+000
 2.595000e+002  4.612534e-002  0.000000e+000
 2.600000e+002  4.829178e-002  0.000000e+000
 2.605000e+002  3.898729e-002  0.000000e+000
 2.610000e+002  6.051922e-003  0.000000e+000
 2.615000e+002  2.242934e-002  0.000000e+000
 2.620000e+002  2.793449e-002  0.000000e+000
 2.625000e+002  8.323699e-002  0.000000e+000
 2.630000e+002  1.956442e-002  0.000000e+000
 2.635000e+002  2.330628e-001  0.000000e+000
 2.640000e+002  3.565896e-002  0.000000e+000
 2.645000e+002  7.206183e-002  0.000000e+000
 2.650000e+002  4.715416e-003  0.000000e+000
 2.655000e+002  3.475049e-002  0.000000e+000
 2.660000e+002  7.525778e-003  0.000000e+000
 2.665000e+002  9.786623e-004  0.000000e+000
 2.670000e+002  1.984586e-002  0.000000e+000
 2.675000e+002  1.750922e-002  0.000000e+000
 2.680000e+002  3.849003e-002  0.000000e+000
 2.685000e+002  3.523670e-003  0.000000e+000
 2.690000e+002  5.216018e-002  0.000000e+000
 2.695000e+002  2.008448e-001  0.000000e+000
 2.700000e+002  1.200142e-001  0.000000e+000
 2.705000e+002  1.731446e-001  0.000000e+000
 2.710000e+002  2.522804e-002  0.000000e+000
 2.715000e+002  7.462413e-003  0.000000e+000
 2.720000e+002  2.358352e-002  0.000000e+000
 2.725000e+002  4.550531e-003  0.000000e+000
 2.730000e+002  4.049747e-003  0.000000e+000
 2.735000e+002  1.810495e-002  0.000000e+000
 2.740000e+002  1.083516e-001  0.000000e+000
 2.745000e+002  5.610413e-002  0.000000e+000
 2.750000e+002  3.914210e-002  0.000000e+000
 2.755000e+002  2.174301e-002  0.000000e+000
 2.760000e+002  1.797589e-001  0.000000e+000
 2.765000e+002  6.910467e-002  0.000000e+000
 2.770000e+002  5.277572e-003  0.000000e+000
 2.775000e+002  9.129350e-003  0.000000e+000
 2.780000e+002  2.559471e-003  0.000000e+000
 2.785000e+002  8.284018e-002  0.000000e+000
 2.790000e+002  4.539337e-002  0.000000e+000
 2.795000e+002  2.693019e-002  0.000000e+000
 2.800000e+002  1.747613e-003  0.000000e+000
 2.805000e+002  7.516887e-004  0.000000e+000
 2.810000e+002  3.628080e-002  0.000000e+000
 2.815000e+002  7.541616e-003  0.000000e+000
 2.820000e+002  1.372762e-002  0.000000e+000
 2.825000e+002  1.449737e-001  0.000000e+000
 2.830000e+002  1.822395e-001  0.000000e+000
 2.835000e+002  4.584497e-002  0.000000e+000
 2.840000e+002  6.536614e-002  0.000000e+000
 2.845000e+002  1.929454e-002  0.000000e+000
 2.850000e+002  1.401796e-001  0.000000e+000
 2.855000e+002  7.466850e-002  0.000000e+000
 2.860000e+002  1.709162e-002  0.000000e+000
 2.865000e+002  1.443476e-002  0.000000e+000
 2.870000e+002  8.822320e-002  0.000000e+000
 2.875000e+002  4.713206e-002  0.000000e+000
 2.880000e+002  2.106139e-002  0.000000e+000
 2.885000e+002  2.345049e-002  0.000000e+000
 2.890000e+002  1.791791e-002  0.000000e+000
 2.895000e+002  3.249323e-002  0.000000e+000
 2.900000e+002  3.925155e-002  0.000000e+000
 2.905000e+002  4.093134e-002  0.000000e+000
 2.910000e+002  8.092849e-004  0.000000e+000
 2.915000e+002  1.846934e-002  0.000000e+000
 2.920000e+002  9.347696e-002  0.000000e+000
 2.925000e+002  2.752577e-002  0.000000e+000
 2.930000e+002  2.643175e-003  0.000000e+000
 2.935000e+002  5.068392e-004  0.000000e+000
 2.940000e+002  1.155435e-001  0.000000e+000
 2.945000e+002  3.401604e-002  0.000000e+000
 2.950000e+002  4.529745e-002  0.000000e+000
 2.955000e+002  3.179415e-003  0.000000e+000
 2.960000e+002  2.100367e-002  0.000000e+000
 2.965000e+002  5.174273e-002  0.000000e+000
 2.970000e+002  8.564814e-003  0.000000e+000
 2.975000e+002  2.987279e-003  0.000000e+000
 2.980000e+002  5.525590e-002  0.000000e+000
 2.985000e+002  6.494888e-004  0.000000e+000
 2.990000e+002  4.571695e-002  0.000000e+000
 2.995000e+002  1.305487e-002  0.000000e+000
 3.000000e+002  1.006755e-001  0.000000e+000
 3.005000e+002  3.674507e-003  0.000000e+000
 3.010000e+002  4.837445e-002  0.000000e+000
 3.015000e+002  3.825795e-002  0.000000e+000
 3.020000e+002  4.994060e-003  0.000000e+000
 3.025000e+002  1.318718e-002  0.000000e+000
 3.030000e+002  8.766399e-002  0.000000e+000
 3.035000e+002  1.307095e-001  0.000000e+000
 3.040000e+002  4.348242e-002  0.000000e+000
 3.045000e+002  4.050706e-002  0.000000e+000
 3.050000e+002  2.510713e-001  0.000000e+000
 3.055000e+002  5.893292e-002  0.000000e+000
 3.060000e+002  1.543115e-001  0.000000e+000
 3.065000e+002  3.185878e-002  0.000000e+000
 3.070000e+002  2.084276e-001  0.000000e+000
 3.075000e+002  1.284994e-001  0.000000e+000
 3.080000e+002  1.173883e-002  0.000000e+000
 3.085000e+002  1.265301e-001  0.000000e+000
 3.090000e+002  6.296632e-002  0.000000e+000
 3.095000e+002  6.037071e-003  0.000000e+000
 3.100000e+002  6.974497e-002  0.000000e+000
 3.105000e+002  8.471353e-003  0.000000e+000
 3.110000e+002  2.050271e-001  0.000000e+000
 3.115000e+002  1.229264e-001  0.000000e+000
 3.120000e+002  7.264429e-002  0.000000e+000
 3.125000e+002  1.310481e-002  0.000000e+000
 3.130000e+002  1.344756e-001  0.000000e+000
 3.135000e+002  1.528457e-002  0.000000e+000
 3.140000e+002  5.996660e-002  0.000000e+000
 3.145000e+002  3.440523e-002  0.000000e+000
 3.150000e+002  7.639074e-002  0.000000e+000
 3.155000e+002  6.311414e-002  0.000000e+000
 3.160000e+002  4.148833e-002  0.000000e+000
 3.165000e+002  2.685237e-002  0.000000e+000
 3.170000e+002  3.293803e-002  0.000000e+000
 3.175000e+002  7.522082e-002  0.000000e+000
 3.180000e+002  6.567436e-003  0.000000e+000
 3.185000e+002  8.880965e-002  0.000000e+000
 3.190000e+002  9.077432e-003  0.000000e+000
 3.195000e+002  4.111788e-002  0.000000e+000
 3.200000e+002  2.428106e-002  0.000000e+000
 3.205000e+002  3.648585e-002  0.000000e+000
 3.210000e+002  4.387201e-002  0.000000e+000
 3.215000e+002  5.143000e-002  0.000000e+000
 3.220000e+002  3.549212e-002  0.000000e+000
 3.225000e+002  1.383069e-002  0.000000e+000
 3.230000e+002  1.477551e-001  0.000000e+000
 3.235000e+002  6.216447e-002  0.000000e+000
 3.240000e+002  6.159614e-002  0.000000e+000
 3.245000e+002  4.808235e-004  0.000000e+000
 3.250000e+002  2.700464e-002  0.000000e+000
 3.255000e+002  4.866083e-002  0.000000e+000
 3.260000e+002  5.802486e-002  0.000000e+000
 3.265000e+002  2.775558e-002  0.000000e+000
 3.270000e+002  5.385420e-002  0.000000e+000
 3.275000e+002  4.731049e-002  0.000000e+000
 3.280000e+002  4.581143e-002  0.000000e+000
 3.285000e+002  4.805135e-003  0.000000e+000
 3.290000e+002  1.299371e-002  0.000000e+000
 3.295000e+002  2.888345e-002  0.000000e+000
 3.300000e+002  5.993041e-003  0.000000e+000
 3.305000e+002  8.065033e-002  0.000000e+000
 3.310000e+002  4.774478e-002  0.000000e+000
 3.315000e+002  1.092619e-001  0.000000e+000
 3.320000e+002  2.588948e-002  0.000000e+000
 3.325000e+002  3.808261e-002  0.000000e+000
 3.330000e+002  7.777754e-002  0.000000e+000
 3.335000e+002  1.515021e-002  0.000000e+000
 3.340000e+002  1.997687e-002  0.000000e+000
 3.345000e+002  5.115595e-002  0.000000e+000
 3.350000e+002  4.526797e-002  0.000000e+000
 3.355000e+002  2.421054e-001  0.000000e+000
 3.360000e+002  2.781154e-001  0.000000e+000
 3.365000e+002  2.926376e-001  0.000000e+000
 3.370000e+002  1.256886e-001  0.000000e+000
 3.375000e+002  5.492076e-002  0.000000e+000
 3.380000e+002  5.937676e-002  0.000000e+000
 3.385000e+002  2.418103e-002  0.000000e+000
 3.390000e+002  1.700604e-002  0.000000e+000
 3.395000e+002  7.658939e-002  0.000000e+000
 3.400000e+002  2.115083e-002  0.000000e+000
 3.405000e+002  3.346274e-002  0.000000e+000
 3.410000e+002  4.208140e-002  0.000000e+000
 3.415000e+002  7.356402e-002  0.000000e+000
 3.420000e+002  1.027702e-001  0.000000e+000
 3.425000e+002  8.013987e-002  0.000000e+000
 3.430000e+002  5.965466e-002  0.000000e+000
 3.435000e+002  3.939382e-002  0.000000e+000
 3.440000e+002  4.820677e-003  0.000000e+000
 3.445000e+002  9.165715e-002  0.000000e+000
 3.450000e+002  1.104794e-001  0.000000e+000
 3.455000e+002  9.317783e-002  0.000000e+000
 3.460000e+002  2.818059e-002  0.000000e+000
 3.465000e+002  4.278454e-002  0.000000e+000
 3.470000e+002  7.503165e-002  0.000000e+000
 3.475000e+002  1.936986e-002  0.000000e+000
 3.480000e+002  3.968509e-002  0.000000e+000
 3.485000e+002  8.444095e-003  0.000000e+000
 3.490000e+002  5.022524e-002  0.000000e+000
 3.495000e+002  1.503556e-002  0.000000e+000
 3.500000e+002  2.031825e-001  0.000000e+000
 3.505000e+002  4.651739e-001  0.000000e+000
 3.510000e+002  2.546296e-002  0.000000e+000
 3.515000e+002  3.704724e-002  0.000000e+000
 3.520000e+002  1.269850e-002  0.000000e+000
 3.525000e+002  8.622081e-002  0.000000e+000
 3.530000e+002  4.467197e-002  0.000000e+000
 3.535000e+002  1.451990e-002  0.000000e+000
 3.540000e+002  1.340661e-002  0.000000e+000
 3.545000e+002  1.092222e-002  0.000000e+000
 3.550000e+002  5.544698e-002  0.000000e+000
 3.555000e+002  4.318838e-003  0.000000e+000
 3.560000e+002  1.191633e-002  0.000000e+000
 3.565000e+002  1.151201e-001  0.000000e+000
 3.570000e+002  1.226189e-002  0.000000e+000
 3.575000e+002  3.682698e-002  0.000000e+000
 3.580000e+002  7.287968e-003  0.000000e+000
 3.585000e+002  1.000521e-001  0.000000e+000
 3.590000e+002  7.922658e-003  0.000000e+000
 3.595000e+002  2.854391e-002  0.000000e+000
 3.600000e+002  9.000968e-003  0.000000e+000
 3.605000e+002  6.419168e-002  0.000000e+000
 3.610000e+002  1.073321e-001  0.000000e+000
 3.615000e+002  3.055390e-002  0.000000e+000
 3.620000e+002  3.993054e-002  0.000000e+000
 3.625000e+002  1.203636e-002  0.000000e+000
 3.630000e+002  4.139423e-002  0.000000e+000
 3.635000e+002  1.257779e-002  0.000000e+000
 3.640000e+002  5.986246e-002  0.000000e+000
 3.645000e+002  2.661715e-002  0.000000e+000
 3.650000e+002  3.132010e-002  0.000000e+000
 3.655000e+002  7.595284e-002  0.000000e+000
 3.660000e+002  1.109644e-002  0.000000e+000
 3.665000e+002  9.902844e-003  0.000000e+000
 3.670000e+002  8.517148e-003  0.000000e+000
 3.675000e+002  6.014178e-003  0.000000e+000
 3.680000e+002  3.743453e-002  0.000000e+000
 3.685000e+002  6.670858e-002  0.000000e+000
 3.690000e+002  5.561477e-002  0.000000e+000
 3.695000e+002  3.418542e-002  0.000000e+000
 3.700000e+002  6.815328e-002  0.000000e+000
 3.705000e+002  1.668119e-002  0.000000e+000
 3.710000e+002  5.892101e-003  0.000000e+000
 3.715000e+002  4.173946e-002  0.000000e+000
 3.720000e+002  1.106447e-001  0.000000e+000
 3.725000e+002  1.496985e-002  0.000000e+000
 3.730000e+002  7.569785e-002  0.000000e+000
 3.735000e+002  6.567381e-002  0.000000e+000
 3.740000e+002  1.494469e-001  0.000000e+000
 3.745000e+002  2.345367e-002  0.000000e+000
 3.750000e+002  1.983630e-003  0.000000e+000
 3.755000e+002  1.408920e-001  0.000000e+000
 3.760000e+002  1.169996e-001  0.000000e+000
 3.765000e+002  3.657201e-002  0.000000e+000
 3.770000e+002  4.738953e-003  0.000000e+000
 3.775000e+002  6.172911e-002  0.000000e+000
 3.780000e+002  2.000343e-002  0.000000e+000
 3.785000e+002  2.855096e-002  0.000000e+000
 3.790000e+002  2.462800e-001  0.000000e+000
 3.795000e+002  7.428808e-003  0.000000e+000
 3.800000e+002  5.689270e-002  0.000000e+000
 3.805000e+002  1.055717e-001  0.000000e+000
 3.810000e+002  6.327681e-002  0.000000e+000
 3.815000e+002  5.762093e-002  0.000000e+000
 3.820000e+002  8.030928e-002  0.000000e+000
 3.825000e+002  2.867185e-002  0.000000e+000
 3.830000e+002  1.548316e-002  0.000000e+000
 3.835000e+002  1.906977e-001  0.000000e+000
 3.840000e+002  8.820863e-002  0.000000e+000
 3.845000e+002  7.029589e-002  0.000000e+000
 3.850000e+002  2.363401e-002  0.000000e+000
 3.855000e+002  3.774891e-002  0.000000e+000
 3.860000e+002  3.363696e-002  0.000000e+000
 3.865000e+002  2.801461e-002  0.000000e+000
 3.870000e+002  1.981688e-001  0.000000e+000
 3.875000e+002  8.214334e-002  0.000000e+000
 3.880000e+002  4.934683e-003  0.000000e+000
 3.885000e+002  4.341759e-002  0.000000e+000
 3.890000e+002  3.476051e-002  0.000000e+000
 3.895000e+002  2.916007e-002  0.000000e+000
 3.900000e+002  2.001240e-002  0.000000e+000
 3.905000e+002  1.011877e-001  0.000000e+000
 3.910000e+002  1.195579e-001  0.000000e+000
 3.915000e+002  3.818793e-002  0.000000e+000
 3.920000e+002  3.155368e-002  0.000000e+000
 3.925000e+002  4.213942e-002  0.000000e+000
 3.930000e+002  4.372758e-002  0.000000e+000
 3.935000e+002  1.279587e-002  0.000000e+000
 3.940000e+002  2.357564e-002  0.000000e+000
 3.945000e+002  1.239796e-001  0.000000e+000
 3.950000e+002  2.887285e-002  0.000000e+000
 3.955000e+002  5.965365e-002  0.000000e+000
 3.960000e+002  9.504638e-003  0.000000e+000
 3.965000e+002  2.011408e-002  0.000000e+000
 3.970000e+002  9.352440e-002  0.000000e+000
 3.975000e+002  2.475131e-003  0.000000e+000
 3.980000e+002  4.748403e-002  0.000000e+000
 3.985000e+002  3.832902e-002  0.000000e+000
 3.990000e+002  5.614822e-003  0.000000e+000
 3.995000e+002  6.647147e-002  0.000000e+000
 4.000000e+002  6.603865e-002  0.000000e+000
 4.005000e+002  5.439002e-002  0.000000e+000
 4.010000e+002  1.159579e-001  0.000000e+000
 4.015000e+002  8.328254e-002  0.000000e+000
 4.020000e+002  2.936718e-002  0.000000e+000
 4.025000e+002  7.657877e-002  0.000000e+000
 4.030000e+002  1.537050e-001  0.000000e+000
 4.035000e+002  3.117963e-002  0.000000e+000
 4.040000e+002  1.790803e-002  0.000000e+000
 4.045000e+002  4.301265e-002  0.000000e+000
 4.050000e+002  9.956204e-002  0.000000e+000
 4.055000e+002  1.845324e-002  0.000000e+000
 4.060000e+002  4.776544e-002  0.000000e+000
 4.065000e+002  1.885774e-002  0.000000e+000
 4.070000e+002  2.466495e-003  0.000000e+000
 4.075000e+002  1.582487e-002  0.000000e+000
 4.080000e+002  2.620630e-003  0.000000e+000
 4.085000e+002  1.922059e-002  0.000000e+000
 4.090000e+002  1.426123e-002  0.000000e+000
 4.095000e+002  1.894210e-002  0.000000e+000
 4.100000e+002  1.009857e-001  0.000000e+000
 4.105000e+002  4.856286e-002  0.000000e+000
 4.110000e+002  2.992256e-002  0.000000e+000
 4.115000e+002  6.118539e-002  0.000000e+000
 4.120000e+002  7.627457e-003  0.000000e+000
 4.125000e+002  8.279768e-002  0.000000e+000
 4.130000e+002  3.330728e-002  0.000000e+000
 4.135000e+002  5.428196e-002  0.000000e+000
 4.140000e+002  1.353450e-002  0.000000e+000
 4.145000e+002  5.213758e-002  0.000000e+000
 4.150000e+002  2.392634e-001  0.000000e+000
 4.155000e+002  1.787175e-002  0.000000e+000
 4.160000e+002  9.670774e-003  0.000000e+000
 4.165000e+002  2.659470e-002  0.000000e+000
 4.170000e+002  2.680696e-003  0.000000e+000
 4.175000e+002  2.863184e-002  0.000000e+000
 4.180000e+002  1.706955e-003  0.000000e+000
 4.185000e+002  4.351635e-002  0.000000e+000
 4.190000e+002  5.527472e-003  0.000000e+000
 4.195000e+002  6.382687e-003  0.000000e+000
 4.200000e+002  3.308787e-003  0.000000e+000
 4.205000e+002  2.208116e-002  0.000000e+000
 4.210000e+002  1.566839e-003  0.000000e+000
 4.215000e+002  1.023396e-002  0.000000e+000
 4.220000e+002  9.215439e-002  0.000000e+000
 4.225000e+002  3.972590e-002  0.000000e+000
 4.230000e+002  2.268331e-002  0.000000e+000
 4.235000e+002  2.594893e-002  0.000000e+000
 4.240000e+002  3.238589e-002  0.000000e+000
 4.245000e+002  2.981404e-002  0.000000e+000
 4.250000e+002  3.010763e-002  0.000000e+000
 4.255000e+002  2.190947e-002  0.000000e+000
 4.260000e+002  2.340030e-002  0.000000e+000
 4.265000e+002  1.223239e-001  0.000000e+000
 4.270000e+002  2.529819e-002  0.000000e+000
 4.275000e+002  4.146849e-002  0.000000e+000
 4.280000e+002  1.410078e-002  0.000000e+000
 4.285000e+002  4.558178e-002  0.000000e+000
 4.290000e+002  1.976688e-002  0.000000e+000
 4.295000e+002  3.374003e-002  0.000000e+000
 4.300000e+002  1.473186e-002  0.000000e+000
 4.305000e+002  3.260277e-002  0.000000e+000
 4.310000e+002  8.386628e-002  0.000000e+000
 4.315000e+002  1.302972e-002  0.000000e+000
 4.320000e+002  1.196471e-002  0.000000e+000
 4.325000e+002  5.987004e-002  0.000000e+000
 4.330000e+002  1.919693e-002  0.000000e+000
 4.335000e+002  1.546527e-002  0.000000e+000
 4.340000e+002  4.106065e-002  0.000000e+000
 4.345000e+002  6.672534e-002  0.000000e+000
 4.350000e+002  3.883070e-002  0.000000e+000
 4.355000e+002  3.042901e-003  0.000000e+000
 4.360000e+002  2.895825e-002  0.000000e+000
 4.365000e+002  6.968041e-003  0.000000e+000
 4.370000e+002  2.960288e-002  0.000000e+000
 4.375000e+002  4.221647e-004  0.000000e+000
 4.380000e+002  4.585417e-002  0.000000e+000
 4.385000e+002  2.581778e-002  0.000000e+000
 4.390000e+002  2.152190e-002  0.000000e+000
 4.395000e+002  1.036360e-002  0.000000e+000
 4.400000e+002  1.017823e-001  0.000000e+000
 4.405000e+002  2.624329e-002  0.000000e+000
 4.410000e+002  2.948264e-003  0.000000e+000
 4.415000e+002  4.612798e-002  0.000000e+000
 4.420000e+002  2.327582e-002  0.000000e+000
 4.425000e+002  9.350685e-003  0.000000e+000
 4.430000e+002  1.828050e-002  0.000000e+000
 4.435000e+002  2.526208e-002  0.000000e+000
 4.440000e+002  8.582568e-004  0.000000e+000
 4.445000e+002  2.170194e-002  0.000000e+000
 4.450000e+002  2.725546e-002  0.000000e+000
 4.455000e+002  5.851931e-002  0.000000e+000
 4.460000e+002  2.054317e-002  0.000000e+000
 4.465000e+002  4.222767e-002  0.000000e+000
 4.470000e+002  2.014245e-003  0.000000e+000
 4.475000e+002  6.450222e-003  0.000000e+000
 4.480000e+002  3.219749e-002  0.000000e+000
 4.485000e+002  7.712697e-002  0.000000e+000
 4.490000e+002  3.634414e-002  0.000000e+000
 4.495000e+002  8.146265e-002  0.000000e+000
 4.500000e+002  1.882692e-002  0.000000e+000
 4.505000e+002  1.888928e-002  0.000000e+000
 4.510000e+002  1.530320e-003  0.000000e+000
 4.515000e+002  3.325653e-002  0.000000e+000
 4.520000e+002  5.939863e-002  0.000000e+000
 4.525000e+002  5.377837e-002  0.000000e+000
 4.530000e+002  3.516444e-002  0.000000e+000
 4.535000e+002  1.826237e-002  0.000000e+000
 4.540000e+002  2.027394e-001  0.000000e+000
 4.545000e+002  5.620172e-002  0.000000e+000
 4.550000e+002  1.300873e-002  0.000000e+000
 4.555000e+002  2.816107e-002  0.000000e+000
 4.560000e+002  1.146370e-001  0.000000e+000
 4.565000e+002  1.638774e-002  0.000000e+000
 4.570000e+002  1.069233e-004  0.000000e+000
 4.575000e+002  7.804921e-002  0.000000e+000
 4.580000e+002  1.381478e-001  0.000000e+000
 4.585000e+002  7.321947e-002  0.000000e+000
 4.590000e+002  6.905829e-003  0.000000e+000
 4.595000e+002  7.853488e-002  0.000000e+000
 4.600000e+002  4.303365e-003  0.000000e+000
 4.605000e+002  1.539813e-003  0.000000e+000
 4.610000e+002  1.076023e-003  0.000000e+000
 4.615000e+002  9.005724e-002  0.000000e+000
 4.620000e+002  2.758348e-002  0.000000e+000
 4.625000e+002  1.646866e-001  0.000000e+000
 4.630000e+002  3.781497e-002  0.000000e+000
 4.635000e+002  4.703968e-002  0.000000e+000
 4.640000e+002  3.042553e-002  0.000000e+000
 4.645000e+002  8.591713e-002  0.000000e+000
 4.650000e+002  5.010980e-003  0.000000e+000
 4.655000e+002  3.637784e-002  0.000000e+000
 4.660000e+002  4.783754e-003  0.000000e+000
 4.665000e+002  4.894872e-002  0.000000e+000
 4.670000e+002  4.918088e-003  0.000000e+000
 4.675000e+002  1.359550e-002  0.000000e+000
 4.680000e+002  9.941172e-002  0.000000e+000
 4.685000e+002  4.199622e-002  0.000000e+000
 4.690000e+002  1.821543e-002  0.000000e+000
 4.695000e+002  8.423856e-002  0.000000e+000
 4.700000e+002  3.070347e-002  0.000000e+000
 4.705000e+002  4.853823e-002  0.000000e+000
 4.710000e+002  1.738640e-001  0.000000e+000
 4.715000e+002  1.477769e-001  0.000000e+000
 4.720000e+002  2.135521e-002  0.000000e+000
 4.725000e+002  8.251452e-002  0.000000e+000
 4.730000e+002  8.171022e-003  0.000000e+000
 4.735000e+002  4.217489e-002  0.000000e+000
 4.740000e+002  9.443401e-003  0.000000e+000
 4.745000e+002  2.102103e-002  0.000000e+000
 4.750000e+002  1.816937e-003  0.000000e+000
 4.755000e+002  1.017253e-002  0.000000e+000
 4.760000e+002  7.514963e-002  0.000000e+000
 4.765000e+002  7.366490e-002  0.000000e+000
 4.770000e+002  1.087717e-002  0.000000e+000
 4.775000e+002  1.357116e-001  0.000000e+000
 4.780000e+002  2.934005e-002  0.000000e+000
 4.785000e+002  3.977739e-002  0.000000e+000
 4.790000e+002  3.827669e-003  0.000000e+000
 4.795000e+002  5.732132e-003  0.000000e+000
 4.800000e+002  7.918541e-004  0.000000e+000
 4.805000e+002  3.849381e-002  0.000000e+000
 4.810000e+002  1.191185e-001  0.000000e+000
 4.815000e+002  5.888710e-002  0.000000e+000
 4.820000e+002  3.959997e-002  0.000000e+000
 4.825000e+002  2.717899e-002  0.000000e+000
 4.830000e+002  2.682912e-002  0.000000e+000
 4.835000e+002  3.123756e-002  0.000000e+000
 4.840000e+002  8.161211e-002  0.000000e+000
 4.845000e+002  1.002986e-001  0.000000e+000
 4.850000e+002  2.236120e-002  0.000000e+000
 4.855000e+002  7.685679e-002  0.000000e+000
 4.860000e+002  3.091607e-002  0.000000e+000
 4.865000e+002  5.329632e-002  0.000000e+000
 4.870000e+002  3.028652e-002  0.000000e+000
 4.875000e+002  3.164556e-003  0.000000e+000
 4.880000e+002  4.917837e-003  0.000000e+000
 4.885000e+002  3.747164e-002  0.000000e+000
 4.890000e+002  8.715644e-002  0.000000e+000
 4.895000e+002  1.411343e-001  0.000000e+000
 4.900000e+002  3.546291e-002  0.000000e+000
 4.905000e+002  7.329955e-002  0.000000e+000
 4.910000e+002  4.927340e-002  0.000000e+000
 4.915000e+002  1.345022e-002  0.000000e+000
 4.920000e+002  5.720857e-002  0.000000e+000
 4.925000e+002  6.580961e-002  0.000000e+000
 4.930000e+002  5.498533e-002  0.000000e+000
 4.935000e+002  1.816299e-001  0.000000e+000
 4.940000e+002  9.826891e-004  0.000000e+000
 4.945000e+002  3.294770e-002  0.000000e+000
 4.950000e+002  2.636314e-002  0.000000e+000
 4.955000e+002  2.851680e-002  0.000000e+000
 4.960000e+002  2.057029e-003  0.000000e+000
 4.965000e+002  2.487537e-002  0.000000e+000
 4.970000e+002  4.127659e-002  0.000000e+000
 4.975000e+002  3.141529e-002  0.000000e+000
 4.980000e+002  9.354435e-002  0.000000e+000
 4.985000e+002  1.252317e-002  0.000000e+000
 4.990000e+002  2.555038e-002  0.000000e+000
 4.995000e+002  3.883997e-002  0.000000e+000
 5.000000e+002  4.008439e-002  0.000000e+000
 5.005000e+002  3.264559e-003  0.000000e+000
 5.010000e+002  1.651378e-002  0.000000e+000
 5.015000e+002  8.631104e-002  0.000000e+000
 5.020000e+002  1.983396e-002  0.000000e+000
 5.025000e+002  8.160412e-003  0.000000e+000
 5.030000e+002  3.076741e-003  0.000000e+000
 5.035000e+002  9.975985e-002  0.000000e+000
 5.040000e+002  3.575839e-002  0.000000e+000
 5.045000e+002  3.575646e-002  0.000000e+000
 5.050000e+002  1.484692e-002  0.000000e+000
 5.055000e+002  5.917277e-002  0.000000e+000
 5.060000e+002  2.567809e-002  0.000000e+000
 5.065000e+002  2.369262e-002  0.000000e+000
 5.070000e+002  3.363901e-002  0.000000e+000
 5.075000e+002  2.207117e-002  0.000000e+000
 5.080000e+002  5.313314e-002  0.000000e+000
 5.085000e+002  5.784675e-002  0.000000e+000
 5.090000e+002  1.191079e-001  0.000000e+000
 5.095000e+002  2.250696e-002  0.000000e+000
 5.100000e+002  2.873445e-003  0.000000e+000
 5.105000e+002  5.355703e-002  0.000000e+000
 5.110000e+002  4.877947e-002  0.000000e+000
 5.115000e+002  3.605209e-002  0.000000e+000
 5.120000e+002  4.920571e-002  0.000000e+000
