 0.000000e+000  2.616996e-007  0.000000e+000
 1.000000e+000 -1.113217e-006 -1.120902e-006
 2.000000e+000 -1.489813e-006 -5.690991e-007
 3.000000e+000 -1.732797e-006 -1.943424e-007
 4.000000e+000 -1.455402e-006 -4.147969e-007
 5.000000e+000 -1.959910e-006 -1.005682e-006
 6.000000e+000 -1.783354e-006  1.778570e-007
 7.000000e+000 -1.699637e-006 -4.957276e-007
 8.000000e+000 -1.745053e-006 -4.914398e-007
 9.000000e+000 -1.847625e-006 -4.926654e-007
 1.000000e+001 -1.917184e-006 -4.027755e-007
 1.100000e+001 -1.924911e-006 -4.783634e-007
 1.200000e+001 -1.916027e-006 -5.316329e-007
 1.300000e+001 -2.007360e-006 -5.568147e-007
 1.400000e+001 -2.117633e-006 -6.581673e-007
 1.500000e+001 -2.047794e-006 -8.096552e-007
 1.600000e+001 -2.461387e-006 -8.639643e-007
 1.700000e+001 -2.521357e-006 -9.470519e-007
 1.800000e+001 -2.022010e-006 -1.744715e-005
 1.900000e+001 -4.608349e-006 -2.117455e-006
 2.000000e+001 -5.705635e-006 -3.317142e-006
 2.100000e+001 -9.768005e-006 -5.349148e-006
 2.200000e+001 -1.384864e-005  1.369003e-004
 2.300000e+001  9.161202e-006  4.358421e-006
 2.400000e+001  3.494489e-006  2.533332e-006
 2.500000e+001  2.145791e-006  1.853704e-006
 2.600000e+001  1.206808e-006  1.450536e-006
 2.700000e+001  7.685607e-007  1.000804e-006
 2.800000e+001  4.704288e-007  8.602614e-007
 2.900000e+001  2.138436e-007  6.410398e-007
 3.000000e+001 -1.576862e-007  6.235952e-007
 3.100000e+001 -1.975626e-008  4.466999e-007
 3.200000e+001 -1.438129e-007  2.901188e-007
 3.300000e+001 -3.386982e-007  3.576782e-007
 3.400000e+001 -3.815390e-007  3.979541e-007
 3.500000e+001 -5.071401e-007  2.742056e-007
 3.600000e+001 -7.880941e-007  7.994670e-006
 3.700000e+001 -5.446296e-007  3.230847e-007
 3.800000e+001 -5.666140e-007  3.046171e-007
 3.900000e+001 -7.620968e-007  2.122534e-007
 4.000000e+001 -7.115229e-007  2.024663e-007
 4.100000e+001 -6.902542e-007  7.965490e-008
 4.200000e+001 -5.287240e-007  8.464128e-008
 4.300000e+001 -1.185434e-006  3.549972e-007
 4.400000e+001 -1.007421e-006  2.333746e-007
 4.500000e+001 -1.081978e-006  1.864244e-007
 4.600000e+001 -1.172983e-006  2.239843e-007
 4.700000e+001 -1.121537e-006  1.795702e-007
 4.800000e+001 -1.343629e-006  2.168909e-007
 4.900000e+001 -1.368493e-006  2.353640e-007
 5.000000e+001 -1.362119e-006  3.236190e-007
 5.100000e+001 -1.567454e-006  4.024640e-007
 5.200000e+001 -1.960196e-006  4.731595e-007
 5.300000e+001 -2.572360e-006  8.050200e-007
 5.400000e+001 -1.506139e-005  5.540724e-006
 5.500000e+001  3.629365e-007 -9.366264e-007
 5.600000e+001 -7.551683e-007 -3.302762e-007
 5.700000e+001 -1.076432e-006 -1.747742e-007
 5.800000e+001 -1.156303e-006 -4.004687e-007
 5.900000e+001 -1.335031e-006 -3.221281e-008
 6.000000e+001 -1.608765e-006 -1.034973e-007
 6.100000e+001 -1.651324e-006  1.170829e-007
 6.200000e+001 -1.833337e-006  1.776348e-007
 6.300000e+001 -1.931655e-006  1.287312e-007
 6.400000e+001 -2.194272e-006  1.884578e-007
 6.500000e+001 -2.514485e-006  2.985297e-007
 6.600000e+001 -1.501391e-006  6.135509e-007
 6.700000e+001 -2.923807e-006  5.032258e-007
 6.800000e+001 -3.564405e-006  6.602398e-007
 6.900000e+001 -4.543379e-006  8.755209e-007
 7.000000e+001 -6.134098e-006  1.619358e-006
 7.100000e+001 -9.390982e-006  3.851601e-006
 7.200000e+001 -7.769467e-006  1.123631e-005
 7.300000e+001  9.418691e-006  1.191885e-005
 7.400000e+001  6.302280e-006  4.703299e-006
 7.500000e+001  5.253939e-006  2.815596e-006
 7.600000e+001  4.111069e-006  1.663719e-006
 7.700000e+001  3.649301e-006  1.288459e-006
 7.800000e+001  2.963385e-006  1.217160e-006
 7.900000e+001  2.711744e-006  1.119856e-006
 8.000000e+001  2.536195e-006  8.580981e-007
 8.100000e+001  2.285514e-006  7.459052e-007
 8.200000e+001  2.136803e-006  5.426367e-007
 8.300000e+001  1.998676e-006  3.142464e-007
 8.400000e+001  1.776227e-006  2.354013e-007
 8.500000e+001  1.615442e-006  1.462520e-007
 8.600000e+001  1.537699e-006  1.390548e-007
 8.700000e+001  1.369807e-006  1.806503e-007
 8.800000e+001  1.399126e-006  6.111299e-008
 8.900000e+001  1.335434e-006  4.381897e-008
 9.000000e+001  1.550906e-006  5.707957e-007
 9.100000e+001  1.387763e-006 -3.383302e-007
 9.200000e+001  1.233098e-006 -3.922050e-007
 9.300000e+001  1.082881e-006 -4.881043e-007
 9.400000e+001  9.687232e-007 -3.828095e-007
 9.500000e+001  8.516035e-007 -3.906547e-007
 9.600000e+001  7.646003e-007 -4.341285e-007
 9.700000e+001  7.378498e-007 -4.439708e-007
 9.800000e+001  6.355216e-007 -3.916677e-007
 9.900000e+001  6.600223e-007 -2.730880e-007
 1.000000e+002  5.902605e-007 -2.918413e-007
 1.010000e+002  5.750339e-007 -2.812414e-007
 1.020000e+002  5.350192e-007 -3.864072e-007
 1.030000e+002  4.576307e-007 -3.146734e-007
 1.040000e+002  4.632301e-007 -2.787319e-007
 1.050000e+002  4.381201e-007 -2.429870e-007
 1.060000e+002  4.374679e-007 -2.619224e-007
 1.070000e+002  4.592565e-007 -3.754934e-007
 1.080000e+002  5.138998e-007 -5.348758e-007
 1.090000e+002  4.155482e-007  5.862205e-008
 1.100000e+002  3.962776e-007 -1.019569e-007
 1.110000e+002  4.239681e-007 -1.597280e-007
 1.120000e+002  4.011952e-007 -1.695798e-007
 1.130000e+002  4.021651e-007 -1.781878e-007
 1.140000e+002  4.034523e-007 -2.097744e-007
 1.150000e+002  3.773249e-007 -1.625154e-007
 1.160000e+002  3.363964e-007 -1.723489e-007
 1.170000e+002  3.715329e-007 -2.334786e-007
 1.180000e+002  3.719582e-007 -1.663620e-007
 1.190000e+002  3.461490e-007 -1.643230e-007
 1.200000e+002  2.151937e-007 -3.277786e-007
 1.210000e+002  3.457054e-007 -1.524353e-007
 1.220000e+002  3.437592e-007 -1.939336e-007
 1.230000e+002  2.851349e-007 -1.823594e-007
 1.240000e+002  2.321919e-007 -2.294578e-007
 1.250000e+002  3.219295e-007 -2.187918e-007
 1.260000e+002  4.944547e-007  2.861238e-007
 1.270000e+002  4.260543e-007 -5.088441e-008
 1.280000e+002  3.478069e-007 -1.684298e-007
 1.290000e+002  3.699938e-007 -1.581998e-007
 1.300000e+002  3.434370e-007 -1.475942e-007
 1.310000e+002  3.473204e-007 -1.333018e-007
 1.320000e+002  3.138891e-007 -1.827736e-007
 1.330000e+002  3.212647e-007 -1.942691e-007
 1.340000e+002  3.136223e-007 -1.747209e-007
 1.350000e+002  3.268325e-007 -1.274091e-007
 1.360000e+002  3.213962e-007 -1.756580e-007
 1.370000e+002  2.882426e-007 -1.675917e-007
 1.380000e+002  1.704116e-007 -4.526072e-008
 1.390000e+002  2.750316e-007 -1.135644e-007
 1.400000e+002  2.678583e-007 -1.282969e-007
 1.410000e+002  3.072978e-007 -1.806134e-007
 1.420000e+002  2.657095e-007 -1.420258e-007
 1.430000e+002  2.351932e-007 -1.016298e-007
 1.440000e+002  5.494251e-007 -6.778580e-007
 1.450000e+002  2.663892e-007 -9.792005e-008
 1.460000e+002  2.769105e-007 -1.130360e-007
 1.470000e+002  2.551187e-007 -1.015729e-007
 1.480000e+002  2.573375e-007 -1.313520e-007
 1.490000e+002  2.859477e-007 -7.608677e-008
 1.500000e+002  2.871605e-007 -2.227390e-008
 1.510000e+002  2.797392e-007 -3.680926e-007
 1.520000e+002  2.475370e-007 -1.671149e-007
 1.530000e+002  1.782364e-007 -1.229834e-007
 1.540000e+002  2.598500e-007 -1.502535e-007
 1.550000e+002  2.352070e-007 -1.075215e-007
 1.560000e+002  2.430787e-007 -1.072186e-007
 1.570000e+002  1.754026e-007 -1.205310e-007
 1.580000e+002  2.137685e-007 -1.393069e-007
 1.590000e+002  1.703412e-007 -8.699682e-008
 1.600000e+002  1.458229e-007 -5.583594e-008
 1.610000e+002  5.555109e-009 -2.023463e-008
 1.620000e+002 -1.062260e-006 -6.916296e-008
 1.630000e+002  7.913947e-007 -1.704835e-007
 1.640000e+002  4.221178e-007 -4.936045e-008
 1.650000e+002  3.476921e-007 -5.385966e-008
 1.660000e+002  4.034031e-007 -4.004992e-008
 1.670000e+002  3.616669e-007  6.501247e-009
 1.680000e+002  3.199244e-007  2.585138e-008
 1.690000e+002  2.554200e-007 -2.616162e-008
 1.700000e+002  2.903537e-007  4.427848e-010
 1.710000e+002  3.155581e-007  4.320657e-008
 1.720000e+002  2.787461e-007  2.961304e-008
 1.730000e+002  2.795623e-007  1.201234e-007
 1.740000e+002  6.838378e-007  6.036054e-007
 1.750000e+002  3.386280e-007 -9.086189e-008
 1.760000e+002  2.864793e-007 -9.526528e-008
 1.770000e+002  2.836529e-007 -1.288676e-008
 1.780000e+002  3.984829e-007  2.727996e-008
 1.790000e+002  4.211242e-007  1.710571e-008
 1.800000e+002 -1.114203e-006 -9.657050e-007
 1.810000e+002  2.428176e-007 -1.678769e-007
 1.820000e+002  2.273598e-007 -1.137779e-007
 1.830000e+002  2.435671e-007 -8.040210e-008
 1.840000e+002  1.546066e-007 -9.421551e-008
 1.850000e+002  1.405080e-007 -1.116797e-007
 1.860000e+002  8.673621e-007  1.135399e-007
 1.870000e+002  4.143253e-007 -1.565129e-008
 1.880000e+002  3.357432e-007 -1.816329e-008
 1.890000e+002  2.892264e-007 -1.066382e-008
 1.900000e+002  3.014176e-007 -2.011317e-008
 1.910000e+002  2.975626e-007 -1.433041e-009
 1.920000e+002  3.137958e-007 -4.956994e-008
 1.930000e+002  3.133799e-007 -2.486492e-008
 1.940000e+002  3.328606e-007  4.004609e-008
 1.950000e+002  2.955638e-007  5.755717e-009
 1.960000e+002  2.628549e-007  3.331905e-008
 1.970000e+002  3.419203e-007  7.420278e-008
 1.980000e+002 -8.220904e-007 -1.090418e-006
 1.990000e+002  1.120375e-007 -1.019278e-008
 2.000000e+002  1.973997e-007 -8.066102e-009
 2.010000e+002  2.479474e-007  1.133249e-008
 2.020000e+002  1.864800e-007  3.027580e-008
 2.030000e+002  2.437463e-007 -1.546105e-009
 2.040000e+002  2.398280e-007  6.700964e-008
 2.050000e+002  1.907498e-007  3.404363e-008
 2.060000e+002  1.920625e-007  3.415981e-009
 2.070000e+002  2.494838e-007 -2.745448e-008
 2.080000e+002  2.238202e-007  5.825993e-008
 2.090000e+002  2.669224e-007  9.153732e-008
 2.100000e+002  1.660049e-007  1.221396e-007
 2.110000e+002  2.405009e-007 -1.193684e-010
 2.120000e+002  1.837640e-007  2.505307e-008
 2.130000e+002  1.630025e-007  7.685169e-008
 2.140000e+002  2.145111e-007  4.168921e-008
 2.150000e+002  1.698204e-007  1.283348e-007
 2.160000e+002  1.354246e-007 -1.101612e-007
 2.170000e+002  3.418989e-007 -9.878240e-008
 2.180000e+002  2.622760e-007 -1.653382e-008
 2.190000e+002  2.567718e-007 -2.016909e-009
 2.200000e+002  2.516216e-007 -4.356652e-008
 2.210000e+002  2.474947e-007 -2.047883e-008
 2.220000e+002  1.242900e-008 -4.052971e-008
 2.230000e+002  2.029748e-007  5.010091e-008
 2.240000e+002  2.058622e-007 -1.497567e-008
 2.250000e+002  2.038240e-007  2.336789e-008
 2.260000e+002  2.135814e-007  3.257165e-008
 2.270000e+002  1.748846e-007  4.513982e-008
 2.280000e+002  1.947493e-007  6.999126e-008
 2.290000e+002  1.757562e-007  4.354441e-008
 2.300000e+002  1.502113e-007  1.200468e-007
 2.310000e+002  1.951512e-007  1.276307e-008
 2.320000e+002  9.620193e-008  2.437567e-008
 2.330000e+002 -3.829724e-009  6.439011e-008
 2.340000e+002  3.641870e-007  2.082807e-008
 2.350000e+002  1.840194e-007 -8.104351e-008
 2.360000e+002 -8.202637e-009  9.603174e-008
 2.370000e+002  1.254028e-007  1.396909e-007
 2.380000e+002  2.175660e-007  2.149979e-007
 2.390000e+002  1.893091e-007  1.516264e-007
 2.400000e+002  1.991164e-007 -9.440102e-009
 2.410000e+002  2.139486e-007  5.492716e-008
 2.420000e+002  2.461012e-007  5.805799e-008
 2.430000e+002  1.473774e-007  1.234538e-007
 2.440000e+002  1.715430e-007  9.581253e-008
 2.450000e+002  1.379137e-007  1.416599e-007
 2.460000e+002  2.085568e-007  1.395191e-007
 2.470000e+002  1.586450e-007  4.306275e-008
 2.480000e+002  2.461420e-007  2.682794e-009
 2.490000e+002  1.858565e-007  2.815915e-008
 2.500000e+002  2.371924e-007  1.638519e-008
 2.510000e+002  2.684160e-007 -5.589169e-008
 2.520000e+002  1.720815e-008  1.565017e-006
 2.530000e+002  2.895912e-007 -1.800888e-007
 2.540000e+002  1.376162e-008 -8.940327e-008
 2.550000e+002  7.507690e-009  1.200511e-007
 2.560000e+002 -1.698178e-008  2.628636e-007
 2.570000e+002  3.952934e-008  1.750262e-007
 2.580000e+002 -4.867601e-008  3.805479e-007
 2.590000e+002 -1.593384e-008  9.714336e-008
 2.600000e+002  5.754664e-008  2.128155e-007
 2.610000e+002  1.413282e-007  1.253580e-007
 2.620000e+002  1.026155e-007  1.577224e-007
 2.630000e+002  1.178804e-007  1.703333e-007
 2.640000e+002  1.321380e-007  1.656935e-007
 2.650000e+002  1.029118e-007  9.311055e-008
 2.660000e+002  8.188963e-008  1.081883e-007
 2.670000e+002  7.950099e-008  7.593604e-008
 2.680000e+002  1.061234e-007  1.196869e-007
 2.690000e+002  1.077977e-007  4.709232e-009
 2.700000e+002 -7.724419e-008 -2.892864e-007
 2.710000e+002  3.242753e-007  2.235274e-007
 2.720000e+002  1.572684e-007  1.598881e-007
 2.730000e+002  1.495891e-007  1.194186e-007
 2.740000e+002  9.182028e-008  3.783988e-008
 2.750000e+002  9.082904e-008  5.219280e-008
 2.760000e+002  1.893003e-007  1.401197e-007
 2.770000e+002  2.128948e-007  3.408187e-008
 2.780000e+002  9.021373e-008  5.321485e-008
 2.790000e+002  5.306065e-008  5.860915e-008
 2.800000e+002  1.484015e-007  2.610218e-008
 2.810000e+002  1.491773e-007  4.016810e-008
 2.820000e+002  6.511376e-007  8.390173e-008
 2.830000e+002 -2.535476e-007  1.049142e-008
 2.840000e+002  4.208413e-008  3.772914e-008
 2.850000e+002 -4.244521e-008  9.401688e-009
 2.860000e+002 -5.792274e-008  7.326879e-008
 2.870000e+002 -4.754358e-008 -2.035527e-008
 2.880000e+002  1.721039e-008  1.882302e-007
 2.890000e+002 -1.051641e-008  6.314440e-008
 2.900000e+002  7.931787e-008  7.779042e-008
 2.910000e+002  3.782405e-008  4.749049e-008
 2.920000e+002  4.238661e-008  4.825324e-008
 2.930000e+002  8.751864e-008  3.201688e-008
 2.940000e+002  8.927391e-007  1.072072e-007
 2.950000e+002  6.896432e-009  2.244453e-008
 2.960000e+002  2.295883e-008  2.428212e-008
 2.970000e+002  5.213589e-009 -1.695661e-008
 2.980000e+002 -5.298809e-008  2.904886e-008
 2.990000e+002  5.300341e-008 -2.854707e-008
 3.000000e+002  9.871610e-008 -4.865581e-008
 3.010000e+002  3.171225e-008  5.607836e-008
 3.020000e+002 -3.147075e-008  2.250076e-008
 3.030000e+002  3.769979e-008 -3.961562e-008
 3.040000e+002 -9.314291e-008  2.281726e-008
 3.050000e+002 -1.143150e-007  2.991110e-008
 3.060000e+002  4.329182e-007 -1.695594e-007
 3.070000e+002  9.772021e-008  7.089321e-008
 3.080000e+002  6.836244e-008  2.990660e-008
 3.090000e+002  8.174532e-008 -2.946403e-008
 3.100000e+002  3.885538e-008  7.408426e-009
 3.110000e+002  9.559238e-008 -2.755969e-008
 3.120000e+002  8.860137e-008 -3.697725e-008
 3.130000e+002  5.447819e-008  1.806069e-008
 3.140000e+002  5.217373e-009 -3.522921e-008
 3.150000e+002 -2.967937e-008 -1.472293e-008
 3.160000e+002 -8.361867e-008 -7.407078e-008
 3.170000e+002  1.739924e-008 -2.277860e-008
 3.180000e+002  6.244855e-008 -1.078276e-007
 3.190000e+002 -2.123645e-008 -8.073366e-008
 3.200000e+002 -5.316887e-008 -1.291714e-007
 3.210000e+002 -3.704478e-008 -1.194375e-007
 3.220000e+002 -5.256242e-008 -4.179434e-008
 3.230000e+002 -6.215631e-008 -1.452745e-007
 3.240000e+002 -2.001335e-007 -2.541406e-007
 3.250000e+002  8.918905e-009  1.489236e-007
 3.260000e+002 -7.845096e-008 -1.947432e-007
 3.270000e+002 -4.025761e-008 -8.334935e-008
 3.280000e+002 -1.209701e-008 -3.055591e-008
 3.290000e+002 -1.753514e-008 -3.711682e-008
 3.300000e+002 -7.598807e-008 -5.605250e-008
 3.310000e+002 -4.060696e-008 -5.717587e-008
 3.320000e+002 -4.741596e-008 -8.781434e-008
 3.330000e+002 -1.762909e-008 -6.386592e-008
 3.340000e+002 -8.193909e-008 -1.304247e-008
 3.350000e+002 -5.950147e-008 -8.930879e-008
 3.360000e+002 -9.836481e-008 -3.898069e-008
 3.370000e+002 -1.763266e-008 -5.407914e-008
 3.380000e+002 -4.912155e-008  2.124483e-008
 3.390000e+002 -3.526525e-008 -1.096687e-007
 3.400000e+002 -5.458321e-008 -7.236833e-008
 3.410000e+002 -3.019963e-008 -5.057956e-008
 3.420000e+002  1.233178e-007 -1.008466e-007
 3.430000e+002 -1.727083e-007 -5.338923e-008
 3.440000e+002 -4.950042e-008 -5.722915e-008
 3.450000e+002 -5.958030e-008 -7.986104e-008
 3.460000e+002 -2.257929e-008 -1.135724e-007
 3.470000e+002 -2.075896e-008 -7.463850e-008
 3.480000e+002 -1.409037e-008 -2.490477e-008
 3.490000e+002 -1.057456e-008 -8.355214e-008
 3.500000e+002 -5.472909e-008 -3.229069e-008
 3.510000e+002 -4.131649e-008 -6.435605e-008
 3.520000e+002 -7.728472e-008 -7.086511e-008
 3.530000e+002  4.976581e-009 -6.234865e-008
 3.540000e+002 -3.350749e-008 -8.860317e-008
 3.550000e+002 -2.396150e-008 -4.951605e-008
 3.560000e+002 -5.861867e-008 -7.543094e-008
 3.570000e+002 -6.173445e-008 -9.626470e-008
 3.580000e+002 -4.875690e-008 -5.919413e-008
 3.590000e+002 -9.114002e-008  4.062200e-008
 3.600000e+002  7.721196e-008 -5.030136e-008
 3.610000e+002  7.426352e-008 -1.865488e-007
 3.620000e+002  4.695632e-008 -9.543372e-008
 3.630000e+002  3.610939e-009 -1.499726e-007
 3.640000e+002  1.086371e-008 -9.449743e-008
 3.650000e+002  1.292766e-008 -6.696667e-008
 3.660000e+002  8.007005e-008 -7.196697e-008
 3.670000e+002  4.292613e-008 -2.399587e-008
 3.680000e+002 -2.946468e-008 -1.169344e-007
 3.690000e+002  4.791357e-008 -1.411471e-007
 3.700000e+002  1.973013e-008 -9.520252e-008
 3.710000e+002  3.791654e-009 -9.884729e-008
 3.720000e+002 -1.730329e-008 -1.051524e-007
 3.730000e+002 -1.318445e-008 -9.952133e-008
 3.740000e+002 -4.875957e-009 -9.679674e-008
 3.750000e+002  3.937957e-009 -1.013851e-007
 3.760000e+002  2.688926e-008 -1.099553e-007
 3.770000e+002  2.972650e-009 -8.355099e-008
 3.780000e+002 -1.182888e-007 -2.119931e-007
 3.790000e+002  4.778512e-007  3.395947e-007
 3.800000e+002  4.524342e-008 -2.256131e-008
 3.810000e+002  3.140098e-008 -1.092870e-007
 3.820000e+002 -9.995415e-009 -5.132117e-008
 3.830000e+002  4.918031e-008 -3.446044e-008
 3.840000e+002  2.112941e-008 -8.567746e-008
 3.850000e+002  8.023210e-008 -4.678266e-008
 3.860000e+002  4.631384e-008 -5.690628e-008
 3.870000e+002  2.246546e-008 -9.261039e-008
 3.880000e+002  6.874508e-008 -7.890744e-008
 3.890000e+002  4.464332e-009 -1.039999e-007
 3.900000e+002  8.014469e-008 -1.822533e-007
 3.910000e+002  5.226764e-008  1.297316e-007
 3.920000e+002  3.470750e-008 -5.015858e-009
 3.930000e+002  2.991838e-008  3.070547e-008
 3.940000e+002  6.230788e-008 -4.753398e-008
 3.950000e+002  3.560310e-008 -2.517911e-008
 3.960000e+002  9.600992e-008 -8.514655e-008
 3.970000e+002  9.444639e-008 -1.702298e-008
 3.980000e+002  1.663342e-008 -1.831675e-008
 3.990000e+002  4.517389e-008 -9.277362e-009
 4.000000e+002  8.659337e-008 -3.526307e-008
 4.010000e+002  3.596074e-008 -2.603822e-008
 4.020000e+002  1.495114e-007 -9.377999e-008
 4.030000e+002  4.368685e-008  4.566085e-008
 4.040000e+002  1.038126e-007  2.803610e-008
 4.050000e+002  5.538828e-008  2.000211e-008
 4.060000e+002  7.118132e-008 -2.180614e-008
 4.070000e+002  7.187751e-008 -1.546739e-008
 4.080000e+002  1.026761e-007  2.422906e-008
 4.090000e+002  9.913703e-008  7.378626e-008
 4.100000e+002  9.292900e-008 -3.308661e-008
 4.110000e+002  5.315134e-008 -3.015601e-008
 4.120000e+002  9.013116e-008 -6.152644e-008
 4.130000e+002  4.200228e-008  6.816265e-008
 4.140000e+002  4.355695e-007  2.715274e-007
 4.150000e+002  2.082374e-007  1.446744e-007
 4.160000e+002  8.538532e-009 -3.887852e-008
 4.170000e+002  6.775210e-008 -7.284822e-008
 4.180000e+002  6.692265e-008 -4.194953e-008
 4.190000e+002  5.161864e-008 -7.871853e-011
 4.200000e+002  6.157654e-008 -4.732257e-008
 4.210000e+002  7.123962e-008 -2.254406e-008
 4.220000e+002  6.967583e-008  8.927820e-008
 4.230000e+002  5.528962e-008  1.653351e-008
 4.240000e+002  5.366937e-008  1.304346e-007
 4.250000e+002  8.018733e-008  2.673788e-008
 4.260000e+002  9.478297e-008  1.670897e-008
 4.270000e+002  1.013319e-007 -4.068228e-008
 4.280000e+002  9.213277e-008  6.794345e-008
 4.290000e+002  1.368792e-008  5.565035e-008
 4.300000e+002  5.007513e-008  6.307319e-008
 4.310000e+002  4.709046e-008  1.252746e-007
 4.320000e+002  7.441505e-008  3.528442e-008
 4.330000e+002 -2.058388e-007 -1.884699e-007
 4.340000e+002  1.022123e-007  1.200217e-007
 4.350000e+002  7.453283e-008  4.736569e-008
 4.360000e+002  7.301491e-008  9.019319e-008
 4.370000e+002  1.271451e-007  2.811425e-008
 4.380000e+002  1.490956e-008  4.054022e-008
 4.390000e+002 -8.062980e-009  8.653717e-008
 4.400000e+002  1.713290e-008  7.993554e-008
 4.410000e+002  5.121183e-008  2.892133e-008
 4.420000e+002  4.355356e-008 -4.065608e-008
 4.430000e+002  2.561157e-008  2.363221e-008
 4.440000e+002  6.280512e-008  7.563324e-008
 4.450000e+002  5.194018e-008  5.002379e-008
 4.460000e+002  2.795035e-008  7.102103e-009
 4.470000e+002  3.479353e-008  9.087972e-008
 4.480000e+002  1.129435e-008  6.263639e-008
 4.490000e+002  7.970680e-008  7.448300e-008
 4.500000e+002 -2.259018e-008  3.692048e-008
 4.510000e+002  3.766690e-008  4.761754e-008
 4.520000e+002  2.047999e-009  7.472368e-008
 4.530000e+002  4.154718e-008  9.534735e-008
 4.540000e+002  3.788882e-008  7.224214e-008
 4.550000e+002  5.396902e-009  3.523575e-008
 4.560000e+002 -7.485060e-009  8.800918e-008
 4.570000e+002  2.392001e-009  3.016704e-008
 4.580000e+002  5.707643e-008  4.293450e-008
 4.590000e+002 -7.598691e-009  9.056261e-008
 4.600000e+002  1.237879e-008 -4.113386e-009
 4.610000e+002 -5.167004e-009  5.565342e-008
 4.620000e+002 -3.514762e-008  4.794839e-008
 4.630000e+002  1.798673e-008  1.207103e-007
 4.640000e+002 -5.575883e-008 -3.307116e-008
 4.650000e+002  3.172940e-009  3.519594e-008
 4.660000e+002 -5.269990e-008  1.776979e-008
 4.670000e+002  4.360197e-008  2.064476e-008
 4.680000e+002 -2.303436e-008  1.902058e-008
 4.690000e+002 -5.707532e-008  6.981521e-008
 4.700000e+002 -6.279832e-008  2.345668e-008
 4.710000e+002  9.631262e-009 -3.123591e-009
 4.720000e+002 -3.203691e-008  6.108254e-008
 4.730000e+002 -4.018100e-008 -2.365110e-008
 4.740000e+002 -8.047788e-008  2.708598e-008
 4.750000e+002 -1.207879e-007  2.416006e-008
 4.760000e+002  7.973239e-008  5.950524e-008
 4.770000e+002 -5.651015e-008  6.715921e-008
 4.780000e+002 -5.907203e-008  4.157628e-008
 4.790000e+002 -7.989774e-009  9.805679e-008
 4.800000e+002 -4.193116e-008  5.082558e-008
 4.810000e+002 -5.731110e-008  3.810383e-008
 4.820000e+002 -4.312222e-008  6.867101e-008
 4.830000e+002 -5.112170e-008  3.618886e-008
 4.840000e+002 -3.196702e-008 -2.490519e-008
 4.850000e+002 -8.854646e-008  6.766898e-008
 4.860000e+002 -1.007555e-007  2.025508e-008
 4.870000e+002 -2.240243e-007  5.892009e-008
 4.880000e+002 -1.864761e-008  1.779333e-008
 4.890000e+002 -5.771354e-008  3.475661e-009
 4.900000e+002 -5.179618e-008  4.132110e-008
 4.910000e+002 -6.019310e-008  2.276107e-008
 4.920000e+002 -4.930075e-008  2.419771e-010
 4.930000e+002 -1.190895e-007 -6.249274e-010
 4.940000e+002 -3.622490e-008  2.130071e-008
 4.950000e+002  1.667294e-010 -3.590464e-008
 4.960000e+002 -4.073440e-008 -1.430258e-008
 4.970000e+002 -2.204953e-008  1.733674e-008
 4.980000e+002 -7.319701e-008  1.012541e-007
 4.990000e+002 -4.954112e-008  6.437114e-009
 5.000000e+002 -6.260680e-008  8.216271e-009
 5.010000e+002 -5.195839e-008  2.421784e-008
 5.020000e+002 -7.988424e-008 -4.015914e-008
 5.030000e+002 -8.927424e-008  3.493630e-008
 5.040000e+002 -1.926869e-008 -1.224182e-008
 5.050000e+002 -8.202930e-008  3.768510e-008
 5.060000e+002 -5.294378e-008 -5.358694e-011
 5.070000e+002  3.335384e-009 -2.503750e-008
 5.080000e+002 -5.984644e-008  3.273697e-008
 5.090000e+002 -4.311395e-008  4.187638e-008
 5.100000e+002 -6.965317e-008  6.366977e-009
 5.110000e+002  2.217334e-010 -2.475534e-008
 5.120000e+002 -2.348748e-008 -2.400237e-011
