 0.000000e+000  9.987023e-001  0.000000e+000
 1.000000e+000  8.272382e-001  0.000000e+000
 2.000000e+000  8.574153e-001  0.000000e+000
 3.000000e+000  7.951059e-001  0.000000e+000
 4.000000e+000  6.640683e-001  0.000000e+000
 5.000000e+000  5.880714e-001  0.000000e+000
 6.000000e+000  8.361346e-001  0.000000e+000
 7.000000e+000  8.650364e-001  0.000000e+000
 8.000000e+000  8.932147e-001  0.000000e+000
 9.000000e+000  8.758553e-001  0.000000e+000
 1.000000e+001  7.033131e-001  0.000000e+000
 1.100000e+001  8.186966e-001  0.000000e+000
 1.200000e+001  7.729576e-001  0.000000e+000
 1.300000e+001  7.824047e-001  0.000000e+000
 1.400000e+001  6.903000e-001  0.000000e+000
 1.500000e+001  6.903415e-001  0.000000e+000
 1.600000e+001  6.186041e-001  0.000000e+000
 1.700000e+001  3.557863e-001  0.000000e+000
 1.800000e+001  1.882393e-003  0.000000e+000
 1.900000e+001  6.573035e-001  0.000000e+000
 2.000000e+001  7.799273e-001  0.000000e+000
 2.100000e+001  6.980023e-001  0.000000e+000
 2.200000e+001  7.231717e-001  0.000000e+000
 2.300000e+001  7.228931e-001  0.000000e+000
 2.400000e+001  6.612533e-001  0.000000e+000
 2.500000e+001  6.289358e-001  0.000000e+000
 2.600000e+001  5.369834e-001  0.000000e+000
 2.700000e+001  4.206426e-001  0.000000e+000
 2.800000e+001  3.665760e-001  0.000000e+000
 2.900000e+001  2.404819e-001  0.000000e+000
 3.000000e+001  2.696228e-001  0.000000e+000
 3.100000e+001  1.926345e-001  0.000000e+000
 3.200000e+001  1.214381e-001  0.000000e+000
 3.300000e+001  2.401090e-001  0.000000e+000
 3.400000e+001  2.836649e-001  0.000000e+000
 3.500000e+001  2.389337e-001  0.000000e+000
 3.600000e+001  4.147781e-002  0.000000e+000
 3.700000e+001  3.276418e-001  0.000000e+000
 3.800000e+001  4.648506e-001  0.000000e+000
 3.900000e+001  5.409620e-001  0.000000e+000
 4.000000e+001  4.601664e-001  0.000000e+000
 4.100000e+001  4.128164e-001  0.000000e+000
 4.200000e+001  6.903490e-002  0.000000e+000
 4.300000e+001  3.847516e-001  0.000000e+000
 4.400000e+001  6.305528e-001  0.000000e+000
 4.500000e+001  6.848206e-001  0.000000e+000
 4.600000e+001  7.528130e-001  0.000000e+000
 4.700000e+001  6.773241e-001  0.000000e+000
 4.800000e+001  6.987197e-001  0.000000e+000
 4.900000e+001  6.452358e-001  0.000000e+000
 5.000000e+001  5.272025e-001  0.000000e+000
 5.100000e+001  5.277733e-001  0.000000e+000
 5.200000e+001  4.703931e-001  0.000000e+000
 5.300000e+001  3.278866e-001  0.000000e+000
 5.400000e+001  1.712089e-001  0.000000e+000
 5.500000e+001  4.312057e-002  0.000000e+000
 5.600000e+001  1.216636e-001  0.000000e+000
 5.700000e+001  3.327475e-001  0.000000e+000
 5.800000e+001  2.921918e-001  0.000000e+000
 5.900000e+001  6.660109e-001  0.000000e+000
 6.000000e+001  5.158384e-001  0.000000e+000
 6.100000e+001  8.358307e-001  0.000000e+000
 6.200000e+001  9.043716e-001  0.000000e+000
 6.300000e+001  9.204990e-001  0.000000e+000
 6.400000e+001  8.927163e-001  0.000000e+000
 6.500000e+001  8.424841e-001  0.000000e+000
 6.600000e+001  1.190017e-001  0.000000e+000
 6.700000e+001  9.218165e-001  0.000000e+000
 6.800000e+001  8.886635e-001  0.000000e+000
 6.900000e+001  9.413533e-001  0.000000e+000
 7.000000e+001  9.054176e-001  0.000000e+000
 7.100000e+001  9.069127e-001  0.000000e+000
 7.200000e+001  1.329276e-001  0.000000e+000
 7.300000e+001  8.776327e-001  0.000000e+000
 7.400000e+001  8.457176e-001  0.000000e+000
 7.500000e+001  8.557531e-001  0.000000e+000
 7.600000e+001  8.095745e-001  0.000000e+000
 7.700000e+001  8.825400e-001  0.000000e+000
 7.800000e+001  8.230810e-001  0.000000e+000
 7.900000e+001  8.537087e-001  0.000000e+000
 8.000000e+001  9.186960e-001  0.000000e+000
 8.100000e+001  9.226270e-001  0.000000e+000
 8.200000e+001  9.296737e-001  0.000000e+000
 8.300000e+001  9.235836e-001  0.000000e+000
 8.400000e+001  9.128938e-001  0.000000e+000
 8.500000e+001  9.198558e-001  0.000000e+000
 8.600000e+001  8.881110e-001  0.000000e+000
 8.700000e+001  8.699954e-001  0.000000e+000
 8.800000e+001  9.012274e-001  0.000000e+000
 8.900000e+001  7.598267e-001  0.000000e+000
 9.000000e+001  7.331987e-002  0.000000e+000
 9.100000e+001  8.966491e-001  0.000000e+000
 9.200000e+001  9.333825e-001  0.000000e+000
 9.300000e+001  9.368370e-001  0.000000e+000
 9.400000e+001  8.047786e-001  0.000000e+000
 9.500000e+001  8.677060e-001  0.000000e+000
 9.600000e+001  9.274458e-001  0.000000e+000
 9.700000e+001  9.100910e-001  0.000000e+000
 9.800000e+001  8.322562e-001  0.000000e+000
 9.900000e+001  8.372242e-001  0.000000e+000
 1.000000e+002  8.628487e-001  0.000000e+000
 1.010000e+002  8.060716e-001  0.000000e+000
 1.020000e+002  4.093049e-001  0.000000e+000
 1.030000e+002  6.986107e-001  0.000000e+000
 1.040000e+002  7.371671e-001  0.000000e+000
 1.050000e+002  6.745961e-001  0.000000e+000
 1.060000e+002  6.065517e-001  0.000000e+000
 1.070000e+002  4.868124e-001  0.000000e+000
 1.080000e+002  5.400570e-002  0.000000e+000
 1.090000e+002  2.146517e-001  0.000000e+000
 1.100000e+002  5.567163e-001  0.000000e+000
 1.110000e+002  7.145000e-001  0.000000e+000
 1.120000e+002  7.519561e-001  0.000000e+000
 1.130000e+002  7.272517e-001  0.000000e+000
 1.140000e+002  7.342075e-001  0.000000e+000
 1.150000e+002  7.226507e-001  0.000000e+000
 1.160000e+002  7.482233e-001  0.000000e+000
 1.170000e+002  8.196110e-001  0.000000e+000
 1.180000e+002  7.655725e-001  0.000000e+000
 1.190000e+002  7.025073e-001  0.000000e+000
 1.200000e+002  1.824149e-001  0.000000e+000
 1.210000e+002  7.962368e-001  0.000000e+000
 1.220000e+002  7.460837e-001  0.000000e+000
 1.230000e+002  7.927410e-001  0.000000e+000
 1.240000e+002  5.878168e-001  0.000000e+000
 1.250000e+002  6.145189e-001  0.000000e+000
 1.260000e+002  2.073662e-002  0.000000e+000
 1.270000e+002  5.685467e-001  0.000000e+000
 1.280000e+002  6.392501e-001  0.000000e+000
 1.290000e+002  7.052053e-001  0.000000e+000
 1.300000e+002  7.734255e-001  0.000000e+000
 1.310000e+002  7.166114e-001  0.000000e+000
 1.320000e+002  7.260969e-001  0.000000e+000
 1.330000e+002  6.974698e-001  0.000000e+000
 1.340000e+002  7.865211e-001  0.000000e+000
 1.350000e+002  7.964717e-001  0.000000e+000
 1.360000e+002  7.937634e-001  0.000000e+000
 1.370000e+002  7.101464e-001  0.000000e+000
 1.380000e+002  3.541442e-002  0.000000e+000
 1.390000e+002  5.585644e-001  0.000000e+000
 1.400000e+002  6.171454e-001  0.000000e+000
 1.410000e+002  7.337430e-001  0.000000e+000
 1.420000e+002  5.236771e-001  0.000000e+000
 1.430000e+002  3.150115e-001  0.000000e+000
 1.440000e+002  4.984371e-002  0.000000e+000
 1.450000e+002  3.719307e-001  0.000000e+000
 1.460000e+002  6.478804e-001  0.000000e+000
 1.470000e+002  6.301298e-001  0.000000e+000
 1.480000e+002  6.838183e-001  0.000000e+000
 1.490000e+002  4.961452e-001  0.000000e+000
 1.500000e+002  2.809416e-001  0.000000e+000
 1.510000e+002  1.903413e-001  0.000000e+000
 1.520000e+002  4.916892e-001  0.000000e+000
 1.530000e+002  2.842279e-001  0.000000e+000
 1.540000e+002  5.689546e-001  0.000000e+000
 1.550000e+002  5.312809e-001  0.000000e+000
 1.560000e+002  4.690135e-001  0.000000e+000
 1.570000e+002  2.941160e-001  0.000000e+000
 1.580000e+002  4.001548e-001  0.000000e+000
 1.590000e+002  1.486001e-001  0.000000e+000
 1.600000e+002  6.017816e-002  0.000000e+000
 1.610000e+002  4.922705e-004  0.000000e+000
 1.620000e+002  5.960410e-002  0.000000e+000
 1.630000e+002  1.278339e-001  0.000000e+000
 1.640000e+002  2.260921e-001  0.000000e+000
 1.650000e+002  3.597342e-001  0.000000e+000
 1.660000e+002  5.155635e-001  0.000000e+000
 1.670000e+002  5.799628e-001  0.000000e+000
 1.680000e+002  5.731261e-001  0.000000e+000
 1.690000e+002  4.491645e-001  0.000000e+000
 1.700000e+002  5.545246e-001  0.000000e+000
 1.710000e+002  5.478520e-001  0.000000e+000
 1.720000e+002  4.050824e-001  0.000000e+000
 1.730000e+002  2.736033e-001  0.000000e+000
 1.740000e+002  3.729899e-002  0.000000e+000
 1.750000e+002  2.550458e-001  0.000000e+000
 1.760000e+002  3.521637e-001  0.000000e+000
 1.770000e+002  4.386790e-001  0.000000e+000
 1.780000e+002  6.324444e-001  0.000000e+000
 1.790000e+002  3.581779e-001  0.000000e+000
 1.800000e+002  6.099923e-002  0.000000e+000
 1.810000e+002  2.984019e-001  0.000000e+000
 1.820000e+002  4.123346e-001  0.000000e+000
 1.830000e+002  3.810257e-001  0.000000e+000
 1.840000e+002  2.331161e-001  0.000000e+000
 1.850000e+002  6.580154e-002  0.000000e+000
 1.860000e+002  1.047623e-001  0.000000e+000
 1.870000e+002  4.301602e-001  0.000000e+000
 1.880000e+002  5.555318e-001  0.000000e+000
 1.890000e+002  5.172138e-001  0.000000e+000
 1.900000e+002  6.428995e-001  0.000000e+000
 1.910000e+002  6.968995e-001  0.000000e+000
 1.920000e+002  5.890960e-001  0.000000e+000
 1.930000e+002  5.489539e-001  0.000000e+000
 1.940000e+002  6.471058e-001  0.000000e+000
 1.950000e+002  6.212230e-001  0.000000e+000
 1.960000e+002  3.729218e-001  0.000000e+000
 1.970000e+002  2.225690e-001  0.000000e+000
 1.980000e+002  1.602582e-001  0.000000e+000
 1.990000e+002  3.441154e-002  0.000000e+000
 2.000000e+002  2.944927e-001  0.000000e+000
 2.010000e+002  6.127879e-001  0.000000e+000
 2.020000e+002  4.652658e-001  0.000000e+000
 2.030000e+002  5.579631e-001  0.000000e+000
 2.040000e+002  6.683481e-001  0.000000e+000
 2.050000e+002  4.049884e-001  0.000000e+000
 2.060000e+002  5.103536e-001  0.000000e+000
 2.070000e+002  4.430931e-001  0.000000e+000
 2.080000e+002  5.364956e-001  0.000000e+000
 2.090000e+002  3.982799e-001  0.000000e+000
 2.100000e+002  2.234005e-001  0.000000e+000
 2.110000e+002  5.724889e-001  0.000000e+000
 2.120000e+002  5.159264e-001  0.000000e+000
 2.130000e+002  3.883751e-001  0.000000e+000
 2.140000e+002  4.769953e-001  0.000000e+000
 2.150000e+002  2.860709e-001  0.000000e+000
 2.160000e+002  9.171117e-003  0.000000e+000
 2.170000e+002  2.481248e-001  0.000000e+000
 2.180000e+002  4.894902e-001  0.000000e+000
 2.190000e+002  6.331807e-001  0.000000e+000
 2.200000e+002  5.833634e-001  0.000000e+000
 2.210000e+002  4.466490e-001  0.000000e+000
 2.220000e+002  2.269015e-003  0.000000e+000
 2.230000e+002  3.051147e-001  0.000000e+000
 2.240000e+002  4.490880e-001  0.000000e+000
 2.250000e+002  4.591894e-001  0.000000e+000
 2.260000e+002  5.076076e-001  0.000000e+000
 2.270000e+002  5.023758e-001  0.000000e+000
 2.280000e+002  3.469726e-001  0.000000e+000
 2.290000e+002  3.834939e-001  0.000000e+000
 2.300000e+002  5.545391e-001  0.000000e+000
 2.310000e+002  4.150894e-001  0.000000e+000
 2.320000e+002  2.095301e-001  0.000000e+000
 2.330000e+002  3.204042e-002  0.000000e+000
 2.340000e+002  1.413278e-002  0.000000e+000
 2.350000e+002  9.947307e-002  0.000000e+000
 2.360000e+002  5.406690e-002  0.000000e+000
 2.370000e+002  1.112502e-001  0.000000e+000
 2.380000e+002  3.051517e-001  0.000000e+000
 2.390000e+002  3.168759e-001  0.000000e+000
 2.400000e+002  2.777169e-002  0.000000e+000
 2.410000e+002  4.387255e-001  0.000000e+000
 2.420000e+002  4.674619e-001  0.000000e+000
 2.430000e+002  3.721562e-001  0.000000e+000
 2.440000e+002  3.525281e-001  0.000000e+000
 2.450000e+002  3.395462e-001  0.000000e+000
 2.460000e+002  2.901002e-001  0.000000e+000
 2.470000e+002  1.667917e-001  0.000000e+000
 2.480000e+002  2.631234e-001  0.000000e+000
 2.490000e+002  1.354471e-001  0.000000e+000
 2.500000e+002  2.316166e-001  0.000000e+000
 2.510000e+002  1.563896e-001  0.000000e+000
 2.520000e+002  2.505608e-001  0.000000e+000
 2.530000e+002  1.689781e-001  0.000000e+000
 2.540000e+002  2.959973e-002  0.000000e+000
 2.550000e+002  5.228200e-002  0.000000e+000
 2.560000e+002  1.414442e-001  0.000000e+000
 2.570000e+002  2.141563e-001  0.000000e+000
 2.580000e+002  1.728414e-001  0.000000e+000
 2.590000e+002  1.305827e-002  0.000000e+000
 2.600000e+002  3.899083e-001  0.000000e+000
 2.610000e+002  2.146675e-001  0.000000e+000
 2.620000e+002  2.537066e-001  0.000000e+000
 2.630000e+002  2.702276e-001  0.000000e+000
 2.640000e+002  2.971064e-001  0.000000e+000
 2.650000e+002  1.546184e-001  0.000000e+000
 2.660000e+002  1.082548e-001  0.000000e+000
 2.670000e+002  8.492143e-002  0.000000e+000
 2.680000e+002  8.550590e-002  0.000000e+000
 2.690000e+002  1.611871e-002  0.000000e+000
 2.700000e+002  1.062735e-002  0.000000e+000
 2.710000e+002  1.356326e-002  0.000000e+000
 2.720000e+002  6.741121e-002  0.000000e+000
 2.730000e+002  1.122912e-001  0.000000e+000
 2.740000e+002  4.494501e-002  0.000000e+000
 2.750000e+002  7.212217e-002  0.000000e+000
 2.760000e+002  3.528816e-001  0.000000e+000
 2.770000e+002  2.967856e-001  0.000000e+000
 2.780000e+002  9.374490e-002  0.000000e+000
 2.790000e+002  4.117062e-002  0.000000e+000
 2.800000e+002  1.031452e-001  0.000000e+000
 2.810000e+002  5.406631e-002  0.000000e+000
 2.820000e+002  9.246090e-002  0.000000e+000
 2.830000e+002  3.792048e-002  0.000000e+000
 2.840000e+002  1.040858e-002  0.000000e+000
 2.850000e+002  6.216526e-003  0.000000e+000
 2.860000e+002  3.621582e-002  0.000000e+000
 2.870000e+002  1.638028e-002  0.000000e+000
 2.880000e+002  1.719361e-002  0.000000e+000
 2.890000e+002  3.754527e-002  0.000000e+000
 2.900000e+002  1.485445e-001  0.000000e+000
 2.910000e+002  5.797366e-002  0.000000e+000
 2.920000e+002  4.619175e-002  0.000000e+000
 2.930000e+002  7.035536e-002  0.000000e+000
 2.940000e+002  8.982947e-002  0.000000e+000
 2.950000e+002  3.737922e-003  0.000000e+000
 2.960000e+002  1.941832e-002  0.000000e+000
 2.970000e+002  6.142949e-003  0.000000e+000
 2.980000e+002  6.378417e-002  0.000000e+000
 2.990000e+002  7.210375e-002  0.000000e+000
 3.000000e+002  3.920136e-002  0.000000e+000
 3.010000e+002  2.306755e-002  0.000000e+000
 3.020000e+002  2.461424e-002  0.000000e+000
 3.030000e+002  3.912317e-002  0.000000e+000
 3.040000e+002  9.011564e-002  0.000000e+000
 3.050000e+002  5.934359e-002  0.000000e+000
 3.060000e+002  1.157366e-001  0.000000e+000
 3.070000e+002  6.277715e-002  0.000000e+000
 3.080000e+002  7.972465e-002  0.000000e+000
 3.090000e+002  1.129327e-001  0.000000e+000
 3.100000e+002  1.916208e-002  0.000000e+000
 3.110000e+002  1.468119e-001  0.000000e+000
 3.120000e+002  1.143023e-001  0.000000e+000
 3.130000e+002  3.954539e-002  0.000000e+000
 3.140000e+002  1.802657e-002  0.000000e+000
 3.150000e+002  1.487431e-002  0.000000e+000
 3.160000e+002  1.369896e-001  0.000000e+000
 3.170000e+002  7.460332e-003  0.000000e+000
 3.180000e+002  1.586098e-001  0.000000e+000
 3.190000e+002  1.455794e-001  0.000000e+000
 3.200000e+002  1.515503e-001  0.000000e+000
 3.210000e+002  1.534784e-001  0.000000e+000
 3.220000e+002  7.998599e-002  0.000000e+000
 3.230000e+002  1.509556e-001  0.000000e+000
 3.240000e+002  1.025087e-001  0.000000e+000
 3.250000e+002  4.095768e-002  0.000000e+000
 3.260000e+002  1.656124e-001  0.000000e+000
 3.270000e+002  6.373351e-002  0.000000e+000
 3.280000e+002  8.406891e-003  0.000000e+000
 3.290000e+002  6.544813e-003  0.000000e+000
 3.300000e+002  6.138052e-002  0.000000e+000
 3.310000e+002  4.253197e-002  0.000000e+000
 3.320000e+002  1.025767e-001  0.000000e+000
 3.330000e+002  1.241985e-001  0.000000e+000
 3.340000e+002  1.257659e-001  0.000000e+000
 3.350000e+002  2.420595e-001  0.000000e+000
 3.360000e+002  2.303979e-001  0.000000e+000
 3.370000e+002  8.567365e-002  0.000000e+000
 3.380000e+002  6.998900e-002  0.000000e+000
 3.390000e+002  2.437828e-001  0.000000e+000
 3.400000e+002  1.851379e-001  0.000000e+000
 3.410000e+002  2.902314e-002  0.000000e+000
 3.420000e+002  3.990267e-002  0.000000e+000
 3.430000e+002  6.374735e-002  0.000000e+000
 3.440000e+002  7.581744e-002  0.000000e+000
 3.450000e+002  1.946978e-001  0.000000e+000
 3.460000e+002  2.698905e-001  0.000000e+000
 3.470000e+002  1.377838e-001  0.000000e+000
 3.480000e+002  1.086805e-002  0.000000e+000
 3.490000e+002  1.897898e-001  0.000000e+000
 3.500000e+002  1.042453e-001  0.000000e+000
 3.510000e+002  1.652653e-001  0.000000e+000
 3.520000e+002  2.833167e-001  0.000000e+000
 3.530000e+002  6.870545e-002  0.000000e+000
 3.540000e+002  1.760430e-001  0.000000e+000
 3.550000e+002  3.066936e-002  0.000000e+000
 3.560000e+002  8.780317e-002  0.000000e+000
 3.570000e+002  2.979140e-001  0.000000e+000
 3.580000e+002  1.523757e-001  0.000000e+000
 3.590000e+002  1.022075e-001  0.000000e+000
 3.600000e+002  4.558719e-003  0.000000e+000
 3.610000e+002  2.909389e-001  0.000000e+000
 3.620000e+002  1.732633e-001  0.000000e+000
 3.630000e+002  4.744644e-001  0.000000e+000
 3.640000e+002  1.676962e-001  0.000000e+000
 3.650000e+002  8.826608e-002  0.000000e+000
 3.660000e+002  1.084711e-001  0.000000e+000
 3.670000e+002  5.038808e-003  0.000000e+000
 3.680000e+002  1.424692e-001  0.000000e+000
 3.690000e+002  1.980643e-001  0.000000e+000
 3.700000e+002  1.397038e-001  0.000000e+000
 3.710000e+002  2.169915e-001  0.000000e+000
 3.720000e+002  2.028442e-001  0.000000e+000
 3.730000e+002  1.753127e-001  0.000000e+000
 3.740000e+002  2.217840e-001  0.000000e+000
 3.750000e+002  1.867460e-001  0.000000e+000
 3.760000e+002  2.915931e-001  0.000000e+000
 3.770000e+002  9.935150e-002  0.000000e+000
 3.780000e+002  7.855357e-002  0.000000e+000
 3.790000e+002  2.528683e-002  0.000000e+000
 3.800000e+002  3.345786e-002  0.000000e+000
 3.810000e+002  2.056562e-001  0.000000e+000
 3.820000e+002  5.286136e-002  0.000000e+000
 3.830000e+002  6.483351e-002  0.000000e+000
 3.840000e+002  1.604999e-001  0.000000e+000
 3.850000e+002  1.163695e-001  0.000000e+000
 3.860000e+002  1.022792e-001  0.000000e+000
 3.870000e+002  1.486766e-001  0.000000e+000
 3.880000e+002  1.694659e-001  0.000000e+000
 3.890000e+002  1.117508e-001  0.000000e+000
 3.900000e+002  1.345913e-001  0.000000e+000
 3.910000e+002  2.097688e-002  0.000000e+000
 3.920000e+002  9.973427e-003  0.000000e+000
 3.930000e+002  2.477274e-002  0.000000e+000
 3.940000e+002  1.123511e-001  0.000000e+000
 3.950000e+002  3.924115e-002  0.000000e+000
 3.960000e+002  2.575472e-001  0.000000e+000
 3.970000e+002  1.045956e-001  0.000000e+000
 3.980000e+002  8.990927e-003  0.000000e+000
 3.990000e+002  4.853559e-002  0.000000e+000
 4.000000e+002  9.746014e-002  0.000000e+000
 4.010000e+002  1.751899e-002  0.000000e+000
 4.020000e+002  1.846888e-002  0.000000e+000
 4.030000e+002  7.414159e-003  0.000000e+000
 4.040000e+002  8.684796e-002  0.000000e+000
 4.050000e+002  4.101251e-002  0.000000e+000
 4.060000e+002  6.408022e-002  0.000000e+000
 4.070000e+002  1.052386e-001  0.000000e+000
 4.080000e+002  1.405289e-001  0.000000e+000
 4.090000e+002  1.348765e-001  0.000000e+000
 4.100000e+002  1.720414e-001  0.000000e+000
 4.110000e+002  6.416473e-002  0.000000e+000
 4.120000e+002  1.585268e-001  0.000000e+000
 4.130000e+002  9.076892e-002  0.000000e+000
 4.140000e+002  9.595872e-002  0.000000e+000
 4.150000e+002  6.011446e-002  0.000000e+000
 4.160000e+002  3.214348e-002  0.000000e+000
 4.170000e+002  2.418624e-001  0.000000e+000
 4.180000e+002  1.015917e-001  0.000000e+000
 4.190000e+002  4.478119e-002  0.000000e+000
 4.200000e+002  1.686458e-002  0.000000e+000
 4.210000e+002  5.370558e-002  0.000000e+000
 4.220000e+002  2.626490e-001  0.000000e+000
 4.230000e+002  2.769155e-002  0.000000e+000
 4.240000e+002  2.116211e-001  0.000000e+000
 4.250000e+002  4.919611e-002  0.000000e+000
 4.260000e+002  9.344211e-003  0.000000e+000
 4.270000e+002  1.132892e-001  0.000000e+000
 4.280000e+002  1.758966e-001  0.000000e+000
 4.290000e+002  4.771613e-002  0.000000e+000
 4.300000e+002  1.167094e-001  0.000000e+000
 4.310000e+002  1.968174e-001  0.000000e+000
 4.320000e+002  6.564568e-002  0.000000e+000
 4.330000e+002  5.541550e-002  0.000000e+000
 4.340000e+002  2.593900e-001  0.000000e+000
 4.350000e+002  1.076161e-001  0.000000e+000
 4.360000e+002  1.557582e-001  0.000000e+000
 4.370000e+002  1.226330e-001  0.000000e+000
 4.380000e+002  2.271244e-002  0.000000e+000
 4.390000e+002  1.456639e-001  0.000000e+000
 4.400000e+002  8.453145e-002  0.000000e+000
 4.410000e+002  6.827805e-002  0.000000e+000
 4.420000e+002  7.071717e-002  0.000000e+000
 4.430000e+002  6.026369e-002  0.000000e+000
 4.440000e+002  1.218616e-001  0.000000e+000
 4.450000e+002  5.261750e-002  0.000000e+000
 4.460000e+002  2.311753e-002  0.000000e+000
 4.470000e+002  1.558908e-001  0.000000e+000
 4.480000e+002  4.804942e-002  0.000000e+000
 4.490000e+002  4.863230e-002  0.000000e+000
 4.500000e+002  1.323997e-002  0.000000e+000
 4.510000e+002  3.782352e-003  0.000000e+000
 4.520000e+002  8.982109e-002  0.000000e+000
 4.530000e+002  1.892771e-001  0.000000e+000
 4.540000e+002  9.802037e-002  0.000000e+000
 4.550000e+002  2.228897e-002  0.000000e+000
 4.560000e+002  1.428067e-001  0.000000e+000
 4.570000e+002  2.168076e-002  0.000000e+000
 4.580000e+002  1.313993e-001  0.000000e+000
 4.590000e+002  1.075865e-001  0.000000e+000
 4.600000e+002  3.385110e-003  0.000000e+000
 4.610000e+002  4.118661e-002  0.000000e+000
 4.620000e+002  1.877984e-002  0.000000e+000
 4.630000e+002  1.188905e-001  0.000000e+000
 4.640000e+002  1.538484e-002  0.000000e+000
 4.650000e+002  1.926216e-002  0.000000e+000
 4.660000e+002  3.392678e-002  0.000000e+000
 4.670000e+002  3.916362e-002  0.000000e+000
 4.680000e+002  8.015016e-003  0.000000e+000
 4.690000e+002  4.911232e-002  0.000000e+000
 4.700000e+002  6.360461e-002  0.000000e+000
 4.710000e+002  1.747580e-003  0.000000e+000
 4.720000e+002  7.778602e-002  0.000000e+000
 4.730000e+002  2.431374e-002  0.000000e+000
 4.740000e+002  6.082984e-002  0.000000e+000
 4.750000e+002  2.979782e-002  0.000000e+000
 4.760000e+002  2.698809e-002  0.000000e+000
 4.770000e+002  6.710801e-002  0.000000e+000
 4.780000e+002  2.707604e-002  0.000000e+000
 4.790000e+002  1.290006e-001  0.000000e+000
 4.800000e+002  3.902221e-002  0.000000e+000
 4.810000e+002  6.864233e-002  0.000000e+000
 4.820000e+002  8.374115e-002  0.000000e+000
 4.830000e+002  4.894093e-002  0.000000e+000
 4.840000e+002  1.979066e-002  0.000000e+000
 4.850000e+002  9.487204e-002  0.000000e+000
 4.860000e+002  5.602280e-002  0.000000e+000
 4.870000e+002  1.310344e-002  0.000000e+000
 4.880000e+002  1.945438e-003  0.000000e+000
 4.890000e+002  2.552148e-002  0.000000e+000
 4.900000e+002  4.674193e-002  0.000000e+000
 4.910000e+002  6.077300e-002  0.000000e+000
 4.920000e+002  3.928841e-002  0.000000e+000
 4.930000e+002  2.083995e-001  0.000000e+000
 4.940000e+002  2.072571e-002  0.000000e+000
 4.950000e+002  1.829993e-002  0.000000e+000
 4.960000e+002  3.305063e-002  0.000000e+000
 4.970000e+002  1.662700e-002  0.000000e+000
 4.980000e+002  9.958538e-002  0.000000e+000
 4.990000e+002  3.817201e-003  0.000000e+000
 5.000000e+002  4.473961e-002  0.000000e+000
 5.010000e+002  3.488040e-002  0.000000e+000
 5.020000e+002  5.512860e-002  0.000000e+000
 5.030000e+002  1.182575e-001  0.000000e+000
 5.040000e+002  8.823618e-003  0.000000e+000
 5.050000e+002  8.675186e-002  0.000000e+000
 5.060000e+002  3.680350e-002  0.000000e+000
 5.070000e+002  9.922080e-003  0.000000e+000
 5.080000e+002  5.396680e-002  0.000000e+000
 5.090000e+002  5.805715e-002  0.000000e+000
 5.100000e+002  3.904001e-002  0.000000e+000
 5.110000e+002  3.636212e-003  0.000000e+000
 5.120000e+002  5.951360e-003  0.000000e+000
