 0.000000e+000  9.979459e-001  0.000000e+000
 1.000000e+000  5.331577e-001  0.000000e+000
 2.000000e+000  5.852526e-001  0.000000e+000
 3.000000e+000  2.768536e-001  0.000000e+000
 4.000000e+000  2.943189e-001  0.000000e+000
 5.000000e+000  5.920012e-001  0.000000e+000
 6.000000e+000  5.979509e-001  0.000000e+000
 7.000000e+000  5.046738e-001  0.000000e+000
 8.000000e+000  5.373522e-001  0.000000e+000
 9.000000e+000  6.294087e-001  0.000000e+000
 1.000000e+001  5.179446e-001  0.000000e+000
 1.100000e+001  6.242759e-001  0.000000e+000
 1.200000e+001  5.495320e-001  0.000000e+000
 1.300000e+001  4.805543e-001  0.000000e+000
 1.400000e+001  3.566189e-001  0.000000e+000
 1.500000e+001  3.790894e-001  0.000000e+000
 1.600000e+001  4.025896e-001  0.000000e+000
 1.700000e+001  2.058291e-001  0.000000e+000
 1.800000e+001  1.788446e-003  0.000000e+000
 1.900000e+001  5.430127e-001  0.000000e+000
 2.000000e+001  6.949434e-001  0.000000e+000
 2.100000e+001  6.146391e-001  0.000000e+000
 2.200000e+001  7.284216e-001  0.000000e+000
 2.300000e+001  7.337972e-001  0.000000e+000
 2.400000e+001  7.274961e-001  0.000000e+000
 2.500000e+001  7.066519e-001  0.000000e+000
 2.600000e+001  6.333355e-001  0.000000e+000
 2.700000e+001  5.909372e-001  0.000000e+000
 2.800000e+001  6.301690e-001  0.000000e+000
 2.900000e+001  5.867600e-001  0.000000e+000
 3.000000e+001  3.436215e-001  0.000000e+000
 3.100000e+001  5.724382e-001  0.000000e+000
 3.200000e+001  5.043798e-001  0.000000e+000
 3.300000e+001  4.971305e-001  0.000000e+000
 3.400000e+001  4.306841e-001  0.000000e+000
 3.500000e+001  3.674212e-001  0.000000e+000
 3.600000e+001  3.679213e-002  0.000000e+000
 3.700000e+001  2.175172e-001  0.000000e+000
 3.800000e+001  1.315372e-001  0.000000e+000
 3.900000e+001  4.155594e-001  0.000000e+000
 4.000000e+001  3.651121e-001  0.000000e+000
 4.100000e+001  3.588246e-001  0.000000e+000
 4.200000e+001  1.088917e-001  0.000000e+000
 4.300000e+001  2.620393e-002  0.000000e+000
 4.400000e+001  2.647905e-001  0.000000e+000
 4.500000e+001  1.714271e-001  0.000000e+000
 4.600000e+001  1.453111e-001  0.000000e+000
 4.700000e+001  7.541134e-002  0.000000e+000
 4.800000e+001  7.537745e-002  0.000000e+000
 4.900000e+001  8.446112e-002  0.000000e+000
 5.000000e+001  2.151030e-002  0.000000e+000
 5.100000e+001  2.657948e-002  0.000000e+000
 5.200000e+001  3.025709e-002  0.000000e+000
 5.300000e+001  4.714728e-002  0.000000e+000
 5.400000e+001  1.299020e-001  0.000000e+000
 5.500000e+001  2.280968e-001  0.000000e+000
 5.600000e+001  3.632951e-001  0.000000e+000
 5.700000e+001  4.838628e-001  0.000000e+000
 5.800000e+001  3.821313e-001  0.000000e+000
 5.900000e+001  6.085154e-001  0.000000e+000
 6.000000e+001  4.686886e-001  0.000000e+000
 6.100000e+001  7.431355e-001  0.000000e+000
 6.200000e+001  7.658993e-001  0.000000e+000
 6.300000e+001  7.733181e-001  0.000000e+000
 6.400000e+001  7.855563e-001  0.000000e+000
 6.500000e+001  5.790821e-001  0.000000e+000
 6.600000e+001  3.291389e-001  0.000000e+000
 6.700000e+001  8.616666e-001  0.000000e+000
 6.800000e+001  9.216170e-001  0.000000e+000
 6.900000e+001  8.967911e-001  0.000000e+000
 7.000000e+001  8.943340e-001  0.000000e+000
 7.100000e+001  9.040312e-001  0.000000e+000
 7.200000e+001  1.252085e-001  0.000000e+000
 7.300000e+001  8.877103e-001  0.000000e+000
 7.400000e+001  8.325022e-001  0.000000e+000
 7.500000e+001  8.260637e-001  0.000000e+000
 7.600000e+001  7.971175e-001  0.000000e+000
 7.700000e+001  7.050229e-001  0.000000e+000
 7.800000e+001  6.593479e-001  0.000000e+000
 7.900000e+001  7.491868e-001  0.000000e+000
 8.000000e+001  7.531248e-001  0.000000e+000
 8.100000e+001  7.523106e-001  0.000000e+000
 8.200000e+001  7.243593e-001  0.000000e+000
 8.300000e+001  6.929480e-001  0.000000e+000
 8.400000e+001  6.064802e-001  0.000000e+000
 8.500000e+001  6.087981e-001  0.000000e+000
 8.600000e+001  4.449545e-001  0.000000e+000
 8.700000e+001  3.585612e-001  0.000000e+000
 8.800000e+001  4.028407e-001  0.000000e+000
 8.900000e+001  3.548510e-001  0.000000e+000
 9.000000e+001  4.153799e-002  0.000000e+000
 9.100000e+001  5.555701e-001  0.000000e+000
 9.200000e+001  6.862438e-001  0.000000e+000
 9.300000e+001  8.182659e-001  0.000000e+000
 9.400000e+001  8.069956e-001  0.000000e+000
 9.500000e+001  8.345585e-001  0.000000e+000
 9.600000e+001  8.260940e-001  0.000000e+000
 9.700000e+001  8.504195e-001  0.000000e+000
 9.800000e+001  7.544355e-001  0.000000e+000
 9.900000e+001  8.177623e-001  0.000000e+000
 1.000000e+002  7.485263e-001  0.000000e+000
 1.010000e+002  7.654899e-001  0.000000e+000
 1.020000e+002  2.442109e-001  0.000000e+000
 1.030000e+002  6.916925e-001  0.000000e+000
 1.040000e+002  6.543315e-001  0.000000e+000
 1.050000e+002  5.841646e-001  0.000000e+000
 1.060000e+002  6.696623e-001  0.000000e+000
 1.070000e+002  5.788482e-001  0.000000e+000
 1.080000e+002  3.702974e-002  0.000000e+000
 1.090000e+002  3.592008e-001  0.000000e+000
 1.100000e+002  3.666833e-001  0.000000e+000
 1.110000e+002  6.315190e-001  0.000000e+000
 1.120000e+002  6.812554e-001  0.000000e+000
 1.130000e+002  4.180646e-001  0.000000e+000
 1.140000e+002  5.609496e-001  0.000000e+000
 1.150000e+002  6.125002e-001  0.000000e+000
 1.160000e+002  5.764330e-001  0.000000e+000
 1.170000e+002  6.211584e-001  0.000000e+000
 1.180000e+002  3.512827e-001  0.000000e+000
 1.190000e+002  5.156088e-001  0.000000e+000
 1.200000e+002  2.670129e-001  0.000000e+000
 1.210000e+002  4.645556e-001  0.000000e+000
 1.220000e+002  6.093220e-001  0.000000e+000
 1.230000e+002  2.168040e-001  0.000000e+000
 1.240000e+002  4.086553e-001  0.000000e+000
 1.250000e+002  2.361357e-001  0.000000e+000
 1.260000e+002  4.399140e-003  0.000000e+000
 1.270000e+002  2.679850e-001  0.000000e+000
 1.280000e+002  3.340501e-001  0.000000e+000
 1.290000e+002  2.044335e-001  0.000000e+000
 1.300000e+002  1.177467e-001  0.000000e+000
 1.310000e+002  1.347139e-001  0.000000e+000
 1.320000e+002  2.836287e-001  0.000000e+000
 1.330000e+002  3.101965e-001  0.000000e+000
 1.340000e+002  9.733586e-002  0.000000e+000
 1.350000e+002  9.852397e-002  0.000000e+000
 1.360000e+002  3.390984e-001  0.000000e+000
 1.370000e+002  2.713080e-001  0.000000e+000
 1.380000e+002  5.030159e-002  0.000000e+000
 1.390000e+002  6.485630e-002  0.000000e+000
 1.400000e+002  2.212368e-001  0.000000e+000
 1.410000e+002  8.808008e-002  0.000000e+000
 1.420000e+002  1.491786e-001  0.000000e+000
 1.430000e+002  3.084517e-001  0.000000e+000
 1.440000e+002  3.978261e-002  0.000000e+000
 1.450000e+002  1.960186e-001  0.000000e+000
 1.460000e+002  5.199568e-002  0.000000e+000
 1.470000e+002  2.044455e-001  0.000000e+000
 1.480000e+002  3.124589e-002  0.000000e+000
 1.490000e+002  9.902750e-002  0.000000e+000
 1.500000e+002  3.257918e-002  0.000000e+000
 1.510000e+002  1.003713e-001  0.000000e+000
 1.520000e+002  8.710239e-002  0.000000e+000
 1.530000e+002  1.645648e-001  0.000000e+000
 1.540000e+002  8.469383e-002  0.000000e+000
 1.550000e+002  1.186263e-001  0.000000e+000
 1.560000e+002  1.184534e-001  0.000000e+000
 1.570000e+002  1.120546e-001  0.000000e+000
 1.580000e+002  3.722742e-002  0.000000e+000
 1.590000e+002  2.113232e-002  0.000000e+000
 1.600000e+002  2.901311e-002  0.000000e+000
 1.610000e+002  5.727568e-002  0.000000e+000
 1.620000e+002  8.884404e-002  0.000000e+000
 1.630000e+002  6.288626e-002  0.000000e+000
 1.640000e+002  8.836444e-002  0.000000e+000
 1.650000e+002  7.484926e-002  0.000000e+000
 1.660000e+002  1.360232e-001  0.000000e+000
 1.670000e+002  5.327325e-002  0.000000e+000
 1.680000e+002  1.960204e-001  0.000000e+000
 1.690000e+002  4.484293e-002  0.000000e+000
 1.700000e+002  1.806902e-001  0.000000e+000
 1.710000e+002  9.567076e-002  0.000000e+000
 1.720000e+002  6.137583e-002  0.000000e+000
 1.730000e+002  1.088919e-002  0.000000e+000
 1.740000e+002  1.224450e-002  0.000000e+000
 1.750000e+002  2.227901e-001  0.000000e+000
 1.760000e+002  1.919264e-001  0.000000e+000
 1.770000e+002  1.895148e-002  0.000000e+000
 1.780000e+002  1.439439e-001  0.000000e+000
 1.790000e+002  1.732353e-001  0.000000e+000
 1.800000e+002  4.677418e-002  0.000000e+000
 1.810000e+002  8.968636e-002  0.000000e+000
 1.820000e+002  1.967815e-002  0.000000e+000
 1.830000e+002  4.299517e-002  0.000000e+000
 1.840000e+002  1.629641e-003  0.000000e+000
 1.850000e+002  2.739955e-002  0.000000e+000
 1.860000e+002  4.451045e-002  0.000000e+000
 1.870000e+002  1.398900e-001  0.000000e+000
 1.880000e+002  2.983233e-003  0.000000e+000
 1.890000e+002  7.536826e-002  0.000000e+000
 1.900000e+002  2.432704e-001  0.000000e+000
 1.910000e+002  4.698773e-002  0.000000e+000
 1.920000e+002  1.106785e-002  0.000000e+000
 1.930000e+002  1.849123e-001  0.000000e+000
 1.940000e+002  1.568048e-001  0.000000e+000
 1.950000e+002  8.002257e-002  0.000000e+000
 1.960000e+002  4.069382e-002  0.000000e+000
 1.970000e+002  3.993239e-002  0.000000e+000
 1.980000e+002  1.380651e-001  0.000000e+000
 1.990000e+002  5.171979e-002  0.000000e+000
 2.000000e+002  9.921768e-002  0.000000e+000
 2.010000e+002  9.650765e-002  0.000000e+000
 2.020000e+002  2.529223e-002  0.000000e+000
 2.030000e+002  3.938282e-002  0.000000e+000
 2.040000e+002  1.020315e-001  0.000000e+000
 2.050000e+002  9.086425e-003  0.000000e+000
 2.060000e+002  1.975973e-002  0.000000e+000
 2.070000e+002  1.219276e-001  0.000000e+000
 2.080000e+002  2.274286e-001  0.000000e+000
 2.090000e+002  1.615764e-002  0.000000e+000
 2.100000e+002  1.606005e-001  0.000000e+000
 2.110000e+002  1.094016e-001  0.000000e+000
 2.120000e+002  3.228379e-003  0.000000e+000
 2.130000e+002  4.951280e-002  0.000000e+000
 2.140000e+002  1.995401e-001  0.000000e+000
 2.150000e+002  5.987142e-002  0.000000e+000
 2.160000e+002  1.901682e-002  0.000000e+000
 2.170000e+002  5.170762e-002  0.000000e+000
 2.180000e+002  1.361960e-001  0.000000e+000
 2.190000e+002  2.592872e-001  0.000000e+000
 2.200000e+002  1.011758e-001  0.000000e+000
 2.210000e+002  5.562713e-003  0.000000e+000
 2.220000e+002  1.945576e-002  0.000000e+000
 2.230000e+002  1.041371e-001  0.000000e+000
 2.240000e+002  7.654537e-002  0.000000e+000
 2.250000e+002  9.223159e-002  0.000000e+000
 2.260000e+002  3.379033e-003  0.000000e+000
 2.270000e+002  5.503055e-002  0.000000e+000
 2.280000e+002  2.134237e-002  0.000000e+000
 2.290000e+002  1.636031e-002  0.000000e+000
 2.300000e+002  1.128966e-001  0.000000e+000
 2.310000e+002  4.688894e-002  0.000000e+000
 2.320000e+002  6.555545e-002  0.000000e+000
 2.330000e+002  3.907837e-002  0.000000e+000
 2.340000e+002  3.591053e-004  0.000000e+000
 2.350000e+002  2.942778e-002  0.000000e+000
 2.360000e+002  1.993484e-001  0.000000e+000
 2.370000e+002  9.003950e-002  0.000000e+000
 2.380000e+002  2.300650e-001  0.000000e+000
 2.390000e+002  1.161071e-001  0.000000e+000
 2.400000e+002  4.109045e-003  0.000000e+000
 2.410000e+002  5.486155e-002  0.000000e+000
 2.420000e+002  8.332731e-002  0.000000e+000
 2.430000e+002  8.668020e-002  0.000000e+000
 2.440000e+002  8.878139e-002  0.000000e+000
 2.450000e+002  1.303893e-001  0.000000e+000
 2.460000e+002  1.028196e-001  0.000000e+000
 2.470000e+002  1.103697e-002  0.000000e+000
 2.480000e+002  1.059493e-001  0.000000e+000
 2.490000e+002  5.303585e-003  0.000000e+000
 2.500000e+002  4.248102e-003  0.000000e+000
 2.510000e+002  4.622226e-002  0.000000e+000
 2.520000e+002  2.803872e-001  0.000000e+000
 2.530000e+002  8.713797e-003  0.000000e+000
 2.540000e+002  3.907806e-002  0.000000e+000
 2.550000e+002  3.250775e-001  0.000000e+000
 2.560000e+002  1.209731e-001  0.000000e+000
 2.570000e+002  1.124510e-001  0.000000e+000
 2.580000e+002  1.635856e-001  0.000000e+000
 2.590000e+002  5.954781e-002  0.000000e+000
 2.600000e+002  9.936731e-002  0.000000e+000
 2.610000e+002  2.941653e-001  0.000000e+000
 2.620000e+002  7.061955e-002  0.000000e+000
 2.630000e+002  1.143230e-001  0.000000e+000
 2.640000e+002  1.392040e-001  0.000000e+000
 2.650000e+002  2.612315e-001  0.000000e+000
 2.660000e+002  3.443826e-003  0.000000e+000
 2.670000e+002  2.267312e-001  0.000000e+000
 2.680000e+002  3.647142e-002  0.000000e+000
 2.690000e+002  3.338453e-003  0.000000e+000
 2.700000e+002  5.059316e-002  0.000000e+000
 2.710000e+002  1.628630e-002  0.000000e+000
 2.720000e+002  7.143036e-003  0.000000e+000
 2.730000e+002  3.208919e-001  0.000000e+000
 2.740000e+002  3.156678e-001  0.000000e+000
 2.750000e+002  1.501589e-001  0.000000e+000
 2.760000e+002  2.314350e-001  0.000000e+000
 2.770000e+002  2.405210e-001  0.000000e+000
 2.780000e+002  2.328088e-001  0.000000e+000
 2.790000e+002  1.983105e-001  0.000000e+000
 2.800000e+002  1.874155e-001  0.000000e+000
 2.810000e+002  2.196005e-001  0.000000e+000
 2.820000e+002  3.649804e-002  0.000000e+000
 2.830000e+002  1.601763e-001  0.000000e+000
 2.840000e+002  4.634377e-002  0.000000e+000
 2.850000e+002  6.600408e-002  0.000000e+000
 2.860000e+002  6.477830e-002  0.000000e+000
 2.870000e+002  2.468786e-002  0.000000e+000
 2.880000e+002  1.140350e-003  0.000000e+000
 2.890000e+002  1.855028e-002  0.000000e+000
 2.900000e+002  4.349689e-003  0.000000e+000
 2.910000e+002  2.833839e-002  0.000000e+000
 2.920000e+002  5.328727e-002  0.000000e+000
 2.930000e+002  2.466048e-001  0.000000e+000
 2.940000e+002  6.036309e-002  0.000000e+000
 2.950000e+002  7.481230e-003  0.000000e+000
 2.960000e+002  3.631339e-002  0.000000e+000
 2.970000e+002  9.763575e-003  0.000000e+000
 2.980000e+002  5.457509e-002  0.000000e+000
 2.990000e+002  2.849938e-002  0.000000e+000
 3.000000e+002  6.262319e-002  0.000000e+000
 3.010000e+002  7.916006e-002  0.000000e+000
 3.020000e+002  1.814977e-001  0.000000e+000
 3.030000e+002  2.268996e-001  0.000000e+000
 3.040000e+002  1.211320e-001  0.000000e+000
 3.050000e+002  3.261430e-001  0.000000e+000
 3.060000e+002  6.973786e-003  0.000000e+000
 3.070000e+002  8.648884e-002  0.000000e+000
 3.080000e+002  2.466823e-001  0.000000e+000
 3.090000e+002  1.341529e-001  0.000000e+000
 3.100000e+002  6.492972e-003  0.000000e+000
 3.110000e+002  6.533477e-002  0.000000e+000
 3.120000e+002  3.754820e-003  0.000000e+000
 3.130000e+002  2.555094e-002  0.000000e+000
 3.140000e+002  2.888829e-002  0.000000e+000
 3.150000e+002  4.348335e-002  0.000000e+000
 3.160000e+002  5.368860e-002  0.000000e+000
 3.170000e+002  2.521716e-003  0.000000e+000
 3.180000e+002  3.670152e-002  0.000000e+000
 3.190000e+002  3.278368e-002  0.000000e+000
 3.200000e+002  2.529022e-002  0.000000e+000
 3.210000e+002  1.854849e-002  0.000000e+000
 3.220000e+002  5.258932e-002  0.000000e+000
 3.230000e+002  3.144057e-002  0.000000e+000
 3.240000e+002  1.735981e-002  0.000000e+000
 3.250000e+002  1.871895e-001  0.000000e+000
 3.260000e+002  6.750499e-003  0.000000e+000
 3.270000e+002  4.812366e-002  0.000000e+000
 3.280000e+002  7.746734e-002  0.000000e+000
 3.290000e+002  6.064248e-002  0.000000e+000
 3.300000e+002  1.310205e-001  0.000000e+000
 3.310000e+002  1.072461e-001  0.000000e+000
 3.320000e+002  6.427798e-002  0.000000e+000
 3.330000e+002  1.113639e-001  0.000000e+000
 3.340000e+002  3.195977e-002  0.000000e+000
 3.350000e+002  1.100724e-001  0.000000e+000
 3.360000e+002  3.781448e-003  0.000000e+000
 3.370000e+002  2.185161e-002  0.000000e+000
 3.380000e+002  5.705708e-002  0.000000e+000
 3.390000e+002  3.893318e-003  0.000000e+000
 3.400000e+002  4.148759e-002  0.000000e+000
 3.410000e+002  1.647631e-002  0.000000e+000
 3.420000e+002  4.552107e-002  0.000000e+000
 3.430000e+002  6.054758e-003  0.000000e+000
 3.440000e+002  5.500658e-002  0.000000e+000
 3.450000e+002  1.112806e-001  0.000000e+000
 3.460000e+002  4.942448e-003  0.000000e+000
 3.470000e+002  3.367571e-002  0.000000e+000
 3.480000e+002  2.599474e-002  0.000000e+000
 3.490000e+002  5.378511e-003  0.000000e+000
 3.500000e+002  1.155174e-001  0.000000e+000
 3.510000e+002  5.479558e-002  0.000000e+000
 3.520000e+002  2.497622e-002  0.000000e+000
 3.530000e+002  1.116786e-001  0.000000e+000
 3.540000e+002  2.493811e-001  0.000000e+000
 3.550000e+002  1.631827e-002  0.000000e+000
 3.560000e+002  9.664542e-002  0.000000e+000
 3.570000e+002  8.892711e-002  0.000000e+000
 3.580000e+002  3.056216e-002  0.000000e+000
 3.590000e+002  1.005377e-001  0.000000e+000
 3.600000e+002  3.676863e-003  0.000000e+000
 3.610000e+002  1.966492e-001  0.000000e+000
 3.620000e+002  1.396299e-002  0.000000e+000
 3.630000e+002  6.412219e-002  0.000000e+000
 3.640000e+002  1.660411e-002  0.000000e+000
 3.650000e+002  8.938809e-002  0.000000e+000
 3.660000e+002  3.328278e-002  0.000000e+000
 3.670000e+002  8.039033e-002  0.000000e+000
 3.680000e+002  1.175084e-001  0.000000e+000
 3.690000e+002  1.827737e-001  0.000000e+000
 3.700000e+002  4.049389e-002  0.000000e+000
 3.710000e+002  1.137026e-001  0.000000e+000
 3.720000e+002  2.570160e-003  0.000000e+000
 3.730000e+002  1.390381e-001  0.000000e+000
 3.740000e+002  1.639254e-002  0.000000e+000
 3.750000e+002  1.078175e-001  0.000000e+000
 3.760000e+002  9.218246e-002  0.000000e+000
 3.770000e+002  1.318381e-002  0.000000e+000
 3.780000e+002  1.038810e-001  0.000000e+000
 3.790000e+002  3.483337e-002  0.000000e+000
 3.800000e+002  1.249443e-001  0.000000e+000
 3.810000e+002  2.118307e-001  0.000000e+000
 3.820000e+002  1.895577e-001  0.000000e+000
 3.830000e+002  7.022765e-002  0.000000e+000
 3.840000e+002  1.638907e-001  0.000000e+000
 3.850000e+002  2.331362e-002  0.000000e+000
 3.860000e+002  4.053790e-002  0.000000e+000
 3.870000e+002  1.603419e-001  0.000000e+000
 3.880000e+002  7.289328e-002  0.000000e+000
 3.890000e+002  2.797758e-002  0.000000e+000
 3.900000e+002  8.211537e-002  0.000000e+000
 3.910000e+002  9.860028e-003  0.000000e+000
 3.920000e+002  3.805361e-002  0.000000e+000
 3.930000e+002  1.709809e-002  0.000000e+000
 3.940000e+002  1.957222e-001  0.000000e+000
 3.950000e+002  8.612607e-002  0.000000e+000
 3.960000e+002  1.432556e-001  0.000000e+000
 3.970000e+002  1.633217e-001  0.000000e+000
 3.980000e+002  1.158444e-002  0.000000e+000
 3.990000e+002  6.886368e-002  0.000000e+000
 4.000000e+002  1.281962e-001  0.000000e+000
 4.010000e+002  1.210167e-002  0.000000e+000
 4.020000e+002  3.570440e-002  0.000000e+000
 4.030000e+002  6.104902e-003  0.000000e+000
 4.040000e+002  6.506913e-002  0.000000e+000
 4.050000e+002  3.783278e-002  0.000000e+000
 4.060000e+002  3.275426e-002  0.000000e+000
 4.070000e+002  7.663073e-002  0.000000e+000
 4.080000e+002  2.379143e-002  0.000000e+000
 4.090000e+002  1.433816e-001  0.000000e+000
 4.100000e+002  1.861100e-001  0.000000e+000
 4.110000e+002  1.005165e-001  0.000000e+000
 4.120000e+002  1.833099e-001  0.000000e+000
 4.130000e+002  1.634366e-001  0.000000e+000
 4.140000e+002  1.925967e-001  0.000000e+000
 4.150000e+002  1.669052e-001  0.000000e+000
 4.160000e+002  1.868027e-002  0.000000e+000
 4.170000e+002  2.191571e-002  0.000000e+000
 4.180000e+002  1.591447e-003  0.000000e+000
 4.190000e+002  1.208872e-001  0.000000e+000
 4.200000e+002  9.861773e-002  0.000000e+000
 4.210000e+002  6.523726e-002  0.000000e+000
 4.220000e+002  3.505533e-002  0.000000e+000
 4.230000e+002  2.653231e-002  0.000000e+000
 4.240000e+002  2.119039e-003  0.000000e+000
 4.250000e+002  1.010086e-001  0.000000e+000
 4.260000e+002  2.977773e-002  0.000000e+000
 4.270000e+002  5.802196e-002  0.000000e+000
 4.280000e+002  1.337872e-001  0.000000e+000
 4.290000e+002  2.330230e-002  0.000000e+000
 4.300000e+002  1.606308e-001  0.000000e+000
 4.310000e+002  4.343878e-002  0.000000e+000
 4.320000e+002  8.723748e-002  0.000000e+000
 4.330000e+002  7.837419e-002  0.000000e+000
 4.340000e+002  6.087897e-002  0.000000e+000
 4.350000e+002  1.461669e-002  0.000000e+000
 4.360000e+002  5.863504e-002  0.000000e+000
 4.370000e+002  9.722251e-002  0.000000e+000
 4.380000e+002  1.334738e-001  0.000000e+000
 4.390000e+002  1.081169e-001  0.000000e+000
 4.400000e+002  5.220084e-002  0.000000e+000
 4.410000e+002  5.308104e-002  0.000000e+000
 4.420000e+002  4.491290e-003  0.000000e+000
 4.430000e+002  7.702063e-002  0.000000e+000
 4.440000e+002  3.689713e-003  0.000000e+000
 4.450000e+002  4.059216e-002  0.000000e+000
 4.460000e+002  1.538266e-003  0.000000e+000
 4.470000e+002  5.157166e-002  0.000000e+000
 4.480000e+002  2.285092e-002  0.000000e+000
 4.490000e+002  2.347654e-003  0.000000e+000
 4.500000e+002  1.358368e-003  0.000000e+000
 4.510000e+002  3.002494e-003  0.000000e+000
 4.520000e+002  2.871007e-002  0.000000e+000
 4.530000e+002  5.714136e-002  0.000000e+000
 4.540000e+002  1.570813e-001  0.000000e+000
 4.550000e+002  6.891743e-003  0.000000e+000
 4.560000e+002  3.016517e-002  0.000000e+000
 4.570000e+002  1.065576e-002  0.000000e+000
 4.580000e+002  1.761744e-002  0.000000e+000
 4.590000e+002  2.005109e-002  0.000000e+000
 4.600000e+002  3.686583e-002  0.000000e+000
 4.610000e+002  3.678750e-002  0.000000e+000
 4.620000e+002  1.470518e-002  0.000000e+000
 4.630000e+002  9.603284e-002  0.000000e+000
 4.640000e+002  4.173433e-002  0.000000e+000
 4.650000e+002  4.182310e-002  0.000000e+000
 4.660000e+002  9.073531e-002  0.000000e+000
 4.670000e+002  1.246303e-001  0.000000e+000
 4.680000e+002  1.464918e-001  0.000000e+000
 4.690000e+002  1.195250e-001  0.000000e+000
 4.700000e+002  3.588904e-002  0.000000e+000
 4.710000e+002  4.703932e-002  0.000000e+000
 4.720000e+002  7.930603e-002  0.000000e+000
 4.730000e+002  1.387553e-001  0.000000e+000
 4.740000e+002  8.978358e-002  0.000000e+000
 4.750000e+002  1.521875e-002  0.000000e+000
 4.760000e+002  1.205285e-002  0.000000e+000
 4.770000e+002  7.792956e-002  0.000000e+000
 4.780000e+002  3.846012e-002  0.000000e+000
 4.790000e+002  1.859913e-001  0.000000e+000
 4.800000e+002  2.561818e-003  0.000000e+000
 4.810000e+002  1.719853e-002  0.000000e+000
 4.820000e+002  2.176651e-002  0.000000e+000
 4.830000e+002  5.085601e-002  0.000000e+000
 4.840000e+002  7.180037e-002  0.000000e+000
 4.850000e+002  1.265586e-002  0.000000e+000
 4.860000e+002  7.163687e-002  0.000000e+000
 4.870000e+002  3.890119e-003  0.000000e+000
 4.880000e+002  8.350663e-002  0.000000e+000
 4.890000e+002  4.429657e-002  0.000000e+000
 4.900000e+002  8.060163e-002  0.000000e+000
 4.910000e+002  3.731007e-002  0.000000e+000
 4.920000e+002  2.000615e-002  0.000000e+000
 4.930000e+002  1.195545e-001  0.000000e+000
 4.940000e+002  5.974464e-002  0.000000e+000
 4.950000e+002  1.740996e-002  0.000000e+000
 4.960000e+002  1.002433e-001  0.000000e+000
 4.970000e+002  1.821159e-003  0.000000e+000
 4.980000e+002  1.111793e-001  0.000000e+000
 4.990000e+002  1.503975e-002  0.000000e+000
 5.000000e+002  5.011121e-003  0.000000e+000
 5.010000e+002  1.515878e-001  0.000000e+000
 5.020000e+002  3.852337e-003  0.000000e+000
 5.030000e+002  2.572741e-002  0.000000e+000
 5.040000e+002  1.023067e-002  0.000000e+000
 5.050000e+002  1.728412e-002  0.000000e+000
 5.060000e+002  1.089824e-002  0.000000e+000
 5.070000e+002  4.042223e-002  0.000000e+000
 5.080000e+002  2.806966e-002  0.000000e+000
 5.090000e+002  5.363317e-002  0.000000e+000
 5.100000e+002  1.132640e-002  0.000000e+000
 5.110000e+002  1.496419e-002  0.000000e+000
 5.120000e+002  1.557961e-001  0.000000e+000
